48001 21450 70000 10226 20181 40087 72095 84950 333 56670 58010=
48004 31458 63201 10285 20215 70152 86900 333 56500=
48008 31456 52305 10324 20184 40055 71795 82970 333 56560 59022=
48010 32560 31801 10335 20225 40046 82830 333 56550 59026=
48018 32560 42201 10345 20184 40056 70222 82870 333 56550 59014=
48019 32456 42301 10338 20225 40075 84800 333 56500 59005=
48020 NIL=
48025 31440 62202 10385 20150 40059 70444 84840 333 56550 59012=
48030 32256 63203 10209 20072 84950 333 56760=
48031 31250 31401 10240 20066 70511 82800 333 56900=
48033 32563 21801 10350 20202 40064 82500 333 56900 58022=
48034 32457 32301 10280 20073 82800 333 56500=
48035 31552 43205 10317 20066 40020 70511 83901 333 56609 58003=
48037 32660 23601 10350 20182 40056 80006 333 56009 58012=
48039 32459 61401 10365 20156 83802 333 56505=
48042 32557 51802 10370 20171 40054 81202 333 56909 58003=
48043 32057 43206 10280 20126 80006 333 56009 =
48045 32562 61804 10289 20060 86300 333 56500=
48048 32560 62201 10385 20159 40058 84850 333 56440 58008=
48051 32558 43601 10334 20240 70211 84800 333 56600=
48052 32468 30401 10415 20161 83800 333 56900=
48053 32556 51802 10370 20274 40060 85800 333 56500 58007=
48055 32556 52706 10317 20118 40024 83500 333 56500 58007=
48057 32458 42203 10276 20146 83801 333 56509=
48060 32450 42203 10325 20157 40029 70322 84800 333 56500 58009=
48062 32558 22706 10315 20280 40093 70122 82800 333 56900 59003=
48064 32970 11401 10400 20230 40037 80001 333 56009 59000=
48065 32970 20402 10403 20145 80006 333 56009=
48071 32460 23203 10328 20244 40099 82800 333 56900 59007=
48072 32460 12704 10330 20275 81200 333 56900=
48074 32461 43202 10370 20190 40075 84301 333 56609 58017=
48075 31457 42301 10315 20145 40048 70522 82221 333 56599 59008=
48077 32559 60000 10350 20202 40062 85901 333 56909 59005=
48078 32556 60901 10347 20193 40072 84831 333 56699 58015=
48080 32459 42211 10330 20234 40084 82830 333 56690 59002=
48085 32458 23207 10322 20236 40093 81206 333 56809 59001=
48087 NIL=
48092 32556 12703 10380 20187 40054 81500 333 56900 59002=
48093 NIL=
48094 32460 23203 10345 20240 40092 82500 333 56900 58003=
48095 32960 02202 10375 20207=
48097 32557 42301 10370 20190 40092 82506 333 56909 58003=
48099 32960 02302 10372 20148 40073 333 59003=
48101 32661 23202 10352 20219 81101 333 56409=
48103 32457 32201 10370 20171 40079 82800 333 56500 59004=
48107 32350 22702 10332 20234 40087 82900 333 56500 58002=
48108 32596 53208 10350 20237 40089 83306 333 56609 58002=
48109 NIL=
48110 31596 53204 10340 20257 40089 70522 83306 333 56909 58000=
48112 NIL=  