01-APR-2015 12 48001 2 1 4 40 8 00 00 10 220 20 185 3 0000 4 0088 5 0000 6 000 0 7 05 2 2 8 6 7 2 / 333 10 230 58 009 6 001 2 7 0000 
01-APR-2015 12 48008 2 1 4 50 8 32 02 10 278 20 159 3 0000 4 0056 5 0000 6 000 0 7 95 9 5 8 5 9 7 / 333 10 328 59 015 6 990 2 7 0000 
01-APR-2015 12 48010 3 2 5 56 4 00 00 10 305 20 207 3 0000 4 0036 5 0000 6 000 0 7 00 0 0 8 0 0 3 1 333 10 338 59 028 6 000 2 7 0000 
01-APR-2015 12 48018 3 1 5 56 6 14 01 10 320 20 200 3 0000 4 0060 5 0000 6 000 0 7 10 4 4 8 3 8 7 0 333 10 350 59 026 6 000 2 7 0000 
01-APR-2015 12 48019 3 2 5 40 4 00 00 10 313 20 225 3 0000 4 0043 5 0000 6 000 0 7 00 0 0 8 2 8 4 5 333 10 338 59 019 6 000 2 7 0000 
01-APR-2015 12 48025 3 1 4 40 7 00 00 10 356 20 177 3 0000 4 0042 5 0000 6 000 0 7 04 4 4 8 5 3 4 0 333 10 388 59 022 6 000 2 7 0000 
01-APR-2015 12 48033 3 2 9 62 4 00 00 10 340 20 225 3 0000 4 0050 5 0000 6 000 0 7 00 0 0 8 0 0 0 6 333 10 360 59 011 6 000 2 7 0000 
01-APR-2015 12 48035 3 1 5 56 3 22 03 10 282 20 043 3 0000 4 0018 5 0000 6 000 0 7 05 1 1 8 3 8 0 0 333 10 328 59 011 6 000 2 7 0000 
01-APR-2015 12 48037 3 2 5 50 4 00 00 10 332 20 212 3 0000 4 0031 5 0000 6 000 0 7 00 0 0 8 2 1 0 2 333 10 357 59 037 6 000 2 7 0000 
01-APR-2015 12 48042 3 2 5 57 3 04 01 10 350 20 202 3 0000 4 0045 5 0000 6 000 0 7 00 0 0 8 1 2 5 2 333 10 385 58 000 6 000 2 7 0000 
01-APR-2015 12 48048 3 2 5 50 2 22 01 10 370 20 190 3 0000 4 0038 5 0000 6 000 0 7 00 0 0 8 2 8 0 0 333 10 390 59 002 6 000 2 7 0000 
01-APR-2015 12 48052 3 2 4 58 5 04 03 10 370 20 148 3 0000 4 0000 5 0000 6 000 0 7 00 0 0 8 5 9 0 0 333 10 415 58 000 6 000 0 7 0000 
01-APR-2015 12 48053 3 2 5 50 4 27 02 10 350 20 182 3 0000 4 0040 5 0000 6 000 0 7 00 0 0 8 2 8 5 6 333 10 375 59 002 6 000 2 7 0000 
01-APR-2015 12 48055 3 2 5 56 5 00 00 10 292 20 127 3 0000 4 0026 5 0000 6 000 0 7 00 0 0 8 3 8 0 6 333 10 322 59 010 6 000 2 7 0000 
01-APR-2015 12 48060 3 2 9 30 2 00 00 10 285 20 143 3 0000 4 0048 5 0000 6 000 0 7 00 0 0 8 0 0 3 2 333 10 330 58 005 6 000 2 7 0000 
01-APR-2015 12 48062 3 2 5 56 4 27 05 10 295 20 270 3 0000 4 0082 5 0000 6 000 0 7 00 0 0 8 2 8 3 2 333 10 322 59 011 6 000 2 7 0000 
01-APR-2015 12 48064 3 2 9 50 1 14 01 10 360 20 235 3 0000 4 0042 5 0000 6 000 0 7 00 0 0 8 0 0 0 1 333 10 407 59 001 6 000 2 7 0000 
01-APR-2015 12 48071 3 2 4 56 3 27 03 10 300 20 239 3 0000 4 0086 5 0000 6 000 0 7 00 0 0 8 2 2 0 1 333 10 330 59 012 6 000 2 7 0000 
01-APR-2015 12 48072 3 2 4 56 2 27 02 10 290 20 248 3 0000 4 0000 5 0000 6 000 0 7 03 2 2 8 2 3 0 0 333 10 335 58 000 6 000 0 7 0000 
01-APR-2015 12 48074 3 2 4 58 4 00 00 10 253 20 219 3 0000 4 0051 5 0000 6 000 0 7 00 0 0 8 2 5 0 2 333 10 380 59 016 6 000 2 7 0000 
01-APR-2015 12 48075 3 1 4 56 2 27 01 10 270 20 170 3 0000 4 0069 5 0000 6 000 0 7 05 1 1 8 1 1 0 1 333 10 315 59 002 6 000 2 7 0000 
01-APR-2015 12 48077 3 2 5 56 6 23 03 10 340 20 184 3 0000 4 0042 5 0000 6 000 0 7 00 0 0 8 5 9 0 1 333 10 364 59 021 6 000 2 7 0000 
01-APR-2015 12 48078 3 2 5 50 5 09 01 10 343 20 212 3 0000 4 0061 5 0000 6 000 0 7 00 0 0 8 2 2 0 2 333 10 358 59 007 6 000 2 7 0000 
01-APR-2015 12 48080 3 2 4 57 6 22 02 10 290 20 259 3 0000 4 0093 5 0000 6 000 0 7 00 0 0 8 3 8 7 6 333 10 342 58 000 6 000 2 7 0000 
01-APR-2015 12 48085 3 2 4 56 3 32 05 10 288 20 230 3 0000 4 0085 5 0000 6 000 0 7 00 0 0 8 1 1 0 6 333 10 326 59 007 6 000 2 7 0000 
01-APR-2015 12 48092 3 1 5 56 3 23 05 10 340 20 174 3 0000 4 0052 5 0000 6 000 0 7 05 1 1 8 0 0 0 5 333 10 386 59 001 6 000 2 7 0000 
01-APR-2015 12 48094 3 2 4 56 2 32 02 10 300 20 240 3 0000 4 0090 5 0000 6 000 0 7 00 0 0 8 1 5 0 1 333 10 360 59 001 6 000 2 7 0000 
01-APR-2015 12 48097 3 2 5 57 4 23 01 10 335 20 168 3 0000 4 0088 5 0000 6 000 0 7 02 1 1 8 2 5 0 6 333 10 372 59 009 6 000 2 7 0000 
01-APR-2015 12 48099 3 2 4 56 3 23 01 10 320 20 200 3 0000 4 0066 5 0000 6 000 0 7 00 0 0 8 2 8 0 1 333 10 376 59 005 6 000 2 7 0000 
01-APR-2015 12 48103 3 2 4 40 2 22 01 10 315 20 200 3 0000 4 0077 5 0000 6 000 0 7 00 0 0 8 2 8 0 0 333 10 378 59 002 6 000 2 7 0000 
01-APR-2015 12 48107 3 2 3 40 6 00 00 10 300 20 185 3 0000 4 0086 5 0000 6 000 0 7 00 0 0 8 4 9 0 6 333 10 360 59 003 6 000 2 7 0000 
01-APR-2015 12 48108 3 2 5 96 5 32 01 10 310 20 225 3 0000 4 0092 5 0000 6 000 0 7 00 0 0 8 3 3 0 6 333 10 365 58 005 6 000 2 7 0000 
01-APR-2015 12 48109 3 2 5 97 2 00 00 10 313 20 254 3 0000 4 0105 5 0000 6 000 0 7 00 0 0 8 2 0 0 6 333 10 350 59 001 6 000 2 7 0000 
01-APR-2015 12 48110 3 1 5 96 6 32 04 10 305 20 260 3 0000 4 0086 5 0000 6 000 0 7 05 2 2 8 2 3 0 6 333 10 345 59 001 6 000 2 7 0000 
01-APR-2015 12 48112 2 1 4 96 8 27 01 10 245 20 245 3 0000 4 0101 5 0000 6 000 0 7 95 9 6 8 8 9 / / 333 10 373 58 020 6 074 2 7 0000 
