01-AUG-2015 09 48001 3 2 5 57 4 09 01 10 336 20 240 3 0000 4 0018 5 0000 6 000 0 7 00 0 0 8 2 3 0 5 333 10 /// 59 013 6 000 0 7 0000 
01-AUG-2015 09 48004 3 2 4 60 5 04 01 10 300 20 253 3 0000 4 0000 5 0000 6 000 0 7 00 0 0 8 5 9 0 0 333 10 /// 58 000 6 000 0 7 0000 
01-AUG-2015 09 48008 3 2 4 57 7 23 01 10 307 20 254 3 0000 4 0045 5 0000 6 000 0 7 00 0 0 8 4 9 7 0 333 10 /// 58 006 6 000 0 7 0000 
01-AUG-2015 09 48010 2 2 5 58 7 00 00 10 265 20 246 3 0000 4 0054 5 0000 6 000 0 7 00 0 0 8 5 8 3 0 333 10 /// 58 011 6 000 0 7 0000 
01-AUG-2015 09 48018 3 1 5 58 8 23 01 10 315 20 254 3 0000 4 0046 5 0000 6 000 0 7 00 0 0 8 4 8 7 / 333 10 /// 58 012 6 000 0 7 0000 
01-AUG-2015 09 48019 3 2 4 57 8 00 00 10 288 20 259 3 0000 4 0051 5 0000 6 000 0 7 00 0 0 8 5 7 7 / 333 10 /// 58 019 6 000 0 7 0000 
01-AUG-2015 09 48020 3 2 2 56 8 36 02 10 290 20 248 3 0000 4 0000 5 0000 6 000 0 7 00 0 0 8 8 7 0 0 333 10 /// 58 000 6 000 0 7 0000 
01-AUG-2015 09 48025 2 2 3 40 7 14 01 10 275 20 240 3 0000 4 0051 5 0000 6 000 0 7 00 0 0 8 4 7 7 0 333 10 /// 58 035 6 000 0 7 0000 
01-AUG-2015 09 48033 3 2 5 63 6 18 01 10 310 20 254 3 0000 4 0037 5 0000 6 000 0 7 00 0 0 8 6 9 0 0 333 10 /// 58 013 6 000 0 7 0000 
01-AUG-2015 09 48034 3 2 4 56 7 23 01 10 285 20 215 3 0000 4 0000 5 0000 6 000 0 7 00 0 0 8 7 3 0 0 333 10 /// 58 000 6 000 0 7 0000 
01-AUG-2015 09 48035 3 2 5 60 7 18 02 10 297 20 207 3 0000 4 0018 5 0000 6 000 0 7 00 0 0 8 5 9 6 0 333 10 /// 59 019 6 000 0 7 0000 
01-AUG-2015 09 48037 3 2 5 60 7 18 01 10 319 20 265 3 0000 4 0040 5 0000 6 000 0 7 00 0 0 8 4 3 3 6 333 10 /// 58 010 6 000 0 7 0000 
01-AUG-2015 09 48039 3 2 4 60 7 14 02 10 325 20 236 3 0000 4 0000 5 0000 6 000 0 7 00 0 0 8 4 8 6 0 333 10 /// 58 000 6 000 0 7 0000 
01-AUG-2015 09 48042 3 2 5 59 7 18 05 10 340 20 240 3 0000 4 0035 5 0000 6 000 0 7 00 0 0 8 4 8 5 2 333 10 /// 58 010 6 000 0 7 0000 
01-AUG-2015 09 48043 2 2 5 56 5 23 05 10 240 20 226 3 0000 4 0000 5 0000 6 000 0 7 00 0 0 8 5 2 0 0 333 10 /// 58 000 6 000 0 7 0000 
01-AUG-2015 09 48045 2 1 1 40 8 14 02 10 210 20 195 3 0000 4 0000 5 0000 6 000 0 7 21 6 4 8 8 6 / / 333 10 /// 58 000 6 000 0 7 0000 
01-AUG-2015 09 48048 3 2 5 60 7 18 02 10 325 20 248 3 0000 4 0042 5 0000 6 000 0 7 00 0 0 8 5 9 5 0 333 10 /// 58 022 6 000 0 7 0000 
01-AUG-2015 09 48052 3 2 4 65 8 13 02 10 306 20 254 3 0000 4 0000 5 0000 6 000 0 7 00 0 0 8 6 9 3 0 333 10 /// 58 000 6 000 0 7 0000 
01-AUG-2015 09 48053 3 2 4 56 6 18 03 10 320 20 248 3 0000 4 0042 5 0000 6 000 0 7 00 0 0 8 3 8 5 6 333 10 /// 58 014 6 000 0 7 0000 
01-AUG-2015 09 48055 2 2 4 56 7 23 02 10 268 20 226 3 0000 4 0042 5 0000 6 000 0 7 02 6 6 8 5 3 0 1 333 10 /// 59 009 6 000 0 7 0000 
01-AUG-2015 09 48057 2 2 4 58 6 22 03 10 230 20 181 3 0000 4 0000 5 0000 6 000 0 7 00 0 0 8 4 9 3 1 333 10 /// 58 000 6 000 0 7 0000 
01-AUG-2015 09 48060 3 2 4 50 6 22 03 10 298 20 185 3 0000 4 0031 5 0000 6 000 0 7 00 0 0 8 3 9 7 0 333 10 /// 59 017 6 000 0 7 0000 
01-AUG-2015 09 48062 2 1 3 56 8 13 02 10 275 20 270 3 0000 4 0051 5 0000 6 000 0 7 02 5 5 8 6 9 2 0 333 10 /// 58 032 6 000 0 7 0000 
01-AUG-2015 09 48064 3 2 5 60 6 14 01 10 296 20 266 3 0000 4 0037 5 0000 6 000 0 7 00 0 0 8 4 8 3 1 333 10 /// 58 020 6 000 0 7 0000 
01-AUG-2015 09 48065 3 2 5 58 6 22 02 10 302 20 266 3 0000 4 0000 5 0000 6 000 0 7 00 0 0 8 4 5 7 0 333 10 /// 58 000 6 000 0 7 0000 
01-AUG-2015 09 48071 2 1 4 58 8 23 04 10 278 20 274 3 0000 4 0063 5 0000 6 000 0 7 21 6 2 8 6 9 2 / 333 10 /// 58 022 6 000 0 7 0000 
01-AUG-2015 09 48072 2 1 4 60 8 18 02 10 290 20 248 3 0000 4 0000 5 0000 6 000 0 7 50 5 5 8 6 9 7 0 333 10 /// 58 000 6 000 0 7 0000 
01-AUG-2015 09 48074 2 1 2 56 8 14 07 10 240 20 240 3 0000 4 0089 5 0000 6 000 0 7 17 9 6 8 6 9 2 / 333 10 /// 58 030 6 000 0 7 0000 
01-AUG-2015 09 48075 3 2 4 57 6 14 01 10 280 20 220 3 0000 4 0062 5 0000 6 000 0 7 00 0 0 8 4 8 7 0 333 10 /// 59 014 6 000 0 7 0000 
01-AUG-2015 09 48077 2 2 5 59 8 23 02 10 270 20 256 3 0000 4 0060 5 0000 6 000 0 7 00 0 0 8 5 9 7 0 333 10 /// 58 020 6 000 0 7 0000 
01-AUG-2015 09 48078 2 1 5 56 8 18 01 10 263 20 258 3 0000 4 0084 5 0000 6 000 0 7 17 9 6 8 5 9 7 / 333 10 /// 58 018 6 000 0 7 0000 
01-AUG-2015 09 48080 2 1 4 59 8 13 05 10 260 20 246 3 0000 4 0065 5 0000 6 000 0 7 51 9 6 8 5 9 7 0 333 10 /// 58 018 6 000 0 7 0000 
01-AUG-2015 09 48085 2 2 3 57 8 18 02 10 270 20 256 3 0000 4 0072 5 0000 6 000 0 7 00 0 0 8 6 9 2 0 333 10 /// 58 018 6 000 0 7 0000 
01-AUG-2015 09 48087 2 1 4 56 8 23 01 10 266 20 256 3 0000 4 0000 5 0000 6 000 0 7 50 5 5 8 5 9 7 / 333 10 /// 58 000 6 000 0 7 0000 
01-AUG-2015 09 48092 2 1 4 56 8 23 05 10 275 20 253 3 0000 4 0066 5 0000 6 000 0 7 50 6 6 8 6 9 7 / 333 10 /// 58 006 6 000 0 7 0000 
01-AUG-2015 09 48093 2 1 5 56 8 23 01 10 276 20 268 3 0000 4 0000 5 0000 6 000 0 7 02 5 5 8 6 3 2 / 333 10 /// 58 000 6 000 0 7 0000 
01-AUG-2015 09 48094 2 1 4 58 8 22 01 10 270 20 260 3 0000 4 0074 5 0000 6 000 0 7 60 6 5 8 6 9 2 0 333 10 /// 58 011 6 000 0 7 0000 
01-AUG-2015 09 48095 2 1 4 58 8 00 00 10 255 20 255 3 0000 4 0000 5 0000 6 000 0 7 63 5 5 8 4 9 7 0 333 10 /// 58 000 6 000 0 7 0000 
01-AUG-2015 09 48097 2 1 5 57 8 24 02 10 255 20 248 3 0000 4 0088 5 0000 6 000 0 7 95 6 6 8 6 9 7 / 333 10 /// 58 008 6 000 0 7 0000 
01-AUG-2015 09 48099 2 1 4 56 7 23 03 10 292 20 259 3 0000 4 0074 5 0000 6 000 0 7 01 6 5 8 5 9 3 0 333 10 /// 59 011 6 000 0 7 0000 
01-AUG-2015 09 48101 3 1 4 58 8 00 00 10 294 20 259 3 0000 4 0000 5 0000 6 000 0 7 03 9 2 8 5 9 7 / 333 10 /// 58 000 6 000 0 7 0000 
01-AUG-2015 09 48103 2 1 4 50 8 22 02 10 272 20 256 3 0000 4 0080 5 0000 6 000 0 7 02 5 5 8 5 7 7 / 333 10 /// 59 003 6 000 0 7 0000 
01-AUG-2015 09 48107 2 1 3 50 5 23 02 10 308 20 254 3 0000 4 0084 5 0000 6 000 0 7 01 6 6 8 3 9 7 0 333 10 /// 59 003 6 000 0 7 0000 
01-AUG-2015 09 48108 2 1 4 94 8 23 05 10 265 20 251 3 0000 4 0100 5 0000 6 000 0 7 51 6 5 8 5 3 7 / 333 10 /// 58 000 6 000 0 7 0000 
01-AUG-2015 09 48110 2 1 4 96 8 23 01 10 270 20 256 3 0000 4 0106 5 0000 6 000 0 7 51 9 9 8 6 3 2 / 333 10 /// 58 004 6 000 0 7 0000 
01-AUG-2015 09 48112 2 2 5 97 8 32 01 10 290 20 248 3 0000 4 0108 5 0000 6 000 0 7 00 0 0 8 3 8 7 6 333 10 /// 58 008 6 000 0 7 0000 
