010900 48001 32557 40901 10336 20240 40018 82305 333 56609 59013=
010900 48004 32460 50401 10300 20253 85900 333 56500=
010900 48008 32457 72301 10307 20254 40045 84970 333 56450 58006=
010900 48010 22558 70000 10265 20246 40054 85830 333 56440 58011=
010900 48018 31558 82301 10315 20254 40046 8487/ 333 56559 58012=
010900 48019 32457 80000 10288 20259 40051 8577/ 333 56599 58019=
010900 48020 32256 83602 10290 20248 88700 333 56300=
010900 48025 22340 71401 10275 20240 40051 84770 333 56559 58035=
010900 48035 32560 71802 10297 20207 40018 85960 333 56450 59019=
010900 48037 32560 71801 10319 20265 40040 84336 333 56549 58010=
010900 48042 32559 71805 10340 20240 40035 84852 333 56449 58010=
010900 48045 21140 81402 10210 20195 72164 886// 333 56599=
010900 48048 32560 71802 10325 20248 40042 85950 333 56490 58022=
010900 48053 32456 61803 10320 20248 40042 83856 333 56454 58014=
010900 48060 32450 62203 10298 20185 40031 83970 333 56660 59017=
010900 48062 21356 81302 10275 20270 40051 70255 86920 333 56590 58032=
010900 48071 21458 82304 10278 20274 40063 72162 8692/ 333 5659/ 58022=
010900 48075 32457 61401 10280 20220 40062 84870 333 56390 59014=
010900 48077 22559 82302 10270 20256 40060 85970 333 56490 58020=
010900 48078 21556 81801 10263 20258 40084 71796 8597/ 333 5649/ 58018=
010900 48080 21459 81305 10260 20246 40065 75196 85970 333 56490 58018=
010900 48085 22357 81802 10270 20256 40072 86920 333 56690 58018=
010900 48095 21458 80000 10255 20255 76355 84970 333 56590=
010900 48108 21494 82305 10265 20251 40100 75165 8537/ 333 5669/ 58000=
010900 48110 21496 82301 10270 20256 40106 75199 8632/ 333 5659/ 58004=
010900 48112 22597 83201 10290 20248 40108 83876 333 56799 58008=
010900 48072 21460 81802 10290 20248 75055 86970 333 56990=
010900 48087 21456 82301 10266 20256 75055 8597/ 333 5649/=
010900 48099 21456 72303 10292 20259 40074 70165 85930 333 56590 59011=
010900 48101 31458 80000 10294 20259 70392 8597/ 333 5659/=
010900 48103 21450 82202 10272 20256 40080 70255 8577/ 333 5655/ 59003=
010900 48057 22458 62203 10230 20181 84931 333 56599=
010900 48094 21458 82201 10270 20260 40074 76065 86920 333 56590 58011=
010900 48097 21557 82402 10255 20248 40088 79566 8697/ 333 5699/ 58008=
010900 48033 32563 61801 10310 20254 40037 86900 333 56400 58013=
010900 48034 32456 72301 10285 20215 87300 333 56500=
010900 48039 32460 71402 10325 20236 84860 333 56550=
010900 48043 22556 52305 10240 20226 85200 333 56600=
010900 48052 32465 81302 10306 20254 86930 333 56990=
010900 48055 22456 72302 10268 20226 40042 70266 85301 333 56509 59009=
010900 48064 32560 61401 10296 20266 40037 84831 333 56449 58020=
010900 48065 32558 62202 10302 20266 84570 333 56990=
010900 48074 21256 81407 10240 20240 40089 71796 8692/ 333 56499 58030=
010900 48092 21456 82305 10275 20253 40066 75066 8697/ 333 5649/ 58006=
010900 48093 21556 82301 10276 20268 70255 8632/ 333 56599=
010900 48107 21350 52302 10308 20254 40084 70166 83970 333 56550 59003=  
