01-DEC-2015 00 48051 3 2 5 56 4 36 02 10 200 20 200 3 0000 4 0000 5 0000 6 000 0 7 00 0 0 8 3 2 3 0 333 20 190 58 000 6 000 0 7 0000 
01-DEC-2015 00 48062 3 1 4 30 5 00 00 10 210 20 200 3 0000 4 0131 5 0000 6 000 0 7 10 1 1 8 3 8 3 1 333 20 190 59 020 6 000 0 7 0000 
01-DEC-2015 00 48071 3 1 4 20 4 00 00 10 228 20 214 3 0000 4 0128 5 0000 6 000 0 7 40 4 2 8 4 8 0 0 333 20 220 59 021 6 000 0 7 0000 
01-DEC-2015 00 48075 3 1 4 56 2 00 00 10 140 20 124 3 0000 4 0173 5 0000 6 000 0 7 10 4 4 8 2 5 0 0 333 20 140 59 028 6 000 2 7 0000 
01-DEC-2015 00 48077 3 2 5 56 5 00 00 10 220 20 205 3 0000 4 0129 5 0000 6 000 0 7 00 0 0 8 3 9 0 1 333 20 200 59 013 6 000 0 7 0000 
01-DEC-2015 00 48078 3 2 5 50 2 00 00 10 220 20 205 3 0000 4 0134 5 0000 6 000 0 7 00 0 0 8 1 5 0 1 333 20 215 59 018 6 000 0 7 0000 
01-DEC-2015 00 48080 3 1 4 08 3 00 00 10 225 20 214 3 0000 4 0134 5 0000 6 000 0 7 40 4 4 8 0 0 0 0 333 20 205 59 004 6 000 0 7 0000 
01-DEC-2015 00 48085 3 1 4 50 3 00 00 10 204 20 200 3 0000 4 0126 5 0000 6 000 0 7 10 4 4 8 1 8 0 6 333 20 203 59 005 6 000 0 7 0000 
01-DEC-2015 00 48087 3 1 9 20 0 00 00 10 190 20 175 3 0000 4 0000 5 0000 6 000 0 7 42 4 4 8 0 0 0 0 333 20 180 58 000 6 000 0 7 0000 
01-DEC-2015 00 48092 3 1 5 30 1 00 00 10 220 20 212 3 0000 4 0111 5 0000 6 000 0 7 10 1 1 8 1 4 0 0 333 20 210 59 011 6 000 2 7 0000 
01-DEC-2015 00 48093 3 2 9 50 0 00 00 10 233 20 227 3 0000 4 0000 5 0000 6 000 0 7 00 0 0 8 0 0 0 0 333 20 228 58 000 6 000 0 7 0000 
01-DEC-2015 00 48094 3 2 9 56 1 00 00 10 230 20 210 3 0000 4 0133 5 0000 6 000 0 7 00 0 0 8 0 0 0 1 333 20 220 59 003 6 000 0 7 0000 
01-DEC-2015 00 48096 3 1 5 50 4 32 02 10 230 20 214 3 0000 4 0134 5 0000 6 000 0 7 10 1 1 8 1 5 0 1 333 20 220 59 012 6 000 0 7 0000 
01-DEC-2015 00 48097 3 2 5 56 2 23 02 10 230 20 222 3 0000 4 0139 5 0000 6 000 0 7 05 1 1 8 2 5 0 0 333 20 215 59 009 6 000 0 7 0000 
01-DEC-2015 00 48099 3 1 3 30 2 00 00 10 240 20 226 3 0000 4 0128 5 0000 6 000 0 7 10 4 4 8 2 8 0 0 333 20 223 59 017 6 000 0 7 0000 
01-DEC-2015 00 48103 3 1 4 40 3 04 01 10 232 20 232 3 0000 4 0127 5 0000 6 000 0 7 42 4 4 8 2 8 3 0 333 20 231 59 018 6 000 0 7 0000 
01-DEC-2015 00 48107 3 1 9 30 2 09 01 10 235 20 214 3 0000 4 0114 5 0000 6 000 0 7 41 4 4 8 0 0 0 6 333 20 230 59 014 6 000 0 7 0000 
01-DEC-2015 00 48108 3 1 5 95 4 09 01 10 240 20 233 3 0000 4 0125 5 0000 6 000 0 7 10 1 1 8 2 4 0 6 333 20 215 59 010 6 000 2 7 0000 
01-DEC-2015 00 48110 3 1 5 96 5 00 00 10 250 20 233 3 0000 4 0122 5 0000 6 000 0 7 05 2 2 8 1 4 0 6 333 20 250 59 008 6 000 0 7 0000 
01-DEC-2015 00 48112 2 2 5 97 8 04 05 10 260 20 246 3 0000 4 0112 5 0000 6 000 0 7 00 0 0 8 3 8 7 6 333 20 200 59 015 6 001 2 7 0000 
