010300 48001 31902 90000 10130 20128 40174 74744 333 59022=
010300 48004 31562 33201 10167 20154 70144 83800 333 56800=
010300 48008 32558 20000 10200 20168 40162 81130 333 56450 59028=
010300 48010 32550 30000 10200 20185 40162 82801 333 56405 59030=
010300 48018 32558 20000 10203 20185 40154 80056 333 56013 59019=
010300 48019 32958 20401 10210 20175 40142 80005 333 56005 59034=
010300 48025 31110 60000 10210 20195 40158 74044 85840 333 56590 59029=
010300 48035 31/01 90000 10169 20154 40155 74744 333 59027=
010300 48037 32550 53601 10220 20168 40152 82531 333 56555 59023=
010300 48042 31540 20000 10243 20209 40151 71011 81402 333 56909 59015=
010300 48045 32556 42303 10146 20134 84800 333 56500=
010300 48048 32560 43201 10240 20209 40151 84800 333 56800 59027=
010300 48051 32559 13102 10218 20180 70111 81200 333 56900=
010300 48053 32956 03601 10240 20191 40147 333 59036=
010300 48060 31420 80000 10164 20144 40207 74244 8587/ 333 5659/ 59005=
010300 48062 32456 33601 10236 20210 40145 70122 82530 333 56890 59022=
010300 48071 32458 63202 10265 20251 40146 85830 333 56790 59018=
010300 48075 31957 00000 10200 20168 40152 70244 333 59041=
010300 48077 32559 20401 10250 20219 40143 81201 333 56909 59016=
010300 48078 32957 13601 10246 20217 40151 80001 333 56009 59021=
010300 48080 32960 01301 10250 20219 40143 333 59014=
010300 48085 32958 13202 10276 20240 40137 80006 333 56009 59016=
010300 48095 32960 00000 10270 20240 333=
010300 48108 32596 51401 10300 20239 40138 83806 333 56409 59010=
010300 48109 32497 50000 10302 20253 40145 85900 333 56900 59012=
010300 48110 31996 21303 10310 20237 40134 70511 80005 333 56009 59012=
010300 48112 22597 80403 10281 20250 40130 70222 83876 333 56199 59010=
010300 48030 32257 12201 10100 20069 80040 333 56060=
010300 48072 32959 00000 10280 20250 70122 333=
010300 48087 32960 20000 10250 20233 80041 333 56099=
010300 48099 31450 22301 10285 20220 40140 70511 82500 333 56900 59015=
010300 48101 32959 03601 10293 20248 333=
010300 48103 31956 00406 10287 20230 40140 70144 333 59015=
010300 48057 32956 21402 10204 20167 80006 333 56009=
010300 48094 32960 00402 10290 20260 40141 333 59015=
010300 48097 31557 20403 10280 20220 40152 70511 82500 333 56900 59008=
010300 48031 32260 43601 10170 20117 83840 333 56490=
010300 48033 32562 33601 10210 20195 40136 83500 333 56900 59041=
010300 48034 31456 11801 10158 20123 71011 81500 333 56500=
010300 48039 31450 20000 10242 20191 74044 81102 333 56509=
010300 48043 32556 53205 10190 20175 85200 333 56600=
010300 48052 31456 23601 10262 20215 70522 82200 333 56900=
010300 48055 32956 11802 10177 20141 40166 70144 80001 333 56009 59021=
010300 48064 32956 11401 10227 20198 40128 80001 333 56009 59037=
010300 48065 32956 13201 10242 20209 80001 333 56009=
010300 48074 32458 30404 10250 20205 40148 81502 333 56909 59037=
010300 48092 31556 10401 10290 20223 40124 70522 81400 333 56900 59013=
010300 48093 32958 02301 10297 20253 333=
010300 48107 31950 00901 10290 20230 40124 7//44 333 59007=
010300 48096 32957 13404 10290 20230 40148 80001 333 56009 59017=  48034 31456 11801 10158 20123 71011 81500 333 56500=  
