01-DEC-2015 12 48001 3 2 4 60 6 00 00 10 195 20 185 3 0000 4 0136 5 0000 6 000 0 7 00 0 0 8 6 7 0 0 333 10 240 59 011 6 000 0 7 0000 
01-DEC-2015 12 48004 3 2 4 58 5 00 00 10 220 20 185 3 0000 4 0000 5 0000 6 000 0 7 00 0 0 8 5 9 0 0 333 10 257 58 000 6 000 0 7 0000 
01-DEC-2015 12 48008 3 2 4 50 7 00 00 10 248 20 186 3 0000 4 0122 5 0000 6 000 0 7 00 0 0 8 4 9 7 0 333 10 280 59 013 6 000 0 7 0000 
01-DEC-2015 12 48010 3 2 4 20 7 00 00 10 245 20 209 3 0000 4 0121 5 0000 6 000 0 7 00 0 0 8 4 7 7 0 333 10 280 59 010 6 000 0 7 0000 
01-DEC-2015 12 48018 3 2 5 40 8 00 00 10 250 20 205 3 0000 4 0118 5 0000 6 000 0 7 00 0 0 8 4 8 7 / 333 10 303 59 018 6 000 0 7 0000 
01-DEC-2015 12 48019 3 2 4 40 5 04 01 10 258 20 203 3 0000 4 0116 5 0000 6 000 0 7 00 0 0 8 1 6 3 0 333 10 300 59 012 6 000 0 7 0000 
01-DEC-2015 12 48020 3 2 4 30 7 00 00 10 242 20 209 3 0000 4 0000 5 0000 6 000 0 7 00 0 0 8 4 5 3 0 333 10 286 58 000 6 000 0 7 0000 
01-DEC-2015 12 48025 3 2 3 30 7 27 01 10 255 20 215 3 0000 4 0132 5 0000 6 000 0 7 00 0 0 8 4 8 4 0 333 10 290 59 003 6 000 0 7 0000 
01-DEC-2015 12 48030 3 2 2 56 8 22 02 10 160 20 123 3 0000 4 0000 5 0000 6 000 0 7 00 0 0 8 6 4 4 0 333 10 221 58 000 6 000 0 7 0000 
01-DEC-2015 12 48031 3 2 2 58 6 27 01 10 160 20 085 3 0000 4 0000 5 0000 6 000 0 7 00 0 0 8 6 8 0 0 333 10 218 58 000 6 000 0 7 0000 
01-DEC-2015 12 48033 3 2 5 59 1 00 00 10 270 20 211 3 0000 4 0095 5 0000 6 000 0 7 00 0 0 8 1 1 0 0 333 10 320 59 008 6 000 0 7 0000 
01-DEC-2015 12 48034 3 2 9 56 0 00 00 10 190 20 159 3 0000 4 0000 5 0000 6 000 0 7 00 0 0 8 0 0 0 0 333 10 252 58 000 6 000 0 7 0000 
01-DEC-2015 12 48035 3 1 5 10 1 00 00 10 219 20 185 3 0000 4 0099 5 0000 6 000 0 7 05 1 1 8 1 1 0 0 333 10 276 59 020 6 000 0 7 0000 
01-DEC-2015 12 48037 3 2 5 30 3 00 00 10 272 20 211 3 0000 4 0112 5 0000 6 000 0 7 00 0 0 8 1 1 3 0 333 10 321 59 005 6 000 0 7 0000 
01-DEC-2015 12 48039 3 2 4 58 3 04 01 10 265 20 203 3 0000 4 0000 5 0000 6 000 0 7 00 0 0 8 3 8 0 0 333 10 315 58 000 6 000 0 7 0000 
01-DEC-2015 12 48042 3 2 5 50 1 00 00 10 275 20 215 3 0000 4 0109 5 0000 6 000 0 7 00 0 0 8 1 4 0 0 333 10 320 59 003 6 000 0 7 0000 
01-DEC-2015 12 48045 3 1 2 50 7 14 02 10 180 20 180 3 0000 4 0000 5 0000 6 000 0 7 03 4 4 8 7 8 0 0 333 10 207 58 000 6 000 0 7 0000 
01-DEC-2015 12 48048 3 2 5 50 2 04 01 10 266 20 191 3 0000 4 0104 5 0000 6 000 0 7 00 0 0 8 2 8 0 0 333 10 325 59 015 6 000 0 7 0000 
01-DEC-2015 12 48051 3 2 5 58 5 36 01 10 262 20 200 3 0000 4 0000 5 0000 6 000 0 7 00 0 0 8 4 8 3 0 333 10 302 58 000 6 000 0 7 0000 
01-DEC-2015 12 48052 3 2 4 50 2 00 00 10 314 20 225 3 0000 4 0000 5 0000 6 000 0 7 00 0 0 8 2 6 0 0 333 10 368 58 000 6 000 0 7 0000 
01-DEC-2015 12 48053 3 2 4 50 2 36 01 10 280 20 203 3 0000 4 0102 5 0000 6 000 0 7 00 0 0 8 2 5 0 0 333 10 332 59 007 6 000 0 7 0000 
01-DEC-2015 12 48057 3 2 9 40 0 23 01 10 193 20 139 3 0000 4 0000 5 0000 6 000 0 7 00 0 0 8 0 0 0 0 333 10 250 58 000 6 000 0 7 0000 
01-DEC-2015 12 48060 3 2 4 20 2 00 00 10 223 20 185 3 0000 4 0157 5 0000 6 000 0 7 00 0 0 8 2 1 0 0 333 10 268 59 005 6 000 0 7 0000 
01-DEC-2015 12 48062 3 1 4 50 4 32 03 10 270 20 260 3 0000 4 0115 5 0000 6 000 0 7 05 2 2 8 3 8 3 0 333 10 320 59 004 6 000 0 7 0000 
01-DEC-2015 12 48064 3 2 9 50 1 00 00 10 258 20 215 3 0000 4 0081 5 0000 6 000 0 7 00 0 0 8 0 0 0 1 333 10 295 59 018 6 000 0 7 0000 
01-DEC-2015 12 48065 3 2 9 50 0 00 00 10 270 20 211 3 0000 4 0000 5 0000 6 000 0 7 00 0 0 8 0 0 0 0 333 10 330 58 000 6 000 0 7 0000 
01-DEC-2015 12 48071 3 2 9 40 0 32 02 10 265 20 226 3 0000 4 0120 5 0000 6 000 0 7 00 0 0 8 0 0 0 0 333 10 295 59 008 6 000 0 7 0000 
01-DEC-2015 12 48072 3 2 9 56 0 00 00 10 250 20 219 3 0000 4 0000 5 0000 6 000 0 7 00 0 0 8 0 0 0 0 333 10 325 58 000 6 000 0 7 0000 
01-DEC-2015 12 48074 3 2 9 57 0 00 00 10 270 20 226 3 0000 4 0107 5 0000 6 000 0 7 00 0 0 8 0 0 0 0 333 10 335 59 001 6 000 0 7 0000 
01-DEC-2015 12 48075 3 2 9 56 0 00 00 10 240 20 155 3 0000 4 0117 5 0000 6 000 0 7 00 0 0 8 0 0 0 0 333 10 310 59 012 6 000 0 7 0000 
01-DEC-2015 12 48077 3 2 5 56 2 00 00 10 290 20 230 3 0000 4 0103 5 0000 6 000 0 7 00 0 0 8 1 2 0 1 333 10 332 59 005 6 000 0 7 0000 
01-DEC-2015 12 48078 3 2 5 56 2 00 00 10 287 20 233 3 0000 4 0111 5 0000 6 000 0 7 00 0 0 8 1 2 0 1 333 10 340 59 010 6 000 0 7 0000 
01-DEC-2015 12 48080 3 2 4 56 4 00 00 10 290 20 215 3 0000 4 0113 5 0000 6 000 0 7 00 0 0 8 2 5 4 0 333 10 322 59 005 6 000 0 7 0000 
01-DEC-2015 12 48085 3 2 9 56 1 09 02 10 272 20 211 3 0000 4 0111 5 0000 6 000 0 7 00 0 0 8 0 0 0 6 333 10 312 59 008 6 000 0 7 0000 
01-DEC-2015 12 48087 3 2 9 30 2 00 00 10 260 20 246 3 0000 4 0000 5 0000 6 000 0 7 00 0 0 8 0 0 4 1 333 10 350 58 000 6 000 0 7 0000 
01-DEC-2015 12 48092 3 2 4 50 2 00 00 10 285 20 241 3 0000 4 0086 5 0000 6 000 0 7 00 0 0 8 2 4 0 0 333 10 355 59 014 6 000 0 7 0000 
01-DEC-2015 12 48093 3 2 9 30 1 04 01 10 280 20 233 3 0000 4 0000 5 0000 6 000 0 7 00 0 0 8 0 0 0 1 333 10 348 58 000 6 000 0 7 0000 
01-DEC-2015 12 48094 3 2 4 56 2 00 00 10 285 20 230 3 0000 4 0112 5 0000 6 000 0 7 00 0 0 8 2 5 0 0 333 10 345 59 012 6 000 0 7 0000 
01-DEC-2015 12 48095 3 2 9 50 1 00 00 10 275 20 256 3 0000 4 0000 5 0000 6 000 0 7 00 0 0 8 0 0 0 2 333 10 325 58 000 6 000 0 7 0000 
01-DEC-2015 12 48096 3 2 9 57 0 27 04 10 290 20 215 3 0000 4 0114 5 0000 6 000 0 7 00 0 0 8 0 0 0 0 333 10 350 58 001 6 000 0 7 0000 
01-DEC-2015 12 48097 3 2 5 56 3 32 02 10 275 20 223 3 0000 4 0113 5 0000 6 000 0 7 00 0 0 8 2 5 0 2 333 10 345 59 013 6 000 0 7 0000 
01-DEC-2015 12 48099 3 2 3 30 2 00 00 10 303 20 223 3 0000 4 0111 5 0000 6 000 0 7 00 0 0 8 2 7 0 0 333 10 365 58 005 6 000 0 7 0000 
01-DEC-2015 12 48101 3 2 9 50 1 00 00 10 290 20 248 3 0000 4 0000 5 0000 6 000 0 7 00 0 0 8 0 0 0 1 333 10 345 58 000 6 000 0 7 0000 
01-DEC-2015 12 48103 3 2 4 30 1 14 01 10 290 20 230 3 0000 4 0106 5 0000 6 000 0 7 00 0 0 8 1 5 0 0 333 10 368 59 007 6 000 0 7 0000 
01-DEC-2015 12 48107 3 2 3 30 2 09 02 10 290 20 248 3 0000 4 0104 5 0000 6 000 0 7 00 0 0 8 2 9 0 0 333 10 362 59 002 6 000 0 7 0000 
01-DEC-2015 12 48108 3 2 5 95 5 32 01 10 290 20 248 3 0000 4 0106 5 0000 6 000 0 7 00 0 0 8 2 3 3 6 333 10 356 59 005 6 000 0 7 0000 
01-DEC-2015 12 48109 3 2 4 96 5 00 00 10 295 20 253 3 0000 4 0119 5 0000 6 000 0 7 00 0 0 8 4 9 3 0 333 10 338 58 000 6 000 0 7 0000 
01-DEC-2015 12 48110 3 1 5 95 8 00 00 10 295 20 250 3 0000 4 0111 5 0000 6 000 0 7 02 9 9 8 2 3 0 7 333 10 340 58 004 6 000 0 7 0000 
01-DEC-2015 12 48112 3 2 5 97 8 04 02 10 285 20 254 3 0000 4 0108 5 0000 6 000 0 7 00 0 0 8 4 8 7 6 333 10 302 59 005 6 000 0 7 0000 
