01-FEB-2015 00 48008 3 1 3 40 8 00 00 10 137 20 124 3 0000 4 0159 5 0000 6 000 0 7 10 4 4 8 3 9 7 0 333 20 125 58 024 6 000 0 7 0000 
01-FEB-2015 00 48010 3 2 0 20 0 00 00 10 120 20 120 3 0000 4 0157 5 0000 6 000 0 7 00 0 0 8 0 0 0 0 333 20 116 58 013 6 000 0 7 0000 
01-FEB-2015 00 48018 3 2 9 20 0 00 00 10 145 20 132 3 0000 4 0154 5 0000 6 000 0 7 00 0 0 8 0 0 0 0 333 20 140 58 014 6 000 0 7 0000 
01-FEB-2015 00 48019 2 2 4 40 7 00 00 10 140 20 140 3 0000 4 0148 5 0000 6 000 0 7 00 0 0 8 5 7 7 0 333 20 135 58 009 6 000 0 7 0000 
01-FEB-2015 00 48025 3 1 1 10 2 27 01 10 154 20 144 3 0000 4 0157 5 0000 6 000 0 7 40 4 4 8 2 6 0 0 333 20 150 58 016 6 000 0 7 0000 
01-FEB-2015 00 48030 3 2 9 50 0 22 02 10 027 20 004 3 0000 4 0000 5 0000 6 000 0 7 00 0 0 8 0 0 0 0 333 20 012 58 000 6 000 0 7 0000 
01-FEB-2015 00 48031 3 2 9 50 0 22 01 10 100 20 000 3 0000 4 0000 5 0000 6 000 0 7 00 0 0 8 0 0 0 0 333 10 /// 58 000 6 000 0 7 0000 
01-FEB-2015 00 48033 3 2 5 60 4 27 01 10 172 20 154 3 0000 4 0129 5 0000 6 000 0 7 00 0 0 8 4 5 0 0 333 20 150 59 006 6 000 0 7 0000 
01-FEB-2015 00 48034 3 1 9 48 0 00 00 10 087 20 074 3 0000 4 0000 5 0000 6 000 0 7 10 0 0 8 0 0 0 0 333 20 075 58 000 6 000 0 7 0000 
01-FEB-2015 00 48035 3 1 / 02 9 00 00 10 081 20 055 3 0000 4 0184 5 0000 6 000 0 7 47 4 4 8 0 0 0 0 333 20 074 58 007 6 000 0 7 0000 
01-FEB-2015 00 48037 3 2 9 10 0 00 00 10 170 20 117 3 0000 4 0132 5 0000 6 000 0 7 00 0 0 8 0 0 0 0 333 20 167 58 001 6 000 0 7 0000 
01-FEB-2015 00 48039 3 1 4 50 3 32 01 10 170 20 154 3 0000 4 0000 5 0000 6 000 0 7 10 1 1 8 3 4 0 0 333 20 165 58 000 6 000 0 7 0000 
01-FEB-2015 00 48042 3 2 9 56 0 00 00 10 180 20 165 3 0000 4 0129 5 0000 6 000 0 7 00 0 0 8 0 0 0 0 333 20 170 58 010 6 000 0 7 0000 
01-FEB-2015 00 48043 3 2 0 50 0 00 00 10 115 20 102 3 0000 4 0000 5 0000 6 000 0 7 00 0 0 8 0 0 0 0 333 20 075 58 000 6 000 0 7 0000 
01-FEB-2015 00 48048 3 2 9 40 0 00 00 10 147 20 111 3 0000 4 0133 5 0000 6 000 0 7 00 0 0 8 0 0 0 0 333 20 140 58 004 6 000 0 7 0000 
01-FEB-2015 00 48051 3 2 9 56 0 00 00 10 118 20 100 3 0000 4 0000 5 0000 6 000 0 7 02 0 0 8 0 0 0 0 333 20 108 58 000 6 000 0 7 0000 
01-FEB-2015 00 48052 3 2 9 50 0 00 00 10 162 20 144 3 0000 4 0000 5 0000 6 000 0 7 00 0 0 8 0 0 0 0 333 20 095 58 000 6 000 0 7 0000 
01-FEB-2015 00 48053 3 1 9 40 0 27 01 10 160 20 144 3 0000 4 0134 5 0000 6 000 0 7 10 0 0 8 0 0 0 0 333 20 156 58 003 6 000 0 7 0000 
01-FEB-2015 00 48055 3 2 9 56 0 00 00 10 037 20 032 3 0000 4 0208 5 0000 6 000 0 7 00 0 0 8 0 0 0 0 333 20 032 58 012 6 000 0 7 0000 
01-FEB-2015 00 48057 3 1 9 39 0 14 01 10 100 20 079 3 0000 4 0000 5 0000 6 000 0 7 10 0 0 8 0 0 0 0 333 20 090 58 000 6 000 0 7 0000 
01-FEB-2015 00 48060 3 1 4 10 8 00 00 10 130 20 113 3 0000 4 0176 5 0000 6 000 0 7 40 4 4 8 5 8 7 / 333 20 110 59 007 6 000 0 7 0000 
01-FEB-2015 00 48062 3 1 4 40 6 00 00 10 130 20 130 3 0000 4 0140 5 0000 6 000 0 7 42 4 4 8 4 8 3 0 333 20 090 59 001 6 000 0 7 0000 
01-FEB-2015 00 48064 3 2 9 50 0 14 01 10 160 20 144 3 0000 4 0125 5 0000 6 000 0 7 00 0 0 8 0 0 0 0 333 20 122 58 015 6 000 0 7 0000 
01-FEB-2015 00 48065 3 2 9 50 0 00 00 10 153 20 150 3 0000 4 0000 5 0000 6 000 0 7 00 0 0 8 0 0 0 0 333 20 142 58 000 6 000 0 7 0000 
01-FEB-2015 00 48071 3 1 9 30 0 00 00 10 200 20 130 3 0000 4 0128 5 0000 6 000 0 7 42 4 4 8 0 0 0 0 333 20 190 59 020 6 000 0 7 0000 
01-FEB-2015 00 48074 3 2 4 50 4 00 00 10 190 20 139 3 0000 4 0142 5 0000 6 000 0 7 00 0 0 8 2 2 9 0 333 20 173 59 005 6 000 0 7 0000 
01-FEB-2015 00 48075 3 1 4 56 2 00 00 10 100 20 100 3 0000 4 0200 5 0000 6 000 0 7 10 2 2 8 2 5 0 0 333 20 090 59 003 6 000 0 7 0000 
01-FEB-2015 00 48077 3 1 9 56 0 00 00 10 170 20 154 3 0000 4 0133 5 0000 6 000 0 7 10 0 0 8 0 0 0 0 333 20 150 58 010 6 000 0 7 0000 
01-FEB-2015 00 48078 3 2 9 56 1 00 00 10 178 20 165 3 0000 4 0139 5 0000 6 000 0 7 00 0 0 8 0 0 0 1 333 20 148 59 004 6 000 0 7 0000 
01-FEB-2015 00 48080 3 1 9 08 0 00 00 10 142 20 124 3 0000 4 0144 5 0000 6 000 0 7 41 4 4 8 0 0 0 0 333 20 130 58 000 6 000 0 7 0000 
01-FEB-2015 00 48085 3 1 9 30 0 14 02 10 152 20 150 3 0000 4 0139 5 0000 6 000 0 7 10 4 4 8 0 0 0 0 333 20 150 58 006 6 000 0 7 0000 
01-FEB-2015 00 48087 3 1 3 20 4 00 00 10 160 20 144 3 0000 4 0000 5 0000 6 000 0 7 43 4 4 8 4 7 / / 333 20 145 58 000 6 000 0 7 0000 
01-FEB-2015 00 48092 3 1 / 05 9 00 00 10 170 20 170 3 0000 4 0118 5 0000 6 000 0 7 43 4 4 8 9 / / / 333 20 160 59 004 6 000 0 7 0000 
01-FEB-2015 00 48093 3 2 9 20 0 00 00 10 200 20 185 3 0000 4 0000 5 0000 6 000 0 7 00 0 0 8 0 0 0 0 333 20 199 58 000 6 000 0 7 0000 
01-FEB-2015 00 48094 3 1 9 50 0 00 00 10 200 20 190 3 0000 4 0138 5 0000 6 000 0 7 10 0 0 8 0 0 0 0 333 20 157 58 001 6 000 0 7 0000 
01-FEB-2015 00 48097 3 1 5 56 2 30 01 10 205 20 198 3 0000 4 0134 5 0000 6 000 0 7 02 1 1 8 2 5 0 0 333 20 185 59 007 6 000 0 7 0000 
01-FEB-2015 00 48099 3 1 3 30 3 00 00 10 210 20 195 3 0000 4 0144 5 0000 6 000 0 7 40 4 4 8 3 8 0 0 333 20 192 58 000 6 000 0 7 0000 
01-FEB-2015 00 48103 3 1 4 30 2 32 01 10 208 20 195 3 0000 4 0137 5 0000 6 000 0 7 40 4 4 8 2 5 0 0 333 20 203 59 004 6 000 0 7 0000 
01-FEB-2015 00 48107 3 1 9 30 0 04 02 10 207 20 175 3 0000 4 0129 5 0000 6 000 0 7 41 4 4 8 0 0 0 0 333 20 199 59 002 6 000 0 7 0000 
01-FEB-2015 00 48108 3 1 5 94 6 00 00 10 210 20 202 3 0000 4 0139 5 0000 6 000 0 7 40 2 2 8 2 4 0 6 333 20 203 58 001 6 000 0 7 0000 
01-FEB-2015 00 48109 3 2 9 96 0 00 00 10 245 20 219 3 0000 4 0142 5 0000 6 000 0 7 02 2 2 8 0 0 0 0 333 20 220 59 003 6 000 0 7 0000 
01-FEB-2015 00 48110 2 1 9 92 4 00 00 10 235 20 220 3 0000 4 0131 5 0000 6 000 0 7 42 4 4 8 0 0 0 6 333 20 230 59 010 6 000 0 7 0000 
01-FEB-2015 00 48112 3 2 5 97 8 04 01 10 256 20 219 3 0000 4 0132 5 0000 6 000 0 7 00 0 0 8 3 8 7 6 333 20 210 59 002 6 000 0 7 0000 
