010300 48001 31450 30000 10123 20102 40197 74244 83200 333 56500 58022=
010300 48004 31560 11301 10156 20106 70144 81500 333 56900=
010300 48008 31557 50401 10174 20135 40169 70144 83930 333 56110 59001=
010300 48010 32040 00000 10145 20107 40179 333 58005=
010300 48018 31558 21401 10165 20144 40167 70344 82800 333 56500 58004=
010300 48019 22457 50401 10164 20144 40161 83620 333 56560 58006=
010300 48020 31950 03202 10145 20134 70144 333=
010300 48025 31110 22201 10178 20129 40168 74044 82600 333 56600 59005=
010300 48030 32956 02202 10048 20000 333=
010300 48031 32957 02201 10140 20029 333=
010300 48033 32962 03601 10200 20168 40137 333 58002=
010300 48034 31948 00000 10132 20086 71000 333=
010300 48035 31559 20000 10136 20124 40177 70544 82800 333 56100 58011=
010300 48037 32956 03601 10199 20130 40152 333 59005=
010300 48039 31940 20000 10195 20139 74044 80002 333 56009=
010300 48042 31940 00000 10205 20171 40155 71000 333 58006=
010300 48043 32056 01803 10170 20117 333=
010300 48045 32959 01402 10148 20012 333=
010300 48048 32960 00901 10205 20160 40160 333 58005=
010300 48051 32958 03102 10170 20120 70200 333=
010300 48052 32958 00000 10210 20160 333=
010300 48053 32950 03602 10200 20130 40153 333 58001=
010300 48055 32956 00901 10137 20174 40185 333 58000=
010300 48057 32456 12202 10180 20129 81500 333 56400=
010300 48060 31420 70000 10180 20129 40188 74044 85870 333 56590 59010=
010300 48062 32556 00401 10190 20160 40163 333 58009=
010300 48064 32960 01401 10180 20147 40155 333 58019=
010300 48065 32960 00000 10202 20150 333=
010300 48071 31958 03202 10218 20185 40163 71040 333 59003=
010300 48072 31958 03202 10235 20191 71045 333=
010300 48074 32458 30401 10215 20156 40172 82860 333 56440 58004=
010300 48075 31958 00000 10165 20140 40183 70500 333 59015=
010300 48077 32959 00000 10210 20160 40154 333 58007=
010300 48078 32956 11401 10210 20160 40160 80001 333 56009 58002=
010300 48080 31959 00401 10192 20159 40157 70244 333 59005=
010300 48085 32958 02202 10218 20195 40166 333 58013=
010300 48087 31430 50000 10206 20195 74344 857// 333 569//=
010300 48092 31920 33201 10240 20209 40136 71022 80070 333 56090 59008=
010300 48093 32656 41401 10257 20203 83801 333 56109=
010300 48094 32959 03201 10240 20210 40154 333 58007=
010300 48095 32958 10401 10225 20185 70211 80001 333 56009=
010300 48097 31557 60000 10295 20172 40168 70522 84850 333 56990 58004=
010300 48099 31440 60403 10250 20205 40157 70511 86800 333 56100 59003=
010300 48101 32958 03201 10247 20205 333=
010300 48103 31456 20401 10250 20219 40152 70244 82500 333 56100 59003=
010300 48107 31950 00401 10264 20215 40138 70122 333 56000 59009=
010300 48108 31596 71401 10270 20226 40152 70344 83407 333 56909 59012=
010300 48109 32497 40401 10276 20220 40157 84900 333 56900 59009=
010300 48110 21995 21302 10280 20233 40150 70544 80005 333 56009 59006=
010300 48112 32598 60402 10285 20225 40145 82216 333 56199 59005=  
