01-FEB-2015 09 48001 3 2 5 57 2 27 01 10 250 20 126 3 0000 4 0128 5 0000 6 000 0 7 00 0 0 8 2 2 0 0 333 10 /// 59 001 6 000 0 7 0000 
01-FEB-2015 09 48004 3 2 5 62 3 04 01 10 260 20 138 3 0000 4 0000 5 0000 6 000 0 7 00 0 0 8 3 8 0 0 333 10 /// 58 000 6 000 0 7 0000 
01-FEB-2015 09 48008 3 2 5 57 4 04 01 10 262 20 138 3 0000 4 0125 5 0000 6 000 0 7 00 0 0 8 2 2 3 0 333 10 /// 59 006 6 000 0 7 0000 
01-FEB-2015 09 48010 3 2 0 60 0 18 01 10 280 20 146 3 0000 4 0130 5 0000 6 000 0 7 00 0 0 8 0 0 0 0 333 10 /// 58 009 6 000 0 7 0000 
01-FEB-2015 09 48018 3 2 5 62 3 14 02 10 285 20 146 3 0000 4 0131 5 0000 6 000 0 7 00 0 0 8 2 8 1 0 333 10 /// 59 010 6 000 0 7 0000 
01-FEB-2015 09 48025 3 2 9 60 0 32 01 10 289 20 092 3 0000 4 0125 5 0000 6 000 0 7 00 0 0 8 0 0 0 0 333 10 /// 59 005 6 000 0 7 0000 
01-FEB-2015 09 48030 3 2 9 56 0 22 07 10 192 20 072 3 0000 4 0000 5 0000 6 000 0 7 00 0 0 8 0 0 0 0 333 10 /// 58 000 6 000 0 7 0000 
01-FEB-2015 09 48031 3 2 9 60 0 18 01 10 200 20 060 3 0000 4 0000 5 0000 6 000 0 7 00 0 0 8 0 0 0 0 333 10 /// 58 000 6 000 0 7 0000 
01-FEB-2015 09 48033 3 2 9 63 0 36 01 10 310 20 169 3 0000 4 0102 5 0000 6 000 0 7 00 0 0 8 0 0 0 0 333 10 /// 58 001 6 000 0 7 0000 
01-FEB-2015 09 48034 3 2 4 57 2 23 02 10 240 20 088 3 0000 4 0000 5 0000 6 000 0 7 00 0 0 8 2 5 0 0 333 10 /// 58 000 6 000 0 7 0000 
01-FEB-2015 09 48035 3 1 5 58 1 22 03 10 267 20 085 3 0000 4 0082 5 0000 6 000 0 7 05 0 0 8 1 1 0 0 333 10 /// 58 001 6 000 0 7 0000 
01-FEB-2015 09 48037 3 2 9 62 0 04 01 10 308 20 146 3 0000 4 0099 5 0000 6 000 0 7 00 0 0 8 0 0 0 0 333 10 /// 59 004 6 000 0 7 0000 
01-FEB-2015 09 48039 3 2 9 60 2 22 01 10 315 20 124 3 0000 4 0000 5 0000 6 000 0 7 00 0 0 8 0 0 0 2 333 10 /// 58 000 6 000 0 7 0000 
01-FEB-2015 09 48042 3 2 9 58 0 18 01 10 322 20 140 3 0000 4 0111 5 0000 6 000 0 7 00 0 0 8 0 0 0 0 333 10 /// 58 015 6 000 0 7 0000 
01-FEB-2015 09 48043 3 2 0 58 0 18 06 10 245 20 105 3 0000 4 0000 5 0000 6 000 0 7 00 0 0 8 0 0 0 0 333 10 /// 58 000 6 000 0 7 0000 
01-FEB-2015 09 48045 3 2 5 60 1 14 09 10 221 20 111 3 0000 4 0000 5 0000 6 000 0 7 00 0 0 8 1 1 0 0 333 10 /// 58 000 6 000 0 7 0000 
01-FEB-2015 09 48048 3 2 9 60 0 04 01 10 305 20 169 3 0000 4 0126 5 0000 6 000 0 7 00 0 0 8 0 0 0 0 333 10 /// 59 015 6 000 0 7 0000 
01-FEB-2015 09 48051 3 2 9 60 0 31 02 10 298 20 120 3 0000 4 0000 5 0000 6 000 0 7 02 0 0 8 0 0 0 0 333 10 /// 58 000 6 000 0 7 0000 
01-FEB-2015 09 48052 3 2 9 70 0 00 00 10 336 20 145 3 0000 4 0000 5 0000 6 000 0 7 00 0 0 8 0 0 0 0 333 10 /// 58 000 6 000 0 7 0000 
01-FEB-2015 09 48053 3 2 9 50 0 18 01 10 330 20 126 3 0000 4 0100 5 0000 6 000 0 7 00 0 0 8 0 0 0 0 333 10 /// 59 003 6 000 0 7 0000 
01-FEB-2015 09 48055 3 2 5 57 3 23 08 10 288 20 104 3 0000 4 0075 5 0000 6 000 0 7 00 0 0 8 3 8 0 0 333 10 /// 58 008 6 000 0 7 0000 
01-FEB-2015 09 48057 3 2 4 57 2 22 03 10 240 20 066 3 0000 4 0000 5 0000 6 000 0 7 00 0 0 8 2 8 0 0 333 10 /// 58 000 6 000 0 7 0000 
01-FEB-2015 09 48060 3 2 4 40 4 22 02 10 255 20 144 3 0000 4 0104 5 0000 6 000 0 7 00 0 0 8 4 3 0 0 333 10 /// 58 015 6 000 0 7 0000 
01-FEB-2015 09 48062 3 2 9 58 0 27 06 10 265 20 200 3 0000 4 0133 5 0000 6 000 0 7 00 0 0 8 0 0 0 0 333 10 /// 59 001 6 000 0 7 0000 
01-FEB-2015 09 48064 3 2 9 70 0 14 01 10 300 20 223 3 0000 4 0099 5 0000 6 000 0 7 00 0 0 8 0 0 0 0 333 10 /// 58 017 6 000 0 7 0000 
01-FEB-2015 09 48065 3 2 9 70 0 00 00 10 310 20 146 3 0000 4 0000 5 0000 6 000 0 7 00 0 0 8 0 0 0 0 333 10 /// 58 000 6 000 0 7 0000 
01-FEB-2015 09 48071 3 2 9 60 0 32 03 10 258 20 160 3 0000 4 0135 5 0000 6 000 0 7 00 0 0 8 0 0 0 0 333 10 /// 58 002 6 000 0 7 0000 
01-FEB-2015 09 48072 3 2 9 60 0 27 05 10 270 20 226 3 0000 4 0000 5 0000 6 000 0 7 00 0 0 8 0 0 0 0 333 10 /// 58 000 6 000 0 7 0000 
01-FEB-2015 09 48074 3 2 5 60 1 23 02 10 325 20 263 3 0000 4 0112 5 0000 6 000 0 7 00 0 0 8 1 1 0 0 333 10 /// 58 002 6 000 0 7 0000 
01-FEB-2015 09 48075 3 2 5 60 3 22 04 10 295 20 100 3 0000 4 0088 5 0000 6 000 0 7 00 0 0 8 3 2 0 0 333 10 /// 59 013 6 000 0 7 0000 
01-FEB-2015 09 48077 3 2 9 59 0 23 01 10 350 20 143 3 0000 4 0107 5 0000 6 000 0 7 00 0 0 8 0 0 0 0 333 10 /// 58 004 6 000 0 7 0000 
01-FEB-2015 09 48078 3 2 5 57 3 18 02 10 335 20 175 3 0000 4 0113 5 0000 6 000 0 7 00 0 0 8 2 5 0 1 333 10 /// 59 002 6 000 0 7 0000 
01-FEB-2015 09 48080 3 1 9 59 0 22 04 10 310 20 255 3 0000 4 0118 5 0000 6 000 0 7 05 0 0 8 0 0 0 0 333 10 /// 58 000 6 000 0 7 0000 
01-FEB-2015 09 48085 3 2 9 58 0 32 05 10 294 20 196 3 0000 4 0123 5 0000 6 000 0 7 00 0 0 8 0 0 0 0 333 10 /// 58 001 6 000 0 7 0000 
01-FEB-2015 09 48087 3 2 9 60 0 23 02 10 336 20 164 3 0000 4 0000 5 0000 6 000 0 7 00 0 0 8 0 0 0 0 333 10 /// 58 000 6 000 0 7 0000 
01-FEB-2015 09 48092 3 2 4 58 2 23 02 10 340 20 195 3 0000 4 0085 5 0000 6 000 0 7 03 2 2 8 2 1 0 0 333 10 /// 59 010 6 000 0 7 0000 
01-FEB-2015 09 48093 3 2 6 58 2 23 01 10 332 20 151 3 0000 4 0000 5 0000 6 000 0 7 00 0 0 8 2 1 0 0 333 10 /// 58 000 6 000 0 7 0000 
01-FEB-2015 09 48094 3 2 9 60 0 32 03 10 338 20 210 3 0000 4 0113 5 0000 6 000 0 7 00 0 0 8 0 0 0 0 333 10 /// 59 007 6 000 0 7 0000 
01-FEB-2015 09 48097 3 2 5 57 5 32 01 10 335 20 204 3 0000 4 0118 5 0000 6 000 0 7 02 2 2 8 5 8 0 0 333 10 /// 59 006 6 000 0 7 0000 
01-FEB-2015 09 48099 3 2 4 56 5 32 03 10 340 20 225 3 0000 4 0107 5 0000 6 000 0 7 00 0 0 8 4 8 3 0 333 10 /// 59 001 6 000 0 7 0000 
01-FEB-2015 09 48101 3 2 9 60 0 32 02 10 310 20 203 3 0000 4 0000 5 0000 6 000 0 7 00 0 0 8 0 0 0 0 333 10 /// 58 000 6 000 0 7 0000 
01-FEB-2015 09 48103 3 2 4 57 4 04 01 10 346 20 202 3 0000 4 0107 5 0000 6 000 0 7 00 0 0 8 4 8 0 0 333 10 /// 59 006 6 000 0 7 0000 
01-FEB-2015 09 48107 3 2 9 50 0 36 03 10 317 20 215 3 0000 4 0104 5 0000 6 000 0 7 00 0 0 8 0 0 0 0 333 10 /// 59 003 6 000 0 7 0000 
01-FEB-2015 09 48108 3 2 5 96 6 14 08 10 340 20 225 3 0000 4 0105 5 0000 6 000 0 7 00 0 0 8 3 8 0 7 333 10 /// 59 014 6 000 0 7 0000 
01-FEB-2015 09 48109 3 2 4 97 3 04 01 10 300 20 223 3 0000 4 0131 5 0000 6 000 0 7 00 0 0 8 3 8 0 0 333 10 /// 59 002 6 000 0 7 0000 
01-FEB-2015 09 48110 3 1 5 96 6 13 05 10 330 20 224 3 0000 4 0105 5 0000 6 000 0 7 05 2 2 8 3 3 0 6 333 10 /// 59 009 6 000 0 7 0000 
01-FEB-2015 09 48112 3 2 5 97 8 04 07 10 320 20 236 3 0000 4 0107 5 0000 6 000 0 7 00 0 0 8 4 8 7 6 333 10 /// 59 008 6 000 0 7 0000 
