01-FEB-2015 03 48001 3 1 4 50 3 00 00 10 123 20 102 3 0000 4 0197 5 0000 6 000 0 7 42 4 4 8 3 2 0 0 333 10 /// 58 022 6 000 0 7 0000 
01-FEB-2015 03 48004 3 1 5 60 1 13 01 10 156 20 106 3 0000 4 0000 5 0000 6 000 0 7 01 4 4 8 1 5 0 0 333 10 /// 58 000 6 000 0 7 0000 
01-FEB-2015 03 48008 3 1 5 57 5 04 01 10 174 20 135 3 0000 4 0169 5 0000 6 000 0 7 01 4 4 8 3 9 3 0 333 10 /// 59 001 6 000 0 7 0000 
01-FEB-2015 03 48010 3 2 0 40 0 00 00 10 145 20 107 3 0000 4 0179 5 0000 6 000 0 7 00 0 0 8 0 0 0 0 333 10 /// 58 005 6 000 0 7 0000 
01-FEB-2015 03 48018 3 1 5 58 2 14 01 10 165 20 144 3 0000 4 0167 5 0000 6 000 0 7 03 4 4 8 2 8 0 0 333 10 /// 58 004 6 000 0 7 0000 
01-FEB-2015 03 48019 2 2 4 57 5 04 01 10 164 20 144 3 0000 4 0161 5 0000 6 000 0 7 00 0 0 8 3 6 2 0 333 10 /// 58 006 6 000 0 7 0000 
01-FEB-2015 03 48020 3 1 9 50 0 32 02 10 145 20 134 3 0000 4 0000 5 0000 6 000 0 7 01 4 4 8 0 0 0 0 333 10 /// 58 000 6 000 0 7 0000 
01-FEB-2015 03 48025 3 1 1 10 2 22 01 10 178 20 129 3 0000 4 0168 5 0000 6 000 0 7 40 4 4 8 2 6 0 0 333 10 /// 59 005 6 000 0 7 0000 
01-FEB-2015 03 48030 3 2 9 56 0 22 02 10 048 20 000 3 0000 4 0000 5 0000 6 000 0 7 00 0 0 8 0 0 0 0 333 10 /// 58 000 6 000 0 7 0000 
01-FEB-2015 03 48031 3 2 9 57 0 22 01 10 140 20 029 3 0000 4 0000 5 0000 6 000 0 7 00 0 0 8 0 0 0 0 333 10 /// 58 000 6 000 0 7 0000 
01-FEB-2015 03 48033 3 2 9 62 0 36 01 10 200 20 168 3 0000 4 0137 5 0000 6 000 0 7 00 0 0 8 0 0 0 0 333 10 /// 58 002 6 000 0 7 0000 
01-FEB-2015 03 48034 3 1 9 48 0 00 00 10 132 20 086 3 0000 4 0000 5 0000 6 000 0 7 10 0 0 8 0 0 0 0 333 10 /// 58 000 6 000 0 7 0000 
01-FEB-2015 03 48035 3 1 5 59 2 00 00 10 136 20 124 3 0000 4 0177 5 0000 6 000 0 7 05 4 4 8 2 8 0 0 333 10 /// 58 011 6 000 0 7 0000 
01-FEB-2015 03 48037 3 2 9 56 0 36 01 10 199 20 130 3 0000 4 0152 5 0000 6 000 0 7 00 0 0 8 0 0 0 0 333 10 /// 59 005 6 000 0 7 0000 
01-FEB-2015 03 48039 3 1 9 40 2 00 00 10 195 20 139 3 0000 4 0000 5 0000 6 000 0 7 40 4 4 8 0 0 0 2 333 10 /// 58 000 6 000 0 7 0000 
01-FEB-2015 03 48042 3 1 9 40 0 00 00 10 205 20 171 3 0000 4 0155 5 0000 6 000 0 7 10 0 0 8 0 0 0 0 333 10 /// 58 006 6 000 0 7 0000 
01-FEB-2015 03 48043 3 2 0 56 0 18 03 10 170 20 117 3 0000 4 0000 5 0000 6 000 0 7 00 0 0 8 0 0 0 0 333 10 /// 58 000 6 000 0 7 0000 
01-FEB-2015 03 48045 3 2 9 59 0 14 02 10 148 20 012 3 0000 4 0000 5 0000 6 000 0 7 00 0 0 8 0 0 0 0 333 10 /// 58 000 6 000 0 7 0000 
01-FEB-2015 03 48048 3 2 9 60 0 09 01 10 205 20 160 3 0000 4 0160 5 0000 6 000 0 7 00 0 0 8 0 0 0 0 333 10 /// 58 005 6 000 0 7 0000 
01-FEB-2015 03 48051 3 2 9 58 0 31 02 10 170 20 120 3 0000 4 0000 5 0000 6 000 0 7 02 0 0 8 0 0 0 0 333 10 /// 58 000 6 000 0 7 0000 
01-FEB-2015 03 48052 3 2 9 58 0 00 00 10 210 20 160 3 0000 4 0000 5 0000 6 000 0 7 00 0 0 8 0 0 0 0 333 10 /// 58 000 6 000 0 7 0000 
01-FEB-2015 03 48053 3 2 9 50 0 36 02 10 200 20 130 3 0000 4 0153 5 0000 6 000 0 7 00 0 0 8 0 0 0 0 333 10 /// 58 001 6 000 0 7 0000 
01-FEB-2015 03 48055 3 2 9 56 0 09 01 10 137 20 174 3 0000 4 0185 5 0000 6 000 0 7 00 0 0 8 0 0 0 0 333 10 /// 58 000 6 000 0 7 0000 
01-FEB-2015 03 48057 3 2 4 56 1 22 02 10 180 20 129 3 0000 4 0000 5 0000 6 000 0 7 00 0 0 8 1 5 0 0 333 10 /// 58 000 6 000 0 7 0000 
01-FEB-2015 03 48060 3 1 4 20 7 00 00 10 180 20 129 3 0000 4 0188 5 0000 6 000 0 7 40 4 4 8 5 8 7 0 333 10 /// 59 010 6 000 0 7 0000 
01-FEB-2015 03 48062 3 2 5 56 0 04 01 10 190 20 160 3 0000 4 0163 5 0000 6 000 0 7 00 0 0 8 0 0 0 0 333 10 /// 58 009 6 000 0 7 0000 
01-FEB-2015 03 48064 3 2 9 60 0 14 01 10 180 20 147 3 0000 4 0155 5 0000 6 000 0 7 00 0 0 8 0 0 0 0 333 10 /// 58 019 6 000 0 7 0000 
01-FEB-2015 03 48065 3 2 9 60 0 00 00 10 202 20 150 3 0000 4 0000 5 0000 6 000 0 7 00 0 0 8 0 0 0 0 333 10 /// 58 000 6 000 0 7 0000 
01-FEB-2015 03 48071 3 1 9 58 0 32 02 10 218 20 185 3 0000 4 0163 5 0000 6 000 0 7 10 4 0 8 0 0 0 0 333 10 /// 59 003 6 000 0 7 0000 
01-FEB-2015 03 48072 3 1 9 58 0 32 02 10 235 20 191 3 0000 4 0000 5 0000 6 000 0 7 10 4 5 8 0 0 0 0 333 10 /// 58 000 6 000 0 7 0000 
01-FEB-2015 03 48074 3 2 4 58 3 04 01 10 215 20 156 3 0000 4 0172 5 0000 6 000 0 7 00 0 0 8 2 8 6 0 333 10 /// 58 004 6 000 0 7 0000 
01-FEB-2015 03 48075 3 1 9 58 0 00 00 10 165 20 140 3 0000 4 0183 5 0000 6 000 0 7 05 0 0 8 0 0 0 0 333 10 /// 59 015 6 000 0 7 0000 
01-FEB-2015 03 48077 3 2 9 59 0 00 00 10 210 20 160 3 0000 4 0154 5 0000 6 000 0 7 00 0 0 8 0 0 0 0 333 10 /// 58 007 6 000 0 7 0000 
01-FEB-2015 03 48078 3 2 9 56 1 14 01 10 210 20 160 3 0000 4 0160 5 0000 6 000 0 7 00 0 0 8 0 0 0 1 333 10 /// 58 002 6 000 0 7 0000 
01-FEB-2015 03 48080 3 1 9 59 0 04 01 10 192 20 159 3 0000 4 0157 5 0000 6 000 0 7 02 4 4 8 0 0 0 0 333 10 /// 59 005 6 000 0 7 0000 
01-FEB-2015 03 48085 3 2 9 58 0 22 02 10 218 20 195 3 0000 4 0166 5 0000 6 000 0 7 00 0 0 8 0 0 0 0 333 10 /// 58 013 6 000 0 7 0000 
01-FEB-2015 03 48087 3 1 4 30 5 00 00 10 206 20 195 3 0000 4 0000 5 0000 6 000 0 7 43 4 4 8 5 7 / / 333 10 /// 58 000 6 000 0 7 0000 
01-FEB-2015 03 48092 3 1 9 20 3 32 01 10 240 20 209 3 0000 4 0136 5 0000 6 000 0 7 10 2 2 8 0 0 7 0 333 10 /// 59 008 6 000 0 7 0000 
01-FEB-2015 03 48093 3 2 6 56 4 14 01 10 257 20 203 3 0000 4 0000 5 0000 6 000 0 7 00 0 0 8 3 8 0 1 333 10 /// 58 000 6 000 0 7 0000 
01-FEB-2015 03 48094 3 2 9 59 0 32 01 10 240 20 210 3 0000 4 0154 5 0000 6 000 0 7 00 0 0 8 0 0 0 0 333 10 /// 58 007 6 000 0 7 0000 
01-FEB-2015 03 48095 3 2 9 58 1 04 01 10 225 20 185 3 0000 4 0000 5 0000 6 000 0 7 02 1 1 8 0 0 0 1 333 10 /// 58 000 6 000 0 7 0000 
01-FEB-2015 03 48097 3 1 5 57 6 00 00 10 295 20 172 3 0000 4 0168 5 0000 6 000 0 7 05 2 2 8 4 8 5 0 333 10 /// 58 004 6 000 0 7 0000 
01-FEB-2015 03 48099 3 1 4 40 6 04 03 10 250 20 205 3 0000 4 0157 5 0000 6 000 0 7 05 1 1 8 6 8 0 0 333 10 /// 59 003 6 000 0 7 0000 
01-FEB-2015 03 48101 3 2 9 58 0 32 01 10 247 20 205 3 0000 4 0000 5 0000 6 000 0 7 00 0 0 8 0 0 0 0 333 10 /// 58 000 6 000 0 7 0000 
01-FEB-2015 03 48103 3 1 4 56 2 04 01 10 250 20 219 3 0000 4 0152 5 0000 6 000 0 7 02 4 4 8 2 5 0 0 333 10 /// 59 003 6 000 0 7 0000 
01-FEB-2015 03 48107 3 1 9 50 0 04 01 10 264 20 215 3 0000 4 0138 5 0000 6 000 0 7 01 2 2 8 0 0 0 0 333 10 /// 59 009 6 000 0 7 0000 
01-FEB-2015 03 48108 3 1 5 96 7 14 01 10 270 20 226 3 0000 4 0152 5 0000 6 000 0 7 03 4 4 8 3 4 0 7 333 10 /// 59 012 6 000 0 7 0000 
01-FEB-2015 03 48109 3 2 4 97 4 04 01 10 276 20 220 3 0000 4 0157 5 0000 6 000 0 7 00 0 0 8 4 9 0 0 333 10 /// 59 009 6 000 0 7 0000 
01-FEB-2015 03 48110 2 1 9 95 2 13 02 10 280 20 233 3 0000 4 0150 5 0000 6 000 0 7 05 4 4 8 0 0 0 5 333 10 /// 59 006 6 000 0 7 0000 
01-FEB-2015 03 48112 3 2 5 98 6 04 02 10 285 20 225 3 0000 4 0145 5 0000 6 000 0 7 00 0 0 8 2 2 1 6 333 10 /// 59 005 6 000 0 7 0000 
