01-FEB-2015 12 48004 3 2 4 60 2 22 01 10 221 20 173 3 0000 4 0000 5 0000 6 000 0 7 00 0 0 8 2 8 0 0 333 10 270 58 000 6 000 0 7 0000 
01-FEB-2015 12 48008 3 2 5 50 4 04 01 10 222 20 173 3 0000 4 0131 5 0000 6 000 0 7 00 0 0 8 2 9 3 0 333 10 265 58 001 6 000 0 7 0000 
01-FEB-2015 12 48010 3 2 0 56 0 00 00 10 240 20 191 3 0000 4 0127 5 0000 6 000 0 7 00 0 0 8 0 0 0 0 333 10 282 58 003 6 000 0 7 0000 
01-FEB-2015 12 48018 3 1 9 58 0 00 00 10 240 20 155 3 0000 4 0132 5 0000 6 000 0 7 10 4 4 8 0 0 0 0 333 10 285 58 000 6 000 0 7 0000 
01-FEB-2015 12 48019 3 2 9 50 0 00 00 10 230 20 198 3 0000 4 0131 5 0000 6 000 0 7 00 0 0 8 0 0 0 0 333 10 257 58 008 6 000 0 7 0000 
01-FEB-2015 12 48020 3 2 9 50 0 00 00 10 240 20 174 3 0000 4 0000 5 0000 6 000 0 7 00 0 0 8 0 0 0 0 333 10 286 58 000 6 000 0 7 0000 
01-FEB-2015 12 48025 3 2 4 58 1 32 01 10 260 20 215 3 0000 4 0121 5 0000 6 000 0 7 00 0 0 8 1 5 0 0 333 10 290 59 003 6 000 0 7 0000 
01-FEB-2015 12 48030 3 2 9 56 0 22 05 10 160 20 059 3 0000 4 0000 5 0000 6 000 0 7 00 0 0 8 0 0 0 0 333 10 198 58 000 6 000 0 7 0000 
01-FEB-2015 12 48031 3 2 9 60 0 36 01 10 160 20 085 3 0000 4 0000 5 0000 6 000 0 7 00 0 0 8 0 0 0 0 333 10 210 58 000 6 000 0 7 0000 
01-FEB-2015 12 48033 3 2 9 62 0 00 00 10 290 20 215 3 0000 4 0118 5 0000 6 000 0 7 00 0 0 8 0 0 0 0 333 10 310 58 011 6 000 0 7 0000 
01-FEB-2015 12 48034 3 2 9 56 0 00 00 10 197 20 097 3 0000 4 0000 5 0000 6 000 0 7 00 0 0 8 0 0 0 0 333 10 245 58 000 6 000 0 7 0000 
01-FEB-2015 12 48035 3 1 9 50 0 00 00 10 199 20 150 3 0000 4 0106 5 0000 6 000 0 7 05 0 0 8 0 0 0 0 333 10 268 58 002 6 000 0 7 0000 
01-FEB-2015 12 48037 3 2 9 40 0 00 00 10 272 20 172 3 0000 4 0106 5 0000 6 000 0 7 00 0 0 8 0 0 0 0 333 10 322 58 006 6 000 0 7 0000 
01-FEB-2015 12 48039 3 2 9 60 2 00 00 10 275 20 172 3 0000 4 0000 5 0000 6 000 0 7 00 0 0 8 0 0 0 2 333 10 322 58 000 6 000 0 7 0000 
01-FEB-2015 12 48042 3 2 5 56 1 00 00 10 285 20 190 3 0000 4 0112 5 0000 6 000 0 7 00 0 0 8 1 4 0 0 333 10 326 58 014 6 000 0 7 0000 
01-FEB-2015 12 48043 3 2 0 20 0 00 00 10 190 20 118 3 0000 4 0000 5 0000 6 000 0 7 00 0 0 8 0 0 0 0 333 10 250 58 000 6 000 0 7 0000 
01-FEB-2015 12 48045 3 2 9 58 1 14 04 10 145 20 134 3 0000 4 0000 5 0000 6 000 0 7 00 0 0 8 1 1 0 0 333 10 232 58 000 6 000 0 7 0000 
01-FEB-2015 12 48048 3 2 9 50 0 36 01 10 275 20 158 3 0000 4 0112 5 0000 6 000 0 7 00 0 0 8 0 0 0 0 333 10 310 58 007 6 000 0 7 0000 
01-FEB-2015 12 48051 3 2 5 59 0 00 00 10 230 20 140 3 0000 4 0000 5 0000 6 000 0 7 02 0 0 8 0 0 0 0 333 10 303 58 000 6 000 0 7 0000 
01-FEB-2015 12 48052 3 2 9 50 0 00 00 10 312 20 203 3 0000 4 0000 5 0000 6 000 0 7 00 0 0 8 0 0 0 0 333 10 350 58 000 6 000 0 7 0000 
01-FEB-2015 12 48053 3 2 9 50 0 22 01 10 280 20 098 3 0000 4 0112 5 0000 6 000 0 7 00 0 0 8 0 0 0 0 333 10 330 58 014 6 000 0 7 0000 
01-FEB-2015 12 48055 3 2 5 56 2 00 00 10 236 20 149 3 0000 4 0104 5 0000 6 000 0 7 00 0 0 8 2 5 0 0 333 10 297 58 009 6 000 0 7 0000 
01-FEB-2015 12 48057 3 2 9 50 0 14 01 10 198 20 085 3 0000 4 0000 5 0000 6 000 0 7 00 0 0 8 0 0 0 0 333 10 245 58 000 6 000 0 7 0000 
01-FEB-2015 12 48060 3 2 4 10 2 14 04 10 220 20 156 3 0000 4 0128 5 0000 6 000 0 7 00 0 0 8 2 1 0 0 333 10 270 58 001 6 000 0 7 0000 
01-FEB-2015 12 48062 3 2 5 56 2 32 03 10 230 20 180 3 0000 4 0135 5 0000 6 000 0 7 05 0 0 8 2 5 0 0 333 10 270 58 010 6 000 0 7 0000 
01-FEB-2015 12 48064 3 2 9 50 0 14 01 10 250 20 186 3 0000 4 0095 5 0000 6 000 0 7 00 0 0 8 0 0 0 0 333 10 313 59 001 6 000 0 7 0000 
01-FEB-2015 12 48065 3 2 9 50 0 00 00 10 265 20 191 3 0000 4 0000 5 0000 6 000 0 7 00 0 0 8 0 0 0 0 333 10 318 58 000 6 000 0 7 0000 
01-FEB-2015 12 48071 3 2 9 56 0 32 03 10 240 20 155 3 0000 4 0135 5 0000 6 000 0 7 00 0 0 8 0 0 0 0 333 10 260 58 007 6 000 0 7 0000 
01-FEB-2015 12 48072 3 2 9 56 0 32 02 10 240 20 209 3 0000 4 0000 5 0000 6 000 0 7 00 0 0 8 0 0 0 0 333 10 290 58 000 6 000 0 7 0000 
01-FEB-2015 12 48074 3 2 9 50 0 00 00 10 287 20 196 3 0000 4 0115 5 0000 6 000 0 7 00 0 0 8 0 0 0 0 333 10 330 59 004 6 000 0 7 0000 
01-FEB-2015 12 48075 3 1 4 56 3 22 01 10 240 20 140 3 0000 4 0119 5 0000 6 000 0 7 05 1 1 8 3 8 0 0 333 10 300 59 001 6 000 0 7 0000 
01-FEB-2015 12 48077 3 2 9 56 0 00 00 10 280 20 146 3 0000 4 0109 5 0000 6 000 0 7 00 0 0 8 0 0 0 0 333 10 352 58 008 6 000 0 7 0000 
01-FEB-2015 12 48078 3 2 5 50 3 14 01 10 302 20 215 3 0000 4 0109 5 0000 6 000 0 7 00 0 0 8 2 5 0 1 333 10 338 59 007 6 000 0 7 0000 
01-FEB-2015 12 48080 3 1 9 57 0 32 01 10 265 20 229 3 0000 4 0130 5 0000 6 000 0 7 05 0 0 8 0 0 0 0 333 10 315 58 002 6 000 0 7 0000 
01-FEB-2015 12 48085 3 2 9 56 0 32 01 10 256 20 167 3 0000 4 0130 5 0000 6 000 0 7 00 0 0 8 0 0 0 0 333 10 300 58 008 6 000 0 7 0000 
01-FEB-2015 12 48087 3 2 9 30 0 00 00 10 260 20 203 3 0000 4 0000 5 0000 6 000 0 7 00 0 0 8 0 0 0 0 333 10 338 58 000 6 000 0 7 0000 
01-FEB-2015 12 48092 3 1 4 56 1 00 00 10 295 20 235 3 0000 4 0099 5 0000 6 000 0 7 05 2 2 8 1 4 0 0 333 10 350 58 000 6 000 0 7 0000 
01-FEB-2015 12 48093 3 2 6 30 4 32 01 10 301 20 149 3 0000 4 0000 5 0000 6 000 0 7 00 0 0 8 4 8 0 0 333 10 335 58 000 6 000 0 7 0000 
01-FEB-2015 12 48094 3 2 9 56 0 32 01 10 270 20 210 3 0000 4 0126 5 0000 6 000 0 7 00 0 0 8 0 0 0 0 333 10 340 58 003 6 000 0 7 0000 
01-FEB-2015 12 48095 3 2 9 56 0 00 00 10 295 20 248 3 0000 4 0000 5 0000 6 000 0 7 00 0 0 8 0 0 0 0 333 10 350 58 000 6 000 0 7 0000 
01-FEB-2015 12 48096 3 2 4 57 3 14 05 10 300 20 185 3 0000 4 0123 5 0000 6 000 0 7 02 2 2 8 3 4 0 0 333 10 335 59 002 6 000 0 7 0000 
01-FEB-2015 12 48097 3 2 5 56 6 23 01 10 290 20 222 3 0000 4 0123 5 0000 6 000 0 7 00 0 0 8 6 8 0 0 333 10 346 59 005 6 000 0 7 0000 
01-FEB-2015 12 48099 3 2 4 40 3 00 00 10 300 20 239 3 0000 4 0109 5 0000 6 000 0 7 00 0 0 8 3 7 0 0 333 10 345 59 004 6 000 0 7 0000 
01-FEB-2015 12 48101 3 2 9 50 0 00 00 10 284 20 220 3 0000 4 0000 5 0000 6 000 0 7 00 0 0 8 0 0 0 0 333 10 314 58 000 6 000 0 7 0000 
01-FEB-2015 12 48103 3 2 4 50 2 13 01 10 295 20 223 3 0000 4 0114 5 0000 6 000 0 7 00 0 0 8 2 5 0 0 333 10 347 59 003 6 000 0 7 0000 
01-FEB-2015 12 48107 3 2 3 30 4 23 02 10 292 20 215 3 0000 4 0113 5 0000 6 000 0 7 00 0 0 8 4 9 0 0 333 10 345 58 000 6 000 0 7 0000 
01-FEB-2015 12 48108 3 2 5 96 6 32 04 10 300 20 239 3 0000 4 0163 5 0000 6 000 0 7 00 0 0 8 3 8 0 7 333 10 348 58 000 6 000 0 7 0000 
01-FEB-2015 12 48109 3 2 4 96 3 00 00 10 275 20 233 3 0000 4 0132 5 0000 6 000 0 7 02 2 2 8 3 8 0 0 333 10 315 58 000 6 000 0 7 0000 
01-FEB-2015 12 48110 3 1 5 96 8 18 01 10 295 20 210 3 0000 4 0118 5 0000 6 000 0 7 05 2 2 8 2 3 0 7 333 10 330 59 004 6 000 0 7 0000 
01-FEB-2015 12 48112 3 2 5 97 8 04 05 10 290 20 230 3 0000 4 0114 5 0000 6 000 0 7 02 2 2 8 4 8 7 6 333 10 327 59 001 6 000 0 7 0000 
