01-JAN-2015 00 48008 3 2 5 50 7 34 01 10 150 20 134 3 0000 4 0165 5 0000 6 000 0 7 00 0 0 8 4 9 7 0 333 20 142 59 002 6 000 0 7 0000 
01-JAN-2015 00 48010 3 2 5 10 7 00 00 10 175 20 172 3 0000 4 0152 5 0000 6 000 0 7 00 0 0 8 3 7 7 0 333 20 170 58 000 6 000 0 7 0000 
01-JAN-2015 00 48018 2 1 5 56 8 00 00 10 165 20 135 3 0000 4 0151 5 0000 6 000 0 7 20 5 5 8 4 8 7 / 333 20 150 59 004 6 000 0 7 0000 
01-JAN-2015 00 48025 2 1 3 40 7 00 00 10 184 20 184 3 0000 4 0161 5 0000 6 000 0 7 03 5 5 8 5 7 7 0 333 20 178 58 002 6 000 0 7 0000 
01-JAN-2015 00 48030 2 1 0 03 9 22 02 10 117 20 117 3 0000 4 0000 5 0000 6 000 0 7 52 6 5 8 0 0 0 0 333 20 108 58 000 6 000 0 7 0000 
01-JAN-2015 00 48031 2 1 2 50 8 00 00 10 133 20 130 3 0000 4 0000 5 0000 6 000 0 7 01 6 4 8 8 8 / / 333 20 122 58 000 6 000 0 7 0000 
01-JAN-2015 00 48033 3 2 5 60 7 33 02 10 190 20 175 3 0000 4 0142 5 0000 6 000 0 7 00 0 0 8 5 5 3 0 333 20 180 58 002 6 000 0 7 0000 
01-JAN-2015 00 48034 3 2 4 56 8 00 00 10 130 20 116 3 0000 4 0000 5 0000 6 000 0 7 00 0 0 8 6 3 7 / 333 20 120 58 000 6 000 0 7 0000 
01-JAN-2015 00 48035 3 1 5 30 5 00 00 10 116 20 102 3 0000 4 0172 5 0000 6 000 0 7 10 2 2 8 4 9 6 0 333 20 110 58 002 6 000 0 7 0000 
01-JAN-2015 00 48037 2 2 5 10 8 36 01 10 200 20 150 3 0000 4 0139 5 0000 6 000 0 7 00 0 0 8 5 8 7 / 333 20 198 58 010 6 000 0 7 0000 
01-JAN-2015 00 48039 3 1 4 50 5 22 01 10 170 20 154 3 0000 4 0000 5 0000 6 000 0 7 10 2 2 8 3 2 5 0 333 20 169 58 000 6 000 0 7 0000 
01-JAN-2015 00 48042 3 2 5 57 6 00 00 10 178 20 165 3 0000 4 0146 5 0000 6 000 0 7 00 0 0 8 3 8 5 0 333 20 173 58 016 6 000 0 7 0000 
01-JAN-2015 00 48043 3 2 5 50 8 00 00 10 130 20 113 3 0000 4 0000 5 0000 6 000 0 7 00 0 0 8 4 8 7 / 333 20 084 58 000 6 000 0 7 0000 
01-JAN-2015 00 48048 3 2 5 50 7 04 01 10 202 20 168 3 0000 4 0145 5 0000 6 000 0 7 00 0 0 8 5 9 5 0 333 20 195 58 006 6 000 0 7 0000 
01-JAN-2015 00 48052 3 2 4 50 3 04 01 10 212 20 175 3 0000 4 0000 5 0000 6 000 0 7 00 0 0 8 3 8 0 0 333 20 155 58 000 6 000 0 7 0000 
01-JAN-2015 00 48053 3 2 5 50 5 36 02 10 180 20 147 3 0000 4 0133 5 0000 6 000 0 7 00 0 0 8 3 5 5 0 333 20 175 58 006 6 000 0 7 0000 
01-JAN-2015 00 48055 3 1 4 10 4 00 00 10 062 20 060 3 0000 4 0208 5 0000 6 000 0 7 40 4 4 8 1 5 3 0 333 20 053 58 020 6 000 0 7 0000 
01-JAN-2015 00 48057 3 1 4 39 5 00 00 10 123 20 102 3 0000 4 0000 5 0000 6 000 0 7 10 2 2 8 1 5 5 0 333 20 110 58 000 6 000 0 7 0000 
01-JAN-2015 00 48060 3 2 4 30 8 00 00 10 150 20 134 3 0000 4 0199 5 0000 6 000 0 7 00 0 0 8 5 9 7 / 333 20 135 58 009 6 000 0 7 0000 
01-JAN-2015 00 48062 3 1 4 40 8 04 02 10 225 20 210 3 0000 4 0123 5 0000 6 000 0 7 10 1 1 8 6 9 7 / 333 20 205 58 008 6 000 0 7 0000 
01-JAN-2015 00 48064 3 2 4 50 5 09 01 10 214 20 160 3 0000 4 0114 5 0000 6 000 0 7 00 0 0 8 3 8 3 0 333 20 185 58 009 6 000 0 7 0000 
01-JAN-2015 00 48065 3 2 4 50 7 00 00 10 210 20 160 3 0000 4 0000 5 0000 6 000 0 7 00 0 0 8 5 8 7 0 333 20 196 58 000 6 000 0 7 0000 
01-JAN-2015 00 48071 3 2 4 40 7 05 01 10 225 20 198 3 0000 4 0113 5 0000 6 000 0 7 00 0 0 8 5 8 3 0 333 20 220 58 000 6 000 0 7 0000 
01-JAN-2015 00 48074 3 2 9 56 0 00 00 10 190 20 139 3 0000 4 0133 5 0000 6 000 0 7 00 0 0 8 0 0 0 0 333 20 180 58 002 6 000 0 7 0000 
01-JAN-2015 00 48075 3 1 9 56 0 00 00 10 120 20 120 3 0000 4 0190 5 0000 6 000 0 7 10 2 2 8 0 0 0 0 333 20 115 59 006 6 000 0 7 0000 
01-JAN-2015 00 48077 3 1 5 56 2 00 00 10 215 20 210 3 0000 4 0120 5 0000 6 000 0 7 00 0 0 8 1 2 0 1 333 20 200 58 015 6 000 0 7 0000 
01-JAN-2015 00 48080 3 2 4 56 5 13 02 10 190 20 175 3 0000 4 0115 5 0000 6 000 0 7 00 0 0 8 3 8 7 0 333 20 182 58 002 6 000 0 7 0000 
01-JAN-2015 00 48085 3 1 4 50 4 18 02 10 194 20 175 3 0000 4 0120 5 0000 6 000 0 7 40 4 4 8 1 8 3 0 333 20 192 58 011 6 000 0 7 0000 
01-JAN-2015 00 48087 3 2 4 40 3 00 00 10 192 20 159 3 0000 4 0000 5 0000 6 000 0 7 00 0 0 8 2 8 4 0 333 20 168 58 000 6 000 0 7 0000 
01-JAN-2015 00 48092 3 1 4 50 5 00 00 10 215 20 190 3 0000 4 0108 5 0000 6 000 0 7 05 2 2 8 3 5 7 0 333 20 195 58 013 6 000 0 7 0000 
01-JAN-2015 00 48093 3 2 5 30 6 04 01 10 217 20 205 3 0000 4 0000 5 0000 6 000 0 7 00 0 0 8 3 8 4 1 333 20 212 58 000 6 000 0 7 0000 
01-JAN-2015 00 48096 3 2 9 56 1 12 03 10 216 20 185 3 0000 4 0132 5 0000 6 000 0 7 00 0 0 8 0 0 0 1 333 20 205 58 015 6 000 0 7 0000 
01-JAN-2015 00 48097 3 1 4 56 3 23 01 10 210 20 195 3 0000 4 0134 5 0000 6 000 0 7 10 1 1 8 2 5 0 1 333 20 198 58 010 6 000 0 7 0000 
01-JAN-2015 00 48099 3 1 3 30 2 04 05 10 230 20 181 3 0000 4 0127 5 0000 6 000 0 7 40 4 4 8 2 5 0 0 333 20 210 58 012 6 000 0 7 0000 
01-JAN-2015 00 48101 3 1 9 56 0 00 00 10 212 20 212 3 0000 4 0000 5 0000 6 000 0 7 00 4 4 8 0 0 0 0 333 20 190 58 000 6 000 0 7 0000 
01-JAN-2015 00 48103 3 2 4 40 1 04 01 10 220 20 185 3 0000 4 0131 5 0000 6 000 0 7 00 0 0 8 1 5 0 0 333 20 180 58 017 6 000 0 7 0000 
01-JAN-2015 00 48107 3 1 9 30 0 09 02 10 204 20 150 3 0000 4 0121 5 0000 6 000 0 7 41 4 4 8 0 0 0 0 333 20 190 58 010 6 000 0 7 0000 
01-JAN-2015 00 48108 3 2 5 95 5 14 15 10 230 20 124 3 0000 4 0130 5 0000 6 000 0 7 00 0 0 8 2 4 0 6 333 20 163 58 017 6 000 0 7 0000 
01-JAN-2015 00 48109 3 2 4 96 6 04 02 10 270 20 226 3 0000 4 0113 5 0000 6 000 0 7 00 0 0 8 6 9 0 0 333 20 240 58 009 6 000 0 7 0000 
01-JAN-2015 00 48110 3 1 9 95 4 00 00 10 200 20 168 3 0000 4 0134 5 0000 6 000 0 7 05 2 2 8 0 0 0 6 333 20 200 58 027 6 000 0 7 0000 
01-JAN-2015 00 48112 3 2 5 97 8 04 08 10 246 20 186 3 0000 4 0119 5 0000 6 000 0 7 00 0 0 8 3 8 7 6 333 20 201 58 011 6 000 0 7 0000 
