



*-*-*


<!--
.style2 {
	font-family:"Courier New", Courier, monospace;
	font-size: 14px;
}
-->






SMBM01 VBRR 010600

AAXX 01064

48001 NIL=

48004 NIL=

48008 NIL=

48010 NIL=

48018 NIL=

48019 NIL=

48020 NIL=

48025 NIL=

48035 NIL=

48037 NIL=

48042 NIL=

48045 NIL=

48048 NIL=

48051 32558 73603 10260 20220 85930 333 56490=

48053 NIL=

48060 NIL=

48062 32556 80902 10275 20250 40136 86970 333 56590

58000=

48071 32460 60501 10295 20207 40139 84830 333 56990

58003=

48075 32558 51401 10240 20190 40160 85800 333 56500

58044=

48077 32559 20000 10300 20185 40150 81201 333 56909

58025=

48078 32558 22301 10295 20172 40155 81201 333 56909

58029=

48080 32961 00402 10310 20225 40128 333 58007=

48085 31957 00909 10292 20179 40131 70500 333 58009=

48095 32960 00402 10300 20207 333=

48108 32996 30506 10300 20136 40133 80006 333 56009

58011=

48109 NIL=

48110 31996 31304 10315 20154 40123 70511 80006 333

56009 58006=

48112 NIL=

48030 NIL=

48072 32560 21302 10300 20253 82800 333 56900=

48087 32960 30402 10297 20185 80041 333 56099=

48099 32456 21303 10305 20149 40137 82800 333 56300

58015=

48101 32960 00902 10297 20166 333=

48103 32957 00402 10300 20239 40137 333 58018=

48057 32458 41502 10218 20111 82850 333 56690=

48094 32960 00902 10305 20190 40135 333 58010=

48097 32457 21403 10310 20158 40140 82500 333 56900

58017=

48031 NIL=

48033 NIL=

48034 NIL=

48039 NIL=

48043 NIL=

48052 32460 43203 10258 20158 83801 333 56909=

48055 NIL=

48064 32970 21401 10280 20184 40140 80031 333 56099

58003=

48065 32968 40404 10290 20159 80041 333 56099=

48074 NIL=

48092 31956 00405 10305 20167 40119 70511 333 58005=

48093 NIL=

48107 NIL=  
SMBM01 VBRR 010600

AAXX 01064

48001 NIL=

48004 32358 73201 10213 20160 87900 333 56500=

48008 32557 80401 10192 20139 40182 8497/ 333 56569 58018=

48010 32560 60000 10215 20185 40176 83830 333 56560 58009=

48018 32559 80401 10205 20160 40170 8487/ 333 56129 58015=

48019 32458 83201 10203 20185 40172 8577/ 333 56569 58005=

48020 21150 83602 10210 20195 75022 889// 333 569//=

48025 21456 83201 10220 20185 40182 70355 8574/ 333 56559 58005=

48030 32150 80401 10150 20111 86870 333 56180=

48031 31/05 91801 10156 20144 74754 89/// 333 56900=

48033 32562 73601 10240 20174 40152 85970 333 56690 58030=

48034 32456 81302 10213 20120 8637/ 333 5659/=

48035 31460 80401 10222 20111 40147 70522 8597/ 333 56679 58005=

48037 32560 80401 10258 20190 40156 8587/ 333 56569 58010=

48039 32460 63203 10265 20160 83851 333 56777=

48042 32557 62701 10175 20184 40150 82850 333 56790 58005=

48043 32057 30503 10210 20120 80030 333 56090=

48045 31558 71402 10186 20139 74144 81100 333 56500=

48048 32560 60401 10265 20179 40164 84850 333 56490 58015=

48051 32556 73602 10260 20203 70222 85930 333 56490=

48052 32460 43203 10258 20158 83801 333 56909=

48053 32556 33603 10260 20160 40149 82509 333 56509 58015=

48055 32557 51402 10243 20155 40126 85800 333 56400 58014=

48057 32458 41502 10218 20111 82850 333 56690=

48060 32440 60401 10240 20136 40178 85820 333 56590 58030=

48062 32556 80902 10275 20250 40136 86970 333 56590 58000=

48064 32970 21401 10280 20184 40140 80031 333 56099 58006=

48065 32968 40404 10290 20159 80041 333 56099=

48071 32460 60501 10295 20207 40139 84830 333 56990 58003=

48072 32560 21302 10300 20256 70122 82800 333 56900=

48074 32961 00401 10272 20172 40149 333 58008=

48075 32558 51401 10240 20190 40160 85800 333 56500 58044=

48077 32559 20000 10300 20185 40150 81201 333 56909 58025=

48078 32558 22301 10295 20172 40155 81201 333 56909 58029=

48080 32961 00402 10310 20225 40108 333 58007=

48085 31957 00909 10292 20179 40131 70500 333 58009=

48087 32960 30402 10297 20185 82241 333 56099=

48092 31956 00405 10305 20167 40119 70511 333 58005=

48093 NIL=

48094 32960 00902 10305 20190 40135 333 58010=

48095 32960 00402 10300 20207 333=

48097 32457 21403 10310 20158 40140 70211 82500 333 56900 58017=

48099 32456 21303 10305 20149 40137 82800 333 56300 58015=

48101 32960 00902 10297 20166 333=

48103 32957 00402 10300 20239 40137 333 58018=

48107 NIL=

48108 32996 30506 10300 20136 40133 80006 333 56009 58011=

48109 NIL=

48110 31996 31304 10315 20154 40123 70511 80006 333 56009 58006=

48112 NIL=  
SMBM01 VBRR 010600 RRA

AAXX 01064

48004 32358 73201 10213 20160 87900 333 56500=

48008 32557 80401 10192 20139 40182 8497/ 333 56569

58018=

48010 32560 60000 10215 20185 40176 83830 333 56560

58009=

48018 32559 80401 10205 20160 40170 8487/ 333 56129

58015=

48019 32458 83201 10203 20185 40172 8577/ 333 56569

58005=

48020 21150 83602 10210 20195 75022 889// 333 569//=

48025 21456 83201 10220 20185 40182 70355 8574/ 333

56559 58005=

48035 31460 80401 10222 20111 40147 70522 8597/ 333

56679 58005=

48037 32560 80401 10258 20190 40156 8587/ 333 56569

58010=

48045 31558 71402 10186 20139 74144 81100 333 56500=

48048 32560 60401 10265 20179 40164 84850 333 56490

58015=

48053 32556 33603 10260 20160 40149 82509 333 56509

58015=

48060 32440 60401 10240 20136 40178 85820 333 56590

58030=

48030 32150 80401 10150 20111 86870 333 56180=

48031 31/05 91801 10156 20144 74754 89/// 333 56900=

48033 32562 73601 10240 20174 40152 85970 333 56690

58030=

48034 32456 81302 10213 20120 8637/ 333 5659/=

48039 32460 63203 10265 20160 83851 333 56777=

48043 32057 30503 10210 20120 80030 333 56090=

48055 32557 51402 10243 20155 40126 85800 333 56400

58014=

48074 32961 00401 10272 20172 40149 333 58008=  





