010900 48035 31560 83202 10231 20143 40122 70522 8597/ 333 56569 58003=
010900 48048 21558 70401 10285 20184 40138 75055 85970 333 56490 58009=
010900 48051 32558 73104 10254 20210 85930 333 56490=
010900 48062 32556 73601 10295 20240 40122 85970 333 56990 58008=
010900 48071 32460 60501 10302 20185 40118 84831 333 56999 58003=
010900 48075 32560 40401 10270 20150 40125 84200 333 56500 58026=
010900 48077 32559 20000 10320 20163 40120 81201 333 56909 58015=
010900 48078 32559 23202 10322 20192 40122 81101 333 56909 58015=
010900 48080 32960 02203 10310 20237 40110 333 58018=
010900 48085 32958 01407 10298 20185 40113 333 58011=
010900 48095 32960 00000 10315 20225 333=
010900 48108 32996 40505 10320 20135 40113 80006 333 56009 58010=
010900 48110 31996 31304 10330 20151 40108 70511 80006 333 56009 58012=
010900 48072 32560 13202 10310 20267 81200 333 56900=
010900 48087 32560 40401 10316 20215 82841 333 56999=
010900 48099 32557 33201 10322 20184 40117 83800 333 56700 58019=
010900 48101 32960 01401 10298 20185 333=
010900 48103 32957 00402 10316 20248 40109 333 58012=
010900 48057 32458 41401 10210 20120 83850 333 56690=
010900 48094 32459 20402 10315 20185 40116 82800 333 56900 58014=
010900 48097 32457 21405 10310 20169 40128 82500 333 56900 58019=
010900 48052 32465 60402 10285 20159 84830 333 56990=
010900 48064 32970 31801 10289 20196 40103 80031 333 56099 58011=
010900 48065 32550 30000 10307 20166 81130 333 56990=
010900 48092 31456 20403 10310 20179 40097 70522 82400 333 56900 58022=
010900 48093 32658 10401 10302 20207 81100 333 56900=
010900 48107 32950 01302 10330 20151 40105 333 58012=  48001 NIL=
010900 48004 32358 70401 10230 20163 87900 333 56500=
010900 48008 32557 80401 10208 20143 40159 8497/ 333 56569 58010=
010900 48010 32560 60000 10235 20174 40155 84730 333 56550 58000=
010900 48018 31560 70401 10220 20136 40157 75055 84870 333 56120 58002=
010900 48019 32458 82301 10223 20173 40156 8587/ 333 56569 58010=
010900 48025 22456 83601 10238 20226 40156 8577/ 333 56559 58001=
010900 48030 32150 80402 10154 20134 86870 333 56180=
010900 48031 31/50 80000 10160 20144 888// 333 56999=
010900 48033 32563 73601 10260 20160 40118 85970 333 56990 58000=
010900 48034 32456 80000 10220 20085 8637/ 333 5659/=
010900 48035 31560 83202 10231 20143 40122 70522 8597/ 333 56569 58003=
010900 48037 32560 73201 10265 20172 40146 87870 333 56550 58011=
010900 48039 32460 72202 10261 20179 84860 333 56550=
010900 48042 32557 73601 10267 20172 40134 83850 333 56970 58002=
010900 48043 32656 53203 10230 20163 82230 333 56990=
010900 48045 31/20 80402 10178 20147 74344 887// 333 56999=
010900 48048 21558 70401 10285 20184 40138 75055 85970 333 56490 58009=
010900 48051 32558 73104 10254 20210 70222 85930 333 56490=
010900 48052 32465 60402 10285 20159 84830 333 56990=
010900 48053 32556 53604 10300 20166 40119 82556 333 56599 58009=
010900 48055 32557 50403 10231 20163 40123 85800 333 56400 58030=
010900 48057 32458 41401 10210 20120 83850 333 56690=
010900 48060 32440 60000 10230 20124 40159 70222 84830 333 56590 58039=
010900 48062 32556 73601 10295 20240 40122 85970 333 56990 58008=
010900 48064 32970 31801 10289 20196 40103 80031 333 56099 58011=
010900 48065 32550 30000 10307 20166 81130 333 56990=
010900 48071 32460 60501 10302 20185 40118 84831 333 56999 58003=
010900 48072 32560 13202 10310 20267 70122 81200 333 56900=
010900 48074 32561 13602 10312 20169 40124 81100 333 56900 58016=
010900 48075 32560 40401 10270 20150 40125 84200 333 56500 58026=
010900 48077 32559 20000 10320 20163 40120 81201 333 56909 58015=
010900 48078 32559 23202 10322 20192 40122 81101 333 56909 58015=
010900 48080 32960 02203 10310 20237 40110 333 58018=
010900 48085 32958 01407 10298 20185 40113 333 58011=
010900 48087 32560 40401 10316 20215 82841 333 56999=
010900 48092 31456 20403 10310 20179 40097 70522 82400 333 56900 58022=
010900 48093 32658 10401 10302 20207 81100 333 56900=
010900 48094 32459 20402 10315 20185 40116 82800 333 56900 58014=
010900 48095 32960 00000 10315 20225 333=
010900 48096 32959 10606 10310 20189 40127 80001 333 56009 58012=
010900 48097 32457 21405 10310 20169 40128 70211 82500 333 56900 58019=
010900 48099 32557 33201 10322 20184 40117 82800 333 56700 58019=
010900 48101 32960 01401 10298 20185 333=
010900 48103 32957 00402 10316 20248 40109 333 58012=
010900 48107 32950 01302 10330 20151 40105 333 58012=
010900 48108 32996 40505 10320 20135 40113 80006 333 56009 58010=
010900 48110 31996 31304 10330 20151 40108 70511 80006 333 56009 58012=
010900 48008 32557 80401 10208 20143 40159 8497/ 333 56569 58010=
010900 48010 32560 60000 10235 20174 40155 84730 333 56550 58000=
010900 48018 31560 70401 10220 20136 40157 75055 84870 333 56120 58002=
010900 48025 22456 83601 10238 20226 40156 8577/ 333 56559 58001=
010900 48037 32560 73201 10265 20172 40146 87870 333 56550 58011=
010900 48042 32557 73601 10267 20172 40134 83850 333 56970 58002=
010900 48045 31/20 80402 10178 20147 74344 887// 333 56999=
010900 48053 32556 53604 10300 20166 40119 82556 333 56599 58009=
010900 48060 32440 60000 10230 20124 40159 70222 84830 333 56590 58039=
010900 48030 32150 80402 10154 20134 86870 333 56180=
010900 48031 31/50 80000 10160 20144 888// 333 56999=
010900 48033 32563 73601 10260 20160 40118 85970 333 56990 58000=
010900 48034 32456 80000 10220 20085 8637/ 333 5659/=
010900 48039 32460 72202 10261 20179 84860 333 56550=
010900 48043 32656 53203 10230 20163 82230 333 56990=
010900 48055 32557 50403 10231 20163 40123 85800 333 56400 58030=
010900 48074 32561 13602 10312 20169 40124 81100 333 56900 58016=  
