



*-*-*


<!--
.style2 {
	font-family:"Courier New", Courier, monospace;
	font-size: 14px;
}
-->






SIBM20 VBRR 010900

AAXX 01094

48001 NIL=

48004 31110 80000 10265 20265 75065 8597/ 333 56559=

48008 32556 71302 10315 20265 40046 84970 333 56330

59008=

48010 32557 72201 10300 20266 40044 85830 333 56550

58009=

48018 32560 72202 10350 20240 40044 70222 8437/ 333

56559 59014=

48019 32460 53201 10337 20258 40038 81161 333 56566

59009=

48020 NIL=

48025 31458 61402 10360 20249 40038 71799 84370 333

56550 59013=

48035 32560 52204 10299 20185 40028 83960 333 56590

59001=

48037 32562 51803 10386 20223 40027 82305 333 56501

59016=

48042 32559 71804 10354 20237 40040 85850 333 56440

59002=

48045 32557 61805 10248 20207 86300 333 56500=

48048 32560 61803 10370 20207 40044 84950 333 56490

58000=

48051 21456 81301 10252 20252 75055 86920 333 56990=

48053 32456 61803 10330 20234 40053 84951 333 56599

59003=

48060 32350 72702 10300 20185 40010 70322 85830 333

56590 59036=

48062 21456 82702 10260 20250 40078 75066 86920 333

56690 58008=

48071 22458 82305 10285 20274 40076 70122 8692/ 333

5659/ 58001=

48075 21457 72201 10260 20229 40091 70255 85770 333

56590 58001=

48077 32559 82301 10300 20253 40077 85970 333 56490

58006=

48078 21557 71801 10299 20246 40084 75055 8437/ 333

56499 59007=

48080 32459 52207 10310 20267 40091 83870 333 56590

58006=

48085 32458 72703 10310 20267 40084 84870 333 56590

59001=

48095 32458 82204 10310 20282 70222 85970 333 56990=

48108 32596 52305 10325 20253 40096 83306 333 56509

59014=

48109 NIL=

48110 21496 80000 10280 20268 40100 71796 84367 333

56599 59014=

48112 NIL=

48030 21/03 90401 10201 20201 75065 333=

48072 21460 81808 10310 20282 75065 86970 333 56590=

48087 22556 72301 10294 20259 70355 84371 333 56499=

48099 32458 52301 10320 20265 40079 84930 333 56990

59026=

48101 21558 72302 10295 20266 70365 84971 333 56599=

48103 32457 42202 10314 20254 40084 84800 333 56500

59010=

48057 32458 62301 10226 20181 86950 333 56590=

48094 32458 72202 10315 20275 40082 85970 333 56590

59008=

48097 32557 72402 10295 20250 40089 86330 333 56990

59014=

48031 31/05 92201 10215 20185 79596 333=

48033 32563 61801 10370 20227 40003 86900 333 56400

59025=

48034 21456 82302 10242 20200 70255 8637/ 333 5659/=

48039 32460 71402 10330 20234 84860 333 56660=

48043 32556 81803 10255 20215 8587/ 333 56599=

48052 32468 51303 10364 20235 85900 333 56900=

48055 32557 72703 10286 20200 40041 85930 333 56550

58005=

48064 32560 30401 10330 20258 40037 82801 333 56509

59018=

48065 32558 41404 10328 20244 83840 333 56990=

48074 32458 70401 10296 20253 40081 84360 333 56440

59003=

48092 32458 62304 10330 20267 40072 70222 84230 333

56590 59005=

48093 32658 53201 10330 20258 85800 333 56500=

48107 32350 21301 10312 20254 40087 82900 333 56700

59008=  





