



*-*-*


<!--
.style2 {
	font-family:"Courier New", Courier, monospace;
	font-size: 14px;
}
-->






SMBM01 VBRR 011800

NIL=  
SMBM01 VBRR 011800 RRA

AAXX 01184

48008 32510 60000 10290 20243 40041 83970 333 56450 58007=

48010 32502 30000 10275 20250 40037 81430 333 56550 58003=

48018 32530 40000 10285 20250 40052 82870 333 56560 59006=

48025 22405 52701 10292 20230 40056 83870 333 56690 58010=

48042 32550 31802 10310 20237 40038 81250 333 56440 58006=

48053 32540 31803 10280 20250 40057 82550 333 56590 58004=

48057 32439 41401 10210 20195 83350 333 56990=

48060 32420 50000 10248 20219 40049 83830 333 56590 58019=

48062 32650 70000 10290 20270 40080 85930 333 56990 58017=

48071 22430 60000 10290 20259 40066 84970 333 56990 58010=

48078 32550 31801 10277 20233 40087 82501 333 56509 58003=

48080 32450 70000 10280 20250 40088 85870 333 56490 58012=

48094 32450 70000 10270 20260 40083 85940 333 56990 58004=

48097 32556 33601 10270 20256 40086 83500 333 56900 59006=

48099 22430 70000 10264 20246 40085 84930 333 56990 59010=

48103 22450 62201 10267 20256 40080 84830 333 56550 58008=

48108 22595 61301 10275 20253 40100 83966 333 56399 58004=

48109 32495 40000 10290 20259 40081 84900 333 56900 58003=

48110 21495 80000 10265 20251 40098 71799 84357 333 56599 59013=

48112 32597 82702 10270 20256 40091 83876 333 56699 58010=  





