48001 21420 80000 10265 20219 40061 75055 8477/ 333 10280 56339 58024 69902=
48004 32458 60401 10340 20257 86900 333 10358 56500=
48008 32556 61401 10333 20244 40025 83970 333 10342 56330 59004=
48010 32558 51802 10335 20257 40006 83831 333 10372 56556 58001=
48018 32559 12201 10330 20256 40003 70111 81100 333 10345 56900 59002=
48019 32956 00000 10330 20275 40018 80000 333 10340 59016=
48020 21356 40000 10305 20250 70196 83330 333 10380 56550 60112=
48025 21440 61402 10340 20240 40015 71795 84970 333 10390 56690 58012 69902=
48030 21256 82202 10231 20198 70555 88900 333 10272 56500 69900=
48031 31258 83201 10250 20150 70544 888// 333 10290 56999=
48033 32562 52301 10350 20240 40027 82806 333 10372 56909 58005 60012=
48034 32456 51801 10262 20215 85300 333 10295 56500 69902=
48035 21556 61802 10306 20237 40012 70522 84960 333 10309 56690 59031=
48037 32558 30000 10362 20235 40006 81501 333 10383 56609 58001=
48039 32460 40000 10340 20259 82602 333 10360 56505=
48042 32558 51301 10357 20264 40013 82202 333 10375 56409 58002=
48043 32030 31803 10285 20215 80002 333 10300 56009=
48045 NIL=
48048 32550 22201 10380 20240 40006 82800 333 10402 56900 59015=
48051 32559 50402 10332 20260 70122 84901 333 10365 56509=
48052 32456 32205 10392 20233 83800 333 10420 56900=
48053 32556 51802 10340 20257 40022 83956 333 10350 56599 59006=
48055 21456 70000 10235 20204 40051 79595 85970 333 10312 56590 85009 69902=
48057 32456 71301 10232 20161 85306 333 10276 56990=
48060 32430 50000 10287 20196 40025 83930 333 10342 56560 58016=
48062 32556 72303 10315 20280 40041 70222 84921 333 10330 56599 59015=
48064 32550 60401 10355 20278 40015 85801 333 10394 56409 58002=
48065 32450 70402 10342 20300 85570 333 10396 56990=
48071 22456 62302 10313 20267 40060 84970 333 10328 56590 58005 60072=
48072 22457 62702 10310 20267 84930 333 10315 56590=
48074 32558 21402 10340 20257 40047 82800 333 10361 56500 59014=
48075 21456 60000 10270 20230 40056 75095 84970 333 10325 56590 58014 69902=
48077 32559 52301 10330 20244 40037 84901 333 10352 56409 59000 60002=
48078 31557 61802 10302 20246 40058 70399 84331 333 10348 56599 59004=
48080 32457 82201 10300 20239 40065 85870 333 10335 56490 59003=
48085 21456 70000 10268 20265 40062 75096 85976 333 10325 56999 58003 60052=
48087 22550 72301 10274 20240 8497/ 333 10334 5649/ 69902=
48092 32456 82304 10295 20256 40052 70322 85970 333 10330 56990 59001=
48093 21430 82301 10255 20246 75096 8637/ 333 10317 56599 60012=
48094 32456 70000 10295 20265 40067 70322 85940 333 10320 56990 58001=
48095 22456 70000 10280 20280 70111 82970 333 10324 56990 60262=
48096 32456 71803 10300 20239 40068 85970 333 10330 56990 58002=
48097 32556 72302 10290 20248 40069 85530 333 10342 56990 59014=
48099 22440 41301 10274 20256 40072 83930 333 10295 56990 58016 60082=
48101 22556 60000 10293 20259 70122 82315 333 10342 56599 60022=
48103 21440 62202 10290 20259 40067 70155 84730 333 10316 56550 59000 69902=
48107 32330 62301 10288 20248 40075 84970 333 10340 56550 58002=
48108 21595 71202 10293 20256 40078 70299 83976 333 10335 56379 59004 60192=
48109 32496 60000 10325 20267 40073 84970 333 10328 56990 58002=
48110 21596 83203 10305 20260 40076 71399 83307 333 10340 56509 59002 60012=
48112 NIL=  