010900 48001 32450 61401 10273 20240 40047 84750 333 56750 58002=
010900 48004 32356 71301 10350 20266 87900 333 56500=
010900 48010 32558 31802 10307 20246 40011 83100 333 56500 59022=
010900 48018 32560 32202 10345 20257 40037 70211 82860 333 56550 59018=
010900 48019 32960 02302 10334 20244 40034 333 59015=
010900 48025 32458 41401 10385 20253 40019 83840 333 56690 58000=
010900 48035 31558 60000 10308 20226 40016 70522 84900 333 56590 58019=
010900 48037 32562 20401 10378 20255 40013 82800 333 56900 59002=
010900 48042 32559 41802 10370 20246 40023 82202 333 56409 58012=
010900 48048 32560 32201 10397 20246 40016 83800 333 56900 58001=
010900 48051 31559 41304 10350 20270 71799 85230 333 56590=
010900 48053 32256 41802 10350 20254 40035 83806 333 56509 58000=
010900 48060 32440 52701 10328 20212 40019 83930 333 56560 58034=
010900 48062 32558 82309 10330 20290 40055 70322 86970 333 56590 59005=
010900 48071 22460 52304 10320 20265 40065 83970 333 56990 58007=
010900 48075 32557 72201 10320 20240 40023 85360 333 56590 59009=
010900 48077 32559 52301 10350 20266 40037 84901 333 56409 58002=
010900 48078 32559 43201 10345 20262 40055 83301 333 56509 58004=
010900 48080 32460 52206 10324 20248 40065 83870 333 56490 58004=
010900 48085 32458 62703 10308 20254 40062 84976 333 56599 58000=
010900 48095 21458 80000 10270 20270 79622 84970 333 56990=
010900 48108 21595 73203 10305 20254 40074 72996 84977 333 56779 59003=
010900 48110 21596 63203 10335 20272 40062 70295 83306 333 56509 59017=
010900 48112 32598 62703 10350 20266 40072 70222 82216 333 56699 59010=
010900 48030 31256 52203 10263 20160 70544 85900 333 56500=
010900 48072 21259 72704 10310 20267 70255 84970 333 56590=
010900 48087 21560 72302 10338 20257 75055 8497/ 333 5649/=
010900 48099 21440 81302 10273 20256 40070 70255 86970 333 56390 58013=
010900 48101 21558 80000 10283 20250 71765 8497/ 333 5699/=
010900 48103 21456 70402 10284 20250 40066 75055 85720 333 56110 59004=
010900 48057 31458 53201 10186 20186 71799 84950 333 56690=
010900 48094 32459 42201 10310 20270 40066 85940 333 56990 59007=
010900 48097 32557 73201 10300 20253 40067 87800 333 56900 59007=
010900 48031 32258 30401 10285 20159 70544 82800 333 56900=
010900 48033 32563 31801 10365 20246 40016 83800 333 56900 58000=
010900 48034 32457 22302 10295 20215 82800 333 56500=
010900 48043 32658 31806 10295 20207 82230 333 56590=
010900 48052 32470 23201 10414 20240 82200 333 56900=
010900 48055 31556 72704 10292 20215 40018 71799 85931 333 56559 59019=
010900 48064 32570 31401 10388 20286 40012 82801 333 56509 58000=
010900 48065 32457 50402 10392 20298 85300 333 56900=
010900 48074 32461 53204 10356 20246 40049 83361 333 56459 59007=
010900 48092 32458 62304 10310 20267 40051 70122 86300 333 56900 58008=
010900 48093 32556 82701 10312 20254 70322 87840 333 56590=
010900 48107 32350 42301 10308 20254 40074 84900 333 56500 58004=  48001 32450 61401 10273 20240 40047 84750 333 56750 58002=
010900 48004 32356 71301 10350 20266 87900 333 56500=
010900 48010 32558 31802 10307 20246 40011 83100 333 56500 59022=
010900 48018 32560 32202 10345 20257 40037 70211 82860 333 56550 59018=
010900 48019 32960 02302 10334 20244 40034 333 59015=
010900 48025 32458 41401 10385 20253 40019 83840 333 56690 58000=
010900 48030 31256 52203 10263 20160 70544 85900 333 56500=
010900 48031 32258 30401 10285 20159 70544 82800 333 56900=
010900 48033 32563 31801 10365 20246 40016 83800 333 56900 58000=
010900 48034 32457 22302 10295 20215 82800 333 56500=
010900 48035 31558 60000 10308 20226 40016 70522 84900 333 56590 58019=
010900 48037 32562 20401 10378 20255 40013 82800 333 56900 59002=
010900 48042 32559 41802 10370 20246 40023 82202 333 56409 58012=
010900 48043 32658 31806 10295 20207 82230 333 56590=
010900 48048 32560 32201 10397 20246 40016 83800 333 56900 58001=
010900 48051 31559 41304 10350 20270 71799 85230 333 56590=
010900 48052 32470 23201 10414 20240 82200 333 56900=
010900 48053 32256 41802 10350 20254 40035 83806 333 56509 58000=
010900 48055 31556 72704 10292 20215 40018 71799 85931 333 56559 59019=
010900 48057 31458 53201 10186 20186 71799 84950 333 56690=
010900 48060 32440 52701 10328 20212 40019 83930 333 56560 58034=
010900 48062 32558 82309 10330 20290 40055 70322 86970 333 56590 59005=
010900 48064 32570 31401 10388 20286 40012 82801 333 56509 58000=
010900 48065 32457 50402 10392 20298 85300 333 56900=
010900 48071 22460 52304 10320 20265 40065 83970 333 56990 58007=
010900 48072 21259 72704 10310 20267 70255 84970 333 56590=
010900 48074 32461 53204 10356 20246 40049 83361 333 56459 59007=
010900 48075 32557 72201 10320 20240 40023 85360 333 56590 59009=
010900 48077 32559 52301 10350 20266 40037 84901 333 56409 58002=
010900 48078 32559 43201 10345 20262 40055 83301 333 56509 58004=
010900 48080 32460 52206 10324 20248 40065 83870 333 56490 58004=
010900 48085 32458 62703 10308 20254 40062 84976 333 56599 58000=
010900 48087 21560 72302 10338 20257 75055 8497/ 333 5649/=
010900 48092 32458 62304 10310 20267 40051 70122 86300 333 56900 58008=
010900 48093 32556 82701 10312 20254 70322 87840 333 56590=
010900 48094 32459 42201 10310 20270 40066 85940 333 56990 59007=
010900 48095 21458 80000 10270 20270 79622 84970 333 56990=
010900 48097 32557 73201 10300 20253 40067 87800 333 56900 59007=
010900 48099 21440 81302 10273 20256 40070 70255 86970 333 56390 58013=
010900 48101 21558 80000 10283 20250 71765 8497/ 333 5699/=
010900 48103 21456 70402 10284 20250 40066 75055 85720 333 56110 59004=
010900 48107 32350 42301 10308 20254 40074 84900 333 56500 58004=
010900 48108 21595 73203 10305 20254 40074 72996 84977 333 56779 59003=
010900 48110 21596 63203 10335 20272 40062 70295 83306 333 56509 59017=
010900 48112 32598 62703 10350 20266 40072 70222 82216 333 56699 59010=  
