011800 48008 32510 40000 10260 20203 40066 82230 333 56560 59023=
011800 48010 32501 30000 10240 20226 40083 82701 333 56404 59005=
011800 48018 32530 10000 10262 20215 40086 80010 333 56090 59010=
011800 48025 32408 20000 10285 20220 40079 82800 333 56900 59032=
011800 48042 32550 10000 10302 20233 40060 81400 333 56900 59013=
011800 48053 32540 61802 10300 20207 40076 84950 333 56590 58002=
011800 48057 32458 13202 10210 20175 81500 333 56900=
011800 48060 32420 20000 10212 20175 40086 82100 333 56500 59012=
011800 48062 32550 22703 10290 20260 40094 82200 333 56900 59009=
011800 48071 32450 43204 10290 20248 40096 84900 333 56700 58000=
011800 48078 32550 31403 10299 20259 40082 81502 333 56509 59012=
011800 48080 32450 60000 10282 20252 40109 84870 333 56790 58004=
011800 48094 32450 20000 10280 20250 40096 82900 333 56900 59007=
011800 48097 32956 01801 10285 20249 40097 333 59012=
011800 48103 32410 42201 10290 20230 40081 84800 333 56500 59010=
011800 48108 32595 70501 10290 20259 40101 83366 333 56999 59019=
011800 48109 32495 50000 10300 20239 40098 83906 333 56909 58010=
011800 48110 32595 60000 10290 20248 40105 82306 333 56909 59005=
011800 48112 32597 60402 10291 20248 40096 82246 333 56199 59004=
