01-MAY-2015 18 48008 3 2 5 10 4 00 00 10 260 20 203 3 0000 4 0066 5 0000 6 000 0 7 00 0 0 8 2 2 3 0 333 10 /// 59 023 6 000 0 7 0000 
01-MAY-2015 18 48010 3 2 5 01 3 00 00 10 240 20 226 3 0000 4 0083 5 0000 6 000 0 7 00 0 0 8 2 7 0 1 333 10 /// 59 005 6 000 0 7 0000 
01-MAY-2015 18 48018 3 2 5 30 1 00 00 10 262 20 215 3 0000 4 0086 5 0000 6 000 0 7 00 0 0 8 0 0 1 0 333 10 /// 59 010 6 000 0 7 0000 
01-MAY-2015 18 48025 3 2 4 08 2 00 00 10 285 20 220 3 0000 4 0079 5 0000 6 000 0 7 00 0 0 8 2 8 0 0 333 10 /// 59 032 6 000 0 7 0000 
01-MAY-2015 18 48042 3 2 5 50 1 00 00 10 302 20 233 3 0000 4 0060 5 0000 6 000 0 7 00 0 0 8 1 4 0 0 333 10 /// 59 013 6 000 0 7 0000 
01-MAY-2015 18 48053 3 2 5 40 6 18 02 10 300 20 207 3 0000 4 0076 5 0000 6 000 0 7 00 0 0 8 4 9 5 0 333 10 /// 58 002 6 000 0 7 0000 
01-MAY-2015 18 48057 3 2 4 58 1 32 02 10 210 20 175 3 0000 4 0000 5 0000 6 000 0 7 00 0 0 8 1 5 0 0 333 10 /// 58 000 6 000 0 7 0000 
01-MAY-2015 18 48060 3 2 4 20 2 00 00 10 212 20 175 3 0000 4 0086 5 0000 6 000 0 7 00 0 0 8 2 1 0 0 333 10 /// 59 012 6 000 0 7 0000 
01-MAY-2015 18 48062 3 2 5 50 2 27 03 10 290 20 260 3 0000 4 0094 5 0000 6 000 0 7 00 0 0 8 2 2 0 0 333 10 /// 59 009 6 000 0 7 0000 
01-MAY-2015 18 48071 3 2 4 50 4 32 04 10 290 20 248 3 0000 4 0096 5 0000 6 000 0 7 00 0 0 8 4 9 0 0 333 10 /// 58 000 6 000 0 7 0000 
01-MAY-2015 18 48078 3 2 5 50 3 14 03 10 299 20 259 3 0000 4 0082 5 0000 6 000 0 7 00 0 0 8 1 5 0 2 333 10 /// 59 012 6 000 0 7 0000 
01-MAY-2015 18 48080 3 2 4 50 6 00 00 10 282 20 252 3 0000 4 0109 5 0000 6 000 0 7 00 0 0 8 4 8 7 0 333 10 /// 58 004 6 000 0 7 0000 
01-MAY-2015 18 48094 3 2 4 50 2 00 00 10 280 20 250 3 0000 4 0096 5 0000 6 000 0 7 00 0 0 8 2 9 0 0 333 10 /// 59 007 6 000 0 7 0000 
01-MAY-2015 18 48097 3 2 9 56 0 18 01 10 285 20 249 3 0000 4 0097 5 0000 6 000 0 7 00 0 0 8 0 0 0 0 333 10 /// 59 012 6 000 0 7 0000 
01-MAY-2015 18 48103 3 2 4 10 4 22 01 10 290 20 230 3 0000 4 0081 5 0000 6 000 0 7 00 0 0 8 4 8 0 0 333 10 /// 59 010 6 000 0 7 0000 
01-MAY-2015 18 48108 3 2 5 95 7 05 01 10 290 20 259 3 0000 4 0101 5 0000 6 000 0 7 00 0 0 8 3 3 6 6 333 10 /// 59 019 6 000 0 7 0000 
01-MAY-2015 18 48109 3 2 4 95 5 00 00 10 300 20 239 3 0000 4 0098 5 0000 6 000 0 7 00 0 0 8 3 9 0 6 333 10 /// 58 010 6 000 0 7 0000 
01-MAY-2015 18 48110 3 2 5 95 6 00 00 10 290 20 248 3 0000 4 0105 5 0000 6 000 0 7 00 0 0 8 2 3 0 6 333 10 /// 59 005 6 000 0 7 0000 
01-MAY-2015 18 48112 3 2 5 97 6 04 02 10 291 20 248 3 0000 4 0096 5 0000 6 000 0 7 00 0 0 8 2 2 4 6 333 10 /// 59 004 6 000 0 7 0000 
