48001 NIL=
48004 NIL=
48008 32556 60000 10220 20185 40098 83970 333 20210 56460 59006=
48010 22640 20000 10200 20192 40090 80001 333 20195 56006 59007 60012=
48018 32556 30000 10215 20195 40091 82810 333 20203 56550 59010=
48019 32950 00000 10208 20185 40086 333 20207 59010=
48020 NIL=
48025 32420 50000 10234 20198 40095 83840 333 20228 56150 59004=
48030 32258 82201 10142 20124 889// 333 20128 56599=
48031 22260 41801 10165 20123 84800 333 20153 56400 60002=
48033 32561 42201 10240 20226 40093 82500 333 20230 56600 59001=
48034 22456 20000 10150 20134 82100 333 20143 56500 60002=
48035 21520 30000 10173 20130 40098 74096 83800 333 20166 56900 59011 60062=
48037 21450 10000 10245 20209 40068 70250 80001 333 20236 56009 59015 60012=
48039 32456 40000 10250 20225 82502 333 20249 56505=
48042 32556 62701 10266 20226 40084 84850 333 20236 56990 59014=
48043 32620 50000 10200 20168 85300 333 20165 56900=
48045 NIL=
48048 32950 00000 10248 20219 40082 333 20242 59005=
48051 NIL=
48052 32950 00000 10270 20226 333 20262=
48053 32550 60000 10260 20215 40079 83556 333 20253 56699 59009=
48055 32556 40000 10185 20171 40101 84900 333 20182 56500 59011=
48057 32456 41401 10196 20168 83330 333 20180 56590=
48060 32430 60000 10180 20165 40110 83870 333 20168 56560 58002=
48062 31550 50401 10255 20250 40095 71744 84930 333 20220 56990 59002=
48064 32950 10000 10282 20220 40061 80001 333 20220 56009 59006=
48065 32950 10000 10277 20220 80001 333 20250 56009=
48071 32456 10000 10268 20256 40093 81200 333 20260 56900 59007=
48072 NIL=
48074 21557 10000 10265 20246 40088 81500 333 20244 56900 59012 60012=
48075 32456 50000 10200 20190 40129 83830 333 20160 56590 58000=
48077 32956 00000 10270 20226 40074 333 20250 59023=
48078 NIL=
48080 32956 00401 10243 20209 40108 333 20222 59008=
48085 32456 20000 10262 20246 40091 82800 333 20230 56800 59008=
48087 32950 00000 10250 20233 333 20235=
48092 31520 30000 10255 20240 40072 71011 82401 333 20240 56909 59021=
48093 32950 02301 10263 20246 333 20256=
48094 32956 00000 10260 20250 40101 333 20232 59001=
48095 NIL=
48096 32957 12305 10260 20246 40097 80001 333 20250 56009 59010=
48097 32557 30301 10260 20246 40107 82501 333 20250 56909 58003=
48099 NIL=
48101 NIL=
48103 21450 40401 10255 20246 40099 70195 83530 333 20240 56110 59010 69902=
48107 22340 30902 10240 20226 40102 83900 333 20228 56700 59001 60152=
48108 31594 60000 10245 20236 40107 71022 83306 333 20230 56909 59002=
48109 NIL=
48110 31596 80000 10265 20251 40103 70522 82307 333 20260 56909 58000=
48112 22597 60401 10272 20256 40103 82246 333 20214 56199 59008 69902=  