48001 22454 40401 10245 20205 40111 84700 333 56200 59013=
48004 22560 43201 10241 20171 84900 333 56500=
48008 32558 10402 10270 20191 40102 81100 333 56700 59017=
48010 22957 03201 10253 20205 40102 333 59015=
48018 32958 01401 10275 20191 40109 333 59010=
48019 32960 00402 10280 20203 40116 333 58013=
48020 22458 10403 10270 20226 81100 333 56500=
48025 32430 10401 10281 20203 40112 81500 333 56900 59007=
48030 32356 32203 10183 20129 83800 333 56500=
48031 32260 21401 10210 20143 82800 333 56900=
48033 32562 10000 10300 20207 40092 81500 333 56900 58001=
48034 22457 10402 10230 20163 81500 333 56500=
48035 31560 40000 10233 20181 40091 70344 83860 333 56590 59035=
48037 22957 03601 10298 20185 40082 333 59019=
48039 32460 12201 10299 20207 81100 333 56500=
48042 32556 31302 10312 20225 40093 82850 333 56990 59015=
48043 32957 01803 10260 20160 333 /////=
48045 31956 01402 10230 20124 70444 333 /////=
48048 32960 01801 10320 20200 40096 333 59010=
48051 32558 11301 10301 20220 81200 333 56900=
48052 32958 03202 10330 20212 333 /////=
48053 32556 53601 10310 20203 40092 82556 333 56699 59018=
48055 32556 20000 10253 20167 40098 82800 333 56500 59014=
48057 32458 21402 10230 20163 81530 333 56490=
48060 32440 60000 10228 20181 40122 83870 333 56560 59011 =
48062 32557 50902 10300 20250 40111 84930 333 56590 59005=
48064 32960 00901 10333 20244 40085 333 59015=
48065 32960 10000 10350 20202 80001 333 56009=
48071 32458 53202 10320 20248 40114 85800 333 56900 59007=
48072 32459 41302 10310 20267 83830 333 56590=
48074 22559 11802 10298 20239 40116 81100 333 56900 59010=
48075 NIL=
48077 32959 00000 10310 20225 40094 333 59015=
48078 32557 21801 10322 20242 40110 81101 333 56909 59012=
48080 32960 03206 10314 20267 40115 333 59017=
48085 32458 22702 10320 20248 40107 82100 333 56700 59014=
48087 32960 00000 10326 20244 333 /////=
48092 32458 42701 10310 20254 40087 84200 333 56900 59017=
48093 32658 33201 10306 20237 83800 333 56500=
48094 32459 23202 10315 20260 40108 82800 333 56900 59014=
48095 22458 10401 10320 20248 81100 333 56900=
48097 32557 42401 10315 20242 40124 83801 333 56909 59002=
48099 32450 51301 10310 20237 40108 84801 333 56309 59015=
48101 32559 33602 10304 20239 82200 333 56600=
48103 22456 62201 10299 20253 40113 86800 333 56500 59018=
48107 22350 20901 10310 20254 40110 82900 333 56700 59005=
48108 32596 60503 10315 20260 40123 83366 333 56679 59008=
48109 32497 40000 10323 20248 40122 84900 333 56900 59008=
48110 31596 63202 10315 20266 40120 70522 83306 333 56909 59011=
48112 22598 60401 10310 20267 40118 82216 333 56199 59010=  48001 22454 40401 10245 20205 40111 84700 333 56200 59013=
48004 22560 43201 10241 20171 84900 333 56500=
48008 32558 10402 10270 20191 40102 81100 333 56700 59017=
48010 22957 03201 10253 20205 40102 333 59015=
48018 32958 01401 10275 20191 40109 333 59010=
48019 32960 00402 10280 20203 40116 333 58013=
48020 22458 10403 10270 20226 81100 333 56500=
48025 32430 10401 10281 20203 40112 81500 333 56900 59007=
48030 32356 32203 10183 20129 83800 333 56500=
48031 32260 21401 10210 20143 82800 333 56900=
48033 32562 10000 10300 20207 40092 81500 333 56900 58001=
48034 22457 10402 10230 20163 81500 333 56500=
48035 31560 40000 10233 20181 40091 70344 83860 333 56590 59035=
48037 22957 03601 10298 20185 40082 333 59019=
48039 32460 12201 10299 20207 81100 333 56500=
48042 32556 31302 10312 20225 40093 82850 333 56990 59015=
48043 32957 01803 10260 20160 333 /////=
48045 31956 01402 10230 20124 70444 333 /////=
48048 32960 01801 10320 20200 40096 333 59010=
48051 32558 11301 10301 20220 81200 333 56900=
48052 32958 03202 10330 20212 333 /////=
48053 32556 53601 10310 20203 40092 82556 333 56699 59018=
48055 32556 20000 10253 20167 40098 82800 333 56500 59014=
48057 32458 21402 10230 20163 81530 333 56490=
48060 32440 60000 10228 20181 40122 83870 333 56560 59011 =
48062 32557 50902 10300 20250 40111 84930 333 56590 59005=
48064 32960 00901 10333 20244 40085 333 59015=
48065 32960 10000 10350 20202 80001 333 56009=
48071 32458 53202 10320 20248 40114 85800 333 56900 59007=
48072 32459 41302 10310 20267 83830 333 56590=
48074 22559 11802 10298 20239 40116 81100 333 56900 59010=
48075 NIL=
48077 32959 00000 10310 20225 40094 333 59015=
48078 32557 21801 10322 20242 40110 81101 333 56909 59012=
48080 32960 03206 10314 20267 40115 333 59017=
48085 32458 22702 10320 20248 40107 82100 333 56700 59014=
48087 32960 00000 10326 20244 333 /////=
48092 32458 42701 10310 20254 40087 84200 333 56900 59017=
48093 32658 33201 10306 20237 83800 333 56500=
48094 32459 23202 10315 20260 40108 82800 333 56900 59014=
48095 22458 10401 10320 20248 81100 333 56900=
48097 32557 42401 10315 20242 40124 83801 333 56909 59002=
48099 32450 51301 10310 20237 40108 84801 333 56309 59015=
48101 32559 33602 10304 20239 82200 333 56600=
48103 22456 62201 10299 20253 40113 86800 333 56500 59018=
48107 22350 20901 10310 20254 40110 82900 333 56700 59005=
48108 32596 60503 10315 20260 40123 83366 333 56679 59008=
48109 32497 40000 10323 20248 40122 84900 333 56900 59008=
48110 31596 63202 10315 20266 40120 70522 83306 333 56909 59011=
48112 22598 60401 10310 20267 40118 82216 333 56199 59010=  