48001 31440 73601 10305 20169 40061 85720 333 56440 59026=
48004 32560 41301 10343 20206 84900 333 56500=
48008 32556 41401 10345 20188 40058 82970 333 56560 59024=
48010 32560 60000 10315 20248 40066 83830 333 56650 59026=
48018 32558 61401 10365 20195 40066 70322 82874 333 56499 59011=
48019 32460 32301 10343 20225 40058 81231 333 56769 59013=
48020 32456 73203 10350 20219 85770 333 56550=
48025 32456 83602 10375 20202 40059 8587/ 333 56559 59025=
48030 21256 82202 10200 20130 75055 8694/ 333 5659/=
48031 32256 81401 10230 20143 70322 888// 333 56499=
48033 32563 11801 10370 20207 40046 81100 333 56900 59012=
48034 32457 51802 10279 20171 85300 333 56500=
48035 32558 42202 10308 20225 40029 83960 333 56790 59034=
48037 32560 20401 10400 20214 40042 81130 333 56990 59006=
48039 32460 20401 10370 20207 82100 333 56500=
48042 32552 13601 10388 20198 40046 81200 333 56900 59013=
48043 32059 03206 10300 20149=
48045 31557 71402 10275 20146 70444 87300 333 56500=
48048 32560 43201 10415 20202 40047 84800 333 56400 59021=
48051 32559 81303 10350 20240 70222 85930 333 56590=
48052 32970 03202 10430 20233=
48053 32556 81802 10380 20221 40041 85900 333 56500 59028=
48055 32556 60404 10312 20169 40024 86900 333 56500 59013=
48057 32458 42203 10286 20115 84300 333 56500=
48060 32440 32703 10322 20184 40030 82130 333 56560 59024=
48062 32558 52708 10330 20290 40089 70322 84930 333 56690 59007=
48064 32570 30401 10410 20240 40026 82801 333 56409 59016=
48065 32570 40000 10407 20196 83830 333 56990=
48071 32960 03204 10340 20257 40088 333 59011=
48072 32460 10706 10345 20287 81200 333 56900=
48074 32560 33201 10380 20221 40063 83800 333 56400 59007=
48075 32457 53201 10330 20151 40053 84830 333 56590 59003=
48077 32559 60000 10377 20221 40042 85901 333 56909 59027=
48078 32560 31801 10392 20267 40059 82801 333 56509 59014=
48080 32460 22207 10350 20240 40073 82200 333 56900 59018=
48085 32458 22705 10334 20258 40079 82800 333 56700 59018=
48087 32560 22301 10390 20177 82200 333 56900=
48092 32459 23201 10380 20203 40039 82100 333 56900 59020=
48093 32658 30402 10384 20221 83800 333 56500=
48094 32460 33203 10365 20255 40074 83900 333 56900 59016=
48095 32460 50000 10385 20230 83840 333 56990=
48097 32557 42501 10375 20243 40079 84300 333 56900 59014=
48099 32558 72303 10358 20235 40068 85302 333 56509 59011=
48101 32560 23202 10360 20235 82300 333 56600=
48103 32456 42201 10340 20225 40072 84800 333 56500 59014=
48107 32350 21301 10338 20240 40074 82900 333 56700 59020=
48108 32596 63205 10350 20266 40080 83366 333 56819 59019=
48109 NIL=
48110 32596 83205 10340 20270 40082 83307 333 56909 59013=
48112 NIL=  