01-MAY-2015 06 48001 3 2 4 50 6 04 01 10 280 20 184 3 0000 4 0102 5 0000 6 000 0 7 00 0 0 8 4 7 3 0 333 10 /// 59 023 6 000 0 7 0000 
01-MAY-2015 06 48004 3 2 5 60 2 04 01 10 311 20 203 3 0000 4 0000 5 0000 6 000 0 7 00 0 0 8 2 9 0 0 333 10 /// 58 000 6 000 0 7 0000 
01-MAY-2015 06 48008 3 2 5 58 2 04 01 10 329 20 191 3 0000 4 0086 5 0000 6 000 0 7 00 0 0 8 2 8 0 0 333 10 /// 59 020 6 000 0 7 0000 
01-MAY-2015 06 48010 3 2 5 60 6 18 01 10 300 20 239 3 0000 4 0089 5 0000 6 000 0 7 00 0 0 8 2 8 3 0 333 10 /// 59 027 6 000 0 7 0000 
01-MAY-2015 06 48018 3 2 5 60 2 22 02 10 335 20 191 3 0000 4 0090 5 0000 6 000 0 7 00 0 0 8 0 0 1 1 333 10 /// 59 033 6 000 0 7 0000 
01-MAY-2015 06 48019 3 2 9 60 0 14 02 10 330 20 234 3 0000 4 0083 5 0000 6 000 0 7 00 0 0 8 0 0 0 0 333 10 /// 58 012 6 000 0 7 0000 
01-MAY-2015 06 48020 3 2 4 58 4 18 04 10 330 20 234 3 0000 4 0000 5 0000 6 000 0 7 00 0 0 8 3 8 3 0 333 10 /// 58 000 6 000 0 7 0000 
01-MAY-2015 06 48025 3 2 4 58 3 14 01 10 330 20 191 3 0000 4 0089 5 0000 6 000 0 7 00 0 0 8 2 8 4 0 333 10 /// 59 022 6 000 0 7 0000 
01-MAY-2015 06 48030 3 2 2 58 6 22 02 10 216 20 156 3 0000 4 0000 5 0000 6 000 0 7 00 0 0 8 5 9 4 0 333 10 /// 58 000 6 000 0 7 0000 
01-MAY-2015 06 48031 3 2 2 58 6 04 01 10 220 20 156 3 0000 4 0000 5 0000 6 000 0 7 00 0 0 8 6 8 0 0 333 10 /// 58 000 6 000 0 7 0000 
01-MAY-2015 06 48033 3 2 9 63 0 18 01 10 350 20 143 3 0000 4 0075 5 0000 6 000 0 7 00 0 0 8 0 0 0 0 333 10 /// 59 021 6 000 0 7 0000 
01-MAY-2015 06 48034 3 2 4 57 4 18 02 10 263 20 154 3 0000 4 0000 5 0000 6 000 0 7 00 0 0 8 4 8 0 0 333 10 /// 58 000 6 000 0 7 0000 
01-MAY-2015 06 48035 3 2 5 60 4 22 03 10 297 20 149 3 0000 4 0065 5 0000 6 000 0 7 00 0 0 8 3 8 6 0 333 10 /// 59 055 6 000 0 7 0000 
01-MAY-2015 06 48037 3 2 5 58 1 36 01 10 367 20 190 3 0000 4 0086 5 0000 6 000 0 7 00 0 0 8 1 1 0 0 333 10 /// 59 003 6 000 0 7 0000 
01-MAY-2015 06 48039 3 2 4 60 1 14 01 10 355 20 194 3 0000 4 0000 5 0000 6 000 0 7 00 0 0 8 1 1 0 0 333 10 /// 58 000 6 000 0 7 0000 
01-MAY-2015 06 48042 3 2 5 57 1 18 03 10 370 20 207 3 0000 4 0075 5 0000 6 000 0 7 00 0 0 8 1 2 0 0 333 10 /// 59 015 6 000 0 7 0000 
01-MAY-2015 06 48043 3 2 6 56 2 32 06 10 290 20 159 3 0000 4 0000 5 0000 6 000 0 7 00 0 0 8 2 2 0 0 333 10 /// 58 000 6 000 0 7 0000 
01-MAY-2015 06 48045 3 1 5 59 4 14 03 10 280 20 126 3 0000 4 0000 5 0000 6 000 0 7 04 4 4 8 4 6 0 0 333 10 /// 58 000 6 000 0 7 0000 
01-MAY-2015 06 48048 3 2 9 60 0 36 01 10 385 20 203 3 0000 4 0080 5 0000 6 000 0 7 00 0 0 8 0 0 0 0 333 10 /// 59 006 6 000 0 7 0000 
01-MAY-2015 06 48051 3 2 5 58 6 36 02 10 344 20 230 3 0000 4 0000 5 0000 6 000 0 7 00 0 0 8 5 9 3 0 333 10 /// 58 000 6 000 0 7 0000 
01-MAY-2015 06 48052 3 2 9 68 0 32 03 10 380 20 203 3 0000 4 0000 5 0000 6 000 0 7 00 0 0 8 0 0 0 0 333 10 /// 58 000 6 000 0 7 0000 
01-MAY-2015 06 48053 3 2 5 58 4 18 02 10 350 20 219 3 0000 4 0077 5 0000 6 000 0 7 00 0 0 8 4 8 0 0 333 10 /// 59 019 6 000 0 7 0000 
01-MAY-2015 06 48055 3 2 5 58 5 04 06 10 303 20 166 3 0000 4 0052 5 0000 6 000 0 7 00 0 0 8 5 3 0 0 333 10 /// 59 025 6 000 0 7 0000 
01-MAY-2015 06 48057 3 2 4 58 5 22 02 10 280 20 146 3 0000 4 0000 5 0000 6 000 0 7 00 0 0 8 5 3 0 0 333 10 /// 58 000 6 000 0 7 0000 
01-MAY-2015 06 48060 3 2 4 58 4 00 00 10 293 20 179 3 0000 4 0080 5 0000 6 000 0 7 00 0 0 8 2 1 3 0 333 10 /// 59 028 6 000 0 7 0000 
01-MAY-2015 06 48062 3 2 5 58 4 27 08 10 300 20 290 3 0000 4 0111 5 0000 6 000 0 7 00 0 0 8 4 1 0 0 333 10 /// 59 005 6 000 0 7 0000 
01-MAY-2015 06 48064 3 2 9 70 0 14 01 10 395 20 269 3 0000 4 0072 5 0000 6 000 0 7 00 0 0 8 0 0 0 0 333 10 /// 59 014 6 000 0 7 0000 
01-MAY-2015 06 48065 3 2 9 70 0 32 07 10 385 20 213 3 0000 4 0000 5 0000 6 000 0 7 00 0 0 8 0 0 0 0 333 10 /// 58 000 6 000 0 7 0000 
01-MAY-2015 06 48071 3 2 4 60 3 32 03 10 330 20 258 3 0000 4 0108 5 0000 6 000 0 7 00 0 0 8 3 8 0 0 333 10 /// 59 016 6 000 0 7 0000 
01-MAY-2015 06 48072 3 2 4 60 4 04 04 10 340 20 288 3 0000 4 0000 5 0000 6 000 0 7 00 0 0 8 3 8 3 0 333 10 /// 58 000 6 000 0 7 0000 
01-MAY-2015 06 48074 3 2 5 60 1 14 02 10 351 20 219 3 0000 4 0097 5 0000 6 000 0 7 00 0 0 8 1 1 0 0 333 10 /// 59 018 6 000 0 7 0000 
01-MAY-2015 06 48075 3 2 4 57 5 23 01 10 310 20 189 3 0000 4 0076 5 0000 6 000 0 7 00 0 0 8 4 8 3 0 333 10 /// 59 018 6 000 0 7 0000 
01-MAY-2015 06 48077 3 2 5 59 2 00 00 10 364 20 214 3 0000 4 0082 5 0000 6 000 0 7 00 0 0 8 2 2 0 0 333 10 /// 59 017 6 000 0 7 0000 
01-MAY-2015 06 48078 3 2 5 58 3 18 01 10 369 20 227 3 0000 4 0079 5 0000 6 000 0 7 00 0 0 8 2 8 0 1 333 10 /// 59 025 6 000 0 7 0000 
01-MAY-2015 06 48080 3 2 9 61 0 22 05 10 361 20 235 3 0000 4 0090 5 0000 6 000 0 7 00 0 0 8 0 0 0 0 333 10 /// 59 017 6 000 0 7 0000 
01-MAY-2015 06 48085 3 2 4 58 1 27 04 10 334 20 258 3 0000 4 0099 5 0000 6 000 0 7 00 0 0 8 1 1 0 0 333 10 /// 59 020 6 000 0 7 0000 
01-MAY-2015 06 48087 3 2 5 60 3 04 01 10 374 20 207 3 0000 4 0000 5 0000 6 000 0 7 00 0 0 8 2 8 4 0 333 10 /// 58 000 6 000 0 7 0000 
01-MAY-2015 06 48092 3 2 4 59 2 27 02 10 360 20 214 3 0000 4 0068 5 0000 6 000 0 7 00 0 0 8 2 1 0 0 333 10 /// 59 024 6 000 0 7 0000 
01-MAY-2015 06 48093 3 2 6 58 2 32 01 10 352 20 237 3 0000 4 0000 5 0000 6 000 0 7 00 0 0 8 2 1 0 0 333 10 /// 58 000 6 000 0 7 0000 
01-MAY-2015 06 48094 3 2 4 61 4 32 03 10 360 20 250 3 0000 4 0093 5 0000 6 000 0 7 00 0 0 8 3 9 4 0 333 10 /// 59 019 6 000 0 7 0000 
01-MAY-2015 06 48095 3 2 5 60 2 22 02 10 360 20 235 3 0000 4 0000 5 0000 6 000 0 7 00 0 0 8 2 8 0 0 333 10 /// 58 000 6 000 0 7 0000 
01-MAY-2015 06 48097 3 2 5 57 3 22 02 10 350 20 238 3 0000 4 0094 5 0000 6 000 0 7 00 0 0 8 3 8 0 0 333 10 /// 59 019 6 000 0 7 0000 
01-MAY-2015 06 48099 3 2 4 57 7 23 02 10 345 20 225 3 0000 4 0091 5 0000 6 000 0 7 00 0 0 8 6 9 3 0 333 10 /// 59 019 6 000 0 7 0000 
01-MAY-2015 06 48101 3 2 5 60 4 32 02 10 340 20 240 3 0000 4 0000 5 0000 6 000 0 7 00 0 0 8 4 3 0 0 333 10 /// 58 000 6 000 0 7 0000 
01-MAY-2015 06 48103 3 2 4 56 4 22 01 10 333 20 244 3 0000 4 0097 5 0000 6 000 0 7 00 0 0 8 4 8 0 0 333 10 /// 59 020 6 000 0 7 0000 
01-MAY-2015 06 48107 3 2 3 50 4 23 01 10 310 20 254 3 0000 4 0094 5 0000 6 000 0 7 00 0 0 8 4 9 0 0 333 10 /// 59 017 6 000 0 7 0000 
01-MAY-2015 06 48108 3 2 5 96 6 32 07 10 350 20 266 3 0000 4 0098 5 0000 6 000 0 7 00 0 0 8 3 3 6 6 333 10 /// 59 022 6 000 0 7 0000 
01-MAY-2015 06 48110 3 2 5 96 7 32 04 10 340 20 263 3 0000 4 0099 5 0000 6 000 0 7 00 0 0 8 2 3 0 6 333 10 /// 59 027 6 000 0 7 0000 
01-MAY-2015 06 48112 3 2 5 98 6 04 02 10 350 20 240 3 0000 4 0112 5 0000 6 000 0 7 00 0 0 8 2 2 1 6 333 10 /// 59 008 6 000 0 7 0000 
