011200 48001 32420 80000 10200 20200 40178 8486/ 333 10241 56559 58013=
011200 48004 21110 80000 10217 20217 75052 8697/ 333 10226 56559 60012=
011200 48008 22450 80401 10212 20195 40177 8497/ 333 10220 56879 58005 69902=
011200 48010 22420 80000 10215 20215 40167 8577/ 333 10225 56559 58006 60062=
011200 48018 21440 83201 10230 20214 40192 75055 8577/ 333 10251 56559 58021 69902=
011200 48019 32440 83202 10237 20181 40165 8577/ 333 10236 56499 58013=
011200 48020 32330 80000 10220 20205 887// 333 10242 56199=
011200 48025 21/20 83601 10223 20205 40175 8572/ 333 10237 56449 58004 60082=
011200 48030 21/09 90402 10140 20140 75054 89/// 333 10166 56999 60062=
011200 48031 21/02 92201 10145 20145 76164 89/// 333 10152 56999 60072=
011200 48033 22558 73601 10240 20226 40161 86930 333 10245 56990 58012 69902=
011200 48034 21356 80000 10173 20162 75165 8692/ 333 10190 5659/ 60102=
011200 48035 21110 80000 10191 20190 40175 76266 8692/ 333 10198 56999 58001 60152=
011200 48037 32430 80000 10240 20226 40160 8587/ 333 10250 56549 58007=
011200 48039 22459 80000 10229 20214 889// 333 10239 56599 60072=
011200 48042 21550 80000 10225 20209 40156 70255 8597/ 333 10240 56889 58002 60072=
011200 48045 21120 80402 10152 20152 76164 887// 333 10164 56199 60082=
011200 48048 21458 83601 10232 20214 40160 75055 8697/ 333 10255 5649/ 58002 69902=
011200 48051 21456 83102 10212 20212 75055 86920 333 10234 56590 60582=
011200 48052 22450 80000 10240 20226 75025 85970 333 10245 56990 66012=
011200 48053 21440 83601 10220 20205 40167 75055 8557/ 333 10250 56899 58017 69902=
011200 48055 32456 80000 10213 20205 40154 8597/ 333 10240 5639/ 59004=
011200 48057 21440 80000 10170 20170 75065 8697/ 333 10208 5699/ 60102=
011200 48060 32410 80000 10222 20205 40140 8587/ 333 10256 5629/ 58003=
011200 48062 21340 80402 10225 20210 40148 76065 86920 333 10260 56990 58008 60182=
011200 48064 32450 80000 10240 20226 40147 84870 333 10300 56440 58007=
011200 48065 22450 81402 10240 20226 8587/ 333 10270 5699/=
011200 48071 21340 80503 10250 20230 40146 75165 8692/ 333 10287 5659/ 58015 60222=
011200 48072 32456 80000 10260 20246 86970 333 10300 56990=
011200 48074 32457 80402 10250 20219 40150 8497/ 333 10274 56999 58006=
011200 48075 32456 70000 10230 20198 40160 85850 333 10260 56590 58022=
011200 48077 32556 80000 10260 20215 40146 85931 333 10272 56999 58012=
011200 48078 21550 83203 10262 20229 40147 70355 8537/ 333 10285 56899 58008 69902=
011200 48080 32456 60000 10280 20250 40133 85870 333 10325 56390 58008=
011200 48085 32456 60402 10287 20248 40125 83876 333 10330 56399 58005=
011200 48087 32550 50402 10280 20250 82241 333 10324 56999=
011200 48092 32450 43201 10275 20237 40109 83801 333 10335 56909 59005=
011200 48093 32540 40402 10294 20248 83801 333 10340 56309=
011200 48094 32456 30401 10295 20250 40125 82540 333 10334 56990 58002=
011200 48095 32950 10403 10285 20250 80002 333 10310 56009=
011200 48097 32556 50305 10290 20248 40129 85800 333 10332 56900 58007=
011200 48099 32450 42301 10305 20223 40116 82802 333 10353 56909 58018=
011200 48101 32956 20000 10293 20259 80001 333 10336 56009=
011200 48103 32330 22202 10279 20250 40119 82700 333 10348 56500 58010=
011200 48107 32330 43201 10290 20230 40114 82906 333 10350 56109 58012 60002=
011200 48109 22496 80401 10275 20250 40116 8697/ 333 10328 5699/ 59005 60042=
011200 48110 32595 60000 10310 20237 40107 82306 333 10355 56209 59001=
011200 48112 22597 80403 10285 20254 40106 83876 333 10312 56199 58004=
