010900 48001 32430 80401 10210 20195 40175 8486/ 333 56559 58013=
010900 48004 21230 82201 10224 20205 75052 8697/ 333 56559=
010900 48008 21458 83601 10217 20185 40177 72055 8497/ 333 56879 58019=
010900 48010 22440 80000 10225 20205 40173 8577/ 333 56499 58012=
010900 48018 32560 82202 10250 20205 40171 8487/ 333 56559 58010=
010900 48019 32457 80403 10226 20198 40166 8577/ 333 56559 58008=
010900 48020 32358 83605 10225 20210 887// 333 56899=
010900 48025 21330 83601 10232 20198 40167 70255 8582/ 333 56779 58004=
010900 48030 21/09 90401 10145 20145 75154 89/// 333 56999=
010900 48031 21/03 90000 10147 20147 75154 89/// 333 56999=
010900 48033 22461 73601 10245 20219 40169 86970 333 56110 58013=
010900 48034 21356 82301 10185 20177 75065 8692/ 333 5659/=
010900 48035 21120 80000 10195 20185 40170 76266 8692/ 333 56999 58015=
010900 48037 32458 83201 10250 20219 40152 8587/ 333 56239 59008=
010900 48039 21460 80000 10231 20214 70255 889// 333 56599=
010900 48042 21456 83601 10230 20214 40148 70266 8597/ 333 56889 58004=
010900 48043 21540 80506 10175 20175 76166 8672/ 333 56999=
010900 48045 21230 80403 10166 20166 74164 887// 333 56199=
010900 48048 21558 80000 10252 20233 40159 75055 8697/ 333 5649/ 58003=
010900 48051 21456 83603 10213 20213 75155 86920 333 56490=
010900 48052 22456 80000 10245 20233 85970 333 56990=
010900 48053 21450 83603 10240 20191 40149 75055 8557/ 333 56899 58008=
010900 48055 32456 70402 10230 20198 40139 84970 333 56390 58000=
010900 48057 32458 81501 10200 20168 86350 333 56490=
010900 48060 32430 70000 10252 20205 40119 85830 333 56290 58007=
010900 48062 21350 80403 10230 20230 40145 75062 86920 333 56990 58010=
010900 48064 32456 80000 10253 20219 40135 84870 333 56440 58010=
010900 48065 21456 80402 10255 20229 75055 8597/ 333 5699/=
010900 48071 21356 83203 10258 20246 40136 76166 8692/ 333 5639/ 58013=
010900 48072 32459 83202 10280 20250 70322 8697/ 333 5699/=
010900 48074 32458 83201 10270 20226 40153 8537/ 333 56999 58029=
010900 48075 32457 70000 10250 20205 40134 85830 333 56590 58026=
010900 48077 32559 80401 10270 20226 40141 85931 333 56999 58018=
010900 48078 22559 63204 10276 20230 40136 83331 333 56889 58020=
010900 48080 32459 80405 10310 20263 40113 85830 333 56390 58000=
010900 48085 32458 63204 10322 20265 40116 83876 333 56399 58011=
010900 48092 32457 50000 10330 20258 40097 84830 333 56990 58015=
010900 48093 32658 40401 10337 20257 83801 333 56409=
010900 48094 32460 30402 10325 20260 40122 82501 333 56909 58014=
010900 48095 32960 10402 10310 20254 80002 333 56009=
010900 48097 32557 50704 10325 20253 40119 85400 333 56900 58006=
010900 48099 32560 30402 10350 20237 40106 82801 333 56909 58010=
010900 48101 32660 30000 10330 20253 70211 82101 333 56109=
010900 48103 32456 50403 10348 20237 40106 85700 333 56100 58016=
010900 48107 32350 42301 10340 20240 40097 84900 333 56100 58006=
010900 48108 32596 50906 10335 20218 40101 82306 333 56909 58011=
010900 48110 31596 31304 10355 20235 40095 70522 82305 333 56909 58006=
010900 48112 22597 80405 10310 20254 40094 70222 84876 333 56199 58007=
