01-NOV-2015 06 48001 3 2 4 30 8 04 01 10 207 20 195 3 0000 4 0185 5 0000 6 000 0 7 00 0 0 8 4 8 6 / 333 10 /// 58 007 6 000 0 7 0000 
01-NOV-2015 06 48004 2 1 1 10 8 22 01 10 220 20 205 3 0000 4 0000 5 0000 6 000 0 7 50 5 2 8 6 9 7 / 333 10 /// 58 000 6 000 0 7 0000 
01-NOV-2015 06 48008 2 1 2 56 8 36 01 10 295 20 185 3 0000 4 0195 5 0000 6 000 0 7 50 5 5 8 4 9 7 / 333 10 /// 58 015 6 000 0 7 0000 
01-NOV-2015 06 48010 2 2 4 40 8 00 00 10 215 20 215 3 0000 4 0184 5 0000 6 000 0 7 00 0 0 8 5 7 7 / 333 10 /// 58 003 6 000 0 7 0000 
01-NOV-2015 06 48018 3 2 5 60 8 14 01 10 235 20 214 3 0000 4 0193 5 0000 6 000 0 7 00 0 0 8 4 7 7 / 333 10 /// 58 011 6 000 0 7 0000 
01-NOV-2015 06 48019 3 2 4 57 8 04 02 10 234 20 198 3 0000 4 0184 5 0000 6 000 0 7 00 0 0 8 5 7 7 / 333 10 /// 58 009 6 000 0 7 0000 
01-NOV-2015 06 48020 3 2 3 58 8 36 05 10 230 20 206 3 0000 4 0000 5 0000 6 000 0 7 00 0 0 8 8 7 / / 333 10 /// 58 000 6 000 0 7 0000 
01-NOV-2015 06 48025 3 2 3 30 8 32 02 10 228 20 214 3 0000 4 0193 5 0000 6 000 0 7 00 0 0 8 5 8 7 / 333 10 /// 58 009 6 000 0 7 0000 
01-NOV-2015 06 48030 2 1 / 09 9 04 01 10 143 20 143 3 0000 4 0000 5 0000 6 000 0 7 51 5 4 8 9 / / / 333 10 /// 58 000 6 000 0 7 0000 
01-NOV-2015 06 48031 2 1 / 03 9 22 01 10 150 20 150 3 0000 4 0000 5 0000 6 000 0 7 50 5 4 8 9 / / / 333 10 /// 58 000 6 000 0 7 0000 
01-NOV-2015 06 48033 2 1 4 61 7 36 01 10 240 20 226 3 0000 4 0183 5 0000 6 000 0 7 02 5 5 8 6 9 7 0 333 10 /// 58 006 6 000 0 7 0000 
01-NOV-2015 06 48034 2 1 3 56 8 00 00 10 180 20 172 3 0000 4 0000 5 0000 6 000 0 7 51 6 5 8 6 9 2 / 333 10 /// 58 000 6 000 0 7 0000 
01-NOV-2015 06 48035 2 1 1 20 8 32 01 10 193 20 190 3 0000 4 0188 5 0000 6 000 0 7 62 6 6 8 6 9 2 / 333 10 /// 58 015 6 000 0 7 0000 
01-NOV-2015 06 48037 3 2 4 56 6 32 01 10 237 20 226 3 0000 4 0176 5 0000 6 000 0 7 00 0 0 8 5 8 7 / 333 10 /// 59 007 6 000 0 7 0000 
01-NOV-2015 06 48039 3 2 4 60 8 32 01 10 235 20 226 3 0000 4 0000 5 0000 6 000 0 7 00 0 0 8 8 9 / / 333 10 /// 58 000 6 000 0 7 0000 
01-NOV-2015 06 48042 2 1 4 56 8 36 01 10 230 20 214 3 0000 4 0168 5 0000 6 000 0 7 60 5 5 8 5 9 7 / 333 10 /// 58 013 6 000 0 7 0000 
01-NOV-2015 06 48043 2 1 5 54 8 00 00 10 170 20 170 3 0000 4 0000 5 0000 6 000 0 7 50 5 5 8 6 7 7 / 333 10 /// 58 000 6 000 0 7 0000 
01-NOV-2015 06 48045 2 1 1 20 9 04 02 10 156 20 156 3 0000 4 0000 5 0000 6 000 0 7 62 6 4 8 9 / / / 333 10 /// 58 000 6 000 0 7 0000 
01-NOV-2015 06 48048 2 1 5 58 8 00 00 10 245 20 240 3 0000 4 0175 5 0000 6 000 0 7 50 5 5 8 6 9 7 / 333 10 /// 58 002 6 000 0 7 0000 
01-NOV-2015 06 48051 2 1 4 56 8 36 04 10 213 20 210 3 0000 4 0000 5 0000 6 000 0 7 61 6 5 8 6 9 2 0 333 10 /// 58 000 6 000 0 7 0000 
01-NOV-2015 06 48052 2 2 4 56 8 36 01 10 240 20 226 3 0000 4 0000 5 0000 6 000 0 7 00 0 0 8 5 9 7 0 333 10 /// 58 000 6 000 0 7 0000 
01-NOV-2015 06 48053 3 2 4 56 8 36 03 10 250 20 205 3 0000 4 0162 5 0000 6 000 0 7 00 0 0 8 5 5 7 / 333 10 /// 58 004 6 000 0 7 0000 
01-NOV-2015 06 48055 3 2 4 56 8 00 00 10 226 20 184 3 0000 4 0158 5 0000 6 000 0 7 00 0 0 8 5 9 7 / 333 10 /// 59 015 6 000 0 7 0000 
01-NOV-2015 06 48057 3 1 4 57 8 14 03 10 200 20 168 3 0000 4 0000 5 0000 6 000 0 7 02 4 4 8 6 9 5 0 333 10 /// 58 000 6 000 0 7 0000 
01-NOV-2015 06 48060 3 2 4 40 7 00 00 10 250 20 205 3 0000 4 0138 5 0000 6 000 0 7 00 0 0 8 5 8 3 0 333 10 /// 59 009 6 000 0 7 0000 
01-NOV-2015 06 48062 2 1 3 50 8 04 03 10 230 20 230 3 0000 4 0155 5 0000 6 000 0 7 50 5 5 8 6 9 2 0 333 10 /// 58 010 6 000 0 7 0000 
01-NOV-2015 06 48064 3 2 4 56 8 18 01 10 255 20 229 3 0000 4 0160 5 0000 6 000 0 7 00 0 0 8 4 8 7 0 333 10 /// 58 029 6 000 0 7 0000 
01-NOV-2015 06 48065 3 1 4 56 8 22 03 10 255 20 212 3 0000 4 0000 5 0000 6 000 0 7 02 2 2 8 6 5 7 0 333 10 /// 58 000 6 000 0 7 0000 
01-NOV-2015 06 48071 3 2 4 58 7 05 01 10 283 20 233 3 0000 4 0149 5 0000 6 000 0 7 02 2 2 8 5 9 7 0 333 10 /// 58 015 6 000 0 7 0000 
01-NOV-2015 06 48072 3 2 4 60 8 36 02 10 300 20 239 3 0000 4 0000 5 0000 6 000 0 7 03 2 2 8 6 9 3 / 333 10 /// 58 000 6 000 0 7 0000 
01-NOV-2015 06 48074 3 2 4 59 8 32 02 10 270 20 226 3 0000 4 0157 5 0000 6 000 0 7 00 0 0 8 4 8 6 / 333 10 /// 58 013 6 000 0 7 0000 
01-NOV-2015 06 48075 3 2 4 57 7 32 01 10 240 20 209 3 0000 4 0161 5 0000 6 000 0 7 00 0 0 8 5 7 7 0 333 10 /// 58 015 6 000 0 7 0000 
01-NOV-2015 06 48077 3 2 5 59 8 04 02 10 270 20 226 3 0000 4 0154 5 0000 6 000 0 7 00 0 0 8 5 9 3 1 333 10 /// 58 010 6 000 0 7 0000 
01-NOV-2015 06 48078 2 1 5 59 8 32 05 10 281 20 233 3 0000 4 0150 5 0000 6 000 0 7 02 5 5 8 5 8 7 / 333 10 /// 58 010 6 000 0 7 0000 
01-NOV-2015 06 48080 3 2 4 59 8 04 06 10 320 20 281 3 0000 4 0120 5 0000 6 000 0 7 00 0 0 8 5 8 3 0 333 10 /// 59 010 6 000 0 7 0000 
01-NOV-2015 06 48085 3 2 4 58 5 14 02 10 328 20 244 3 0000 4 0129 5 0000 6 000 0 7 00 0 0 8 2 8 7 6 333 10 /// 58 008 6 000 0 7 0000 
01-NOV-2015 06 48087 3 2 9 60 4 04 05 10 302 20 239 3 0000 4 0000 5 0000 6 000 0 7 00 0 0 8 0 0 4 1 333 10 /// 58 000 6 000 0 7 0000 
01-NOV-2015 06 48092 3 2 5 57 4 04 01 10 310 20 254 3 0000 4 0122 5 0000 6 000 0 7 00 0 0 8 2 4 0 6 333 10 /// 58 006 6 000 0 7 0000 
01-NOV-2015 06 48093 3 2 6 58 2 14 01 10 322 20 265 3 0000 4 0000 5 0000 6 000 0 7 03 1 1 8 1 1 0 1 333 10 /// 58 000 6 000 0 7 0000 
01-NOV-2015 06 48094 3 2 4 60 2 04 03 10 315 20 250 3 0000 4 0138 5 0000 6 000 0 7 00 0 0 8 2 5 0 0 333 10 /// 58 014 6 000 0 7 0000 
01-NOV-2015 06 48095 3 2 9 60 1 04 03 10 290 20 248 3 0000 4 0000 5 0000 6 000 0 7 00 0 0 8 0 0 0 2 333 10 /// 58 000 6 000 0 7 0000 
01-NOV-2015 06 48096 3 2 5 59 5 33 03 10 310 20 254 3 0000 4 0134 5 0000 6 000 0 7 02 2 2 8 2 2 0 1 333 10 /// 58 003 6 000 0 7 0000 
01-NOV-2015 06 48097 3 2 5 57 4 08 04 10 315 20 242 3 0000 4 0138 5 0000 6 000 0 7 00 0 0 8 2 8 0 2 333 10 /// 58 006 6 000 0 7 0000 
01-NOV-2015 06 48099 3 2 5 58 3 09 06 10 336 20 240 3 0000 4 0123 5 0000 6 000 0 7 00 0 0 8 2 3 0 1 333 10 /// 58 001 6 000 0 7 0000 
01-NOV-2015 06 48101 3 2 6 60 3 04 02 10 313 20 254 3 0000 4 0000 5 0000 6 000 0 7 03 1 1 8 1 1 2 1 333 10 /// 58 000 6 000 0 7 0000 
01-NOV-2015 06 48103 3 2 4 57 3 04 04 10 340 20 240 3 0000 4 0123 5 0000 6 000 0 7 00 0 0 8 3 8 0 0 333 10 /// 58 001 6 000 0 7 0000 
01-NOV-2015 06 48107 3 2 3 50 2 23 01 10 340 20 240 3 0000 4 0109 5 0000 6 000 0 7 00 0 0 8 2 9 0 0 333 10 /// 58 004 6 000 0 7 0000 
01-NOV-2015 06 48108 3 2 5 96 5 05 05 10 335 20 218 3 0000 4 0122 5 0000 6 000 0 7 00 0 0 8 3 8 0 6 333 10 /// 58 010 6 000 0 7 0000 
01-NOV-2015 06 48109 3 2 4 97 6 04 01 10 324 20 281 3 0000 4 0135 5 0000 6 000 0 7 00 0 0 8 5 9 3 0 333 10 /// 58 009 6 000 0 7 0000 
01-NOV-2015 06 48110 3 1 5 96 2 36 03 10 350 20 237 3 0000 4 0115 5 0000 6 000 0 7 05 2 2 8 1 3 0 5 333 10 /// 58 004 6 000 0 7 0000 
01-NOV-2015 06 48112 2 1 5 97 8 04 02 10 295 20 250 3 0000 4 0123 5 0000 6 000 0 7 01 5 2 8 4 8 7 6 333 10 /// 58 012 6 000 0 7 0000 
