01-NOV-2015 03 48001 3 2 4 30 8 04 01 10 180 20 180 3 0000 4 0200 5 0000 6 000 0 7 00 0 0 8 4 8 6 / 333 10 /// 58 010 6 000 0 7 0000 
01-NOV-2015 03 48008 2 1 4 50 8 14 01 10 212 20 195 3 0000 4 0199 5 0000 6 000 0 7 50 5 5 8 4 9 7 / 333 10 /// 58 010 6 000 0 7 0000 
01-NOV-2015 03 48010 2 1 4 20 8 00 00 10 200 20 200 3 0000 4 0207 5 0000 6 000 0 7 61 6 6 8 8 7 / / 333 10 /// 58 011 6 000 0 7 0000 
01-NOV-2015 03 48018 2 1 5 58 8 32 01 10 220 20 205 3 0000 4 0196 5 0000 6 000 0 7 20 5 5 8 5 7 7 / 333 10 /// 58 022 6 000 0 7 0000 
01-NOV-2015 03 48019 3 2 4 57 8 00 00 10 218 20 195 3 0000 4 0186 5 0000 6 000 0 7 00 0 0 8 8 7 / / 333 10 /// 59 002 6 000 0 7 0000 
01-NOV-2015 03 48020 2 2 3 57 8 36 03 10 220 20 205 3 0000 4 0000 5 0000 6 000 0 7 00 0 0 8 8 7 / / 333 10 /// 58 000 6 000 0 7 0000 
01-NOV-2015 03 48025 2 2 2 30 8 27 01 10 220 20 205 3 0000 4 0198 5 0000 6 000 0 7 00 0 0 8 5 7 7 / 333 10 /// 58 012 6 000 0 7 0000 
01-NOV-2015 03 48030 2 1 / 09 9 32 01 10 135 20 135 3 0000 4 0000 5 0000 6 000 0 7 43 5 4 8 9 / / / 333 10 /// 58 000 6 000 0 7 0000 
01-NOV-2015 03 48031 2 1 / 03 9 22 01 10 150 20 134 3 0000 4 0000 5 0000 6 000 0 7 50 5 4 8 9 / / / 333 10 /// 58 000 6 000 0 7 0000 
01-NOV-2015 03 48033 2 1 4 60 7 00 00 10 230 20 214 3 0000 4 0184 5 0000 6 000 0 7 02 5 5 8 6 9 7 0 333 10 /// 58 012 6 000 0 7 0000 
01-NOV-2015 03 48034 2 1 3 56 8 00 00 10 172 20 165 3 0000 4 0000 5 0000 6 000 0 7 50 5 5 8 6 9 2 / 333 10 /// 58 000 6 000 0 7 0000 
01-NOV-2015 03 48035 2 1 2 50 8 00 00 10 189 20 175 3 0000 4 0196 5 0000 6 000 0 7 60 6 6 8 5 9 7 / 333 10 /// 58 004 6 000 0 7 0000 
01-NOV-2015 03 48037 2 1 0 50 8 00 00 10 230 20 230 3 0000 4 0177 5 0000 6 000 0 7 20 6 5 8 5 8 7 / 333 10 /// 59 010 6 000 0 7 0000 
01-NOV-2015 03 48039 2 1 4 58 8 32 01 10 224 20 224 3 0000 4 0000 5 0000 6 000 0 7 02 5 5 8 8 7 / / 333 10 /// 58 000 6 000 0 7 0000 
01-NOV-2015 03 48042 2 1 4 50 8 00 00 10 220 20 220 3 0000 4 0178 5 0000 6 000 0 7 63 6 6 8 5 9 7 / 333 10 /// 58 010 6 000 0 7 0000 
01-NOV-2015 03 48043 2 1 5 40 8 05 05 10 170 20 170 3 0000 4 0000 5 0000 6 000 0 7 61 6 6 8 6 7 2 / 333 10 /// 58 000 6 000 0 7 0000 
01-NOV-2015 03 48045 2 1 2 30 8 04 05 10 152 20 152 3 0000 4 0000 5 0000 6 000 0 7 40 6 4 8 8 7 / / 333 10 /// 58 000 6 000 0 7 0000 
01-NOV-2015 03 48048 2 1 5 58 8 00 00 10 240 20 226 3 0000 4 0170 5 0000 6 000 0 7 50 5 5 8 6 9 7 / 333 10 /// 58 010 6 000 0 7 0000 
01-NOV-2015 03 48052 2 2 4 56 8 36 01 10 226 20 214 3 0000 4 0000 5 0000 6 000 0 7 00 0 0 8 5 9 7 0 333 10 /// 58 000 6 000 0 7 0000 
01-NOV-2015 03 48053 2 2 4 56 8 36 02 10 230 20 214 3 0000 4 0167 5 0000 6 000 0 7 00 0 0 8 5 5 7 / 333 10 /// 58 002 6 000 0 7 0000 
01-NOV-2015 03 48055 2 1 2 56 8 04 02 10 193 20 175 3 0000 4 0190 5 0000 6 000 0 7 20 5 5 8 6 9 2 / 333 10 /// 58 007 6 000 0 7 0000 
01-NOV-2015 03 48057 2 1 1 29 8 14 04 10 170 20 170 3 0000 4 0000 5 0000 6 000 0 7 40 4 4 8 8 9 / / 333 10 /// 58 000 6 000 0 7 0000 
01-NOV-2015 03 48060 2 2 4 30 8 00 00 10 220 20 205 3 0000 4 0186 5 0000 6 000 0 7 00 0 0 8 5 8 7 / 333 10 /// 58 021 6 000 0 7 0000 
01-NOV-2015 03 48062 2 1 3 56 8 04 04 10 230 20 230 3 0000 4 0146 5 0000 6 000 0 7 02 2 2 8 6 9 7 0 333 10 /// 59 006 6 000 0 7 0000 
01-NOV-2015 03 48064 3 2 4 56 8 14 01 10 230 20 214 3 0000 4 0153 5 0000 6 000 0 7 00 0 0 8 4 8 7 0 333 10 /// 58 004 6 000 0 7 0000 
01-NOV-2015 03 48065 2 2 4 50 8 04 02 10 238 20 209 3 0000 4 0000 5 0000 6 000 0 7 00 0 0 8 6 5 7 0 333 10 /// 58 000 6 000 0 7 0000 
01-NOV-2015 03 48071 3 2 4 58 7 05 01 10 262 20 229 3 0000 4 0146 5 0000 6 000 0 7 03 2 2 8 5 9 7 0 333 10 /// 58 000 6 000 0 7 0000 
01-NOV-2015 03 48072 3 2 4 59 8 13 02 10 250 20 233 3 0000 4 0000 5 0000 6 000 0 7 03 2 2 8 6 9 7 / 333 10 /// 58 000 6 000 0 7 0000 
01-NOV-2015 03 48074 3 2 4 59 7 04 04 10 256 20 219 3 0000 4 0167 5 0000 6 000 0 7 00 0 0 8 3 8 6 0 333 10 /// 59 003 6 000 0 7 0000 
01-NOV-2015 03 48075 2 2 4 57 6 00 00 10 210 20 195 3 0000 4 0183 5 0000 6 000 0 7 00 0 0 8 4 8 3 0 333 10 /// 58 026 6 000 0 7 0000 
01-NOV-2015 03 48077 3 2 5 59 6 04 02 10 252 20 219 3 0000 4 0161 5 0000 6 000 0 7 00 0 0 8 4 8 3 1 333 10 /// 58 002 6 000 0 7 0000 
01-NOV-2015 03 48078 2 2 5 57 8 32 04 10 251 20 219 3 0000 4 0166 5 0000 6 000 0 7 00 0 0 8 5 5 7 / 333 10 /// 58 010 6 000 0 7 0000 
01-NOV-2015 03 48080 3 2 4 57 6 13 03 10 284 20 233 3 0000 4 0133 5 0000 6 000 0 7 00 0 0 8 4 8 3 0 333 10 /// 59 003 6 000 0 7 0000 
01-NOV-2015 03 48085 3 2 4 57 4 14 02 10 294 20 230 3 0000 4 0137 5 0000 6 000 0 7 00 0 0 8 1 8 0 6 333 10 /// 58 003 6 000 0 7 0000 
01-NOV-2015 03 48087 3 2 9 60 0 36 04 10 262 20 215 3 0000 4 0000 5 0000 6 000 0 7 00 0 0 8 0 0 0 0 333 10 /// 58 000 6 000 0 7 0000 
01-NOV-2015 03 48092 3 2 4 56 4 32 01 10 260 20 223 3 0000 4 0134 5 0000 6 000 0 7 00 0 0 8 4 8 0 0 333 10 /// 58 009 6 000 0 7 0000 
01-NOV-2015 03 48093 3 2 9 57 1 04 01 10 276 20 233 3 0000 4 0000 5 0000 6 000 0 7 00 0 0 8 0 0 0 1 333 10 /// 58 000 6 000 0 7 0000 
01-NOV-2015 03 48094 3 2 4 58 3 04 02 10 270 20 230 3 0000 4 0149 5 0000 6 000 0 7 02 2 2 8 2 5 0 1 333 10 /// 58 009 6 000 0 7 0000 
01-NOV-2015 03 48095 3 2 4 58 7 04 03 10 250 20 219 3 0000 4 0000 5 0000 6 000 0 7 00 0 0 8 4 8 4 0 333 10 /// 58 000 6 000 0 7 0000 
01-NOV-2015 03 48096 3 2 4 57 6 34 07 10 270 20 240 3 0000 4 0156 5 0000 6 000 0 7 00 0 0 8 4 8 3 1 333 10 /// 58 003 6 000 0 7 0000 
01-NOV-2015 03 48097 3 2 5 57 5 05 02 10 260 20 229 3 0000 4 0160 5 0000 6 000 0 7 02 2 2 8 3 8 0 1 333 10 /// 58 010 6 000 0 7 0000 
01-NOV-2015 03 48099 2 2 4 50 5 04 03 10 290 20 230 3 0000 4 0141 5 0000 6 000 0 7 00 0 0 8 5 8 0 0 333 10 /// 58 002 6 000 0 7 0000 
01-NOV-2015 03 48101 3 2 9 59 2 30 62 10 276 20 233 3 0000 4 0000 5 0000 6 000 0 7 02 1 1 8 0 0 0 5 333 10 /// 58 000 6 000 0 7 0000 
01-NOV-2015 03 48103 3 2 4 56 2 04 04 10 298 20 239 3 0000 4 0143 5 0000 6 000 0 7 00 0 0 8 2 5 0 0 333 10 /// 59 100 6 000 0 7 0000 
01-NOV-2015 03 48107 3 1 9 50 0 13 01 10 290 20 248 3 0000 4 0127 5 0000 6 000 0 7 // 4 4 8 0 0 0 0 333 10 /// 58 001 6 000 0 7 0000 
01-NOV-2015 03 48108 3 2 5 96 5 09 05 10 318 20 220 3 0000 4 0140 5 0000 6 000 0 7 00 0 0 8 2 8 0 6 333 10 /// 58 007 6 000 0 7 0000 
01-NOV-2015 03 48109 3 2 4 97 5 04 01 10 307 20 267 3 0000 4 0139 5 0000 6 000 0 7 00 0 0 8 5 8 0 0 333 10 /// 59 002 6 000 0 7 0000 
01-NOV-2015 03 48110 2 1 9 96 3 13 02 10 315 20 242 3 0000 4 0142 5 0000 6 000 0 7 05 2 2 8 0 0 0 6 333 10 /// 58 007 6 000 0 7 0000 
01-NOV-2015 03 48112 3 2 5 97 8 04 03 10 290 20 248 3 0000 4 0133 5 0000 6 000 0 7 02 2 2 8 4 8 7 6 333 10 /// 59 002 6 000 0 7 0000 
