48001 32450 40401 10300 20239 40114 83820 333 56540 58012=
48004 32562 20401 10342 20257 82800 333 56900=
48008 32557 51801 10330 20267 40118 83830 333 56459 58017=
48010 22456 81801 10270 20263 40126 8597/ 333 56499 58021=
48018 32559 71401 10320 20265 40129 70222 83874 333 56459 58025=
48019 32460 23203 10348 20240 40115 81201 333 56506 58013=
48020 31357 83606 10335 20275 71799 85930 333 56890=
48025 32456 73201 10345 20270 40117 84841 333 56559 58004=
48035 32560 53202 10305 20225 40101 83960 333 56590 58028=
48037 32560 30401 10349 20266 40111 82302 333 56209 58012=
48042 32559 41303 10350 20240 40099 83802 333 56109 58005=
48045 32556 61406 10260 20215 85301 333 56309 =
48048 32560 43201 10340 20257 40115 84800 333 56400 58012=
48051 NIL=
48053 32456 61802 10330 20258 40122 83956 333 56499 58022=
48060 NIL=
48062 NIL=
48071 NIL=
48075 NIL=
48077 NIL=
48078 NIL=
48080 NIL=
48085 NIL=
48095 NIL=
48108 NIL=
48109 NIL=
48110 NIL=
48112 NIL=
48030 32256 70401 10230 20198 86940 333 56180=
48072 NIL=
48087 NIL=
48099 NIL=
48101 NIL=
48103 NIL=
48057 48060 32350 30000 10268 20211 40112 70222 82102 333 56609 58037=
48094 NIL=
48097 NIL=
48031 32260 40401 10265 20203 84800 333 56400=
48033 32563 40000 10330 20275 40116 82506 333 56909 58019=
48034 32457 40402 10288 20203 84800 333 56500=
48039 32460 40000 10335 20270 82102 333 56505=
48043 32540 83205 10270 20240 8537/ 333 56399=
48052 32468 32201 10342 20257 83800 333 56900=
48055 32557 60406 10282 20220 40109 86900 333 56300 58035=
48064 32560 30401 10328 20291 40099 81131 333 56449 58002=
48065 32558 30401 10335 20275 82801 333 56909=
48074 32461 51403 10320 20265 40134 82859 333 56249 58030=
48092 NIL=
48093 NIL=
48107 NIL=
48096 NIL=  