010900 48001 32550 20000 10325 20258 40090 82200 333 56100 58026=
010900 48004 32562 32201 10360 20264 83800 333 56500=
010900 48008 32557 51801 10350 20244 40083 83830 333 56440 58012=
010900 48010 22558 60000 10285 20268 40100 85830 333 56440 58021=
010900 48018 32560 40401 10342 20270 40097 82862 333 56766 58025=
010900 48019 32460 42702 10350 20240 40085 82203 333 56507 58014=
010900 48025 21330 81402 10233 20233 40115 79596 8592/ 333 56669 58034=
010900 48031 31257 81801 10255 20215 71799 883// 333 56499=
010900 48033 32562 73601 10310 20254 40092 86970 333 56880 58020=
010900 48034 31456 60907 10250 20195 71799 86300 333 56500=
010900 48035 32560 63202 10329 20234 40054 83861 333 56349 59002=
010900 48037 21558 83601 10361 20278 40073 79596 85302 333 56209 58001=
010900 48039 32460 50000 10345 20270 82902 333 56404=
010900 48042 32560 53601 10355 20252 40067 84902 333 56709 59002=
010900 48043 21540 81805 10250 20250 76166 8672/ 333 56999=
010900 48045 31557 71402 10212 20175 79599 87300 333 56300=
010900 48048 32560 71801 10330 20258 40081 85950 333 56490 58000=
010900 48052 32468 40000 10374 20291 84800 333 56900=
010900 48053 31450 71307 10300 20253 40093 71799 85950 333 56290 58019=
010900 48055 32557 40904 10317 20230 40064 83301 333 56309 58013=
010900 48060 32356 30000 10310 20225 40054 82102 333 56406 59058=
010900 48064 32560 60000 10345 20297 40061 84831 333 56449 59005=
010900 48065 32457 70000 10342 20270 85870 333 56990=
010900 48074 32460 70402 10340 20270 40100 85361 333 56889 58016=
