01-OCT-2015 09 48001 3 2 5 50 2 00 00 10 325 20 258 3 0000 4 0090 5 0000 6 000 0 7 00 0 0 8 2 2 0 0 333 10 /// 58 026 6 000 0 7 0000 
01-OCT-2015 09 48004 3 2 5 62 3 22 01 10 360 20 264 3 0000 4 0000 5 0000 6 000 0 7 00 0 0 8 3 8 0 0 333 10 /// 58 000 6 000 0 7 0000 
01-OCT-2015 09 48008 3 2 5 57 5 18 01 10 350 20 244 3 0000 4 0083 5 0000 6 000 0 7 00 0 0 8 3 8 3 0 333 10 /// 58 012 6 000 0 7 0000 
01-OCT-2015 09 48010 2 2 5 58 6 00 00 10 285 20 268 3 0000 4 0100 5 0000 6 000 0 7 00 0 0 8 5 8 3 0 333 10 /// 58 021 6 000 0 7 0000 
01-OCT-2015 09 48018 3 2 5 60 4 04 01 10 342 20 270 3 0000 4 0097 5 0000 6 000 0 7 00 0 0 8 2 8 6 2 333 10 /// 58 025 6 000 0 7 0000 
01-OCT-2015 09 48019 3 2 4 60 4 27 02 10 350 20 240 3 0000 4 0085 5 0000 6 000 0 7 00 0 0 8 2 2 0 3 333 10 /// 58 014 6 000 0 7 0000 
01-OCT-2015 09 48025 2 1 3 30 8 14 02 10 233 20 233 3 0000 4 0115 5 0000 6 000 0 7 95 9 6 8 5 9 2 / 333 10 /// 58 034 6 000 0 7 0000 
01-OCT-2015 09 48031 3 1 2 57 8 18 01 10 255 20 215 3 0000 4 0000 5 0000 6 000 0 7 17 9 9 8 8 3 / / 333 10 /// 58 000 6 000 0 7 0000 
01-OCT-2015 09 48033 3 2 5 62 7 36 01 10 310 20 254 3 0000 4 0092 5 0000 6 000 0 7 00 0 0 8 6 9 7 0 333 10 /// 58 020 6 000 0 7 0000 
01-OCT-2015 09 48034 3 1 4 56 6 09 07 10 250 20 195 3 0000 4 0000 5 0000 6 000 0 7 17 9 9 8 6 3 0 0 333 10 /// 58 000 6 000 0 7 0000 
01-OCT-2015 09 48035 3 2 5 60 6 32 02 10 329 20 234 3 0000 4 0054 5 0000 6 000 0 7 00 0 0 8 3 8 6 1 333 10 /// 59 002 6 000 0 7 0000 
01-OCT-2015 09 48037 2 1 5 58 8 36 01 10 361 20 278 3 0000 4 0073 5 0000 6 000 0 7 95 9 6 8 5 3 0 2 333 10 /// 58 001 6 000 0 7 0000 
01-OCT-2015 09 48039 3 2 4 60 5 00 00 10 345 20 270 3 0000 4 0000 5 0000 6 000 0 7 00 0 0 8 2 9 0 2 333 10 /// 58 000 6 000 0 7 0000 
01-OCT-2015 09 48042 3 2 5 60 5 36 01 10 355 20 252 3 0000 4 0067 5 0000 6 000 0 7 00 0 0 8 4 9 0 2 333 10 /// 59 002 6 000 0 7 0000 
01-OCT-2015 09 48043 2 1 5 40 8 18 05 10 250 20 250 3 0000 4 0000 5 0000 6 000 0 7 61 6 6 8 6 7 2 / 333 10 /// 58 000 6 000 0 7 0000 
01-OCT-2015 09 48045 3 1 5 57 7 14 02 10 212 20 175 3 0000 4 0000 5 0000 6 000 0 7 95 9 9 8 7 3 0 0 333 10 /// 58 000 6 000 0 7 0000 
01-OCT-2015 09 48048 3 2 5 60 7 18 01 10 330 20 258 3 0000 4 0081 5 0000 6 000 0 7 00 0 0 8 5 9 5 0 333 10 /// 58 000 6 000 0 7 0000 
01-OCT-2015 09 48052 3 2 4 68 4 00 00 10 374 20 291 3 0000 4 0000 5 0000 6 000 0 7 00 0 0 8 4 8 0 0 333 10 /// 58 000 6 000 0 7 0000 
01-OCT-2015 09 48053 3 1 4 50 7 13 07 10 300 20 253 3 0000 4 0093 5 0000 6 000 0 7 17 9 9 8 5 9 5 0 333 10 /// 58 019 6 000 0 7 0000 
01-OCT-2015 09 48055 3 2 5 57 4 09 04 10 317 20 230 3 0000 4 0064 5 0000 6 000 0 7 00 0 0 8 3 3 0 1 333 10 /// 58 013 6 000 0 7 0000 
01-OCT-2015 09 48060 3 2 3 56 3 00 00 10 310 20 225 3 0000 4 0054 5 0000 6 000 0 7 00 0 0 8 2 1 0 2 333 10 /// 59 058 6 000 0 7 0000 
01-OCT-2015 09 48064 3 2 5 60 6 00 00 10 345 20 297 3 0000 4 0061 5 0000 6 000 0 7 00 0 0 8 4 8 3 1 333 10 /// 59 005 6 000 0 7 0000 
01-OCT-2015 09 48065 3 2 4 57 7 00 00 10 342 20 270 3 0000 4 0000 5 0000 6 000 0 7 00 0 0 8 5 8 7 0 333 10 /// 58 000 6 000 0 7 0000 
01-OCT-2015 09 48074 3 2 4 60 7 04 02 10 340 20 270 3 0000 4 0100 5 0000 6 000 0 7 00 0 0 8 5 3 6 1 333 10 /// 58 016 6 000 0 7 0000 
