01-OCT-2015 00 48019 3 2 4 56 2 00 00 10 260 20 246 3 0000 4 0104 5 0000 6 000 0 7 00 0 0 8 2 2 0 0 333 20 256 58 006 6 000 2 7 0000 
01-OCT-2015 00 48033 3 2 5 60 3 09 01 10 270 20 256 3 0000 4 0121 5 0000 6 000 0 7 00 0 0 8 3 9 0 0 333 20 260 58 026 6 000 2 7 0000 
01-OCT-2015 00 48042 2 2 5 57 6 18 02 10 275 20 245 3 0000 4 0106 5 0000 6 000 0 7 00 0 0 8 5 9 5 0 333 20 260 58 022 6 000 2 7 0000 
01-OCT-2015 00 48048 3 2 5 50 2 00 00 10 263 20 246 3 0000 4 0100 5 0000 6 000 0 7 00 0 0 8 2 8 0 0 333 20 258 58 011 6 000 2 7 0000 
01-OCT-2015 00 48053 2 2 4 50 7 00 00 10 250 20 233 3 0000 4 0118 5 0000 6 000 0 7 00 0 0 8 4 9 5 1 333 20 239 58 027 6 000 2 7 0000 
01-OCT-2015 00 48055 3 2 5 56 2 00 00 10 188 20 185 3 0000 4 0140 5 0000 6 000 0 7 00 0 0 8 3 9 3 0 333 20 186 58 022 6 000 2 7 0000 
01-OCT-2015 00 48060 2 1 4 30 8 00 00 10 200 20 185 3 0000 4 0146 5 0000 6 000 0 7 41 4 4 8 5 8 7 / 333 20 185 58 029 6 000 2 7 0000 
01-OCT-2015 00 48062 2 1 3 50 8 09 02 10 270 20 260 3 0000 4 0110 5 0000 6 000 0 7 03 5 5 8 6 9 7 0 333 20 230 58 014 6 004 2 7 0000 
01-OCT-2015 00 48064 2 2 4 50 8 00 00 10 256 20 246 3 0000 4 0088 5 0000 6 000 0 7 00 0 0 8 4 8 2 0 333 20 224 58 013 6 017 2 7 0000 
01-OCT-2015 00 48071 3 2 4 56 5 00 00 10 285 20 274 3 0000 4 0113 5 0000 6 000 0 7 00 0 0 8 5 9 0 0 333 20 270 58 025 6 000 2 7 0000 
01-OCT-2015 00 48074 2 1 4 58 7 00 00 10 260 20 246 3 0000 4 0128 5 0000 6 000 0 7 02 5 5 8 5 7 4 0 333 20 250 58 028 6 990 2 7 0000 
01-OCT-2015 00 48075 2 1 4 56 4 00 00 10 190 20 175 3 0000 4 0143 5 0000 6 000 0 7 01 9 6 8 2 5 0 5 333 20 185 58 023 6 043 2 7 0000 
01-OCT-2015 00 48077 3 2 5 56 7 00 00 10 278 20 268 3 0000 4 0097 5 0000 6 000 0 7 00 0 0 8 5 9 3 1 333 20 258 58 008 6 000 2 7 0000 
01-OCT-2015 00 48078 2 1 5 50 3 00 00 10 245 20 237 3 0000 4 0119 5 0000 6 000 0 7 01 9 5 8 1 5 3 1 333 20 238 58 010 6 025 2 7 0000 
01-OCT-2015 00 48085 2 2 4 57 6 04 02 10 256 20 250 3 0000 4 0114 5 0000 6 000 0 7 00 0 0 8 4 9 7 0 333 20 254 58 020 6 001 2 7 0000 
01-OCT-2015 00 48092 3 1 4 90 6 00 00 10 270 20 263 3 0000 4 0088 5 0000 6 000 0 7 10 1 1 8 5 3 3 0 333 20 260 58 007 6 000 2 7 0000 
01-OCT-2015 00 48094 3 2 4 56 6 00 00 10 266 20 260 3 0000 4 0110 5 0000 6 000 0 7 00 0 0 8 4 9 7 0 333 20 213 58 012 6 000 2 7 0000 
01-OCT-2015 00 48096 3 2 4 57 5 12 06 10 270 20 256 3 0000 4 0116 5 0000 6 000 0 7 00 0 0 8 3 9 4 0 333 20 260 58 009 6 000 2 7 0000 
01-OCT-2015 00 48097 3 2 5 57 7 14 03 10 270 20 256 3 0000 4 0117 5 0000 6 000 0 7 00 0 0 8 5 3 3 0 333 20 252 58 015 6 000 2 7 0000 
01-OCT-2015 00 48099 2 1 3 40 6 00 00 10 270 20 256 3 0000 4 0114 5 0000 6 000 0 7 01 5 5 8 4 8 3 0 333 20 250 58 017 6 990 2 7 0000 
01-OCT-2015 00 48103 2 1 4 30 6 04 01 10 260 20 246 3 0000 4 0117 5 0000 6 000 0 7 02 5 5 8 5 7 2 0 333 20 254 58 011 6 990 2 7 0000 
01-OCT-2015 00 48107 2 1 3 30 8 00 00 10 250 20 250 3 0000 4 0116 5 0000 6 000 0 7 01 6 5 8 5 9 7 / 333 20 243 58 011 6 001 2 7 0000 
01-OCT-2015 00 48108 2 1 4 94 8 00 00 10 250 20 242 3 0000 4 0124 5 0000 6 000 0 7 50 5 5 8 5 3 7 / 333 20 240 58 013 6 020 2 7 0000 
01-OCT-2015 00 48109 3 2 4 96 6 23 01 10 272 20 256 3 0000 4 0117 5 0000 6 000 0 7 00 0 0 8 6 9 0 0 333 20 212 58 024 6 000 2 7 0000 
01-OCT-2015 00 48110 2 1 5 95 8 00 00 10 250 20 250 3 0000 4 0124 5 0000 6 000 0 7 03 5 5 8 3 5 5 7 333 20 250 58 016 6 004 2 7 0000 
01-OCT-2015 00 48112 2 1 5 97 8 18 02 10 245 20 245 3 0000 4 0122 5 0000 6 000 0 7 01 5 2 8 3 8 7 6 333 20 190 58 012 6 010 2 7 0000 
