01-SEP-2015 12 48001 2 1 2 20 8 00 00 10 240 20 239 3 0000 4 0048 5 0000 6 000 0 7 63 6 6 8 8 7 / / 333 10 260 59 005 6 045 2 7 0000 
01-SEP-2015 12 48008 2 1 4 50 8 00 00 10 260 20 256 3 0000 4 0037 5 0000 6 000 0 7 50 5 5 8 4 9 7 / 333 10 266 59 006 6 011 2 7 0000 
01-SEP-2015 12 48010 2 1 4 40 7 00 00 10 265 20 265 3 0000 4 0017 5 0000 6 000 0 7 01 5 5 8 4 7 7 0 333 10 271 59 010 6 030 2 7 0000 
01-SEP-2015 12 48018 3 2 5 56 8 36 01 10 305 20 253 3 0000 4 0002 5 0000 6 000 0 7 00 0 0 8 4 9 7 / 333 10 324 59 015 6 990 2 7 0000 
01-SEP-2015 12 48019 2 2 4 50 7 00 00 10 298 20 244 3 0000 4 0024 5 0000 6 000 0 7 00 0 0 8 4 2 5 0 333 10 315 59 005 6 001 2 7 0000 
01-SEP-2015 12 48025 2 1 3 50 6 00 00 10 298 20 253 3 0000 4 0013 5 0000 6 000 0 7 01 6 5 8 4 8 7 0 333 10 344 59 015 6 002 2 7 0000 
01-SEP-2015 12 48033 2 2 5 62 7 00 00 10 300 20 266 3 0000 4 0022 5 0000 6 000 0 7 00 0 0 8 5 9 7 0 333 10 350 58 000 6 002 2 7 0000 
01-SEP-2015 12 48034 3 2 4 56 7 23 01 10 240 20 209 3 0000 4 0000 5 0000 6 000 0 7 00 0 0 8 7 3 0 0 333 10 250 58 000 6 000 0 7 0000 
01-SEP-2015 12 48035 3 2 5 58 6 22 03 10 274 20 226 3 0000 4 0023 5 0000 6 000 0 7 00 0 0 8 4 9 6 0 333 10 307 59 004 6 000 0 7 0000 
01-SEP-2015 12 48037 3 2 4 56 7 32 01 10 335 20 257 3 0000 4 0008 5 0000 6 000 0 7 00 0 0 8 4 3 2 1 333 10 359 59 012 6 000 0 7 0000 
01-SEP-2015 12 48039 3 2 4 60 7 14 01 10 322 20 236 3 0000 4 0000 5 0000 6 000 0 7 00 0 0 8 4 8 6 0 333 10 341 58 000 6 000 0 7 0000 
01-SEP-2015 12 48042 3 2 5 58 6 18 05 10 322 20 236 3 0000 4 0013 5 0000 6 000 0 7 00 0 0 8 4 8 5 0 333 10 360 59 018 6 000 0 7 0000 
01-SEP-2015 12 48048 3 2 5 50 6 18 02 10 323 20 236 3 0000 4 0016 5 0000 6 000 0 7 00 0 0 8 5 9 5 0 333 10 350 59 015 6 000 0 7 0000 
01-SEP-2015 12 48053 3 2 4 56 7 18 02 10 300 20 223 3 0000 4 0035 5 0000 6 000 0 7 00 0 0 8 3 9 5 6 333 10 345 59 008 6 000 0 7 0000 
01-SEP-2015 12 48055 3 1 5 56 7 18 06 10 293 20 215 3 0000 4 0016 5 0000 6 000 0 7 17 9 9 8 5 9 7 1 333 10 320 59 010 6 000 0 7 0000 
01-SEP-2015 12 48060 2 2 3 30 7 00 00 10 260 20 229 3 0000 4 0049 5 0000 6 000 0 7 00 0 0 8 4 8 7 0 333 10 315 58 039 6 002 2 7 0000 
01-SEP-2015 12 48062 2 2 3 50 8 18 02 10 250 20 250 3 0000 4 0034 5 0000 6 000 0 7 21 6 6 8 6 9 7 0 333 10 280 59 029 6 065 2 7 0000 
01-SEP-2015 12 48064 3 2 4 50 8 04 01 10 318 20 265 3 0000 4 0013 5 0000 6 000 0 7 00 0 0 8 4 8 7 0 333 10 345 59 014 6 000 0 7 0000 
01-SEP-2015 12 48065 3 2 4 50 8 14 02 10 310 20 254 3 0000 4 0000 5 0000 6 000 0 7 00 0 0 8 5 5 7 0 333 10 340 58 000 6 000 0 7 0000 
01-SEP-2015 12 48071 2 2 4 56 8 23 03 10 280 20 268 3 0000 4 0043 5 0000 6 000 0 7 00 0 0 8 5 9 7 / 333 10 295 59 026 6 003 2 7 0000 
01-SEP-2015 12 48075 3 2 4 56 7 00 00 10 270 20 211 3 0000 4 0049 5 0000 6 000 0 7 00 0 0 8 4 8 4 5 333 10 310 59 021 6 000 2 7 0000 
01-SEP-2015 12 48077 2 1 5 56 8 00 00 10 274 20 256 3 0000 4 0038 5 0000 6 000 0 7 03 9 5 8 5 9 7 0 333 10 324 59 016 6 001 2 7 0000 
01-SEP-2015 12 48078 2 1 4 40 8 32 03 10 281 20 250 3 0000 4 0066 5 0000 6 000 0 7 95 9 5 8 6 9 2 / 333 10 305 59 006 6 990 2 7 0000 
01-SEP-2015 12 48080 2 2 4 58 8 22 04 10 270 20 256 3 0000 4 0054 5 0000 6 000 0 7 00 0 0 8 5 9 7 0 333 10 296 59 020 6 038 2 7 0000 
01-SEP-2015 12 48085 2 2 4 57 8 22 02 10 288 20 268 3 0000 4 0059 5 0000 6 000 0 7 00 0 0 8 5 8 7 0 333 10 310 59 016 6 006 2 7 0000 
01-SEP-2015 12 48092 2 1 4 56 8 13 01 10 260 20 253 3 0000 4 0052 5 0000 6 000 0 7 03 6 6 8 6 9 7 / 333 10 325 59 012 6 016 2 7 0000 
01-SEP-2015 12 48094 3 2 4 56 6 00 00 10 295 20 265 3 0000 4 0061 5 0000 6 000 0 7 03 2 2 8 5 9 4 0 333 10 330 59 014 6 000 0 7 0000 
01-SEP-2015 12 48096 2 1 4 56 8 21 05 10 260 20 260 3 0000 4 0073 5 0000 6 000 0 7 60 6 6 8 6 9 7 / 333 10 330 59 016 6 000 0 7 0000 
01-SEP-2015 12 48097 2 1 4 56 8 21 01 10 260 20 260 3 0000 4 0084 5 0000 6 000 0 7 20 6 5 8 5 9 7 / 333 10 340 59 014 6 004 2 7 0000 
01-SEP-2015 12 48099 2 1 4 50 7 13 01 10 285 20 250 3 0000 4 0068 5 0000 6 000 0 7 03 5 5 8 5 9 3 0 333 10 310 59 020 6 990 2 7 0000 
01-SEP-2015 12 48103 3 2 3 40 5 22 01 10 280 20 268 3 0000 4 0071 5 0000 6 000 0 7 00 0 0 8 5 7 0 0 333 10 321 59 020 6 000 0 7 0000 
01-SEP-2015 12 48107 3 2 3 50 5 23 01 10 280 20 250 3 0000 4 0083 5 0000 6 000 0 7 00 0 0 8 3 9 7 0 333 10 307 59 013 6 000 0 7 0000 
01-SEP-2015 12 48108 2 2 4 95 7 18 02 10 288 20 259 3 0000 4 0086 5 0000 6 000 0 7 00 0 0 8 4 3 7 7 333 10 307 59 017 6 003 2 7 0000 
01-SEP-2015 12 48109 3 2 4 96 5 23 01 10 293 20 259 3 0000 4 0073 5 0000 6 000 0 7 00 0 0 8 3 9 3 0 333 10 317 59 016 6 000 0 7 0000 
01-SEP-2015 12 48110 2 1 4 94 8 27 02 10 265 20 241 3 0000 4 0095 5 0000 6 000 0 7 02 5 5 8 5 3 7 7 333 10 280 59 007 6 019 2 7 0000 
01-SEP-2015 12 48112 2 2 5 97 8 22 01 10 260 20 246 3 0000 4 0100 5 0000 6 000 0 7 02 2 2 8 3 8 7 6 333 10 268 59 004 6 014 2 7 0000 
