48001 21440 80000 10190 20175 40090 70355 8572/ 333 10210 5645/ 58002 60042=
48004 21110 83201 10240 20191 70295 8697/ 333 10276 5655/ 69902=
48008 21450 80402 10243 20191 40051 79595 8597/ 333 10310 5611/ 59005 60012=
48010 21540 60000 10230 20214 40046 70195 82521 333 10300 56559 58009 69902=
48018 21556 82201 10260 20229 40060 79596 8597/ 333 10340 5655/ 59002 60062=
48019 21440 81402 10235 20198 40054 71799 8577/ 333 10339 5645/ 58011 69902=
48020 21240 80000 10200 20185 79596 889// 333 10332 565// 60102=
48025 21230 82201 10210 20195 40083 79596 8597/ 333 10375 5669/ 58041 60062=
48030 NIL=
48031 21250 82201 10135 20124 79596 883// 333 10250 565// 60072=
48033 22562 53602 10250 20205 40034 85900 333 10370 56900 59017 69902=
48034 21456 80402 10228 20109 79595 8697/ 333 10300 5659/ 69902=
48035 31530 72201 10269 20113 40012 70422 84960 333 10314 56560 59000=
48037 32540 70404 10270 20172 40039 85320 333 10377 56550 58008=
48039 32458 63208 10339 20266 84960 333 10380 56770=
48042 21440 83615 10262 20215 40037 75022 8597/ 333 10400 5666/ 59008 69902=
48043 32920 03202 10260 20119 333 10290=
48045 32557 52305 10228 20097 85300 333 10297 56500=
48048 32550 52202 10376 20159 40004 84850 333 10410 56490 59034=
48051 32558 32702 10292 20230 83800 333 10355 56900=
48052 32458 52203 10360 20155 85900 333 10422 56900=
48053 32550 61803 10360 20249 40062 85850 333 10380 56590 59017=
48055 21456 60000 10262 20203 49999 75055 86300 333 10335 56500 59026 69902=
48057 32456 41402 10248 20105 83301 333 10290 56609=
48060 32430 40000 10274 20154 40022 82130 333 10325 56560 59026=
48062 32456 62703 10290 20240 40068 84970 333 10330 56690 59014=
48064 32950 00402 10347 20237 40013 333 10410 59029=
48065 32950 02207 10342 20239 333 10412=
48071 32456 12703 10300 20239 40073 81800 333 10330 56700 59013=
48072 32457 13202 10295 20239 81200 333 10340 56600=
48074 32458 31401 10355 20219 40034 82301 333 10387 56509 59017=
48075 31456 23201 10290 20160 40025 70522 82500 333 10330 56500 59025=
48077 32556 52304 10350 20182 40023 84901 333 10392 56909 59019=
48078 32550 21801 10349 20192 40033 81101 333 10385 56909 59028=
48080 32457 62203 10300 20239 40071 84870 333 10350 56590 59022=
48085 32456 22705 10288 20248 40068 82800 333 10327 56700 59017=
48087 32940 32301 10310 20203 80041 333 10386 56099=
48092 31456 52305 10340 20195 40040 70522 83405 333 10385 56909 59012=
48093 32650 31401 10298 20239 82801 333 10363 56509=
48094 32457 33201 10295 20230 40066 82560 333 10355 56990 59024=
48095 32956 20403 10320 20215 80002 333 10375 56009=
48096 32558 22708 10338 20240 40056 82800 333 10375 56900 59020=
48097 32556 63606 10330 20206 40070 83536 333 10370 56999 59018=
48099 32540 32309 10295 20230 40064 82801 333 10355 56509 59002=
48101 32956 32702 10310 20225 80005 333 10353 56009=
48103 32440 32202 10296 20239 40055 83500 333 10358 56500 59022=
48107 32340 40000 10300 20207 40069 84900 333 10350 56600 59017=
48108 32596 40502 10305 20238 40072 83306 333 10365 56909 59020=
48109 32997 20401 10304 20239 40083 80006 333 10345 56009 59022=
48110 31596 23203 10300 20239 40074 70511 81305 333 10335 56909 59012=
48112 32597 83203 10305 20253 40075 83876 333 10353 56799 59026=  