020900 48001 32560 31301 10335 20257 40001 83200 333 56800 59018=
020900 48004 32460 50401 10342 20270 85900 333 56500=
020900 48008 32558 42301 10340 20257 40002 82930 333 56450 59023=
020900 48010 32560 30000 10295 20250 40036 82101 333 56505 59018=
020900 48018 32558 52301 10315 20254 40034 83870 333 56450 59012=
020900 48019 32460 52303 10320 20281 40024 85200 333 56500 59032=
020900 48020 32460 41303 10325 20248 83830 333 56490=
020900 48025 32458 51802 10316 20265 40032 83841 333 56549 58018=
020900 48030 32256 62202 10226 20181 84840 333 56560=
020900 48031 32258 81401 10225 20225 888// 333 56499=
020900 48033 32563 51801 10300 20253 40039 85800 333 56400 59002=
020900 48034 21248 82301 10220 20216 75055 8692/ 333 56599=
020900 48035 32560 62701 10287 20215 40008 84960 333 56560 58000=
020900 48037 32460 51401 10316 20265 40045 83830 333 56450 58005=
020900 48039 21460 60000 10300 20266 70155 84902 333 56505=
020900 48042 32559 71802 10313 20254 40033 84952 333 56449 59002=
020900 48043 22556 82305 10220 20220 8687/ 333 56599=
020900 48045 31140 71402 10235 20209 74044 87700 333 56600=
020900 48048 32560 62701 10325 20265 40003 85950 333 56490 58001=
020900 48051 32558 71802 10281 20270 70222 85930 333 56490=
020900 48052 32465 62202 10324 20265 85920 333 56990=
020900 48053 32456 71802 10300 20266 40042 84956 333 56499 58000=
020900 48055 21456 80903 10233 20225 40035 72055 8597/ 333 56699 59007=
020900 48057 22458 83202 10210 20195 70255 86950 333 56590=
020900 48060 21330 80000 10235 20212 40033 76166 8577/ 333 5649/ 58002=
020900 48062 22456 80903 10282 20270 40058 70322 85970 333 56390 58007=
020900 48064 32560 71401 10294 20259 40020 84831 333 56449 59017=
020900 48065 32557 71401 10292 20259 84870 333 56990=
020900 48071 21458 80000 10265 20256 40060 76166 8692/ 333 5659/ 59003=
020900 48072 21460 81801 10270 20256 75055 86970 333 56590=
020900 48074 21356 81802 10260 20260 40068 72065 8672/ 333 56499 59021=
020900 48075 21457 70000 10240 20226 40058 70262 85360 333 56590 59004=
020900 48077 22559 82301 10290 20248 40042 85931 333 56499 59019=
020900 48078 21440 81801 10244 20242 40072 79596 8592/ 333 56699 59013=
020900 48080 21459 60402 10260 20246 40063 70165 84870 333 56590 59002=
020900 48085 21457 80902 10262 20246 40066 75065 86920 333 56990 59006=
020900 48087 32458 82301 10300 20253 70322 8497/ 333 5649/=
020900 48092 22457 82306 10280 20250 40053 8697/ 333 5659/ 59013=
020900 48093 21456 82301 10268 20256 70366 8697/ 333 56999=
020900 48094 21456 80000 10280 20270 40072 72165 8597/ 333 5659/ 59004=
020900 48099 21330 81302 10250 20250 40076 76165 8697/ 333 5639/ 58001=
020900 48101 21457 82701 10280 20233 75365 8692/ 333 5659/=
020900 48103 21456 72201 10259 20246 40079 70265 85770 333 56550 59001=
020900 48107 21330 82301 10254 20254 40093 70165 8597/ 333 5655/ 58009=  
020900 48108 21494 81302 10256 20248 40098 75165 8537/ 333 5639/ 59002=
020900 48110 21496 82701 10265 20246 40105 70265 8632/ 333 5659/ 59001=
020900 48112 22597 82702 10295 20250 40100 70222 84876 333 56699 59008=
