48004 31560 41301 10280 20250 70144 84900 333 56500=
48008 32557 60000 10280 20250 40062 83970 333 56440 59007=
48010 22550 50000 10265 20240 40077 83801 333 56505 59002=  48001 21450 53601 10274 20240 40062 83800 333 56400 59010=
48004 NIL=
48008 NIL=
48010 NIL=
48018 NIL=
48019 NIL=
48020 NIL=
48025 NIL=
48035 NIL=
48037 NIL=
48042 NIL=
48045 NIL=
48048 NIL=
48051 NIL=
48053 NIL=
48060 NIL=
48062 NIL=
48071 NIL=
48075 NIL=
48077 NIL=
48078 NIL=
48080 NIL=
48085 NIL=
48095 NIL=
48108 NIL=
48109 NIL=
48110 NIL=
48112 NIL=
48030 NIL=
48072 NIL=
48087 NIL=
48099 NIL=
48101 NIL=
48103 NIL=
48057 NIL=
48094 NIL=
48097 NIL=
48031 NIL=
48033 NIL=
48034 NIL=
48039 NIL=
48043 NIL=
48052 NIL=
48055 NIL=
48064 NIL=
48065 NIL=
48074 NIL=
48092 NIL=
48093 NIL=
48107 NIL=  48018 32558 71401 10275 20256 40076 83870 333 56550 58009=
48019 22456 82301 10266 20256 40065 8577/ 333 56459 58003=
48020 21356 70000 10255 20235 70255 85740 333 56330=
48025 22340 60000 10262 20246 40080 84840 333 56540 58012=
48035 21350 82201 10242 20226 40060 75055 8692/ 333 56990 59013=
48037 32456 81401 10271 20240 40082 8577/ 333 56499 58048=
48042 21557 81802 10285 20255 40067 70255 8597/ 333 56449 58004=
48045 21140 71402 10206 20195 74044 85660 333 56560=
48048 32560 71801 10275 20256 40076 85950 333 56490 58016=
48053 22450 81802 10260 20246 40072 8577/ 333 56499 58033=
48060 21330 80000 10225 20217 40067 75165 8577/ 333 56599 59015=
48062 21450 80901 10250 20250 40073 75396 86920 333 56990 58023=
48071 21356 82302 10255 20255 40082 76366 8692/ 333 5659/ 58015=
48075 22457 71401 10220 20205 40091 85770 333 56590 59004=
48077 22458 80000 10268 20256 40071 85970 333 56490 59001=
48078 22557 81801 10262 20253 40093 8557/ 333 56499 59003=
48080 21459 81305 10262 20246 40079 75055 85970 333 56490 58004=
48085 21356 81403 10250 20250 40088 75065 86920 333 56990 58007=
48095 22458 80000 10245 20245 85970 333 56590=
48030 21256 82202 10174 20174 8684/ 333 56569=
48072 22458 81301 10280 20280 8697/ 333 5699/=
48087 22450 82302 10268 20240 8587/ 333 5649/=
48057 22458 81401 10200 20185 86950 333 56690=
48094 21458 82201 10268 20260 40088 70255 85970 333 56590 59002=
48097 21557 82401 10270 20256 40103 70265 8635/ 333 5699/ 58003=
48031 21257 83601 10185 20185 70144 87840 333 56490=
48033 32561 81801 10260 20246 40064 86970 333 56490 58002=
48034 21248 80000 10202 20198 75165 8692/ 333 56599=
48039 21459 81401 10270 20240 70255 889// 333 56499=
48052 22460 70000 10268 20256 85930 333 56990=
48055 21556 80000 10230 20206 40068 70255 8597/ 333 56699 59024=
48064 22456 70401 10267 20256 40056 84831 333 56449 58013=
48065 22450 80301 10270 20270 8597/ 333 5699/=
48074 21450 81402 10250 20250 40089 72055 8672/ 333 56499 59013=
48092 22456 81601 10270 20263 40074 8697/ 333 5659/ 59015=  48108 21495 82302 10260 20238 40111 70255 85377 333 56599 59010=
48109 32496 72303 10276 20250 40104 85970 333 56990 58006=
48110 21495 81304 10255 20231 40124 75065 8632/ 333 5659/ 59009=
48112 21496 82702 10245 20245 40132 75055 8677/ 333 5669/ 58000=
48101 21456 80000 10257 20246 76165 8697/ 333 5659/=
48103 22456 61403 10278 20268 40096 84730 333 56330 59011=
48107 22350 63201 10268 20240 40103 84970 333 56550 59009=  