020600 48035 32560 62702 10276 20220 40035 84960 333 56560 59011=
020600 48037 32459 81401 10288 20259 40064 8577/ 333 56499 58015=
020600 48042 32457 81801 10297 20239 40059 8597/ 333 56449 58000=
020600 48045 31130 81402 10223 20205 74044 887// 333 56599=
020600 48048 32560 61801 10305 20237 40067 85950 333 56490 58007=
020600 48053 32456 71802 10290 20248 40071 85850 333 56490 58009=
020600 48060 21340 70000 10230 20214 40051 76166 85770 333 56490 59005=
020600 48062 21450 80903 10260 20260 40077 75061 86920 333 56490 58011=
020600 48071 21458 80000 10265 20263 40080 72162 8597/ 333 5699/ 58007=
020600 48075 21457 73201 10240 20226 40078 72165 85770 333 56390 59012=
020600 48077 21559 82302 10270 20256 40071 70262 85970 333 56490 59009=
020600 48078 32559 81801 10268 20263 40085 8537/ 333 56499 59011=
020600 48085 21357 82202 10272 20256 40085 75065 86920 333 56990 59001=
020600 48095 32458 82202 10280 20268 82940 333 56990=
020600 48108 21495 82303 10270 20248 40109 72065 85377 333 56599 59009=
020600 48109 32497 72302 10295 20253 40096 85970 333 56990 58005=
020600 48110 21496 82303 10300 20253 40118 70255 85367 333 56599 59006=
020600 48112 21597 82702 10280 20250 40112 70152 84876 333 56599 59013=
020600 48030 32256 82202 10201 20185 8684/ 333 56569=
020600 48072 21458 80000 10255 20246 75066 8697/ 333 5699/=
020600 48087 32458 72303 10300 20253 84371 333 56499=
020600 48099 21330 81801 10244 20244 40096 76165 8697/ 333 5699/ 59011=
020600 48101 21558 80000 10273 20256 70265 8497/ 333 5699/=
020600 48103 21456 72202 10262 20246 40094 70365 85770 333 56550 59005=
020600 48057 21358 82201 10210 20195 75022 86950 333 56590=
020600 48094 21457 72202 10295 20265 40085 76066 85970 333 56590 59003=
020600 48097 21457 72301 10285 20271 40097 72065 87300 333 56900 58006=
020600 48031 32257 80901 10210 20210 888// 333 56499=
020600 48033 32562 61801 10290 20248 40062 86900 333 56400 58000=
020600 48034 21148 80000 10218 20213 75155 8692/ 333 56599=
020600 48039 32460 71401 10290 20248 85960 333 56550=
020600 48043 21556 82305 10210 20210 75055 8677/ 333 56999=
020600 48052 32465 62201 10306 20254 85920 333 56590=
020600 48055 22456 80000 10253 20229 40047 75055 8597/ 333 56699 59020=
020600 48064 32560 60401 10284 20250 40055 84831 333 56449 59002=
020600 48065 32456 70401 10290 20274 85870 333 56990=
020600 48074 21357 81403 10260 20260 40094 72055 8672/ 333 56499 59003=
020600 48092 21450 72301 10265 20258 40071 75065 85970 333 56590 59015=
020600 48093 21456 82301 10260 20258 75196 8697/ 333 56999=
020600 48107 21330 82301 10244 20244 40104 76166 8597/ 333 5655/ 58003=  48035 32560 62702 10276 20220 40035 84960 333 56560 59011=
020600 48037 32459 81401 10288 20259 40064 8577/ 333 56499 58015=
020600 48042 32457 81801 10297 20239 40059 8597/ 333 56449 58000=
020600 48045 31130 81402 10223 20205 74044 887// 333 56599=
020600 48048 32560 61801 10305 20237 40067 85950 333 56490 58007=
020600 48053 32456 71802 10290 20248 40071 85850 333 56490 58009=
020600 48060 21340 70000 10230 20214 40051 76166 85770 333 56490 59005=
020600 48062 21450 80903 10260 20260 40077 75061 86920 333 56490 58011=
020600 48071 21458 80000 10265 20263 40080 72162 8597/ 333 5699/ 58007=
020600 48075 21457 73201 10240 20226 40078 72165 85770 333 56390 59012=
020600 48077 21559 82302 10270 20256 40071 70262 85970 333 56490 59009=
020600 48078 32559 81801 10268 20263 40085 8537/ 333 56499 59011=
020600 48085 21357 82202 10272 20256 40085 75065 86920 333 56990 59001=
020600 48095 32458 82202 10280 20268 82940 333 56990=
020600 48108 21495 82303 10270 20248 40109 72065 85377 333 56599 59009=
020600 48109 32497 72302 10295 20253 40096 85970 333 56990 58005=
020600 48110 21496 82303 10300 20253 40118 70255 85367 333 56599 59006=
020600 48112 21597 82702 10280 20250 40112 70152 84876 333 56599 59013=
020600 48030 32256 82202 10201 20185 8684/ 333 56569=
020600 48072 21458 80000 10255 20246 75066 8697/ 333 5699/=
020600 48087 32458 72303 10300 20253 84371 333 56499=
020600 48099 21330 81801 10244 20244 40096 76165 8697/ 333 5699/ 59011=
020600 48101 21558 80000 10273 20256 70265 8497/ 333 5699/=
020600 48103 21456 72202 10262 20246 40094 70365 85770 333 56550 59005=
020600 48057 21358 82201 10210 20195 75022 86950 333 56590=
020600 48094 21457 72202 10295 20265 40085 76066 85970 333 56590 59003=
020600 48097 21457 72301 10285 20271 40097 72065 87300 333 56900 58006=
020600 48031 32257 80901 10210 20210 888// 333 56499=
020600 48033 32562 61801 10290 20248 40062 86900 333 56400 58000=
020600 48034 21148 80000 10218 20213 75155 8692/ 333 56599=
020600 48039 32460 71401 10290 20248 85960 333 56550=
020600 48043 21556 82305 10210 20210 75055 8677/ 333 56999=
020600 48052 32465 62201 10306 20254 85920 333 56590=
020600 48055 22456 80000 10253 20229 40047 75055 8597/ 333 56699 59020=
020600 48064 32560 60401 10284 20250 40055 84831 333 56449 59002=
020600 48065 32456 70401 10290 20274 85870 333 56990=
020600 48074 21357 81403 10260 20260 40094 72055 8672/ 333 56499 59003=
020600 48092 21450 72301 10265 20258 40071 75065 85970 333 56590 59015=
020600 48093 21456 82301 10260 20258 75196 8697/ 333 56999=
020600 48107 21330 82301 10244 20244 40104 76166 8597/ 333 5655/ 58003=  
