02-DEC-2015 03 48004 3 2 5 60 4 22 01 10 171 20 154 3 0000 4 0000 5 0000 6 000 0 7 00 0 0 8 4 8 0 0 333 10 /// 58 000 6 000 0 7 0000 
02-DEC-2015 03 48008 3 2 5 56 7 00 00 10 190 20 175 3 0000 4 0159 5 0000 6 000 0 7 00 0 0 8 3 9 7 0 333 10 /// 59 003 6 000 0 7 0000 
02-DEC-2015 03 48010 3 2 5 40 7 00 00 10 200 20 185 3 0000 4 0166 5 0000 6 000 0 7 00 0 0 8 4 7 3 0 333 10 /// 58 003 6 000 0 7 0000 
02-DEC-2015 03 48018 3 2 5 57 8 00 00 10 205 20 195 3 0000 4 0154 5 0000 6 000 0 7 00 0 0 8 4 8 7 / 333 10 /// 58 000 6 000 0 7 0000 
02-DEC-2015 03 48019 3 2 4 57 8 04 02 10 200 20 185 3 0000 4 0135 5 0000 6 000 0 7 00 0 0 8 5 6 6 0 333 10 /// 59 012 6 000 0 7 0000 
02-DEC-2015 03 48020 3 2 4 57 7 36 02 10 220 20 205 3 0000 4 0000 5 0000 6 000 0 7 00 0 0 8 5 5 3 0 333 10 /// 58 000 6 000 0 7 0000 
02-DEC-2015 03 48025 3 2 4 40 7 36 02 10 226 20 214 3 0000 4 0158 5 0000 6 000 0 7 00 0 0 8 6 8 4 0 333 10 /// 59 000 6 000 0 7 0000 
02-DEC-2015 03 48030 2 1 2 56 8 22 02 10 104 20 079 3 0000 4 0000 5 0000 6 000 0 7 00 0 0 8 2 8 4 2 333 10 /// 58 000 6 000 0 7 0000 
02-DEC-2015 03 48031 3 2 2 58 8 22 01 10 145 20 107 3 0000 4 0000 5 0000 6 000 0 7 00 0 0 8 8 8 / / 333 10 /// 58 000 6 000 0 7 0000 
02-DEC-2015 03 48033 3 2 5 62 6 36 01 10 230 20 193 3 0000 4 0144 5 0000 6 000 0 7 00 0 0 8 6 9 0 0 333 10 /// 58 008 6 000 0 7 0000 
02-DEC-2015 03 48034 3 1 4 56 7 00 00 10 157 20 133 3 0000 4 0000 5 0000 6 000 0 7 10 2 2 8 5 3 0 0 333 10 /// 58 000 6 000 0 7 0000 
02-DEC-2015 03 48035 3 1 5 50 6 00 00 10 191 20 159 3 0000 4 0156 5 0000 6 000 0 7 05 2 2 8 4 9 6 0 333 10 /// 58 001 6 000 0 7 0000 
02-DEC-2015 03 48037 3 2 5 50 7 32 01 10 234 20 198 3 0000 4 0152 5 0000 6 000 0 7 00 0 0 8 5 8 7 0 333 10 /// 58 001 6 000 0 7 0000 
02-DEC-2015 03 48039 3 1 4 10 7 00 00 10 249 20 219 3 0000 4 0000 5 0000 6 000 0 7 40 4 4 8 4 8 5 0 333 10 /// 58 000 6 000 0 7 0000 
02-DEC-2015 03 48042 3 1 5 40 7 00 00 10 255 20 210 3 0000 4 0146 5 0000 6 000 0 7 10 2 2 8 4 8 5 0 333 10 /// 59 005 6 000 0 7 0000 
02-DEC-2015 03 48043 3 2 5 56 7 32 02 10 190 20 175 3 0000 4 0000 5 0000 6 000 0 7 00 0 0 8 2 2 3 0 333 10 /// 58 000 6 000 0 7 0000 
02-DEC-2015 03 48045 3 1 4 10 7 23 03 10 158 20 144 3 0000 4 0000 5 0000 6 000 0 7 41 4 4 8 7 6 0 0 333 10 /// 58 000 6 000 0 7 0000 
02-DEC-2015 03 48048 3 2 5 60 5 04 01 10 250 20 205 3 0000 4 0156 5 0000 6 000 0 7 00 0 0 8 4 8 5 0 333 10 /// 58 005 6 000 0 7 0000 
02-DEC-2015 03 48051 3 2 5 58 7 32 02 10 220 20 210 3 0000 4 0000 5 0000 6 000 0 7 00 0 0 8 4 8 3 0 333 10 /// 58 000 6 000 0 7 0000 
02-DEC-2015 03 48052 3 2 4 58 3 00 00 10 250 20 219 3 0000 4 0000 5 0000 6 000 0 7 00 0 0 8 3 8 0 0 333 10 /// 58 000 6 000 0 7 0000 
02-DEC-2015 03 48053 3 2 4 56 6 36 01 10 250 20 205 3 0000 4 0158 5 0000 6 000 0 7 00 0 0 8 2 5 5 6 333 10 /// 58 010 6 000 0 7 0000 
02-DEC-2015 03 48055 3 1 5 40 2 23 03 10 174 20 132 3 0000 4 0174 5 0000 6 000 0 7 10 1 1 8 1 5 3 0 333 10 /// 58 008 6 000 0 7 0000 
02-DEC-2015 03 48057 3 1 4 40 4 14 02 10 205 20 109 3 0000 4 0000 5 0000 6 000 0 7 10 2 2 8 1 5 5 6 333 10 /// 58 000 6 000 0 7 0000 
02-DEC-2015 03 48060 3 2 4 40 3 00 00 10 177 20 147 3 0000 4 0202 5 0000 6 000 0 7 00 0 0 8 2 1 3 0 333 10 /// 59 006 6 000 0 7 0000 
02-DEC-2015 03 48062 3 2 4 56 4 00 00 10 240 20 210 3 0000 4 0143 5 0000 6 000 0 7 00 0 0 8 2 5 3 0 333 10 /// 59 002 6 000 0 7 0000 
02-DEC-2015 03 48064 3 2 9 56 3 14 01 10 230 20 198 3 0000 4 0139 5 0000 6 000 0 7 00 0 0 8 0 0 3 1 333 10 /// 58 012 6 000 0 7 0000 
02-DEC-2015 03 48065 3 2 5 58 3 32 01 10 238 20 189 3 0000 4 0000 5 0000 6 000 0 7 00 0 0 8 1 8 3 1 333 10 /// 58 000 6 000 0 7 0000 
02-DEC-2015 03 48071 3 2 4 58 2 04 02 10 260 20 246 3 0000 4 0146 5 0000 6 000 0 7 00 0 0 8 2 2 0 0 333 10 /// 58 000 6 000 0 7 0000 
02-DEC-2015 03 48072 3 2 9 59 0 32 01 10 265 20 226 3 0000 4 0000 5 0000 6 000 0 7 00 0 0 8 0 0 0 0 333 10 /// 58 000 6 000 0 7 0000 
02-DEC-2015 03 48074 3 2 9 58 0 04 02 10 250 20 186 3 0000 4 0150 5 0000 6 000 0 7 00 0 0 8 0 0 0 0 333 10 /// 58 002 6 000 0 7 0000 
02-DEC-2015 03 48075 3 1 4 56 1 00 00 10 190 20 159 3 0000 4 0173 5 0000 6 000 0 7 01 4 4 8 1 1 0 0 333 10 /// 58 022 6 000 0 7 0000 
02-DEC-2015 03 48077 3 2 9 59 0 04 01 10 250 20 205 3 0000 4 0140 5 0000 6 000 0 7 00 0 0 8 0 0 0 0 333 10 /// 59 003 6 000 0 7 0000 
02-DEC-2015 03 48078 3 2 9 57 1 32 02 10 246 20 198 3 0000 4 0154 5 0000 6 000 0 7 00 0 0 8 0 0 0 1 333 10 /// 58 003 6 000 0 7 0000 
02-DEC-2015 03 48080 3 2 9 60 0 04 02 10 220 20 185 3 0000 4 0143 5 0000 6 000 0 7 00 0 0 8 0 0 0 0 333 10 /// 58 000 6 000 0 7 0000 
02-DEC-2015 03 48085 3 1 9 57 0 04 01 10 244 20 226 3 0000 4 0138 5 0000 6 000 0 7 05 4 4 8 0 0 0 0 333 10 /// 58 001 6 000 0 7 0000 
02-DEC-2015 03 48087 3 2 9 60 0 04 02 10 250 20 205 3 0000 4 0000 5 0000 6 000 0 7 00 0 0 8 0 0 0 0 333 10 /// 58 000 6 000 0 7 0000 
02-DEC-2015 03 48092 3 2 5 58 4 09 01 10 280 20 212 3 0000 4 0122 5 0000 6 000 0 7 00 0 0 8 1 4 0 1 333 10 /// 59 003 6 000 0 7 0000 
02-DEC-2015 03 48093 3 2 9 58 0 04 01 10 272 20 211 3 0000 4 0000 5 0000 6 000 0 7 00 0 0 8 0 0 0 0 333 10 /// 58 000 6 000 0 7 0000 
02-DEC-2015 03 48094 3 2 9 60 0 04 01 10 256 20 220 3 0000 4 0142 5 0000 6 000 0 7 00 0 0 8 0 0 0 0 333 10 /// 58 001 6 000 0 7 0000 
02-DEC-2015 03 48095 3 2 9 60 0 09 01 10 250 20 233 3 0000 4 0000 5 0000 6 000 0 7 00 0 0 8 0 0 0 0 333 10 /// 58 000 6 000 0 7 0000 
02-DEC-2015 03 48096 3 2 9 58 0 33 06 10 260 20 215 3 0000 4 0140 5 0000 6 000 0 7 00 0 0 8 0 0 0 0 333 10 /// 58 008 6 000 0 7 0000 
02-DEC-2015 03 48097 3 2 9 57 1 17 01 10 260 20 243 3 0000 4 0140 5 0000 6 000 0 7 00 0 0 8 0 0 0 1 333 10 /// 59 012 6 000 0 7 0000 
02-DEC-2015 03 48099 3 1 4 50 3 23 01 10 285 20 203 3 0000 4 0139 5 0000 6 000 0 7 05 1 1 8 3 8 0 0 333 10 /// 59 001 6 000 0 7 0000 
02-DEC-2015 03 48101 3 2 9 59 1 00 00 10 290 20 230 3 0000 4 0000 5 0000 6 000 0 7 00 0 0 8 0 0 0 1 333 10 /// 58 000 6 000 0 7 0000 
02-DEC-2015 03 48103 3 2 4 56 3 04 04 10 280 20 233 3 0000 4 0138 5 0000 6 000 0 7 00 0 0 8 2 5 0 2 333 10 /// 59 002 6 000 0 7 0000 
02-DEC-2015 03 48107 3 1 9 50 2 13 01 10 290 20 248 3 0000 4 0127 5 0000 6 000 0 7 // 4 4 8 0 0 0 6 333 10 /// 58 003 6 000 0 7 0000 
02-DEC-2015 03 48108 2 2 5 96 5 05 02 10 295 20 235 3 0000 4 0140 5 0000 6 000 0 7 00 0 0 8 3 8 0 6 333 10 /// 58 002 6 000 0 7 0000 
02-DEC-2015 03 48109 3 2 4 97 3 09 01 10 310 20 254 3 0000 4 0141 5 0000 6 000 0 7 00 0 0 8 2 5 0 1 333 10 /// 59 004 6 000 0 7 0000 
02-DEC-2015 03 48110 3 1 9 96 8 13 01 10 290 20 253 3 0000 4 0140 5 0000 6 000 0 7 05 2 2 8 0 0 0 7 333 10 /// 58 006 6 000 0 7 0000 
02-DEC-2015 03 48112 3 2 5 98 6 04 05 10 280 20 250 3 0000 4 0135 5 0000 6 000 0 7 00 0 0 8 2 2 1 6 333 10 /// 58 005 6 000 0 7 0000 
