



*-*-*


<!--
.style2 {
	font-family:"Courier New", Courier, monospace;
	font-size: 14px;
}
-->






SMBM01 VBRR 020000 RRA

AAXX 02004

48108 21494 60000 10237 20228 40120 71022 83356 333

20220 56999 59005 60012=

48109 32496 30000 10266 20240 40124 82501 333 20212

56909 59005=

48110 31595 81202 10250 20233 40124 70522 81437 333

20250 56999 58002=

48112 32597 80402 10260 20246 40112 84876 333 20205

56199 58000=

48099 32330 20000 10230 20214 40112 82500 333 20214

56900 59016=

48103 32440 30404 10230 20214 40118 82502 333 20222

56109 59009=

48094 32456 30000 10215 20190 40116 82501 333 20210

56909 59017=

48097 31557 21701 10210 20210 40121 70511 81501 333

20200 56909=

48093 32950 20401 10213 20208 80001 333 20209 56009=

48107 31930 20000 10233 20233 40115 74144 80006 333

20230 56009 58001=

48096 31940 03602 10230 20214 40125 71000 333 20220

59008=  
SMBM01 VBRR 020000

AAXX 02004

48108 21494 60000 10237 20228 40120 71022 83356 333

20220 56999 59005 60012=

48109 32496 30000 10266 20240 40124 82501 333 20212

56909 59005=

48110 31595 81202 10250 20233 40124 70522 81437 333

20250 56999 58002=

48112 32597 80402 10260 20246 40112 84876 333 20205

56199 58000=

48099 32330 20000 10230 20214 40112 82500 333 20214

56900 59016=

48103 32440 30404 10230 20214 40118 82502 333 20222

56109 59009=

48094 32456 30000 10215 20190 40116 82501 333 20210

56909 59017=

48097 31557 21701 10210 20210 40121 70511 81501 333

20200 56909=

48093 32950 20401 10213 20208 80001 333 20209 56009=

48107 31930 20000 10233 20233 40115 74144 80006 333

20230 56009 58001=

48096 31940 03602 10230 20214 40125 71000 333 20220

59008=  





