020600 48001 32556 23601 10200 20162 40156 82100 333 56400 59003=
020600 48004 32460 40401 10240 20155 70211 84900 333 56500=
020600 48008 32556 60401 10250 20167 40149 84970 333 56110 58007=
020600 48010 32560 60000 10235 20209 40155 83830 333 56550 58014=
020600 48018 32557 80401 10245 20186 40141 8487/ 333 56139 58011=
020600 48019 31457 70402 10230 20181 40146 75022 84670 333 56550 58008=
020600 48020 32457 70403 10242 20209 84830 333 56550=
020600 48025 32440 70401 10262 20203 40153 84870 333 56550 58002=
020600 48030 32256 82201 10171 20074 87840 333 56560=
020600 48031 32258 82201 10175 20108 888// 333 56400=
020600 48033 32563 63601 10260 20215 40140 86900 333 56400 58022=
020600 48034 32456 81802 10222 20156 8637/ 333 5659/=
020600 48035 31558 82702 10249 20167 40119 70522 8596/ 333 56569 59000=
020600 48037 32558 63601 10276 20203 40137 84830 333 56550 59015=
020600 48039 32458 70000 10295 20211 83870 333 56550=
020600 48042 31550 70000 10298 20207 40134 70522 84850 333 56990 58002=
020600 48043 32556 63205 10230 20163 83230 333 56690=
020600 48045 31550 82303 10181 20165 74044 887// 333 56599=
020600 48048 32560 60401 10290 20215 40142 85950 333 56890 58007=
020600 48051 32558 63603 10270 20190 85830 333 56990=
020600 48052 32458 33601 10316 20215 83800 333 56900=
020600 48053 32456 63601 10310 20203 40131 81556 333 56699 59000=
020600 48055 32556 41803 10252 20167 40124 82530 333 56660 58011=
020600 48057 32458 62202 10238 20095 81551 333 56599=
020600 48062 32457 60403 10300 20250 40134 82532 333 56199 59004=
020600 48064 32960 21801 10280 20233 40116 80031 333 56099 59005=
020600 48065 32958 20401 10310 20203 80030 333 56090=
020600 48071 32960 03203 10285 20226 40134 333 59002=
020600 48072 32460 13202 10290 20215 81200 333 56900=
020600 48074 32559 10402 10300 20207 40133 81100 333 56900 59006=
020600 48075 32957 00401 10260 20160 40144 333 58027=
020600 48077 32959 00000 10310 20203 40129 333 58003=
020600 48078 32958 10401 10312 20203 40138 80001 333 56009 58014=
020600 48080 32962 02202 10302 20207 40135 333 58001=
020600 48085 31958 02702 10300 20223 40128 70500 333 59001=
020600 48087 32560 20402 10320 20215 80001 333 56009=
020600 48092 32459 21301 10340 20225 40106 81101 333 56909 59003=
020600 48093 32958 03201 10327 20258 333=
020600 48094 32965 00402 10305 20210 40132 333 58003=
020600 48095 32460 10901 10305 20239 81200 333 56900=
020600 48096 32959 10905 10330 20224 40129 80001 333 56009 58003=  
020600 48097 32557 30902 10335 20224 40128 83800 333 56900 58012=
020600 48099 32450 22301 10335 20206 40120 82800 333 56500 58002=
020600 48101 32660 10401 10342 20240 81100 333 56400=
020600 48103 32457 31402 10343 20225 40120 83800 333 56300 58004=
020600 48107 32950 20401 10332 20244 40113 80006 333 56009 58003=
020600 48108 32596 51403 10345 20238 40116 83306 333 56809 59003=
020600 48109 32497 30901 10330 20275 40134 82501 333 56909 59001=
020600 48110 31596 82304 10330 20258 40122 70522 82307 333 56209 58013=
020600 48112 32598 60403 10312 20254 40119 82216 333 56199 58006=
