48001 NIL=
48004 NIL=
48008 NIL=
48010 NIL=
48018 NIL=
48019 NIL=
48020 NIL=
48025 NIL=
48035 NIL=
48037 NIL=
48042 NIL=
48045 NIL=
48048 NIL=
48051 32558 70000 10250 20210 85830 333 10281 56790=
48053 NIL=
48060 NIL=
48062 32450 80000 10265 20240 40125 85970 333 10320 56990 58010=
48071 32440 13204 10268 20218 40124 81200 333 10292 56700 58000=
48075 32456 20000 10240 20155 40129 82500 333 10300 56500 58012=
48077 32956 30000 10290 20215 40109 80031 333 10332 56099 58006=
48078 32550 20000 10281 20220 40121 81201 333 10330 56909 58010=
48080 32456 50000 10285 20230 40118 83870 333 10325 56990 58005=
48085 32950 11401 10258 20229 40116 80006 333 10312 56009 58005=
48095 32450 20000 10280 20250 81202 333 10328 56909=
48108 32495 83202 10300 20253 40118 84366 333 10355 56699 58012=
48109 32496 30000 10300 20253 40126 82901 333 10357 56909 58007=
48110 32595 80000 10300 20253 40111 82307 333 10330 56909 59000=
48112 32597 80405 10290 20248 40109 83876 333 10320 56199 58001=
48030 NIL=
48072 32456 10000 10265 20240 81200 333 10310 56900=
48087 32950 20000 10280 20250 80001 333 10345 56009=
48099 32330 60000 10307 20237 40108 84802 333 10362 56909 59003=
48101 32650 40000 10287 20248 82205 333 10350 56309=
48103 32430 32202 10292 20230 40109 83800 333 10363 56500 58003=
48057 NIL=
48094 32956 00000 10285 20240 40124 333 10340 58012=
48097 32556 41601 10285 20240 40124 83506 333 10345 56909 58011=
48031 NIL=
48033 NIL=
48034 NIL=
48039 NIL=
48043 NIL=
48052 NIL=
48055 NIL=
48064 NIL=
48065 NIL=
48074 NIL=
48092 32550 22301 10290 20239 40096 81401 333 10360 56909 58010=
48093 32930 03201 10279 20233 333 10345=
48107 32330 40000 10304 20253 40111 84900 333 10355 56100 58007=
48096 32957 12703 10300 20207 40121 80001 10345 56009 58006=  48001 32430 70000 10200 20195 40144 85720 333 10245 56470 58006 60002=
48004 32450 40000 10225 20198 84900 333 10251 56500 60002=
48008 32440 30000 10220 20185 40145 8497/ 333 10266 56119 58022 60002=
48010 32420 80000 10230 20198 40129 8477/ 333 10252 56559 58008 60002=
48018 32540 80000 10230 20214 40137 8487/ 333 10272 56449 58021 60002=
48019 32440 80000 10220 20185 40126 8566/ 333 10240 56999 58010 60002=
48020 32320 70000 10220 20205 85730 333 10250 56550 60002=
48025 32420 83201 10235 20209 40184 8587/ 333 10267 56559 58016 60002=
48035 31510 80000 10220 20185 40127 70522 8596/ 333 10250 56669 58027 60002=
48037 32530 80000 10258 20215 40117 8587/ 333 10286 56559 58004 60002=
48042 31540 73201 10266 20226 40125 71022 84850 333 10300 56960 58016 60002=
48045 31009 91402 10171 20171 74544 333 10197 60002=
48048 32550 50401 10267 20191 40119 84850 333 10300 56890 58015 60002=
48053 32456 70000 10280 20203 40119 84850 333 10325 56590 58018 60002=
48060 32420 20000 10223 20185 40157 82100 333 10285 56400 59005 60002=
48030 32130 82202 10154 20047 8684/ 333 10203 56569 60002=
48057 32220 62201 10202 20130 81551 333 10256 56699 60002=
48031 32256 80401 10145 20082 888// 333 10180 56499 60002=
48033 32559 63601 10250 20219 40117 86900 333 10260 56900 58022 60002=
48034 32456 80000 10190 20167 8637/ 333 10228 5659/ 60002=
48039 32456 80401 10268 20215 84870 333 10297 56500 60002=
48043 32510 80000 10200 20185 8587/ 333 10242 56999 60002=
48052 31450 71602 10302 20223 70522 84631 333 10348 56999 60002=
48055 32556 70902 10225 20201 40120 85950 333 10284 56660 58012 60002=
48064 32550 30000 10260 20215 40105 81131 333 10295 56999 58024 60002=
48065 31450 40000 10278 20211 70522 82870 333 10335 56990 60002=
48074 32557 10000 10270 20226 40117 81500 333 10332 56900 58010 60002=  48035 31510 80000 10220 20185 40127 70522 8596/ 333 10250 56669 58027 60002=  