020600 48004 32560 20401 10241 20114 82800 333 56900=
020600 48008 32550 10402 10247 20102 40190 81400 333 56500 58038=
020600 48010 32560 21801 10240 20155 40178 81130 333 56440 58012=
020600 48018 32960 01402 10260 20160 40194 333 58039=
020600 48019 32960 00401 10240 20155 40192 333 58027=
020600 48020 32357 13205 10256 20167 81100 333 56400=
020600 48025 32940 00401 10260 20134 40195 333 58026=
020600 48030 32956 00404 10170 20044 333=
020600 48031 32960 02201 10190 20067 333=
020600 48033 32963 03201 10280 20146 40175 333 58040=
020600 48034 32457 21802 10244 20066 82500 333 56500=
020600 48035 31957 02202 10238 20095 40157 70500 333 58030=
020600 48037 32960 03601 10278 20146 40165 333 58024=
020600 48039 31940 00000 10285 20243 70500 333=
020600 48042 31956 03601 10285 20158 40161 70500 333 58018=
020600 48043 32757 21802 10230 20074 82200 333 56900=
020600 48045 32962 10903 10200 20085 81100 333 56900=
020600 48048 32960 00401 10277 20158 40177 333 58030=
020600 48051 32959 03601 10261 20160 333=
020600 48052 32970 03203 10280 20158 333=
020600 48053 32956 03602 10280 20146 40163 333 58021=
020600 48055 31556 42301 10256 20155 40144 70311 84800 333 56400 58030=
020600 48057 32458 32703 10222 20087 83800 333 56500=
020600 48060 32440 40000 10230 20163 40177 83130 333 56560 58037=
020600 48062 32958 00402 10252 20210 40183 333 58025=
020600 48064 32970 01401 10270 20191 40163 333 58029=
020600 48065 32970 00000 10280 20146 333=
020600 48071 32960 03202 10255 20215 40181 333 58025=
020600 48072 32960 00402 10280 20220 333=
020600 48074 32559 11402 10296 20207 40164 81100 333 56900 58017=
020600 48075 31456 51401 10260 20160 40144 70522 85300 333 56500 58007=
020600 48077 32959 00000 10310 20092 40162 333 58019=
020600 48078 32556 22301 10314 20206 40167 81501 333 56909 58023=
020600 48080 32960 03202 10300 20239 40162 333 58014=
020600 48085 31458 43205 10278 20203 40168 70500 82100 333 56500 58019=
020600 48087 32960 10401 10290 20179 80040 333 56090=
020600 48092 31456 11302 10330 20172 40138 70522 81400 333 56900 58020=
020600 48093 32657 11402 10290 20196 81100 333 56900=
020600 48094 32960 00402 10315 20230 40164 333 58022=
020600 48095 32458 40401 10290 20179 83640 333 56990=
020600 48097 31557 62302 10330 20201 40163 70522 86800 333 56900 58015=
020600 48099 32456 42302 10323 20200 40158 84800 333 56500 58018=
020600 48101 32960 00000 10300 20166 333=
020600 48103 32957 00401 10326 20172 40157 333 58020=
020600 48107 32950 00401 10328 20121 40136 333 58013=
020600 48108 32996 42315 10320 20184 40154 80006 333 56009 58022=
020600 48109 32997 00401 10308 20237 40172 333 58021=
020600 48110 31596 21304 10325 20167 40151 70511 81205 333 56909 58019=
020600 48112 32598 60405 10320 20215 40144 82216 333 56199 58020=  
