020300 48001 31905 80901 10096 20079 40214 74244 89/// 333 56999 58016=
020300 48004 31458 13201 10134 20113 71044 81500 333 56900=
020300 48008 32558 10401 10177 20129 40202 81400 333 56500 58034=
020300 48010 31050 03601 10155 20123 40203 70244 333 58024=
020300 48018 31960 00401 10155 20134 40198 70244 333 58031=
020300 48019 32960 00402 10163 20144 40192 333 58031=
020300 48020 31250 20000 10150 20134 70144 82200 333 56900=
020300 48025 31110 13601 10174 20135 40201 74044 81600 333 56600 58035=
020300 48030 32956 02204 10056 29041 333=
020300 48031 32960 01801 10145 20056 333=
020300 48033 32962 03601 10200 20168 40179 333 58040=
020300 48034 31948 00000 10130 20067 71000 333=
020300 48035 31930 00000 10129 20113 40199 71044 333 58022=
020300 48037 32956 03601 10193 20139 40171 333 58019=
020300 48039 31940 20401 10202 20150 74044 80006 333 56009=
020300 48042 31950 01401 10220 20173 40174 71000 333 58019=
020300 48043 32056 00000 10150 20092 333=
020300 48045 32960 00902 10141 20056 333=
020300 48048 32960 00401 10204 20150 40182 333 58022=
020300 48051 32958 03203 10172 20130 70200 333=
020300 48052 32958 00402 10210 20143 333=
020300 48053 32950 03602 10210 20143 40174 333 58026=
020300 48055 31940 00000 10147 20087 40209 70500 333 58024=
020300 48057 32457 32202 10188 20139 83800 333 56500=
020300 48060 21420 40000 10172 20154 40200 71044 82830 333 56560 58012=
020300 48062 31950 00402 10170 20120 40173 70511 80000 333 58010=
020300 48064 32960 01401 10180 20129 40166 333 58011=
020300 48065 32968 00403 10202 20130 333=
020300 48071 31958 00000 10207 20195 40180 71040 333 58017=
020300 48072 31959 00000 10225 20181 70522 333=
020300 48074 32457 63201 10220 20173 40180 83860 333 56440 58008=
020300 48075 31958 00000 10190 20180 40208 70500 333 58025=
020300 48077 32959 00401 10210 20160 40174 333 58023=
020300 48078 32556 31401 10238 20209 40187 82501 333 56409 58027=
020300 48080 31959 00401 10182 20165 40176 71000 333 58019=
020300 48085 31957 03202 10218 20185 40175 70544 333 58009=
020300 48087 32556 40000 10220 20185 83840 333 56990=
020300 48092 31450 20901 10250 20196 40154 70522 82100 333 56900 58017=
020300 48093 32956 00401 10242 20191 333=
020300 48094 32959 03202 10240 20210 40166 333 58012=
020300 48095 32458 20000 10240 20215 70222 82200 333 56900=
020300 48096 32958 10602 10260 20230 40183 70111 80001 333 56009 58022=
020300 48097 31557 20000 10260 20203 40176 70511 82500 333 56900 58008=
020300 48099 31450 41306 10263 20206 40178 74044 84800 333 56300 58020=
020300 48101 32956 00000 10230 20209 333=
020300 48103 32950 00401 10270 20211 40174 333 58021=
020300 48107 31950 00901 10270 20172 40159 7//44 333 58021=
020300 48108 32596 41401 10265 20197 40175 82406 333 56909 58023=
020300 48109 32997 00401 10270 20226 40173 70122 333 56000 58016=
020300 48110 31995 21302 10270 20191 40167 70544 80005 333 56009 58017=
020300 48112 32598 60401 10280 20203 40160 82216 333 56199 58015=  
