021200 48004 32558 20000 10220 20173 82800 333 10282 56900=
021200 48008 31550 10000 10240 20155 40164 71022 81200 333 10295 56500 58034=
021200 48010 32056 00000 10250 20219 40160 333 10266 58032=
021200 48018 31958 01401 10245 20174 40162 71044 333 20295 58030=
021200 48019 32940 00000 10242 20209 40152 333 10280 58021=
021200 48020 32940 00000 10240 20174 333 10294=
021200 48025 32458 13202 10264 20138 40159 81500 333 10298 56900 58038=
021200 48030 32956 00401 10154 20092 333 10215=
021200 48031 32950 01801 10155 20085 333 10208=
021200 48033 32962 00000 10290 20196 40146 333 10322 58028=
021200 48034 32956 00000 10192 20096 333 10260=
021200 48035 31940 00000 10199 20109 40148 70500 333 10268 58041=
021200 48037 32940 00000 10293 20184 40119 333 10326 58014=
021200 48039 32460 20401 10273 20172 82400 333 10326 58014=
021200 48042 32957 00000 10290 20196 40141 333 10328 58029=
021200 48043 32920 02701 10195 20109 333 10245=
021200 48045 32957 01402 10196 20060 333 10232=
021200 48048 32950 00401 10288 20215 40141 333 10320 58029=
021200 48051 32959 00000 10270 20150 70200 333 10315=
021200 48052 32450 20000 10324 20215 82200 333 10350 56900=
021200 48053 32956 00000 10280 20184 40133 333 10320 58021=
021200 48055 32556 50902 10230 20172 40143 85800 333 10283 56400 58039=
021200 48057 32457 11401 10194 20118 81500 333 10244 56400=
021200 48060 32410 10000 10213 20175 40161 81100 333 10270 56500 58033=
021200 48062 31550 32702 10246 20220 40162 70511 81230 333 10280 56690 58027=
021200 48064 32590 00000 10255 20203 40135 333 10320 58040=
021200 48065 32950 00000 10275 20184 333 10328=
021200 48071 32456 23202 10248 20167 40154 81201 333 10265 56909 58019=
021200 48072 32457 13201 10250 20219 70122 81200 333 10295 56600=
021200 48074 32556 20000 10291 20196 40148 81401 333 10335 56909 58033=
021200 48075 31456 51401 10240 20140 40148 70522 83340 333 10295 56590 58029=
021200 48077 32956 20000 10300 20124 40131 80001 333 10352 56009 58022=
021200 48078 32550 22301 10300 20207 40148 81501 333 10335 56909 58039=
021200 48080 32458 32201 10265 20240 40150 81236 333 10330 56999 58020=
021200 48085 32956 20000 10266 20179 40150 80056 333 10294 56299 58020=
021200 48087 32440 20000 10270 20211 81140 333 10340 56990=
021200 48092 31450 40000 10300 20207 40124 70522 81470 333 10335 56990 58025=
021200 48093 32620 42701 10294 20179 84800 333 10326 56100=
021200 48094 32456 10000 10280 20220 40147 70111 81500 333 10340 56900 58021=
021200 48095 32956 00000 10305 20239 333 10333=
021200 48097 32556 72401 10290 20206 40148 87800 333 10338 56900 58025=
021200 48099 32440 42303 10293 20215 40136 82531 333 10345 56999 58027=
021200 48101 32950 10000 10276 20220 70111 80001 333 10325 56009=
021200 48103 32950 00000 10290 20215 40136 333 10353 58023=
021200 48107 32930 00000 10290 20196 40129 333 10348 58016=
021200 48108 32596 41402 10270 20191 40150 82403 333 10336 56909 58027=
021200 48109 32996 20401 10275 20233 40150 70322 80001 333 10320 56009 58016=
021200 48110 31595 83203 10290 20215 40141 70511 84307 333 10330 56209 58023=
021200 48112 32598 60403 10292 20215 40137 70122 83816 333 10322 56199 58023=  
