48008 31510 50000 10180 20155 40177 71044 81400 333 56500 58024=
48010 32003 00000 10170 20162 40201 333 58034=
48018 32920 00000 10160 20144 40189 333 58019=
48025 32907 02701 10200 20168 40195 333 58027=
48042 32940 00000 10203 20168 40169 333 58027=
48053 32940 00000 10180 20129 40176 333 58032=
48057 31439 11401 10142 20107 71011 81500 333 56900=
48060 32410 30000 10163 20123 40194 82130 333 56560 58039=
48062 31550 20000 10192 20196 40196 82500 333 56900 58006=
48071 31960 00000 10200 20168 40166 71000 333 58020=
48078 32550 20000 10226 20192 40174 81501 333 56909 58035=
48080 32450 30000 10195 20175 40179 82230 333 56990 58018=
48094 32450 20000 10220 20210 40173 82500 333 56900 58026=
48097 32556 51801 10235 20212 40167 85500 333 56900 58028=
48099 32430 42301 10246 20219 40162 83830 333 56990 58025=
48103 32910 03201 10246 20205 40154 333 58026=
48108 32595 40401 10220 20173 40159 81406 333 56909 58010=
48109 32995 20000 10263 20246 40161 80001 333 56009 58018=
48110 31994 20000 10235 20177 40166 70511 80005 333 56009 58019=
48112 32597 70403 10251 20219 40148 83876 333 56199 58018=  