02-FEB-2015 00 48008 3 1 5 40 4 14 01 10 142 20 124 3 0000 4 0169 5 0000 6 000 0 7 10 4 4 8 2 4 3 0 333 20 130 58 010 6 000 0 7 0000 
02-FEB-2015 00 48010 3 1 0 10 0 00 00 10 125 20 125 3 0000 4 0170 5 0000 6 000 0 7 42 4 4 8 0 0 0 0 333 20 120 58 014 6 000 0 7 0000 
02-FEB-2015 00 48018 3 2 9 20 0 00 00 10 140 20 132 3 0000 4 0166 5 0000 6 000 0 7 00 0 0 8 0 0 0 0 333 20 135 58 012 6 000 0 7 0000 
02-FEB-2015 00 48019 3 2 9 40 0 00 00 10 127 20 120 3 0000 4 0167 5 0000 6 000 0 7 00 0 0 8 0 0 0 0 333 20 124 58 023 6 000 0 7 0000 
02-FEB-2015 00 48025 3 1 1 10 1 22 02 10 148 20 134 3 0000 4 0177 5 0000 6 000 0 7 40 4 4 8 1 6 0 0 333 20 142 58 020 6 000 0 7 0000 
02-FEB-2015 00 48030 3 2 9 50 0 22 04 10 010 21 017 3 0000 4 0000 5 0000 6 000 0 7 00 0 0 8 0 0 0 0 333 20 000 58 000 6 000 0 7 0000 
02-FEB-2015 00 48031 3 2 9 50 0 00 00 10 100 20 056 3 0000 4 0000 5 0000 6 000 0 7 00 0 0 8 0 0 0 0 333 20 088 58 000 6 000 0 7 0000 
02-FEB-2015 00 48033 3 2 9 60 0 34 01 10 160 20 144 3 0000 4 0159 5 0000 6 000 0 7 00 0 0 8 0 0 0 0 333 20 150 58 030 6 000 0 7 0000 
02-FEB-2015 00 48034 3 1 9 40 0 00 00 10 063 20 052 3 0000 4 0000 5 0000 6 000 0 7 10 0 0 8 0 0 0 0 333 20 050 58 000 6 000 0 7 0000 
02-FEB-2015 00 48035 3 1 / 01 9 00 00 10 071 20 046 3 0000 4 0164 5 0000 6 000 0 7 40 4 4 8 0 0 0 0 333 20 063 59 019 6 000 0 7 0000 
02-FEB-2015 00 48037 3 2 9 10 0 00 00 10 161 20 144 3 0000 4 0144 5 0000 6 000 0 7 00 0 0 8 0 0 0 0 333 20 156 58 012 6 000 0 7 0000 
02-FEB-2015 00 48039 3 1 4 50 2 00 00 10 159 20 144 3 0000 4 0000 5 0000 6 000 0 7 10 1 1 8 2 4 0 0 333 20 156 58 000 6 000 0 7 0000 
02-FEB-2015 00 48042 3 2 9 56 0 00 00 10 165 20 126 3 0000 4 0152 5 0000 6 000 0 7 00 0 0 8 0 0 0 0 333 20 155 58 023 6 000 0 7 0000 
02-FEB-2015 00 48043 3 2 0 10 0 00 00 10 090 20 068 3 0000 4 0000 5 0000 6 000 0 7 00 0 0 8 0 0 0 0 333 20 050 58 000 6 000 0 7 0000 
02-FEB-2015 00 48048 3 2 9 40 0 04 01 10 148 20 111 3 0000 4 0157 5 0000 6 000 0 7 00 0 0 8 0 0 0 0 333 20 142 58 024 6 000 0 7 0000 
02-FEB-2015 00 48052 3 2 9 50 0 00 00 10 155 20 144 3 0000 4 0000 5 0000 6 000 0 7 00 0 0 8 0 0 0 0 333 20 085 58 000 6 000 0 7 0000 
02-FEB-2015 00 48053 3 2 9 50 0 00 00 10 170 20 135 3 0000 4 0149 5 0000 6 000 0 7 00 0 0 8 0 0 0 0 333 20 161 58 014 6 000 0 7 0000 
02-FEB-2015 00 48055 3 1 9 48 0 00 00 10 057 20 052 3 0000 4 0222 5 0000 6 000 0 7 10 0 0 8 0 0 0 0 333 20 050 58 014 6 000 0 7 0000 
02-FEB-2015 00 48057 3 1 4 39 1 14 01 10 134 20 086 3 0000 4 0000 5 0000 6 000 0 7 10 0 0 8 1 5 0 0 333 20 120 58 000 6 000 0 7 0000 
02-FEB-2015 00 48060 2 1 4 10 8 00 00 10 165 20 157 3 0000 4 0178 5 0000 6 000 0 7 50 2 2 8 5 7 7 / 333 20 150 58 002 6 000 0 7 0000 
02-FEB-2015 00 48062 3 1 5 40 3 00 00 10 220 20 160 3 0000 4 0163 5 0000 6 000 0 7 42 4 4 8 2 5 3 0 333 20 100 58 023 6 000 0 7 0000 
02-FEB-2015 00 48064 3 2 9 50 0 04 01 10 147 20 111 3 0000 4 0133 5 0000 6 000 0 7 00 0 0 8 0 0 0 0 333 20 110 58 008 6 000 0 7 0000 
02-FEB-2015 00 48065 3 2 9 50 0 00 00 10 150 20 111 3 0000 4 0000 5 0000 6 000 0 7 00 0 0 8 0 0 0 0 333 20 140 58 000 6 000 0 7 0000 
02-FEB-2015 00 48071 3 1 4 30 1 00 00 10 148 20 145 3 0000 4 0157 5 0000 6 000 0 7 42 4 4 8 1 2 0 0 333 20 142 58 029 6 000 0 7 0000 
02-FEB-2015 00 48074 3 2 4 50 4 00 00 10 200 20 168 3 0000 4 0152 5 0000 6 000 0 7 00 0 0 8 2 5 6 0 333 20 185 58 010 6 000 0 7 0000 
02-FEB-2015 00 48075 3 1 9 56 0 00 00 10 130 20 130 3 0000 4 0194 5 0000 6 000 0 7 10 4 4 8 0 0 0 0 333 20 090 59 006 6 000 0 7 0000 
02-FEB-2015 00 48077 3 1 9 56 0 00 00 10 170 20 154 3 0000 4 0148 5 0000 6 000 0 7 10 0 0 8 0 0 0 0 333 20 148 58 015 6 000 0 7 0000 
02-FEB-2015 00 48080 3 1 9 50 0 00 00 10 122 20 102 3 0000 4 0158 5 0000 6 000 0 7 10 4 4 8 0 0 0 0 333 20 115 58 014 6 000 0 7 0000 
02-FEB-2015 00 48085 3 1 9 30 0 14 02 10 142 20 140 3 0000 4 0152 5 0000 6 000 0 7 10 4 4 8 0 0 0 0 333 20 140 58 019 6 000 0 7 0000 
02-FEB-2015 00 48087 3 2 5 50 2 00 00 10 154 20 134 3 0000 4 0000 5 0000 6 000 0 7 00 0 0 8 2 8 0 0 333 20 136 58 000 6 000 0 7 0000 
02-FEB-2015 00 48092 3 1 4 20 4 00 00 10 200 20 185 3 0000 4 0128 5 0000 6 000 0 7 10 2 2 8 4 8 0 0 333 20 178 58 010 6 000 0 7 0000 
02-FEB-2015 00 48093 3 2 6 20 6 14 01 10 224 20 205 3 0000 4 0000 5 0000 6 000 0 7 00 0 0 8 5 8 4 0 333 20 198 58 000 6 000 0 7 0000 
02-FEB-2015 00 48094 3 1 9 40 0 00 00 10 205 20 190 3 0000 4 0143 5 0000 6 000 0 7 10 0 0 8 0 0 0 0 333 20 168 58 005 6 000 0 7 0000 
02-FEB-2015 00 48097 3 2 5 56 5 33 01 10 210 20 195 3 0000 4 0136 5 0000 6 000 0 7 03 2 1 8 5 8 0 0 333 20 200 58 001 6 000 0 7 0000 
02-FEB-2015 00 48099 3 1 3 30 3 32 01 10 220 20 205 3 0000 4 0141 5 0000 6 000 0 7 40 4 4 8 3 7 0 0 333 20 205 59 004 6 000 0 7 0000 
02-FEB-2015 00 48103 3 2 4 40 2 04 01 10 223 20 205 3 0000 4 0143 5 0000 6 000 0 7 00 0 0 8 2 5 0 0 333 20 216 58 006 6 000 0 7 0000 
02-FEB-2015 00 48107 3 1 9 30 0 09 02 10 208 20 175 3 0000 4 0139 5 0000 6 000 0 7 41 4 4 8 0 0 0 0 333 20 200 58 010 6 000 0 7 0000 
02-FEB-2015 00 48108 3 1 5 94 7 00 00 10 185 20 178 3 0000 4 0150 5 0000 6 000 0 7 40 2 2 8 2 4 0 7 333 20 160 58 011 6 000 0 7 0000 
02-FEB-2015 00 48109 3 2 4 96 3 00 00 10 248 20 219 3 0000 4 0155 5 0000 6 000 0 7 02 2 2 8 3 9 0 0 333 20 235 58 004 6 000 0 7 0000 
02-FEB-2015 00 48110 3 1 9 93 2 00 00 10 215 20 190 3 0000 4 0140 5 0000 6 000 0 7 42 4 4 8 0 0 0 5 333 20 215 58 009 6 000 0 7 0000 
02-FEB-2015 00 48112 3 2 5 97 8 04 01 10 252 20 205 3 0000 4 0137 5 0000 6 000 0 7 00 0 0 8 3 8 7 6 333 20 216 58 005 6 000 0 7 0000 
