021800 48008 31510 30000 10180 20155 40156 82430 333 56390 59008=
021800 48010 32501 30000 10190 20182 40167 81401 333 56906 59013=
021800 48018 32910 00000 10160 20144 40150 333 59009=
021800 48025 32405 03201 10200 20185 40166 333 59006=
021800 48042 32550 10000 10223 20185 40144 81400 333 56900 59006=
021800 48057 32956 01401 10150 20134 80000 333 56000=
021800 48060 32910 00000 10120 20102 40197 333 59012=
021800 48062 32550 80000 10255 20250 40161 70222 8692/ 333 5699/ 58016=
021800 48071 32530 00000 10250 20219 40146 333 58005=
021800 48078 32950 10000 10227 20192 40159 80001 333 56009 58003=
021800 48080 32450 10000 10221 20185 40161 81100 333 56600 58016=
021800 48094 32950 00000 10228 20200 40158 333 58010=
021800 48097 32956 02701 10200 20185 40157 333 58005=
021800 48099 32440 31301 10200 20168 40163 83700 333 56900 58017=
021800 48103 32510 20401 10230 20181 40142 82500 333 56100 58024=
021800 48108 32996 31401 10280 20147 40152 80006 333 56009 58008=
021800 48109 32495 50402 10273 20226 40136 70222 84930 333 56990 58009=
021800 48110 31994 21302 10215 20149 40155 70511 80005 333 56009 58013=
021800 48112 32597 70406 10251 20205 40132 83876 333 56199 58000=  
