021200 48001 32960 02301 10165 20135 40154 333 10225 59012=
021200 48004 32558 32201 10217 20173 83800 333 10260 56500=
021200 48008 31540 50000 10228 20143 40140 71044 83930 333 10285 56330 59025=
021200 48010 32520 40000 10255 20229 40140 81441 333 10295 56556 59016=
021200 48018 32556 21401 10230 20143 40132 82800 333 10290 56900 59017=
021200 48019 32940 00000 10215 20175 40141 333 10275 59010=
021200 48020 31250 30000 10235 20191 70522 83900 333 10285 56400=
021200 48025 32456 40000 10248 20136 40143 81541 333 10270 56559 59023=
021200 48030 32150 52201 10153 20153 83870 333 10170 56560=
021200 48031 32257 61401 10145 20123 86800 333 10175 56400=
021200 48033 32560 10000 10270 20191 40135 81500 333 10303 56900 59016=
021200 48034 32456 20000 10196 20130 82500 333 10228 56500=
021200 48035 32530 10000 10214 20160 40127 81500 333 10273 56900 58016=
021200 48037 32510 80000 10230 20158 40144 81530 333 10315 56790 58009=
021200 48039 32460 53201 10270 20191 83850 333 10313 56550=
021200 48042 32557 20000 10280 20203 40129 81450 333 10298 56660 59007=
021200 48043 32050 40000 10200 20150 80030 333 10250 56090=
021200 48045 32556 71401 10163 20123 87700 333 10205 56500=
021200 48048 32550 40401 10262 20202 40135 84800 333 10207 56400 59007=
021200 48051 32558 73102 10260 20230 85930 333 10276 56690=
021200 48052 32450 60000 10284 20184 84830 333 10315 56990=
021200 48053 32956 53602 10270 20154 40123 80056 333 10313 56059 59011=
021200 48055 32556 40902 10212 20175 40133 83540 333 10264 56550 59012=
021200 48057 32439 50000 10210 20120 84850 333 10250 56990=
021200 48060 32920 00000 10200 20109 40155 333 10250 59025=
021200 48062 32550 82302 10280 20250 40139 84955 333 10315 56599 58009=
021200 48064 32550 60000 10265 20203 40125 82831 333 10286 56449 58001=
021200 48065 32450 50000 10263 20179 81131 333 10314 56999=
021200 48071 32456 63201 10270 20211 40141 84830 333 10308 56990 58011=
021200 48072 32456 10000 10275 20268 70122 81200 333 10315 56900=
021200 48074 32556 10000 10274 20191 40131 81400 333 10325 56900 59001=
021200 48075 31956 00000 10220 20170 40152 70500 333 10270 58006=
021200 48077 32556 20000 10282 20184 40122 81201 333 10334 56909 58001=
021200 48080 32457 22201 10270 20240 40139 82500 333 10325 56900 58019=
021200 48085 32956 10902 10272 20211 40108 80006 333 10305 56009 58008=
021200 48087 32920 00000 10256 20229 333 10314=
021200 48092 31956 20000 10260 20215 40121 70522 80002 333 10305 56009 58010=
021200 48093 32940 00401 10282 20203 333 10304=
021200 48094 32456 10401 10280 20200 40131 81500 333 10320 56900 58003=
021200 48095 32956 00000 10265 20215 333 10310 56000=
021200 48096 32057 00903 10260 20160 40152 333 10304 58019=
021200 48097 32956 11401 10250 20186 40146 70211 80001 333 10316 56009 58011=
021200 48099 32440 31301 10263 20203 40138 82801 333 10318 56909 58016=
021200 48101 32950 10000 10251 20186 70211 80001 333 10304 56009=
021200 48103 32520 30000 10257 20203 40134 83500 333 10334 56100 58007=
021200 48107 32930 20401 10240 20174 40125 80006 333 10308 56009 58011=  48078 32940 12301 10274 20197 40130 80001 333 10320 56009 58008=  
021200 48108 32996 31402 10240 20155 40136 80006 333 10320 56009 58008=
021200 48109 32496 50401 10290 20230 40132 84930 333 10334 56990 58013=
021200 48110 31995 20000 10270 20191 40131 70511 80005 333 10315 56009 58009=
021200 48112 32598 60410 10262 20215 40128 70122 82216 333 10295 56199 58009=
