02-JAN-2015 00 48008 3 1 5 40 5 00 00 10 139 20 124 3 0000 4 0175 5 0000 6 000 0 7 10 4 4 8 4 9 7 0 333 20 120 58 011 6 000 0 7 0000 
02-JAN-2015 00 48010 3 2 5 20 6 00 00 10 170 20 162 3 0000 4 0164 5 0000 6 000 0 7 00 0 0 8 3 7 7 0 333 20 165 58 012 6 000 0 7 0000 
02-JAN-2015 00 48018 2 2 5 56 4 00 00 10 155 20 144 3 0000 4 0162 5 0000 6 000 0 7 00 0 0 8 2 8 7 0 333 20 150 58 010 6 000 0 7 0000 
02-JAN-2015 00 48019 3 2 4 40 8 14 01 10 159 20 132 3 0000 4 0169 5 0000 6 000 0 7 00 0 0 8 5 7 7 0 333 20 154 58 019 6 000 0 7 0000 
02-JAN-2015 00 48025 2 2 4 30 5 00 00 10 186 20 175 3 0000 4 0165 5 0000 6 000 0 7 00 0 0 8 3 8 4 0 333 20 180 58 004 6 000 0 7 0000 
02-JAN-2015 00 48030 2 1 0 05 9 22 01 10 114 20 114 3 0000 4 0000 5 0000 6 000 0 7 45 4 4 8 0 0 0 0 333 20 104 58 000 6 000 0 7 0000 
02-JAN-2015 00 48031 2 1 2 50 8 22 01 10 131 20 113 3 0000 4 0000 5 0000 6 000 0 7 02 5 5 8 8 8 / / 333 20 121 58 000 6 000 0 7 0000 
02-JAN-2015 00 48033 3 2 5 60 5 36 02 10 192 20 135 3 0000 4 0159 5 0000 6 000 0 7 00 0 0 8 5 5 0 0 333 20 180 58 018 6 000 0 7 0000 
02-JAN-2015 00 48034 3 2 4 56 6 00 00 10 133 20 122 3 0000 4 0000 5 0000 6 000 0 7 00 0 0 8 4 5 3 0 333 20 127 58 000 6 000 0 7 0000 
02-JAN-2015 00 48035 3 2 5 30 4 00 00 10 133 20 113 3 0000 4 0181 5 0000 6 000 0 7 10 2 2 8 4 9 0 0 333 20 122 58 008 6 000 0 7 0000 
02-JAN-2015 00 48037 3 2 9 10 0 00 00 10 199 20 159 3 0000 4 0149 5 0000 6 000 0 7 00 0 0 8 0 0 0 0 333 20 196 58 011 6 000 0 7 0000 
02-JAN-2015 00 48039 2 1 4 56 6 00 00 10 175 20 154 3 0000 4 0000 5 0000 6 000 0 7 01 5 5 8 3 4 5 0 333 20 173 58 000 6 000 0 7 0000 
02-JAN-2015 00 48042 2 2 5 56 3 00 00 10 183 20 165 3 0000 4 0158 5 0000 6 000 0 7 00 0 0 8 1 4 5 0 333 20 178 58 012 6 000 0 7 0000 
02-JAN-2015 00 48043 2 2 0 50 0 00 00 10 135 20 124 3 0000 4 0000 5 0000 6 000 0 7 00 0 0 8 0 0 0 0 333 20 100 58 000 6 000 0 7 0000 
02-JAN-2015 00 48048 2 2 5 50 6 04 01 10 195 20 150 3 0000 4 0161 5 0000 6 000 0 7 00 0 0 8 5 9 5 0 333 20 188 58 016 6 000 0 7 0000 
02-JAN-2015 00 48052 3 2 4 50 4 00 00 10 206 20 175 3 0000 4 0000 5 0000 6 000 0 7 00 0 0 8 3 8 0 1 333 20 150 58 000 6 000 0 7 0000 
02-JAN-2015 00 48053 3 2 9 40 0 36 02 10 190 20 139 3 0000 4 0162 5 0000 6 000 0 7 00 0 0 8 0 0 0 0 333 20 183 58 029 6 000 0 7 0000 
02-JAN-2015 00 48055 3 1 5 60 2 00 00 10 081 20 078 3 0000 4 0211 5 0000 6 000 0 7 40 4 4 8 2 5 0 0 333 20 075 58 003 6 000 0 7 0000 
02-JAN-2015 00 48057 3 2 4 39 1 00 00 10 126 20 113 3 0000 4 0000 5 0000 6 000 0 7 10 1 1 8 1 5 0 0 333 20 120 58 000 6 000 0 7 0000 
02-JAN-2015 00 48060 3 2 9 20 2 00 00 10 105 20 090 3 0000 4 0231 5 0000 6 000 0 7 00 0 0 8 0 0 2 0 333 20 085 58 032 6 000 0 7 0000 
02-JAN-2015 00 48064 3 2 9 50 2 00 00 10 203 20 168 3 0000 4 0141 5 0000 6 000 0 7 00 0 0 8 0 0 3 1 333 20 170 58 026 6 000 0 7 0000 
02-JAN-2015 00 48065 3 2 4 50 7 00 00 10 200 20 168 3 0000 4 0000 5 0000 6 000 0 7 00 0 0 8 4 8 4 0 333 20 180 58 000 6 000 0 7 0000 
02-JAN-2015 00 48071 3 2 4 40 7 00 00 10 230 20 214 3 0000 4 0143 5 0000 6 000 0 7 00 0 0 8 5 8 7 0 333 20 220 58 030 6 000 0 7 0000 
02-JAN-2015 00 48074 3 2 9 56 0 00 00 10 204 20 168 3 0000 4 0152 5 0000 6 000 0 7 00 0 0 8 0 0 0 0 333 20 193 59 021 6 000 0 7 0000 
02-JAN-2015 00 48077 3 1 5 56 6 00 00 10 202 20 168 3 0000 4 0148 5 0000 6 000 0 7 00 0 0 8 4 8 3 1 333 20 180 58 018 6 000 0 7 0000 
02-JAN-2015 00 48078 3 2 9 50 2 00 00 10 200 20 176 3 0000 4 0156 5 0000 6 000 0 7 00 0 0 8 1 5 0 1 333 20 185 58 020 6 000 0 7 0000 
02-JAN-2015 00 48080 3 2 4 56 4 00 00 10 180 20 165 3 0000 4 0155 5 0000 6 000 0 7 00 0 0 8 2 5 3 6 333 20 165 58 040 6 000 0 7 0000 
02-JAN-2015 00 48085 3 1 4 50 2 00 00 10 190 20 175 3 0000 4 0144 5 0000 6 000 0 7 00 0 0 8 1 8 0 6 333 20 188 58 022 6 000 0 7 0000 
02-JAN-2015 00 48087 3 1 9 40 0 00 00 10 190 20 175 3 0000 4 0000 5 0000 6 000 0 7 10 1 1 8 0 0 0 0 333 20 176 58 000 6 000 0 7 0000 
02-JAN-2015 00 48092 3 1 5 50 2 00 00 10 200 20 177 3 0000 4 0128 5 0000 6 000 0 7 05 2 2 8 2 4 0 0 333 20 185 58 020 6 000 0 7 0000 
02-JAN-2015 00 48093 3 2 9 30 0 04 01 10 198 20 185 3 0000 4 0000 5 0000 6 000 0 7 01 1 1 8 0 0 0 0 333 20 195 58 000 6 000 0 7 0000 
02-JAN-2015 00 48094 3 1 9 50 0 00 00 10 205 20 190 3 0000 4 0148 5 0000 6 000 0 7 10 0 0 8 0 0 0 0 333 20 170 58 020 6 000 0 7 0000 
02-JAN-2015 00 48096 3 1 4 50 2 26 02 10 200 20 195 3 0000 4 0152 5 0000 6 000 0 7 10 1 1 8 1 5 0 1 333 20 198 58 019 6 000 0 7 0000 
02-JAN-2015 00 48097 3 1 4 56 4 14 01 10 190 20 182 3 0000 4 0147 5 0000 6 000 0 7 10 1 1 8 3 5 0 1 333 20 190 58 013 6 000 0 7 0000 
02-JAN-2015 00 48099 3 1 3 30 2 00 00 10 180 20 165 3 0000 4 0151 5 0000 6 000 0 7 40 4 4 8 1 5 0 1 333 20 166 58 024 6 000 0 7 0000 
02-JAN-2015 00 48101 3 2 9 56 0 00 00 10 200 20 185 3 0000 4 0000 5 0000 6 000 0 7 00 0 0 8 0 0 0 0 333 20 179 58 000 6 000 0 7 0000 
02-JAN-2015 00 48103 3 2 5 30 1 04 04 10 216 20 205 3 0000 4 0153 5 0000 6 000 0 7 00 0 0 8 1 5 0 0 333 20 192 58 024 6 000 0 7 0000 
02-JAN-2015 00 48107 3 1 9 30 0 09 02 10 187 20 118 3 0000 4 0133 5 0000 6 000 0 7 41 4 4 8 0 0 0 0 333 20 180 58 012 6 000 0 7 0000 
02-JAN-2015 00 48108 3 1 5 93 5 00 00 10 155 20 147 3 0000 4 0151 5 0000 6 000 0 7 10 2 2 8 2 4 0 6 333 20 139 58 021 6 000 0 7 0000 
02-JAN-2015 00 48109 3 2 4 96 4 04 01 10 260 20 229 3 0000 4 0135 5 0000 6 000 0 7 00 0 0 8 5 9 0 0 333 20 232 58 022 6 000 0 7 0000 
02-JAN-2015 00 48110 3 1 9 95 3 18 01 10 195 20 134 3 0000 4 0142 5 0000 6 000 0 7 05 1 1 8 0 0 0 6 333 20 190 58 008 6 000 0 7 0000 
02-JAN-2015 00 48112 3 2 5 97 8 04 10 10 240 20 209 3 0000 4 0136 5 0000 6 000 0 7 00 0 0 8 3 8 7 6 333 20 192 58 017 6 000 0 7 0000 
