02-JAN-2015 12 48001 3 2 9 60 0 23 01 10 165 20 135 3 0000 4 0154 5 0000 6 000 0 7 00 0 0 8 0 0 0 0 333 10 225 59 012 6 000 0 7 0000 
02-JAN-2015 12 48004 3 2 5 58 3 22 01 10 217 20 173 3 0000 4 0000 5 0000 6 000 0 7 00 0 0 8 3 8 0 0 333 10 260 58 000 6 000 0 7 0000 
02-JAN-2015 12 48008 3 1 5 40 5 00 00 10 228 20 143 3 0000 4 0140 5 0000 6 000 0 7 10 4 4 8 3 9 3 0 333 10 285 59 025 6 000 0 7 0000 
02-JAN-2015 12 48010 3 2 5 20 4 00 00 10 255 20 229 3 0000 4 0140 5 0000 6 000 0 7 00 0 0 8 1 4 4 1 333 10 295 59 016 6 000 0 7 0000 
02-JAN-2015 12 48018 3 2 5 56 2 14 01 10 230 20 143 3 0000 4 0132 5 0000 6 000 0 7 00 0 0 8 2 8 0 0 333 10 290 59 017 6 000 0 7 0000 
02-JAN-2015 12 48019 3 2 9 40 0 00 00 10 215 20 175 3 0000 4 0141 5 0000 6 000 0 7 00 0 0 8 0 0 0 0 333 10 275 59 010 6 000 0 7 0000 
02-JAN-2015 12 48020 3 1 2 50 3 00 00 10 235 20 191 3 0000 4 0000 5 0000 6 000 0 7 05 2 2 8 3 9 0 0 333 10 285 58 000 6 000 0 7 0000 
02-JAN-2015 12 48025 3 2 4 56 4 00 00 10 248 20 136 3 0000 4 0143 5 0000 6 000 0 7 00 0 0 8 1 5 4 1 333 10 270 59 023 6 000 0 7 0000 
02-JAN-2015 12 48030 3 2 1 50 5 22 01 10 153 20 153 3 0000 4 0000 5 0000 6 000 0 7 00 0 0 8 3 8 7 0 333 10 170 58 000 6 000 0 7 0000 
02-JAN-2015 12 48031 3 2 2 57 6 14 01 10 145 20 123 3 0000 4 0000 5 0000 6 000 0 7 00 0 0 8 6 8 0 0 333 10 175 58 000 6 000 0 7 0000 
02-JAN-2015 12 48033 3 2 5 60 1 00 00 10 270 20 191 3 0000 4 0135 5 0000 6 000 0 7 00 0 0 8 1 5 0 0 333 10 303 59 016 6 000 0 7 0000 
02-JAN-2015 12 48034 3 2 4 56 2 00 00 10 196 20 130 3 0000 4 0000 5 0000 6 000 0 7 00 0 0 8 2 5 0 0 333 10 228 58 000 6 000 0 7 0000 
02-JAN-2015 12 48035 3 2 5 30 1 00 00 10 214 20 160 3 0000 4 0127 5 0000 6 000 0 7 00 0 0 8 1 5 0 0 333 10 273 58 016 6 000 0 7 0000 
02-JAN-2015 12 48037 3 2 5 10 8 00 00 10 230 20 158 3 0000 4 0144 5 0000 6 000 0 7 00 0 0 8 1 5 3 0 333 10 315 58 009 6 000 0 7 0000 
02-JAN-2015 12 48039 3 2 4 60 5 32 01 10 270 20 191 3 0000 4 0000 5 0000 6 000 0 7 00 0 0 8 3 8 5 0 333 10 313 58 000 6 000 0 7 0000 
02-JAN-2015 12 48042 3 2 5 57 2 00 00 10 280 20 203 3 0000 4 0129 5 0000 6 000 0 7 00 0 0 8 1 4 5 0 333 10 298 59 007 6 000 0 7 0000 
02-JAN-2015 12 48043 3 2 0 50 4 00 00 10 200 20 150 3 0000 4 0000 5 0000 6 000 0 7 00 0 0 8 0 0 3 0 333 10 250 58 000 6 000 0 7 0000 
02-JAN-2015 12 48045 3 2 5 56 7 14 01 10 163 20 123 3 0000 4 0000 5 0000 6 000 0 7 00 0 0 8 7 7 0 0 333 10 205 58 000 6 000 0 7 0000 
02-JAN-2015 12 48048 3 2 5 50 4 04 01 10 262 20 202 3 0000 4 0135 5 0000 6 000 0 7 00 0 0 8 4 8 0 0 333 10 207 59 007 6 000 0 7 0000 
02-JAN-2015 12 48051 3 2 5 58 7 31 02 10 260 20 230 3 0000 4 0000 5 0000 6 000 0 7 00 0 0 8 5 9 3 0 333 10 276 58 000 6 000 0 7 0000 
02-JAN-2015 12 48052 3 2 4 50 6 00 00 10 284 20 184 3 0000 4 0000 5 0000 6 000 0 7 00 0 0 8 4 8 3 0 333 10 315 58 000 6 000 0 7 0000 
02-JAN-2015 12 48053 3 2 9 56 5 36 02 10 270 20 154 3 0000 4 0123 5 0000 6 000 0 7 00 0 0 8 0 0 5 6 333 10 313 59 011 6 000 0 7 0000 
02-JAN-2015 12 48055 3 2 5 56 4 09 02 10 212 20 175 3 0000 4 0133 5 0000 6 000 0 7 00 0 0 8 3 5 4 0 333 10 264 59 012 6 000 0 7 0000 
02-JAN-2015 12 48057 3 2 4 39 5 00 00 10 210 20 120 3 0000 4 0000 5 0000 6 000 0 7 00 0 0 8 4 8 5 0 333 10 250 58 000 6 000 0 7 0000 
02-JAN-2015 12 48060 3 2 9 20 0 00 00 10 200 20 109 3 0000 4 0155 5 0000 6 000 0 7 00 0 0 8 0 0 0 0 333 10 250 59 025 6 000 0 7 0000 
02-JAN-2015 12 48062 3 2 5 50 8 23 02 10 280 20 250 3 0000 4 0139 5 0000 6 000 0 7 00 0 0 8 4 9 5 5 333 10 315 58 009 6 000 0 7 0000 
02-JAN-2015 12 48064 3 2 5 50 6 00 00 10 265 20 203 3 0000 4 0125 5 0000 6 000 0 7 00 0 0 8 2 8 3 1 333 10 286 58 001 6 000 0 7 0000 
02-JAN-2015 12 48065 3 2 4 50 5 00 00 10 263 20 179 3 0000 4 0000 5 0000 6 000 0 7 00 0 0 8 1 1 3 1 333 10 314 58 000 6 000 0 7 0000 
02-JAN-2015 12 48071 3 2 4 56 6 32 01 10 270 20 211 3 0000 4 0141 5 0000 6 000 0 7 00 0 0 8 4 8 3 0 333 10 308 58 011 6 000 0 7 0000 
02-JAN-2015 12 48072 3 2 4 56 1 00 00 10 275 20 268 3 0000 4 0000 5 0000 6 000 0 7 01 2 2 8 1 2 0 0 333 10 315 58 000 6 000 0 7 0000 
02-JAN-2015 12 48074 3 2 5 56 1 00 00 10 274 20 191 3 0000 4 0131 5 0000 6 000 0 7 00 0 0 8 1 4 0 0 333 10 325 59 001 6 000 0 7 0000 
02-JAN-2015 12 48075 3 1 9 56 0 00 00 10 220 20 170 3 0000 4 0152 5 0000 6 000 0 7 05 0 0 8 0 0 0 0 333 10 270 58 006 6 000 0 7 0000 
02-JAN-2015 12 48077 3 2 5 56 2 00 00 10 282 20 184 3 0000 4 0122 5 0000 6 000 0 7 00 0 0 8 1 2 0 1 333 10 334 58 001 6 000 0 7 0000 
02-JAN-2015 12 48080 3 2 4 57 2 22 01 10 270 20 240 3 0000 4 0139 5 0000 6 000 0 7 00 0 0 8 2 5 0 0 333 10 325 58 019 6 000 0 7 0000 
02-JAN-2015 12 48085 3 2 9 56 1 09 02 10 272 20 211 3 0000 4 0108 5 0000 6 000 0 7 00 0 0 8 0 0 0 6 333 10 305 58 008 6 000 0 7 0000 
02-JAN-2015 12 48087 3 2 9 20 0 00 00 10 256 20 229 3 0000 4 0000 5 0000 6 000 0 7 00 0 0 8 0 0 0 0 333 10 314 58 000 6 000 0 7 0000 
02-JAN-2015 12 48092 3 1 9 56 2 00 00 10 260 20 215 3 0000 4 0121 5 0000 6 000 0 7 05 2 2 8 0 0 0 2 333 10 305 58 010 6 000 0 7 0000 
02-JAN-2015 12 48093 3 2 9 40 0 04 01 10 282 20 203 3 0000 4 0000 5 0000 6 000 0 7 00 0 0 8 0 0 0 0 333 10 304 58 000 6 000 0 7 0000 
02-JAN-2015 12 48094 3 2 4 56 1 04 01 10 280 20 200 3 0000 4 0131 5 0000 6 000 0 7 00 0 0 8 1 5 0 0 333 10 320 58 003 6 000 0 7 0000 
02-JAN-2015 12 48095 3 2 9 56 0 00 00 10 265 20 215 3 0000 4 0000 5 0000 6 000 0 7 00 0 0 8 0 0 0 0 333 10 310 58 000 6 000 0 7 0000 
02-JAN-2015 12 48096 3 2 0 57 0 09 03 10 260 20 160 3 0000 4 0152 5 0000 6 000 0 7 00 0 0 8 0 0 0 0 333 10 304 58 019 6 000 0 7 0000 
02-JAN-2015 12 48097 3 2 9 56 1 14 01 10 250 20 186 3 0000 4 0146 5 0000 6 000 0 7 02 1 1 8 0 0 0 1 333 10 316 58 011 6 000 0 7 0000 
02-JAN-2015 12 48099 3 2 4 40 3 13 01 10 263 20 203 3 0000 4 0138 5 0000 6 000 0 7 00 0 0 8 2 8 0 1 333 10 318 58 016 6 000 0 7 0000 
02-JAN-2015 12 48101 3 2 9 50 1 00 00 10 251 20 186 3 0000 4 0000 5 0000 6 000 0 7 02 1 1 8 0 0 0 1 333 10 304 58 000 6 000 0 7 0000 
02-JAN-2015 12 48103 3 2 5 20 3 00 00 10 257 20 203 3 0000 4 0134 5 0000 6 000 0 7 00 0 0 8 3 5 0 0 333 10 334 58 007 6 000 0 7 0000 
02-JAN-2015 12 48107 3 2 9 30 2 04 01 10 240 20 174 3 0000 4 0125 5 0000 6 000 0 7 00 0 0 8 0 0 0 6 333 10 308 58 011 6 000 0 7 0000 
02-JAN-2015 12 48108 3 2 9 96 3 14 02 10 240 20 155 3 0000 4 0136 5 0000 6 000 0 7 00 0 0 8 0 0 0 6 333 10 320 58 008 6 000 0 7 0000 
02-JAN-2015 12 48109 3 2 4 96 5 04 01 10 290 20 230 3 0000 4 0132 5 0000 6 000 0 7 00 0 0 8 4 9 3 0 333 10 334 58 013 6 000 0 7 0000 
02-JAN-2015 12 48110 3 1 9 95 2 00 00 10 270 20 191 3 0000 4 0131 5 0000 6 000 0 7 05 1 1 8 0 0 0 5 333 10 315 58 009 6 000 0 7 0000 
02-JAN-2015 12 48112 3 2 5 98 6 04 10 10 262 20 215 3 0000 4 0128 5 0000 6 000 0 7 01 2 2 8 2 2 1 6 333 10 295 58 009 6 000 0 7 0000 
