02-JUL-2015 03 48001 2 2 4 40 8 00 00 10 255 20 246 3 0000 4 0043 5 0000 6 000 0 7 00 0 0 8 4 8 3 6 333 10 /// 59 006 6 000 0 7 0000 
02-JUL-2015 03 48004 3 1 1 10 8 00 00 10 252 20 252 3 0000 4 0000 5 0000 6 000 0 7 65 6 5 8 5 9 7 / 333 10 /// 58 000 6 000 0 7 0000 
02-JUL-2015 03 48008 3 2 4 57 7 00 00 10 272 20 256 3 0000 4 0052 5 0000 6 000 0 7 00 0 0 8 4 9 7 / 333 10 /// 59 017 6 000 0 7 0000 
02-JUL-2015 03 48010 2 1 4 40 8 18 01 10 270 20 256 3 0000 4 0061 5 0000 6 000 0 7 02 6 5 8 4 7 7 0 333 10 /// 59 015 6 000 0 7 0000 
02-JUL-2015 03 48018 3 2 5 60 4 22 02 10 302 20 223 3 0000 4 0050 5 0000 6 000 0 7 00 0 0 8 2 8 6 2 333 10 /// 59 013 6 000 0 7 0000 
02-JUL-2015 03 48019 3 2 4 58 6 00 00 10 298 20 259 3 0000 4 0049 5 0000 6 000 0 7 00 0 0 8 4 6 3 0 333 10 /// 59 011 6 000 0 7 0000 
02-JUL-2015 03 48020 2 2 4 58 5 36 02 10 305 20 254 3 0000 4 0000 5 0000 6 000 0 7 00 0 0 8 5 8 0 0 333 10 /// 58 000 6 000 0 7 0000 
02-JUL-2015 03 48025 2 2 3 30 6 14 01 10 274 20 256 3 0000 4 0054 5 0000 6 000 0 7 00 0 0 8 4 7 7 0 333 10 /// 59 013 6 000 0 7 0000 
02-JUL-2015 03 48030 2 2 3 56 4 22 02 10 197 20 150 3 0000 4 0000 5 0000 6 000 0 7 00 0 0 8 2 8 0 2 333 10 /// 58 000 6 000 0 7 0000 
02-JUL-2015 03 48031 2 2 / 60 5 14 01 10 235 20 174 3 0000 4 0000 5 0000 6 000 0 7 00 0 0 8 4 8 4 0 333 10 /// 58 000 6 000 0 7 0000 
02-JUL-2015 03 48033 3 2 5 62 4 18 02 10 320 20 236 3 0000 4 0053 5 0000 6 000 0 7 00 0 0 8 4 8 0 0 333 10 /// 59 004 6 000 0 7 0000 
02-JUL-2015 03 48034 2 1 3 56 8 00 00 10 208 20 202 3 0000 4 0000 5 0000 6 000 0 7 51 5 5 8 6 9 2 / 333 10 /// 58 000 6 000 0 7 0000 
02-JUL-2015 03 48035 3 2 5 60 8 22 03 10 262 20 215 3 0000 4 0057 5 0000 6 000 0 7 00 0 0 8 5 9 7 / 333 10 /// 59 010 6 000 0 7 0000 
02-JUL-2015 03 48037 3 2 5 60 5 18 03 10 310 20 237 3 0000 4 0049 5 0000 6 000 0 7 00 0 0 8 3 8 0 5 333 10 /// 59 023 6 000 0 7 0000 
02-JUL-2015 03 48039 3 2 4 60 7 14 02 10 304 20 223 3 0000 4 0000 5 0000 6 000 0 7 00 0 0 8 4 8 5 0 333 10 /// 58 000 6 000 0 7 0000 
02-JUL-2015 03 48042 3 2 5 58 7 18 08 10 315 20 242 3 0000 4 0059 5 0000 6 000 0 7 00 0 0 8 4 8 5 0 333 10 /// 59 018 6 000 0 7 0000 
02-JUL-2015 03 48043 3 2 5 56 8 23 03 10 230 20 198 3 0000 4 0000 5 0000 6 000 0 7 00 0 0 8 5 8 7 / 333 10 /// 58 000 6 000 0 7 0000 
02-JUL-2015 03 48045 3 2 5 56 7 18 05 10 215 20 173 3 0000 4 0000 5 0000 6 000 0 7 00 0 0 8 7 8 0 0 333 10 /// 58 000 6 000 0 7 0000 
02-JUL-2015 03 48048 3 2 5 60 4 18 02 10 325 20 236 3 0000 4 0054 5 0000 6 000 0 7 00 0 0 8 4 8 0 0 333 10 /// 59 010 6 000 0 7 0000 
02-JUL-2015 03 48051 2 2 5 56 8 18 02 10 260 20 250 3 0000 4 0000 5 0000 6 000 0 7 50 5 5 8 6 9 7 0 333 10 /// 58 000 6 000 0 7 0000 
02-JUL-2015 03 48052 3 2 4 58 4 13 01 10 330 20 284 3 0000 4 0000 5 0000 6 000 0 7 00 0 0 8 4 8 0 0 333 10 /// 58 000 6 000 0 7 0000 
02-JUL-2015 03 48053 3 2 4 56 6 18 04 10 290 20 230 3 0000 4 0078 5 0000 6 000 0 7 00 0 0 8 2 5 5 6 333 10 /// 59 020 6 000 0 7 0000 
02-JUL-2015 03 48055 3 2 5 57 4 18 02 10 268 20 211 3 0000 4 0055 5 0000 6 000 0 7 00 0 0 8 2 1 0 1 333 10 /// 59 029 6 000 0 7 0000 
02-JUL-2015 03 48057 3 2 4 58 5 22 02 10 224 20 185 3 0000 4 0000 5 0000 6 000 0 7 00 0 0 8 4 3 0 1 333 10 /// 58 000 6 000 0 7 0000 
02-JUL-2015 03 48060 3 2 3 56 4 22 03 10 290 20 196 3 0000 4 0035 5 0000 6 000 0 7 00 0 0 8 2 1 3 0 333 10 /// 59 015 6 000 0 7 0000 
02-JUL-2015 03 48062 2 1 4 56 8 18 03 10 265 20 260 3 0000 4 0072 5 0000 6 000 0 7 50 6 5 8 6 9 2 0 333 10 /// 59 010 6 000 0 7 0000 
02-JUL-2015 03 48064 3 2 4 60 6 04 01 10 290 20 248 3 0000 4 0060 5 0000 6 000 0 7 00 0 0 8 3 8 3 1 333 10 /// 59 012 6 000 0 7 0000 
02-JUL-2015 03 48065 3 2 5 56 6 22 01 10 295 20 248 3 0000 4 0000 5 0000 6 000 0 7 00 0 0 8 5 8 3 0 333 10 /// 58 000 6 000 0 7 0000 
02-JUL-2015 03 48071 2 1 4 58 7 23 02 10 290 20 274 3 0000 4 0081 5 0000 6 000 0 7 01 5 2 8 4 9 7 0 333 10 /// 59 010 6 000 0 7 0000 
02-JUL-2015 03 48072 2 2 4 59 8 13 02 10 290 20 274 3 0000 4 0000 5 0000 6 000 0 7 00 0 0 8 3 9 7 / 333 10 /// 58 000 6 000 0 7 0000 
02-JUL-2015 03 48074 2 2 3 56 8 14 01 10 260 20 246 3 0000 4 0096 5 0000 6 000 0 7 00 0 0 8 6 7 7 / 333 10 /// 59 008 6 000 0 7 0000 
02-JUL-2015 03 48075 2 2 4 57 4 27 01 10 260 20 203 3 0000 4 0081 5 0000 6 000 0 7 00 0 0 8 3 8 3 0 333 10 /// 59 016 6 000 0 7 0000 
02-JUL-2015 03 48077 3 2 5 59 8 23 06 10 290 20 259 3 0000 4 0080 5 0000 6 000 0 7 00 0 0 8 5 9 3 1 333 10 /// 59 020 6 000 0 7 0000 
02-JUL-2015 03 48078 2 2 5 50 5 18 01 10 276 20 262 3 0000 4 0109 5 0000 6 000 0 7 00 0 0 8 3 5 3 1 333 10 /// 59 005 6 000 0 7 0000 
02-JUL-2015 03 48080 2 1 4 58 8 04 01 10 243 20 240 3 0000 4 0104 5 0000 6 000 0 7 61 6 5 8 5 9 2 0 333 10 /// 59 005 6 000 0 7 0000 
02-JUL-2015 03 48085 2 1 3 56 8 32 05 10 252 20 250 3 0000 4 0102 5 0000 6 000 0 7 95 9 6 8 6 9 2 0 333 10 /// 59 008 6 000 0 7 0000 
02-JUL-2015 03 48087 2 2 5 56 8 23 02 10 280 20 250 3 0000 4 0000 5 0000 6 000 0 7 00 0 0 8 4 3 7 / 333 10 /// 58 000 6 000 0 7 0000 
02-JUL-2015 03 48092 2 1 4 56 6 23 04 10 300 20 260 3 0000 4 0082 5 0000 6 000 0 7 05 2 2 8 6 8 0 0 333 10 /// 59 012 6 000 0 7 0000 
02-JUL-2015 03 48094 3 2 4 59 2 22 02 10 300 20 270 3 0000 4 0103 5 0000 6 000 0 7 01 1 1 8 1 5 4 0 333 10 /// 59 003 6 000 0 7 0000 
02-JUL-2015 03 48095 2 2 5 58 4 27 01 10 300 20 266 3 0000 4 0000 5 0000 6 000 0 7 00 0 0 8 3 6 7 0 333 10 /// 58 000 6 000 0 7 0000 
02-JUL-2015 03 48097 2 2 5 57 4 23 03 10 300 20 253 3 0000 4 0118 5 0000 6 000 0 7 00 0 0 8 4 8 0 0 333 10 /// 59 012 6 000 0 7 0000 
02-JUL-2015 03 48099 2 2 4 50 5 23 01 10 288 20 259 3 0000 4 0099 5 0000 6 000 0 7 00 0 0 8 5 9 0 0 333 10 /// 59 015 6 000 0 7 0000 
02-JUL-2015 03 48101 2 2 5 58 2 23 02 10 300 20 266 3 0000 4 0000 5 0000 6 000 0 7 00 0 0 8 2 6 0 0 333 10 /// 58 000 6 000 0 7 0000 
02-JUL-2015 03 48103 3 2 3 56 6 22 01 10 302 20 266 3 0000 4 0104 5 0000 6 000 0 7 00 0 0 8 5 7 3 0 333 10 /// 59 009 6 000 0 7 0000 
02-JUL-2015 03 48107 2 1 3 30 7 23 01 10 290 20 274 3 0000 4 0107 5 0000 6 000 0 7 01 6 5 8 5 9 7 0 333 10 /// 59 004 6 000 0 7 0000 
02-JUL-2015 03 48108 2 1 4 94 8 23 01 10 270 20 240 3 0000 4 0116 5 0000 6 000 0 7 50 5 5 8 4 3 7 7 333 10 /// 59 004 6 000 0 7 0000 
02-JUL-2015 03 48109 2 2 4 97 5 23 02 10 290 20 248 3 0000 4 0111 5 0000 6 000 0 7 00 0 0 8 5 9 0 0 333 10 /// 59 005 6 000 0 7 0000 
02-JUL-2015 03 48110 2 1 4 96 8 00 00 10 280 20 250 3 0000 4 0113 5 0000 6 000 0 7 02 5 5 8 4 3 5 7 333 10 /// 59 009 6 000 0 7 0000 
02-JUL-2015 03 48112 2 2 5 98 6 22 02 10 280 20 250 3 0000 4 0125 5 0000 6 000 0 7 00 0 0 8 2 2 1 6 333 10 /// 59 003 6 000 0 7 0000 
