020600 48001 21430 83602 10270 20256 40045 70255 8486/ 333 56539 58008=
020600 48004 31110 81301 10255 20255 75065 8597/ 333 56559=
020600 48008 32457 81402 10296 20239 40046 8497/ 333 56459 59024=
020600 48010 32557 71801 10295 20266 40046 86830 333 56440 59015=
020600 48018 32560 62202 10340 20257 40046 83872 333 56556 59021=
020600 48019 32460 72302 10335 20258 40042 84760 333 56560 59019=
020600 48020 32458 43603 10330 20258 84800 333 56500=
020600 48025 32456 41801 10323 20248 40049 83840 333 56540 59013=
020600 48035 32560 82204 10307 20189 40045 8597/ 333 56569 59012=
020600 48037 32560 41801 10360 20214 40042 84300 333 56600 59009=
020600 48042 32559 71805 10340 20257 40050 85850 333 56440 59007=
020600 48045 32557 71804 10228 20181 87600 333 56500=
020600 48048 32560 61802 10355 20214 40050 85950 333 56490 59012=
020600 48053 32456 61804 10310 20237 40059 84850 333 56590 59018=
020600 48060 32356 52703 10330 20191 40022 85800 333 56500 59009=
020600 48062 21456 81804 10273 20270 40074 75065 86970 333 56590 59004=
020600 48071 32460 72304 10300 20282 40076 85970 333 56590 59014=
020600 48075 32457 41401 10260 20215 40086 83330 333 56590 59010=
020600 48077 32559 80000 10310 20254 40072 85931 333 56499 59020=
020600 48078 21556 71801 10293 20271 40083 70355 8457/ 333 56499 59034=
020600 48080 21459 80401 10271 20256 40093 70265 85870 333 56590 59013=
020600 48085 32457 60901 10268 20256 40086 85970 333 56590 59014=
020600 48095 32560 22202 10325 20281 82200 333 56900=
020600 48108 21493 82301 10290 20248 40109 75055 84377 333 56699 59003=
020600 48110 21596 71302 10320 20265 40108 70255 84306 333 56509 59008=
020600 48112 32597 82202 10310 20267 40119 83876 333 56599 59005=
020600 48030 32356 82202 10247 20163 8684/ 333 56569=
020600 48072 32460 72304 10295 20266 85830 333 56490=
020600 48087 21458 62303 10283 20250 70365 84941 333 56499=
020600 48099 21456 52301 10308 20267 40090 75055 85900 333 56600 59010=
020600 48101 32559 32702 10327 20258 83300 333 56500=
020600 48103 32456 42202 10322 20265 40088 84800 333 56500 59014=
020600 48057 32458 72202 10230 20181 85950 333 56590=
020600 48094 21459 62201 10315 20280 40085 70365 8497/ 333 5669/ 59018=
020600 48097 32557 41402 10320 20256 40106 84800 333 56900 59004=
020600 48031 32260 71801 10243 20191 87300 333 56400=
020600 48033 32563 61801 10352 20242 40042 86900 333 56400 59023=
020600 48034 21356 82301 10218 20205 75055 8692/ 333 5659/=
020600 48039 32460 71402 10328 20234 85960 333 56440=
020600 48043 32556 81807 10255 20203 8587/ 333 56599=
020600 48052 32468 42201 10364 20235 84800 333 56900=
020600 48055 32556 72304 10277 20220 40046 86930 333 56550 59012=
020600 48064 32460 80000 10310 20267 40053 84870 333 56440 59004=
020600 48065 32457 82202 10310 20267 85870 333 56990=
020600 48074 21357 72303 10280 20268 40084 70255 85970 333 56440 59017=
020600 48092 32457 52304 10320 20265 40063 8597/ 333 5699/ 59024=
020600 48093 22558 52301 10323 20265 85300 333 56500=
020600 48107 21330 82301 10290 20259 40098 70195 8497/ 333 5655/ 59003=  
