02-JUN-2015 03 48001 2 2 4 40 8 00 00 10 253 20 219 3 0000 4 0078 5 0000 6 000 0 7 00 0 0 8 4 8 6 / 333 10 /// 58 022 6 000 0 7 0000 
02-JUN-2015 03 48004 3 2 3 56 6 32 01 10 276 20 250 3 0000 4 0000 5 0000 6 000 0 7 00 0 0 8 6 9 0 0 333 10 /// 58 000 6 000 0 7 0000 
02-JUN-2015 03 48008 3 2 4 56 7 14 01 10 277 20 250 3 0000 4 0072 5 0000 6 000 0 7 00 0 0 8 4 9 7 0 333 10 /// 58 013 6 000 0 7 0000 
02-JUN-2015 03 48010 3 2 5 56 2 18 01 10 290 20 259 3 0000 4 0061 5 0000 6 000 0 7 00 0 0 8 1 1 0 1 333 10 /// 58 018 6 000 0 7 0000 
02-JUN-2015 03 48018 2 2 5 58 7 22 01 10 266 20 246 3 0000 4 0065 5 0000 6 000 0 7 00 0 0 8 3 8 7 / 333 10 /// 59 014 6 000 0 7 0000 
02-JUN-2015 03 48019 2 2 4 57 7 23 01 10 272 20 240 3 0000 4 0070 5 0000 6 000 0 7 00 0 0 8 5 6 2 0 333 10 /// 58 008 6 000 0 7 0000 
02-JUN-2015 03 48020 3 2 9 58 0 27 03 10 300 20 253 3 0000 4 0000 5 0000 6 000 0 7 00 0 0 8 0 0 0 0 333 10 /// 58 000 6 000 0 7 0000 
02-JUN-2015 03 48025 2 2 4 30 3 14 01 10 332 20 244 3 0000 4 0059 5 0000 6 000 0 7 00 0 0 8 2 5 0 1 333 10 /// 58 011 6 000 0 7 0000 
02-JUN-2015 03 48030 2 1 2 56 2 22 01 10 210 20 174 3 0000 4 0000 5 0000 6 000 0 7 05 4 4 8 2 8 0 0 333 10 /// 58 000 6 000 0 7 0000 
02-JUN-2015 03 48031 3 2 9 60 0 14 01 10 235 20 130 3 0000 4 0000 5 0000 6 000 0 7 00 0 0 8 0 0 0 0 333 10 /// 58 000 6 000 0 7 0000 
02-JUN-2015 03 48033 3 2 5 62 5 18 01 10 305 20 237 3 0000 4 0066 5 0000 6 000 0 7 00 0 0 8 4 8 3 0 333 10 /// 58 009 6 000 0 7 0000 
02-JUN-2015 03 48034 2 1 4 56 8 00 00 10 205 20 195 3 0000 4 0000 5 0000 6 000 0 7 02 9 6 8 6 3 7 / 333 10 /// 58 000 6 000 0 7 0000 
02-JUN-2015 03 48035 3 1 5 58 7 00 00 10 235 20 209 3 0000 4 0081 5 0000 6 000 0 7 02 6 6 8 5 9 7 0 333 10 /// 58 013 6 000 0 7 0000 
02-JUN-2015 03 48037 2 2 5 58 4 18 01 10 305 20 254 3 0000 4 0064 5 0000 6 000 0 7 00 0 0 8 2 8 0 1 333 10 /// 58 009 6 000 0 7 0000 
02-JUN-2015 03 48039 2 2 4 58 8 14 01 10 300 20 239 3 0000 4 0000 5 0000 6 000 0 7 00 0 0 8 4 9 7 0 333 10 /// 58 000 6 000 0 7 0000 
02-JUN-2015 03 48042 2 1 5 58 7 18 01 10 300 20 253 3 0000 4 0080 5 0000 6 000 0 7 02 6 6 8 4 9 7 0 333 10 /// 58 022 6 000 0 7 0000 
02-JUN-2015 03 48043 3 2 5 40 8 18 03 10 240 20 226 3 0000 4 0000 5 0000 6 000 0 7 00 0 0 8 5 8 7 / 333 10 /// 58 000 6 000 0 7 0000 
02-JUN-2015 03 48045 3 2 9 60 3 04 01 10 255 20 160 3 0000 4 0000 5 0000 6 000 0 7 00 0 0 8 0 0 0 1 333 10 /// 58 000 6 000 0 7 0000 
02-JUN-2015 03 48048 3 2 5 50 1 22 01 10 320 20 248 3 0000 4 0073 5 0000 6 000 0 7 00 0 0 8 1 5 0 0 333 10 /// 58 019 6 000 0 7 0000 
02-JUN-2015 03 48051 3 2 5 59 4 36 02 10 322 20 270 3 0000 4 0000 5 0000 6 000 0 7 00 0 0 8 4 8 7 0 333 10 /// 58 000 6 000 0 7 0000 
02-JUN-2015 03 48052 3 2 4 58 2 22 01 10 342 20 240 3 0000 4 0000 5 0000 6 000 0 7 00 0 0 8 2 2 0 0 333 10 /// 58 000 6 000 0 7 0000 
02-JUN-2015 03 48053 3 2 5 56 4 18 04 10 280 20 250 3 0000 4 0071 5 0000 6 000 0 7 00 0 0 8 2 5 5 6 333 10 /// 59 012 6 000 0 7 0000 
02-JUN-2015 03 48055 2 2 5 56 5 00 00 10 254 20 217 3 0000 4 0079 5 0000 6 000 0 7 00 0 0 8 3 9 3 1 333 10 /// 59 020 6 000 0 7 0000 
02-JUN-2015 03 48057 3 2 4 58 6 22 01 10 234 20 198 3 0000 4 0000 5 0000 6 000 0 7 00 0 0 8 3 3 5 0 333 10 /// 58 000 6 000 0 7 0000 
02-JUN-2015 03 48060 3 2 4 40 5 00 00 10 268 20 226 3 0000 4 0063 5 0000 6 000 0 7 00 0 0 8 3 8 3 2 333 10 /// 58 000 6 000 0 7 0000 
02-JUN-2015 03 48062 3 2 5 58 6 09 02 10 322 20 260 3 0000 4 0085 5 0000 6 000 0 7 00 0 0 8 4 9 3 0 333 10 /// 58 015 6 000 0 7 0000 
02-JUN-2015 03 48064 3 2 9 60 2 04 01 10 310 20 267 3 0000 4 0051 5 0000 6 000 0 7 00 0 0 8 0 0 0 1 333 10 /// 58 010 6 000 0 7 0000 
02-JUN-2015 03 48065 3 2 9 70 2 00 00 10 328 20 265 3 0000 4 0000 5 0000 6 000 0 7 00 0 0 8 0 0 0 6 333 10 /// 58 000 6 000 0 7 0000 
02-JUN-2015 03 48071 2 2 4 58 3 00 00 10 320 20 291 3 0000 4 0084 5 0000 6 000 0 7 00 0 0 8 3 8 0 0 333 10 /// 58 013 6 000 0 7 0000 
02-JUN-2015 03 48072 3 2 4 59 7 04 01 10 310 20 267 3 0000 4 0000 5 0000 6 000 0 7 03 2 2 8 5 9 7 0 333 10 /// 58 000 6 000 0 7 0000 
02-JUN-2015 03 48074 3 2 4 59 4 18 03 10 293 20 248 3 0000 4 0085 5 0000 6 000 0 7 00 0 0 8 2 5 0 2 333 10 /// 58 007 6 000 0 7 0000 
02-JUN-2015 03 48075 2 2 4 57 5 14 01 10 270 20 230 3 0000 4 0100 5 0000 6 000 0 7 00 0 0 8 3 8 3 0 333 10 /// 58 032 6 000 0 7 0000 
02-JUN-2015 03 48077 3 2 5 59 6 23 02 10 300 20 253 3 0000 4 0078 5 0000 6 000 0 7 00 0 0 8 5 9 0 1 333 10 /// 58 005 6 000 0 7 0000 
02-JUN-2015 03 48078 3 2 5 56 5 18 01 10 297 20 253 3 0000 4 0097 5 0000 6 000 0 7 00 0 0 8 4 5 0 1 333 10 /// 58 006 6 000 0 7 0000 
02-JUN-2015 03 48080 2 1 4 59 8 13 01 10 273 20 240 3 0000 4 0101 5 0000 6 000 0 7 95 9 6 8 5 8 7 0 333 10 /// 58 004 6 000 0 7 0000 
02-JUN-2015 03 48085 2 1 4 58 5 27 03 10 296 20 266 3 0000 4 0083 5 0000 6 000 0 7 50 6 5 8 4 9 7 0 333 10 /// 58 007 6 000 0 7 0000 
02-JUN-2015 03 48087 2 2 5 60 6 23 02 10 312 20 267 3 0000 4 0000 5 0000 6 000 0 7 00 0 0 8 3 3 7 0 333 10 /// 58 000 6 000 0 7 0000 
02-JUN-2015 03 48092 3 2 4 56 6 05 04 10 305 20 267 3 0000 4 0079 5 0000 6 000 0 7 00 0 0 8 6 2 0 0 333 10 /// 58 004 6 000 0 7 0000 
02-JUN-2015 03 48093 2 2 5 57 5 26 01 10 289 20 259 3 0000 4 0000 5 0000 6 000 0 7 00 0 0 8 4 3 4 0 333 10 /// 58 000 6 000 0 7 0000 
02-JUN-2015 03 48094 3 1 4 58 6 22 02 10 300 20 270 3 0000 4 0088 5 0000 6 000 0 7 02 2 2 8 3 9 7 0 333 10 /// 58 002 6 000 0 7 0000 
02-JUN-2015 03 48095 2 2 4 58 4 22 02 10 310 20 282 3 0000 4 0000 5 0000 6 000 0 7 01 1 1 8 2 2 0 2 333 10 /// 58 000 6 000 0 7 0000 
02-JUN-2015 03 48097 3 2 5 57 7 22 01 10 310 20 267 3 0000 4 0097 5 0000 6 000 0 7 00 0 0 8 5 8 3 0 333 10 /// 59 001 6 000 0 7 0000 
02-JUN-2015 03 48099 2 1 4 50 8 00 00 10 288 20 259 3 0000 4 0099 5 0000 6 000 0 7 03 5 5 8 6 9 3 0 333 10 /// 58 015 6 000 0 7 0000 
02-JUN-2015 03 48101 2 1 5 59 4 23 02 10 308 20 267 3 0000 4 0000 5 0000 6 000 0 7 01 5 2 8 2 3 3 1 333 10 /// 58 000 6 000 0 7 0000 
02-JUN-2015 03 48103 2 1 4 56 6 14 03 10 291 20 259 3 0000 4 0098 5 0000 6 000 0 7 17 9 9 8 5 8 3 0 333 10 /// 58 013 6 000 0 7 0000 
02-JUN-2015 03 48107 2 1 3 50 4 32 01 10 284 20 268 3 0000 4 0096 5 0000 6 000 0 7 01 6 5 8 4 9 0 0 333 10 /// 58 008 6 000 0 7 0000 
02-JUN-2015 03 48108 2 1 5 95 7 14 02 10 265 20 243 3 0000 4 0114 5 0000 6 000 0 7 17 9 5 8 4 9 7 6 333 10 /// 58 024 6 000 0 7 0000 
02-JUN-2015 03 48109 3 2 4 97 4 23 03 10 310 20 267 3 0000 4 0100 5 0000 6 000 0 7 00 0 0 8 4 9 0 0 333 10 /// 58 009 6 000 0 7 0000 
02-JUN-2015 03 48110 2 2 5 96 8 18 01 10 290 20 259 3 0000 4 0110 5 0000 6 000 0 7 00 0 0 8 3 3 0 7 333 10 /// 58 019 6 000 0 7 0000 
02-JUN-2015 03 48112 2 1 4 97 8 32 02 10 298 20 253 3 0000 4 0108 5 0000 6 000 0 7 50 5 5 8 4 8 7 6 333 10 /// 58 015 6 000 0 7 0000 
