020300 48001 22440 80000 10253 20219 40078 8486/ 333 56779 58022=
020300 48004 32356 63201 10276 20250 86900 333 56500=
020300 48008 32456 71401 10277 20250 40072 84970 333 56450 58013=
020300 48010 32556 21801 10290 20259 40061 81101 333 56606 58018=
020300 48018 22558 72201 10266 20246 40065 8387/ 333 56569 59014=
020300 48019 22457 72301 10272 20240 40070 85620 333 56560 58008=
020300 48020 32958 02703 10300 20253 333=
020300 48025 22430 31401 10332 20244 40059 82501 333 56509 58011=
020300 48030 21256 22201 10210 20174 70544 82800 333 56500=
020300 48031 32960 01401 10235 20130 333=
020300 48033 32562 51801 10305 20237 40066 84830 333 56990 58009=
020300 48034 21456 80000 10205 20195 70296 8637/ 333 5659/=
020300 48035 31558 70000 10235 20209 40081 70266 85970 333 56590 58013=
020300 48037 22558 41801 10305 20254 40064 82801 333 56909 58009=
020300 48039 22458 81401 10300 20239 84970 333 56550=
020300 48042 21558 71801 10300 20253 40080 70266 84970 333 56440 58022=
020300 48043 32540 81803 10240 20226 8587/ 333 56599=
020300 48045 32960 30401 10255 20160 80001 333 56009=
020300 48048 32550 12201 10320 20248 40073 81500 333 56900 58019=
020300 48051 32559 43602 10322 20270 84870 333 56300=
020300 48052 32458 22201 10342 20240 82200 333 56900=
020300 48053 32556 41804 10280 20250 40071 82556 333 56599 59012=
020300 48055 22556 50000 10254 20217 40079 83931 333 56559 59020=
020300 48057 32458 62201 10234 20198 83350 333 56590=
020300 48060 32440 50000 10268 20226 40063 83832 333 56566 58000=
020300 48062 32558 60902 10322 20260 40085 84930 333 56990 58015=
020300 48064 32960 20401 10310 20267 40051 80001 333 56009 58010=
020300 48065 32970 20000 10328 20265 80006 333 56009=
020300 48071 22458 30000 10320 20291 40084 83800 333 56900 58013=
020300 48072 32459 70401 10310 20267 70322 85970 333 56590=
020300 48074 32459 41803 10293 20248 40085 82502 333 56409 58007=
020300 48075 22457 51401 10270 20230 40100 83830 333 56590 58032=
020300 48077 32559 62302 10300 20253 40078 85901 333 56409 58005=
020300 48078 32556 51801 10297 20253 40097 84501 333 56409 58006=
020300 48080 21459 81301 10273 20240 40101 79596 85870 333 56590 58004=
020300 48085 21458 52703 10296 20266 40083 75065 84970 333 56599 58007=
020300 48087 22560 62302 10312 20267 83370 333 56990=
020300 48092 32456 60504 10305 20267 40079 86200 333 56900 58004=
020300 48093 22557 52601 10289 20259 84340 333 56590=
020300 48094 31458 62202 10300 20270 40088 70222 83970 333 56590 58002=
020300 48095 22458 42202 10310 20282 70111 82202 333 56909=
020300 48097 32557 72201 10310 20267 40097 85830 333 56990 59001=
020300 48099 21450 80000 10288 20259 40099 70355 86930 333 56990 58015=
020300 48101 21559 42302 10308 20267 70152 82331 333 56599=
020300 48103 21456 61403 10291 20259 40098 71799 85830 333 56330 58013=
020300 48107 21350 43201 10284 20268 40096 70165 84900 333 56500 58008=
020300 48108 21595 71402 10265 20243 40114 71795 84976 333 56679 58024=
020300 48109 32497 42303 10310 20267 40100 84900 333 56900 58009=
020300 48110 22596 81801 10290 20259 40110 83307 333 56509 58019=
020300 48112 21497 83202 10298 20253 40108 75055 84876 333 56799 58015=  
