02-JUN-2015 09 48008 3 2 5 57 6 23 01 10 332 20 267 3 0000 4 0035 5 0000 6 000 0 7 00 0 0 8 3 8 3 1 333 10 /// 59 002 6 000 0 7 0000 
02-JUN-2015 09 48010 3 2 5 60 6 36 01 10 375 20 285 3 0000 4 0025 5 0000 6 000 0 7 00 0 0 8 4 8 3 0 333 10 /// 58 014 6 000 0 7 0000 
02-JUN-2015 09 48018 3 2 5 60 4 04 01 10 335 20 258 3 0000 4 0048 5 0000 6 000 0 7 00 0 0 8 2 8 6 2 333 10 /// 58 011 6 000 0 7 0000 
02-JUN-2015 09 48025 3 2 4 56 4 04 01 10 398 20 246 3 0000 4 0025 5 0000 6 000 0 7 00 0 0 8 3 8 4 0 333 10 /// 58 006 6 000 0 7 0000 
02-JUN-2015 09 48031 3 2 2 60 2 04 01 10 295 20 159 3 0000 4 0000 5 0000 6 000 0 7 00 0 0 8 2 2 0 0 333 10 /// 58 000 6 000 0 7 0000 
02-JUN-2015 09 48033 3 2 5 63 5 18 01 10 370 20 227 3 0000 4 0018 5 0000 6 000 0 7 00 0 0 8 5 9 0 0 333 10 /// 58 004 6 000 0 7 0000 
02-JUN-2015 09 48034 3 2 4 57 5 18 02 10 287 20 196 3 0000 4 0000 5 0000 6 000 0 7 00 0 0 8 5 8 0 0 333 10 /// 58 000 6 000 0 7 0000 
02-JUN-2015 09 48035 3 1 5 56 7 22 02 10 299 20 207 3 0000 4 0024 5 0000 6 000 0 7 05 2 2 8 4 9 6 1 333 10 /// 58 007 6 000 0 7 0000 
02-JUN-2015 09 48037 3 2 5 60 4 18 01 10 380 20 275 3 0000 4 0028 5 0000 6 000 0 7 00 0 0 8 2 1 3 1 333 10 /// 58 016 6 000 0 7 0000 
02-JUN-2015 09 48039 3 2 4 60 6 14 01 10 363 20 264 3 0000 4 0000 5 0000 6 000 0 7 00 0 0 8 3 1 0 2 333 10 /// 58 000 6 000 0 7 0000 
02-JUN-2015 09 48042 3 2 5 58 6 13 01 10 380 20 255 3 0000 4 0021 5 0000 6 000 0 7 00 0 0 8 3 9 5 2 333 10 /// 59 002 6 000 0 7 0000 
02-JUN-2015 09 48043 3 2 6 58 3 32 05 10 300 20 207 3 0000 4 0000 5 0000 6 000 0 7 00 0 0 8 1 2 0 8 333 10 /// 58 000 6 000 0 7 0000 
02-JUN-2015 09 48048 3 2 5 60 7 22 01 10 392 20 253 3 0000 4 0025 5 0000 6 000 0 7 00 0 0 8 5 9 5 0 333 10 /// 58 009 6 000 0 7 0000 
02-JUN-2015 09 48051 3 2 5 59 6 04 02 10 382 20 260 3 0000 4 0000 5 0000 6 000 0 7 00 0 0 8 5 9 3 0 333 10 /// 58 000 6 000 0 7 0000 
02-JUN-2015 09 48052 3 2 4 68 4 22 01 10 402 20 246 3 0000 4 0000 5 0000 6 000 0 7 00 0 0 8 4 8 0 0 333 10 /// 58 000 6 000 0 7 0000 
02-JUN-2015 09 48053 3 2 4 60 6 18 02 10 365 20 249 3 0000 4 0031 5 0000 6 000 0 7 00 0 0 8 3 9 0 6 333 10 /// 59 003 6 000 0 7 0000 
02-JUN-2015 09 48055 2 2 5 56 6 04 07 10 295 20 219 3 0000 4 0026 5 0000 6 000 0 7 02 9 6 8 5 9 0 1 333 10 /// 58 008 6 000 0 7 0000 
02-JUN-2015 09 48057 3 2 4 58 5 27 01 10 275 20 184 3 0000 4 0000 5 0000 6 000 0 7 00 0 0 8 5 3 0 0 333 10 /// 58 000 6 000 0 7 0000 
02-JUN-2015 09 48060 3 2 4 40 5 27 02 10 383 20 191 3 0000 4 0004 5 0000 6 000 0 7 00 0 0 8 3 9 3 2 333 10 /// 59 015 6 000 0 7 0000 
02-JUN-2015 09 48062 3 2 5 58 5 27 07 10 340 20 290 3 0000 4 0062 5 0000 6 000 0 7 00 0 0 8 3 9 3 2 333 10 /// 58 007 6 000 0 7 0000 
02-JUN-2015 09 48064 3 2 5 70 4 04 01 10 384 20 285 3 0000 4 0020 5 0000 6 000 0 7 00 0 0 8 2 8 0 1 333 10 /// 58 008 6 000 0 7 0000 
02-JUN-2015 09 48065 3 2 5 70 6 14 02 10 385 20 285 3 0000 4 0000 5 0000 6 000 0 7 00 0 0 8 3 8 7 0 333 10 /// 58 000 6 000 0 7 0000 
02-JUN-2015 09 48071 3 2 4 60 3 32 04 10 340 20 257 3 0000 4 0063 5 0000 6 000 0 7 00 0 0 8 3 9 0 0 333 10 /// 59 002 6 000 0 7 0000 
02-JUN-2015 09 48072 3 2 4 60 4 27 04 10 330 20 258 3 0000 4 0000 5 0000 6 000 0 7 00 0 0 8 2 8 3 0 333 10 /// 58 000 6 000 0 7 0000 
02-JUN-2015 09 48074 3 2 4 61 6 04 02 10 364 20 264 3 0000 4 0040 5 0000 6 000 0 7 00 0 0 8 4 9 6 1 333 10 /// 59 009 6 000 0 7 0000 
02-JUN-2015 09 48075 2 1 4 57 7 09 01 10 260 20 220 3 0000 4 0065 5 0000 6 000 0 7 95 9 5 8 5 9 7 0 333 10 /// 58 042 6 000 0 7 0000 
02-JUN-2015 09 48077 3 2 5 59 6 23 02 10 360 20 249 3 0000 4 0041 5 0000 6 000 0 7 00 0 0 8 5 9 0 1 333 10 /// 58 004 6 000 0 7 0000 
02-JUN-2015 09 48078 3 2 5 58 4 18 01 10 351 20 240 3 0000 4 0057 5 0000 6 000 0 7 00 0 0 8 3 3 0 1 333 10 /// 58 002 6 000 0 7 0000 
02-JUN-2015 09 48085 3 1 4 56 7 27 06 10 280 20 268 3 0000 4 0068 5 0000 6 000 0 7 50 9 5 8 5 9 7 0 333 10 /// 58 006 6 000 0 7 0000 
02-JUN-2015 09 48092 2 2 4 58 8 23 04 10 320 20 281 3 0000 4 0051 5 0000 6 000 0 7 00 0 0 8 6 9 7 0 333 10 /// 58 000 6 000 0 7 0000 
02-JUN-2015 09 48093 2 2 5 56 8 23 01 10 306 20 267 3 0000 4 0000 5 0000 6 000 0 7 00 0 0 8 6 3 7 / 333 10 /// 58 000 6 000 0 7 0000 
02-JUN-2015 09 48094 2 1 4 58 7 22 01 10 293 20 270 3 0000 4 0074 5 0000 6 000 0 7 03 6 6 8 5 9 7 0 333 10 /// 58 008 6 000 0 7 0000 
02-JUN-2015 09 48097 2 1 4 57 8 23 01 10 260 20 260 3 0000 4 0076 5 0000 6 000 0 7 50 6 2 8 5 9 9 / 333 10 /// 58 009 6 000 0 7 0000 
02-JUN-2015 09 48099 2 1 4 40 8 23 01 10 255 20 255 3 0000 4 0073 5 0000 6 000 0 7 02 9 6 8 6 9 7 0 333 10 /// 58 003 6 000 0 7 0000 
02-JUN-2015 09 48101 2 1 5 58 8 00 00 10 268 20 256 3 0000 4 0000 5 0000 6 000 0 7 50 9 6 8 5 9 7 / 333 10 /// 58 000 6 000 0 7 0000 
02-JUN-2015 09 48103 2 1 3 56 7 14 02 10 272 20 256 3 0000 4 0076 5 0000 6 000 0 7 20 9 5 8 7 9 0 0 333 10 /// 58 010 6 000 0 7 0000 
02-JUN-2015 09 48107 3 1 3 50 6 32 01 10 310 20 267 3 0000 4 0075 5 0000 6 000 0 7 17 9 9 8 4 9 7 0 333 10 /// 58 001 6 000 0 7 0000 
02-JUN-2015 09 48108 3 2 5 96 6 23 02 10 330 20 266 3 0000 4 0074 5 0000 6 000 0 7 00 0 0 8 3 3 6 6 333 10 /// 59 001 6 000 0 7 0000 
02-JUN-2015 09 48110 3 1 4 96 8 04 02 10 335 20 264 3 0000 4 0082 5 0000 6 000 0 7 02 9 9 8 4 3 0 7 333 10 /// 58 020 6 000 0 7 0000 
