020000 48004 21340 60000 10245 20233 70295 86900 333 20215 56500 69902=
020000 48008 21550 72301 10240 20226 40052 70365 84970 333 20230 56480 58009 60102=
020000 48010 32540 50000 10265 20246 40050 83831 333 20255 56559 58017=
020000 48018 21557 71401 10253 20233 40066 72095 8487/ 333 20245 56559 59010 69902=
020000 48025 22420 50000 10272 20240 40059 82841 333 20268 56669 58017 69902=
020000 48030 21256 32204 10178 20147 70544 82840 333 20150 56560 69902=
020000 48031 32259 62201 10194 20159 84870 333 20180 56460=
020000 48033 32560 61301 10290 20248 40063 84906 333 20270 56909 58007=
020000 48034 21356 80000 10196 20196 79596 8692/ 333 20190 5659/ 60312=
020000 48035 31520 73202 10217 20205 40071 71022 85970 333 20210 56690 58014=
020000 48037 22556 50000 10270 20240 40051 82831 333 20265 56669 58012 60012=
020000 48039 21456 80000 10250 20240 85970 333 20265 56550 60102=
020000 48042 32558 71801 10290 20248 40057 82850 333 20275 56440 58013=
020000 48043 32520 80000 10220 20205 8587/ 333 20191 5659/=
020000 48048 32550 32201 10293 20248 40049 83800 333 20286 56900 58022=
020000 48051 32558 83601 10266 20260 82830 333 20260 56790=
020000 48052 32450 41302 10295 20239 84800 333 20290 56900=
020000 48053 32550 31803 10260 20246 40058 82550 333 20258 56590 59007=
020000 48055 21530 80000 10201 20194 40073 71022 8597/ 333 20194 5659/ 59001 69902=
020000 48057 32456 71401 10202 20185 84350 333 20190 56490=
020000 48060 32430 50000 10227 20214 40066 83830 333 20210 56590 58024=
020000 48062 32456 70000 10280 20270 40076 85970 333 20255 56990 58012=
020000 48064 32950 10401 10286 20259 40048 80001 333 20245 56009 58010=
020000 48065 32950 20000 10280 20268 80006 333 20254 56990=
020000 48071 22456 60000 10280 20268 40073 84970 333 20270 56590 58015=
020000 48074 32457 60000 10263 20246 40081 83550 333 20247 56440 58002=
020000 48075 22456 70000 10235 20230 40098 85850 333 20210 56590 58018=
020000 48077 32556 60000 10270 20256 40066 85901 333 20248 56409 58013=
020000 48078 32550 41801 10266 20243 40084 83501 333 20245 56409 58009=
020000 48080 21456 70402 10253 20233 40082 75065 82870 333 20240 56590 58008 60052=
020000 48085 31456 60000 10265 20263 40069 83839 333 20264 56799 58006=
020000 48087 32550 40000 10256 20246 82841 333 20245 56999=
020000 48092 31550 80000 10260 20260 40064 70522 84370 333 20250 56990 58009=
020000 48093 21550 80000 10268 20256 86355 333 20258 56599 60012=
020000 48094 21456 70000 10260 20255 40072 72165 85970 333 20210 56590 58004 60032=
020000 48096 32456 72202 10270 20256 40076 84970 333 20250 56990 58002=
020000 48097 32556 70000 10265 20243 40080 85830 333 20250 56990 59004=
020000 48099 22450 41301 10260 20246 40077 83930 333 20246 56490 58008=
020000 48101 21556 70000 10270 20256 75022 85930 333 20235 56590=
020000 48103 21340 73202 10252 20250 40080 70355 85730 333 20248 56550 58002 69902=
020000 48107 21330 72301 10250 20250 40087 70196 84970 333 20242 56550 58013 60052=
020000 48108 21495 71301 10253 20248 40095 71755 84977 333 20236 56379 58011 60012=
020000 48109 32496 40000 10288 20259 40086 84900 333 20212 56900 58002=
020000 48110 21596 81802 10250 20233 40095 70299 83357 333 20245 56599 58012 60052=
020000 48112 21597 82701 10260 20246 40098 70152 83876 333 20206 56699 58015 60042=  48001 NIL=
020000 48004 32458 63201 10328 20256 86900 333 56500=
020000 48008 32550 80000 10305 20237 40056 84970 333 56450 59007=
020000 48010 32558 31802 10360 20249 40033 83100 333 56500 59003=
020000 48018 32560 32202 10310 20254 40062 70111 81162 333 56556 59012=
020000 48019 32460 11401 10297 20166 40059 81100 333 56400 59009=
020000 48020 32358 21802 10345 20240 82800 333 56500=
020000 48025 32456 31401 10357 20249 40047 82840 333 56990 59019=
020000 48035 31550 82202 10281 20220 40053 70522 8597/ 333 56569 58018=
020000 48037 32560 31801 10350 20240 40038 83100 333 56600 59012=
020000 48042 32558 21303 10350 20239 40045 82200 333 56400 59002=
020000 48048 32560 22201 10374 20227 40046 82800 333 56900 59008=
020000 48051 32559 31302 10350 20270 70211 83800 333 56500=
020000 48053 32456 51804 10330 20275 40060 84950 333 56590 59002=
020000 48060 32440 50000 10317 20215 40032 83930 333 56560 59011=
020000 48062 32558 61803 10325 20290 40067 84920 333 56490 59009=
020000 48071 21460 63202 10298 20266 40074 72162 84970 333 56990 59009=
020000 48075 32558 42202 10310 20230 40061 84800 333 56300 59009=
020000 48077 32559 52301 10336 20257 40056 84901 333 56409 59011=
020000 48078 32558 41401 10324 20253 40073 83801 333 56509 59014=
020000 48080 32460 72204 10320 20265 40078 84870 333 56490 59003=
020000 48085 32458 52705 10318 20265 40074 84901 333 56509 59012=
020000 48095 32458 72202 10330 20275 70322 83920 333 56990=
020000 48108 21598 72302 10320 20256 40091 75022 84976 333 56579 59012=
020000 48110 21596 53203 10340 20270 40086 70255 83306 333 56509 59014=
020000 48112 32598 82702 10340 20270 40089 82216 333 56699 59017=
020000 48030 31256 42202 10258 20120 70544 84800 333 56500=
020000 48072 32460 71802 10310 20207 70122 84930 333 56590=
020000 48087 32560 62303 10340 20257 83341 333 56499=
020000 48099 21330 80000 10270 20256 40085 79596 86970 333 56990 59005=
020000 48101 31558 82303 10298 20239 75092 8597/ 333 5659/=
020000 48103 21456 70401 10277 20260 40082 70396 86930 333 56110 59021=
020000 48057 32458 53202 10260 20179 83306 333 56609=
020000 48094 32459 42201 10310 20270 40066 85940 333 56990 59007=
020000 48097 32557 62303 10325 20262 40088 84806 333 56909 59002=
020000 48031 32260 20901 10280 20158 82200 333 56900=
020000 48033 32563 41801 10340 20240 40052 84800 333 56400 58010=
020000 48034 32456 62302 10257 20215 86300 333 56500=
020000 48039 32460 21401 10335 20248 82100 333 56400=
020000 48043 32658 31807 10280 20203 82230 333 56590 48045=
020000 32558 31403 ///// 10281 20184 83800 333 56500=
020000 48052 32470 22201 10388 20233 82200 333 56900=
020000 48055 32556 61303 10304 20216 40036 85801 333 56509 59012=
020000 48064 32470 50401 10369 20291 40028 84801 333 56409 59015=
020000 48065 32557 52201 10372 20258 84530 333 56990=
020000 48074 32460 52204 10323 20248 40066 84860 333 56440 59028=
020000 48092 32458 83202 10305 20254 40062 70322 86970 333 56990 59004=
020000 48093 32557 42701 10306 20254 83801 333 56509=
020000 48107 32350 42701 10334 20258 40081 84900 333 56500 59011=  
