48001 NIL=
48004 32460 51301 10343 20240 85900 333 56500=
48008 32457 61801 10302 20239 40060 83970 333 56450 58006=
48010 32560 33601 10340 20257 40051 82101 333 56606 58018=
48018 32560 61401 10305 20239 40063 83872 333 56559 58001=
48019 32950 32601 10326 20258 40056 80006 333 56004 59002=
48020 32460 22703 10350 20240 81101 333 56509=
48025 32456 30901 10370 20225 40051 82541 333 56699 58004=
48030 31257 32202 10264 20160 70544 82840 333 56560=
48031 32959 01401 10285 20158 333=
48033 32563 41801 10350 20237 40052 84800 333 56400 58000=
48034 32457 60402 10262 20229 86300 333 56500=
48035 32559 72202 10287 20230 40048 84961 333 56569 59004=
48037 32562 51801 10352 20240 40061 82131 333 56659 58023=
48039 32460 30401 10340 20240 82802 333 56505=
48042 32558 51803 10356 20268 40051 82252 333 56449 58006=
48043 32658 31805 10290 20215 82230 333 56590=
48045 32561 31801 10294 20179 82801 333 56909=
48048 32560 31801 10374 20246 40053 83800 333 56900 58007=
48051 32559 43101 10316 20240 83830 333 56390=
48052 32468 32201 10374 20246 83800 333 56900=
48053 32456 51804 10350 20254 40066 84806 333 56409 58006=
48055 32556 61303 10302 20207 40027 85901 333 56509 59012=
48057 32458 52202 10270 20191 84301 333 56509=
48060 32440 50000 10338 20184 40024 83832 333 56566 59008=
48062 32558 32304 10300 20290 40076 83900 333 56900 58009=
48064 32570 30401 10374 20291 40045 82801 333 56409 58017=
48065 32570 40000 10377 20246 82831 333 56999=
48071 32460 33202 10330 20275 40078 83800 333 56900 58002=
48072 32460 60404 10330 20275 84930 333 56590=
48074 32461 41403 10336 20257 40072 83501 333 56409 58023=
48075 32457 41402 10310 20240 40074 84800 333 56500 58014=
48077 32559 62302 10350 20240 40064 85901 333 56409 58008=
48078 32557 51801 10331 20258 40078 84801 333 56409 58005=
48080 32460 52202 10330 20258 40078 83870 333 56690 58000=
48085 31458 52703 10320 20281 40079 71799 84906 333 56909 58005=
48087 32558 62302 10328 20258 84370 333 56490=
48092 22457 50503 10305 20267 40073 85900 333 56900 58011=
48093 21657 81401 10296 20253 70255 8637/ 333 56599=
48094 21457 80000 10265 20260 40095 76066 8597/ 333 5669/ 58017=
48095 32458 72201 10330 20291 83940 333 56990=
48096 32457 72104 10310 20237 40095 85930 333 56990 58013=
48097 32557 61301 10310 20267 40091 86300 333 56900 58003=
48099 21450 82301 10314 20254 40082 79595 86930 333 56590 59003=
48101 32560 72301 10325 20265 84325 333 56999=
48103 21356 72203 10272 20240 40094 75055 87700 333 56500 58011=
48107 32350 42701 10314 20267 40092 84900 333 56550 58011=
48108 31596 72303 10315 20251 40093 70299 83366 333 56679 58002=
48109 NIL=
48110 32596 73203 10330 20275 40096 83306 333 56509 58010=
48112 21598 62201 10307 20254 40106 70152 82216 333 56599 58017=  