48001 21456 82701 10290 20215 40094 70355 8497/ 333 56119 58032=
48004 32460 50401 10320 20215 85900 333 56500=
48008 32558 53201 10352 20202 40065 83930 333 56770 58007=
48010 32560 61801 10325 20236 40066 83831 333 56566 58000=
48018 32558 63202 10373 20190 40061 70322 82871 333 56556 59004=
48019 32460 61801 10370 20246 40043 82200 333 56400 59014=
48020 22250 80000 10305 20225 75095 889// 333 56599=
48025 21430 83202 10370 20207 40056 79296 8597/ 333 56569 59003=
48035 31558 52201 10325 20212 40021 70522 83960 333 56790 59007=
48037 32560 23601 10404 20196 40040 82100 333 56600 59003=
48042 32558 20901 10412 20210 40046 82800 333 56500 58000=
48045 31556 51802 10292 20092 70444 85300 333 56500=
48048 32560 23201 10420 20185 40051 82800 333 56900 58004=
48051 32559 51302 10370 20250 70222 84830 333 56590=
48053 32556 52201 10390 20233 40048 83952 333 56599 58007=
48060 32456 10000 10340 20184 40032 70122 81100 333 56500 58002=
48062 32558 22309 10330 20290 40094 70100 82900 333 56500 59005=
48071 32960 03204 10338 20270 40083 333 59005=
48075 32457 51301 10325 20192 40047 83831 333 56599 59006=
48077 32559 30000 10390 20213 40042 82901 333 56909 59001=
48078 32558 31802 10392 20260 40055 82201 333 56409 59003=
48080 32460 32706 10360 20246 40062 83900 333 56790 59011=
48085 32458 43207 10338 20258 40079 83805 333 56709 58000=
48095 32558 52202 10390 20286 70322 83840 333 56990=
48108 32596 53212 10350 20280 40079 84306 333 56609 59001=
48109 NIL=
48110 32496 83203 10315 20266 40084 84307 333 56909 58002=
48112 32597 80405 10360 20278 40080 70322 83876 333 56199 59005=
48030 32356 62201 10236 20174 86900 333 56500=
48072 32460 12705 10340 20288 70122 81200 333 56900=
48087 32558 62302 10360 20214 70322 83370 333 56590=
48099 32458 32302 10360 20235 40061 83300 333 56500 59007=
48101 32560 22702 10362 20235 70111 82200 333 56600=
48103 32457 21402 10362 20235 40065 82800 333 56300 59008=
48057 32460 31402 10290 20140 83300 333 56500=
48094 32462 23203 10360 20250 40076 70311 82800 333 56900 58002=
48097 32557 33602 10320 20240 40068 83800 333 56900 59011=
48031 21257 80401 10183 20147 76066 883// 333 56499=
48033 32563 23601 10395 20214 40031 82500 333 56800 59015=
48034 32457 23201 10310 20169 70111 83800 333 56100=
48039 32460 10000 10389 20198 81100 333 56500=
48043 32659 13207 10310 20146 81200 333 56900=
48052 32468 22201 10400 20225 82200 333 56900=
48055 32556 53602 10333 20172 40020 70211 85300 333 56500 59004=
48064 32970 01401 10416 20240 40041 333 58015=
48065 32970 00000 10415 20202 333 /////=
48074 32562 12202 10385 20221 40063 81100 333 56900 58000=
48092 32458 32306 10390 20243 40039 70222 83100 333 56900 58000=
48093 NIL=
48107 32350 43202 10350 20237 40073 84900 333 56700 59001=  48001 21456 82701 10290 20215 40094 70355 8497/ 333 56119 58032=
48004 32460 50401 10320 20215 85900 333 56500=
48008 32558 53201 10352 20202 40065 83930 333 56770 58007=
48010 32560 61801 10325 20236 40066 83831 333 56566 58000=
48018 32558 63202 10373 20190 40061 70322 82871 333 56556 59004=
48019 32460 61801 10370 20246 40043 82200 333 56400 59014=
48020 22250 80000 10305 20225 75095 889// 333 56599=
48025 21430 83202 10370 20207 40056 79296 8597/ 333 56569 59003=
48030 32356 62201 10236 20174 86900 333 56500=
48031 21257 80401 10183 20147 76066 883// 333 56499=
48033 32563 23601 10395 20214 40031 82500 333 56800 59015=
48034 32457 23201 10310 20169 70111 83800 333 56100=
48035 31558 52201 10325 20212 40021 70522 83960 333 56790 59007=
48037 32560 23601 10404 20196 40040 82100 333 56600 59003=
48039 32460 10000 10389 20198 81100 333 56500=
48042 32558 20901 10412 20210 40046 82800 333 56500 58000=
48043 32659 13207 10310 20146 81200 333 56900=
48045 31556 51802 10292 20092 70444 85300 333 56500=
48048 32560 23201 10420 20185 40051 82800 333 56900 58004=
48051 32559 51302 10370 20250 70222 84830 333 56590=
48052 32468 22201 10400 20225 82200 333 56900=
48053 32556 52201 10390 20233 40048 83952 333 56599 58007=
48055 32556 53602 10333 20172 40020 70211 85300 333 56500 59004=
48057 32460 31402 10290 20140 83300 333 56500=
48060 32456 10000 10340 20184 40032 70122 81100 333 56500 58002=
48062 32558 22309 10330 20290 40094 70100 82900 333 56500 59005=
48064 32970 01401 10416 20240 40041 333 58015=
48065 32970 00000 10415 20202 333 /////=
48071 32960 03204 10338 20270 40083 333 59005=
48072 32460 12705 10340 20288 70122 81200 333 56900=
48074 32562 12202 10385 20221 40063 81100 333 56900 58000=
48075 32457 51301 10325 20192 40047 83831 333 56599 59006=
48077 32559 30000 10390 20213 40042 82901 333 56909 59001=
48078 32558 31802 10392 20260 40055 82201 333 56409 59003=
48080 32460 32706 10360 20246 40062 83900 333 56790 59011=
48085 32458 43207 10338 20258 40079 83805 333 56709 58000=
48087 32558 62302 10360 20214 70322 83370 333 56590=
48092 32458 32306 10390 20243 40039 70222 83100 333 56900 58000=
48093 NIL=
48094 32462 23203 10360 20250 40076 70311 82800 333 56900 58002=
48095 32558 52202 10390 20286 70322 83840 333 56990=
48097 32557 33602 10320 20240 40068 83800 333 56900 59011=
48099 32458 32302 10360 20235 40061 83300 333 56500 59007=
48101 32560 22702 10362 20235 70111 82200 333 56600=
48103 32457 21402 10362 20235 40065 82800 333 56300 59008=
48107 32350 43202 10350 20237 40073 84900 333 56700 59001=
48108 32596 53212 10350 20280 40079 84306 333 56609 59001=
48109 NIL=
48110 32496 83203 10315 20266 40084 84307 333 56909 58002=
48112 32597 80405 10360 20278 40080 70322 83876 333 56199 59005=  48001 21456 82701 10290 20215 40094 70355 8497/ 333 56119 58032=
48004 32460 50401 10320 20215 85900 333 56500=
48008 32558 53201 10352 20202 40065 83930 333 56770 58007=
48010 32560 61801 10325 20236 40066 83831 333 56566 58000=
48018 32558 63202 10373 20190 40061 70322 82871 333 56556 59004=
48019 32460 61801 10370 20246 40043 82200 333 56400 59014=
48020 22250 80000 10305 20225 75095 889// 333 56599=
48025 21430 83202 10370 20207 40056 79296 8597/ 333 56569 59003=
48030 32356 62201 10236 20174 86900 333 56500=
48031 21257 80401 10183 20147 76066 883// 333 56499=
48033 32563 23601 10395 20214 40031 82500 333 56800 59015=
48034 32457 23201 10310 20169 70111 83800 333 56100=
48035 31558 52201 10325 20212 40021 70522 83960 333 56790 59007=
48037 32560 23601 10404 20196 40040 82100 333 56600 59003=
48039 32460 10000 10389 20198 81100 333 56500=
48042 32558 20901 10412 20210 40046 82800 333 56500 58000=
48043 32659 13207 10310 20146 81200 333 56900=
48045 31556 51802 10292 20092 70444 85300 333 56500=
48048 32560 23201 10420 20185 40051 82800 333 56900 58004=
48051 32559 51302 10370 20250 70222 84830 333 56590=
48052 32468 22201 10400 20225 82200 333 56900=
48053 32556 52201 10390 20233 40048 83952 333 56599 58007=
48055 32556 53602 10333 20172 40020 70211 85300 333 56500 59004=
48057 32460 31402 10290 20140 83300 333 56500=
48060 32456 10000 10340 20184 40032 70122 81100 333 56500 58002=
48062 32558 22309 10330 20290 40094 70100 82900 333 56500 59005=
48064 32970 01401 10416 20240 40041 333 58015=
48065 32970 00000 10415 20202 333 /////=
48071 32960 03204 10338 20270 40083 333 59005=
48072 32460 12705 10340 20288 70122 81200 333 56900=
48074 32562 12202 10385 20221 40063 81100 333 56900 58000=
48075 32457 51301 10325 20192 40047 83831 333 56599 59006=
48077 32559 30000 10390 20213 40042 82901 333 56909 59001=
48078 32558 31802 10392 20260 40055 82201 333 56409 59003=
48080 32460 32706 10360 20246 40062 83900 333 56790 59011=
48085 32458 43207 10338 20258 40079 83805 333 56709 58000=
48087 32558 62302 10360 20214 70322 83370 333 56590=
48092 32458 32306 10390 20243 40039 70222 83100 333 56900 58000=
48093 NIL=
48094 32462 23203 10360 20250 40076 70311 82800 333 56900 58002=
48095 32558 52202 10390 20286 70322 83840 333 56990=
48097 32557 33602 10320 20240 40068 83800 333 56900 59011=
48099 32458 32302 10360 20235 40061 83300 333 56500 59007=
48101 32560 22702 10362 20235 70111 82200 333 56600=
48103 32457 21402 10362 20235 40065 82800 333 56300 59008=
48107 32350 43202 10350 20237 40073 84900 333 56700 59001=
48108 32596 53212 10350 20280 40079 84306 333 56609 59001=
48109 NIL=
48110 32496 83203 10315 20266 40084 84307 333 56909 58002=
48112 32597 80405 10360 20278 40080 70322 83876 333 56199 59005=  