02-MAR-2015 00 48008 3 1 5 10 6 00 00 10 250 20 205 3 0000 4 0113 5 0000 6 000 0 7 10 4 4 8 3 9 7 0 333 10 /// 58 000 6 000 0 7 0000 
02-MAR-2015 00 48010 3 2 5 01 4 00 00 10 260 20 246 3 0000 4 0083 5 0000 6 000 0 7 00 0 0 8 2 8 3 0 333 10 /// 59 032 6 000 0 7 0000 
02-MAR-2015 00 48018 3 2 5 20 7 00 00 10 225 20 185 3 0000 4 0139 5 0000 6 000 0 7 00 0 0 8 4 8 7 0 333 10 /// 58 007 6 000 0 7 0000 
02-MAR-2015 00 48019 3 2 5 40 1 00 00 10 171 20 170 3 0000 4 0118 5 0000 6 000 0 7 00 0 0 8 0 0 0 2 333 20 169 59 011 6 000 2 7 0000 
02-MAR-2015 00 48025 3 1 9 05 2 22 02 10 252 20 186 3 0000 4 0121 5 0000 6 000 0 7 05 4 4 8 3 5 0 0 333 10 /// 58 001 6 000 0 7 0000 
02-MAR-2015 00 48033 3 2 9 60 0 33 01 10 210 20 175 3 0000 4 0103 5 0000 6 000 0 7 00 0 0 8 0 0 0 0 333 20 190 59 011 6 000 2 7 0000 
02-MAR-2015 00 48035 3 1 5 30 3 00 00 10 101 20 079 3 0000 4 0158 5 0000 6 000 0 7 10 0 0 8 2 8 0 1 333 20 094 59 014 6 000 2 7 0000 
02-MAR-2015 00 48037 3 1 6 10 1 00 00 10 198 20 168 3 0000 4 0095 5 0000 6 000 0 7 03 4 4 8 0 0 0 1 333 20 190 58 002 6 000 2 7 0000 
02-MAR-2015 00 48042 3 2 9 56 0 00 00 10 240 20 174 3 0000 4 0107 5 0000 6 000 0 7 00 0 0 8 0 0 0 0 333 10 /// 59 002 6 000 0 7 0000 
02-MAR-2015 00 48048 3 2 9 40 0 00 00 10 182 20 147 3 0000 4 0114 5 0000 6 000 0 7 00 0 0 8 0 0 0 0 333 20 175 58 000 6 000 2 7 0000 
02-MAR-2015 00 48053 3 2 9 40 0 00 00 10 220 20 136 3 0000 4 0130 5 0000 6 000 0 7 00 0 0 8 0 0 0 0 333 10 /// 58 006 6 000 0 7 0000 
02-MAR-2015 00 48055 3 1 9 20 0 00 00 10 082 20 078 3 0000 4 0179 5 0000 6 000 0 7 10 0 0 8 0 0 0 0 333 20 075 59 009 6 000 2 7 0000 
02-MAR-2015 00 48057 3 2 9 58 0 14 02 10 166 20 135 3 0000 4 0000 5 0000 6 000 0 7 00 0 0 8 0 0 0 0 333 10 /// 58 000 6 000 0 7 0000 
02-MAR-2015 00 48060 3 2 9 10 0 00 00 10 130 20 113 3 0000 4 0160 5 0000 6 000 0 7 00 0 0 8 0 0 0 0 333 10 /// 58 005 6 000 0 7 0000 
02-MAR-2015 00 48062 3 1 9 02 0 00 00 10 220 20 220 3 0000 4 0133 5 0000 6 000 0 7 40 4 4 8 0 0 0 0 333 10 /// 58 007 6 000 0 7 0000 
02-MAR-2015 00 48064 3 2 9 50 0 04 01 10 174 20 135 3 0000 4 0103 5 0000 6 000 0 7 00 0 0 8 0 0 0 0 333 20 130 58 001 6 000 2 7 0000 
02-MAR-2015 00 48071 3 2 9 30 0 32 01 10 255 20 246 3 0000 4 0121 5 0000 6 000 0 7 00 0 0 8 0 0 0 0 333 10 /// 59 002 6 000 0 7 0000 
02-MAR-2015 00 48074 3 2 9 50 0 00 00 10 180 20 129 3 0000 4 0120 5 0000 6 000 0 7 00 0 0 8 0 0 0 0 333 20 166 58 000 6 000 2 7 0000 
02-MAR-2015 00 48075 3 1 9 56 0 00 00 10 120 20 120 3 0000 4 0185 5 0000 6 000 0 7 10 2 2 8 0 0 0 0 333 20 110 59 000 6 000 2 7 0000 
02-MAR-2015 00 48077 3 1 9 56 0 00 00 10 204 20 168 3 0000 4 0100 5 0000 6 000 0 7 10 0 0 8 0 0 0 0 333 20 170 59 009 6 000 2 7 0000 
02-MAR-2015 00 48078 3 2 9 50 1 18 01 10 220 20 146 3 0000 4 0118 5 0000 6 000 0 7 00 0 0 8 0 0 0 1 333 10 /// 58 009 6 000 0 7 0000 
02-MAR-2015 00 48080 3 2 9 50 0 22 01 10 235 20 191 3 0000 4 0149 5 0000 6 000 0 7 00 0 0 8 0 0 0 0 333 10 /// 58 010 6 000 0 7 0000 
02-MAR-2015 00 48085 3 1 4 50 1 14 02 10 212 20 195 3 0000 4 0117 5 0000 6 000 0 7 42 4 4 8 1 8 0 0 333 20 210 58 004 6 000 2 7 0000 
02-MAR-2015 00 48092 3 1 4 56 5 13 01 10 210 20 168 3 0000 4 0094 5 0000 6 000 0 7 05 2 2 8 3 3 3 0 333 20 190 59 008 6 000 0 7 0000 
02-MAR-2015 00 48093 3 2 9 40 0 00 00 10 218 20 205 3 0000 4 0000 5 0000 6 000 0 7 00 0 0 8 0 0 0 0 333 20 185 58 000 6 000 0 7 0000 
02-MAR-2015 00 48094 3 2 9 50 0 00 00 10 246 20 240 3 0000 4 0120 5 0000 6 000 0 7 00 0 0 8 0 0 0 0 333 10 /// 58 001 6 000 0 7 0000 
02-MAR-2015 00 48096 3 2 5 56 5 24 03 10 230 20 181 3 0000 4 0113 5 0000 6 000 0 7 03 2 2 8 3 4 4 0 333 20 230 59 002 6 000 0 7 0000 
02-MAR-2015 00 48097 3 2 9 56 0 23 01 10 250 20 176 3 0000 4 0127 5 0000 6 000 0 7 00 0 0 8 0 0 0 0 333 10 /// 59 010 6 000 0 7 0000 
02-MAR-2015 00 48099 3 2 3 30 2 27 01 10 244 20 209 3 0000 4 0102 5 0000 6 000 0 7 00 0 0 8 2 8 0 0 333 10 /// 59 024 6 000 0 7 0000 
02-MAR-2015 00 48103 3 2 4 40 3 04 01 10 293 20 230 3 0000 4 0097 5 0000 6 000 0 7 00 0 0 8 3 5 0 0 333 10 /// 58 003 6 000 0 7 0000 
02-MAR-2015 00 48107 3 1 3 30 4 13 01 10 228 20 214 3 0000 4 0113 5 0000 6 000 0 7 41 4 4 8 4 9 0 0 333 20 219 58 003 6 000 2 7 0000 
02-MAR-2015 00 48108 3 2 5 95 4 14 01 10 280 20 233 3 0000 4 0130 5 0000 6 000 0 7 00 0 0 8 2 4 0 6 333 10 /// 58 008 6 000 0 7 0000 
02-MAR-2015 00 48109 3 2 9 95 0 00 00 10 250 20 233 3 0000 4 0118 5 0000 6 000 0 7 02 2 2 8 0 0 0 0 333 10 /// 58 006 6 000 0 7 0000 
02-MAR-2015 00 48110 3 1 5 94 4 36 04 10 270 20 256 3 0000 4 0128 5 0000 6 000 0 7 05 2 2 8 2 3 0 6 333 10 /// 58 001 6 000 0 7 0000 
02-MAR-2015 00 48112 3 2 5 97 6 04 02 10 281 20 233 3 0000 4 0114 5 0000 6 000 0 7 00 0 0 8 2 8 7 6 333 10 /// 58 006 6 000 0 7 0000 
