020600 48095 32960 10000 10370 20227 70200 80002 333 56009=  48001 NIL=
020600 48004 32460 53201 10315 20215 85900 333 56500=
020600 48008 32558 31401 10330 20191 40082 82230 333 56430 59004=
020600 48010 32560 41801 10300 20223 40089 83830 333 56660 58000=
020600 48018 32560 51401 10355 20182 40096 70322 84871 333 56559 58006=
020600 48019 32460 12301 10350 20266 40077 81200 333 56600 59007=
020600 48020 32358 40402 10310 20237 84200 333 56500=
020600 48025 32456 40401 10347 20219 40077 82541 333 56659 59012=
020600 48035 32558 61202 10306 20225 40066 84960 333 56790 58001=
020600 48037 32558 11802 10380 20187 40074 81100 333 56600 59012=
020600 48042 32557 21802 10385 20208 40077 82800 333 56500 58002=
020600 48045 31560 41403 10300 20098 70444 84800 333 56600=
020600 48048 32960 00401 10385 20203 40084 333 58004=
020600 48051 32460 20402 10340 20240 70311 82300 333 56900=
020600 48053 32556 33201 10360 20214 40073 83900 333 56500 59004=
020600 48060 32456 33201 10325 20178 40048 70222 83100 333 56500 59032=
020600 48062 32558 32303 10330 20300 40104 70100 82900 333 56500 59007=
020600 48071 32460 13203 10330 20258 40108 81200 333 56900 58000=
020600 48075 32457 63201 10305 20205 40076 85330 333 56590 59000=
020600 48077 32559 20000 10370 20207 40085 81201 333 56909 58003=
020600 48078 32558 32303 10368 20227 40091 82801 333 56409 58011=
020600 48080 32461 42215 10354 20297 40106 84200 333 56600 58016=
020600 48085 32458 33204 10338 20258 40101 82805 333 56909 58002=
020600 48095 32960 10000 10370 20227 70200 80002 333 56009=
020600 48108 32596 53205 10355 20265 40103 84306 333 56609 58005=
020600 48110 32596 73203 10335 20257 40109 83306 333 56909 58010=
020600 48112 32598 60402 10365 20285 40112 70122 82216 333 56199 58000=
020600 48030 32356 42204 10228 20143 84800 333 56500=
020600 48087 32560 22302 10370 20227 82200 333 56900=
020600 48099 32457 53203 10358 20249 40086 85900 333 56700 59005=
020600 48101 32560 43202 10350 20240 70322 84300 333 56600=
020600 48103 32457 31401 10357 20249 40094 83800 333 56300 59003=
020600 48057 32458 43202 10280 20146 84300 333 56500=
020600 48094 32460 23203 10350 20240 40095 70311 82800 333 56900 58002=
020600 48097 32557 32301 10355 20244 40093 83800 333 56900 59001=
020600 48031 32260 40901 10250 20167 84800 333 56400=
020600 48033 32563 13201 10380 20221 40069 81100 333 56900 59006=
020600 48034 32457 52302 10292 20179 85800 333 56500=
020600 48039 32460 11401 10363 20214 81100 333 56600=
020600 48043 32658 23206 10295 20166 82200 333 56900=
020600 48052 32470 23601 10400 20230 82200 333 56900=
020600 48055 32556 52303 10310 20189 40056 70311 85300 333 56500 58004=
020600 48064 32970 01401 10400 20269 40062 333 59010=
020600 48065 32970 02205 10395 20214=
020600 48074 32560 13202 10354 20219 40098 81100 333 56600 58001=
020600 48092 32457 32304 10370 20207 40074 70322 82800 333 56900 58006=
020600 48093 32658 21401 10367 20227 82800 333 56300=
020600 48107 32350 62701 10339 20257 40095 84970 333 56770 58001=  
