02-MAR-2015 12 48001 3 1 4 50 7 00 00 10 246 20 191 3 0000 4 0113 5 0000 6 000 0 7 03 2 2 8 4 9 7 0 333 10 265 59 018 6 000 0 7 0000 
02-MAR-2015 12 48004 3 2 2 20 7 22 01 10 291 20 230 3 0000 4 0000 5 0000 6 000 0 7 00 0 0 8 4 9 0 0 333 10 319 58 000 6 000 0 7 0000 
02-MAR-2015 12 48008 3 1 5 50 4 00 00 10 308 20 203 3 0000 4 0077 5 0000 6 000 0 7 10 4 4 8 2 4 3 0 333 10 348 59 036 6 000 0 7 0000 
02-MAR-2015 12 48010 3 2 5 40 4 00 00 10 305 20 207 3 0000 4 0071 5 0000 6 000 0 7 00 0 0 8 0 0 3 1 333 10 352 59 037 6 000 0 7 0000 
02-MAR-2015 12 48018 3 1 5 58 4 00 00 10 320 20 215 3 0000 4 0080 5 0000 6 000 0 7 10 4 4 8 4 8 0 0 333 10 350 59 031 6 000 0 7 0000 
02-MAR-2015 12 48019 3 2 9 50 0 00 00 10 302 20 239 3 0000 4 0075 5 0000 6 000 0 7 00 0 0 8 0 0 0 0 333 10 345 59 030 6 000 0 7 0000 
02-MAR-2015 12 48020 3 2 9 56 0 00 00 10 330 20 234 3 0000 4 0000 5 0000 6 000 0 7 00 0 0 8 0 0 0 0 333 10 370 58 000 6 000 0 7 0000 
02-MAR-2015 12 48025 3 2 4 56 1 00 00 10 354 20 158 3 0000 4 0063 5 0000 6 000 0 7 05 4 4 8 1 5 0 0 333 10 373 59 032 6 000 0 7 0000 
02-MAR-2015 12 48030 3 1 2 56 3 22 07 10 212 20 051 3 0000 4 0000 5 0000 6 000 0 7 05 4 4 8 2 3 0 3 333 10 247 58 000 6 000 0 7 0000 
02-MAR-2015 12 48031 3 1 2 56 1 14 01 10 230 20 045 3 0000 4 0000 5 0000 6 000 0 7 05 1 1 8 1 2 0 0 333 10 280 58 000 6 000 0 7 0000 
02-MAR-2015 12 48033 3 2 9 62 0 00 00 10 350 20 237 3 0000 4 0072 5 0000 6 000 0 7 00 0 0 8 0 0 0 0 333 10 382 59 013 6 000 0 7 0000 
02-MAR-2015 12 48034 3 2 9 56 0 00 00 10 252 20 126 3 0000 4 0000 5 0000 6 000 0 7 00 0 0 8 0 0 0 0 333 10 315 58 000 6 000 0 7 0000 
02-MAR-2015 12 48035 3 1 9 40 0 22 03 10 284 20 000 3 0000 4 0000 5 0000 6 000 0 7 00 0 0 8 0 0 0 0 333 10 /// 58 000 6 000 0 7 0000 
02-MAR-2015 12 48037 3 1 9 56 3 00 01 10 349 20 237 3 0000 4 0062 5 0000 6 000 0 7 05 4 4 8 0 0 0 1 333 10 393 58 000 6 000 0 7 0000 
02-MAR-2015 12 48039 3 2 4 59 3 00 00 10 332 20 212 3 0000 4 0000 5 0000 6 000 0 7 00 0 0 8 2 4 0 0 333 10 384 58 000 6 000 0 7 0000 
02-MAR-2015 12 48042 3 2 9 57 0 00 00 10 346 20 202 3 0000 4 0064 5 0000 6 000 0 7 00 0 0 8 0 0 0 0 333 10 310 59 026 6 000 0 7 0000 
02-MAR-2015 12 48043 3 2 0 20 0 00 00 10 250 20 068 3 0000 4 0000 5 0000 6 000 0 7 00 0 0 8 0 0 0 0 333 10 310 58 000 6 000 0 7 0000 
02-MAR-2015 12 48045 3 2 5 58 3 18 08 10 252 20 105 3 0000 4 0000 5 0000 6 000 0 7 00 0 0 8 2 8 4 0 333 10 302 58 000 6 000 0 7 0000 
02-MAR-2015 12 48048 3 2 9 40 0 36 01 10 342 20 225 3 0000 4 0063 5 0000 6 000 0 7 00 0 0 8 0 0 0 0 333 10 400 59 024 6 000 0 7 0000 
02-MAR-2015 12 48051 3 2 9 58 0 31 03 10 323 20 200 3 0000 4 0000 5 0000 6 000 0 7 00 0 0 8 0 0 0 0 333 10 380 58 000 6 000 0 7 0000 
02-MAR-2015 12 48052 3 2 9 50 0 22 02 10 385 20 154 3 0000 4 0000 5 0000 6 000 0 7 00 0 0 8 0 0 0 0 333 10 415 58 000 6 000 0 7 0000 
02-MAR-2015 12 48053 3 2 9 50 0 27 01 10 350 20 182 3 0000 4 0062 5 0000 6 000 0 7 00 0 0 8 0 0 0 0 333 10 400 59 023 6 000 0 7 0000 
02-MAR-2015 12 48055 3 1 9 56 0 18 03 10 301 20 124 3 0000 4 0058 5 0000 6 000 0 7 05 0 0 8 0 0 0 0 333 10 348 59 028 6 000 0 7 0000 
02-MAR-2015 12 48057 3 2 5 97 0 14 01 10 248 20 105 3 0000 4 0000 5 0000 6 000 0 7 00 0 0 8 0 0 0 0 333 10 304 58 000 6 000 0 7 0000 
02-MAR-2015 12 48060 3 2 9 20 0 00 00 10 280 20 146 3 0000 4 0061 5 0000 6 000 0 7 00 0 0 8 0 0 0 0 333 10 340 59 048 6 000 0 7 0000 
02-MAR-2015 12 48062 3 1 5 56 2 27 06 10 290 20 260 3 0000 4 0108 5 0000 6 000 0 7 05 0 0 8 2 5 0 0 333 10 315 58 002 6 000 0 7 0000 
02-MAR-2015 12 48064 3 2 9 50 0 32 01 10 370 20 203 3 0000 4 0047 5 0000 6 000 0 7 00 0 0 8 0 0 0 0 333 10 395 59 034 6 000 0 7 0000 
02-MAR-2015 12 48065 3 2 9 50 0 22 05 10 360 20 195 3 0000 4 0000 5 0000 6 000 0 7 00 0 0 8 0 0 0 0 333 10 410 58 000 6 000 0 7 0000 
02-MAR-2015 12 48071 3 2 9 56 0 32 02 10 285 20 248 3 0000 4 0105 5 0000 6 000 0 7 00 0 0 8 0 0 0 0 333 10 310 59 005 6 000 0 7 0000 
02-MAR-2015 12 48072 3 2 5 97 0 27 04 10 280 20 250 3 0000 4 0000 5 0000 6 000 0 7 00 0 0 8 0 0 0 0 333 10 330 58 000 6 000 0 7 0000 
02-MAR-2015 12 48074 3 2 4 57 2 00 00 10 334 20 172 3 0000 4 0078 5 0000 6 000 0 7 00 0 0 8 2 5 0 0 333 10 402 59 025 6 000 0 7 0000 
02-MAR-2015 12 48075 3 1 9 56 0 27 01 10 275 20 120 3 0000 4 0178 5 0000 6 000 0 7 05 0 0 8 0 0 0 0 333 10 350 59 016 6 000 0 7 0000 
02-MAR-2015 12 48078 3 2 9 40 2 00 00 10 332 20 172 3 0000 4 0076 5 0000 6 000 0 7 00 0 0 8 0 0 0 2 333 10 392 59 017 6 000 0 7 0000 
02-MAR-2015 12 48080 3 2 4 58 2 22 01 10 300 20 239 3 0000 4 0103 5 0000 6 000 0 7 00 0 0 8 2 5 0 0 333 10 375 59 004 6 000 0 7 0000 
02-MAR-2015 12 48085 3 2 4 57 1 32 06 10 275 20 240 3 0000 4 0099 5 0000 6 000 0 7 00 0 0 8 1 1 0 0 333 10 324 59 007 6 000 0 7 0000 
02-MAR-2015 12 48087 3 2 9 50 0 00 00 10 324 20 184 3 0000 4 0000 5 0000 6 000 0 7 00 0 0 8 0 0 0 0 333 10 380 58 000 6 000 0 7 0000 
02-MAR-2015 12 48092 3 1 9 56 0 23 01 10 340 20 195 3 0000 4 0062 5 0000 6 000 0 7 05 2 2 8 0 0 0 0 333 10 385 59 013 6 000 0 7 0000 
02-MAR-2015 12 48093 3 2 6 40 3 14 01 10 323 20 200 3 0000 4 0000 5 0000 6 000 0 7 00 0 0 8 2 1 0 0 333 10 369 58 000 6 000 0 7 0000 
02-MAR-2015 12 48094 3 2 4 56 4 00 00 10 310 20 200 3 0000 4 0092 5 0000 6 000 0 7 00 0 0 8 3 9 4 0 333 10 370 59 005 6 000 0 7 0000 
02-MAR-2015 12 48095 3 2 9 56 0 04 02 10 320 20 248 3 0000 4 0000 5 0000 6 000 0 7 00 0 0 8 0 0 0 0 333 10 370 58 000 6 000 0 7 0000 
02-MAR-2015 12 48097 3 2 5 56 4 23 01 10 320 20 184 3 0000 4 0098 5 0000 6 000 0 7 02 1 1 8 4 5 0 0 333 10 385 59 005 6 000 0 7 0000 
02-MAR-2015 12 48099 3 2 4 40 3 23 04 10 306 20 237 3 0000 4 0078 5 0000 6 000 0 7 00 0 0 8 3 8 0 0 333 10 365 58 003 6 000 0 7 0000 
02-MAR-2015 12 48101 3 2 8 50 2 00 00 10 301 20 239 3 0000 4 0000 5 0000 6 000 0 7 00 0 0 8 0 0 0 5 333 10 348 58 000 6 000 0 7 0000 
02-MAR-2015 12 48103 3 2 4 40 3 22 02 10 292 20 230 3 0000 4 0087 5 0000 6 000 0 7 00 0 0 8 3 5 0 0 333 10 369 59 000 6 000 0 7 0000 
02-MAR-2015 12 48107 3 2 9 40 2 23 01 10 285 20 230 3 0000 4 0098 5 0000 6 000 0 7 00 0 0 8 0 0 0 6 333 10 354 58 004 6 000 0 7 0000 
02-MAR-2015 12 48108 3 2 5 96 8 32 06 10 315 20 243 3 0000 4 0102 5 0000 6 000 0 7 00 0 0 8 4 8 6 6 333 10 355 58 003 6 000 0 7 0000 
02-MAR-2015 12 48109 3 2 9 96 0 00 00 10 290 20 259 3 0000 4 0115 5 0000 6 000 0 7 01 2 2 8 0 0 0 0 333 10 323 59 016 6 000 0 7 0000 
02-MAR-2015 12 48110 2 1 4 95 8 36 04 10 300 20 253 3 0000 4 0105 5 0000 6 000 0 7 17 9 9 8 5 3 0 7 333 10 345 58 011 6 990 2 7 0000 
02-MAR-2015 12 48112 3 2 5 98 6 32 01 10 315 20 254 3 0000 4 0093 5 0000 6 000 0 7 00 0 0 8 2 2 1 6 333 10 348 59 009 6 000 0 7 0000 
