020000 48008 32556 50401 10230 20181 40076 83530 333 20215 56550 59002=
020000 48010 32540 30000 10220 20205 40073 81430 333 20210 56550 59017=
020000 48018 32556 53601 10235 20214 40078 82871 333 20220 56559 59013=
020000 48019 32456 40000 10235 20214 40061 81260 333 20230 56560 59025=
020000 48025 32420 33201 10244 20209 40077 82840 333 20238 56590 59017=
020000 48035 31520 80000 10201 20185 40083 8597/ 333 20195 56679 59015=
020000 48037 32540 13201 10270 20211 40064 81200 333 20263 56600 59004=
020000 48042 32556 21301 10283 20233 40064 82800 333 20272 56900 59010=
020000 48048 32950 00000 10262 20229 40070 333 20255 59013=
020000 48053 32550 11801 10270 20211 40068 81500 333 20261 56900 59011=
020000 48060 32440 20000 10195 20185 40092 82100 333 20180 56500 59018=
020000 48062 32550 40000 10270 20240 40083 83801 333 20230 56709 59012=
020000 48071 32430 33201 10275 20250 40095 83900 333 20265 56900 58002=
020000 48075 32456 50000 10220 20210 40106 83830 333 20180 56590 59023=
020000 48077 32556 40000 10264 20229 40069 82201 333 20250 56909 59004=
020000 48078 32556 20000 10284 20250 40084 81501 333 20260 56409 59010=
020000 48080 32956 30401 10243 20209 40095 80006 333 20222 56009 59013=
020000 48085 32956 20000 10254 20233 40083 80006 333 20242 56009 59008=
020000 48108 31594 70000 10250 20233 40099 71022 83366 333 20235 56819 59008=
020000 48109 32496 50000 10280 20233 40100 83970 333 20217 56990 59009=
020000 48110 31596 61301 10265 20251 40086 70522 83306 333 20260 56909 59017=
020000 48112 32597 60401 10275 20250 40100 82246 333 20217 56199 59002=
020000 48030 22256 32201 10157 20123 82840 333 20138 56560 60002=
020000 48087 32950 10000 10254 20233 80001 333 20234 56009=
020000 48103 32440 60401 10268 20240 40088 84530 333 20246 56110 59011=
020000 48057 32957 01401 10190 20175 333 20176=
020000 48094 32456 30000 10270 20260 40083 82501 333 20235 56909 59020=
020000 48097 32556 41302 10265 20251 40090 82506 333 20250 56909 59017=
020000 48031 32257 61801 10160 20123 86800 333 20155 56400=
020000 48033 32560 33301 10260 20226 40081 83500 333 20240 56500 59012=
020000 48034 32456 72301 10175 20159 85920 333 20165 56550=
020000 48039 32456 40000 10265 20215 83220 333 20264 56550=
020000 48043 32620 40000 10210 20175 82230 333 20170 56990=
020000 48052 32956 00000 10275 20203 333 20270=
020000 48055 32556 20000 10172 20164 40098 81501 333 20163 56509 59003=
020000 48064 32950 03201 10278 20233 40050 333 20220 59012=
020000 48065 32950 00401 10275 20220 333 20248=
020000 48074 32958 00000 10279 20250 40079 333 20263 59009=
020000 48092 31550 12701 10260 20246 40070 70511 81400 333 20249 56900 59003=
020000 48093 32950 03201 10264 20246 333 20259=
020000 48107 31340 40401 10244 20226 40095 71799 84970 333 20235 56770 59007=  48001 NIL=
020000 48008 32556 50401 10230 20181 40076 83530 333 20215 56550 59002=
020000 48010 32540 30000 10220 20205 40073 81430 333 20210 56550 59017=
020000 48018 32556 53601 10235 20214 40078 82871 333 20220 56559 59013=
020000 48019 32456 40000 10235 20214 40061 81260 333 20230 56560 59025=
020000 48025 32420 33201 10244 20209 40077 82840 333 20238 56590 59017=
020000 48030 22256 32201 10157 20123 82840 333 20138 56560 60002=
020000 48031 32257 61801 10160 20123 86800 333 20155 56400=
020000 48033 32560 33301 10260 20226 40081 83500 333 20240 56500 59012=
020000 48034 32456 72301 10175 20159 85920 333 20165 56550=
020000 48035 31520 80000 10201 20185 40083 8597/ 333 20195 56679 59015=
020000 48037 32540 13201 10270 20211 40064 81200 333 20263 56600 59004=
020000 48039 32456 40000 10265 20215 83220 333 20264 56550=
020000 48042 32556 21301 10283 20233 40064 82800 333 20272 56900 59010=
020000 48043 32620 40000 10210 20175 82230 333 20170 56990=
020000 48048 32950 00000 10262 20229 40070 333 20255 59013=
020000 48052 32956 00000 10275 20203 333 20270=
020000 48053 32550 11801 10270 20211 40068 81500 333 20261 56900 59011=
020000 48055 32556 20000 10172 20164 40098 81501 333 20163 56509 59003=
020000 48057 32957 01401 10190 20175 333 20176=
020000 48060 32440 20000 10195 20185 40092 82100 333 20180 56500 59018=
020000 48062 32550 40000 10270 20240 40083 83801 333 20230 56709 59012=
020000 48064 32950 03201 10278 20233 40050 333 20220 59012=
020000 48065 32950 00401 10275 20220 333 20248=
020000 48071 32430 33201 10275 20250 40095 83900 333 20265 56900 58002=
020000 48074 32958 00000 10279 20250 40079 333 20263 59009=
020000 48075 32456 50000 10220 20210 40106 83830 333 20180 56590 59023=
020000 48077 32556 40000 10264 20229 40069 82201 333 20250 56909 59004=
020000 48078 32556 20000 10284 20250 40084 81501 333 20260 56409 59010=
020000 48080 32956 30401 10243 20209 40095 80006 333 20222 56009 59013=
020000 48085 32956 20000 10254 20233 40083 80006 333 20242 56009 59008=
020000 48087 32950 10000 10254 20233 80001 333 20234 56009=
020000 48092 31550 12701 10260 20246 40070 70511 81400 333 20249 56900 59003=
020000 48093 32950 03201 10264 20246 333 20259=
020000 48094 32456 30000 10270 20260 40083 82501 333 20235 56909 59020=
020000 48097 32556 41302 10265 20251 40090 82506 333 20250 56909 59017=
020000 48103 32440 60401 10268 20240 40088 84530 333 20246 56110 59011=
020000 48107 31340 40401 10244 20226 40095 71799 84970 333 20235 56770 59007=
020000 48108 31594 70000 10250 20233 40099 71022 83366 333 20235 56819 59008=
020000 48109 32496 50000 10280 20233 40100 83970 333 20217 56990 59009=
020000 48110 31596 61301 10265 20251 40086 70522 83306 333 20260 56909 59017=
020000 48112 32597 60401 10275 20250 40100 82246 333 20217 56199 59002=  
