48030 31956 02205 10227 29018 70544 333=  48004 31558 20401 10286 20196 70511 82800 333 56900=
48008 32557 41401 10302 20166 40121 82430 333 56560 59027=
48010 31560 21801 10310 20203 40121 70344 80001 333 56005 59022=
48018 32958 01402 10315 20169 40124 333 59021=
48019 32960 01401 10303 20185 40117 333 59025=
48020 32958 03602 10320 20248 333=
48025 31940 03201 10325 20181 40127 70544 333 58030=
48030 31956 02205 10227 29018 70544 333=
48031 31960 00401 10245 20066 70500 333=
48033 32963 02201 10340 20206 40110 333 59020=
48034 32958 02303 10293 20092 333=
48035 31950 01802 10299 20237 40087 70500 333 59025=
48037 31956 03601 10332 20172 40124 70544 333 59005=
48039 31956 21402 10320 20140 70511 80002 333 56009=
48042 31956 01802 10350 20182 40106 70500 333 59028=
48043 32058 03202 10295 20069 333=
48045 32563 11405 10285 20092 81100 333 56500=
48048 32962 00401 10335 20191 40122 333 59007=
48052 32970 03202 10342 20184 333=
48053 31950 00902 10360 20132 40110 70500 333 59018=
48055 31956 02202 10318 20116 40088 70500 333 59023=
48057 32960 01401 10280 20098 333=
48060 31940 00000 10275 20150 40104 70522 333 59024=
48062 32958 01303 10300 20270 40135 333 59002=
48064 32970 01401 10340 20164 40102 333 59012=
48065 32970 00404 10350 20182 333=
48071 32960 03203 10290 20230 40130 333 58011=
48072 32960 01302 10330 20244 333=
48074 32961 00902 10356 20156 40118 333 59026=
48075 31957 00901 10320 20120 40102 70511 333 59028=
48077 32959 00401 10380 20112 40107 333 59012=
48078 32957 11801 10342 20134 40114 80001 333 56009 59019=
48080 32961 03201 10350 20237 40113 333 59013=
48085 32458 63204 10292 20230 40127 86800 333 56900 59005=
48087 32558 50401 10356 20156 84840 333 56990=
48092 31558 11302 10350 20182 40100 70511 81400 333 56900 59003=
48093 32958 01401 10343 20225 333=
48094 32460 43202 10335 20225 40117 83940 333 56990 59011=
48095 32558 50401 10335 20201 83840 333 56990=
48097 32557 53101 10360 20156 40120 85500 333 56900 59012=
48099 32456 62303 10335 20240 40118 84830 333 56550 59005=
48101 32960 30000 10335 20225 80004 333 56009=
48103 32956 03201 10347 20202 40119 333 58002=
48107 32350 22302 10348 20158 40113 82900 333 56300 58003=
48110 31596 53603 10340 20263 40126 70522 83306 333 56209 58009=  