02-MAR-2015 09 48004 3 1 4 58 4 04 01 10 316 20 200 3 0000 4 0000 5 0000 6 000 0 7 05 1 1 8 4 8 0 0 333 10 /// 58 000 6 000 0 7 0000 
02-MAR-2015 09 48008 3 2 5 57 2 14 01 10 343 20 164 3 0000 4 0082 5 0000 6 000 0 7 00 0 0 8 1 4 3 0 333 10 /// 59 030 6 000 0 7 0000 
02-MAR-2015 09 48010 3 2 5 60 5 00 00 10 345 20 184 3 0000 4 0074 5 0000 6 000 0 7 00 0 0 8 0 0 0 6 333 10 /// 59 033 6 000 0 7 0000 
02-MAR-2015 09 48019 3 2 9 60 0 14 01 10 334 20 212 3 0000 4 0089 5 0000 6 000 0 7 00 0 0 8 0 0 0 0 333 10 /// 59 015 6 000 0 7 0000 
02-MAR-2015 09 48025 3 1 4 56 3 32 02 10 370 20 171 3 0000 4 0076 5 0000 6 000 0 7 05 4 4 8 1 5 4 1 333 10 /// 59 029 6 000 0 7 0000 
02-MAR-2015 09 48030 3 1 2 56 2 22 06 10 244 20 000 3 0000 4 0000 5 0000 6 000 0 7 00 0 0 8 0 0 0 0 333 10 /// 58 000 6 000 0   8130 
02-MAR-2015 09 48031 3 1 2 60 1 14 01 10 372 20 057 3 0000 4 0000 5 0000 6 000 0 7 05 0 0 8 1 2 0 0 333 10 /// 58 000 6 000 0 7 0000 
02-MAR-2015 09 48033 3 2 9 63 0 33 01 10 370 20 246 3 0000 4 0071 5 0000 6 000 0 7 00 0 0 8 0 0 0 0 333 10 /// 59 021 6 000 0 7 0000 
02-MAR-2015 09 48034 3 2 9 58 0 23 02 10 307 20 068 3 0000 4 0000 5 0000 6 000 0 7 00 0 0 8 0 0 0 0 333 10 /// 58 000 6 000 0 7 0000 
02-MAR-2015 09 48035 3 1 9 40 0 22 02 10 340 20 089 3 0000 4 0054 5 0000 6 000 0 7 04 0 0 8 0 0 0 0 333 10 /// 59 010 6 000 0 7 0000 
02-MAR-2015 09 48037 3 1 9 56 0 36 01 10 380 20 159 3 0000 4 0105 5 0000 6 000 0 7 05 4 4 8 0 0 0 0 333 10 /// 58 002 6 000 0 7 0000 
02-MAR-2015 09 48039 3 2 9 59 3 22 01 10 379 20 150 3 0000 4 0000 5 0000 6 000 0 7 00 0 0 8 0 0 0 2 333 10 /// 58 000 6 000 0 7 0000 
02-MAR-2015 09 48042 3 2 9 57 0 27 02 10 387 20 121 3 0000 4 0068 5 0000 6 000 0 7 00 0 0 8 0 0 0 0 333 10 /// 59 024 6 000 0 7 0000 
02-MAR-2015 09 48043 3 2 0 58 0 32 06 10 300 20 069 3 0000 4 0000 5 0000 6 000 0 7 00 0 0 8 0 0 0 0 333 10 /// 58 000 6 000 0 7 0000 
02-MAR-2015 09 48045 3 2 5 62 1 14 18 10 292 20 092 3 0000 4 0000 5 0000 6 000 0 7 00 0 0 8 1 1 0 0 333 10 /// 58 000 6 000 0 7 0000 
02-MAR-2015 09 48048 3 2 9 62 0 04 01 10 395 20 196 3 0000 4 0079 5 0000 6 000 0 7 00 0 0 8 0 0 0 0 333 10 /// 59 017 6 000 0 7 0000 
02-MAR-2015 09 48051 3 2 9 59 1 31 04 10 378 20 160 3 0000 4 0000 5 0000 6 000 0 7 00 0 0 8 1 1 0 0 333 10 /// 58 000 6 000 0 7 0000 
02-MAR-2015 09 48052 3 2 9 70 0 00 00 10 410 20 189 3 0000 4 0000 5 0000 6 000 0 7 00 0 0 8 0 0 0 0 333 10 /// 58 000 6 000 0 7 0000 
02-MAR-2015 09 48053 3 2 9 56 0 36 02 10 400 20 145 3 0000 4 0069 5 0000 6 000 0 7 00 0 0 8 0 0 0 0 333 10 /// 59 031 6 000 0 7 0000 
02-MAR-2015 09 48055 3 1 9 56 0 18 02 10 341 20 125 3 0000 4 0040 5 0000 6 000 0 7 05 0 0 8 0 0 0 0 333 10 /// 59 026 6 000 0 7 0000 
02-MAR-2015 09 48057 3 2 9 60 0 18 03 10 296 20 124 3 0000 4 0000 5 0000 6 000 0 7 00 0 0 8 0 0 0 0 333 10 /// 58 000 6 000 0 7 0000 
02-MAR-2015 09 48060 3 1 9 50 0 22 07 10 330 20 126 3 0000 4 0047 5 0000 6 000 0 7 05 2 2 8 0 0 0 0 333 10 /// 59 044 6 000 0 7 0000 
02-MAR-2015 09 48062 3 2 9 58 0 27 08 10 310 20 270 3 0000 4 0113 5 0000 6 000 0 7 00 0 0 8 0 0 0 0 333 10 /// 59 007 6 000 0 7 0000 
02-MAR-2015 09 48064 3 2 9 60 0 14 01 10 383 20 187 3 0000 4 0056 5 0000 6 000 0 7 00 0 0 8 0 0 0 0 333 10 /// 59 028 6 000 0 7 0000 
02-MAR-2015 09 48065 3 2 9 70 0 22 02 10 405 20 176 3 0000 4 0000 5 0000 6 000 0 7 00 0 0 8 0 0 0 0 333 10 /// 58 000 6 000 0 7 0000 
02-MAR-2015 09 48071 3 2 9 60 0 32 04 10 307 20 254 3 0000 4 0110 5 0000 6 000 0 7 00 0 0 8 0 0 0 0 333 10 /// 59 005 6 000 0 7 0000 
02-MAR-2015 09 48074 3 2 9 61 0 36 01 10 395 20 176 3 0000 4 0086 5 0000 6 000 0 7 00 0 0 8 0 0 0 0 333 10 /// 59 019 6 000 0 7 0000 
02-MAR-2015 09 48075 3 1 9 57 0 14 01 10 350 20 047 3 0000 4 0100 5 0000 6 000 0 7 05 1 1 8 0 0 0 0 333 10 /// 58 095 6 000 0 7 0000 
02-MAR-2015 09 48077 3 2 9 59 0 23 02 10 407 20 184 3 0000 4 0074 5 0000 6 000 0 7 00 0 0 8 0 0 0 0 333 10 /// 59 012 6 000 0 7 0000 
02-MAR-2015 09 48078 3 2 9 58 1 09 01 10 388 20 154 3 0000 4 0080 5 0000 6 000 0 7 00 0 0 8 0 0 0 1 333 10 /// 59 012 6 000 0 7 0000 
02-MAR-2015 09 48080 3 2 9 60 0 22 06 10 343 20 257 3 0000 4 0093 5 0000 6 000 0 7 00 0 0 8 0 0 0 0 333 10 /// 59 007 6 000 0 7 0000 
02-MAR-2015 09 48085 3 1 9 58 0 27 05 10 318 20 254 3 0000 4 0097 5 0000 6 000 0 7 05 0 0 8 0 0 0 0 333 10 /// 59 008 6 000 0 7 0000 
02-MAR-2015 09 48087 3 2 9 60 0 00 00 10 374 20 148 3 0000 4 0000 5 0000 6 000 0 7 00 0 0 8 0 0 0 0 333 10 /// 58 000 6 000 0 7 0000 
02-MAR-2015 09 48092 3 1 5 58 2 32 01 10 380 20 150 3 0000 4 0065 5 0000 6 000 0 7 05 2 2 8 1 4 3 0 333 10 /// 59 005 6 000 0 7 0000 
02-MAR-2015 09 48093 3 2 5 56 6 23 02 10 283 20 195 3 0000 4 0000 5 0000 6 000 0 7 00 0 0 8 6 8 0 0 333 10 /// 58 000 6 000 0 7 0000 
02-MAR-2015 09 48094 3 2 4 59 5 32 02 10 350 20 240 3 0000 4 0098 5 0000 6 000 0 7 00 0 0 8 4 9 4 0 333 10 /// 58 006 6 000 0 7 0000 
02-MAR-2015 09 48095 3 2 9 60 1 00 00 10 370 20 227 3 0000 4 0000 5 0000 6 000 0 7 00 0 0 8 0 0 0 2 333 10 /// 58 000 6 000 0 7 0000 
02-MAR-2015 09 48097 3 2 5 57 6 13 01 10 380 20 159 3 0000 4 0093 5 0000 6 000 0 7 00 0 0 8 3 8 3 1 333 10 /// 59 004 6 000 0 7 0000 
02-MAR-2015 09 48099 3 2 4 56 3 04 03 10 360 20 235 3 0000 4 0088 5 0000 6 000 0 7 00 0 0 8 3 8 0 0 333 10 /// 58 005 6 000 0 7 0000 
02-MAR-2015 09 48101 3 2 5 60 5 32 01 10 339 20 212 3 0000 4 0000 5 0000 6 000 0 7 00 0 0 8 2 2 3 5 333 10 /// 58 000 6 000 0 7 0000 
02-MAR-2015 09 48103 3 2 9 57 0 32 01 10 260 20 195 3 0000 4 0086 5 0000 6 000 0 7 00 0 0 8 0 0 0 0 333 10 /// 58 003 6 000 0 7 0000 
02-MAR-2015 09 48107 3 2 3 50 2 27 02 10 332 20 212 3 0000 4 0087 5 0000 6 000 0 7 00 0 0 8 2 9 0 0 333 10 /// 58 000 6 000 0 7 0000 
02-MAR-2015 09 48108 3 2 5 96 8 32 06 10 350 20 219 3 0000 4 0102 5 0000 6 000 0 7 00 0 0 8 4 8 6 6 333 10 /// 58 013 6 000 0 7 0000 
02-MAR-2015 09 48109 3 2 9 97 1 04 01 10 315 20 265 3 0000 4 0109 5 0000 6 000 0 7 00 0 0 8 0 0 0 1 333 10 /// 59 026 6 000 0 7 0000 
02-MAR-2015 09 48110 2 1 5 96 8 32 06 10 340 20 270 3 0000 4 0093 5 0000 6 000 0 7 17 5 5 8 4 3 0 7 333 10 /// 58 006 6 000 0 7 0000 
02-MAR-2015 09 48112 3 2 5 98 5 32 03 10 342 20 257 3 0000 4 0093 5 0000 6 000 0 7 00 0 0 8 1 1 1 6 333 10 /// 58 003 6 000 0 7 0000 
