



*-*-*


<!--
.style2 {
	font-family:"Courier New", Courier, monospace;
	font-size: 14px;
}
-->






SIBM20 VBRR 020900

AAXX 02094

48001 NIL=

48004 31458 40401 10316 20200 70511 84800 333 56500=

48008 32557 21401 10343 20164 40082 81430 333 56560

59030=

48010 32560 50000 10345 20184 40074 80006 333 56005

59033=

48018 NIL=

48019 32960 01401 10334 20212 40089 333 59015=

48020 NIL=

48025 31456 33202 10370 20171 40076 70544 81541 333

56999 59029=

48035 31940 02202 10340 20089 40054 70400 333 59010=

48037 31956 03601 10380 20159 40105 70544 333 58002=

48042 32957 02702 10387 20121 40068 333 59024=

48045 32562 11418 10292 20092 81100 333 56500=

48048 32962 00401 10395 20196 40079 333 59017=

48051 32959 13104 10378 20160 81100 333 56900=

48053 32956 03602 10400 20145 40069 333 59031=

48060 31950 02207 10330 20126 40047 70522 333 59044=

48062 32958 02708 10310 20270 40113 333 59007=

48071 32960 03204 10307 20254 40110 333 59005=

48075 31957 01401 10350 20047 40100 70511 333 58095=

48077 32959 02302 10407 20184 40074 333 59012=

48078 32958 10901 10388 20154 40080 80001 333 56009

59012=

48080 32960 02206 10343 20257 40093 333 59007=

48085 31958 02705 10318 20254 40097 70500 333 59008=

48095 32960 10000 10370 20227 80002 333 56009=

48108 32596 83206 10350 20219 40102 84866 333 56600

58013=

48109 32997 10401 10315 20265 40109 80001 333 56009

59026=

48110 21596 83206 10340 20270 40093 71755 84307 333

56909 58006=

48112 32598 53203 10342 20257 40093 81116 333 56799

58003=

48030 31256 22206 10244 29020 70544 81303 333 56509=

48072 NIL=

48087 32960 00000 10374 20148 333=

48099 32456 30403 10360 20235 40088 83800 333 56900

58005=

48101 32560 53201 10339 20212 82235 333 56999=

48103 32957 03201 10260 20195 40086 333 58003=

48057 32960 01803 10296 20124 333=

48094 32459 53202 10350 20240 40098 84940 333 56990

58006=

48097 32557 61301 10380 20159 40093 83831 333 56999

59004=

48031 31260 11401 10372 20057 70500 81200 333 56900=

48033 32963 03301 10370 20246 40071 333 59021=

48034 32958 02302 10307 20068 333=

48039 32959 32201 10379 20150 80002 333 56009=

48043 32058 03206 10300 20069 333=

48052 32970 00000 10410 20189 333=

48055 31956 01802 10341 20125 40040 70500 333 59026=

48064 32960 01401 10383 20187 40056 333 59028=

48065 32970 02202 10405 20176 333=

48074 32961 03601 10395 20176 40086 333 59019=

48092 31558 23201 10380 20150 40065 70522 81430 333

56990 59005=

48093 32556 62302 10283 20195 86800 333 56500=

48107 32350 22702 10332 20212 40087 82900 333 56300

58000=  





