02-NOV-2015 00 48057 2 1 1 29 8 22 01 10 160 20 160 3 0000 4 0000 5 0000 6 000 0 7 40 4 4 8 8 9 / / 333 20 155 58 000 6 000 0 7 0000 
02-NOV-2015 00 48062 2 1 3 50 8 00 00 10 220 20 220 3 0000 4 0137 5 0000 6 000 0 7 50 5 5 8 6 9 2 0 333 20 195 59 000 6 005 2 7 0000 
02-NOV-2015 00 48071 2 1 3 50 8 05 01 10 245 20 233 3 0000 4 0138 5 0000 6 000 0 7 50 5 5 8 6 9 2 / 333 20 230 58 007 6 000 0 7 0000 
02-NOV-2015 00 48077 3 2 5 56 8 00 00 10 230 20 214 3 0000 4 0139 5 0000 6 000 0 7 00 0 0 8 5 9 3 1 333 20 215 59 014 6 000 0 7 0000 
02-NOV-2015 00 48078 2 2 4 50 8 36 03 10 228 20 214 3 0000 4 0141 5 0000 6 000 0 7 00 0 0 8 6 7 2 / 333 20 220 59 010 6 000 0 7 0000 
02-NOV-2015 00 48080 3 2 4 56 6 00 00 10 235 20 226 3 0000 4 0132 5 0000 6 000 0 7 00 0 0 8 4 8 3 0 333 20 226 59 005 6 000 0 7 0000 
02-NOV-2015 00 48087 3 2 5 50 4 04 02 10 224 20 205 3 0000 4 0000 5 0000 6 000 0 7 00 0 0 8 2 8 0 1 333 20 210 58 000 6 000 0 7 0000 
02-NOV-2015 00 48092 3 1 5 30 2 32 01 10 225 20 217 3 0000 4 0113 5 0000 6 000 0 7 10 2 2 8 2 5 0 0 333 20 215 59 008 6 000 0 7 0000 
02-NOV-2015 00 48093 3 2 5 50 4 04 01 10 231 20 214 3 0000 4 0000 5 0000 6 000 0 7 00 0 0 8 2 8 4 1 333 20 225 58 000 6 000 0 7 0000 
02-NOV-2015 00 48094 3 2 5 56 3 04 02 10 235 20 210 3 0000 4 0128 5 0000 6 000 0 7 00 0 0 8 2 5 0 1 333 20 168 59 008 6 000 0 7 0000 
02-NOV-2015 00 48097 3 1 5 57 3 31 02 10 225 20 217 3 0000 4 0130 5 0000 6 000 0 7 05 1 1 8 1 5 3 2 333 20 208 59 013 6 000 0 7 0000 
02-NOV-2015 00 48099 3 2 3 40 2 04 01 10 248 20 233 3 0000 4 0126 5 0000 6 000 0 7 00 0 0 8 2 8 0 0 333 20 228 59 004 6 000 0 7 0000 
02-NOV-2015 00 48101 3 1 6 56 5 18 02 10 236 20 226 3 0000 4 0000 5 0000 6 000 0 7 02 4 4 8 1 1 1 5 333 20 195 58 000 6 000 0 7 0000 
02-NOV-2015 00 48103 3 1 3 20 3 04 03 10 235 20 226 3 0000 4 0126 5 0000 6 000 0 7 40 4 4 8 3 7 0 0 333 20 229 59 009 6 000 2 7 0000 
02-NOV-2015 00 48107 3 1 9 30 0 09 02 10 220 20 205 3 0000 4 0118 5 0000 6 000 0 7 41 4 4 8 0 0 0 0 333 20 214 59 006 6 000 0 7 0000 
02-NOV-2015 00 48108 3 1 4 94 6 00 00 10 215 20 208 3 0000 4 0121 5 0000 6 000 0 7 00 0 0 8 2 4 5 6 333 20 200 58 004 6 000 0 7 0000 
