020900 48001 32450 22701 10325 20263 40064 82200 333 56400 59026=
020900 48004 32562 32201 10332 20244 83300 333 56500=
020900 48008 32458 53201 10340 20257 40069 82970 333 56450 59013=
020900 48010 32557 40000 10294 20248 40086 82831 333 56455 59015=
020900 48018 32560 31401 10330 20275 40087 82460 333 56560 59010=
020900 48019 31460 52702 10355 20278 40069 71799 85900 333 56700 59015=
020900 48020 31458 60403 10302 20253 70199 85330 333 56490=
020900 48025 31456 72702 10320 20265 40083 71595 84870 333 56660 59031=
020900 48035 32560 32203 10319 20200 40041 83800 333 56900 59012=
020900 48037 32560 33601 10332 20244 40059 83800 333 56400 59014=
020900 48042 32559 51301 10344 20257 40068 84902 333 56409 58001=
020900 48045 32557 52302 10250 20205 85300 333 56500=
020900 48048 32560 62701 10333 20250 40079 84850 333 56490 59002=
020900 48053 21456 63601 10330 20258 40071 71799 84956 333 56699 59022=
020900 48060 32340 61301 10280 20203 40069 85830 333 56560 58015=
020900 48062 32457 82706 10320 20290 40090 70222 86970 333 56690 59008=
020900 48071 32460 33203 10330 20258 40084 83800 333 56900 59015=
020900 48030 32256 70402 10214 20175 86940 333 56180=
020900 48033 32563 33601 10300 20258 40075 83800 333 56900 59017=
020900 48034 21457 51802 10285 20220 72995 85300 333 56500=
020900 48039 32460 40000 10325 20265 82102 333 56404=
020900 48043 22557 51805 10235 20235 83230 333 56590=
020900 48052 32470 40000 10345 20240 84200 333 56900=
020900 48055 22557 51605 10302 20215 40055 70155 84301 333 56309 59009=
020900 48064 32560 20901 10325 20265 40074 82300 333 56400 59043=
020900 48065 32560 22201 10338 20257 82100 333 56900=
020900 48074 32459 70405 10340 20270 40084 84961 333 56779 59016=
