02-OCT-2015 09 48001 3 2 4 50 2 27 01 10 325 20 263 3 0000 4 0064 5 0000 6 000 0 7 00 0 0 8 2 2 0 0 333 10 /// 59 026 6 000 0 7 0000 
02-OCT-2015 09 48004 3 2 5 62 3 22 01 10 332 20 244 3 0000 4 0000 5 0000 6 000 0 7 00 0 0 8 3 3 0 0 333 10 /// 58 000 6 000 0 7 0000 
02-OCT-2015 09 48008 3 2 4 58 5 32 01 10 340 20 257 3 0000 4 0069 5 0000 6 000 0 7 00 0 0 8 2 9 7 0 333 10 /// 59 013 6 000 0 7 0000 
02-OCT-2015 09 48010 3 2 5 57 4 00 00 10 294 20 248 3 0000 4 0086 5 0000 6 000 0 7 00 0 0 8 2 8 3 1 333 10 /// 59 015 6 000 0 7 0000 
02-OCT-2015 09 48018 3 2 5 60 3 14 01 10 330 20 275 3 0000 4 0087 5 0000 6 000 0 7 00 0 0 8 2 4 6 0 333 10 /// 59 010 6 000 0 7 0000 
02-OCT-2015 09 48019 3 1 4 60 5 27 02 10 355 20 278 3 0000 4 0069 5 0000 6 000 0 7 17 9 9 8 5 9 0 0 333 10 /// 59 015 6 000 0 7 0000 
02-OCT-2015 09 48020 3 1 4 58 6 04 03 10 302 20 253 3 0000 4 0000 5 0000 6 000 0 7 01 9 9 8 5 3 3 0 333 10 /// 58 000 6 000 0 7 0000 
02-OCT-2015 09 48025 3 1 4 56 7 27 02 10 320 20 265 3 0000 4 0083 5 0000 6 000 0 7 15 9 5 8 4 8 7 0 333 10 /// 59 031 6 000 0 7 0000 
02-OCT-2015 09 48030 3 2 2 56 7 04 02 10 214 20 175 3 0000 4 0000 5 0000 6 000 0 7 00 0 0 8 6 9 4 0 333 10 /// 58 000 6 000 0 7 0000 
02-OCT-2015 09 48033 3 2 5 63 3 36 01 10 300 20 258 3 0000 4 0075 5 0000 6 000 0 7 00 0 0 8 3 8 0 0 333 10 /// 59 017 6 000 0 7 0000 
02-OCT-2015 09 48034 2 1 4 57 5 18 02 10 285 20 220 3 0000 4 0000 5 0000 6 000 0 7 29 9 5 8 5 3 0 0 333 10 /// 58 000 6 000 0 7 0000 
02-OCT-2015 09 48035 3 2 5 60 3 22 03 10 319 20 200 3 0000 4 0041 5 0000 6 000 0 7 00 0 0 8 3 8 0 0 333 10 /// 59 012 6 000 0 7 0000 
02-OCT-2015 09 48037 3 2 5 60 3 36 01 10 332 20 244 3 0000 4 0059 5 0000 6 000 0 7 00 0 0 8 3 8 0 0 333 10 /// 59 014 6 000 0 7 0000 
02-OCT-2015 09 48039 3 2 4 60 4 00 00 10 325 20 265 3 0000 4 0000 5 0000 6 000 0 7 00 0 0 8 2 1 0 2 333 10 /// 58 000 6 000 0 7 0000 
02-OCT-2015 09 48042 3 2 5 59 5 13 01 10 344 20 257 3 0000 4 0068 5 0000 6 000 0 7 00 0 0 8 4 9 0 2 333 10 /// 58 001 6 000 0 7 0000 
02-OCT-2015 09 48043 2 2 5 57 5 18 05 10 235 20 235 3 0000 4 0000 5 0000 6 000 0 7 00 0 0 8 3 2 3 0 333 10 /// 58 000 6 000 0 7 0000 
02-OCT-2015 09 48045 3 2 5 57 5 23 02 10 250 20 205 3 0000 4 0000 5 0000 6 000 0 7 00 0 0 8 5 3 0 0 333 10 /// 58 000 6 000 0 7 0000 
02-OCT-2015 09 48048 3 2 5 60 6 27 01 10 333 20 250 3 0000 4 0079 5 0000 6 000 0 7 00 0 0 8 4 8 5 0 333 10 /// 59 002 6 000 0 7 0000 
02-OCT-2015 09 48052 3 2 4 70 4 00 00 10 345 20 240 3 0000 4 0000 5 0000 6 000 0 7 00 0 0 8 4 2 0 0 333 10 /// 58 000 6 000 0 7 0000 
02-OCT-2015 09 48053 2 1 4 56 6 36 01 10 330 20 258 3 0000 4 0071 5 0000 6 000 0 7 17 9 9 8 4 9 5 6 333 10 /// 59 022 6 000 0 7 0000 
02-OCT-2015 09 48055 2 2 5 57 5 16 05 10 302 20 215 3 0000 4 0055 5 0000 6 000 0 7 01 5 5 8 4 3 0 1 333 10 /// 59 009 6 000 0 7 0000 
02-OCT-2015 09 48060 3 2 3 40 6 13 01 10 280 20 203 3 0000 4 0069 5 0000 6 000 0 7 00 0 0 8 5 8 3 0 333 10 /// 58 015 6 000 0 7 0000 
02-OCT-2015 09 48062 3 2 4 57 8 27 06 10 320 20 290 3 0000 4 0090 5 0000 6 000 0 7 02 2 2 8 6 9 7 0 333 10 /// 59 008 6 000 0 7 0000 
02-OCT-2015 09 48064 3 2 5 60 2 09 01 10 325 20 265 3 0000 4 0074 5 0000 6 000 0 7 00 0 0 8 2 3 0 0 333 10 /// 59 043 6 000 0 7 0000 
02-OCT-2015 09 48065 3 2 5 60 2 22 01 10 338 20 257 3 0000 4 0000 5 0000 6 000 0 7 00 0 0 8 2 1 0 0 333 10 /// 58 000 6 000 0 7 0000 
02-OCT-2015 09 48071 3 2 4 60 3 32 03 10 330 20 258 3 0000 4 0084 5 0000 6 000 0 7 00 0 0 8 3 8 0 0 333 10 /// 59 015 6 000 0 7 0000 
02-OCT-2015 09 48074 3 2 4 59 7 04 05 10 340 20 270 3 0000 4 0084 5 0000 6 000 0 7 00 0 0 8 4 9 6 1 333 10 /// 59 016 6 000 0 7 0000 
