48001 31450 70401 10230 20168 40106 70322 84770 333 56110 59001=
48004 31110 80402 10222 20185 70295 8697/ 333 56559=
48008 32457 83601 10245 20167 40091 8497/ 333 56569 58008=
48010 32558 50000 10240 20209 40089 85800 333 56900 58021=
48018 32560 51402 10280 20182 40087 83870 333 56320 59002=
48019 32456 83601 10247 20186 40091 8577/ 333 56459 58013=
48020 32460 13604 10280 20220 81200 333 56500=
48025 31456 13201 10284 20184 40084 81100 333 56500 58017=
48030 32256 62204 10186 20139 82900 333 56500=
48031 31260 40401 10200 20130 70544 84800 333 56400=
48033 32963 11801 10300 20223 40081 80001 333 56009 58017=
48034 32457 11803 10248 20126 81500 333 56500=
48035 31560 20000 10259 20138 40053 70522 81101 333 56909 58007=
48037 32556 52201 10280 20184 40090 83820 333 56560 58030=
48039 32458 21401 10300 20166 82102 333 56101=
48042 32558 41303 10312 20146 40081 81252 333 56969 58012=
48043 32057 32707 10250 20105 80002 333 56009=
48045 21560 73605 10185 20096 70196 87300 333 56500=
48048 32558 72202 10310 20169 40089 85950 333 56590 58019=
48051 31558 73601 10247 20210 71799 85930 333 56590=
48052 32468 52203 10330 20191 85900 333 56900=
48053 32450 72202 10310 20225 40086 83850 333 56690 58004=
48055 32556 43203 10273 20145 40058 83830 333 56550 58013=
48057 32458 52202 10250 20150 83831 333 56599=
48060 32456 42203 10300 20124 40053 82130 333 56560 59005=
48062 32558 62308 10320 20280 40101 84930 333 56590 59004=
48064 32570 63201 10330 20244 40080 82836 333 56499 58028=
48065 32468 30000 10340 20184 81106 333 56909=
48071 32460 43202 10320 20236 40104 84800 333 56900 59015=
48072 32459 70904 10315 20248 85930 333 56590=
48074 32560 40406 10324 20184 40102 81160 333 56770 58008=
48075 31457 43201 10310 20170 40057 70511 83820 333 56590 59006=
48077 32559 32301 10360 20177 40085 82201 333 56909 58006=
48078 32558 53204 10343 20212 40087 82831 333 56669 59002=
48080 32961 02209 10341 20206 40086 333 59025=
48085 32958 02705 10322 20236 40100 333 59005=
48087 32960 00404 10362 20177 333=
48092 32457 11301 10360 20234 40064 81100 333 56900 59013=
48093 32658 10401 10345 20237 81100 333 56500=
48094 32460 23203 10350 20210 40095 82100 333 56900 59010=
48095 32960 00401 10350 20219 333=
48097 32557 20502 10340 20257 40103 82500 333 56900 59008=
48099 32457 32701 10340 20225 40080 83300 333 56500 59012=
48101 32660 12701 10335 20225 81100 333 56600=
48103 32556 12202 10338 20225 40088 81500 333 56500 59008=
48107 32350 22302 10322 20236 40081 82900 333 56600 59015=
48108 32596 63207 10345 20240 40090 83366 333 56789 59020=
48109 32497 30401 10328 20234 40113 83800 333 56900 59011=
48110 31596 63204 10330 20244 40094 70522 82306 333 56909 59015=
48112 NIL=  