031800 48008 31510 60000 10220 20173 40051 70544 83970 333 56560 58003=
031800 48010 21510 30000 10205 20205 40063 70155 81501 333 56606 58034=09900 48018 21530 70000 10225 20185 40069 72055 84870 333 56550 59012=09900 48025 32407 62201 10270 20211 40054 84840 333 56690 59034=
031800 48042 32550 10000 10275 20215 40044 81400 333 56900 59018=
031800 48053 32540 23602 10260 20203 40053 82500 333 56600 59019=
031800 48057 32457 31802 10192 20159 81501 333 56509=
031800 48060 32410 10000 10180 20165 40069 81100 333 56500 58005=
031800 48062 32550 42702 10282 20250 40079 84800 333 56600 59002=
031800 48071 32930 00000 10270 20240 40080 333 59005=
031800 48078 32950 22301 10276 20197 40059 80002 333 56009 59014=
031800 48080 32450 50000 10252 20219 40083 83870 333 56690 59007=
031800 48094 32950 00000 10270 20240 40072 333 59013=
031800 48097 32956 03301 10280 20203 40090 333 59003=
031800 48099 32330 22301 10245 20229 40062 82500 333 56900 59019=
031800 48103 32510 42202 10275 20250 40054 84500 333 56500 59011=
031800 48108 32596 40502 10280 20220 40095 82406 333 56909 59003=
031800 48110 31594 40000 10275 20237 40077 70522 82306 333 56909 59014=
031800 48112 32596 63602 10281 20250 40069 82246 333 56899 59017=  
