03-AUG-2015 03 48001 2 2 4 40 6 36 01 10 252 20 233 3 0000 4 0067 5 0000 6 000 0 7 00 0 0 8 4 7 2 0 333 10 /// 58 005 6 000 0 7 0000 
03-AUG-2015 03 48004 3 1 1 10 8 22 01 10 260 20 246 3 0000 4 0000 5 0000 6 000 0 7 02 9 6 8 6 9 7 / 333 10 /// 58 000 6 000 0 7 0000 
03-AUG-2015 03 48008 3 1 4 56 8 00 00 10 250 20 233 3 0000 4 0061 5 0000 6 000 0 7 95 9 6 8 4 9 7 / 333 10 /// 59 001 6 000 0 7 0000 
03-AUG-2015 03 48010 3 2 5 50 8 00 00 10 280 20 250 3 0000 4 0054 5 0000 6 000 0 7 00 0 0 8 6 7 7 / 333 10 /// 59 023 6 000 0 7 0000 
03-AUG-2015 03 48018 3 2 5 58 8 14 01 10 285 20 250 3 0000 4 0063 5 0000 6 000 0 7 00 0 0 8 4 3 7 / 333 10 /// 59 013 6 000 0 7 0000 
03-AUG-2015 03 48019 2 2 4 58 5 23 02 10 282 20 268 3 0000 4 0054 5 0000 6 000 0 7 00 0 0 8 3 6 6 0 333 10 /// 59 011 6 000 0 7 0000 
03-AUG-2015 03 48020 3 2 4 58 6 04 02 10 290 20 259 3 0000 4 0000 5 0000 6 000 0 7 00 0 0 8 4 8 4 0 333 10 /// 58 000 6 000 0 7 0000 
03-AUG-2015 03 48025 3 2 2 20 6 00 00 10 272 20 256 3 0000 4 0057 5 0000 6 000 0 7 00 0 0 8 4 8 4 0 333 10 /// 59 023 6 000 0 7 0000 
03-AUG-2015 03 48030 3 2 2 56 6 22 02 10 187 20 175 3 0000 4 0000 5 0000 6 000 0 7 00 0 0 8 5 8 4 0 333 10 /// 58 000 6 000 0 7 0000 
03-AUG-2015 03 48033 2 1 5 62 7 18 01 10 275 20 250 3 0000 4 0054 5 0000 6 000 0 7 00 0 0 8 6 9 7 0 333 10 /// 59 010 6 000 0 7 0000 
03-AUG-2015 03 48034 2 2 3 56 8 00 00 10 210 20 205 3 0000 4 0000 5 0000 6 000 0 7 00 0 0 8 6 9 2 / 333 10 /// 58 000 6 000 0 7 0000 
03-AUG-2015 03 48035 3 2 5 60 6 22 01 10 261 20 229 3 0000 4 0038 5 0000 6 000 0 7 00 0 0 8 4 9 6 0 333 10 /// 59 022 6 000 0 7 0000 
03-AUG-2015 03 48037 3 2 5 56 7 18 01 10 278 20 250 3 0000 4 0052 5 0000 6 000 0 7 00 0 0 8 5 8 7 0 333 10 /// 59 030 6 000 0 7 0000 
03-AUG-2015 03 48039 2 2 4 59 7 14 01 10 279 20 233 3 0000 4 0000 5 0000 6 000 0 7 00 0 0 8 5 9 6 0 333 10 /// 58 000 6 000 0 7 0000 
03-AUG-2015 03 48042 3 2 5 58 7 18 02 10 285 20 241 3 0000 4 0060 5 0000 6 000 0 7 00 0 0 8 4 2 5 0 333 10 /// 59 007 6 000 0 7 0000 
03-AUG-2015 03 48043 2 2 5 56 8 18 05 10 210 20 210 3 0000 4 0000 5 0000 6 000 0 7 00 0 0 8 6 8 7 / 333 10 /// 58 000 6 000 0 7 0000 
03-AUG-2015 03 48045 3 1 4 56 3 14 03 10 238 20 155 3 0000 4 0000 5 0000 6 000 0 7 40 4 4 8 2 7 3 0 333 10 /// 58 000 6 000 0 7 0000 
03-AUG-2015 03 48048 2 1 5 58 6 18 01 10 266 20 256 3 0000 4 0058 5 0000 6 000 0 7 21 6 5 8 4 9 5 0 333 10 /// 59 018 6 000 0 7 0000 
03-AUG-2015 03 48051 3 2 5 58 7 31 01 10 274 20 260 3 0000 4 0000 5 0000 6 000 0 7 00 0 0 8 5 9 3 / 333 10 /// 58 000 6 000 0 7 0000 
03-AUG-2015 03 48052 3 2 4 60 7 13 01 10 278 20 268 3 0000 4 0000 5 0000 6 000 0 7 00 0 0 8 5 9 3 0 333 10 /// 58 000 6 000 0 7 0000 
03-AUG-2015 03 48053 2 2 4 50 8 18 03 10 260 20 246 3 0000 4 0064 5 0000 6 000 0 7 00 0 0 8 5 7 5 / 333 10 /// 59 008 6 000 0 7 0000 
03-AUG-2015 03 48055 2 2 4 56 8 13 02 10 235 20 212 3 0000 4 0060 5 0000 6 000 0 7 00 0 0 8 6 9 7 / 333 10 /// 59 009 6 000 0 7 0000 
03-AUG-2015 03 48057 2 2 4 57 7 22 01 10 195 20 185 3 0000 4 0000 5 0000 6 000 0 7 00 0 0 8 5 9 5 0 333 10 /// 58 000 6 000 0 7 0000 
03-AUG-2015 03 48060 2 1 3 30 8 00 00 10 240 20 218 3 0000 4 0047 5 0000 6 000 0 7 50 5 5 8 5 9 7 / 333 10 /// 59 015 6 000 0 7 0000 
03-AUG-2015 03 48062 2 2 4 56 7 13 02 10 265 20 260 3 0000 4 0070 5 0000 6 000 0 7 01 2 2 8 5 9 7 0 333 10 /// 59 003 6 000 0 7 0000 
03-AUG-2015 03 48064 2 2 4 56 7 04 01 10 274 20 256 3 0000 4 0047 5 0000 6 000 0 7 00 0 0 8 4 8 3 1 333 10 /// 59 009 6 000 0 7 0000 
03-AUG-2015 03 48065 2 2 4 56 8 14 02 10 276 20 250 3 0000 4 0000 5 0000 6 000 0 7 00 0 0 8 5 8 7 0 333 10 /// 58 000 6 000 0 7 0000 
03-AUG-2015 03 48071 2 2 4 58 8 23 01 10 270 20 270 3 0000 4 0074 5 0000 6 000 0 7 00 0 0 8 6 9 7 0 333 10 /// 59 009 6 000 0 7 0000 
03-AUG-2015 03 48072 2 2 4 60 4 13 02 10 285 20 259 3 0000 4 0000 5 0000 6 000 0 7 01 2 2 8 3 8 3 0 333 10 /// 58 000 6 000 0 7 0000 
03-AUG-2015 03 48074 2 2 3 57 8 18 01 10 260 20 240 3 0000 4 0076 5 0000 6 000 0 7 00 0 0 8 6 7 2 / 333 10 /// 59 013 6 000 0 7 0000 
03-AUG-2015 03 48075 2 2 4 57 7 00 00 10 225 20 217 3 0000 4 0080 5 0000 6 000 0 7 03 2 2 8 5 7 7 0 333 10 /// 59 011 6 000 0 7 0000 
03-AUG-2015 03 48077 2 2 5 59 8 23 01 10 270 20 256 3 0000 4 0057 5 0000 6 000 0 7 00 0 0 8 5 9 3 1 333 10 /// 59 014 6 000 0 7 0000 
03-AUG-2015 03 48078 2 1 4 50 7 18 01 10 262 20 253 3 0000 4 0077 5 0000 6 000 0 7 01 5 5 8 4 7 7 / 333 10 /// 59 016 6 000 0 7 0000 
03-AUG-2015 03 48080 2 1 4 59 8 04 02 10 260 20 246 3 0000 4 0071 5 0000 6 000 0 7 02 6 5 8 5 8 7 0 333 10 /// 59 008 6 000 0 7 0000 
03-AUG-2015 03 48085 2 1 4 58 6 14 03 10 275 20 256 3 0000 4 0072 5 0000 6 000 0 7 01 5 2 8 4 8 7 6 333 10 /// 59 016 6 000 0 7 0000 
03-AUG-2015 03 48087 3 2 5 67 8 00 00 10 280 20 250 3 0000 4 0000 5 0000 6 000 0 7 00 0 0 8 5 9 7 / 333 10 /// 58 000 6 000 0 7 0000 
03-AUG-2015 03 48092 2 2 4 56 7 26 05 10 290 20 259 3 0000 4 0068 5 0000 6 000 0 7 00 0 0 8 5 3 3 0 333 10 /// 59 006 6 000 0 7 0000 
03-AUG-2015 03 48093 2 1 4 56 8 23 01 10 262 20 246 3 0000 4 0000 5 0000 6 000 0 7 00 0 0 8 6 3 7 / 333 10 /// 58 000 6 000 0 7 0000 
03-AUG-2015 03 48094 2 2 4 59 5 22 02 10 265 20 260 3 0000 4 0078 5 0000 6 000 0 7 21 6 5 8 5 9 7 0 333 10 /// 59 010 6 000 0 7 0000 
03-AUG-2015 03 48095 2 2 4 58 8 22 02 10 280 20 280 3 0000 4 0000 5 0000 6 000 0 7 00 0 0 8 4 9 7 0 333 10 /// 58 000 6 000 0 7 0000 
03-AUG-2015 03 48097 2 1 4 57 7 23 01 10 280 20 268 3 0000 4 0100 5 0000 6 000 0 7 02 6 5 8 5 8 3 1 333 10 /// 59 003 6 000 0 7 0000 
03-AUG-2015 03 48099 2 1 3 30 8 04 02 10 250 20 250 3 0000 4 0092 5 0000 6 000 0 7 50 6 5 8 6 9 7 / 333 10 /// 58 002 6 000 0 7 0000 
03-AUG-2015 03 48101 2 2 5 58 7 00 00 10 280 20 268 3 0000 4 0000 5 0000 6 000 0 7 01 2 2 8 4 7 7 1 333 10 /// 58 000 6 000 0 7 0000 
03-AUG-2015 03 48103 2 1 4 40 8 22 01 10 239 20 239 3 0000 4 0097 5 0000 6 000 0 7 60 6 6 8 6 7 2 / 333 10 /// 58 001 6 000 0 7 0000 
03-AUG-2015 03 48107 2 1 3 50 8 23 01 10 260 20 246 3 0000 4 0098 5 0000 6 000 0 7 01 6 5 8 4 9 7 0 333 10 /// 59 005 6 000 0 7 0000 
03-AUG-2015 03 48108 2 1 4 94 8 14 01 10 250 20 233 3 0000 4 0116 5 0000 6 000 0 7 50 6 5 8 5 3 2 / 333 10 /// 58 005 6 000 0 7 0000 
03-AUG-2015 03 48109 2 1 3 96 8 23 02 10 260 20 260 3 0000 4 0101 5 0000 6 000 0 7 63 6 5 8 6 9 7 / 333 10 /// 59 003 6 000 0 7 0000 
03-AUG-2015 03 48110 2 1 4 95 8 00 00 10 270 20 240 3 0000 4 0117 5 0000 6 000 0 7 02 5 5 8 5 3 7 7 333 10 /// 59 007 6 000 0 7 0000 
03-AUG-2015 03 48112 2 1 5 97 8 14 02 10 255 20 255 3 0000 4 0124 5 0000 6 000 0 7 50 5 5 8 4 8 7 6 333 10 /// 59 008 6 000 0 7 0000 
