48001 22440 63601 10252 20233 40067 84720 333 56170 58005=
48004 31110 82201 10260 20246 70296 8697/ 333 56559=
48008 31456 80000 10250 20233 40061 79596 8497/ 333 56459 59001=
48010 32550 80000 10280 20250 40054 8677/ 333 56599 59023=
48018 32558 81401 10285 20250 40063 8437/ 333 56559 59013=
48019 22458 52302 10282 20268 40054 83660 333 56560 59011=
48020 32458 60402 10290 20259 84840 333 56440=
48025 32220 60000 10272 20256 40057 84840 333 56690 59023=
48035 32560 62201 10261 20229 40038 84960 333 56430 59022=
48037 32556 71801 10278 20250 40052 85870 333 56880 59030=
48042 32558 71802 10285 20241 40060 84250 333 56440 59007=
48045 31456 31403 10238 20155 74044 82730 333 56560=
48048 21558 61801 10266 20256 40058 72165 84950 333 56490 59018=
48051 32558 73101 10274 20260 8593/ 333 5649/=
48053 22450 81803 10260 20246 40064 8575/ 333 56499 59008=
48060 21330 80000 10240 20218 40047 75055 8597/ 333 5669/ 59015=
48062 22456 71302 10265 20260 40070 70122 85970 333 56490 59003=
48071 22458 82301 10270 20270 40074 86970 333 56990 59009=
48075 22457 70000 10225 20217 40080 70322 85770 333 56590 59011=
48077 22559 82301 10270 20256 40057 85931 333 56499 59014=
48078 21450 71801 10262 20253 40077 70155 8477/ 333 5649/ 59016=
48080 21459 80402 10260 20246 40071 70265 85870 333 56590 59008=
48085 21458 61403 10275 20256 40072 70152 84876 333 56999 59016=
48095 22458 82202 10280 20280 84970 333 56990=
48108 21494 81401 10250 20233 40116 75065 8532/ 333 5649/ 58005=
48109 21396 82302 10260 20260 40101 76365 8697/ 333 5699/ 59003=
48110 21495 80000 10270 20240 40117 70255 85377 333 56699 59007=
48112 21597 81402 10255 20255 40124 75055 84876 333 56399 59008=
48030 32256 62202 10187 20175 85840 333 56560=
48072 22460 41302 10285 20259 70122 83830 333 56590=
48087 32567 80000 10280 20250 8597/ 333 5649/=
48099 21330 80402 10250 20250 40092 75065 8697/ 333 5619/ 58002=
48101 22558 70000 10280 20268 70122 84771 333 56999=
48103 21440 82201 10239 20239 40097 76066 8672/ 333 5659/ 58001=
48057 22457 72201 10195 20185 85950 333 56590=
48094 22459 52202 10265 20260 40078 72165 85970 333 56590 59010=
48097 21457 72301 10280 20268 40100 70265 85831 333 5699/ 59003=
48031 NIL=
48033 21562 71801 10275 20250 40054 86970 333 56490 59010=
48034 22356 80000 10210 20205 8692/ 333 5659/=
48039 22459 71401 10279 20233 85960 333 56440=
48043 22556 81805 10210 20210 8687/ 333 56599=
48052 32460 71301 10278 20268 85930 333 56990=
48055 22456 81302 10235 20212 40060 8697/ 333 5679/ 59009=
48064 22456 70401 10274 20256 40047 84831 333 56449 59009=
48065 22456 81402 10276 20250 85870 333 56490=
48074 22357 81801 10260 20240 40076 8672/ 333 56499 59013=
48092 22456 72605 10290 20259 40068 85330 333 56690 59006=
48093 21456 82301 10262 20246 8637/ 333 56999=
48107 21350 82301 10260 20246 40098 70165 84970 333 56550 59005=  