030000 48008 21556 70000 10270 20256 40044 79511 84970 333 20260 56440 59020 69902=
030000 48010 32540 70000 10260 20253 40047 70399 84730 333 20250 56440 59015=
030000 48018 32556 60000 10260 20246 40039 83870 333 20250 56450 59020=
030000 48019 22450 70000 10254 20250 40038 84760 333 20250 56450 59019 60062=
030000 48020 32240 80000 10260 20246 85670 333 20245 56990=
030000 48025 32010 70000 10255 20233 40040 84740 333 20230 56760 59019 60002=
030000 48030 32250 52202 10162 20162 84840 333 20157 56560 60002=
030000 48031 32256 83201 10175 20175 888// 333 20170 56499=
030000 48033 21460 81301 10260 20246 40059 75055 86970 333 20250 56490 59009 69902=
030000 48034 22356 80000 10190 20190 8692/ 333 20188 56599 60002=
030000 48035 32130 83201 10237 20226 40039 8597/ 333 20230 56999 59009=
030000 48037 32540 60000 10262 20246 40043 83530 333 20256 56880 59028=
030000 48039 22456 80000 10258 20229 85960 333 20258 56550 60002=
030000 48042 32557 61802 10262 20229 40046 84850 333 20247 56440 59012=
030000 48043 22520 81805 10200 20200 8687/ 333 20170 56599 60372=
030000 48048 21550 71801 10258 20246 40004 75055 85950 333 20252 56490 59018 69902=
030000 48051 32558 71801 10257 20250 70222 85930 333 20255 56590=
030000 48052 32450 70000 10262 20246 85930 333 20255 56990=
030000 48053 22450 81802 10240 20223 40049 8575/ 333 20233 56999 59019 60042=
030000 48055 22356 80000 10213 20208 40059 8597/ 333 20207 56799 59012 60012=
030000 48057 21356 80000 10188 20175 70255 86950 333 20180 56490 60012=
030000 48060 21330 80000 10218 20217 40040 75055 8577/ 333 20210 56699 59013 60012=
030000 48062 22450 81302 10255 20250 40057 70322 86970 333 20240 56990 59000=
030000 48064 22450 80901 10260 20246 40073 84870 333 20213 56440 58024=
030000 48065 22450 80000 10252 20252 85570 333 20225 56990=
030000 48071 21456 80000 10250 20250 40063 72162 8692/ 333 20245 5699/ 58003 60232=
030000 48074 21356 80000 10240 20240 40066 70266 8672/ 333 20237 56499 59017 60072=
030000 48075 22456 60000 10210 20202 40077 83770 333 56690 59009 60012=
030000 48077 22556 80000 10260 20246 40056 85970 333 20246 56490 59002=
030000 48078 21440 81801 10250 20246 40072 70265 8572/ 333 20240 56499 59006 60362=
030000 48080 21456 80401 10240 20240 40071 75096 85720 333 20235 56590 58015 60182=
030000 48085 22356 81402 10250 20250 40074 70265 86970 333 20245 56690 59007 60082=
030000 48087 32450 80000 10260 20246 70322 8597/ 333 20245 5649/=
030000 48092 22450 80000 10250 20250 40059 8697/ 333 20240 5669/ 59002 60062=
030000 48093 21440 80000 10252 20250 70265 8697/ 333 20238 56999=
030000 48094 21456 80000 10250 20250 40075 76266 8592/ 333 20192 5659/ 58004 60152=
030000 48097 21457 82101 10245 20245 40092 70265 8555/ 333 20237 5699/ 59001 60342=
030000 48099 21330 82302 10240 20240 40075 76165 8697/ 333 20230 5649/ 59004 60882=
030000 48101 21450 80000 10252 20252 75165 8597/ 333 20209 5659/ 60302=
030000 48103 21440 81403 10247 20247 40077 75065 8672/ 333 20234 5639/ 59008 60192=
030000 48107 21330 82301 10233 20233 40093 76166 8597/ 333 20228 5655/ 59002 60352=  
030000 48108 21494 81301 10238 20238 40099 75055 8597/ 333 20225 5699/ 59015 60012=
030000 48109 31496 82305 10263 20260 40078 75065 8697/ 333 5699/ 59009=
030000 48110 21495 80000 10240 20240 40106 75165 8632/ 333 20240 5659/ 59002 60062=
030000 48112 21496 81401 10245 20245 40104 70152 8477/ 333 20192 5639/ 59010 60062=
