03-AUG-2015 06 48001 3 2 4 50 4 04 01 10 300 20 209 3 0000 4 0029 5 0000 6 000 0 7 00 0 0 8 3 8 3 0 333 10 /// 58 008 6 000 0 7 0000 
03-AUG-2015 06 48004 3 2 5 60 4 13 01 10 291 20 259 3 0000 4 0000 5 0000 6 000 0 7 00 0 0 8 4 9 0 0 333 10 /// 58 000 6 000 0 7 0000 
03-AUG-2015 06 48008 2 1 4 57 6 32 01 10 295 20 253 3 0000 4 0050 5 0000 6 000 0 7 01 9 5 8 3 9 7 0 333 10 /// 59 006 6 000 0 7 0000 
03-AUG-2015 06 48010 3 2 5 56 7 00 00 10 285 20 250 3 0000 4 0050 5 0000 6 000 0 7 00 0 0 8 5 8 7 0 333 10 /// 58 010 6 000 0 7 0000 
03-AUG-2015 06 48018 3 2 5 58 8 23 01 10 300 20 253 3 0000 4 0050 5 0000 6 000 0 7 00 0 0 8 4 9 7 / 333 10 /// 59 003 6 000 0 7 0000 
03-AUG-2015 06 48019 3 2 4 60 4 36 02 10 317 20 281 3 0000 4 0044 5 0000 6 000 0 7 00 0 0 8 2 2 3 2 333 10 /// 59 011 6 000 0 7 0000 
03-AUG-2015 06 48020 3 2 3 58 7 18 03 10 340 20 270 3 0000 4 0000 5 0000 6 000 0 7 00 0 0 8 5 9 3 0 333 10 /// 58 000 6 000 0 7 0000 
03-AUG-2015 06 48025 3 2 4 50 5 14 01 10 310 20 267 3 0000 4 0041 5 0000 6 000 0 7 00 0 0 8 4 8 4 0 333 10 /// 59 025 6 000 0 7 0000 
03-AUG-2015 06 48030 3 2 3 57 7 22 02 10 226 20 163 3 0000 4 0000 5 0000 6 000 0 7 00 0 0 8 4 8 4 / 333 10 /// 58 000 6 000 0 7 0000 
03-AUG-2015 06 48033 3 2 5 63 6 18 01 10 300 20 239 3 0000 4 0039 5 0000 6 000 0 7 00 0 0 8 5 9 0 1 333 10 /// 59 023 6 000 0 7 0000 
03-AUG-2015 06 48034 2 1 3 56 8 13 02 10 230 20 214 3 0000 4 0000 5 0000 6 000 0 7 50 5 5 8 6 9 2 / 333 10 /// 58 000 6 000 0 7 0000 
03-AUG-2015 06 48035 2 1 5 60 8 14 02 10 271 20 240 3 0000 4 0026 5 0000 6 000 0 7 03 6 6 8 5 9 7 / 333 10 /// 59 009 6 000 0 7 0000 
03-AUG-2015 06 48037 3 2 5 58 7 18 01 10 305 20 239 3 0000 4 0050 5 0000 6 000 0 7 00 0 0 8 4 8 7 0 333 10 /// 59 021 6 000 0 7 0000 
03-AUG-2015 06 48039 3 2 4 60 6 14 01 10 311 20 254 3 0000 4 0000 5 0000 6 000 0 7 00 0 0 8 4 2 0 2 333 10 /// 58 000 6 000 0 7 0000 
03-AUG-2015 06 48042 3 2 5 58 6 18 04 10 328 20 244 3 0000 4 0046 5 0000 6 000 0 7 00 0 0 8 4 8 5 2 333 10 /// 59 013 6 000 0 7 0000 
03-AUG-2015 06 48043 3 2 5 56 8 18 06 10 230 20 214 3 0000 4 0000 5 0000 6 000 0 7 00 0 0 8 5 8 7 / 333 10 /// 58 000 6 000 0 7 0000 
03-AUG-2015 06 48045 3 1 5 57 8 14 01 10 252 20 205 3 0000 4 0000 5 0000 6 000 0 7 03 4 4 8 4 8 3 0 333 10 /// 58 000 6 000 0 7 0000 
03-AUG-2015 06 48048 3 2 5 60 6 22 01 10 305 20 267 3 0000 4 0052 5 0000 6 000 0 7 00 0 0 8 4 9 5 0 333 10 /// 59 015 6 000 0 7 0000 
03-AUG-2015 06 48052 3 2 4 68 5 00 00 10 325 20 244 3 0000 4 0000 5 0000 6 000 0 7 00 0 0 8 5 9 0 0 333 10 /// 58 000 6 000 0 7 0000 
03-AUG-2015 06 48053 3 2 4 56 7 18 03 10 300 20 253 3 0000 4 0059 5 0000 6 000 0 7 00 0 0 8 5 8 5 0 333 10 /// 59 012 6 000 0 7 0000 
03-AUG-2015 06 48055 2 2 4 56 6 18 03 10 230 20 214 3 0000 4 0066 5 0000 6 000 0 7 02 6 5 8 5 9 3 1 333 10 /// 58 019 6 000 0 7 0000 
03-AUG-2015 06 48057 3 2 4 58 6 22 03 10 230 20 198 3 0000 4 0000 5 0000 6 000 0 7 00 0 0 8 4 9 5 0 333 10 /// 58 000 6 000 0 7 0000 
03-AUG-2015 06 48060 2 2 3 40 6 00 00 10 282 20 220 3 0000 4 0010 5 0000 6 000 0 7 01 2 2 8 4 8 3 0 333 10 /// 59 041 6 000 0 7 0000 
03-AUG-2015 06 48062 3 2 4 57 6 13 02 10 300 20 280 3 0000 4 0065 5 0000 6 000 0 7 01 2 2 8 4 9 7 0 333 10 /// 59 012 6 000 0 7 0000 
03-AUG-2015 06 48064 3 2 4 58 7 04 01 10 294 20 253 3 0000 4 0033 5 0000 6 000 0 7 00 0 0 8 4 8 3 1 333 10 /// 59 023 6 000 0 7 0000 
03-AUG-2015 06 48065 3 2 5 57 7 00 00 10 307 20 267 3 0000 4 0000 5 0000 6 000 0 7 00 0 0 8 5 8 7 0 333 10 /// 58 000 6 000 0 7 0000 
03-AUG-2015 06 48071 2 1 4 58 7 00 00 10 265 20 265 3 0000 4 0070 5 0000 6 000 0 7 62 6 6 8 5 9 7 0 333 10 /// 59 010 6 000 0 7 0000 
03-AUG-2015 06 48072 3 2 4 60 7 09 02 10 285 20 259 3 0000 4 0000 5 0000 6 000 0 7 03 2 2 8 5 8 3 0 333 10 /// 58 000 6 000 0 7 0000 
03-AUG-2015 06 48074 3 2 4 59 7 23 03 10 280 20 250 3 0000 4 0080 5 0000 6 000 0 7 00 0 0 8 4 8 7 / 333 10 /// 59 014 6 000 0 7 0000 
03-AUG-2015 06 48075 2 1 4 56 8 32 01 10 220 20 220 3 0000 4 0081 5 0000 6 000 0 7 50 6 5 8 5 9 7 / 333 10 /// 58 003 6 000 0 7 0000 
03-AUG-2015 06 48077 3 2 5 59 8 00 00 10 300 20 253 3 0000 4 0054 5 0000 6 000 0 7 00 0 0 8 5 9 3 / 333 10 /// 59 017 6 000 0 7 0000 
03-AUG-2015 06 48078 2 1 5 56 6 18 01 10 279 20 268 3 0000 4 0077 5 0000 6 000 0 7 01 5 5 8 4 5 3 1 333 10 /// 59 008 6 000 0 7 0000 
03-AUG-2015 06 48080 3 2 4 60 8 13 04 10 283 20 268 3 0000 4 0071 5 0000 6 000 0 7 00 0 0 8 5 8 7 0 333 10 /// 59 019 6 000 0 7 0000 
03-AUG-2015 06 48085 3 2 4 58 6 22 03 10 276 20 256 3 0000 4 0073 5 0000 6 000 0 7 00 0 0 8 4 9 3 6 333 10 /// 59 012 6 000 0 7 0000 
03-AUG-2015 06 48087 3 2 5 58 6 23 01 10 303 20 253 3 0000 4 0000 5 0000 6 000 0 7 00 0 0 8 3 5 7 1 333 10 /// 58 000 6 000 0 7 0000 
03-AUG-2015 06 48092 3 2 4 57 7 23 02 10 300 20 253 3 0000 4 0058 5 0000 6 000 0 7 00 0 0 8 5 3 7 0 333 10 /// 59 013 6 000 0 7 0000 
03-AUG-2015 06 48093 3 2 5 56 8 23 01 10 270 20 256 3 0000 4 0000 5 0000 6 000 0 7 02 2 2 8 6 3 7 / 333 10 /// 58 000 6 000 0 7 0000 
03-AUG-2015 06 48094 2 1 5 58 8 22 01 10 260 20 260 3 0000 4 0080 5 0000 6 000 0 7 50 6 5 8 6 9 7 / 333 10 /// 59 005 6 000 0 7 0000 
03-AUG-2015 06 48095 2 1 4 58 8 00 00 10 275 20 275 3 0000 4 0000 5 0000 6 000 0 7 50 5 5 8 4 9 4 0 333 10 /// 58 000 6 000 0 7 0000 
03-AUG-2015 06 48097 2 1 5 57 7 23 04 10 305 20 274 3 0000 4 0080 5 0000 6 000 0 7 50 6 5 8 6 3 3 0 333 10 /// 59 017 6 000 0 7 0000 
03-AUG-2015 06 48099 2 1 3 40 8 23 04 10 252 20 252 3 0000 4 0091 5 0000 6 000 0 7 50 5 5 8 6 9 7 / 333 10 /// 59 005 6 000 0 7 0000 
03-AUG-2015 06 48101 2 1 4 56 8 27 03 10 262 20 246 3 0000 4 0000 5 0000 6 000 0 7 63 6 6 8 6 9 7 / 333 10 /// 58 000 6 000 0 7 0000 
03-AUG-2015 06 48103 2 1 4 50 8 22 03 10 256 20 246 3 0000 4 0091 5 0000 6 000 0 7 50 6 5 8 6 7 7 / 333 10 /// 59 003 6 000 0 7 0000 
03-AUG-2015 06 48107 3 2 3 50 6 23 01 10 278 20 250 3 0000 4 0097 5 0000 6 000 0 7 00 0 0 8 4 9 7 0 333 10 /// 59 007 6 000 0 7 0000 
03-AUG-2015 06 48108 2 1 4 95 8 23 03 10 280 20 250 3 0000 4 0107 5 0000 6 000 0 7 02 5 5 8 5 3 7 / 333 10 /// 59 003 6 000 0 7 0000 
03-AUG-2015 06 48109 2 1 3 97 8 23 02 10 248 20 233 3 0000 4 0093 5 0000 6 000 0 7 95 9 5 8 6 9 7 / 333 10 /// 59 003 6 000 0 7 0000 
03-AUG-2015 06 48110 3 2 4 96 8 00 00 10 310 20 254 3 0000 4 0107 5 0000 6 000 0 7 00 0 0 8 4 3 5 7 333 10 /// 59 011 6 000 0 7 0000 
03-AUG-2015 06 48112 2 1 5 97 8 18 02 10 285 20 250 3 0000 4 0112 5 0000 6 000 0 7 01 5 2 8 4 8 7 6 333 10 /// 58 000 6 000 0 7 0000 
