03-DEC-2015 12 48001 2 1 4 10 8 00 00 10 180 20 172 3 0000 4 0150 5 0000 6 000 0 7 62 6 6 8 6 9 2 / 333 10 195 58 008 6 004 2 7 0000 
03-DEC-2015 12 48004 3 2 4 58 5 00 00 10 220 20 205 3 0000 4 0000 5 0000 6 000 0 7 00 0 0 8 5 9 0 0 333 10 250 58 000 6 000 0 7 0000 
03-DEC-2015 12 48008 3 2 4 40 8 00 00 10 212 20 195 3 0000 4 0136 5 0000 6 000 0 7 00 0 0 8 4 9 7 / 333 10 228 59 009 6 000 0 7 0000 
03-DEC-2015 12 48010 3 2 4 20 8 18 01 10 225 20 205 3 0000 4 0127 5 0000 6 000 0 7 00 0 0 8 5 7 7 / 333 10 252 59 002 6 000 0 7 0000 
03-DEC-2015 12 48018 3 2 5 40 8 23 01 10 216 20 185 3 0000 4 0125 5 0000 6 000 0 7 00 0 0 8 4 8 7 / 333 10 235 59 012 6 000 0 7 0000 
03-DEC-2015 12 48019 3 2 4 40 8 00 00 10 210 20 195 3 0000 4 0132 5 0000 6 000 0 7 00 0 0 8 5 7 7 / 333 10 226 58 005 6 000 0 7 0000 
03-DEC-2015 12 48020 3 2 3 20 8 00 00 10 220 20 205 3 0000 4 0000 5 0000 6 000 0 7 00 0 0 8 8 7 0 0 333 10 250 58 000 6 000 0 7 0000 
03-DEC-2015 12 48025 3 2 3 20 8 32 01 10 230 20 198 3 0000 4 0131 5 0000 6 000 0 7 00 0 0 8 5 8 7 / 333 10 245 59 016 6 000 0 7 0000 
03-DEC-2015 12 48030 3 2 1 30 8 22 02 10 132 20 067 3 0000 4 0000 5 0000 6 000 0 7 00 0 0 8 7 8 4 / 333 10 174 58 000 6 000 0 7 0000 
03-DEC-2015 12 48033 3 2 5 59 7 00 00 10 230 20 214 3 0000 4 0132 5 0000 6 000 0 7 00 0 0 8 5 9 7 0 333 10 250 58 015 6 000 0 7 0000 
03-DEC-2015 12 48035 2 1 2 10 8 00 00 10 172 20 170 3 0000 4 0153 5 0000 6 000 0 7 51 5 5 8 6 9 2 / 333 10 197 58 026 6 004 2 7 0000 
03-DEC-2015 12 48037 2 2 4 20 8 00 00 10 236 20 209 3 0000 4 0130 5 0000 6 000 0 7 00 0 0 8 5 8 2 / 333 10 245 58 014 6 990 2 7 0000 
03-DEC-2015 12 48042 2 1 4 30 8 00 00 10 227 20 214 3 0000 4 0131 5 0000 6 000 0 7 50 5 5 8 5 9 7 / 333 10 255 58 006 6 002 2 7 0000 
03-DEC-2015 12 48048 2 1 5 50 8 32 01 10 232 20 181 3 0000 4 0123 5 0000 6 000 0 7 50 5 5 8 6 9 7 / 333 10 245 58 004 6 001 2 7 0000 
03-DEC-2015 12 48052 2 1 3 40 8 12 02 10 238 20 226 3 0000 4 0000 5 0000 6 000 0 7 60 2 2 8 5 9 7 0 333 10 298 58 000 6 000 0 7 0000 
03-DEC-2015 12 48053 3 2 4 40 8 36 04 10 230 20 198 3 0000 4 0133 5 0000 6 000 0 7 00 0 0 8 5 5 5 / 333 10 265 58 014 6 000 0 7 0000 
03-DEC-2015 12 48055 3 2 4 56 8 02 09 10 192 20 159 3 0000 4 0138 5 0000 6 000 0 7 00 0 0 8 6 9 7 / 333 10 250 58 018 6 000 0 7 0000 
03-DEC-2015 12 48057 3 2 4 40 8 23 01 10 164 20 144 3 0000 4 0000 5 0000 6 000 0 7 00 0 0 8 6 3 0 0 333 10 207 58 000 6 000 0 7 0000 
03-DEC-2015 12 48060 3 2 4 20 7 04 01 10 230 20 181 3 0000 4 0125 5 0000 6 000 0 7 00 0 0 8 4 8 7 0 333 10 275 59 026 6 000 0 7 0000 
03-DEC-2015 12 48062 3 1 3 50 8 32 02 10 230 20 210 3 0000 4 0133 5 0000 6 000 0 7 02 3 2 8 6 9 7 0 333 10 250 58 010 6 000 2 7 0000 
03-DEC-2015 12 48064 3 2 4 50 8 00 00 10 251 20 219 3 0000 4 0129 5 0000 6 000 0 7 03 2 2 8 5 8 7 0 333 10 288 58 024 6 000 0 7 0000 
03-DEC-2015 12 48065 3 2 4 50 8 04 02 10 252 20 219 3 0000 4 0000 5 0000 6 000 0 7 00 0 0 8 5 8 7 0 333 10 280 58 000 6 000 0 7 0000 
03-DEC-2015 12 48071 3 2 4 40 8 32 02 10 260 20 215 3 0000 4 0129 5 0000 6 000 0 7 00 0 0 8 6 8 7 / 333 10 298 58 005 6 000 0 7 0000 
03-DEC-2015 12 48074 3 2 4 57 8 32 03 10 280 20 184 3 0000 4 0130 5 0000 6 000 0 7 00 0 0 8 4 8 7 / 333 10 313 58 013 6 000 0 7 0000 
03-DEC-2015 12 48075 3 2 4 56 3 00 00 10 220 20 173 3 0000 4 0145 5 0000 6 000 0 7 00 0 0 8 2 5 3 0 333 10 280 58 015 6 000 2 7 0000 
03-DEC-2015 12 48077 3 2 5 56 6 00 00 10 288 20 230 3 0000 4 0107 5 0000 6 000 0 7 00 0 0 8 4 9 3 0 333 10 318 59 002 6 000 2 7 0000 
03-DEC-2015 12 48078 3 2 5 50 4 00 00 10 283 20 225 3 0000 4 0117 5 0000 6 000 0 7 00 0 0 8 1 2 3 1 333 10 320 59 004 6 000 0 7 0000 
03-DEC-2015 12 48080 3 2 4 56 8 04 01 10 275 20 233 3 0000 4 0113 5 0000 6 000 0 7 00 0 0 8 5 8 7 0 333 10 330 59 005 6 000 0 7 0000 
03-DEC-2015 12 48085 3 2 4 56 6 09 01 10 274 20 240 3 0000 4 0104 5 0000 6 000 0 7 00 0 0 8 5 8 7 0 333 10 315 59 012 6 000 0 7 0000 
03-DEC-2015 12 48092 3 2 4 57 3 00 00 10 290 20 259 3 0000 4 0092 5 0000 6 000 0 7 00 0 0 8 3 8 0 0 333 10 350 59 004 6 000 0 7 0000 
03-DEC-2015 12 48093 3 2 9 30 1 23 01 10 280 20 233 3 0000 4 0000 5 0000 6 000 0 7 00 0 0 8 0 0 0 1 333 10 341 58 000 6 000 0 7 0000 
03-DEC-2015 12 48094 3 2 4 56 3 00 00 10 300 20 240 3 0000 4 0109 5 0000 6 000 0 7 00 0 0 8 2 5 4 0 333 10 350 59 015 6 000 0 7 0000 
03-DEC-2015 12 48096 3 2 4 57 5 33 04 10 290 20 215 3 0000 4 0113 5 0000 6 000 0 7 00 0 0 8 2 5 3 1 333 10 348 59 008 6 000 0 7 0000 
03-DEC-2015 12 48097 3 2 5 56 4 23 01 10 295 20 226 3 0000 4 0117 5 0000 6 000 0 7 00 0 0 8 3 8 0 1 333 10 350 59 007 6 000 2 7 0000 
03-DEC-2015 12 48099 3 2 3 30 3 00 00 10 300 20 239 3 0000 4 0107 5 0000 6 000 0 7 00 0 0 8 2 8 0 1 333 10 363 59 001 6 000 0 7 0000 
03-DEC-2015 12 48103 3 2 4 40 1 32 02 10 296 20 239 3 0000 4 0103 5 0000 6 000 0 7 00 0 0 8 1 5 0 0 333 10 365 59 006 6 000 0 7 0000 
03-DEC-2015 12 48107 2 1 3 30 6 13 02 10 250 20 233 3 0000 4 0107 5 0000 6 000 0 7 01 9 6 8 4 9 7 0 333 10 356 59 004 6 015 2 7 0000 
03-DEC-2015 12 48108 2 1 4 93 8 23 01 10 270 20 240 3 0000 4 0113 5 0000 6 000 0 7 95 9 6 8 5 9 7 7 333 10 355 59 005 6 009 2 7 0000 
03-DEC-2015 12 48109 3 2 4 96 5 00 00 10 320 20 266 3 0000 4 0115 5 0000 6 000 0 7 00 0 0 8 3 9 0 1 333 10 350 59 011 6 000 0 7 0000 
03-DEC-2015 12 48110 2 1 4 59 8 23 04 10 280 20 250 3 0000 4 0103 5 0000 6 000 0 7 13 9 9 8 5 3 0 7 333 10 330 59 008 6 002 2 7 0000 
03-DEC-2015 12 48112 3 2 5 97 8 09 05 10 296 20 239 3 0000 4 0095 5 0000 6 000 0 7 00 0 0 8 3 8 7 6 333 10 323 59 014 6 000 0 7 0000 
