031200 48001 21410 80000 10180 20172 40150 76266 8692/ 333 10195 56499 58008 60042=
031200 48004 32458 50000 10220 20205 85900 333 10250 56500=
031200 48008 32440 80000 10212 20195 40136 8497/ 333 10228 56459 59009=
031200 48010 32420 81801 10225 20205 40127 8577/ 333 10252 56559 59002=
031200 48018 32540 82301 10216 20185 40125 8487/ 333 10235 56459 59012=
031200 48019 32440 80000 10210 20195 40132 8577/ 333 10226 56999 58005=
031200 48020 32320 80000 10220 20205 88700 333 10250 56900=
031200 48025 32320 83201 10230 20198 40131 8587/ 333 10245 56599 59016=
031200 48030 32130 82202 10132 20067 8784/ 333 10174 56569=
031200 48033 32559 70000 10230 20214 40132 85970 333 10250 56770 58015=
031200 48034 21456 80000 10155 20139 75155 8692/ 333 10175 56599 60042=
031200 48035 21210 80000 10172 20170 40153 75155 8692/ 333 10197 56999 58026 60042=
031200 48037 22420 80000 10236 20209 40130 8582/ 333 10245 56659 58014 69902=
031200 48039 21450 80401 10223 20218 70255 85470 333 10243 56550 60012=
031200 48042 21430 80000 10227 20214 40131 75055 8597/ 333 10255 56999 58006 60022=
031200 48043 21510 80000 10160 20160 75055 8677/ 333 10195 56999 60032=
031200 48045 21450 80403 10131 20113 75254 887// 333 10166 56199 60022=
031200 48048 21550 83201 10232 20181 40123 75055 8697/ 333 10245 56899 58004 60012=
031200 48051 21456 80000 10218 20210 75055 86970 333 10242 56990 60012=
031200 48052 21340 81202 10238 20226 76022 85970 333 10298 56990=
031200 48053 32440 83604 10230 20198 40133 8555/ 333 10265 56699 58014=
031200 48055 32456 80209 10192 20159 40138 8697/ 333 10250 56559 58018=
031200 48057 32440 82301 10164 20144 86300 333 10207 56590=
031200 48060 32420 70401 10230 20181 40125 84870 333 10275 56440 59026=
031200 48062 31350 83202 10230 20210 40133 70232 86970 333 10250 56690 58010 60002=
031200 48064 32450 80000 10251 20219 40129 70322 85870 333 10288 56550 58024=
031200 48065 32450 80402 10252 20219 85870 333 10280 56990=
031200 48071 32440 83202 10260 20215 40129 8687/ 333 10298 5679/ 58005=
031200 48074 32457 83203 10280 20184 40130 8487/ 333 10313 56559 58013=
031200 48075 32456 30000 10220 20173 40145 82530 333 10280 56590 58015 60002=
031200 48077 32556 60000 10288 20230 40107 84930 333 10318 56990 59002 60002=
031200 48078 32550 40000 10283 20225 40117 81231 333 10320 56669 59004=
031200 48080 32456 80401 10275 20233 40113 85870 333 10330 56590 59005=
031200 48085 32456 60901 10274 20240 40104 85870 333 10315 56690 59012=
031200 48092 32457 30000 10290 20259 40092 83800 333 10350 56900 59004=
031200 48093 32930 12301 10280 20233 80001 333 10341 56009=
031200 48094 32456 30000 10300 20240 40109 82540 333 10350 56990 59015=
031200 48095 32450 10000 10275 20256 81200 333 10320 56900 60002=
031200 48096 32457 53304 10290 20215 40113 82531 333 10348 56999 59008=  48108 21493 82301 10270 20240 40113 79596 85977 333 10355 56699 59005 60092=  
031200 48097 32556 42301 10295 20226 40117 83801 333 10350 56909 59007 60002=
031200 48099 32330 30000 10300 20239 40107 82801 333 10363 56909 59001=
031200 48101 32650 20000 10283 20250 81201 333 10350 56909 60002=
031200 48103 32440 13202 10296 20239 40103 81500 333 10365 56700 59006=
031200 48107 21330 61302 10250 20233 40107 70196 84970 333 10356 56330 59004 60152=
031200 48108 21493 82301 10270 20240 40113 79596 85977 333 10355 56699 59005 60092=
031200 48109 32496 50000 10320 20266 40115 83901 333 10350 56909 59011=
031200 48110 21459 82304 10280 20250 40103 71399 85307 333 10330 56209 59008 60022=
031200 48112 32597 80905 10296 20239 40095 83876 333 10323 56299 59014=
