48001 31920 90401 10103 20097 40226 74144 333 58020=
48004 31458 13201 10145 20111 71044 81500 333 56900=
48008 31557 10401 10170 20117 40217 70144 81400 333 56100 58015=
48010 31040 00000 10155 20144 40242 74044 333 58039=
48018 31956 00000 10160 20144 40197 74244 333 59001=
48019 32960 00000 10163 20123 40205 333 58013=
48020 32950 00000 10160 20144 333=
48025 31110 33201 10182 20147 40218 74044 83600 333 56600 58018=
48030 32956 22204 10054 21039 80001 333 56009=
48031 32268 71801 10165 20059 80040 333 56090=
48033 32962 03201 10200 20150 40179 333 58000=
48034 31948 00000 10140 20082 71000 333=
48035 31940 00000 10127 20086 40226 71044 333 58026=
48037 32956 30401 10190 20139 40188 80001 333 56007 58017=
48039 31940 32201 10200 20150 74044 80002 333 56009=
48042 31540 30000 10215 20167 40208 71011 82402 333 56909 58034=
48043 32056 20000 10155 20123 80002 333 56009=
48045 32957 61402 10160 29033 80006 333 56009=
48048 32560 40401 10215 20156 40204 84800 333 56400 58022=
48051 32956 33603 10186 20140 80006 333 56009=
48052 32458 33202 10220 20156 83800 333 56900=
48053 32950 03602 10220 20156 40203 333 58029=
48055 31950 10901 10157 20117 40223 70511 80001 333 56009 58014=
48057 32957 21401 10190 20079 80006 333 56009=
48060 32440 20000 10187 20139 40234 82100 333 56500 58034=
48062 32956 30402 10205 20150 40201 80031 333 56099 58028=
48064 32960 01401 10190 20118 40197 333 58031=
48065 32960 00000 10214 20120 333=
48071 31458 10501 10215 20185 40195 71040 81200 333 56900 58015=
48072 31459 10000 10230 20181 70522 81200 333 56900=
48074 32957 03601 10190 20159 40207 333 58027=
48075 31458 20000 10180 20170 40241 70544 82500 333 56500 58033=
48077 32959 20402 10220 20136 40182 80001 333 56009 58008=
48078 32956 20903 10220 20176 40211 80001 333 56009 58023=
48080 31958 10000 10171 20154 40190 70344 80006 333 56009 58014=
48085 32958 33602 10222 20185 40193 80006 333 56009 58018=
48087 32956 00402 10214 20160 333=
48092 31450 40902 10260 20213 40180 70522 83801 333 56909 58026=
48093 32656 30401 10248 20219 70111 83800 333 56900=
48094 32558 33201 10240 20210 40198 70211 82501 333 56909 58032=
48095 32458 50000 10245 20191 83670 333 56990=
48097 32557 41401 10270 20211 40192 82501 333 56909 58014=
48099 31440 40402 10260 20203 40189 70544 84800 333 56100 58012=
48101 32958 10000 10252 20186 80001 333 56009=
48103 32556 32201 10268 20211 40190 83800 333 56500 58016=
48107 31950 00401 10270 20191 40179 70144 333 58020=
48108 32596 60501 10250 20186 40183 82407 333 56909 58008=
48109 32497 30401 10276 20233 40191 83500 333 56900 58018=
48110 31996 11301 10260 20191 40181 70511 80005 333 56009 58014=
48112 32596 60405 10270 20226 40172 82216 333 56199 58012=  