48001 32450 30401 10238 20114 40172 83800 333 56500 58029=
48004 32560 12201 10275 20158 81500 333 56900=
48008 32557 22301 10296 20098 40166 82270 333 56500 58005=
48010 32060 00000 10295 20266 40176 333 58016=
48018 32560 10401 10300 20166 40180 81100 333 56500 58001=
48019 32960 00401 10280 20158 40172 333 59015=
48020 NIL=
48025 32956 02201 10305 20141 40171 333 58010=
48035 32959 02703 10267 20085 40136 70500 333 58004=
48037 32662 43601 10319 20163 40155 80001 333 56007 58030=
48042 32557 53601 10320 20163 40163 70311 81102 333 56909 58026=
48045 32560 61404 10239 20095 81106 333 56505=
48048 32560 50401 10320 20163 40160 84850 333 56450 58036=
48051 32960 30401 10327 20150 70311 80006 333 56009=
48053 32956 41802 10320 20140 40157 80006 333 56009 58022=
48060 32440 32202 10284 20098 40137 82130 333 56560 58005=
48062 31556 62303 10285 20230 40180 70522 82834 333 56599 58022=
48071 32460 33202 10265 20191 40174 82201 333 56909 58020=
48075 31558 32201 10290 20140 40148 70522 83800 333 56500 58021=
48077 32559 30401 10360 20132 40142 81301 333 56909 58009=
48078 32558 33202 10340 20111 40155 81101 333 56909 58014=
48080 32959 22206 10330 20244 40152 80006 333 56009 58011=
48085 32958 23203 10304 20185 40149 80006 333 56009 58000=
48095 32550 40000 10320 20200 83640 333 56990=
48108 32596 50505 10350 20202 40140 83806 333 56109 58003=
48109 32497 30401 10310 20254 40159 82501 333 56909 58009=
48110 31596 42304 10335 20190 40133 70522 82306 333 56209 58001=
48112 32597 80407 10325 20225 40132 70222 83876 333 56199 58007=
48030 32956 02202 10214 20072 333=
48072 32460 10404 10290 20230 70322 83830 333 56490=
48087 NIL=
48099 32558 42303 10343 20206 40142 83801 333 56500 58018=
48101 32760 33201 10316 20200 70311 80035 333 56099=
48103 32556 43201 10338 20184 40144 84800 333 56700 58015=
48057 32958 51401 10244 20066 80006 333 56009=
48094 32460 53202 10340 20210 40150 83970 333 56990 58010=
48097 32557 60502 10330 20201 40149 84806 333 56909 58009=
48031 32968 02201 10235 20034 333=
48033 32963 03601 10310 20169 40152 333 58002=
48034 32457 12302 10258 20070 81500 333 56500=
48039 32960 61401 10311 20146 80002 333 56005=
48043 32057 41805 10250 20068 80002 333 56009=
48052 32470 33202 10340 20164 83800 333 56900=
48055 32557 42303 10287 20133 40124 82806 333 56509 58010=
48064 32970 21401 10302 20223 40136 80001 333 56009 58005=
48065 32970 20000 10332 20151 80006 333 56009=
48074 32960 21401 10341 20145 40155 80002 333 56004 58018=
48092 31457 40401 10330 20172 40136 70522 83801 333 56909 58019=
48093 32457 41401 10323 20184 84800 333 56100=
48107 32950 01302 10338 20164 40123 333 58005=  48001 32450 30401 10238 20114 40172 83800 333 56500 58029=
48004 32560 12201 10275 20158 81500 333 56900=
48008 32557 22301 10296 20098 40166 82270 333 56500 58005=
48010 32060 00000 10295 20266 40176 333 58016=
48018 32560 10401 10300 20166 40180 81100 333 56500 58001=
48019 32960 00401 10280 20158 40172 333 59015=
48020 NIL=
48025 32956 02201 10305 20141 40171 333 58010=
48030 32956 02202 10214 20072 333=
48031 32968 02201 10235 20034 333=
48033 32963 03601 10310 20169 40152 333 58002=
48034 32457 12302 10258 20070 81500 333 56500=
48035 32959 02703 10267 20085 40136 70500 333 58004=
48037 32662 43601 10319 20163 40155 80001 333 56007 58030=
48039 32960 61401 10311 20146 80002 333 56005=
48042 32557 53601 10320 20163 40163 70311 81102 333 56909 58026=
48043 32057 41805 10250 20068 80002 333 56009=
48045 32560 61404 10239 20095 81106 333 56505=
48048 32560 50401 10320 20163 40160 84850 333 56450 58036=
48051 32960 30401 10327 20150 70311 80006 333 56009=
48052 32470 33202 10340 20164 83800 333 56900=
48053 32956 41802 10320 20140 40157 80006 333 56009 58022=
48055 32557 42303 10287 20133 40124 82806 333 56509 58010=
48057 32958 51401 10244 20066 80006 333 56009=
48060 32440 32202 10284 20098 40137 82130 333 56560 58005=
48062 31556 62303 10285 20230 40180 70522 82834 333 56599 58022=
48064 32970 21401 10302 20223 40136 80001 333 56009 58005=
48065 32970 20000 10332 20151 80006 333 56009=
48071 32460 33202 10265 20191 40174 82201 333 56909 58020=
48072 32460 10404 10290 20230 70322 83830 333 56490=
48074 32960 21401 10341 20145 40155 80002 333 56004 58018=
48075 31558 32201 10290 20140 40148 70522 83800 333 56500 58021=
48077 32559 30401 10360 20132 40142 81301 333 56909 58009=
48078 32558 33202 10340 20111 40155 81101 333 56909 58014=
48080 32959 22206 10330 20244 40152 80006 333 56009 58011=
48085 32958 23203 10304 20185 40149 80006 333 56009 58000=
48087 NIL=
48092 31457 40401 10330 20172 40136 70522 83801 333 56909 58019=
48093 32457 41401 10323 20184 84800 333 56100=
48094 32460 53202 10340 20210 40150 83970 333 56990 58010=
48095 32550 40000 10320 20200 83640 333 56990=
48097 32557 60502 10330 20201 40149 84806 333 56909 58009=
48099 32558 42303 10343 20206 40142 83801 333 56500 58018=
48101 32760 33201 10316 20200 70311 80035 333 56099=
48103 32556 43201 10338 20184 40144 84800 333 56700 58015=
48107 32950 01302 10338 20164 40123 333 58005=
48108 32596 50505 10350 20202 40140 83806 333 56109 58003=
48109 32497 30401 10310 20254 40159 82501 333 56909 58009=
48110 31596 42304 10335 20190 40133 70522 82306 333 56209 58001=
48112 32597 80407 10325 20225 40132 70222 83876 333 56199 58007=  