030600 48004 32560 10401 10234 20124 81500 333 56900=
030600 48008 32557 20401 10250 20128 40198 82200 333 56100 58009=
030600 48010 31058 01401 10250 20150 40200 70244 333 58024=
030600 48018 32960 01402 10260 20138 40205 333 58010=
030600 48019 32960 00401 10240 20136 40203 333 58031=
030600 48020 32457 13604 10260 20179 81100 333 56400=
030600 48025 31440 20901 10270 20154 40208 70144 81540 333 56990 58013=
030600 48035 31959 00000 10243 20114 40175 70500 333 58017=
030600 48037 32960 10401 10273 20133 40202 80001 333 56007 58037=
030600 48042 31556 22201 10280 20158 40093 70511 81402 333 56909 58032=
030600 48045 32963 11403 10210 20072 80001 333 56009=
030600 48048 32560 40401 10290 20179 40192 84800 333 56400 58015=
030600 48051 32960 13601 10290 20130 80001 333 56009=
030600 48053 32556 43602 10290 20159 40184 82506 333 56509 58021=
030600 48060 32440 30000 10242 20155 40176 82130 333 56560 59001=
030600 48062 32957 20901 10265 20210 40196 80002 333 56009 58013=
030600 48071 32460 33201 10250 20167 40196 82201 333 56909 58015=
030600 48075 31558 32201 10260 20120 40185 70522 83800 333 56500 58041=
030600 48077 32959 20401 10320 20118 40163 80001 333 56009 58001=
030600 48078 32557 23203 10300 20175 40184 81101 333 56909 58017=
030600 48080 32460 33203 10311 20225 40167 82206 333 56909 58005=
030600 48085 32958 32704 10298 20166 40185 80006 333 56009 58017=
030600 48095 32558 40401 10300 20207 83640 333 56990=
030600 48108 32596 50508 10325 20188 40171 83807 333 56909 58017=
030600 48109 32497 30401 10312 20254 40187 83500 333 56900 58015=
030600 48110 31596 31802 10320 20200 40168 70511 81205 333 56209 58017=
030600 48112 32597 80405 10315 20210 40156 83876 333 56199 58012=
030600 48030 32256 12202 10200 20033 80001 333 56009=
030600 48072 32460 41303 10290 20215 70322 82330 333 56390=
030600 48087 32960 00000 10294 20179 333=
030600 48099 32456 43202 10320 20200 40175 84800 333 56700 58017=
030600 48101 32660 20000 10308 20203 82100 333 56200=
030600 48103 32556 23201 10323 20184 40178 82500 333 56700 58022=
030600 48057 32457 41402 10220 20087 81506 333 56409=
030600 48094 32460 33201 10320 20220 40178 83900 333 56900 58014=
030600 48097 32557 51403 10330 20206 40169 84806 333 56909 58006=
030600 48031 32960 02201 10210 20019 333=
030600 48033 32963 03201 10280 20146 40174 333 58003=
030600 48034 32957 01803 10248 20068 333=
030600 48039 32959 32201 10280 20158 80002 333 56005=
030600 48043 32058 23203 10230 20097 80002 333 56009=
030600 48052 32470 33202 10290 20159 83800 333 56900=
030600 48055 32556 42304 10248 20126 40173 83801 333 56509 58029=
030600 48064 32970 21401 10270 20191 40181 80001 333 56009 58018=
030600 48065 32970 10000 10294 20159 80001 333 56009=
030600 48074 32960 13202 10290 20140 40191 80001 333 56009 58027=
030600 48092 31456 50901 10320 20200 40164 70522 83801 333 56909 58026=
030600 48093 32657 41401 10300 20185 70311 84800 333 56900=
030600 48107 32930 01301 10330 20172 40159 333 58023=  48001 NIL=
030600 48004 32560 10401 10234 20124 81500 333 56900=
030600 48008 32557 20401 10250 20128 40198 82200 333 56100 58009=
030600 48010 31058 01401 10250 20150 40200 70244 333 58024=
030600 48018 32960 01402 10260 20138 40205 333 58010=
030600 48019 32960 00401 10240 20136 40203 333 58031=
030600 48020 32457 13604 10260 20179 81100 333 56400=
030600 48025 31440 20901 10270 20154 40208 70144 81540 333 56990 58013=
030600 48030 32256 12202 10200 20033 80001 333 56009=
030600 48031 32960 02201 10210 20019 333=
030600 48033 32963 03201 10280 20146 40174 333 58003=
030600 48034 32957 01803 10248 20068 333=
030600 48035 31959 00000 10243 20114 40175 70500 333 58017=
030600 48037 32960 10401 10273 20133 40202 80001 333 56007 58037=
030600 48039 32959 32201 10280 20158 80002 333 56005=
030600 48042 31556 22201 10280 20158 40093 70511 81402 333 56909 58032=
030600 48043 32058 23203 10230 20097 80002 333 56009=
030600 48045 32963 11403 10210 20072 80001 333 56009=
030600 48048 32560 40401 10290 20179 40192 84800 333 56400 58015=
030600 48051 32960 13601 10290 20130 80001 333 56009=
030600 48052 32470 33202 10290 20159 83800 333 56900=
030600 48053 32556 43602 10290 20159 40184 82506 333 56509 58021=
030600 48055 32556 42304 10248 20126 40173 83801 333 56509 58029=
030600 48057 32457 41402 10220 20087 81506 333 56409=
030600 48060 32440 30000 10242 20155 40176 82130 333 56560 59001=
030600 48062 32957 20901 10265 20210 40196 80002 333 56009 58013=
030600 48064 32970 21401 10270 20191 40181 80001 333 56009 58018=
030600 48065 32970 10000 10294 20159 80001 333 56009=
030600 48071 32460 33201 10250 20167 40196 82201 333 56909 58015=
030600 48072 32460 41303 10290 20215 70322 82330 333 56390=
030600 48074 32960 13202 10290 20140 40191 80001 333 56009 58027=
030600 48075 31558 32201 10260 20120 40185 70522 83800 333 56500 58041=
030600 48077 32959 20401 10320 20118 40163 80001 333 56009 58001=
030600 48078 32557 23203 10300 20175 40184 81101 333 56909 58017=
030600 48080 32460 33203 10311 20225 40167 82206 333 56909 58005=
030600 48085 32958 32704 10298 20166 40185 80006 333 56009 58017=
030600 48087 32960 00000 10294 20179 333=
030600 48092 31456 50901 10320 20200 40164 70522 83801 333 56909 58026=
030600 48093 32657 41401 10300 20185 70311 84800 333 56900=
030600 48094 32460 33201 10320 20220 40178 83900 333 56900 58014=
030600 48095 32558 40401 10300 20207 83640 333 56990=
030600 48097 32557 51403 10330 20206 40169 84806 333 56909 58006=
030600 48099 32456 43202 10320 20200 40175 84800 333 56700 58017=
030600 48101 32660 20000 10308 20203 82100 333 56200=
030600 48103 32556 23201 10323 20184 40178 82500 333 56700 58022=
030600 48107 32930 01301 10330 20172 40159 333 58023=
030600 48108 32596 50508 10325 20188 40171 83807 333 56909 58017=
030600 48109 32497 30401 10312 20254 40187 83500 333 56900 58015=
030600 48110 31596 31802 10320 20200 40168 70511 81205 333 56209 58017=
030600 48112 32597 80405 10315 20210 40156 83876 333 56199 58012=  48001 NIL=
030600 48004 32560 10401 10234 20124 81500 333 56900=
030600 48008 32557 20401 10250 20128 40198 82200 333 56100 58009=
030600 48010 31058 01401 10250 20150 40200 70244 333 58024=
030600 48018 32960 01402 10260 20138 40205 333 58010=
030600 48019 32960 00401 10240 20136 40203 333 58031=
030600 48020 32457 13604 10260 20179 81100 333 56400=
030600 48025 31440 20901 10270 20154 40208 70144 81540 333 56990 58013=
030600 48030 32256 12202 10200 20033 80001 333 56009=
030600 48031 32960 02201 10210 20019 333=
030600 48033 32963 03201 10280 20146 40174 333 58003=
030600 48034 32957 01803 10248 20068 333=
030600 48035 31959 00000 10243 20114 40175 70500 333 58017=
030600 48037 32960 10401 10273 20133 40202 80001 333 56007 58037=
030600 48039 32959 32201 10280 20158 80002 333 56005=
030600 48042 31556 22201 10280 20158 40093 70511 81402 333 56909 58032=
030600 48043 32058 23203 10230 20097 80002 333 56009=
030600 48045 32963 11403 10210 20072 80001 333 56009=
030600 48048 32560 40401 10290 20179 40192 84800 333 56400 58015=
030600 48051 32960 13601 10290 20130 80001 333 56009=
030600 48052 32470 33202 10290 20159 83800 333 56900=
030600 48053 32556 43602 10290 20159 40184 82506 333 56509 58021=
030600 48055 32556 42304 10248 20126 40173 83801 333 56509 58029=
030600 48057 32457 41402 10220 20087 81506 333 56409=
030600 48060 32440 30000 10242 20155 40176 82130 333 56560 59001=
030600 48062 32957 20901 10265 20210 40196 80002 333 56009 58013=
030600 48064 32970 21401 10270 20191 40181 80001 333 56009 58018=
030600 48065 32970 10000 10294 20159 80001 333 56009=
030600 48071 32460 33201 10250 20167 40196 82201 333 56909 58015=
030600 48072 32460 41303 10290 20215 70322 82330 333 56390=
030600 48074 32960 13202 10290 20140 40191 80001 333 56009 58027=
030600 48075 31558 32201 10260 20120 40185 70522 83800 333 56500 58041=
030600 48077 32959 20401 10320 20118 40163 80001 333 56009 58001=
030600 48078 32557 23203 10300 20175 40184 81101 333 56909 58017=
030600 48080 32460 33203 10311 20225 40167 82206 333 56909 58005=
030600 48085 32958 32704 10298 20166 40185 80006 333 56009 58017=
030600 48087 32960 00000 10294 20179 333=
030600 48092 31456 50901 10320 20200 40164 70522 83801 333 56909 58026=
030600 48093 32657 41401 10300 20185 70311 84800 333 56900=
030600 48094 32460 33201 10320 20220 40178 83900 333 56900 58014=
030600 48095 32558 40401 10300 20207 83640 333 56990=
030600 48097 32557 51403 10330 20206 40169 84806 333 56909 58006=
030600 48099 32456 43202 10320 20200 40175 84800 333 56700 58017=
030600 48101 32660 20000 10308 20203 82100 333 56200=
030600 48103 32556 23201 10323 20184 40178 82500 333 56700 58022=
030600 48107 32930 01301 10330 20172 40159 333 58023=
030600 48108 32596 50508 10325 20188 40171 83807 333 56909 58017=
030600 48109 32497 30401 10312 20254 40187 83500 333 56900 58015=
030600 48110 31596 31802 10320 20200 40168 70511 81205 333 56209 58017=
030600 48112 32597 80405 10315 20210 40156 83876 333 56199 58012=  
