03-FEB-2015 06 48004 3 2 5 60 1 04 01 10 234 20 124 3 0000 4 0000 5 0000 6 000 0 7 00 0 0 8 1 5 0 0 333 10 /// 58 000 6 000 0 7 0000 
03-FEB-2015 06 48008 3 2 5 57 2 04 01 10 250 20 128 3 0000 4 0198 5 0000 6 000 0 7 00 0 0 8 2 2 0 0 333 10 /// 58 009 6 000 0 7 0000 
03-FEB-2015 06 48010 3 1 0 58 0 14 01 10 250 20 150 3 0000 4 0200 5 0000 6 000 0 7 02 4 4 8 0 0 0 0 333 10 /// 58 024 6 000 0 7 0000 
03-FEB-2015 06 48018 3 2 9 60 0 14 02 10 260 20 138 3 0000 4 0205 5 0000 6 000 0 7 00 0 0 8 0 0 0 0 333 10 /// 58 010 6 000 0 7 0000 
03-FEB-2015 06 48019 3 2 9 60 0 04 01 10 240 20 136 3 0000 4 0203 5 0000 6 000 0 7 00 0 0 8 0 0 0 0 333 10 /// 58 031 6 000 0 7 0000 
03-FEB-2015 06 48020 3 2 4 57 1 36 04 10 260 20 179 3 0000 4 0000 5 0000 6 000 0 7 00 0 0 8 1 1 0 0 333 10 /// 58 000 6 000 0 7 0000 
03-FEB-2015 06 48025 3 1 4 40 2 09 01 10 270 20 154 3 0000 4 0208 5 0000 6 000 0 7 01 4 4 8 1 5 4 0 333 10 /// 58 013 6 000 0 7 0000 
03-FEB-2015 06 48030 3 2 2 56 1 22 02 10 200 20 033 3 0000 4 0000 5 0000 6 000 0 7 00 0 0 8 0 0 0 1 333 10 /// 58 000 6 000 0 7 0000 
03-FEB-2015 06 48031 3 2 9 60 0 22 01 10 210 20 019 3 0000 4 0000 5 0000 6 000 0 7 00 0 0 8 0 0 0 0 333 10 /// 58 000 6 000 0 7 0000 
03-FEB-2015 06 48033 3 2 9 63 0 32 01 10 280 20 146 3 0000 4 0174 5 0000 6 000 0 7 00 0 0 8 0 0 0 0 333 10 /// 58 003 6 000 0 7 0000 
03-FEB-2015 06 48034 3 2 9 57 0 18 03 10 248 20 068 3 0000 4 0000 5 0000 6 000 0 7 00 0 0 8 0 0 0 0 333 10 /// 58 000 6 000 0 7 0000 
03-FEB-2015 06 48035 3 1 9 59 0 00 00 10 243 20 114 3 0000 4 0175 5 0000 6 000 0 7 05 0 0 8 0 0 0 0 333 10 /// 58 017 6 000 0 7 0000 
03-FEB-2015 06 48037 3 2 9 60 1 04 01 10 273 20 133 3 0000 4 0202 5 0000 6 000 0 7 00 0 0 8 0 0 0 1 333 10 /// 58 037 6 000 0 7 0000 
03-FEB-2015 06 48039 3 2 9 59 3 22 01 10 280 20 158 3 0000 4 0000 5 0000 6 000 0 7 00 0 0 8 0 0 0 2 333 10 /// 58 000 6 000 0 7 0000 
03-FEB-2015 06 48042 3 1 5 56 2 22 01 10 280 20 158 3 0000 4 0093 5 0000 6 000 0 7 05 1 1 8 1 4 0 2 333 10 /// 58 032 6 000 0 7 0000 
03-FEB-2015 06 48043 3 2 0 58 2 32 03 10 230 20 097 3 0000 4 0000 5 0000 6 000 0 7 00 0 0 8 0 0 0 2 333 10 /// 58 000 6 000 0 7 0000 
03-FEB-2015 06 48045 3 2 9 63 1 14 03 10 210 20 072 3 0000 4 0000 5 0000 6 000 0 7 00 0 0 8 0 0 0 1 333 10 /// 58 000 6 000 0 7 0000 
03-FEB-2015 06 48048 3 2 5 60 4 04 01 10 290 20 179 3 0000 4 0192 5 0000 6 000 0 7 00 0 0 8 4 8 0 0 333 10 /// 58 015 6 000 0 7 0000 
03-FEB-2015 06 48051 3 2 9 60 1 36 01 10 290 20 130 3 0000 4 0000 5 0000 6 000 0 7 00 0 0 8 0 0 0 1 333 10 /// 58 000 6 000 0 7 0000 
03-FEB-2015 06 48052 3 2 4 70 3 32 02 10 290 20 159 3 0000 4 0000 5 0000 6 000 0 7 00 0 0 8 3 8 0 0 333 10 /// 58 000 6 000 0 7 0000 
03-FEB-2015 06 48053 3 2 5 56 4 36 02 10 290 20 159 3 0000 4 0184 5 0000 6 000 0 7 00 0 0 8 2 5 0 6 333 10 /// 58 021 6 000 0 7 0000 
03-FEB-2015 06 48055 3 2 5 56 4 23 04 10 248 20 126 3 0000 4 0173 5 0000 6 000 0 7 00 0 0 8 3 8 0 1 333 10 /// 58 029 6 000 0 7 0000 
03-FEB-2015 06 48057 3 2 4 57 4 14 02 10 220 20 087 3 0000 4 0000 5 0000 6 000 0 7 00 0 0 8 1 5 0 6 333 10 /// 58 000 6 000 0 7 0000 
03-FEB-2015 06 48060 3 2 4 40 3 00 00 10 242 20 155 3 0000 4 0176 5 0000 6 000 0 7 00 0 0 8 2 1 3 0 333 10 /// 59 001 6 000 0 7 0000 
03-FEB-2015 06 48062 3 2 9 57 2 09 01 10 265 20 210 3 0000 4 0196 5 0000 6 000 0 7 00 0 0 8 0 0 0 2 333 10 /// 58 013 6 000 0 7 0000 
03-FEB-2015 06 48064 3 2 9 70 2 14 01 10 270 20 191 3 0000 4 0181 5 0000 6 000 0 7 00 0 0 8 0 0 0 1 333 10 /// 58 018 6 000 0 7 0000 
03-FEB-2015 06 48065 3 2 9 70 1 00 00 10 294 20 159 3 0000 4 0000 5 0000 6 000 0 7 00 0 0 8 0 0 0 1 333 10 /// 58 000 6 000 0 7 0000 
03-FEB-2015 06 48071 3 2 4 60 3 32 01 10 250 20 167 3 0000 4 0196 5 0000 6 000 0 7 00 0 0 8 2 2 0 1 333 10 /// 58 015 6 000 0 7 0000 
03-FEB-2015 06 48072 3 2 4 60 4 13 03 10 290 20 215 3 0000 4 0000 5 0000 6 000 0 7 03 2 2 8 2 3 3 0 333 10 /// 58 000 6 000 0 7 0000 
03-FEB-2015 06 48074 3 2 9 60 1 32 02 10 290 20 140 3 0000 4 0191 5 0000 6 000 0 7 00 0 0 8 0 0 0 1 333 10 /// 58 027 6 000 0 7 0000 
03-FEB-2015 06 48075 3 1 5 58 3 22 01 10 260 20 120 3 0000 4 0185 5 0000 6 000 0 7 05 2 2 8 3 8 0 0 333 10 /// 58 041 6 000 0 7 0000 
03-FEB-2015 06 48077 3 2 9 59 2 04 01 10 320 20 118 3 0000 4 0163 5 0000 6 000 0 7 00 0 0 8 0 0 0 1 333 10 /// 58 001 6 000 0 7 0000 
03-FEB-2015 06 48078 3 2 5 57 2 32 03 10 300 20 175 3 0000 4 0184 5 0000 6 000 0 7 00 0 0 8 1 1 0 1 333 10 /// 58 017 6 000 0 7 0000 
03-FEB-2015 06 48080 3 2 4 60 3 32 03 10 311 20 225 3 0000 4 0167 5 0000 6 000 0 7 00 0 0 8 2 2 0 6 333 10 /// 58 005 6 000 0 7 0000 
03-FEB-2015 06 48085 3 2 9 58 3 27 04 10 298 20 166 3 0000 4 0185 5 0000 6 000 0 7 00 0 0 8 0 0 0 6 333 10 /// 58 017 6 000 0 7 0000 
03-FEB-2015 06 48087 3 2 9 60 0 00 00 10 294 20 179 3 0000 4 0000 5 0000 6 000 0 7 00 0 0 8 0 0 0 0 333 10 /// 58 000 6 000 0 7 0000 
03-FEB-2015 06 48092 3 1 4 56 5 09 01 10 320 20 200 3 0000 4 0164 5 0000 6 000 0 7 05 2 2 8 3 8 0 1 333 10 /// 58 026 6 000 0 7 0000 
03-FEB-2015 06 48093 3 2 6 57 4 14 01 10 300 20 185 3 0000 4 0000 5 0000 6 000 0 7 03 1 1 8 4 8 0 0 333 10 /// 58 000 6 000 0 7 0000 
03-FEB-2015 06 48094 3 2 4 60 3 32 01 10 320 20 220 3 0000 4 0178 5 0000 6 000 0 7 00 0 0 8 3 9 0 0 333 10 /// 58 014 6 000 0 7 0000 
03-FEB-2015 06 48095 3 2 5 58 4 04 01 10 300 20 207 3 0000 4 0000 5 0000 6 000 0 7 00 0 0 8 3 6 4 0 333 10 /// 58 000 6 000 0 7 0000 
03-FEB-2015 06 48097 3 2 5 57 5 14 03 10 330 20 206 3 0000 4 0169 5 0000 6 000 0 7 00 0 0 8 4 8 0 6 333 10 /// 58 006 6 000 0 7 0000 
03-FEB-2015 06 48099 3 2 4 56 4 32 02 10 320 20 200 3 0000 4 0175 5 0000 6 000 0 7 00 0 0 8 4 8 0 0 333 10 /// 58 017 6 000 0 7 0000 
03-FEB-2015 06 48101 3 2 6 60 2 00 00 10 308 20 203 3 0000 4 0000 5 0000 6 000 0 7 00 0 0 8 2 1 0 0 333 10 /// 58 000 6 000 0 7 0000 
03-FEB-2015 06 48103 3 2 5 56 2 32 01 10 323 20 184 3 0000 4 0178 5 0000 6 000 0 7 00 0 0 8 2 5 0 0 333 10 /// 58 022 6 000 0 7 0000 
03-FEB-2015 06 48107 3 2 9 30 0 13 01 10 330 20 172 3 0000 4 0159 5 0000 6 000 0 7 00 0 0 8 0 0 0 0 333 10 /// 58 023 6 000 0 7 0000 
03-FEB-2015 06 48108 3 2 5 96 5 05 08 10 325 20 188 3 0000 4 0171 5 0000 6 000 0 7 00 0 0 8 3 8 0 7 333 10 /// 58 017 6 000 0 7 0000 
03-FEB-2015 06 48109 3 2 4 97 3 04 01 10 312 20 254 3 0000 4 0187 5 0000 6 000 0 7 00 0 0 8 3 5 0 0 333 10 /// 58 015 6 000 0 7 0000 
03-FEB-2015 06 48110 3 1 5 96 3 18 02 10 320 20 200 3 0000 4 0168 5 0000 6 000 0 7 05 1 1 8 1 2 0 5 333 10 /// 58 017 6 000 0 7 0000 
03-FEB-2015 06 48112 3 2 5 97 8 04 05 10 315 20 210 3 0000 4 0156 5 0000 6 000 0 7 00 0 0 8 3 8 7 6 333 10 /// 58 012 6 000 0 7 0000 
