031200 48004 32458 30000 10231 20181 83800 333 10284 56500=
031200 48008 32550 31301 10248 20167 40161 82430 333 10298 56590 59004=
031200 48010 32656 20000 10260 20203 40163 80001 333 10300 56006 58004=
031200 48018 31958 00000 10250 20150 40171 71044 333 10305 58009=
031200 48019 32940 00000 10226 20198 40161 333 10290 58009=
031200 48020 32350 10000 10255 20195 81400 333 10302 56900=
031200 48025 32458 13201 10276 20146 40158 81500 333 10308 56900 59001=
031200 48030 32956 02204 10184 29029 333 10220=
031200 48031 32960 03601 10183 29029 333 10238=
031200 48033 32962 20000 10280 20203 40157 80001 333 10320 56009 58011=
031200 48034 32456 10000 10202 20130 81500 333 10265 56500=
031200 48035 31558 20000 10226 20124 40140 70500 82500 333 10273 56900 59008=
031200 48037 32910 40000 10328 20234 40153 80001 333 10328 56007 58034=
031200 48039 32460 60000 10275 20154 82402 333 10318 56505=
031200 48042 32557 60000 10290 20196 40153 82406 333 10325 56909 58012=
031200 48043 32010 00000 10205 20143 333 10255=
031200 48045 32557 61402 10202 20109 81106 333 10245 56509=
031200 48048 32550 30901 10287 20179 40153 83800 333 10325 56900 58012=
031200 48051 32959 20000 10253 20170 70111 80006 333 10333 56009=
031200 48052 32450 40402 10320 20200 83801 333 10350 56909=
031200 48053 32550 43601 10290 20159 40161 82506 333 10325 56609 58028=
031200 48055 32556 40402 10230 20163 40147 81506 333 10289 56509 58004=
031200 48057 32950 31801 10202 20085 80006 333 10250 56009=
031200 48060 32420 32201 10233 20097 40171 82130 333 10285 56560 58009=
031200 48062 31550 72302 10270 20230 40163 70522 83836 333 10293 56599 58001=
031200 48064 32950 21401 10265 20160 40138 80001 333 10320 56009 58003=
031200 48065 32950 20000 10278 20172 80006 333 10335 56009=
031200 48071 32456 43202 10245 20186 40164 83801 333 10270 56909 58010=
031200 48072 32457 33201 10240 20209 70122 82306 333 10310 56409=
031200 48074 32556 30000 10276 20158 40150 81402 333 10343 56909 58002=
031200 48075 31456 50000 10240 20170 40167 70522 83840 333 10290 56590 58019=
031200 48077 32556 30000 10300 20149 40139 81201 333 10364 56909 58008=
031200 48078 32950 30000 10296 20182 40145 80001 333 10343 56009 59003=
031200 48080 32458 40000 10270 20226 40161 82246 333 10340 56999 58011=
031200 48085 32456 33203 10272 20151 40159 81806 333 10308 56909 58009=
031200 48087 32930 00000 10268 20211 80000 333 10338=
031200 48092 31950 40000 10285 20199 40134 70522 80036 333 10335 56099 58010=
031200 48093 32930 13201 10292 20159 80001 333 10326 56009=
031200 48094 32456 43201 10290 20220 40152 82941 333 10343 56999 58005=
031200 48095 32456 40000 10290 20230 70222 83640 333 10325 56990=
031200 48097 32556 62701 10275 20130 40158 70222 83506 333 10348 56909 58010=
031200 48099 32440 42702 10296 20207 40142 82831 333 10350 56559 58006=
031200 48101 32550 80000 10288 20230 70322 8477/ 333 10320 5699/=
031200 48103 32540 60000 10296 20207 40148 86500 333 10342 56700 58011=
031200 48107 32330 43601 10288 20215 40136 84900 333 10350 56200 58007=
031200 48108 32596 53203 10290 20215 40148 83806 333 10357 56909 59003=
031200 48109 32496 30000 10283 20250 40158 70222 82501 333 10325 56909 58008=
031200 48110 31596 53203 10290 20215 40140 70522 82306 333 10335 56209 59001=
031200 48112 32598 60407 10295 20219 40142 82216 333 10325 56199 58005=  
