03-JAN-2015 12 48004 3 2 4 58 5 00 00 10 232 20 181 3 0000 4 0000 5 0000 6 000 0 7 00 0 0 8 5 9 0 0 333 10 275 58 000 6 000 0 7 0000 
03-JAN-2015 12 48008 3 2 5 50 1 00 00 10 237 20 155 3 0000 4 0128 5 0000 6 000 0 7 00 0 0 8 1 4 0 0 333 10 292 59 012 6 000 0 7 0000 
03-JAN-2015 12 48010 3 2 5 20 2 00 00 10 245 20 209 3 0000 4 0131 5 0000 6 000 0 7 00 0 0 8 1 4 3 0 333 10 295 59 009 6 000 0 7 0000 
03-JAN-2015 12 48018 3 1 9 58 0 00 00 10 240 20 174 3 0000 4 0124 5 0000 6 000 0 7 10 4 4 8 0 0 0 0 333 10 300 58 010 6 000 0 7 0000 
03-JAN-2015 12 48019 3 2 9 40 0 00 00 10 225 20 205 3 0000 4 0127 5 0000 6 000 0 7 00 0 0 8 0 0 0 0 333 10 296 59 015 6 000 0 7 0000 
03-JAN-2015 12 48020 3 1 2 20 3 00 00 10 250 20 233 3 0000 4 0000 5 0000 6 000 0 7 05 2 2 8 3 7 0 0 333 10 300 58 000 6 000 0 7 0000 
03-JAN-2015 12 48025 3 2 4 40 3 32 01 10 175 20 164 3 0000 4 0127 5 0000 6 000 0 7 00 0 0 8 2 8 4 0 333 10 295 59 015 6 000 0 7 0000 
03-JAN-2015 12 48030 3 2 2 56 6 22 01 10 167 20 154 3 0000 4 0000 5 0000 6 000 0 7 00 0 0 8 6 8 0 0 333 10 195 58 000 6 000 0 7 0000 
03-JAN-2015 12 48031 3 2 2 56 7 22 01 10 170 20 135 3 0000 4 0000 5 0000 6 000 0 7 00 0 0 8 8 8 / / 333 10 220 58 000 6 000 0 7 0000 
03-JAN-2015 12 48033 3 2 9 62 0 00 00 10 280 20 184 3 0000 4 0137 5 0000 6 000 0 7 00 0 0 8 0 0 0 0 333 10 323 58 002 6 000 0 7 0000 
03-JAN-2015 12 48034 3 2 4 56 1 00 00 10 207 20 160 3 0000 4 0000 5 0000 6 000 0 7 00 0 0 8 1 5 0 0 333 10 285 58 000 6 000 0 7 0000 
03-JAN-2015 12 48035 3 2 9 10 0 00 00 10 230 20 181 3 0000 4 0100 5 0000 6 000 0 7 00 0 0 8 0 0 0 0 333 10 282 59 027 6 000 0 7 0000 
03-JAN-2015 12 48037 3 2 9 10 0 00 00 10 282 20 203 3 0000 4 0099 5 0000 6 000 0 7 00 0 0 8 0 0 0 0 333 10 321 59 015 6 000 0 7 0000 
03-JAN-2015 12 48039 3 2 4 60 2 00 00 10 277 20 184 3 0000 4 0000 5 0000 6 000 0 7 00 0 0 8 1 4 0 2 333 10 332 58 000 6 000 0 7 0000 
03-JAN-2015 12 48042 3 2 5 57 1 00 00 10 290 20 215 3 0000 4 0112 5 0000 6 000 0 7 00 0 0 8 1 4 0 0 333 10 316 59 017 6 000 0 7 0000 
03-JAN-2015 12 48043 3 2 0 50 0 00 00 10 200 20 150 3 0000 4 0000 5 0000 6 000 0 7 00 0 0 8 0 0 0 0 333 10 250 58 000 6 000 0 7 0000 
03-JAN-2015 12 48048 3 2 5 50 2 04 01 10 287 20 196 3 0000 4 0124 5 0000 6 000 0 7 00 0 0 8 2 8 0 0 333 10 325 58 011 6 000 0 7 0000 
03-JAN-2015 12 48051 3 2 5 58 2 00 00 10 288 20 230 3 0000 4 0000 5 0000 6 000 0 7 00 0 0 8 2 2 0 0 333 10 320 58 000 6 000 0 7 0000 
03-JAN-2015 12 48052 3 2 4 60 2 00 00 10 313 20 203 3 0000 4 0000 5 0000 6 000 0 7 00 0 0 8 2 2 0 0 333 10 344 58 000 6 000 0 7 0000 
03-JAN-2015 12 48053 3 2 9 50 0 00 00 10 280 20 184 3 0000 4 0122 5 0000 6 000 0 7 00 0 0 8 0 0 0 0 333 10 320 59 001 6 000 0 7 0000 
03-JAN-2015 12 48055 3 2 5 56 6 00 00 10 232 20 181 3 0000 4 0106 5 0000 6 000 0 7 00 0 0 8 4 5 4 0 333 10 288 59 027 6 000 0 7 0000 
03-JAN-2015 12 48057 3 2 4 56 4 00 00 10 200 20 150 3 0000 4 0000 5 0000 6 000 0 7 00 0 0 8 4 8 0 0 333 10 252 58 000 6 000 0 7 0000 
03-JAN-2015 12 48060 3 2 9 20 0 00 00 10 215 20 150 3 0000 4 0135 5 0000 6 000 0 7 00 0 0 8 0 0 0 0 333 10 275 59 020 6 000 0 7 0000 
03-JAN-2015 12 48064 3 2 9 50 0 00 00 10 270 20 191 3 0000 4 0103 5 0000 6 000 0 7 00 0 0 8 0 0 0 0 333 10 306 59 021 6 000 0 7 0000 
03-JAN-2015 12 48065 3 2 4 50 2 00 00 10 290 20 196 3 0000 4 0000 5 0000 6 000 0 7 00 0 0 8 2 1 0 0 333 10 340 58 000 6 000 0 7 0000 
03-JAN-2015 12 48071 3 1 9 56 0 32 03 10 270 20 226 3 0000 4 0120 5 0000 6 000 0 7 05 0 0 8 0 0 0 0 333 10 300 59 021 6 000 0 7 0000 
03-JAN-2015 12 48072 3 2 4 56 1 32 01 10 270 20 256 3 0000 4 0000 5 0000 6 000 0 7 00 0 0 8 1 2 0 0 333 10 310 58 000 6 000 0 7 0000 
03-JAN-2015 12 48074 3 2 9 56 0 00 00 10 280 20 203 3 0000 4 0119 5 0000 6 000 0 7 00 0 0 8 0 0 0 0 333 10 323 59 012 6 000 0 7 0000 
03-JAN-2015 12 48075 3 2 4 56 7 00 00 10 240 20 190 3 0000 4 0120 5 0000 6 000 0 7 00 0 0 8 5 8 5 0 333 10 280 59 032 6 000 0 7 0000 
03-JAN-2015 12 48077 3 2 9 56 1 00 00 10 290 20 179 3 0000 4 0111 5 0000 6 000 0 7 00 0 0 8 0 0 0 1 333 10 342 59 010 6 000 0 7 0000 
03-JAN-2015 12 48078 3 2 9 50 1 00 00 10 283 20 209 3 0000 4 0118 5 0000 6 000 0 7 00 0 0 8 0 0 0 1 333 10 323 59 011 6 000 0 7 0000 
03-JAN-2015 12 48080 3 2 4 56 1 00 00 10 285 20 233 3 0000 4 0143 5 0000 6 000 0 7 00 0 0 8 1 1 0 0 333 10 320 58 004 6 000 0 7 0000 
03-JAN-2015 12 48085 3 2 4 56 2 32 03 10 268 20 211 3 0000 4 0122 5 0000 6 000 0 7 00 0 0 8 1 8 0 6 333 10 300 59 006 6 000 0 7 0000 
03-JAN-2015 12 48087 3 2 9 30 0 04 01 10 260 20 229 3 0000 4 0000 5 0000 6 000 0 7 00 0 0 8 0 0 0 0 333 10 318 58 000 6 000 0 7 0000 
03-JAN-2015 12 48092 3 1 4 50 2 00 00 10 260 20 229 3 0000 4 0100 5 0000 6 000 0 7 05 2 2 8 1 5 0 1 333 10 325 59 020 6 000 0 7 0000 
03-JAN-2015 12 48093 3 2 9 40 0 14 01 10 288 20 215 3 0000 4 0000 5 0000 6 000 0 7 00 0 0 8 0 0 0 0 333 10 316 58 000 6 000 0 7 0000 
03-JAN-2015 12 48094 3 2 9 56 0 00 00 10 290 20 220 3 0000 4 0122 5 0000 6 000 0 7 00 0 0 8 0 0 0 0 333 10 335 59 009 6 000 0 7 0000 
03-JAN-2015 12 48095 3 2 9 56 0 00 00 10 270 20 226 3 0000 4 0000 5 0000 6 000 0 7 00 0 0 8 0 0 0 0 333 10 330 58 000 6 000 0 7 0000 
03-JAN-2015 12 48097 3 2 4 56 4 24 01 10 260 20 179 3 0000 4 0130 5 0000 6 000 0 7 00 0 0 8 4 5 0 0 333 10 327 59 016 6 000 0 7 0000 
03-JAN-2015 12 48099 3 2 4 40 2 00 00 10 266 20 191 3 0000 4 0113 5 0000 6 000 0 7 00 0 0 8 2 7 0 0 333 10 328 59 025 6 000 0 7 0000 
03-JAN-2015 12 48101 3 2 9 50 1 00 00 10 248 20 205 3 0000 4 0000 5 0000 6 000 0 7 00 0 0 8 0 0 0 1 333 10 311 58 000 6 000 0 7 0000 
03-JAN-2015 12 48103 3 2 5 20 2 00 00 10 255 20 203 3 0000 4 0124 5 0000 6 000 0 7 00 0 0 8 0 0 0 0 333 10 320 59 010 6 000 0 7 0000 
03-JAN-2015 12 48107 3 2 9 30 0 00 00 10 252 20 150 3 0000 4 0113 5 0000 6 000 0 7 00 0 0 8 0 0 0 0 333 10 330 59 012 6 000 0 7 0000 
03-JAN-2015 12 48108 3 2 9 96 4 14 01 10 260 20 191 3 0000 4 0119 5 0000 6 000 0 7 00 0 0 8 0 0 0 6 333 10 323 59 017 6 000 0 7 0000 
03-JAN-2015 12 48109 3 2 4 96 3 00 00 10 289 20 230 3 0000 4 0123 5 0000 6 000 0 7 00 0 0 8 2 5 0 1 333 10 328 59 009 6 000 0 7 0000 
03-JAN-2015 12 48110 3 1 9 95 6 36 02 10 270 20 201 3 0000 4 0115 5 0000 6 000 0 7 05 2 2 8 0 0 0 6 333 10 315 59 016 6 000 0 7 0000 
03-JAN-2015 12 48112 3 2 5 98 6 04 02 10 270 20 211 3 0000 4 0116 5 0000 6 000 0 7 00 0 0 8 2 2 1 6 333 10 305 59 012 6 000 0 7 0000 
