03-JUN-2015 00 48004 3 2 2 20 7 32 02 10 270 20 226 3 0000 4 0000 5 0000 6 000 0 7 00 0 0 8 7 9 0 0 333 20 237 58 000 6 000 0 7 0000 
03-JUN-2015 00 48008 2 1 4 56 8 32 01 10 259 20 246 3 0000 4 0066 5 0000 6 000 0 7 50 9 5 8 4 9 7 / 333 20 247 58 014 6 990 2 7 0000 
03-JUN-2015 00 48010 2 2 5 40 5 00 00 10 265 20 246 3 0000 4 0046 5 0000 6 000 0 7 00 0 0 8 1 5 3 1 333 20 255 59 004 6 000 2 7 0000 
03-JUN-2015 00 48018 3 2 5 56 6 00 00 10 268 20 246 3 0000 4 0064 5 0000 6 000 0 7 00 0 0 8 3 8 7 2 333 20 250 59 002 6 000 0 7 0000 
03-JUN-2015 00 48025 3 2 4 20 5 00 00 10 274 20 226 3 0000 4 0059 5 0000 6 000 0 7 00 0 0 8 2 8 4 1 333 20 270 58 000 6 000 0 7 0000 
03-JUN-2015 00 48030 3 1 2 56 3 22 02 10 180 20 147 3 0000 4 0000 5 0000 6 000 0 7 05 4 4 8 0 0 4 2 333 20 160 58 000 6 000 0 7 0000 
03-JUN-2015 00 48031 3 1 2 58 4 04 01 10 190 20 159 3 0000 4 0000 5 0000 6 000 0 7 05 4 4 8 2 8 7 0 333 20 178 58 000 6 000 0 7 0000 
03-JUN-2015 00 48033 3 2 9 60 3 36 01 10 280 20 233 3 0000 4 0072 5 0000 6 000 0 7 00 0 0 8 0 0 0 3 333 20 260 58 002 6 000 0 7 0000 
03-JUN-2015 00 48034 3 2 4 56 4 00 00 10 200 20 190 3 0000 4 0000 5 0000 6 000 0 7 00 0 0 8 4 9 0 0 333 20 194 58 000 6 000 0 7 0000 
03-JUN-2015 00 48035 3 1 9 20 0 00 00 10 220 20 205 3 0000 4 0076 5 0000 6 000 0 7 10 4 4 8 0 0 0 0 333 20 210 59 005 6 000 0 7 0000 
03-JUN-2015 00 48037 2 1 5 56 6 00 00 10 275 20 256 3 0000 4 0054 5 0000 6 000 0 7 03 5 5 8 3 2 3 1 333 20 258 58 002 6 002 2 7 0000 
03-JUN-2015 00 48039 3 2 4 56 4 00 00 10 294 20 252 3 0000 4 0000 5 0000 6 000 0 7 00 0 0 8 2 8 0 2 333 20 292 58 000 6 000 0 7 0000 
03-JUN-2015 00 48042 3 2 5 58 3 18 01 10 322 20 253 3 0000 4 0057 5 0000 6 000 0 7 00 0 0 8 2 8 0 2 333 20 285 58 000 6 000 0 7 0000 
03-JUN-2015 00 48043 3 2 5 30 5 00 00 10 230 20 214 3 0000 4 0000 5 0000 6 000 0 7 00 0 0 8 3 2 3 0 333 20 196 58 000 6 000 0 7 0000 
03-JUN-2015 00 48048 3 2 5 50 2 18 01 10 293 20 230 3 0000 4 0055 5 0000 6 000 0 7 00 0 0 8 2 8 0 0 333 20 287 58 002 6 000 0 7 0000 
03-JUN-2015 00 48052 3 2 4 50 5 00 00 10 302 20 253 3 0000 4 0000 5 0000 6 000 0 7 00 0 0 8 4 8 0 1 333 20 296 58 000 6 000 0 7 0000 
03-JUN-2015 00 48053 3 2 4 50 7 18 01 10 280 20 250 3 0000 4 0059 5 0000 6 000 0 7 00 0 0 8 3 5 5 6 333 20 272 58 001 6 000 0 7 0000 
03-JUN-2015 00 48055 2 1 5 56 3 00 00 10 200 20 195 3 0000 4 0082 5 0000 6 000 0 7 05 1 1 8 2 5 0 1 333 20 190 58 013 6 000 2 7 0000 
03-JUN-2015 00 48060 3 2 4 30 4 00 00 10 222 20 185 3 0000 4 0081 5 0000 6 000 0 7 00 0 0 8 2 1 0 2 333 20 204 58 015 6 000 0 7 0000 
03-JUN-2015 00 48062 3 2 4 56 7 23 02 10 270 20 260 3 0000 4 0072 5 0000 6 000 0 7 00 0 0 8 4 9 7 0 333 20 250 58 006 6 000 2 7 0000 
03-JUN-2015 00 48064 3 2 4 50 3 04 01 10 290 20 248 3 0000 4 0040 5 0000 6 000 0 7 00 0 0 8 1 5 0 1 333 20 250 59 009 6 000 0 7 0000 
03-JUN-2015 00 48065 3 2 9 50 3 00 00 10 292 20 248 3 0000 4 0000 5 0000 6 000 0 7 00 0 0 8 0 0 0 1 333 20 265 58 000 6 000 0 7 0000 
03-JUN-2015 00 48071 3 1 4 50 6 00 00 10 283 20 250 3 0000 4 0071 5 0000 6 000 0 7 17 9 2 8 4 9 7 0 333 20 270 59 002 6 000 0 7 0000 
03-JUN-2015 00 48074 3 2 3 57 8 14 01 10 276 20 268 3 0000 4 0086 5 0000 6 000 0 7 00 0 0 8 4 7 7 / 333 20 257 58 005 6 000 0 7 0000 
03-JUN-2015 00 48075 2 2 4 56 7 00 00 10 235 20 235 3 0000 4 0088 5 0000 6 000 0 7 00 0 0 8 5 8 3 0 333 20 210 59 010 6 000 2 7 0000 
03-JUN-2015 00 48077 3 2 5 56 6 00 00 10 270 20 256 3 0000 4 0055 5 0000 6 000 0 7 00 0 0 8 5 9 0 1 333 20 255 59 011 6 000 0 7 0000 
03-JUN-2015 00 48078 3 2 5 50 3 14 01 10 276 20 260 3 0000 4 0074 5 0000 6 000 0 7 00 0 0 8 2 5 0 1 333 20 255 59 011 6 000 0 7 0000 
03-JUN-2015 00 48080 3 2 4 56 7 00 00 10 262 20 229 3 0000 4 0086 5 0000 6 000 0 7 00 0 0 8 4 9 7 0 333 20 240 58 004 6 000 0 7 0000 
03-JUN-2015 00 48085 2 1 4 56 7 00 00 10 266 20 265 3 0000 4 0071 5 0000 6 000 0 7 01 6 5 8 4 9 7 6 333 20 265 58 002 6 003 2 7 0000 
03-JUN-2015 00 48092 2 1 4 40 4 00 00 10 265 20 258 3 0000 4 0064 5 0000 6 000 0 7 10 1 1 8 2 4 3 0 333 20 250 58 000 6 000 2 7 0000 
03-JUN-2015 00 48094 2 2 4 57 5 00 00 10 265 20 250 3 0000 4 0073 5 0000 6 000 0 7 00 0 0 8 3 9 4 0 333 20 220 58 001 6 000 2 7 0000 
03-JUN-2015 00 48096 3 2 4 56 4 18 08 10 270 20 256 3 0000 4 0086 5 0000 6 000 0 7 00 0 0 8 2 8 3 0 333 20 250 58 009 6 000 2 7 0000 
03-JUN-2015 00 48097 2 2 5 57 3 24 01 10 255 20 248 3 0000 4 0086 5 0000 6 000 0 7 00 0 0 8 3 8 3 0 333 20 242 58 006 6 000 2 7 0000 
03-JUN-2015 00 48099 2 2 4 40 4 18 01 10 262 20 246 3 0000 4 0085 5 0000 6 000 0 7 00 0 0 8 4 9 0 0 333 20 240 58 008 6 000 2 7 0000 
03-JUN-2015 00 48103 2 1 3 30 8 22 02 10 255 20 255 3 0000 4 0086 5 0000 6 000 0 7 50 9 6 8 6 9 3 / 333 20 248 58 006 6 010 2 7 0000 
03-JUN-2015 00 48107 2 1 3 30 8 00 00 10 250 20 250 3 0000 4 0096 5 0000 6 000 0 7 01 9 6 8 5 9 7 0 333 20 240 58 009 6 008 2 7 0000 
03-JUN-2015 00 48108 3 2 5 96 6 00 00 10 255 20 248 3 0000 4 0088 5 0000 6 000 0 7 00 0 0 8 3 3 6 6 333 20 239 59 006 6 000 0 7 0000 
03-JUN-2015 00 48110 2 2 5 96 8 18 01 10 260 20 246 3 0000 4 0095 5 0000 6 000 0 7 00 0 0 8 2 3 0 7 333 20 255 59 000 6 000 0 7 0000 
03-JUN-2015 00 48112 2 2 5 98 6 27 01 10 270 20 256 3 0000 4 0095 5 0000 6 000 0 7 00 0 0 8 2 2 1 6 333 20 220 59 003 6 000 0 7 0000 
