48001 32456 71401 10300 20239 40062 83970 333 56370 58022=
48004 31558 40402 10340 20240 70152 84900 333 56500=
48008 32556 60000 10320 20267 40051 83970 333 56450 58016=
48010 32560 43201 10360 20249 40030 83830 333 56760 58005=
48018 21560 31401 10355 20240 40045 72055 82860 333 56540 59003=
48019 32560 33202 10358 20278 40038 82860 333 56770 58004=
48020 32462 20403 10390 20267 88220 333 56500=
48025 32458 81401 10410 20278 40029 82840 333 56590 58004=
48035 31557 62203 10311 20225 40014 70522 84960 333 56190 59010=
48037 32560 31801 10396 20246 40017 83800 333 56600 59011=
48042 32558 41808 10390 20253 40026 83802 333 56409 58005=
48045 21557 71404 10220 20185 76096 87300 333 56900=
48048 32560 42201 10415 20226 40026 84800 333 56400 58001=
48051 31559 53602 10360 20260 71799 84930 333 56690=
48053 32456 61802 10390 20235 40024 84956 333 56599 59008=
48060 32456 43201 10355 20199 49991 70322 82103 333 56509 59013=
48062 32558 52702 10340 20250 40064 70222 83930 333 56690 58002=
48071 32460 43204 10340 20270 40070 84900 333 56500 58007=
48075 32557 52201 10330 20230 40032 85300 333 56100 59033=
48077 32559 50000 10364 20249 40027 84901 333 56409 59014=
48078 32558 51401 10353 20262 40056 83302 333 56409 59001=
48080 32460 63204 10324 20281 40061 84870 333 56590 59005=
48085 31456 82705 10296 20266 40065 75095 86970 333 56990 59003=
48095 32558 52201 10328 20292 70122 82940 333 56990=
48108 21596 71405 10290 20254 40075 75095 84966 333 56329 58001=
48109 NIL=
48110 21496 83206 10295 20256 40083 70255 85307 333 56509 58001=
48112 32598 63203 10340 20270 40072 70222 82216 333 56799 59014=
48030 NIL=
48072 21459 32705 10310 20282 70565 84970 333 56590=
48087 32458 72301 10350 20266 70322 8497/ 333 5649/=
48099 22458 42302 10324 20265 40062 83930 333 56590 59011=
48101 21559 60000 10293 20274 75065 84970 333 56990=
48103 32356 52202 10322 20248 40065 85730 333 56550 59010=
48057 31458 73203 10278 20184 71722 85950 333 56690=
48094 21458 82201 10270 20270 40071 79596 8592/ 333 56999 59003=
48097 32557 72302 10330 20244 40074 87300 333 56900 59002=
48031 NIL=
48033 32563 40000 10390 20233 40009 83801 333 56909 59009=
48034 21456 73202 10263 20229 70195 87300 333 56500=
48039 32460 41401 10380 20240 82102 333 56505=
48043 32658 43205 10305 20225 82232 333 56699=
48052 32470 22203 10426 20233 82200 333 56900=
48055 31556 61304 10286 20217 40040 71799 84931 333 56449 58014=
48064 32570 30401 10406 20292 40012 82801 333 56409 59008=
48065 32465 21402 10410 20230 81100 333 56900=
48074 32461 71402 10370 20258 40038 84970 333 56220 59002=
48092 31456 72302 10315 20259 40045 71799 85970 333 56590 59006=
48093 21456 82301 10263 20246 75065 8697/ 333 56599=
48107 32350 42301 10300 20239 40072 84900 333 56500 59003=  48001 32456 71401 10300 20239 40062 83970 333 56370 58022=
48004 31558 40402 10340 20240 70152 84900 333 56500=
48008 32556 60000 10320 20267 40051 83970 333 56450 58016=
48010 32560 43201 10360 20249 40030 83830 333 56760 58005=
48018 21560 31401 10355 20240 40045 72055 82860 333 56540 59003=
48019 32560 33202 10358 20278 40038 82860 333 56770 58004=
48020 32462 20403 10390 20267 88220 333 56500=
48025 32458 81401 10410 20278 40029 82840 333 56590 58004=
48030 NIL=
48031 NIL=
48033 32563 40000 10390 20233 40009 83801 333 56909 59009=
48034 21456 73202 10263 20229 70195 87300 333 56500=
48035 31557 62203 10311 20225 40014 70522 84960 333 56190 59010=
48037 32560 31801 10396 20246 40017 83800 333 56600 59011=
48039 32460 41401 10380 20240 82102 333 56505=
48042 32558 41808 10390 20253 40026 83802 333 56409 58005=
48043 32658 43205 10305 20225 82232 333 56699=
48045 21557 71404 10220 20185 76096 87300 333 56900=
48048 32560 42201 10415 20226 40026 84800 333 56400 58001=
48051 31559 53602 10360 20260 71799 84930 333 56690=
48052 32470 22203 10426 20233 82200 333 56900=
48053 32456 61802 10390 20235 40024 84956 333 56599 59008=
48055 31556 61304 10286 20217 40040 71799 84931 333 56449 58014=
48057 31458 73203 10278 20184 71722 85950 333 56690=
48060 32456 43201 10355 20199 49991 70322 82103 333 56509 59013=
48062 32558 52702 10340 20250 40064 70222 83930 333 56690 58002=
48064 32570 30401 10406 20292 40012 82801 333 56409 59008=
48065 32465 21402 10410 20230 81100 333 56900=
48071 32460 43204 10340 20270 40070 84900 333 56500 58007=
48072 21459 32705 10310 20282 70565 84970 333 56590=
48074 32461 71402 10370 20258 40038 84970 333 56220 59002=
48075 32557 52201 10330 20230 40032 85300 333 56100 59033=
48077 32559 50000 10364 20249 40027 84901 333 56409 59014=
48078 32558 51401 10353 20262 40056 83302 333 56409 59001=
48080 32460 63204 10324 20281 40061 84870 333 56590 59005=
48085 31456 82705 10296 20266 40065 75095 86970 333 56990 59003=
48087 32458 72301 10350 20266 70322 8497/ 333 5649/=
48092 31456 72302 10315 20259 40045 71799 85970 333 56590 59006=
48093 21456 82301 10263 20246 75065 8697/ 333 56599=
48094 21458 82201 10270 20270 40071 79596 8592/ 333 56999 59003=
48095 32558 52201 10328 20292 70122 82940 333 56990=
48096 32458 72208 10330 20244 40064 85940 333 56990 59019=
48097 32557 72302 10330 20244 40074 87300 333 56900 59002=
48099 22458 42302 10324 20265 40062 83930 333 56590 59011=
48101 21559 60000 10293 20274 75065 84970 333 56990=
48103 32356 52202 10322 20248 40065 85730 333 56550 59010=
48107 32350 42301 10300 20239 40072 84900 333 56500 59003=
48108 21596 71405 10290 20254 40075 75095 84966 333 56329 58001=
48109 NIL=
48110 21496 83206 10295 20256 40083 70255 85307 333 56509 58001=
48112 32598 63203 10340 20270 40072 70222 82216 333 56799 59014=  