48001 32456 70000 10305 20254 49983 84850 333 56560 59013=
48004 31110 80000 10260 20260 76165 8597/ 333 56559=
48008 NIL=
48010 21556 70000 10290 20290 40005 76166 86830 333 56550 59018=
48018 32560 52202 10345 20257 40014 82860 333 56554 59002=
48019 32460 70000 10327 20275 40008 84660 333 56560 59033=
48020 21456 83602 10290 20259 76065 88700 333 56500=
48025 32456 71401 10352 20266 40004 84870 333 56540 59019=
48035 32560 62205 10307 20225 40002 84960 333 56560 59019=
48037 32560 41802 10387 20253 49995 82231 333 56669 59020=
48042 32559 41805 10365 20253 40003 83802 333 56409 59017=
48045 32557 71806 10230 20181 87800 333 56500=
48048 22558 71803 10350 20219 40012 85950 333 56490 59014=
48051 21458 83602 10260 20260 79595 86920 333 56590=
48053 NIL=
48060 NIL=
48062 NIL=
48071 NIL=
48075 NIL=
48077 NIL=
48078 NIL=
48080 NIL=
48085 NIL=
48095 NIL=
48108 NIL=
48109 NIL=
48110 NIL=
48112 NIL=
48030 21256 72204 10212 20175 75055 86840 333 56560=
48072 NIL=
48087 NIL=
48099 NIL=
48101 NIL=
48103 NIL=
48057 NIL=
48094 NIL=
48097 NIL=
48031 21258 71801 10245 20209 70166 87300 333 56400=
48033 32563 61401 10350 20258 40008 86900 333 56400 59010=
48034 21356 72301 10240 20217 72055 87300 333 56500=
48039 32460 31401 10345 20240 83900 333 56500=
48043 32656 51807 10275 20220 83232 333 56599=
48052 NIL=
48055 NIL=
48064 NIL=
48065 NIL=
48074 NIL=
48092 NIL=
48093 NIL=
48107 NIL=  48053 21456 72203 10320 20248 40031 70155 84550 333 56590 59009=
48060 31350 62202 10317 20200 40006 71522 84930 333 56560 58010=
48062 22456 82304 10290 20270 40047 70222 86970 333 56690 59006=
48071 32458 82305 10300 20266 40056 8692/ 333 5659/ 59004=
48075 32557 73203 10280 20220 40051 85840 333 56390 59009=
48077 21558 72301 10308 20267 40034 70162 85931 333 56499 59017=
48078 22557 21801 10317 20265 40049 83801 333 56509 59022=
48080 21458 72212 10301 20266 40064 70165 85870 333 56590 59014=
48085 21457 82202 10290 20259 40060 75065 86970 333 56690 59012=
48095 32558 52201 10330 20291 70222 83840 333 56990=
48108 21495 80000 10275 20245 40087 75055 85377 333 56999 59003=
48110 21495 83204 10275 20247 40088 79599 8692/ 333 5679/ 59005=
48112 32597 82705 10310 20254 40094 70322 83876 333 56699 58000=
48072 32460 82706 10310 20267 70222 8683/ 333 5679/=
48087 32560 62302 10320 20248 83841 333 56499=
48099 21660 71303 10296 20266 40065 70162 85930 333 56490 58000=
48101 21558 62703 10320 20265 70165 84321 333 56999=
48103 21456 52202 10296 20266 40064 70155 84830 333 56550 59005=
48057 32458 71302 10234 20198 86950 333 56690=
48094 32459 62203 10335 20275 40064 85940 333 56590 59004=
48097 32557 73102 10305 20224 40075 70222 85316 333 56999 59014=
48052 32468 42202 10374 20227 84800 333 56900=
48055 32557 51806 10305 20205 40001 84801 333 56509 59035=
48064 32570 43601 10335 20257 40018 82831 333 56449 59008=
48065 32558 82202 10340 20257 82831 333 56999=
48074 32459 61402 10320 20265 40054 8377/ 333 56440 59006=
48092 21450 72302 10270 20248 40041 75065 85370 333 56590 59006=
48093 32558 72301 10298 20239 70322 85341 333 56399=
48107 21350 62701 10280 20268 40077 70165 84970 333 56550 59003=  