030600 48001 32450 81401 10280 20233 40065 8487/ 333 56439 59004=
030600 48004 32356 73201 10339 20257 87900 333 56500=
030600 48008 32556 61301 10287 20243 40074 83970 333 56430 58012=
030600 48010 32560 21801 10345 20257 40052 82800 333 56500 58000=
030600 48018 32560 42201 10350 20266 40066 82862 333 56559 58003=
030600 48019 32460 00401 10318 20281 40063 81200 333 56600 58006=
030600 48020 32462 12704 10360 20264 81200 333 56900=
030600 48025 32456 11801 10380 20221 40065 81100 333 56900 58014=
030600 48030 21256 52201 10270 20191 70544 85900 333 56500=
030600 48031 31260 31401 10305 20166 70544 83800 333 56900=
030600 48033 32563 31801 10365 20258 40046 83800 333 56900 59008=
030600 48034 21456 73202 10240 20226 72096 87300 333 56500=
030600 48035 32560 52202 10319 20248 40035 83960 333 56590 59013=
030600 48037 32560 11802 10363 20235 40051 80001 333 56009 59010=
030600 48039 32460 33201 10360 20264 83100 333 56700=
030600 48042 32558 31304 10370 20258 40057 82802 333 56409 58007=
030600 48043 32562 41805 10295 20207 82230 333 56590=
030600 48045 32560 51403 10281 20184 83941 333 56599=
030600 48048 32560 62201 10385 20240 40056 84850 333 56490 58003=
030600 48051 32559 31301 10350 20270 83200 333 56900=
030600 48052 32468 32202 10402 20230 82201 333 56909=
030600 48053 32456 41802 10360 20249 40054 83806 333 56509 59012=
030600 48055 31556 50402 10309 20255 40049 72999 85900 333 56700 58002=
030600 48057 32458 53202 10270 20172 84350 333 56790=
030600 48060 32450 30000 10340 20184 40040 70322 83100 333 56500 58016=
030600 48062 32558 72402 10330 20290 40083 70122 83932 333 58007=
030600 48064 32970 30401 10380 20285 40039 80031 333 56099 59006=
030600 48065 32570 32202 10385 20240 81130 333 56990=
030600 48071 32460 23203 10335 20288 40088 333 56900 58010=
030600 48072 32460 52704 10330 20275 83830 333 56590=
030600 48074 32460 31403 10338 20257 40073 82550 333 56440 58001=
030600 48075 32558 32201 10300 20240 40066 83800 333 56300 59008=
030600 48077 32559 52302 10254 20240 40070 84901 333 56409 58006=
030600 48078 32558 41801 10342 20257 40080 83801 333 56409 58001=
030600 48080 32461 52204 10330 20275 40084 83830 333 56490 58006=
030600 48085 32458 62702 10320 20281 40081 84976 333 56799 58002=
030600 48087 32558 62302 10347 20280 84841 333 56499=
030600 48092 32457 62403 10315 20274 40065 85930 333 56590 59008=
030600 48093 21557 52301 10309 20282 70155 84840 333 56590=
030600 48094 32460 62201 10330 20285 40084 85940 333 56590 59009=
030600 48095 32458 82201 10310 20282 84970 333 56990=
030600 48096 32458 81606 10310 20254 40090 85940 333 56990 59005=
030600 48097 32557 72302 10310 20267 40093 85836 333 56999 58002=
030600 48099 21456 71302 10308 20267 40084 70255 84930 333 56390 58001=
030600 48101 32559 72301 10332 20258 70122 84331 333 56599=
030600 48103 32356 72202 10317 20265 40088 85930 333 56550 59006=
030600 48107 32350 42301 10310 20254 40094 84900 333 56500 58002=
030600 48108 21596 70501 10295 20256 40105 72055 84366 333 56129 58012=
030600 48110 21496 81301 10305 20267 40103 75155 84377 333 56599 58007=
030600 48112 32598 62702 10335 20264 40101 82216 333 56699 59005=  
