03-JUL-2015 09 48001 3 2 4 56 7 00 00 10 305 20 254 3 0000 4 9983 5 0000 6 000 0 7 00 0 0 8 4 8 5 0 333 10 /// 59 013 6 000 0 7 0000 
03-JUL-2015 09 48004 3 1 1 10 8 00 00 10 260 20 260 3 0000 4 0000 5 0000 6 000 0 7 61 6 5 8 5 9 7 / 333 10 /// 58 000 6 000 0 7 0000 
03-JUL-2015 09 48010 2 1 5 56 7 00 00 10 290 20 290 3 0000 4 0005 5 0000 6 000 0 7 61 6 6 8 6 8 3 0 333 10 /// 59 018 6 000 0 7 0000 
03-JUL-2015 09 48018 3 2 5 60 5 22 02 10 345 20 257 3 0000 4 0014 5 0000 6 000 0 7 00 0 0 8 2 8 6 0 333 10 /// 59 002 6 000 0 7 0000 
03-JUL-2015 09 48019 3 2 4 60 7 00 00 10 327 20 275 3 0000 4 0008 5 0000 6 000 0 7 00 0 0 8 4 6 6 0 333 10 /// 59 033 6 000 0 7 0000 
03-JUL-2015 09 48020 2 1 4 56 8 36 02 10 290 20 259 3 0000 4 0000 5 0000 6 000 0 7 60 6 5 8 8 7 0 0 333 10 /// 58 000 6 000 0 7 0000 
03-JUL-2015 09 48025 3 2 4 56 7 14 01 10 352 20 266 3 0000 4 0004 5 0000 6 000 0 7 00 0 0 8 4 8 7 0 333 10 /// 59 019 6 000 0 7 0000 
03-JUL-2015 09 48030 2 1 2 56 7 22 04 10 212 20 175 3 0000 4 0000 5 0000 6 000 0 7 50 5 5 8 6 8 4 0 333 10 /// 58 000 6 000 0 7 0000 
03-JUL-2015 09 48031 2 1 2 58 7 18 01 10 245 20 209 3 0000 4 0000 5 0000 6 000 0 7 01 6 6 8 7 3 0 0 333 10 /// 58 000 6 000 0 7 0000 
03-JUL-2015 09 48033 3 2 5 63 6 14 01 10 350 20 258 3 0000 4 0008 5 0000 6 000 0 7 00 0 0 8 6 9 0 0 333 10 /// 59 010 6 000 0 7 0000 
03-JUL-2015 09 48034 2 1 3 56 7 23 01 10 240 20 217 3 0000 4 0000 5 0000 6 000 0 7 20 5 5 8 7 3 0 0 333 10 /// 58 000 6 000 0 7 0000 
03-JUL-2015 09 48035 3 2 5 60 6 22 05 10 307 20 225 3 0000 4 0002 5 0000 6 000 0 7 00 0 0 8 4 9 6 0 333 10 /// 59 019 6 000 0 7 0000 
03-JUL-2015 09 48037 3 2 5 60 4 18 02 10 387 20 253 3 0000 4 9995 5 0000 6 000 0 7 00 0 0 8 2 2 3 1 333 10 /// 59 020 6 000 0 7 0000 
03-JUL-2015 09 48039 3 2 4 60 3 14 01 10 345 20 240 3 0000 4 0000 5 0000 6 000 0 7 00 0 0 8 3 9 0 0 333 10 /// 58 000 6 000 0 7 0000 
03-JUL-2015 09 48042 3 2 5 59 4 18 05 10 365 20 253 3 0000 4 0003 5 0000 6 000 0 7 00 0 0 8 3 8 0 2 333 10 /// 59 017 6 000 0 7 0000 
03-JUL-2015 09 48043 3 2 6 56 5 18 07 10 275 20 220 3 0000 4 0000 5 0000 6 000 0 7 00 0 0 8 3 2 3 2 333 10 /// 58 000 6 000 0 7 0000 
03-JUL-2015 09 48045 3 2 5 57 7 18 06 10 230 20 181 3 0000 4 0000 5 0000 6 000 0 7 00 0 0 8 7 8 0 0 333 10 /// 58 000 6 000 0 7 0000 
03-JUL-2015 09 48048 2 2 5 58 7 18 03 10 350 20 219 3 0000 4 0012 5 0000 6 000 0 7 00 0 0 8 5 9 5 0 333 10 /// 59 014 6 000 0 7 0000 
03-JUL-2015 09 48051 2 1 4 58 8 36 02 10 260 20 260 3 0000 4 0000 5 0000 6 000 0 7 95 9 5 8 6 9 2 0 333 10 /// 58 000 6 000 0 7 0000 
03-JUL-2015 09 48052 3 2 4 68 4 22 02 10 374 20 227 3 0000 4 0000 5 0000 6 000 0 7 00 0 0 8 4 8 0 0 333 10 /// 58 000 6 000 0 7 0000 
03-JUL-2015 09 48055 3 2 5 57 5 18 06 10 305 20 205 3 0000 4 0001 5 0000 6 000 0 7 00 0 0 8 4 8 0 1 333 10 /// 59 035 6 000 0 7 0000 
03-JUL-2015 09 48057 3 2 4 58 7 13 02 10 234 20 198 3 0000 4 0000 5 0000 6 000 0 7 00 0 0 8 6 9 5 0 333 10 /// 58 000 6 000 0 7 0000 
03-JUL-2015 09 48060 3 1 3 50 6 22 02 10 317 20 200 3 0000 4 0006 5 0000 6 000 0 7 15 2 2 8 4 9 3 0 333 10 /// 58 010 6 000 0 7 0000 
03-JUL-2015 09 48062 2 2 4 56 8 23 04 10 290 20 270 3 0000 4 0047 5 0000 6 000 0 7 02 2 2 8 6 9 7 0 333 10 /// 59 006 6 000 0 7 0000 
03-JUL-2015 09 48064 3 2 5 70 4 36 01 10 335 20 257 3 0000 4 0018 5 0000 6 000 0 7 00 0 0 8 2 8 3 1 333 10 /// 59 008 6 000 0 7 0000 
03-JUL-2015 09 48065 3 2 5 58 8 22 02 10 340 20 257 3 0000 4 0000 5 0000 6 000 0 7 00 0 0 8 2 8 3 1 333 10 /// 58 000 6 000 0 7 0000 
03-JUL-2015 09 48071 3 2 4 58 8 23 05 10 300 20 266 3 0000 4 0056 5 0000 6 000 0 7 00 0 0 8 6 9 2 / 333 10 /// 59 004 6 000 0 7 0000 
03-JUL-2015 09 48072 3 2 4 60 8 27 06 10 310 20 267 3 0000 4 0000 5 0000 6 000 0 7 02 2 2 8 6 8 3 / 333 10 /// 58 000 6 000 0 7 0000 
03-JUL-2015 09 48074 3 2 4 59 6 14 02 10 320 20 265 3 0000 4 0054 5 0000 6 000 0 7 00 0 0 8 3 7 7 / 333 10 /// 59 006 6 000 0 7 0000 
03-JUL-2015 09 48075 3 2 5 57 7 32 03 10 280 20 220 3 0000 4 0051 5 0000 6 000 0 7 00 0 0 8 5 8 4 0 333 10 /// 59 009 6 000 0 7 0000 
03-JUL-2015 09 48077 2 1 5 58 7 23 01 10 308 20 267 3 0000 4 0034 5 0000 6 000 0 7 01 6 2 8 5 9 3 1 333 10 /// 59 017 6 000 0 7 0000 
03-JUL-2015 09 48078 2 2 5 57 2 18 01 10 317 20 265 3 0000 4 0049 5 0000 6 000 0 7 00 0 0 8 3 8 0 1 333 10 /// 59 022 6 000 0 7 0000 
03-JUL-2015 09 48080 2 1 4 58 7 22 12 10 301 20 266 3 0000 4 0064 5 0000 6 000 0 7 01 6 5 8 5 8 7 0 333 10 /// 59 014 6 000 0 7 0000 
03-JUL-2015 09 48085 2 1 4 57 8 22 02 10 290 20 259 3 0000 4 0060 5 0000 6 000 0 7 50 6 5 8 6 9 7 0 333 10 /// 59 012 6 000 0 7 0000 
03-JUL-2015 09 48087 3 2 5 60 6 23 02 10 320 20 248 3 0000 4 0000 5 0000 6 000 0 7 00 0 0 8 3 8 4 1 333 10 /// 58 000 6 000 0 7 0000 
03-JUL-2015 09 48092 2 1 4 50 7 23 02 10 270 20 248 3 0000 4 0041 5 0000 6 000 0 7 50 6 5 8 5 3 7 0 333 10 /// 59 006 6 000 0 7 0000 
03-JUL-2015 09 48093 3 2 5 58 7 23 01 10 298 20 239 3 0000 4 0000 5 0000 6 000 0 7 03 2 2 8 5 3 4 1 333 10 /// 58 000 6 000 0 7 0000 
03-JUL-2015 09 48094 3 2 4 59 6 22 03 10 335 20 275 3 0000 4 0064 5 0000 6 000 0 7 00 0 0 8 5 9 4 0 333 10 /// 59 004 6 000 0 7 0000 
03-JUL-2015 09 48095 3 2 5 58 5 22 01 10 330 20 291 3 0000 4 0000 5 0000 6 000 0 7 02 2 2 8 3 8 4 0 333 10 /// 58 000 6 000 0 7 0000 
03-JUL-2015 09 48097 3 2 5 57 7 31 02 10 305 20 224 3 0000 4 0075 5 0000 6 000 0 7 02 2 2 8 5 3 1 6 333 10 /// 59 014 6 000 0 7 0000 
03-JUL-2015 09 48099 2 1 6 60 7 13 03 10 296 20 266 3 0000 4 0065 5 0000 6 000 0 7 01 6 2 8 5 9 3 0 333 10 /// 58 000 6 000 0 7 0000 
03-JUL-2015 09 48101 2 1 5 58 6 27 03 10 320 20 265 3 0000 4 0000 5 0000 6 000 0 7 01 6 5 8 4 3 2 1 333 10 /// 58 000 6 000 0 7 0000 
03-JUL-2015 09 48103 2 1 4 56 5 22 02 10 296 20 266 3 0000 4 0064 5 0000 6 000 0 7 01 5 5 8 4 8 3 0 333 10 /// 59 005 6 000 0 7 0000 
03-JUL-2015 09 48107 2 1 3 50 6 27 01 10 280 20 268 3 0000 4 0077 5 0000 6 000 0 7 01 6 5 8 4 9 7 0 333 10 /// 59 003 6 000 0 7 0000 
03-JUL-2015 09 48108 2 1 4 95 8 00 00 10 275 20 245 3 0000 4 0087 5 0000 6 000 0 7 50 5 5 8 5 3 7 7 333 10 /// 59 003 6 000 0 7 0000 
03-JUL-2015 09 48110 2 1 4 95 8 32 04 10 275 20 247 3 0000 4 0088 5 0000 6 000 0 7 95 9 9 8 6 9 2 / 333 10 /// 59 005 6 000 0 7 0000 
03-JUL-2015 09 48112 3 2 5 97 8 27 05 10 310 20 254 3 0000 4 0094 5 0000 6 000 0 7 03 2 2 8 3 8 7 6 333 10 /// 58 000 6 000 0 7 0000 
