48001 NIL=
48004 NIL=
48008 21456 80000 10257 20246 40030 72166 8497/ 333 20242 56459 59018 60022=
48010 22440 70000 10270 20268 40023 84770 333 20263 56550 59017 69902=
48018 21558 72201 10285 20233 40033 72055 83870 333 20252 56559 59010 69902=
48019 22450 70000 10260 20260 40025 85770 333 20258 56450 59018 60042=
48020 32450 80000 10265 20256 88700 333 20245 56500 60002=
48025 22220 52201 10260 20246 40027 84840 333 20254 56760 59021 69902=
48035 32560 51803 10241 20209 40031 83960 333 20234 56590 59028 60002=
48037 32558 61801 10285 20233 40023 82832 333 20280 56559 59019 60002=
48042 32558 61806 10286 20248 40034 84850 333 20270 56440 59028 60002=
48045 NIL=
48048 32558 42202 10287 20230 40026 84800 333 20280 56400 59021 60002=
48051 21456 83102 10250 20250 75165 86920 333 20244 56390 60332=
48053 32440 71805 10260 20240 40022 83756 333 20256 56499 59022 60002=
48060 32340 72201 10258 20203 40021 70322 85730 333 20215 56490 59019 60002=
48062 21440 82304 10260 20260 40050 75096 86920 333 20220 56590 59012 60342=
48071 21456 82305 10270 20270 40058 72992 8692/ 333 20255 5659/ 59007 61212=
48075 32456 70000 10223 20205 40084 85830 333 56590 59033 60002=
48077 21456 80000 10260 20246 40048 85970 333 20244 56990 59020 60052=
48078 22540 71801 10260 20253 40067 8457/ 333 20245 56499 59019 60002=
48080 21456 80000 10275 20256 40077 79596 85970 333 20240 56590 59018 60052=
48085 31456 52704 10284 20268 40070 84970 333 20275 56790 59011 60012=
48095 NIL=
48108 NIL=
48109 NIL=
48110 21495 60000 10255 20247 40095 70299 8437/ 333 20250 56599 59012 60232 =
48112 21597 82207 10275 20245 40100 70152 83876 333 20202 56599 59010 60042=
48030 21/01 92202 10173 20173 75255 89/// 333 20165 56999 60032=
48072 NIL=
48087 22550 60000 10266 20256 83871 333 20250 56499=
48099 21330 82301 10250 20250 40079 79595 8697/ 333 20240 5659/ 59006 60402=
48101 21556 72310 10277 20250 70255 84370 333 20232 56590 60012=
48103 21330 83201 10252 20250 40090 79196 86770 333 20247 56770 59004 60002=
48057 22456 81401 10200 20185 86950 333 20190 56490 60002=
48094 21456 80000 10265 20250 40074 70265 86970 333 20218 56690 59015 60072=
48097 21557 83201 10265 20258 40090 70262 84330 333 20258 56990 59000=
48031 21258 81401 10183 20165 888// 333 20165 56999 60012=
48033 32561 31802 10276 20233 40039 83500 333 20263 56400 59010 60002=
48034 NIL=
48039 32456 72202 10280 20233 83550 333 20279 56550 60002=
48043 32530 81802 10220 20205 8587/ 333 20183 56599 60002=
48052 32450 71304 10292 20248 85930 333 20286 56990 60002=
48055 32556 60000 10202 20196 40061 84930 333 20193 56550 59029 60002=
48064 32450 80000 10270 20240 40033 84870 333 20225 56990 59006 60002=
48065 32450 80401 10270 20256 85870 333 20242 56990 60002=
48074 21356 80000 10250 20250 40067 8677/ 333 20235 56499 59024 60092=
48092 21450 63202 10265 20258 40058 70522 84370 333 20250 56690 59014 60002=
48093 22450 62301 10269 20256 84870 333 20259 56390=
48107 21330 82702 10250 20250 40084 76396 8597/ 333 20244 5655/ 59014 60152=  