03-JUN-2015 06 48001 3 2 4 50 8 14 01 10 280 20 233 3 0000 4 0065 5 0000 6 000 0 7 00 0 0 8 4 8 7 / 333 10 /// 59 004 6 000 0 7 0000 
03-JUN-2015 06 48004 3 2 3 56 7 32 01 10 339 20 257 3 0000 4 0000 5 0000 6 000 0 7 00 0 0 8 7 9 0 0 333 10 /// 58 000 6 000 0 7 0000 
03-JUN-2015 06 48008 3 2 5 56 6 13 01 10 287 20 243 3 0000 4 0074 5 0000 6 000 0 7 00 0 0 8 3 9 7 0 333 10 /// 58 012 6 000 0 7 0000 
03-JUN-2015 06 48010 3 2 5 60 2 18 01 10 345 20 257 3 0000 4 0052 5 0000 6 000 0 7 00 0 0 8 2 8 0 0 333 10 /// 58 000 6 000 0 7 0000 
03-JUN-2015 06 48018 3 2 5 60 4 22 01 10 350 20 266 3 0000 4 0066 5 0000 6 000 0 7 00 0 0 8 2 8 6 2 333 10 /// 58 003 6 000 0 7 0000 
03-JUN-2015 06 48019 3 2 4 60 0 04 01 10 318 20 281 3 0000 4 0063 5 0000 6 000 0 7 00 0 0 8 1 2 0 0 333 10 /// 58 006 6 000 0 7 0000 
03-JUN-2015 06 48020 3 2 4 62 1 27 04 10 360 20 264 3 0000 4 0000 5 0000 6 000 0 7 00 0 0 8 1 2 0 0 333 10 /// 58 000 6 000 0 7 0000 
03-JUN-2015 06 48025 3 2 4 56 1 18 01 10 380 20 221 3 0000 4 0065 5 0000 6 000 0 7 00 0 0 8 1 1 0 0 333 10 /// 58 014 6 000 0 7 0000 
03-JUN-2015 06 48030 2 1 2 56 5 22 01 10 270 20 191 3 0000 4 0000 5 0000 6 000 0 7 05 4 4 8 5 9 0 0 333 10 /// 58 000 6 000 0 7 0000 
03-JUN-2015 06 48031 3 1 2 60 3 14 01 10 305 20 166 3 0000 4 0000 5 0000 6 000 0 7 05 4 4 8 3 8 0 0 333 10 /// 58 000 6 000 0 7 0000 
03-JUN-2015 06 48033 3 2 5 63 3 18 01 10 365 20 258 3 0000 4 0046 5 0000 6 000 0 7 00 0 0 8 3 8 0 0 333 10 /// 59 008 6 000 0 7 0000 
03-JUN-2015 06 48034 2 1 4 56 7 32 02 10 240 20 226 3 0000 4 0000 5 0000 6 000 0 7 20 9 6 8 7 3 0 0 333 10 /// 58 000 6 000 0 7 0000 
03-JUN-2015 06 48035 3 2 5 60 5 22 02 10 319 20 248 3 0000 4 0035 5 0000 6 000 0 7 00 0 0 8 3 9 6 0 333 10 /// 59 013 6 000 0 7 0000 
03-JUN-2015 06 48037 3 2 5 60 1 18 02 10 363 20 235 3 0000 4 0051 5 0000 6 000 0 7 00 0 0 8 0 0 0 1 333 10 /// 59 010 6 000 0 7 0000 
03-JUN-2015 06 48039 3 2 4 60 3 32 01 10 360 20 264 3 0000 4 0000 5 0000 6 000 0 7 00 0 0 8 3 1 0 0 333 10 /// 58 000 6 000 0 7 0000 
03-JUN-2015 06 48042 3 2 5 58 3 13 04 10 370 20 258 3 0000 4 0057 5 0000 6 000 0 7 00 0 0 8 2 8 0 2 333 10 /// 58 007 6 000 0 7 0000 
03-JUN-2015 06 48043 3 2 5 62 4 18 05 10 295 20 207 3 0000 4 0000 5 0000 6 000 0 7 00 0 0 8 2 2 3 0 333 10 /// 58 000 6 000 0 7 0000 
03-JUN-2015 06 48045 3 2 5 60 5 14 03 10 281 20 184 3 0000 4 0000 5 0000 6 000 0 7 00 0 0 8 3 9 4 1 333 10 /// 58 000 6 000 0 7 0000 
03-JUN-2015 06 48048 3 2 5 60 6 22 01 10 385 20 240 3 0000 4 0056 5 0000 6 000 0 7 00 0 0 8 4 8 5 0 333 10 /// 58 003 6 000 0 7 0000 
03-JUN-2015 06 48051 3 2 5 59 3 13 01 10 350 20 270 3 0000 4 0000 5 0000 6 000 0 7 00 0 0 8 3 2 0 0 333 10 /// 58 000 6 000 0 7 0000 
03-JUN-2015 06 48052 3 2 4 68 3 22 02 10 402 20 230 3 0000 4 0000 5 0000 6 000 0 7 00 0 0 8 2 2 0 1 333 10 /// 58 000 6 000 0 7 0000 
03-JUN-2015 06 48053 3 2 4 56 4 18 02 10 360 20 249 3 0000 4 0054 5 0000 6 000 0 7 00 0 0 8 3 8 0 6 333 10 /// 59 012 6 000 0 7 0000 
03-JUN-2015 06 48055 3 1 5 56 5 04 02 10 309 20 255 3 0000 4 0049 5 0000 6 000 0 7 29 9 9 8 5 9 0 0 333 10 /// 58 002 6 000 0 7 0000 
03-JUN-2015 06 48057 3 2 4 58 5 32 02 10 270 20 172 3 0000 4 0000 5 0000 6 000 0 7 00 0 0 8 4 3 5 0 333 10 /// 58 000 6 000 0 7 0000 
03-JUN-2015 06 48060 3 2 4 50 3 00 00 10 340 20 184 3 0000 4 0040 5 0000 6 000 0 7 03 2 2 8 3 1 0 0 333 10 /// 58 016 6 000 0 7 0000 
03-JUN-2015 06 48062 3 2 5 58 7 24 02 10 330 20 290 3 0000 4 0083 5 0000 6 000 0 7 01 2 2 8 3 9 3 2 333 10 /// 58 007 6 000 0 7 0000 
03-JUN-2015 06 48064 3 2 9 70 3 04 01 10 380 20 285 3 0000 4 0039 5 0000 6 000 0 7 00 0 0 8 0 0 3 1 333 10 /// 59 006 6 000 0 7 0000 
03-JUN-2015 06 48065 3 2 5 70 3 22 02 10 385 20 240 3 0000 4 0000 5 0000 6 000 0 7 00 0 0 8 1 1 3 0 333 10 /// 58 000 6 000 0 7 0000 
03-JUN-2015 06 48071 3 2 4 60 2 32 03 10 335 20 288 3 0000 4 0088 5 0000 6 000 0 7 00 0 0 8 0 0 0 0 333 10 /// 58 010 6 000 0 7 0000 
03-JUN-2015 06 48072 3 2 4 60 5 27 04 10 330 20 275 3 0000 4 0000 5 0000 6 000 0 7 00 0 0 8 3 8 3 0 333 10 /// 58 000 6 000 0 7 0000 
03-JUN-2015 06 48074 3 2 4 60 3 14 03 10 338 20 257 3 0000 4 0073 5 0000 6 000 0 7 00 0 0 8 2 5 5 0 333 10 /// 58 001 6 000 0 7 0000 
03-JUN-2015 06 48075 3 2 5 58 3 22 01 10 300 20 240 3 0000 4 0066 5 0000 6 000 0 7 00 0 0 8 3 8 0 0 333 10 /// 59 008 6 000 0 7 0000 
03-JUN-2015 06 48077 3 2 5 59 5 23 02 10 254 20 240 3 0000 4 0070 5 0000 6 000 0 7 00 0 0 8 4 9 0 1 333 10 /// 58 006 6 000 0 7 0000 
03-JUN-2015 06 48078 3 2 5 58 4 18 01 10 342 20 257 3 0000 4 0080 5 0000 6 000 0 7 00 0 0 8 3 8 0 1 333 10 /// 58 001 6 000 0 7 0000 
03-JUN-2015 06 48080 3 2 4 61 5 22 04 10 330 20 275 3 0000 4 0084 5 0000 6 000 0 7 00 0 0 8 3 8 3 0 333 10 /// 58 006 6 000 0 7 0000 
03-JUN-2015 06 48085 3 2 4 58 6 27 02 10 320 20 281 3 0000 4 0081 5 0000 6 000 0 7 00 0 0 8 4 9 7 6 333 10 /// 58 002 6 000 0 7 0000 
03-JUN-2015 06 48087 3 2 5 58 6 23 02 10 347 20 280 3 0000 4 0000 5 0000 6 000 0 7 00 0 0 8 4 8 4 1 333 10 /// 58 000 6 000 0 7 0000 
03-JUN-2015 06 48092 3 2 4 57 6 24 03 10 315 20 274 3 0000 4 0065 5 0000 6 000 0 7 00 0 0 8 5 9 3 0 333 10 /// 59 008 6 000 0 7 0000 
03-JUN-2015 06 48093 2 1 5 57 5 23 01 10 309 20 282 3 0000 4 0000 5 0000 6 000 0 7 01 5 5 8 4 8 4 0 333 10 /// 58 000 6 000 0 7 0000 
03-JUN-2015 06 48094 3 2 4 60 6 22 01 10 330 20 285 3 0000 4 0084 5 0000 6 000 0 7 00 0 0 8 5 9 4 0 333 10 /// 59 009 6 000 0 7 0000 
03-JUN-2015 06 48095 3 2 4 58 8 22 01 10 310 20 282 3 0000 4 0000 5 0000 6 000 0 7 00 0 0 8 4 9 7 0 333 10 /// 58 000 6 000 0 7 0000 
03-JUN-2015 06 48096 3 2 4 58 8 16 06 10 310 20 254 3 0000 4 0090 5 0000 6 000 0 7 00 0 0 8 5 9 4 0 333 10 /// 59 005 6 000 0 7 0000 
03-JUN-2015 06 48097 3 2 5 57 7 23 02 10 310 20 267 3 0000 4 0093 5 0000 6 000 0 7 00 0 0 8 5 8 3 6 333 10 /// 58 002 6 000 0 7 0000 
03-JUN-2015 06 48099 2 1 4 56 7 13 02 10 308 20 267 3 0000 4 0084 5 0000 6 000 0 7 02 5 5 8 4 9 3 0 333 10 /// 58 001 6 000 0 7 0000 
03-JUN-2015 06 48101 3 2 5 59 7 23 01 10 332 20 258 3 0000 4 0000 5 0000 6 000 0 7 01 2 2 8 4 3 3 1 333 10 /// 58 000 6 000 0 7 0000 
03-JUN-2015 06 48103 3 2 3 56 7 22 02 10 317 20 265 3 0000 4 0088 5 0000 6 000 0 7 00 0 0 8 5 9 3 0 333 10 /// 59 006 6 000 0 7 0000 
03-JUN-2015 06 48107 3 2 3 50 4 23 01 10 310 20 254 3 0000 4 0094 5 0000 6 000 0 7 00 0 0 8 4 9 0 0 333 10 /// 58 002 6 000 0 7 0000 
03-JUN-2015 06 48108 2 1 5 96 7 05 01 10 295 20 256 3 0000 4 0105 5 0000 6 000 0 7 20 5 5 8 4 3 6 6 333 10 /// 58 012 6 000 0 7 0000 
03-JUN-2015 06 48110 2 1 4 96 8 13 01 10 305 20 267 3 0000 4 0103 5 0000 6 000 0 7 51 5 5 8 4 3 7 7 333 10 /// 58 007 6 000 0 7 0000 
03-JUN-2015 06 48112 3 2 5 98 6 27 02 10 335 20 264 3 0000 4 0101 5 0000 6 000 0 7 00 0 0 8 2 2 1 6 333 10 /// 59 005 6 000 0 7 0000 
