



*-*-*


<!--
.style2 {
	font-family:"Courier New", Courier, monospace;
	font-size: 14px;
}
-->






SMBM01 VBRR 030600

AAXX 03064
48001 32558 51201 10260 20179 40105 83850 333 56440 59040=
48004 32560 40401 10281 20203 84900 333 56500=
48008 32557 52301 10302 20166 40084 82431 333 56566 59037=
48010 32560 20000 10305 20166 40081 80001 333 56009 59040=
48018 32960 01402 10330 20172 40094 333 59030=
48019 32960 02302 10316 20215 40086 333 59031=
48020 32958 03602 10330 20234 333=
48025 31956 03601 10365 20071 40086 70544 333 59041=
48030 31356 02205 10210 20019 70544=
48031 31259 23601 10250 20046 70500 82800 333 56900=
48033 32963 03601 10350 20237 40088 333 59022=
48034 32958 01802 10290 20076 333=
48035 31940 02703 10300 20098 40056 70500 333 59030=
48037 31956 03601 10356 20177 40080 70544 333 59044=
48039 31958 22202 10355 20156 70511 80002 333 56005=
48042 31956 02201 10365 20140 40085 70500 333 59021=
48043 32058 01805 10290 20092 333=
48045 32562 11409 10265 20085 81100 333 56500=
48048 32962 02201 10375 20159 40096 333 59027=
48051 NIL=
48052 32970 03201 10384 20150 333=
48053 31950 01802 10370 20148 40083 70500 333 59028=
48055 31056 02701 10319 20102 40054 70500 333 59034=
48057 32458 12303 10280 20098 81500 333 56900=
48060 32950 00000 10290 20159 40070 333 59034=
48062 32957 02703 10310 20270 40118 333 59017=
48064 32970 01401 10390 20213 40067 333 59035=
48065 32970 02204 10382 20187 333=
48071 32960 03202 10292 20230 40125 333 59004=
48072 32960 02702 10295 20266 70122 333=
48074 32961 03201 10355 20214 40098 333 59020=
48075 31457 12201 10320 20140 40078 70511 81100 333 56300 59024=
48077 31958 00000 10372 20171 40091 70500 333 59016=
48078 32958 12301 10355 20208 40102 80001 333 56009 59012=
48080 32961 03207 10334 20234 40100 333 59013=
48085 32458 12705 10302 20253 40113 81100 333 56700 59004=
48087 32960 00000 10360 20156 333=
48092 32957 00503 10355 20208 40084 333 59015=
48093 32958 02301 10344 20257 333=
48094 32960 03202 10350 20210 40109 333 59008=
48095 32958 00401 10350 20182 333=
48096 32958 00507 10340 20164 40111 333 59009=
48097 32957 03302 10335 20192 40115 333 59005=
48099 32456 22304 10345 20225 40103 82800 333 56500 59015=
48101 32960 03201 10335 20225 333=
48103 32556 12201 10342 20240 40107 81500 333 56500 59012=
48107 32950 02302 10332 20234 40099 333 59014=
48108 31596 42304 10345 20212 40103 70144 82806 333 56909 59026=
48109 NIL=
48110 31596 53203 10330 20258 40118 70522 82306 333 56909 59008=
48112 NIL=
48026 32070 03206 10345 20145 333=
48047 32962 03201 10376 20112 333=
48067 32959 01802 10360 20156 333=  





