03-MAY-2015 06 48004 3 2 5 60 3 04 01 10 331 20 212 3 0000 4 0000 5 0000 6 000 0 7 00 0 0 8 3 8 0 0 333 10 /// 58 000 6 000 0 7 0000 
03-MAY-2015 06 48008 3 2 5 58 1 32 01 10 346 20 202 3 0000 4 0086 5 0000 6 000 0 7 00 0 0 8 1 1 0 0 333 10 /// 58 004 6 000 0 7 0000 
03-MAY-2015 06 48010 3 2 5 60 2 00 00 10 325 20 236 3 0000 4 0084 5 0000 6 000 0 7 00 0 0 8 2 1 0 0 333 10 /// 59 005 6 000 0 7 0000 
03-MAY-2015 06 48018 3 2 5 60 2 14 02 10 345 20 219 3 0000 4 0085 5 0000 6 000 0 7 00 0 0 8 1 1 1 0 333 10 /// 59 012 6 000 0 7 0000 
03-MAY-2015 06 48019 3 2 9 60 0 23 02 10 344 20 225 3 0000 4 0083 5 0000 6 000 0 7 00 0 0 8 0 0 0 0 333 10 /// 58 007 6 000 0 7 0000 
03-MAY-2015 06 48020 3 2 9 58 0 36 02 10 350 20 239 3 0000 4 0000 5 0000 6 000 0 7 00 0 0 8 0 0 0 0 333 10 /// 58 000 6 000 0 7 0000 
03-MAY-2015 06 48025 3 2 4 56 1 32 01 10 320 20 215 3 0000 4 0095 5 0000 6 000 0 7 00 0 0 8 1 5 0 0 333 10 /// 58 013 6 000 0 7 0000 
03-MAY-2015 06 48030 3 2 3 56 1 22 03 10 236 20 095 3 0000 4 0000 5 0000 6 000 0 7 00 0 0 8 1 2 0 0 333 10 /// 58 000 6 000 0 7 0000 
03-MAY-2015 06 48033 3 2 9 60 0 36 01 10 380 20 221 3 0000 4 0069 5 0000 6 000 0 7 00 0 0 8 0 0 0 0 333 10 /// 59 000 6 000 0 7 0000 
03-MAY-2015 06 48034 3 2 4 56 4 23 01 10 295 20 162 3 0000 4 0000 5 0000 6 000 0 7 00 0 0 8 4 8 0 0 333 10 /// 58 000 6 000 0 7 0000 
03-MAY-2015 06 48035 3 1 5 50 3 22 02 10 322 20 140 3 0000 4 0058 5 0000 6 000 0 7 05 0 0 8 3 8 0 0 333 10 /// 59 007 6 000 0 7 0000 
03-MAY-2015 06 48037 3 2 9 60 0 32 01 10 375 20 187 3 0000 4 0082 5 0000 6 000 0 7 00 0 0 8 0 0 0 0 333 10 /// 58 008 6 000 0 7 0000 
03-MAY-2015 06 48039 3 2 4 60 1 14 01 10 368 20 227 3 0000 4 0000 5 0000 6 000 0 7 00 0 0 8 1 1 0 0 333 10 /// 58 000 6 000 0 7 0000 
03-MAY-2015 06 48042 3 2 5 57 2 22 02 10 380 20 240 3 0000 4 0076 5 0000 6 000 0 7 00 0 0 8 1 3 5 0 333 10 /// 59 001 6 000 0 7 0000 
03-MAY-2015 06 48043 3 2 5 56 5 32 03 10 300 20 166 3 0000 4 0000 5 0000 6 000 0 7 00 0 0 8 3 2 3 0 333 10 /// 58 000 6 000 0 7 0000 
03-MAY-2015 06 48045 3 1 5 58 2 14 04 10 300 20 124 3 0000 4 0000 5 0000 6 000 0 7 04 4 4 8 2 8 0 0 333 10 /// 58 000 6 000 0 7 0000 
03-MAY-2015 06 48048 3 2 9 60 0 04 01 10 397 20 214 3 0000 4 0085 5 0000 6 000 0 7 00 0 0 8 0 0 0 0 333 10 /// 58 001 6 000 0 7 0000 
03-MAY-2015 06 48051 3 2 5 60 2 09 01 10 353 20 240 3 0000 4 0000 5 0000 6 000 0 7 00 0 0 8 2 2 0 0 333 10 /// 58 000 6 000 0 7 0000 
03-MAY-2015 06 48052 3 2 9 70 0 32 02 10 410 20 210 3 0000 4 0000 5 0000 6 000 0 7 00 0 0 8 0 0 0 0 333 10 /// 58 000 6 000 0 7 0000 
03-MAY-2015 06 48053 3 2 5 50 6 18 02 10 370 20 258 3 0000 4 0083 5 0000 6 000 0 7 00 0 0 8 4 9 5 6 333 10 /// 58 011 6 000 0 7 0000 
03-MAY-2015 06 48055 3 2 5 56 6 36 04 10 318 20 184 3 0000 4 0062 5 0000 6 000 0 7 00 0 0 8 6 3 0 0 333 10 /// 58 006 6 000 0 7 0000 
03-MAY-2015 06 48057 3 2 4 58 5 32 03 10 286 20 140 3 0000 4 0000 5 0000 6 000 0 7 00 0 0 8 5 3 0 0 333 10 /// 58 000 6 000 0 7 0000 
03-MAY-2015 06 48060 3 2 4 56 2 00 00 10 332 20 172 3 0000 4 0060 5 0000 6 000 0 7 00 0 0 8 2 1 0 0 333 10 /// 58 012 6 000 0 7 0000 
03-MAY-2015 06 48062 3 2 5 58 5 23 04 10 330 20 290 3 0000 4 0111 5 0000 6 000 0 7 00 0 0 8 4 9 3 0 333 10 /// 58 007 6 000 0 7 0000 
03-MAY-2015 06 48064 3 2 9 70 0 14 01 10 405 20 301 3 0000 4 0072 5 0000 6 000 0 7 00 0 0 8 0 0 0 0 333 10 /// 58 009 6 000 0 7 0000 
03-MAY-2015 06 48065 3 2 9 70 0 04 05 10 400 20 230 3 0000 4 0000 5 0000 6 000 0 7 00 0 0 8 0 0 0 0 333 10 /// 58 000 6 000 0 7 0000 
03-MAY-2015 06 48071 3 2 4 60 2 32 03 10 330 20 258 3 0000 4 0113 5 0000 6 000 0 7 00 0 0 8 2 8 0 0 333 10 /// 58 005 6 000 0 7 0000 
03-MAY-2015 06 48072 3 2 4 60 1 27 05 10 340 20 288 3 0000 4 0000 5 0000 6 000 0 7 00 0 0 8 1 2 0 0 333 10 /// 58 000 6 000 0 7 0000 
03-MAY-2015 06 48074 3 2 5 60 2 14 01 10 365 20 235 3 0000 4 0091 5 0000 6 000 0 7 00 0 0 8 2 1 0 0 333 10 /// 59 007 6 000 0 7 0000 
03-MAY-2015 06 48075 3 2 4 57 4 13 01 10 320 20 174 3 0000 4 0088 5 0000 6 000 0 7 00 0 0 8 3 2 3 0 333 10 /// 58 012 6 000 0 7 0000 
03-MAY-2015 06 48077 3 2 5 59 3 23 02 10 374 20 227 3 0000 4 0088 5 0000 6 000 0 7 00 0 0 8 1 2 0 1 333 10 /// 58 003 6 000 0 7 0000 
03-MAY-2015 06 48078 3 2 5 58 2 23 02 10 380 20 221 3 0000 4 0093 5 0000 6 000 0 7 00 0 0 8 1 2 0 1 333 10 /// 58 002 6 000 0 7 0000 
03-MAY-2015 06 48080 3 2 4 61 5 32 06 10 350 20 266 3 0000 4 0100 5 0000 6 000 0 7 00 0 0 8 3 8 7 0 333 10 /// 59 006 6 000 0 7 0000 
03-MAY-2015 06 48085 3 2 8 58 3 32 06 10 342 20 257 3 0000 4 0103 5 0000 6 000 0 7 00 0 0 8 2 8 0 6 333 10 /// 58 002 6 000 0 7 0000 
03-MAY-2015 06 48087 3 2 5 60 3 00 00 10 378 20 240 3 0000 4 0000 5 0000 6 000 0 7 00 0 0 8 1 1 0 1 333 10 /// 58 000 6 000 0 7 0000 
03-MAY-2015 06 48092 3 2 4 57 3 23 01 10 360 20 264 3 0000 4 0073 5 0000 6 000 0 7 00 0 0 8 3 8 0 0 333 10 /// 59 001 6 000 0 7 0000 
03-MAY-2015 06 48093 3 2 6 58 4 14 01 10 366 20 258 3 0000 4 0000 5 0000 6 000 0 7 00 0 0 8 3 8 0 1 333 10 /// 58 000 6 000 0 7 0000 
03-MAY-2015 06 48094 3 2 4 60 5 32 03 10 358 20 250 3 0000 4 0098 5 0000 6 000 0 7 00 0 0 8 3 9 7 0 333 10 /// 58 003 6 000 0 7 0000 
03-MAY-2015 06 48095 3 2 5 58 3 22 02 10 370 20 246 3 0000 4 0000 5 0000 6 000 0 7 00 0 0 8 3 8 0 0 333 10 /// 58 000 6 000 0 7 0000 
03-MAY-2015 06 48097 3 2 5 57 6 24 01 10 360 20 249 3 0000 4 0098 5 0000 6 000 0 7 00 0 0 8 3 8 0 1 333 10 /// 58 005 6 000 0 7 0000 
03-MAY-2015 06 48099 3 2 4 57 6 13 02 10 362 20 235 3 0000 4 0094 5 0000 6 000 0 7 00 0 0 8 5 9 0 1 333 10 /// 58 008 6 000 0 7 0000 
03-MAY-2015 06 48101 3 2 6 60 2 32 02 10 348 20 240 3 0000 4 0000 5 0000 6 000 0 7 00 0 0 8 1 2 0 1 333 10 /// 58 000 6 000 0 7 0000 
03-MAY-2015 06 48103 3 2 4 57 4 22 01 10 358 20 214 3 0000 4 0098 5 0000 6 000 0 7 00 0 0 8 4 8 0 0 333 10 /// 58 004 6 000 0 7 0000 
03-MAY-2015 06 48107 3 2 3 50 4 03 01 10 342 20 257 3 0000 4 0096 5 0000 6 000 0 7 00 0 0 8 4 9 0 0 333 10 /// 58 001 6 000 0 7 0000 
03-MAY-2015 06 48108 3 2 5 96 7 32 03 10 340 20 257 3 0000 4 0110 5 0000 6 000 0 7 00 0 0 8 4 3 6 6 333 10 /// 58 008 6 000 0 7 0000 
03-MAY-2015 06 48110 3 2 5 96 8 32 04 10 340 20 257 3 0000 4 0111 5 0000 6 000 0 7 00 0 0 8 3 3 0 7 333 10 /// 58 002 6 000 0 7 0000 
