03-MAR-2015 12 48001 3 2 4 50 7 27 01 10 336 20 185 3 0000 4 0073 5 0000 6 000 0 7 00 0 0 8 4 9 7 0 333 10 280 59 040 6 000 0 7 0000 
03-MAR-2015 12 48004 3 2 4 58 5 00 00 10 281 20 220 3 0000 4 0000 5 0000 6 000 0 7 00 0 0 8 5 9 0 0 333 10 328 58 000 6 000 0 7 0000 
03-MAR-2015 12 48008 3 1 5 40 5 00 00 10 298 20 185 3 0000 4 0046 5 0000 6 000 0 7 10 4 4 8 2 4 3 0 333 10 345 59 031 6 000 0 7 0000 
03-MAR-2015 12 48010 3 2 9 40 0 22 03 10 308 20 169 3 0000 4 0037 5 0000 6 000 0 7 00 0 0 8 0 0 0 0 333 10 350 59 033 6 000 0 7 0000 
03-MAR-2015 12 48018 3 1 9 56 0 32 01 10 323 20 163 3 0000 4 0051 5 0000 6 000 0 7 10 4 4 8 0 0 0 0 333 10 364 59 029 6 000 0 7 0000 
03-MAR-2015 12 48019 3 2 9 50 0 00 00 10 305 20 237 3 0000 4 0033 5 0000 6 000 0 7 00 0 0 8 0 0 0 0 333 10 355 59 040 6 000 0 7 0000 
03-MAR-2015 12 48020 3 2 2 58 2 00 00 10 320 20 236 3 0000 4 0000 5 0000 6 000 0 7 00 0 0 8 2 2 0 0 333 10 360 58 000 6 000 0 7 0000 
03-MAR-2015 12 48025 3 1 4 56 3 22 01 10 352 20 158 3 0000 4 0034 5 0000 6 000 0 7 05 4 4 8 2 8 4 0 333 10 383 59 029 6 000 0 7 0000 
03-MAR-2015 12 48030 3 1 2 56 3 22 05 10 197 20 060 3 0000 4 0000 5 0000 6 000 0 7 05 4 4 8 3 9 0 0 333 20 228 58 000 6 000 0 7 0000 
03-MAR-2015 12 48031 3 1 2 58 3 22 01 10 215 20 065 3 0000 4 0000 5 0000 6 000 0 7 05 1 1 8 3 8 0 0 333 20 265 58 000 6 000 0 7 0000 
03-MAR-2015 12 48033 3 2 9 62 0 00 00 10 350 20 237 3 0000 4 0037 5 0000 6 000 0 7 00 0 0 8 0 0 0 0 333 10 385 59 035 6 000 0 7 0000 
03-MAR-2015 12 48034 3 2 9 56 0 00 00 10 246 20 120 3 0000 4 0000 5 0000 6 000 0 7 00 0 0 8 0 0 0 0 333 10 315 58 000 6 000 0 7 0000 
03-MAR-2015 12 48035 3 1 9 50 0 32 04 10 282 20 098 3 0000 4 0021 5 0000 6 000 0 7 04 0 0 8 0 0 0 0 333 10 323 59 034 6 000 0 7 0000 
03-MAR-2015 12 48037 3 1 5 40 6 00 00 10 349 20 202 3 0000 4 0028 5 0000 6 000 0 7 05 4 4 8 6 8 0 0 333 10 392 59 039 6 000 0 7 0000 
03-MAR-2015 12 48039 3 2 4 59 2 32 01 10 334 20 172 3 0000 4 0000 5 0000 6 000 0 7 00 0 0 8 2 4 0 0 333 10 383 58 000 6 000 0 7 0000 
03-MAR-2015 12 48042 3 2 5 58 1 00 00 10 350 20 202 3 0000 4 0036 5 0000 6 000 0 7 00 0 0 8 1 4 0 0 333 10 395 59 028 6 000 0 7 0000 
03-MAR-2015 12 48043 3 2 9 20 0 00 00 10 250 20 105 3 0000 4 0000 5 0000 6 000 0 7 00 0 0 8 0 0 0 0 333 10 305 58 000 6 000 0 7 0000 
03-MAR-2015 12 48045 3 2 5 58 2 14 06 10 255 20 119 3 0000 4 0000 5 0000 6 000 0 7 00 0 0 8 2 8 0 0 333 10 310 58 000 6 000 0 7 0000 
03-MAR-2015 12 48048 3 2 9 50 0 18 01 10 366 20 207 3 0000 4 0028 5 0000 6 000 0 7 00 0 0 8 0 0 0 0 333 10 405 59 035 6 000 0 7 0000 
03-MAR-2015 12 48051 3 2 9 59 0 31 03 10 312 20 190 3 0000 4 0000 5 0000 6 000 0 7 00 0 0 8 0 0 0 0 333 10 367 58 000 6 000 0 7 0000 
03-MAR-2015 12 48052 3 2 4 50 3 22 03 10 370 20 148 3 0000 4 0000 5 0000 6 000 0 7 00 0 0 8 3 8 0 0 333 10 426 58 000 6 000 0 7 0000 
03-MAR-2015 12 48053 3 2 5 50 2 18 02 10 360 20 177 3 0000 4 0033 5 0000 6 000 0 7 00 0 0 8 2 5 0 0 333 10 390 59 029 6 000 0 7 0000 
03-MAR-2015 12 48055 3 1 5 56 1 27 02 10 296 20 154 3 0000 4 0026 5 0000 6 000 0 7 05 1 1 8 1 5 0 0 333 10 343 59 032 6 000 0 7 0000 
03-MAR-2015 12 48057 3 2 9 56 0 15 01 10 246 20 105 3 0000 4 0000 5 0000 6 000 0 7 00 0 0 8 0 0 0 0 333 10 297 58 000 6 000 0 7 0000 
03-MAR-2015 12 48060 3 2 9 20 0 00 00 10 280 20 146 3 0000 4 0034 5 0000 6 000 0 7 00 0 0 8 0 0 0 0 333 10 336 59 027 6 000 0 7 0000 
03-MAR-2015 12 48062 3 1 9 40 0 27 09 10 285 20 270 3 0000 4 0078 5 0000 6 000 0 7 05 0 0 8 0 0 0 0 333 10 315 59 030 6 000 0 7 0000 
03-MAR-2015 12 48064 3 2 9 50 0 14 01 10 350 20 202 3 0000 4 0060 5 0000 6 000 0 7 00 0 0 8 0 0 0 0 333 10 416 58 013 6 000 0 7 0000 
03-MAR-2015 12 48065 3 2 9 50 0 22 05 10 350 20 237 3 0000 4 0000 5 0000 6 000 0 7 00 0 0 8 0 0 0 0 333 10 418 58 000 6 000 0 7 0000 
03-MAR-2015 12 48071 3 2 9 56 0 27 04 10 285 20 248 3 0000 4 0085 5 0000 6 000 0 7 00 0 0 8 0 0 0 0 333 10 313 59 020 6 000 0 7 0000 
03-MAR-2015 12 48072 3 2 9 57 0 32 01 10 280 20 233 3 0000 4 0000 5 0000 6 000 0 7 00 0 0 8 0 0 0 0 333 10 330 58 000 6 000 0 7 0000 
03-MAR-2015 12 48074 3 2 9 58 0 00 00 10 343 20 225 3 0000 4 0041 5 0000 6 000 0 7 00 0 0 8 0 0 0 0 333 10 380 59 037 6 000 0 7 0000 
03-MAR-2015 12 48075 3 1 9 56 0 22 03 10 290 20 120 3 0000 4 0057 5 0000 6 000 0 7 05 1 1 8 0 0 0 0 333 10 350 59 021 6 000 0 7 0000 
03-MAR-2015 12 48077 3 1 9 56 1 23 04 10 350 20 143 3 0000 4 0040 5 0000 6 000 0 7 05 1 1 8 0 0 0 1 333 10 374 59 027 6 000 0 7 0000 
03-MAR-2015 12 48078 3 2 9 50 2 00 00 10 342 20 195 3 0000 4 0051 5 0000 6 000 0 7 00 0 0 8 0 0 0 1 333 10 386 59 025 6 000 0 7 0000 
03-MAR-2015 12 48080 3 2 9 57 0 22 04 10 284 20 250 3 0000 4 0090 5 0000 6 000 0 7 00 0 0 8 0 0 0 0 333 10 350 59 013 6 000 0 7 0000 
03-MAR-2015 12 48085 3 2 5 56 5 32 05 10 276 20 250 3 0000 4 0083 5 0000 6 000 0 7 00 0 0 8 5 8 0 0 333 10 310 59 016 6 000 0 7 0000 
03-MAR-2015 12 48087 3 2 9 50 0 23 01 10 320 20 200 3 0000 4 0000 5 0000 6 000 0 7 00 0 0 8 0 0 0 0 333 10 390 58 000 6 000 0 7 0000 
03-MAR-2015 12 48092 3 1 9 57 0 23 03 10 355 20 199 3 0000 4 0056 5 0000 6 000 0 7 05 0 0 8 0 0 0 0 333 10 385 59 006 6 000 0 7 0000 
03-MAR-2015 12 48093 3 2 9 50 0 23 01 10 324 20 215 3 0000 4 0000 5 0000 6 000 0 7 00 0 0 8 0 0 0 0 333 10 367 58 000 6 000 0 7 0000 
03-MAR-2015 12 48094 3 2 9 57 0 32 02 10 296 20 220 3 0000 4 0079 5 0000 6 000 0 7 00 0 0 8 0 0 0 0 333 10 366 59 013 6 000 0 7 0000 
03-MAR-2015 12 48095 3 2 9 56 0 22 01 10 330 20 201 3 0000 4 0000 5 0000 6 000 0 7 00 0 0 8 0 0 0 0 333 10 385 58 000 6 000 0 7 0000 
03-MAR-2015 12 48096 3 2 9 58 0 22 05 10 350 20 189 3 0000 4 0071 5 0000 6 000 0 7 00 0 0 8 0 0 0 0 333 10 380 59 015 6 000 0 7 0000 
03-MAR-2015 12 48097 3 2 5 56 2 24 03 10 330 20 206 3 0000 4 0081 5 0000 6 000 0 7 00 0 0 8 2 5 0 0 333 10 384 59 027 6 000 0 7 0000 
03-MAR-2015 12 48099 3 2 4 40 2 23 04 10 320 20 236 3 0000 4 0068 5 0000 6 000 0 7 00 0 0 8 2 5 0 0 333 10 373 59 011 6 000 0 7 0000 
03-MAR-2015 12 48101 3 2 9 56 0 32 01 10 313 20 237 3 0000 4 0000 5 0000 6 000 0 7 00 0 0 8 0 0 0 0 333 10 356 58 000 6 000 0 7 0000 
03-MAR-2015 12 48103 3 2 9 40 0 22 02 10 297 20 239 3 0000 4 0069 5 0000 6 000 0 7 00 0 0 8 0 0 0 0 333 10 373 59 018 6 000 0 7 0000 
03-MAR-2015 12 48107 3 2 9 40 0 27 02 10 280 20 233 3 0000 4 0075 5 0000 6 000 0 7 00 0 0 8 0 0 0 0 333 10 340 59 023 6 000 0 7 0000 
03-MAR-2015 12 48108 3 2 5 96 4 32 01 10 305 20 230 3 0000 4 0082 5 0000 6 000 0 7 00 0 0 8 2 8 0 6 333 10 360 59 021 6 000 0 7 0000 
03-MAR-2015 12 48109 3 2 9 97 0 00 00 10 295 20 253 3 0000 4 0096 5 0000 6 000 0 7 00 0 0 8 0 0 0 0 333 10 325 59 019 6 000 0 7 0000 
03-MAR-2015 12 48110 3 1 5 96 5 18 02 10 300 20 253 3 0000 4 0087 5 0000 6 000 0 7 05 2 2 8 2 3 0 6 333 10 330 59 018 6 000 0 7 0000 
03-MAR-2015 12 48112 3 2 5 98 6 36 01 10 300 20 253 3 0000 4 0085 5 0000 6 000 0 7 00 0 0 8 2 2 1 6 333 10 346 59 008 6 000 0 7 0000 
