03-MAY-2015 18 48008 3 2 5 10 5 00 00 10 300 20 185 3 0000 4 0067 5 0000 6 000 0 7 00 0 0 8 3 5 3 0 333 10 /// 59 010 6 000 0 7 0000 
03-MAY-2015 18 48010 3 2 0 10 0 36 01 10 263 20 229 3 0000 4 0066 5 0000 6 000 0 7 00 0 0 8 0 0 0 0 333 10 /// 59 004 6 000 0 7 0000 
03-MAY-2015 18 48018 3 2 9 30 0 00 00 10 270 20 211 3 0000 4 0071 5 0000 6 000 0 7 00 0 0 8 0 0 0 0 333 10 /// 59 009 6 000 0 7 0000 
03-MAY-2015 18 48025 3 2 9 06 0 36 01 10 210 20 189 3 0000 4 0075 5 0000 6 000 0 7 00 0 0 8 0 0 0 0 333 10 /// 59 018 6 000 0 7 0000 
03-MAY-2015 18 48042 3 2 5 50 2 00 00 10 310 20 225 3 0000 4 0060 5 0000 6 000 0 7 00 0 0 8 1 2 5 0 333 10 /// 58 000 6 000 0 7 0000 
03-MAY-2015 18 48053 3 2 9 40 0 18 03 10 310 20 237 3 0000 4 0070 5 0000 6 000 0 7 00 0 0 8 0 0 0 0 333 10 /// 58 004 6 000 0 7 0000 
03-MAY-2015 18 48057 2 2 4 39 2 14 01 10 220 20 173 3 0000 4 0000 5 0000 6 000 0 7 00 0 0 8 2 8 0 0 333 10 /// 58 000 6 000 0 7 0000 
03-MAY-2015 18 48060 3 2 9 20 2 04 01 10 230 20 181 3 0000 4 0066 5 0000 6 000 0 7 00 0 0 8 0 0 3 0 333 10 /// 59 021 6 000 0 7 0000 
03-MAY-2015 18 48062 3 2 9 50 0 27 06 10 290 20 270 3 0000 4 0089 5 0000 6 000 0 7 00 0 0 8 0 0 0 0 333 10 /// 59 005 6 000 0 7 0000 
03-MAY-2015 18 48071 3 2 9 30 0 32 03 10 295 20 253 3 0000 4 0079 5 0000 6 000 0 7 00 0 0 8 0 0 0 0 333 10 /// 59 007 6 000 0 7 0000 
03-MAY-2015 18 48078 3 2 5 50 4 18 01 10 318 20 248 3 0000 4 0076 5 0000 6 000 0 7 00 0 0 8 3 5 0 1 333 10 /// 59 005 6 000 0 7 0000 
03-MAY-2015 18 48080 3 2 4 40 6 22 02 10 291 20 259 3 0000 4 0116 5 0000 6 000 0 7 00 0 0 8 4 9 7 0 333 10 /// 58 000 6 000 0 7 0000 
03-MAY-2015 18 48094 3 2 4 50 2 00 00 10 280 20 270 3 0000 4 0086 5 0000 6 000 0 7 00 0 0 8 2 9 0 0 333 10 /// 59 006 6 000 0 7 0000 
03-MAY-2015 18 48097 3 2 5 56 2 23 02 10 290 20 254 3 0000 4 0096 5 0000 6 000 0 7 00 0 0 8 2 5 0 0 333 10 /// 58 002 6 000 0 7 0000 
03-MAY-2015 18 48099 3 2 4 40 5 00 00 10 290 20 248 3 0000 4 0091 5 0000 6 000 0 7 00 0 0 8 3 8 3 0 333 10 /// 58 007 6 000 0 7 0000 
03-MAY-2015 18 48103 3 1 5 10 4 22 02 10 296 20 239 3 0000 4 0080 5 0000 6 000 0 7 00 0 0 8 4 8 0 0 333 10 /// 59 003 6 000 0 7 0000 
03-MAY-2015 18 48108 3 2 5 96 6 32 01 10 270 20 240 3 0000 4 0114 5 0000 6 000 0 7 00 0 0 8 4 3 0 6 333 10 /// 58 006 6 000 0 7 0000 
03-MAY-2015 18 48110 3 2 5 96 6 00 00 10 280 20 268 3 0000 4 0106 5 0000 6 000 0 7 00 0 0 8 1 3 3 6 333 10 /// 58 003 6 000 0 7 0000 
03-MAY-2015 18 48112 2 1 5 97 8 04 03 10 271 20 256 3 0000 4 0092 5 0000 6 000 0 7 01 5 2 8 3 8 7 6 333 10 /// 59 010 6 000 0 7 0000 
