48001 32450 72701 10336 20185 40073 84970 333 10280 56450 59040=
48004 32458 50000 10281 20220 85900 333 10328 56500=
48008 31540 50000 10298 20185 40046 71044 82430 333 10345 56560 59031=
48010 32940 02203 10308 20169 40037 333 10350 59033=
48018 31956 03201 10323 20163 40051 71044 333 10364 59029=
48020 32258 20000 10320 20236 82200 333 10360 56500=
48025 31456 32201 10352 20158 40034 70544 82840 333 10383 56540 59029=
48035 31950 03204 10282 20098 40021 70400 333 10323 59034=
48037 31540 60000 10349 20202 40028 70544 86800 333 10392 56600 59039=
48042 32558 10000 10350 20202 40036 81400 333 10395 56900 59028=
48045 32558 21406 10255 20119 82800 333 10310 56500=
48048 32950 01801 10366 20207 40028 333 10405 59035=
48051 32959 03103 10312 20190 333 10367=
48053 32550 21802 10360 20177 40033 82500 333 10390 56600 59029=
48060 32920 00000 10280 20146 40034 333 10336 59027=
48062 31940 02709 10285 20270 40078 70500 333 10315 59030=
48071 32956 02704 10285 20248 40085 333 10313 59020=
48075 31956 02203 10290 20120 40057 70511 333 10350 59021=
48077 31956 12304 10350 20143 40040 70511 80001 333 10374 56009 59027=
48078 32950 20000 10342 20195 40051 80001 333 10386 56009 59025=
48080 32957 02204 10284 20250 40090 333 10350 59013=
48085 32556 53205 10276 20250 40083 85800 333 10310 56800 59016=
48095 32956 02201 10330 20201 333 10385=
48108 32596 43201 10305 20230 40082 82806 333 10360 56909 59021=
48109 32997 00000 10295 20253 40096 333 10325 59019=
48110 31596 51802 10300 20253 40087 70522 82306 333 10330 56409 59018=
48112 32598 63601 10300 20253 40085 82216 333 10346 56899 59008=
48030 31256 32205 10197 20060 70544 83900 333 20228 56500=
48072 32957 03201 10280 20233 333 10330=
48087 32950 02301 10320 20200 333 10390=
48099 32440 22304 10320 20236 40068 82500 333 10373 56900 59011=
48101 32956 03201 10313 20237 333 10356=
48103 32940 02202 10297 20239 40069 333 10373 59018=
48057 32956 01501 10246 20105 333 10297=
48094 32957 03202 10296 20220 40079 333 10366 59013=
48097 32556 22403 10330 20206 40081 82500 333 10384 56900 59027=
48031 31258 32201 10215 20065 70511 83800 333 20265 56400=
48033 32962 00000 10350 20237 40037 333 10385 59035=
48034 32956 00000 10246 20120 333 10315=
48039 32459 23201 10334 20172 82400 333 10383 56900=
48043 32920 00000 10250 20105 333 10305=
48052 32450 32203 10370 20148 83800 333 10426 56900=
48055 31556 12702 10296 20154 40026 70511 81500 333 10343 56500 59032=
48064 32950 01401 10350 20202 40060 333 10416 58013=
48065 32950 02205 10350 20237 333 10418=
48074 32958 00000 10343 20225 40041 333 10380 59037=
48092 31957 02303 10355 20199 40056 70500 333 10385 59006=
48093 32950 02301 10324 20215 333 10367=
48107 32940 02702 10280 20233 40075 333 10340 59023=  48001 32450 72701 10336 20185 40073 84970 333 10280 56450 59040=
48004 32458 50000 10281 20220 85900 333 10328 56500=
48008 31540 50000 10298 20185 40046 71044 82430 333 10345 56560 59031=
48010 32940 02203 10308 20169 40037 333 10350 59033=
48018 31956 03201 10323 20163 40051 71044 333 10364 59029=
48019 32950 00000 10305 20237 40033 333 10355 59040=
48020 32258 20000 10320 20236 82200 333 10360 56500=
48025 31456 32201 10352 20158 40034 70544 82840 333 10383 56540 59029=
48030 31256 32205 10197 20060 70544 83900 333 20228 56500=
48031 31258 32201 10215 20065 70511 83800 333 20265 56400=
48033 32962 00000 10350 20237 40037 333 10385 59035=
48034 32956 00000 10246 20120 333 10315=
48035 31950 03204 10282 20098 40021 70400 333 10323 59034=
48037 31540 60000 10349 20202 40028 70544 86800 333 10392 56600 59039=
48039 32459 23201 10334 20172 82400 333 10383 56900=
48042 32558 10000 10350 20202 40036 81400 333 10395 56900 59028=
48043 32920 00000 10250 20105 333 10305=
48045 32558 21406 10255 20119 82800 333 10310 56500=
48048 32950 01801 10366 20207 40028 333 10405 59035=
48051 32959 03103 10312 20190 333 10367=
48052 32450 32203 10370 20148 83800 333 10426 56900=
48053 32550 21802 10360 20177 40033 82500 333 10390 56600 59029=
48055 31556 12702 10296 20154 40026 70511 81500 333 10343 56500 59032=
48057 32956 01501 10246 20105 333 10297=
48060 32920 00000 10280 20146 40034 333 10336 59027=
48062 31940 02709 10285 20270 40078 70500 333 10315 59030=
48064 32950 01401 10350 20202 40060 333 10416 58013=
48065 32950 02205 10350 20237 333 10418=
48071 32956 02704 10285 20248 40085 333 10313 59020=
48072 32957 03201 10280 20233 333 10330=
48074 32958 00000 10343 20225 40041 333 10380 59037=
48075 31956 02203 10290 20120 40057 70511 333 10350 59021=
48077 31956 12304 10350 20143 40040 70511 80001 333 10374 56009 59027=
48078 32950 20000 10342 20195 40051 80001 333 10386 56009 59025=
48080 32957 02204 10284 20250 40090 333 10350 59013=
48085 32556 53205 10276 20250 40083 85800 333 10310 56800 59016=
48087 32950 02301 10320 20200 333 10390=
48092 31957 02303 10355 20199 40056 70500 333 10385 59006=
48093 32950 02301 10324 20215 333 10367=
48094 32957 03202 10296 20220 40079 333 10366 59013=
48095 32956 02201 10330 20201 333 10385=
48096 32958 02205 10350 20189 40071 333 10380 59015=
48097 32556 22403 10330 20206 40081 82500 333 10384 56900 59027=
48099 32440 22304 10320 20236 40068 82500 333 10373 56900 59011=
48101 32956 03201 10313 20237 333 10356=
48103 32940 02202 10297 20239 40069 333 10373 59018=
48107 32940 02702 10280 20233 40075 333 10340 59023=
48108 32596 43201 10305 20230 40082 82806 333 10360 56909 59021=
48109 32997 00000 10295 20253 40096 333 10325 59019=
48110 31596 51802 10300 20253 40087 70522 82306 333 10330 56409 59018=
48112 32598 63601 10300 20253 40085 82216 333 10346 56899 59008=  