48001 31448 81301 10220 20185 40127 71422 8477/ 333 56439 58031=
48004 32560 31301 10260 20203 83800 333 56500=
48008 22058 00401 10282 20203 40105 333 58009=
48010 32950 20000 10265 20215 40109 80001 333 56006 58013=
48018 32958 00401 10295 20207 40093 333 59001=
48019 32960 00402 10293 20215 40094 333 58010=
48020 22958 00000 10290 20230=
48025 22440 11201 10272 20211 40110 81500 333 56900 58017=
48030 22956 02203 10193 20072=
48031 21960 00401 10220 20087 70544=
48033 32562 23601 10330 20212 40078 82500 333 56900 58000=
48034 32956 02301 10238 20174=
48035 31950 00000 10267 20172 40086 70500 333 59004=
48037 32956 03601 10302 20185 40096 333 59010=
48039 32459 11401 10317 20200 81100 333 56500=
48042 32556 63601 10322 20215 40091 84850 333 56550 58003=
48043 32056 53205 10250 20186 80030 333 56090=
48045 31956 01802 10265 20085 70444=
48048 32960 00401 10340 20206 40099 333 58012=
48051 32559 30902 10282 20220 83200 333 56900=
48052 32950 03202 10300 20223=
48053 32950 02202 10340 20240 40093 333 59029=
48055 32656 12302 10272 20172 40089 81500 333 56500 58007=
48057 32458 23201 10250 20167 82800 333 56900=
48060 32950 22701 10265 20197 40091 80006 333 56009 58009=
48062 32556 30903 10295 20250 40116 83800 333 56900 58011=
48064 32960 00901 10340 20257 40083 333 58016=
48065 32970 00000 10362 20214=
48071 32458 43202 10320 20248 40119 84800 333 56900 59012=
48072 32459 22703 10320 20265 82300 333 56500=
48074 32958 00901 10310 20254 40108 333 59008=
48075 32957 20901 10280 20220 40116 80001 333 56009 58012=
48077 32959 20000 10314 20225 40097 80001 333 56009 59002=
48078 32556 31402 10319 20242 40113 82501 333 56409 58009=
48080 32560 40403 10320 20281 40122 84200 333 56500 58002=
48085 32458 43206 10320 20265 40113 83805 333 56709 58011=
48087 32960 00000 10320 20248=
48092 31456 42301 10310 20254 40090 70522 84100 333 56900 58002=
48093 32958 01401 10320 20265=
48094 32459 23202 10325 20255 40110 82800 333 56900 58008=
48095 32958 22703 10320 20248 80002 333 56009=
48097 32557 42403 10315 20251 40113 83801 333 56909 58003=
48099 32456 62301 10308 20254 40117 85930 333 56590 58006=
48101 32659 22702 10310 20254 81101 333 56609=
48103 32456 61401 10326 20244 40117 84730 333 56330 58015=
48107 32350 61301 10302 20239 40113 84970 333 56770 58005=
48108 32596 63201 10330 20258 40119 84306 333 56609 58005=
48109 32497 41801 10324 20248 40122 84900 333 56100 58001=
48110 32596 83603 10315 20259 40118 83307 333 56709 58001=
48112 22598 60401 10325 20265 40116 82216 333 56199 59005=  48001 31448 81301 10220 20185 40127 71422 8477/ 333 56439 58031=
48004 32560 31301 10260 20203 83800 333 56500=
48008 22058 00401 10282 20203 40105 333 58009=
48010 32950 20000 10265 20215 40109 80001 333 56006 58013=
48018 32958 00401 10295 20207 40093 333 59001=
48019 32960 00402 10293 20215 40094 333 58010=
48020 22958 00000 10290 20230=
48025 22440 11201 10272 20211 40110 81500 333 56900 58017=
48030 22956 02203 10193 20072=
48031 21960 00401 10220 20087 70544=
48033 32562 23601 10330 20212 40078 82500 333 56900 58000=
48034 32956 02301 10238 20174=
48035 31950 00000 10267 20172 40086 70500 333 59004=
48037 32956 03601 10302 20185 40096 333 59010=
48039 32459 11401 10317 20200 81100 333 56500=
48042 32556 63601 10322 20215 40091 84850 333 56550 58003=
48043 32056 53205 10250 20186 80030 333 56090=
48045 31956 01802 10265 20085 70444=
48048 32960 00401 10340 20206 40099 333 58012=
48051 32559 30902 10282 20220 83200 333 56900=
48052 32950 03202 10300 20223=
48053 32950 02202 10340 20240 40093 333 59029=
48055 32656 12302 10272 20172 40089 81500 333 56500 58007=
48057 32458 23201 10250 20167 82800 333 56900=
48060 32950 22701 10265 20197 40091 80006 333 56009 58009=
48062 32556 30903 10295 20250 40116 83800 333 56900 58011=
48064 32960 00901 10340 20257 40083 333 58016=
48065 32970 00000 10362 20214=
48071 32458 43202 10320 20248 40119 84800 333 56900 59012=
48072 32459 22703 10320 20265 82300 333 56500=
48074 32958 00901 10310 20254 40108 333 59008=
48075 32957 20901 10280 20220 40116 80001 333 56009 58012=
48077 32959 20000 10314 20225 40097 80001 333 56009 59002=
48078 32556 31402 10319 20242 40113 82501 333 56409 58009=
48080 32560 40403 10320 20281 40122 84200 333 56500 58002=
48085 32458 43206 10320 20265 40113 83805 333 56709 58011=
48087 32960 00000 10320 20248=
48092 31456 42301 10310 20254 40090 70522 84100 333 56900 58002=
48093 32958 01401 10320 20265=
48094 32459 23202 10325 20255 40110 82800 333 56900 58008=
48095 32958 22703 10320 20248 80002 333 56009=
48097 32557 42403 10315 20251 40113 83801 333 56909 58003=
48099 32456 62301 10308 20254 40117 85930 333 56590 58006=
48101 32659 22702 10310 20254 81101 333 56609=
48103 32456 61401 10326 20244 40117 84730 333 56330 58015=
48107 32350 61301 10302 20239 40113 84970 333 56770 58005=
48108 32596 63201 10330 20258 40119 84306 333 56609 58005=
48109 32497 41801 10324 20248 40122 84900 333 56100 58001=
48110 32596 83603 10315 20259 40118 83307 333 56709 58001=
48112 22598 60401 10325 20265 40116 82216 333 56199 59005=  