48008 31510 60000 10240 20209 40057 71044 83970 333 56560 59016=
48010 32501 31802 10250 20233 40070 80030 333 56050 59014=
48018 32430 33201 10260 20229 40082 83800 333 56900 59028=
48025 31405 12201 10266 20211 40093 70544 81500 333 56900 59008=
48042 32550 20000 10260 20179 40053 81450 333 56990 59028=
48053 32940 00000 10270 20172 40063 333 59024=
48057 32939 01401 10200 20168 333=
48060 32910 00000 10150 20134 40104 333 59018=
48062 31940 02704 10260 20250 40106 71000 333 59019=
48071 32930 03201 10255 20229 40091 333 59035=
48078 32950 10000 10257 20179 40086 80001 333 56009 59035=
48080 32950 00000 10234 20198 40111 333 59019=
48094 32950 00000 10250 20240 40095 333 59023=
48097 32956 03301 10280 20158 40099 333 59016=
48099 32430 22302 10275 20250 40090 82800 333 56900 59017=
48103 32510 22201 10278 20220 40080 82500 333 56500 59013=
48108 32596 60901 10260 20229 40112 83406 333 56909 59013=
48109 32995 00000 10250 20219 40099 333 59019=
48110 32595 40000 10270 20248 40110 81306 333 56909 59018=
48112 32597 63202 10272 20211 40106 82216 333 56799 59010=  