03-MAR-2015 06 48001 3 2 5 58 5 12 01 10 260 20 179 3 0000 4 0105 5 0000 6 000 0 7 00 0 0 8 3 8 5 0 333 10 /// 59 040 6 000 0 7 0000 
03-MAR-2015 06 48004 3 2 5 60 4 04 01 10 281 20 203 3 0000 4 0000 5 0000 6 000 0 7 00 0 0 8 4 9 0 0 333 10 /// 58 000 6 000 0 7 0000 
03-MAR-2015 06 48008 3 2 5 57 5 23 01 10 302 20 166 3 0000 4 0084 5 0000 6 000 0 7 00 0 0 8 2 4 3 1 333 10 /// 59 037 6 000 0 7 0000 
03-MAR-2015 06 48010 3 2 5 60 2 00 00 10 305 20 166 3 0000 4 0081 5 0000 6 000 0 7 00 0 0 8 0 0 0 1 333 10 /// 59 040 6 000 0 7 0000 
03-MAR-2015 06 48018 3 2 9 60 0 14 02 10 330 20 172 3 0000 4 0094 5 0000 6 000 0 7 00 0 0 8 0 0 0 0 333 10 /// 59 030 6 000 0 7 0000 
03-MAR-2015 06 48019 3 2 9 60 0 23 02 10 316 20 215 3 0000 4 0086 5 0000 6 000 0 7 00 0 0 8 0 0 0 0 333 10 /// 59 031 6 000 0 7 0000 
03-MAR-2015 06 48020 3 2 9 58 0 36 02 10 330 20 234 3 0000 4 0000 5 0000 6 000 0 7 00 0 0 8 0 0 0 0 333 10 /// 58 000 6 000 0 7 0000 
03-MAR-2015 06 48025 3 1 9 56 0 36 01 10 365 20 071 3 0000 4 0086 5 0000 6 000 0 7 05 4 4 8 0 0 0 0 333 10 /// 59 041 6 000 0 7 0000 
03-MAR-2015 06 48026 3 2 0 70 0 32 06 10 345 20 145 3 0000 4 0000 5 0000 6 000 0 7 00 0 0 8 0 0 0 0 333 10 /// 58 000 6 000 0 7 0000 
03-MAR-2015 06 48031 3 1 2 59 2 36 01 10 250 20 046 3 0000 4 0000 5 0000 6 000 0 7 05 0 0 8 2 8 0 0 333 10 /// 58 000 6 000 0 7 0000 
03-MAR-2015 06 48033 3 2 9 63 0 36 01 10 350 20 237 3 0000 4 0088 5 0000 6 000 0 7 00 0 0 8 0 0 0 0 333 10 /// 59 022 6 000 0 7 0000 
03-MAR-2015 06 48034 3 2 9 58 0 18 02 10 290 20 076 3 0000 4 0000 5 0000 6 000 0 7 00 0 0 8 0 0 0 0 333 10 /// 58 000 6 000 0 7 0000 
03-MAR-2015 06 48035 3 1 9 40 0 27 03 10 300 20 098 3 0000 4 0056 5 0000 6 000 0 7 05 0 0 8 0 0 0 0 333 10 /// 59 030 6 000 0 7 0000 
03-MAR-2015 06 48037 3 1 9 56 0 36 01 10 356 20 177 3 0000 4 0080 5 0000 6 000 0 7 05 4 4 8 0 0 0 0 333 10 /// 59 044 6 000 0 7 0000 
03-MAR-2015 06 48039 3 1 9 58 2 22 02 10 355 20 156 3 0000 4 0000 5 0000 6 000 0 7 05 1 1 8 0 0 0 2 333 10 /// 58 000 6 000 0 7 0000 
03-MAR-2015 06 48042 3 1 9 56 0 22 01 10 365 20 140 3 0000 4 0085 5 0000 6 000 0 7 05 0 0 8 0 0 0 0 333 10 /// 59 021 6 000 0 7 0000 
03-MAR-2015 06 48043 3 2 0 58 0 18 05 10 290 20 092 3 0000 4 0000 5 0000 6 000 0 7 00 0 0 8 0 0 0 0 333 10 /// 58 000 6 000 0 7 0000 
03-MAR-2015 06 48045 3 2 5 62 1 14 09 10 265 20 085 3 0000 4 0000 5 0000 6 000 0 7 00 0 0 8 1 1 0 0 333 10 /// 58 000 6 000 0 7 0000 
03-MAR-2015 06 48047 3 2 9 62 0 32 01 10 376 20 112 3 0000 4 0000 5 0000 6 000 0 7 00 0 0 8 0 0 0 0 333 10 /// 58 000 6 000 0 7 0000 
03-MAR-2015 06 48048 3 2 9 62 0 22 01 10 375 20 159 3 0000 4 0096 5 0000 6 000 0 7 00 0 0 8 0 0 0 0 333 10 /// 59 027 6 000 0 7 0000 
03-MAR-2015 06 48052 3 2 9 70 0 32 01 10 384 20 150 3 0000 4 0000 5 0000 6 000 0 7 00 0 0 8 0 0 0 0 333 10 /// 58 000 6 000 0 7 0000 
03-MAR-2015 06 48053 3 1 9 50 0 18 02 10 370 20 148 3 0000 4 0083 5 0000 6 000 0 7 05 0 0 8 0 0 0 0 333 10 /// 59 028 6 000 0 7 0000 
03-MAR-2015 06 48055 3 1 0 56 0 27 01 10 319 20 102 3 0000 4 0054 5 0000 6 000 0 7 05 0 0 8 0 0 0 0 333 10 /// 59 034 6 000 0 7 0000 
03-MAR-2015 06 48057 3 2 4 58 1 23 03 10 280 20 098 3 0000 4 0000 5 0000 6 000 0 7 00 0 0 8 1 5 0 0 333 10 /// 58 000 6 000 0 7 0000 
03-MAR-2015 06 48060 3 2 9 50 0 00 00 10 290 20 159 3 0000 4 0070 5 0000 6 000 0 7 00 0 0 8 0 0 0 0 333 10 /// 59 034 6 000 0 7 0000 
03-MAR-2015 06 48062 3 2 9 57 0 27 03 10 310 20 270 3 0000 4 0118 5 0000 6 000 0 7 00 0 0 8 0 0 0 0 333 10 /// 59 017 6 000 0 7 0000 
03-MAR-2015 06 48064 3 2 9 70 0 14 01 10 390 20 213 3 0000 4 0067 5 0000 6 000 0 7 00 0 0 8 0 0 0 0 333 10 /// 59 035 6 000 0 7 0000 
03-MAR-2015 06 48065 3 2 9 70 0 22 04 10 382 20 187 3 0000 4 0000 5 0000 6 000 0 7 00 0 0 8 0 0 0 0 333 10 /// 58 000 6 000 0 7 0000 
03-MAR-2015 06 48067 3 2 9 59 0 18 02 10 360 20 156 3 0000 4 0000 5 0000 6 000 0 7 00 0 0 8 0 0 0 0 333 10 /// 58 000 6 000 0 7 0000 
03-MAR-2015 06 48071 3 2 9 60 0 32 02 10 292 20 230 3 0000 4 0125 5 0000 6 000 0 7 00 0 0 8 0 0 0 0 333 10 /// 59 004 6 000 0 7 0000 
03-MAR-2015 06 48072 3 2 9 60 0 27 02 10 295 20 266 3 0000 4 0000 5 0000 6 000 0 7 01 2 2 8 0 0 0 0 333 10 /// 58 000 6 000 0 7 0000 
03-MAR-2015 06 48074 3 2 9 61 0 32 01 10 355 20 214 3 0000 4 0098 5 0000 6 000 0 7 00 0 0 8 0 0 0 0 333 10 /// 59 020 6 000 0 7 0000 
03-MAR-2015 06 48075 3 1 4 57 1 22 01 10 320 20 140 3 0000 4 0078 5 0000 6 000 0 7 05 1 1 8 1 1 0 0 333 10 /// 59 024 6 000 0 7 0000 
03-MAR-2015 06 48077 3 1 9 58 0 00 00 10 372 20 171 3 0000 4 0091 5 0000 6 000 0 7 05 0 0 8 0 0 0 0 333 10 /// 59 016 6 000 0 7 0000 
03-MAR-2015 06 48078 3 2 9 58 1 23 01 10 355 20 208 3 0000 4 0102 5 0000 6 000 0 7 00 0 0 8 0 0 0 1 333 10 /// 59 012 6 000 0 7 0000 
03-MAR-2015 06 48080 3 2 9 61 0 32 07 10 334 20 234 3 0000 4 0100 5 0000 6 000 0 7 00 0 0 8 0 0 0 0 333 10 /// 59 013 6 000 0 7 0000 
03-MAR-2015 06 48085 3 2 4 58 1 27 05 10 302 20 253 3 0000 4 0113 5 0000 6 000 0 7 00 0 0 8 1 1 0 0 333 10 /// 59 004 6 000 0 7 0000 
03-MAR-2015 06 48087 3 2 9 60 0 00 00 10 360 20 156 3 0000 4 0000 5 0000 6 000 0 7 00 0 0 8 0 0 0 0 333 10 /// 58 000 6 000 0 7 0000 
03-MAR-2015 06 48092 3 2 9 57 0 05 03 10 355 20 208 3 0000 4 0084 5 0000 6 000 0 7 00 0 0 8 0 0 0 0 333 10 /// 59 015 6 000 0 7 0000 
03-MAR-2015 06 48093 3 2 9 58 0 23 01 10 344 20 257 3 0000 4 0000 5 0000 6 000 0 7 00 0 0 8 0 0 0 0 333 10 /// 58 000 6 000 0 7 0000 
03-MAR-2015 06 48094 3 2 9 60 0 32 02 10 350 20 210 3 0000 4 0109 5 0000 6 000 0 7 00 0 0 8 0 0 0 0 333 10 /// 59 008 6 000 0 7 0000 
03-MAR-2015 06 48095 3 2 9 58 0 04 01 10 350 20 182 3 0000 4 0000 5 0000 6 000 0 7 00 0 0 8 0 0 0 0 333 10 /// 58 000 6 000 0 7 0000 
03-MAR-2015 06 48096 3 2 9 58 0 05 07 10 340 20 164 3 0000 4 0111 5 0000 6 000 0 7 00 0 0 8 0 0 0 0 333 10 /// 59 009 6 000 0 7 0000 
03-MAR-2015 06 48097 3 2 9 57 0 33 02 10 335 20 192 3 0000 4 0115 5 0000 6 000 0 7 00 0 0 8 0 0 0 0 333 10 /// 59 005 6 000 0 7 0000 
03-MAR-2015 06 48099 3 2 4 56 2 23 04 10 345 20 225 3 0000 4 0103 5 0000 6 000 0 7 00 0 0 8 2 8 0 0 333 10 /// 59 015 6 000 0 7 0000 
03-MAR-2015 06 48101 3 2 9 60 0 32 01 10 335 20 225 3 0000 4 0000 5 0000 6 000 0 7 00 0 0 8 0 0 0 0 333 10 /// 58 000 6 000 0 7 0000 
03-MAR-2015 06 48103 3 2 5 56 1 22 01 10 342 20 240 3 0000 4 0107 5 0000 6 000 0 7 00 0 0 8 1 5 0 0 333 10 /// 59 012 6 000 0 7 0000 
03-MAR-2015 06 48107 3 2 9 50 0 23 02 10 332 20 234 3 0000 4 0099 5 0000 6 000 0 7 00 0 0 8 0 0 0 0 333 10 /// 59 014 6 000 0 7 0000 
03-MAR-2015 06 48108 3 1 5 96 4 23 04 10 345 20 212 3 0000 4 0103 5 0000 6 000 0 7 01 4 4 8 2 8 0 6 333 10 /// 59 026 6 000 0 7 0000 
03-MAR-2015 06 48110 3 1 5 96 5 32 03 10 330 20 258 3 0000 4 0118 5 0000 6 000 0 7 05 2 2 8 2 3 0 6 333 10 /// 59 008 6 000 0 7 0000 
