03-NOV-2015 09 48080 3 2 4 60 7 32 02 10 303 20 253 3 0000 4 0112 5 0000 6 000 0 7 00 0 0 8 5 8 7 0 333 10 /// 58 003 6 000 0 7 0000 
03-NOV-2015 09 48085 3 2 4 58 7 23 03 10 318 20 265 3 0000 4 0104 5 0000 6 000 0 7 00 0 0 8 4 3 5 9 333 10 /// 59 008 6 000 0 7 0000 
03-NOV-2015 09 48087 3 2 5 60 6 04 01 10 308 20 237 3 0000 4 0000 5 0000 6 000 0 7 00 0 0 8 2 2 4 1 333 10 /// 58 000 6 000 0 7 0000 
03-NOV-2015 09 48092 3 2 4 58 6 32 01 10 330 20 244 3 0000 4 0084 5 0000 6 000 0 7 00 0 0 8 6 8 0 0 333 10 /// 58 004 6 000 0 7 0000 
03-NOV-2015 09 48093 3 2 6 58 4 14 01 10 336 20 257 3 0000 4 0000 5 0000 6 000 0 7 01 1 1 8 3 8 0 1 333 10 /// 58 000 6 000 0 7 0000 
03-NOV-2015 09 48094 3 2 4 59 4 04 02 10 325 20 245 3 0000 4 0113 5 0000 6 000 0 7 02 1 1 8 2 8 0 6 333 10 /// 59 004 6 000 0 7 0000 
03-NOV-2015 09 48095 3 2 5 60 1 04 01 10 310 20 267 3 0000 4 0000 5 0000 6 000 0 7 01 2 2 8 1 2 0 0 333 10 /// 58 000 6 000 0 7 0000 
03-NOV-2015 09 48096 3 2 4 59 3 15 03 10 310 20 237 3 0000 4 0107 5 0000 6 000 0 7 02 2 2 8 3 9 0 0 333 10 /// 59 008 6 000 0 7 0000 
03-NOV-2015 09 48097 3 1 5 57 7 32 02 10 300 20 239 3 0000 4 0130 5 0000 6 000 0 7 17 2 2 8 6 9 0 1 333 10 /// 58 006 6 000 0 7 0000 
03-NOV-2015 09 48099 3 2 5 60 2 32 02 10 342 20 240 3 0000 4 0099 5 0000 6 000 0 7 00 0 0 8 2 8 0 0 333 10 /// 59 003 6 000 0 7 0000 
03-NOV-2015 09 48101 3 2 5 60 5 00 00 10 318 20 265 3 0000 4 0000 5 0000 6 000 0 7 03 2 2 8 4 3 0 1 333 10 /// 58 000 6 000 0 7 0000 
03-NOV-2015 09 48103 3 2 4 56 4 32 02 10 335 20 240 3 0000 4 0104 5 0000 6 000 0 7 02 2 2 8 3 5 3 0 333 10 /// 59 001 6 000 0 7 0000 
03-NOV-2015 09 48107 3 2 3 50 2 13 01 10 324 20 236 3 0000 4 0093 5 0000 6 000 0 7 00 0 0 8 2 9 0 0 333 10 /// 58 004 6 000 0 7 0000 
03-NOV-2015 09 48108 3 2 5 96 7 13 02 10 325 20 262 3 0000 4 0105 5 0000 6 000 0 7 00 0 0 8 2 8 6 6 333 10 /// 58 000 6 000 0 7 0000 
03-NOV-2015 09 48110 3 1 5 96 8 23 02 10 305 20 238 3 0000 4 0103 5 0000 6 000 0 7 05 2 2 8 3 3 5 7 333 10 /// 59 000 6 000 0 7 0000 
03-NOV-2015 09 48112 2 1 5 97 8 04 07 10 265 20 251 3 0000 4 0092 5 0000 6 000 0 7 01 5 2 8 4 8 7 6 333 10 /// 58 001 6 000 0 7 0000 
