030600 48001 32440 20401 10255 20229 40154 82100 333 56500 59024=
030600 48004 32460 50401 10264 20215 85900 333 56500=
030600 48008 32558 12301 10280 20203 40148 81100 333 56400 59021=
030600 48010 32560 41801 10290 20230 40157 84800 333 56800 59012=
030600 48018 32560 33601 10285 20220 40159 70311 82360 333 56560 59023=
030600 48019 32460 30402 10300 20207 40141 83100 333 56100 59024=
030600 48020 32460 33604 10280 20220 70122 83200 333 56400=
030600 48025 32440 50401 10270 20226 40159 84840 333 56550 59026=
030600 48035 32560 32204 10247 20186 40131 83800 333 56900 59026=
030600 48037 32560 53201 10281 20220 40145 70122 82130 333 56660 59001=
030600 48042 32559 72201 10275 20223 40139 84850 333 56440 59018=
030600 48045 32456 72202 10180 20165 87300 333 56500=
030600 48048 32560 60401 10285 20220 40154 85950 333 56490 59011=
030600 48053 32456 53602 10290 20215 40148 82556 333 56899 59006=
030600 48060 32430 80000 10235 20178 40139 8587/ 333 5679/ 59018=
030600 48030 31256 60402 10169 20154 70344 85940 333 56180=
030600 48057 31110 71401 10190 20175 74044 84936 333 56699=
030600 48031 31260 61401 10185 20165 70144 86800 333 56400=
030600 48033 32563 33601 10280 20220 40148 70322 83500 333 56800 59012=
030600 48034 32457 61802 10245 20174 86300 333 56500=
030600 48039 32460 72201 10271 20226 84850 333 56550=
030600 48043 32556 50503 10220 20185 82230 333 56190=
030600 48052 32458 43601 10294 20230 84800 333 56900=
030600 48055 32356 73604 10235 20186 40138 85970 333 56190 58018=
030600 48064 32458 71401 10285 20220 40133 70122 84831 333 56889 59013=
030600 48065 32558 60402 10295 20206 70122 82831 333 56999=
030600 48074 32459 70403 10270 20240 40164 84860 333 56990 58004=
030600 48062 32457 30902 10290 20260 40146 70122 83800 333 56900 59003=
030600 48075 32457 70000 10230 20198 40145 70222 85770 333 56590 59001=
030600 48077 32559 82301 10270 20236 40145 85931 333 56999 59004=
030600 48078 32559 82703 10274 20237 40149 8587/ 333 56699 58004=
030600 48080 32460 82202 10312 20267 40140 85870 333 56490 58004=
030600 48085 32457 83203 10300 20239 40136 85876 333 56399 58005=
030600 48095 32460 30902 10300 20239 70322 82640 333 56990=
030600 48108 32596 60504 10335 20230 40119 82866 333 56299 59002=
030600 48109 32497 50901 10328 20275 40135 85900 333 56900 59000=
030600 48110 31596 81302 10320 20236 40120 70522 84357 333 56999 59003=
030600 48112 21597 80403 10260 20246 40112 75055 84876 333 56199 59006=
030600 48072 32460 80401 10290 20230 70322 8693/ 333 5699/=
030600 48087 32958 60403 10302 20239 70322 80041 333 56099=
030600 48099 32558 31301 10333 20244 40118 83800 56900 59005=
030600 48101 32660 33602 10320 20248 70311 82330 333 56290=
030600 48103 32457 41403 10333 20212 40124 83530 333 56330 59004=
030600 48094 32460 30404 10320 20240 40148 70311 81506 333 56809 58008=
030600 48097 32557 63202 10320 20248 40146 70222 83831 333 56999 58001=
030600 48092 32459 63201 10310 20254 40117 84830 333 56790 59000=
030600 48093 32658 51401 10315 20248 84801 333 56309=
030600 48107 32950 01302 10330 20234 40114 333 58003=
030600 48096 32559 50204 10300 20253 40136 70322 83330 333 56990 59001=  
