03-OCT-2015 06 48001 3 2 4 50 4 32 01 10 300 20 282 3 0000 4 0098 5 0000 6 000 0 7 00 0 0 8 3 8 3 0 333 10 /// 59 007 6 000 0 7 0000 
03-OCT-2015 06 48004 3 2 5 62 2 04 01 10 333 20 244 3 0000 4 0000 5 0000 6 000 0 7 00 0 0 8 2 9 0 0 333 10 /// 58 000 6 000 0 7 0000 
03-OCT-2015 06 48008 3 2 5 57 3 13 01 10 326 20 244 3 0000 4 0096 5 0000 6 000 0 7 00 0 0 8 2 2 3 0 333 10 /// 59 007 6 000 0 7 0000 
03-OCT-2015 06 48010 3 2 5 60 4 00 00 10 320 20 265 3 0000 4 0076 5 0000 6 000 0 7 00 0 0 8 2 8 3 0 333 10 /// 59 038 6 000 0 7 0000 
03-OCT-2015 06 48018 3 2 5 60 4 23 01 10 321 20 220 3 0000 4 0096 5 0000 6 000 0 7 00 0 0 8 2 4 1 2 333 10 /// 59 022 6 000 0 7 0000 
03-OCT-2015 06 48019 3 2 4 60 3 27 02 10 338 20 257 3 0000 4 0092 5 0000 6 000 0 7 00 0 0 8 2 7 2 0 333 10 /// 59 006 6 000 0 7 0000 
03-OCT-2015 06 48020 3 2 4 60 3 04 05 10 335 20 282 3 0000 4 0000 5 0000 6 000 0 7 00 0 0 8 3 3 0 0 333 10 /// 58 000 6 000 0 7 0000 
03-OCT-2015 06 48025 3 2 4 56 6 14 01 10 320 20 265 3 0000 4 0101 5 0000 6 000 0 7 00 0 0 8 4 3 2 1 333 10 /// 59 019 6 000 0 7 0000 
03-OCT-2015 06 48030 2 1 2 56 7 04 01 10 207 20 175 3 0000 4 0000 5 0000 6 000 0 7 50 5 5 8 6 8 4 0 333 10 /// 58 000 6 000 0 7 0000 
03-OCT-2015 06 48031 3 2 2 60 5 14 01 10 255 20 203 3 0000 4 0000 5 0000 6 000 0 7 00 0 0 8 5 8 0 0 333 10 /// 58 000 6 000 0 7 0000 
03-OCT-2015 06 48033 3 2 5 63 2 18 01 10 320 20 265 3 0000 4 0097 5 0000 6 000 0 7 00 0 0 8 2 5 0 0 333 10 /// 59 020 6 000 0 7 0000 
03-OCT-2015 06 48034 3 2 4 57 6 23 02 10 285 20 218 3 0000 4 0000 5 0000 6 000 0 7 00 0 0 8 6 3 0 0 333 10 /// 58 000 6 000 0 7 0000 
03-OCT-2015 06 48035 3 2 5 60 4 00 00 10 307 20 203 3 0000 4 0082 5 0000 6 000 0 7 00 0 0 8 3 9 6 0 333 10 /// 59 000 6 000 0 7 0000 
03-OCT-2015 06 48037 3 2 4 60 6 22 01 10 337 20 270 3 0000 4 0091 5 0000 6 000 0 7 00 0 0 8 3 8 1 0 333 10 /// 59 012 6 000 0 7 0000 
03-OCT-2015 06 48039 3 2 4 56 2 00 00 10 320 20 265 3 0000 4 0000 5 0000 6 000 0 7 00 0 0 8 2 9 0 0 333 10 /// 58 000 6 000 0 7 0000 
03-OCT-2015 06 48042 3 2 5 58 5 14 02 10 325 20 253 3 0000 4 0081 5 0000 6 000 0 7 00 0 0 8 5 9 0 0 333 10 /// 59 014 6 000 0 7 0000 
03-OCT-2015 06 48043 3 2 5 56 7 32 07 10 265 20 226 3 0000 4 0000 5 0000 6 000 0 7 00 0 0 8 5 8 7 / 333 10 /// 58 000 6 000 0 7 0000 
03-OCT-2015 06 48045 3 2 5 57 7 14 03 10 235 20 209 3 0000 4 0000 5 0000 6 000 0 7 00 0 0 8 7 3 0 0 333 10 /// 58 000 6 000 0 7 0000 
03-OCT-2015 06 48048 3 1 5 62 5 27 01 10 322 20 248 3 0000 4 0098 5 0000 6 000 0 7 29 9 9 8 4 9 5 0 333 10 /// 59 019 6 000 0 7 0000 
03-OCT-2015 06 48051 3 2 5 60 5 36 02 10 313 20 270 3 0000 4 0000 5 0000 6 000 0 7 00 0 0 8 4 8 0 1 333 10 /// 58 000 6 000 0 7 0000 
03-OCT-2015 06 48052 3 2 4 68 3 22 01 10 324 20 265 3 0000 4 0000 5 0000 6 000 0 7 00 0 0 8 3 8 0 0 333 10 /// 58 000 6 000 0 7 0000 
03-OCT-2015 06 48053 3 2 4 56 6 18 02 10 320 20 248 3 0000 4 0130 5 0000 6 000 0 7 00 0 0 8 4 9 5 6 333 10 /// 59 003 6 000 0 7 0000 
03-OCT-2015 06 48055 3 2 5 57 6 23 07 10 270 20 201 3 0000 4 0094 5 0000 6 000 0 7 00 0 0 8 6 9 0 0 333 10 /// 59 008 6 000 0 7 0000 
03-OCT-2015 06 48057 3 2 4 58 6 23 02 10 240 20 209 3 0000 4 0000 5 0000 6 000 0 7 00 0 0 8 6 3 0 0 333 10 /// 58 000 6 000 0 7 0000 
03-OCT-2015 06 48060 3 2 3 50 2 00 00 10 290 20 215 3 0000 4 0070 5 0000 6 000 0 7 00 0 0 8 3 1 2 0 333 10 /// 59 019 6 000 0 7 0000 
03-OCT-2015 06 48062 3 2 4 57 5 09 02 10 315 20 290 3 0000 4 0101 5 0000 6 000 0 7 00 0 0 8 4 9 3 0 333 10 /// 59 014 6 000 0 7 0000 
03-OCT-2015 06 48064 3 2 5 60 1 36 01 10 330 20 258 3 0000 4 0090 5 0000 6 000 0 7 00 0 0 8 1 8 0 0 333 10 /// 58 002 6 000 0 7 0000 
03-OCT-2015 06 48065 3 2 5 58 2 04 01 10 327 20 275 3 0000 4 0000 5 0000 6 000 0 7 00 0 0 8 1 1 0 1 333 10 /// 58 000 6 000 0 7 0000 
03-OCT-2015 06 48071 3 2 4 58 4 32 02 10 315 20 281 3 0000 4 0099 5 0000 6 000 0 7 00 0 0 8 4 9 0 0 333 10 /// 59 020 6 000 0 7 0000 
03-OCT-2015 06 48072 3 2 4 60 4 18 04 10 320 20 281 3 0000 4 0000 5 0000 6 000 0 7 00 0 0 8 3 8 3 0 333 10 /// 58 000 6 000 0 7 0000 
03-OCT-2015 06 48075 3 2 4 57 6 14 01 10 280 20 220 3 0000 4 0114 5 0000 6 000 0 7 00 0 0 8 4 3 6 0 333 10 /// 58 003 6 000 0 7 0000 
03-OCT-2015 06 48077 3 2 5 59 7 23 01 10 330 20 258 3 0000 4 0097 5 0000 6 000 0 7 00 0 0 8 5 9 3 1 333 10 /// 59 013 6 000 0 7 0000 
03-OCT-2015 06 48078 3 2 5 60 5 18 01 10 302 20 260 3 0000 4 0106 5 0000 6 000 0 7 00 0 0 8 4 8 0 1 333 10 /// 59 006 6 000 0 7 0000 
03-OCT-2015 06 48085 3 2 4 58 4 27 05 10 316 20 267 3 0000 4 0099 5 0000 6 000 0 7 00 0 0 8 3 3 0 6 333 10 /// 59 012 6 000 0 7 0000 
03-OCT-2015 06 48087 2 1 4 58 7 00 00 10 306 20 282 3 0000 4 0000 5 0000 6 000 0 7 50 5 5 8 4 9 7 1 333 10 /// 58 000 6 000 0 7 0000 
03-OCT-2015 06 48092 3 2 4 58 5 23 03 10 330 20 258 3 0000 4 0080 5 0000 6 000 0 7 00 0 0 8 4 8 0 1 333 10 /// 59 017 6 000 0 7 0000 
03-OCT-2015 06 48093 3 2 6 58 6 14 01 10 334 20 275 3 0000 4 0000 5 0000 6 000 0 7 00 0 0 8 6 8 0 0 333 10 /// 58 000 6 000 0 7 0000 
03-OCT-2015 06 48094 3 2 4 59 5 04 02 10 340 20 250 3 0000 4 0095 5 0000 6 000 0 7 00 0 0 8 3 9 4 0 333 10 /// 59 017 6 000 0 7 0000 
03-OCT-2015 06 48095 3 2 4 60 5 00 00 10 320 20 281 3 0000 4 0000 5 0000 6 000 0 7 00 0 0 8 3 8 4 0 333 10 /// 58 000 6 000 0 7 0000 
03-OCT-2015 06 48097 2 1 5 57 7 23 02 10 295 20 286 3 0000 4 0116 5 0000 6 000 0 7 50 6 5 8 4 8 3 0 333 10 /// 59 004 6 000 0 7 0000 
03-OCT-2015 06 48099 3 2 4 56 4 23 01 10 310 20 254 3 0000 4 0098 5 0000 6 000 0 7 00 0 0 8 4 9 0 0 333 10 /// 59 009 6 000 0 7 0000 
03-OCT-2015 06 48101 3 2 5 58 6 14 01 10 312 20 254 3 0000 4 0000 5 0000 6 000 0 7 00 0 0 8 4 3 3 0 333 10 /// 58 000 6 000 0 7 0000 
03-OCT-2015 06 48103 3 2 4 50 5 22 02 10 319 20 265 3 0000 4 0097 5 0000 6 000 0 7 00 0 0 8 5 7 0 0 333 10 /// 59 013 6 000 0 7 0000 
03-OCT-2015 06 48107 3 2 3 50 4 13 01 10 300 20 253 3 0000 4 0103 5 0000 6 000 0 7 00 0 0 8 4 9 0 0 333 10 /// 59 013 6 000 0 7 0000 
03-OCT-2015 06 48108 3 2 5 95 8 23 04 10 300 20 239 3 0000 4 0117 5 0000 6 000 0 7 00 0 0 8 4 3 7 6 333 10 /// 59 007 6 000 0 7 0000 
03-OCT-2015 06 48109 3 2 4 97 8 27 01 10 298 20 266 3 0000 4 0109 5 0000 6 000 0 7 00 0 0 8 4 9 0 1 333 10 /// 59 012 6 000 0 7 0000 
03-OCT-2015 06 48110 2 1 4 95 8 32 05 10 290 20 259 3 0000 4 0122 5 0000 6 000 0 7 51 5 5 8 6 3 2 / 333 10 /// 59 002 6 000 0 7 0000 
03-OCT-2015 06 48112 2 1 5 97 8 22 05 10 295 20 250 3 0000 4 0125 5 0000 6 000 0 7 01 5 2 8 4 8 7 6 333 10 /// 59 003 6 000 0 7 0000 
