48001 32440 60401 10260 20246 40122 84830 333 56540 59009=
48004 31562 20402 10288 20248 70144 82800 333 56900=
48008 NIL=
48010 32540 80000 10265 20265 40086 8673/ 333 56499 59032=
48018 32558 73201 10270 20256 40104 83472 333 56569 59019=
48019 32460 32301 10300 20253 40100 83200 333 56800 59020=
48020 32358 63605 10300 20253 84830 333 56890=
48025 NIL=
48035 NIL=
48037 32458 42201 10285 20250 40102 82131 333 56449 59007=
48042 NIL=
48045 NIL=
48048 32560 52201 10293 20248 40105 84850 333 56440 59022=
48051 NIL=
48053 32458 51802 10280 20233 40111 82556 333 56549 59016=
48060 NIL=
48062 32457 50902 10290 20260 40108 70122 84930 333 56190 59019=
48071 NIL=
48075 NIL=
48077 NIL=
48078 NIL=
48080 NIL=
48085 NIL=
48095 NIL=
48108 NIL=
48109 NIL=
48110 NIL=
48112 NIL=
48030 NIL=
48072 NIL=
48087 NIL=
48099 NIL=
48101 NIL=
48103 NIL=
48057 NIL=
48094 NIL=
48097 NIL=
48031 NIL=
48033 32562 21801 10290 20259 40101 81501 333 56909 59021=
48034 NIL=
48039 NIL=
48043 NIL=
48052 32460 50000 10302 20253 85900 333 56900=
48055 NIL=
48064 32560 23601 10280 20250 40104 81801 333 56404 59013=
48065 32456 70000 10282 20250 85870 333 56990=
48074 NIL=
48092 NIL=
48093 NIL=
48107 NIL=
48096 NIL=  48051 32559 53202 10290 20260 84901 333 56809=
48071 32458 43201 10310 20267 40106 84900 333 56600 59012=
48075 22457 51401 10250 20219 40128 84830 333 56590 59009=
48077 32559 82301 10290 20259 40106 85931 333 56499 59017=
48078 22558 41801 10269 20256 40123 83501 333 56409 59008=
48080 22460 40403 10291 20251 40110 82230 333 56990 59014=
48085 32458 33203 10300 20266 40111 82306 333 56909 59017=
48095 22458 60000 10280 20268 83840 333 56990=
48108 22595 71403 10260 20246 40128 72055 84377 333 56499 59009=
48109 22497 72301 10272 20256 40115 85970 333 56990 59014=
48110 21496 81804 10275 20262 40127 75155 85377 333 56399 59005=
48112 21597 83202 10260 20246 40134 75055 84876 333 56799 59003=
48072 22460 21301 10295 20266 82300 333 56700=
48087 22556 70000 10298 20266 84371 333 56399=
48099 22450 71801 10285 20250 40113 85930 333 56490 59015=
48101 32457 71401 10303 20266 82335 333 56399=
48103 32440 72202 10289 20259 40115 86730 333 56550 59018=
48057 32457 61401 10230 20198 83831 333 56399=
48094 22459 60401 10302 20280 40109 84940 333 56290 59023=
48097 21557 61402 10285 20264 40120 72052 85830 333 56990 59028=
48092 32458 51302 10295 20270 40099 83830 333 56390 59015=
48093 32557 42601 10289 20259 84800 333 56300=
48107 22330 62301 10278 20250 40111 84970 333 56330 59009=
48096 22457 62203 10280 20250 40116 84970 333 56990 59023=  48051 32559 53202 10290 20260 84901 333 56809=
48071 32458 43201 10310 20267 40106 84900 333 56600 59012=
48075 22457 51401 10250 20219 40128 84830 333 56590 59009=
48077 32559 82301 10290 20259 40106 85931 333 56499 59017=
48078 22558 41801 10269 20256 40123 83501 333 56409 59008=
48080 22460 40403 10291 20251 40110 82230 333 56990 59014=
48085 32458 33203 10300 20266 40111 82306 333 56909 59017=
48095 22458 60000 10280 20268 83840 333 56990=
48108 22595 71403 10260 20246 40128 72055 84377 333 56499 59009=
48109 22497 72301 10272 20256 40115 85970 333 56990 59014=
48110 21496 81804 10275 20262 40127 75155 85377 333 56399 59005=
48112 21597 83202 10260 20246 40134 75055 84876 333 56799 59003=
48072 22460 21301 10295 20266 82300 333 56700=
48087 22556 70000 10298 20266 84371 333 56399=
48099 22450 71801 10285 20250 40113 85930 333 56490 59015=
48101 32457 71401 10303 20266 82335 333 56399=
48103 32440 72202 10289 20259 40115 86730 333 56550 59018=
48057 32457 61401 10230 20198 83831 333 56399=
48094 22459 60401 10302 20280 40109 84940 333 56290 59023=
48097 21557 61402 10285 20264 40120 72052 85830 333 56990 59028=
48092 32458 51302 10295 20270 40099 83830 333 56390 59015=
48093 32557 42601 10289 20259 84800 333 56300=
48107 22330 62301 10278 20250 40111 84970 333 56330 59009=
48096 22457 62203 10280 20250 40116 84970 333 56990 59023=  