03-SEP-2015 09 48001 2 1 4 40 8 00 00 10 258 20 248 3 0000 4 0078 5 0000 6 000 0 7 50 6 6 8 5 7 7 / 333 10 /// 58 008 6 000 0 7 0000 
03-SEP-2015 09 48004 2 1 1 10 8 00 00 10 261 20 261 3 0000 4 0000 5 0000 6 000 0 7 51 5 5 8 6 9 7 / 333 10 /// 58 000 6 000 0 7 0000 
03-SEP-2015 09 48008 3 2 5 57 6 00 00 10 310 20 254 3 0000 4 0065 5 0000 6 000 0 7 00 0 0 8 3 9 7 0 333 10 /// 58 023 6 000 0 7 0000 
03-SEP-2015 09 48010 2 1 4 57 7 00 00 10 260 20 260 3 0000 4 0064 5 0000 6 000 0 7 01 5 5 8 4 7 7 0 333 10 /// 58 024 6 000 0 7 0000 
03-SEP-2015 09 48018 3 2 5 58 7 04 01 10 315 20 254 3 0000 4 0062 5 0000 6 000 0 7 00 0 0 8 4 8 7 0 333 10 /// 58 013 6 000 0 7 0000 
03-SEP-2015 09 48019 3 2 5 60 5 04 03 10 310 20 254 3 0000 4 0075 5 0000 6 000 0 7 00 0 0 8 4 3 7 0 333 10 /// 58 033 6 000 0 7 0000 
03-SEP-2015 09 48020 3 2 3 57 7 09 02 10 315 20 281 3 0000 4 0000 5 0000 6 000 0 7 00 0 0 8 7 7 0 0 333 10 /// 58 000 6 000 0 7 0000 
03-SEP-2015 09 48025 2 1 3 50 7 14 01 10 320 20 265 3 0000 4 0057 5 0000 6 000 0 7 01 5 5 8 4 8 4 0 333 10 /// 58 030 6 000 0 7 0000 
03-SEP-2015 09 48031 2 1 / 05 9 18 01 10 220 20 205 3 0000 4 0000 5 0000 6 000 0 7 50 5 4 8 9 / / / 333 10 /// 58 000 6 000 0 7 0000 
03-SEP-2015 09 48033 3 2 5 63 5 18 01 10 340 20 257 3 0000 4 0053 5 0000 6 000 0 7 00 0 0 8 5 9 0 0 333 10 /// 58 039 6 000 0 7 0000 
03-SEP-2015 09 48034 3 2 4 57 5 18 02 10 258 20 215 3 0000 4 0000 5 0000 6 000 0 7 00 0 0 8 5 3 0 0 333 10 /// 58 000 6 000 0 7 0000 
03-SEP-2015 09 48035 3 2 5 60 6 22 03 10 317 20 248 3 0000 4 0035 5 0000 6 000 0 7 00 0 0 8 4 9 6 1 333 10 /// 58 011 6 000 0 7 0000 
03-SEP-2015 09 48037 3 2 5 60 6 18 01 10 340 20 240 3 0000 4 0040 5 0000 6 000 0 7 00 0 0 8 3 8 3 1 333 10 /// 58 018 6 000 0 7 0000 
03-SEP-2015 09 48039 3 2 4 60 7 14 01 10 320 20 236 3 0000 4 0000 5 0000 6 000 0 7 00 0 0 8 4 9 6 0 333 10 /// 58 000 6 000 0 7 0000 
03-SEP-2015 09 48042 3 2 5 59 7 18 03 10 350 20 237 3 0000 4 0035 5 0000 6 000 0 7 00 0 0 8 5 9 5 0 333 10 /// 58 007 6 000 0 7 0000 
03-SEP-2015 09 48043 3 2 5 56 6 18 06 10 265 20 211 3 0000 4 0000 5 0000 6 000 0 7 00 0 0 8 4 8 3 0 333 10 /// 58 000 6 000 0 7 0000 
03-SEP-2015 09 48045 3 2 4 50 7 23 07 10 245 20 186 3 0000 4 0000 5 0000 6 000 0 7 00 0 0 8 7 3 0 0 333 10 /// 58 000 6 000 0 7 0000 
03-SEP-2015 09 48048 3 2 5 60 5 18 02 10 340 20 240 3 0000 4 0052 5 0000 6 000 0 7 00 0 0 8 4 8 5 0 333 10 /// 58 021 6 000 0 7 0000 
03-SEP-2015 09 48052 3 2 4 65 8 13 01 10 310 20 254 3 0000 4 0000 5 0000 6 000 0 7 00 0 0 8 5 9 2 0 333 10 /// 58 000 6 000 0 7 0000 
03-SEP-2015 09 48053 3 2 4 56 7 18 02 10 340 20 240 3 0000 4 0062 5 0000 6 000 0 7 00 0 0 8 5 9 5 6 333 10 /// 58 023 6 000 0 7 0000 
03-SEP-2015 09 48055 2 1 5 56 6 23 01 10 270 20 256 3 0000 4 0054 5 0000 6 000 0 7 21 6 5 8 4 9 3 1 333 10 /// 58 024 6 000 0 7 0000 
03-SEP-2015 09 48057 3 2 4 58 7 23 01 10 248 20 186 3 0000 4 0000 5 0000 6 000 0 7 00 0 0 8 6 9 5 0 333 10 /// 58 000 6 000 0 7 0000 
03-SEP-2015 09 48060 2 1 3 20 8 00 00 10 250 20 219 3 0000 4 0060 5 0000 6 000 0 7 61 6 5 8 5 9 7 / 333 10 /// 58 012 6 000 0 7 0000 
03-SEP-2015 09 48062 2 2 4 50 8 23 03 10 290 20 270 3 0000 4 0073 5 0000 6 000 0 7 00 0 0 8 6 9 7 0 333 10 /// 58 031 6 000 0 7 0000 
03-SEP-2015 09 48064 2 1 4 50 8 14 01 10 270 20 270 3 0000 4 0048 5 0000 6 000 0 7 01 5 5 8 4 8 7 0 333 10 /// 58 022 6 000 0 7 0000 
03-SEP-2015 09 48065 2 1 4 56 8 14 01 10 278 20 268 3 0000 4 0000 5 0000 6 000 0 7 03 5 0 8 5 8 7 0 333 10 /// 58 000 6 000 0 7 0000 
03-SEP-2015 09 48071 2 2 4 58 7 23 03 10 295 20 266 3 0000 4 0078 5 0000 6 000 0 7 00 0 0 8 5 9 7 0 333 10 /// 58 025 6 000 0 7 0000 
03-SEP-2015 09 48072 2 1 5 48 8 03 02 10 280 20 250 3 0000 4 0000 5 0000 6 000 0 7 50 6 5 8 6 9 7 / 333 10 /// 58 000 6 000 0 7 0000 
03-SEP-2015 09 48074 2 1 3 57 8 14 03 10 280 20 268 3 0000 4 0097 5 0000 6 000 0 7 00 0 0 8 6 9 7 / 333 10 /// 58 018 6 000 0 7 0000 
03-SEP-2015 09 48075 3 2 5 58 7 22 01 10 300 20 223 3 0000 4 0073 5 0000 6 000 0 7 00 0 0 8 5 3 3 1 333 10 /// 58 039 6 000 0 7 0000 
03-SEP-2015 09 48077 3 2 5 59 8 00 00 10 282 20 250 3 0000 4 0081 5 0000 6 000 0 7 00 0 0 8 5 9 3 / 333 10 /// 58 030 6 000 0 7 0000 
03-SEP-2015 09 48080 2 1 4 58 8 13 01 10 280 20 268 3 0000 4 0078 5 0000 6 000 0 7 50 5 5 8 5 9 7 0 333 10 /// 58 018 6 000 0 7 0000 
03-SEP-2015 09 48085 2 1 3 56 8 18 02 10 264 20 264 3 0000 4 0086 5 0000 6 000 0 7 51 6 5 8 6 9 2 0 333 10 /// 58 024 6 000 0 7 0000 
03-SEP-2015 09 48087 2 2 5 60 6 23 01 10 292 20 259 3 0000 4 0000 5 0000 6 000 0 7 00 0 0 8 2 2 7 1 333 10 /// 58 000 6 000 0 7 0000 
03-SEP-2015 09 48092 3 2 4 59 8 13 02 10 320 20 281 3 0000 4 0066 5 0000 6 000 0 7 00 0 0 8 3 8 7 1 333 10 /// 58 011 6 000 0 7 0000 
03-SEP-2015 09 48093 3 2 5 57 5 23 01 10 308 20 254 3 0000 4 0000 5 0000 6 000 0 7 00 0 0 8 3 3 0 1 333 10 /// 58 000 6 000 0 7 0000 
03-SEP-2015 09 48094 2 1 4 58 8 22 01 10 280 20 270 3 0000 4 0085 5 0000 6 000 0 7 95 9 6 8 5 9 7 / 333 10 /// 58 021 6 000 0 7 0000 
03-SEP-2015 09 48095 2 1 4 58 8 32 02 10 280 20 280 3 0000 4 0000 5 0000 6 000 0 7 53 5 5 8 5 9 7 0 333 10 /// 58 000 6 000 0 7 0000 
03-SEP-2015 09 48096 3 2 4 58 3 19 07 10 320 20 248 3 0000 4 0087 5 0000 6 000 0 7 00 0 0 8 3 3 0 0 333 10 /// 58 016 6 000 0 7 0000 
03-SEP-2015 09 48097 3 2 5 57 6 33 01 10 310 20 297 3 0000 4 0089 5 0000 6 000 0 7 00 0 0 8 4 8 3 1 333 10 /// 58 005 6 000 0 7 0000 
03-SEP-2015 09 48099 2 1 3 50 8 13 03 10 260 20 246 3 0000 4 0099 5 0000 6 000 0 7 61 6 5 8 6 9 7 / 333 10 /// 58 025 6 000 0 7 0000 
03-SEP-2015 09 48101 2 1 5 58 8 23 01 10 275 20 268 3 0000 4 0000 5 0000 6 000 0 7 51 5 5 8 4 9 7 / 333 10 /// 58 000 6 000 0 7 0000 
03-SEP-2015 09 48103 2 1 3 50 8 32 01 10 269 20 256 3 0000 4 0087 5 0000 6 000 0 7 02 9 9 8 6 9 7 0 333 10 /// 58 014 6 000 0 7 0000 
03-SEP-2015 09 48107 3 2 3 50 4 27 01 10 298 20 253 3 0000 4 0092 5 0000 6 000 0 7 00 0 0 8 4 9 0 0 333 10 /// 58 005 6 000 0 7 0000 
03-SEP-2015 09 48108 2 1 4 94 8 05 02 10 265 20 258 3 0000 4 0103 5 0000 6 000 0 7 51 6 5 8 6 3 2 / 333 10 /// 58 019 6 000 0 7 0000 
03-SEP-2015 09 48110 2 1 4 95 8 00 00 10 280 20 268 3 0000 4 0104 5 0000 6 000 0 7 02 5 5 8 6 3 7 7 333 10 /// 58 019 6 000 0 7 0000 
03-SEP-2015 09 48112 3 2 5 97 8 22 01 10 300 20 266 3 0000 4 0106 5 0000 6 000 0 7 00 0 0 8 3 8 7 6 333 10 /// 59 017 6 000 0 7 0000 
