04-APR-2015 09 48004 3 2 4 58 6 04 02 10 290 20 196 3 0000 4 0000 5 0000 6 000 0 7 00 0 0 8 6 9 0 0 333 10 /// 58 000 6 000 0 7 0000 
04-APR-2015 09 48010 2 2 5 58 7 00 00 10 275 20 233 3 0000 4 0056 5 0000 6 000 0 7 00 0 0 8 4 7 7 0 333 10 /// 58 000 6 000 0 7 0000 
04-APR-2015 09 48018 3 2 5 60 5 14 01 10 332 20 191 3 0000 4 0048 5 0000 6 000 0 7 00 0 0 8 3 8 7 0 333 10 /// 59 006 6 000 0 7 0000 
04-APR-2015 09 48019 3 2 4 60 3 36 01 10 330 20 212 3 0000 4 0024 5 0000 6 000 0 7 00 0 0 8 0 0 3 0 333 10 /// 59 042 6 000 0 7 0000 
04-APR-2015 09 48020 3 2 4 60 3 36 05 10 300 20 239 3 0000 4 0000 5 0000 6 000 0 7 00 0 0 8 2 8 3 0 333 10 /// 58 000 6 000 0 7 0000 
04-APR-2015 09 48025 3 2 4 56 3 36 02 10 332 20 191 3 0000 4 0044 5 0000 6 000 0 7 00 0 0 8 2 5 4 0 333 10 /// 59 001 6 000 0 7 0000 
04-APR-2015 09 48030 3 2 2 56 5 22 05 10 227 20 097 3 0000 4 0000 5 0000 6 000 0 7 00 0 0 8 5 9 0 0 333 10 /// 58 000 6 000 0 7 0000 
04-APR-2015 09 48031 3 1 2 62 5 14 01 10 270 20 133 3 0000 4 0000 5 0000 6 000 0 7 05 4 4 8 5 8 0 0 333 10 /// 58 000 6 000 0 7 0000 
04-APR-2015 09 48033 3 2 9 63 0 27 01 10 380 20 240 3 0000 4 0018 5 0000 6 000 0 7 00 0 0 8 0 0 0 0 333 10 /// 59 017 6 000 0 7 0000 
04-APR-2015 09 48034 3 2 4 57 6 23 02 10 309 20 124 3 0000 4 0000 5 0000 6 000 0 7 00 0 0 8 6 8 0 0 333 10 /// 58 000 6 000 0 7 0000 
04-APR-2015 09 48035 3 1 5 56 4 22 02 10 331 20 126 3 0000 4 0000 5 0000 6 000 0 7 05 1 1 8 3 8 6 0 333 10 /// 59 017 6 000 0 7 0000 
04-APR-2015 09 48037 3 1 5 56 2 22 01 10 372 20 207 3 0000 4 0024 5 0000 6 000 0 7 05 4 4 8 2 1 0 0 333 10 /// 59 026 6 000 0 7 0000 
04-APR-2015 09 48039 3 2 4 59 2 14 01 10 389 20 177 3 0000 4 0000 5 0000 6 000 0 7 00 0 0 8 2 1 0 0 333 10 /// 58 000 6 000 0 7 0000 
04-APR-2015 09 48042 3 2 5 56 2 18 02 10 410 20 171 3 0000 4 0017 5 0000 6 000 0 7 00 0 0 8 2 8 0 0 333 10 /// 59 025 6 000 0 7 0000 
04-APR-2015 09 48043 3 2 7 59 2 32 06 10 310 20 146 3 0000 4 0000 5 0000 6 000 0 7 00 0 0 8 2 2 0 0 333 10 /// 58 000 6 000 0 7 0000 
04-APR-2015 09 48045 3 2 5 58 4 09 02 10 270 20 057 3 0000 4 0000 5 0000 6 000 0 7 00 0 0 8 4 3 0 0 333 10 /// 58 000 6 000 0 7 0000 
04-APR-2015 09 48048 3 2 9 60 0 22 02 10 410 20 171 3 0000 4 0019 5 0000 6 000 0 7 00 0 0 8 0 0 0 0 333 10 /// 59 033 6 000 0 7 0000 
04-APR-2015 09 48051 3 2 5 58 5 36 01 10 344 20 240 3 0000 4 0000 5 0000 6 000 0 7 01 2 2 8 5 9 0 0 333 10 /// 58 000 6 000 0 7 0000 
04-APR-2015 09 48052 3 2 4 68 2 22 02 10 422 20 185 3 0000 4 0000 5 0000 6 000 0 7 00 0 0 8 2 2 0 0 333 10 /// 58 000 6 000 0 7 0000 
04-APR-2015 09 48053 3 1 4 50 3 18 02 10 390 20 253 3 0000 4 0017 5 0000 6 000 0 7 05 1 1 8 3 8 0 0 333 10 /// 59 026 6 000 0 7 0000 
04-APR-2015 09 48055 3 2 5 56 5 25 04 10 340 20 125 3 0000 4 9997 5 0000 6 000 0 7 00 0 0 8 5 8 0 0 333 10 /// 59 006 6 000 0 7 0000 
04-APR-2015 09 48057 3 2 4 60 3 14 02 10 290 20 140 3 0000 4 0000 5 0000 6 000 0 7 00 0 0 8 3 8 0 0 333 10 /// 58 000 6 000 0 7 0000 
04-APR-2015 09 48060 3 2 4 50 2 22 02 10 335 20 126 3 0000 4 0015 5 0000 6 000 0 7 00 0 0 8 2 1 0 0 333 10 /// 58 002 6 000 0 7 0000 
04-APR-2015 09 48062 3 2 5 58 4 27 05 10 330 20 290 3 0000 4 0061 5 0000 6 000 0 7 01 1 1 8 4 9 0 0 333 10 /// 59 018 6 000 0 7 0000 
04-APR-2015 09 48064 3 2 5 70 4 04 01 10 414 20 240 3 0000 4 0000 5 0000 6 000 0 7 00 0 0 8 3 8 0 1 333 10 /// 59 038 6 000 0 7 0000 
04-APR-2015 09 48065 3 2 4 68 3 00 00 10 415 20 189 3 0000 4 0000 5 0000 6 000 0 7 00 0 0 8 2 8 0 1 333 10 /// 58 000 6 000 0 7 0000 
04-APR-2015 09 48071 3 2 4 60 2 32 04 10 325 20 258 3 0000 4 0066 5 0000 6 000 0 7 00 0 0 8 2 8 0 0 333 10 /// 59 010 6 000 0 7 0000 
04-APR-2015 09 48072 3 2 4 59 6 27 04 10 330 20 275 3 0000 4 0000 5 0000 6 000 0 7 01 2 2 8 4 9 3 0 333 10 /// 58 000 6 000 0 7 0000 
04-APR-2015 09 48074 3 2 9 62 0 32 03 10 396 20 230 3 0000 4 0038 5 0000 6 000 0 7 00 0 0 8 0 0 0 0 333 10 /// 59 013 6 000 0 7 0000 
04-APR-2015 09 48075 3 1 5 58 4 32 01 10 340 20 160 3 0000 4 0029 5 0000 6 000 0 7 05 2 2 8 4 3 0 0 333 10 /// 59 010 6 000 0 7 0000 
04-APR-2015 09 48077 3 2 5 59 4 23 01 10 412 20 210 3 0000 4 0022 5 0000 6 000 0 7 00 0 0 8 3 9 0 1 333 10 /// 59 024 6 000 0 7 0000 
04-APR-2015 09 48078 3 2 5 58 2 18 02 10 402 20 238 3 0000 4 0033 5 0000 6 000 0 7 00 0 0 8 1 2 0 2 333 10 /// 59 021 6 000 0 7 0000 
04-APR-2015 09 48080 3 1 9 58 0 27 07 10 342 20 212 3 0000 4 0060 5 0000 6 000 0 7 05 0 0 8 0 0 0 0 333 10 /// 58 002 6 000 0 7 0000 
04-APR-2015 09 48085 3 2 4 58 1 32 06 10 316 20 254 3 0000 4 0063 5 0000 6 000 0 7 00 0 0 8 1 1 0 0 333 10 /// 59 013 6 000 0 7 0000 
04-APR-2015 09 48087 3 2 5 60 3 23 03 10 374 20 190 3 0000 4 0000 5 0000 6 000 0 7 00 0 0 8 2 2 4 0 333 10 /// 58 000 6 000 0 7 0000 
04-APR-2015 09 48092 3 2 4 58 4 20 05 10 365 20 231 3 0000 4 0029 5 0000 6 000 0 7 00 0 0 8 4 8 0 0 333 10 /// 59 019 6 000 0 7 0000 
04-APR-2015 09 48093 3 2 6 56 3 14 01 10 000 20 227 3 0000 4 0000 5 0000 6 000 0 7 00 0 0 8 2 8 0 1 333 10 /// 58 000 6 000 0 7 0000 
04-APR-2015 09 48094 3 2 5 60 3 36 03 10 358 20 260 3 0000 4 0056 5 0000 6 000 0 7 00 0 0 8 2 8 4 0 333 10 /// 59 009 6 000 0 7 0000 
04-APR-2015 09 48095 3 2 4 60 1 22 02 10 365 20 249 3 0000 4 0000 5 0000 6 000 0 7 02 0 0 8 1 2 0 0 333 10 /// 58 000 6 000 0 7 0000 
04-APR-2015 09 48097 3 2 5 57 5 23 02 10 355 20 199 3 0000 4 0070 5 0000 6 000 0 7 00 0 0 8 5 8 0 0 333 10 /// 59 006 6 000 0 7 0000 
04-APR-2015 09 48099 3 2 4 58 4 32 01 10 345 20 235 3 0000 4 0047 5 0000 6 000 0 7 00 0 0 8 3 8 3 0 333 10 /// 58 003 6 000 0 7 0000 
04-APR-2015 09 48101 3 2 6 61 2 27 02 10 350 20 219 3 0000 4 0000 5 0000 6 000 0 7 03 2 2 8 2 1 0 0 333 10 /// 58 000 6 000 0 7 0000 
04-APR-2015 09 48103 3 2 9 57 0 22 01 10 345 20 225 3 0000 4 0051 5 0000 6 000 0 7 00 0 0 8 0 0 0 0 333 10 /// 59 004 6 000 0 7 0000 
04-APR-2015 09 48107 3 2 3 50 4 27 02 10 329 20 234 3 0000 4 0056 5 0000 6 000 0 7 00 0 0 8 4 9 0 0 333 10 /// 59 010 6 000 0 7 0000 
04-APR-2015 09 48108 3 2 5 96 5 32 06 10 345 20 248 3 0000 4 0057 5 0000 6 000 0 7 00 0 0 8 3 8 0 6 333 10 /// 59 013 6 000 0 7 0000 
04-APR-2015 09 48110 3 1 5 96 2 32 05 10 335 20 250 3 0000 4 0064 5 0000 6 000 0 7 05 1 1 8 1 3 0 5 333 10 /// 59 007 6 000 0 7 0000 
04-APR-2015 09 48112 3 2 5 97 8 27 07 10 340 20 257 3 0000 4 0055 5 0000 6 000 0 7 03 2 2 8 3 8 7 6 333 10 /// 59 013 6 000 0 7 0000 
