04-APR-2015 12 48001 2 1 3 30 8 27 01 10 202 20 185 3 0000 4 0086 5 0000 6 000 0 7 20 5 5 8 8 9 / / 333 10 220 58 021 6 004 2 7 0000 
04-APR-2015 12 48010 2 2 5 30 7 00 00 10 240 20 209 3 0000 4 0045 5 0000 6 000 0 7 00 0 0 8 3 7 2 2 333 10 281 59 001 6 001 2 7 0000 
04-APR-2015 12 48019 3 2 5 50 2 00 00 10 315 20 237 3 0000 4 0032 5 0000 6 000 0 7 00 0 0 8 0 0 0 2 333 10 335 59 001 6 000 0 7 0000 
04-APR-2015 12 48020 3 2 3 50 1 00 00 10 302 20 223 3 0000 4 0000 5 0000 6 000 0 7 00 0 0 8 1 4 0 0 333 10 317 58 000 6 000 0 7 0000 
04-APR-2015 12 48025 3 2 4 56 3 36 02 10 332 20 212 3 0000 4 0023 5 0000 6 000 0 7 00 0 0 8 3 8 0 0 333 10 337 59 003 6 000 0 7 0000 
04-APR-2015 12 48030 3 2 2 56 2 22 05 10 206 20 091 3 0000 4 0000 5 0000 6 000 0 7 00 0 0 8 2 8 0 0 333 10 240 58 000 6 000 0 7 0000 
04-APR-2015 12 48031 3 1 2 60 5 36 01 10 235 20 114 3 0000 4 0000 5 0000 6 000 0 7 05 4 4 8 5 8 0 0 333 10 275 58 000 6 000 0 7 0000 
04-APR-2015 12 48033 3 2 5 62 1 00 00 10 350 20 240 3 0000 4 0019 5 0000 6 000 0 7 00 0 0 8 1 5 0 0 333 10 384 59 017 6 000 0 7 0000 
04-APR-2015 12 48034 3 2 4 56 2 00 00 10 274 20 133 3 0000 4 0000 5 0000 6 000 0 7 00 0 0 8 2 5 0 0 333 10 315 58 000 6 000 0 7 0000 
04-APR-2015 12 48035 3 1 5 58 4 27 02 10 284 20 126 3 0000 4 0014 5 0000 6 000 0 7 05 1 1 8 3 8 6 0 333 10 334 59 006 6 000 0 7 0000 
04-APR-2015 12 48037 3 1 5 40 3 00 00 10 361 20 247 3 0000 4 0005 5 0000 6 000 0 7 05 4 4 8 3 2 0 0 333 10 380 59 035 6 000 0 7 0000 
04-APR-2015 12 48039 3 2 4 59 3 14 03 10 355 20 214 3 0000 4 0000 5 0000 6 000 0 7 00 0 0 8 3 4 0 0 333 10 399 58 000 6 000 0 7 0000 
04-APR-2015 12 48042 3 2 9 58 0 18 01 10 375 20 214 3 0000 4 0011 5 0000 6 000 0 7 00 0 0 8 0 0 0 0 333 10 415 59 023 6 000 0 7 0000 
04-APR-2015 12 48043 3 2 0 30 0 00 00 10 280 20 146 3 0000 4 0000 5 0000 6 000 0 7 00 0 0 8 0 0 0 0 333 10 315 58 000 6 000 0 7 0000 
04-APR-2015 12 48045 3 2 5 57 3 14 02 10 250 20 105 3 0000 4 0000 5 0000 6 000 0 7 00 0 0 8 3 3 0 0 333 10 289 58 000 6 000 0 7 0000 
04-APR-2015 12 48048 3 2 9 50 0 22 01 10 382 20 203 3 0000 4 0011 5 0000 6 000 0 7 00 0 0 8 0 0 0 0 333 10 414 59 017 6 000 0 7 0000 
04-APR-2015 12 48051 3 2 5 58 2 13 02 10 328 20 240 3 0000 4 0000 5 0000 6 000 0 7 00 0 0 8 2 5 0 0 333 10 355 58 000 6 000 0 7 0000 
04-APR-2015 12 48052 3 2 4 50 2 22 05 10 390 20 177 3 0000 4 0000 5 0000 6 000 0 7 00 0 0 8 2 2 0 0 333 10 424 58 000 6 000 0 7 0000 
04-APR-2015 12 48053 3 2 5 56 3 18 01 10 370 20 207 3 0000 4 0017 5 0000 6 000 0 7 00 0 0 8 3 8 0 0 333 10 395 59 016 6 000 0 7 0000 
04-APR-2015 12 48055 3 2 5 56 3 32 02 10 306 20 135 3 0000 4 0009 5 0000 6 000 0 7 00 0 0 8 3 8 0 0 333 10 346 59 009 6 000 0 7 0000 
04-APR-2015 12 48057 3 2 4 57 3 18 01 10 270 20 133 3 0000 4 0000 5 0000 6 000 0 7 00 0 0 8 3 8 0 0 333 10 304 58 000 6 000 0 7 0000 
04-APR-2015 12 48060 3 2 9 30 0 00 00 10 290 20 140 3 0000 4 0029 5 0000 6 000 0 7 00 0 0 8 0 0 0 0 333 10 345 58 006 6 000 0 7 0000 
04-APR-2015 12 48064 3 2 5 50 2 23 02 10 370 20 246 3 0000 4 0002 5 0000 6 000 0 7 00 0 0 8 2 8 0 0 333 10 422 59 011 6 000 0 7 0000 
04-APR-2015 12 48065 3 2 4 50 2 00 00 10 270 20 190 3 0000 4 0000 5 0000 6 000 0 7 00 0 0 8 1 1 0 1 333 10 423 58 000 6 000 0 7 0000 
04-APR-2015 12 48071 3 2 9 56 0 27 01 10 305 20 254 3 0000 4 0061 5 0000 6 000 0 7 00 0 0 8 0 0 0 0 333 10 330 59 005 6 000 0 7 0000 
04-APR-2015 12 48072 3 2 9 57 0 27 02 10 300 20 253 3 0000 4 0000 5 0000 6 000 0 7 00 0 0 8 0 0 0 0 333 10 335 58 000 6 000 0 7 0000 
04-APR-2015 12 48074 3 2 9 57 0 00 00 10 375 20 240 3 0000 4 0034 5 0000 6 000 0 7 00 0 0 8 0 0 0 0 333 10 397 59 014 6 000 0 7 0000 
04-APR-2015 12 48075 3 1 4 56 3 27 01 10 300 20 190 3 0000 4 0033 5 0000 6 000 0 7 05 2 2 8 3 8 0 0 333 10 350 59 016 6 000 0 7 0000 
04-APR-2015 12 48077 3 2 5 56 5 23 02 10 367 20 207 3 0000 4 0020 5 0000 6 000 0 7 00 0 0 8 4 9 0 1 333 10 414 59 011 6 000 0 7 0000 
04-APR-2015 12 48078 3 2 5 50 3 18 02 10 367 20 201 3 0000 4 0032 5 0000 6 000 0 7 00 0 0 8 1 2 0 2 333 10 405 59 008 6 000 0 7 0000 
04-APR-2015 12 48080 3 1 4 57 2 22 02 10 300 20 279 3 0000 4 0063 5 0000 6 000 0 7 05 1 1 8 2 2 0 0 333 10 355 58 002 6 000 0 7 0000 
04-APR-2015 12 48085 3 2 4 56 2 27 03 10 288 20 230 3 0000 4 0061 5 0000 6 000 0 7 00 0 0 8 1 1 0 6 333 10 328 58 003 6 000 0 7 0000 
04-APR-2015 12 48087 3 2 9 50 3 00 00 10 310 20 203 3 0000 4 0000 5 0000 6 000 0 7 00 0 0 8 0 0 4 1 333 10 384 58 000 6 000 0 7 0000 
04-APR-2015 12 48092 3 2 5 56 2 23 03 10 335 20 229 3 0000 4 0022 5 0000 6 000 0 7 00 0 0 8 2 5 0 0 333 10 368 59 003 6 000 0 7 0000 
04-APR-2015 12 48093 3 2 9 50 0 23 01 10 309 20 237 3 0000 4 0000 5 0000 6 000 0 7 00 0 0 8 0 0 0 0 333 10 372 58 000 6 000 0 7 0000 
04-APR-2015 12 48094 3 2 4 57 2 32 02 10 308 20 250 3 0000 4 0057 5 0000 6 000 0 7 00 0 0 8 2 5 0 0 333 10 370 59 006 6 000 0 7 0000 
04-APR-2015 12 48095 3 2 9 56 0 22 02 10 330 20 244 3 0000 4 0000 5 0000 6 000 0 7 00 0 0 8 0 0 0 0 333 10 365 58 000 6 000 0 7 0000 
04-APR-2015 12 48097 3 2 5 57 3 23 02 10 330 20 201 3 0000 4 0059 5 0000 6 000 0 7 00 0 0 8 3 5 0 0 333 10 360 59 010 6 000 0 7 0000 
04-APR-2015 12 48099 3 2 4 40 5 27 03 10 313 20 225 3 0000 4 0046 5 0000 6 000 0 7 00 0 0 8 4 8 3 0 333 10 370 58 004 6 000 0 7 0000 
04-APR-2015 12 48101 3 2 7 56 1 27 02 10 325 20 236 3 0000 4 0000 5 0000 6 000 0 7 00 0 0 8 0 0 3 0 333 10 350 58 000 6 000 0 7 0000 
04-APR-2015 12 48103 3 2 4 40 2 22 01 10 300 20 223 3 0000 4 0050 5 0000 6 000 0 7 00 0 0 8 2 5 0 0 333 10 362 58 000 6 000 0 7 0000 
04-APR-2015 12 48107 3 2 3 40 4 23 01 10 292 20 248 3 0000 4 0062 5 0000 6 000 0 7 00 0 0 8 4 9 0 0 333 10 338 59 001 6 000 0 7 0000 
04-APR-2015 12 48108 3 2 5 96 5 32 03 10 305 20 260 3 0000 4 0064 5 0000 6 000 0 7 00 0 0 8 2 6 0 6 333 10 355 59 004 6 000 0 7 0000 
04-APR-2015 12 48109 3 2 9 97 0 04 01 10 325 20 237 3 0000 4 0068 5 0000 6 000 0 7 00 0 0 8 0 0 0 0 333 10 330 59 006 6 000 0 7 0000 
04-APR-2015 12 48110 3 1 5 96 4 32 04 10 300 20 253 3 0000 4 0068 5 0000 6 000 0 7 05 2 2 8 1 3 0 6 333 10 335 58 001 6 000 0 7 0000 
04-APR-2015 12 48112 3 2 5 97 8 32 02 10 305 20 247 3 0000 4 0060 5 0000 6 000 0 7 00 0 0 8 3 8 7 6 333 10 343 59 005 6 000 0 7 0000 
