040900 48004 32458 60402 10290 20196 86900 333 56500 =
040900 48010 22558 70000 10275 20233 40056 84770 333 56550 58000=
040900 48018 32560 51401 10332 20191 40048 83870 333 56560 59006=
040900 48019 32460 33601 10330 20212 40024 80030 333 56060 59042=
040900 48020 32460 33605 10300 20239 82830 333 56500=
040900 48025 32456 33602 10332 20191 40044 82540 333 56590 59001=
040900 48030 32256 52205 10227 20097 85900 333 56500=
040900 48031 31262 51401 10270 20133 70544 85800 333 56400=
040900 48033 32963 02701 10380 20240 40018 333 59017=
040900 48034 32457 62302 10309 20124 86800 333 56100=
040900 48035 31556 42202 10331 20126 40000 70511 83860 333 56190 59017=
040900 48037 31556 22201 10372 20207 40024 70544 82100 333 56600 59026=
040900 48039 32459 21401 10389 20177 82100 333 56500=
040900 48042 32556 21802 10410 20171 40017 82800 333 56400 59025=
040900 48043 32759 23206 10310 20146 82200 333 56600=
040900 48045 32558 40902 10270 20057 84300 333 56500=
040900 48048 32960 02202 10410 20171 40019 333 59033=
040900 48051 32558 53601 10344 20240 70122 85900 333 56500=
040900 48052 32468 22202 10422 20185 82200 333 56900=
040900 48053 31450 31802 10390 20253 40017 70511 83800 333 56500 59026=
040900 48055 32556 52504 10340 20125 49997 85800 333 56500 59006=
040900 48057 32460 31402 10290 20140 83800 333 56500=
040900 48060 32450 22202 10335 20126 40015 82100 333 56500 58002=
040900 48062 32558 42705 10330 20290 40061 70111 84900 333 56900 59018=
040900 48064 32570 40401 10414 20240 40000 83801 333 56409 59038=
040900 48065 32468 30000 10415 20189 82801 333 56409=
040900 48071 32460 23204 10325 20258 40066 82800 333 56900 59010=
040900 48072 32459 62704 10330 20275 70122 84930 333 56590=
040900 48074 32962 03203 10396 20230 40038 333 59013=
040900 48075 31558 43201 10340 20160 40029 70522 84300 333 56500 59010=
040900 48077 32559 42301 10412 20210 40022 83901 333 56909 59024=
040900 48078 32558 21802 10402 20238 40033 81202 333 56909 59021=
040900 48080 31958 02707 10342 20212 40060 70500 333 58002=
040900 48085 32458 13206 10316 20254 40063 81100 333 56700 59013=
040900 48087 32560 32303 10374 20190 82240 333 56990=
040900 48092 32458 42005 10365 20231 40029 84800 333 56900 59019=
040900 48093 32656 31401 20227 82801 333 56109=
040900 48094 32560 33603 10358 20260 40056 82840 333 56990 59009=
040900 48095 32460 12202 10365 20249 70200 81200 333 56900=
040900 48097 32557 52302 10355 20199 40070 85800 333 56900 59006=
040900 48099 32458 43201 10345 20235 40047 83830 333 56590 58003=
040900 48101 32661 22702 10350 20219 70322 82100 333 56700=
040900 48103 32957 02201 10345 20225 40051 333 59004=
040900 48107 32350 42702 10329 20234 40056 84900 333 56600 59010=
040900 48108 32596 53206 10345 20248 40057 83806 333 56709 59013=
040900 48110 31596 23205 10335 20250 40064 70511 81305 333 56509 59007=
040900 48112 32597 82707 10340 20257 40055 70322 83876 333 56699 59013=  
