04-APR-2015 06 48004 3 1 4 58 6 04 02 10 264 20 179 3 0000 4 0000 5 0000 6 000 0 7 00 0 0 8 6 9 0 0 333 10 /// 58 000 6 000 0 7 0000 
04-APR-2015 06 48008 3 1 5 56 6 04 01 10 303 20 185 3 0000 4 0061 5 0000 6 000 0 7 05 4 4 8 3 9 3 0 333 10 /// 59 030 6 000 0 7 0000 
04-APR-2015 06 48010 2 1 5 60 6 23 01 10 230 20 198 3 0000 4 0072 5 0000 6 000 0 7 01 5 5 8 6 8 0 0 333 10 /// 59 017 6 000 0 7 0000 
04-APR-2015 06 48018 3 2 5 60 5 36 01 10 320 20 200 3 0000 4 0072 5 0000 6 000 0 7 00 0 0 8 3 8 7 0 333 10 /// 59 015 6 000 0 7 0000 
04-APR-2015 06 48019 3 2 4 60 8 32 01 10 295 20 196 3 0000 4 0067 5 0000 6 000 0 7 00 0 0 8 5 7 7 / 333 10 /// 59 027 6 000 0 7 0000 
04-APR-2015 06 48020 3 2 3 58 7 04 04 10 270 20 226 3 0000 4 0000 5 0000 6 000 0 7 00 0 0 8 5 7 3 0 333 10 /// 58 000 6 000 0 7 0000 
04-APR-2015 06 48025 3 2 4 56 3 36 02 10 310 20 203 3 0000 4 0071 5 0000 6 000 0 7 00 0 0 8 2 5 4 0 333 10 /// 59 013 6 000 0 7 0000 
04-APR-2015 06 48030 3 2 2 56 3 22 02 10 224 20 087 3 0000 4 0000 5 0000 6 000 0 7 00 0 0 8 3 8 0 0 333 10 /// 58 000 6 000 0 7 0000 
04-APR-2015 06 48031 3 1 2 68 4 36 01 10 250 20 126 3 0000 4 0000 5 0000 6 000 0 7 05 4 4 8 4 8 0 0 333 10 /// 58 000 6 000 0 7 0000 
04-APR-2015 06 48033 3 2 9 63 0 18 01 10 340 20 288 3 0000 4 0047 5 0000 6 000 0 7 00 0 0 8 0 0 0 0 333 10 /// 59 034 6 000 0 7 0000 
04-APR-2015 06 48034 3 2 4 58 1 23 02 10 282 20 126 3 0000 4 0000 5 0000 6 000 0 7 00 0 0 8 1 5 0 0 333 10 /// 58 000 6 000 0 7 0000 
04-APR-2015 06 48035 3 1 5 56 4 22 05 10 307 20 124 3 0000 4 0043 5 0000 6 000 0 7 05 0 0 8 3 8 6 0 333 10 /// 59 009 6 000 0 7 0000 
04-APR-2015 06 48037 3 1 9 56 0 36 01 10 331 20 000 3 0000 4 0000 5 0000 6 000 0 7 00 0 0 8 0 0 0 0 333 10 /// 58 000 6 000 0 7 0000 
04-APR-2015 06 48039 3 2 9 59 2 22 01 10 362 20 195 3 0000 4 0000 5 0000 6 000 0 7 00 0 0 8 0 0 0 2 333 10 /// 58 000 6 000 0 7 0000 
04-APR-2015 06 48042 3 2 9 57 0 18 04 10 377 20 187 3 0000 4 0050 5 0000 6 000 0 7 00 0 0 8 0 0 0 0 333 10 /// 59 021 6 000 0 7 0000 
04-APR-2015 06 48043 3 2 0 59 0 18 05 10 295 20 149 3 0000 4 0000 5 0000 6 000 0 7 00 0 0 8 0 0 0 0 333 10 /// 58 000 6 000 0 7 0000 
04-APR-2015 06 48045 3 2 5 60 3 14 02 10 286 20 092 3 0000 4 0000 5 0000 6 000 0 7 00 0 0 8 3 8 0 0 333 10 /// 58 000 6 000 0 7 0000 
04-APR-2015 06 48048 3 2 9 60 0 18 02 10 380 20 203 3 0000 4 0050 5 0000 6 000 0 7 00 0 0 8 0 0 0 0 333 10 /// 59 039 6 000 0 7 0000 
04-APR-2015 06 48051 3 2 5 58 6 31 01 10 327 20 240 3 0000 4 0000 5 0000 6 000 0 7 02 2 2 8 5 9 6 0 333 10 /// 58 000 6 000 0 7 0000 
04-APR-2015 06 48053 3 1 9 40 0 18 03 10 380 20 221 3 0000 4 0051 5 0000 6 000 0 7 05 0 0 8 0 0 0 0 333 10 /// 59 034 6 000 0 7 0000 
04-APR-2015 06 48055 3 2 5 56 3 23 07 10 332 20 126 3 0000 4 0022 5 0000 6 000 0 7 00 0 0 8 3 8 0 0 333 10 /// 59 036 6 000 0 7 0000 
04-APR-2015 06 48057 3 2 4 58 4 14 02 10 276 20 146 3 0000 4 0000 5 0000 6 000 0 7 00 0 0 8 4 8 0 0 333 10 /// 58 000 6 000 0 7 0000 
04-APR-2015 06 48060 3 2 4 50 2 36 01 10 310 20 158 3 0000 4 0051 5 0000 6 000 0 7 00 0 0 8 2 1 0 0 333 10 /// 59 002 6 000 0 7 0000 
04-APR-2015 06 48071 3 2 4 60 3 27 04 10 320 20 248 3 0000 4 0088 5 0000 6 000 0 7 00 0 0 8 3 8 0 0 333 10 /// 59 016 6 000 0 7 0000 
04-APR-2015 06 48072 3 2 4 58 8 03 02 10 310 20 254 3 0000 4 0000 5 0000 6 000 0 7 00 0 0 8 6 9 3 0 333 10 /// 58 000 6 000 0 7 0000 
04-APR-2015 06 48074 3 2 9 61 0 14 06 10 326 20 214 3 0000 4 0061 5 0000 6 000 0 7 00 0 0 8 0 0 0 0 333 10 /// 59 041 6 000 0 7 0000 
04-APR-2015 06 48075 3 1 5 58 4 14 01 10 330 20 150 3 0000 4 0056 5 0000 6 000 0 7 05 2 2 8 4 8 0 0 333 10 /// 59 001 6 000 0 7 0000 
04-APR-2015 06 48078 3 2 5 58 2 18 02 10 372 20 198 3 0000 4 0061 5 0000 6 000 0 7 00 0 0 8 1 2 0 1 333 10 /// 59 026 6 000 0 7 0000 
04-APR-2015 06 48080 3 2 4 60 2 22 06 10 340 20 205 3 0000 4 0071 5 0000 6 000 0 7 00 0 0 8 2 2 0 0 333 10 /// 59 015 6 000 0 7 0000 
04-APR-2015 06 48085 3 2 4 58 1 32 06 10 320 20 248 3 0000 4 0081 5 0000 6 000 0 7 00 0 0 8 1 8 0 0 333 10 /// 59 019 6 000 0 7 0000 
04-APR-2015 06 48087 3 2 9 60 0 23 02 10 362 20 195 3 0000 4 0000 5 0000 6 000 0 7 00 0 0 8 0 0 0 0 333 10 /// 58 000 6 000 0 7 0000 
04-APR-2015 06 48092 3 1 4 57 3 13 02 10 360 20 235 3 0000 4 0051 5 0000 6 000 0 7 05 2 2 8 3 8 0 0 333 10 /// 59 013 6 000 0 7 0000 
04-APR-2015 06 48094 3 2 5 60 3 32 03 10 355 20 250 3 0000 4 0075 5 0000 6 000 0 7 00 0 0 8 2 8 4 0 333 10 /// 59 020 6 000 0 7 0000 
04-APR-2015 06 48095 3 2 9 60 0 22 03 10 350 20 240 3 0000 4 0000 5 0000 6 000 0 7 00 0 0 8 0 0 0 0 333 10 /// 58 000 6 000 0 7 0000 
04-APR-2015 06 48097 3 2 5 57 2 18 01 10 350 20 219 3 0000 4 0000 5 0000 6 000 0 7 00 0 0 8 0 0 0 0 333 10 093 58 000 6 000 0 7 0000 
04-APR-2015 06 48099 3 2 4 57 3 36 01 10 340 20 225 3 0000 4 0070 5 0000 6 000 0 7 00 0 0 8 3 8 0 0 333 10 /// 59 010 6 000 0 7 0000 
04-APR-2015 06 48101 3 2 6 60 1 32 01 10 336 20 240 3 0000 4 0000 5 0000 6 000 0 7 01 1 1 8 1 1 0 0 333 10 /// 58 000 6 000 0 7 0000 
04-APR-2015 06 48103 3 2 4 57 7 22 01 10 352 20 237 3 0000 4 0072 5 0000 6 000 0 7 00 0 0 8 7 8 0 0 333 10 /// 59 017 6 000 0 7 0000 
04-APR-2015 06 48107 3 2 3 00 6 23 02 10 318 20 248 3 0000 4 0076 5 0000 6 000 0 7 00 0 0 8 4 9 7 0 333 10 /// 59 005 6 000 0 7 0000 
04-APR-2015 06 48108 3 2 5 96 6 32 05 10 340 20 248 3 0000 4 0077 5 0000 6 000 0 7 00 0 0 8 3 8 6 6 333 10 /// 59 013 6 000 0 7 0000 
04-APR-2015 06 48109 3 2 4 97 2 27 01 10 320 20 236 3 0000 4 0094 5 0000 6 000 0 7 00 0 0 8 2 9 0 0 333 10 /// 59 020 6 000 0 7 0000 
04-APR-2015 06 48110 3 1 5 96 3 32 04 10 335 20 241 3 0000 4 0081 5 0000 6 000 0 7 05 2 2 8 1 3 0 5 333 10 /// 59 013 6 000 0 7 0000 
