040300 48001 21440 70000 10197 20185 40102 71455 84770 333 56620 59032=
040300 48004 22110 80402 10230 20181 8697/ 333 56559=
040300 48008 31556 31401 10240 20174 40058 70544 82430 333 56330 59040=
040300 48010 21530 80000 10210 20195 40079 75055 887// 333 56699 59004=
040300 48018 22960 01401 10265 20186 40062 333 59034=
040300 48019 32960 03201 10256 20179 40063 333 59022=
040300 48020 32358 23203 10250 20196 82400 333 56550=
040300 48025 32930 00401 10260 20179 40071 333 59014=
040300 48030 32256 02202 10188 20072 =
040300 48031 31960 01801 10205 20130 70500=
040300 48033 32962 01801 10290 20230 40124 333 58021=
040300 48034 31457 12302 10218 20156 81500 333 56500=
040300 48035 31956 00000 10231 20163 40064 70522 333 59032=
040300 48037 32950 02201 10263 20203 40065 333 59012=
040300 48039 32958 21401 10295 20185 80002 333 56009=
040300 48042 32957 02203 10315 20194 40058 333 59054=
040300 48043 32057 01806 10255 20138=
040300 48045 22960 00401 10233 20045=
040300 48048 32960 01802 10300 20185 40066 333 59047=
040300 48051 32558 63101 10282 20220 70122 85830 333 56590=
040300 48052 32958 01302 10326 20191=
040300 48053 32940 01804 10310 20230 40069 333 59045=
040300 48055 31956 02303 10253 20138 40058 70511 333 59035=
040300 48057 32958 01402 10238 20136 333 61006 =
040300 48060 32440 10000 10230 20143 40073 81100 333 56500 59029=
040300 48062 32456 70902 10285 20260 40072 70222 85970 333 56590 59022=
040300 48064 32960 03601 10300 20223 40048 333 59053=
040300 48065 32968 00000 10310 20203=
040300 48071 32458 50502 10290 20259 40080 85800 333 56900 59023=
040300 48072 32459 51302 10310 20254 70322 84930 333 56690=
040300 48074 31958 02203 10294 20215 40084 70500 333 59025=
040300 48075 31457 21401 10260 20180 40072 70511 82100 333 56500 59020=
040300 48077 32959 02301 10300 20207 40060 333 59031=
040300 48078 32556 21803 10300 20223 40080 81101 333 56909 59022=
040300 48080 32459 40402 10293 20259 40086 82230 333 56990 59024=
040300 48085 32958 03205 10304 20231 40079 333 59024=
040300 48087 32960 00000 10300 20207=
040300 48092 31956 01301 10290 20248 40062 70522 333 59004=
040300 48093 32958 20401 10302 20239 70311 80001 333 56009=
040300 48094 32959 03202 10300 20250 40082 333 59023=
040300 48095 32558 60000 10290 20248 70222 83670 333 56990=
040300 48097 32557 22302 10295 20234 40099 82800 333 56900 59014=
040300 48099 32450 32302 10300 20239 40078 83800 333 56500 59035=
040300 48101 32557 72702 10280 20250 84370 333 56690=
040300 48103 32456 71301 10312 20254 40081 87600 333 56600 59015=
040300 48107 31950 02301 10293 20259 40086 70144 333 59017=
040300 48108 32596 51301 10285 20232 40094 82506 333 56909 59015=
040300 48109 32497 40901 10296 20223 40098 84900 333 56900 59017=
040300 48110 31596 43201 10305 20246 40090 70522 82206 333 56909 59014=
040300 48112 32598 63601 10310 20260 40088 70222 82216 333 56899 59018=  
