48001 22440 71301 10290 20259 49996 85930 333 56760 59004=
48004 21340 41301 10290 20259 75052 87900 333 56500=
48008 21557 80000 10295 20253 40024 70355 8497/ 333 56459 58012=
48010 32456 80000 10300 20266 40037 8587/ 333 56499 58010=
48018 32557 82301 10315 20254 40013 8487/ 333 56449 59004=
48019 21458 82301 10260 20260 40023 75166 8672/ 333 56499 58015=
48020 NIL=
48025 32458 61402 10320 20248 40019 83841 333 56569 59009=
48035 32560 72202 10287 20230 49996 85970 333 56790 59029=
48037 32460 51401 10330 20258 40023 83830 333 56880 59002=
48042 32558 51303 10327 20258 40016 83850 333 56440 59004=
48045 NIL=
48048 32560 51801 10335 20257 40020 84850 333 56490 59005=
48051 NIL=
48053 32460 71801 10300 20239 40033 85950 333 56490 59000=
48060 21340 80000 10260 20215 40021 70266 85870 333 56560 58016=
48062 22458 82303 10290 20270 40038 86970 333 56990 59011=
48071 32460 72703 10290 20259 40042 84970 333 56990 59010=
48075 32457 71401 10280 20220 40036 85360 333 56390 59007=
48077 32559 82302 10284 20233 40037 85931 333 56499 58002=
48078 32558 61803 10291 20259 40044 84331 333 56559 59012=
48080 21458 82210 10290 20259 40047 75065 85970 333 56590 58021=
48085 21357 80401 10262 20246 40050 75055 86770 333 56990 59007=
48095 NIL=
48108 21493 82303 10250 20242 40092 75165 8632/ 333 5659/ 58003=
48109 NIL=
48110 21494 81302 10275 20253 40098 75155 8632/ 333 5669/ 58002=
48112 21496 82705 10280 20250 40091 75055 8677/ 333 5669/ 59014=
48030 NIL=
48072 32460 81802 10290 20259 70222 86970 333 56590=
48087 NIL=
48099 21330 82304 10262 20246 40057 75155 8697/ 333 5659/ 59022=
48101 21558 82703 10288 20248 70252 8597/ 333 5659/ 48103 21356 82204 10262 20246 40059 70266 8772/ 333 5655/ 59012=
48057 32458 71501 10236 20191 85950 333 56990=
48094 21458 82202 10290 20260 40053 70366 8597/ 333 56599 59011=
48097 32557 81802 10280 20268 40068 8683/ 333 5699/ 59012=
48031 NIL=
48033 32563 41801 10310 20254 40005 84800 333 56400 59022=
48034 21248 80000 10220 20216 75165 8692/ 333 5659/=
48039 NIL=
48043 22556 71805 10230 20230 8587/ 333 56599=
48052 32468 42201 10328 20258 84800 333 56900=
48055 22456 80000 10248 20212 40009 8597/ 333 5679/ 59020=
48064 32060 30901 10325 20265 40009 80001 333 56009 58003=
48065 32560 40000 10332 20258 83501 333 56909=
48074 NIL=
48092 21457 82702 10275 20245 40024 70255 8597/ 333 5669/ 59013=
48093 21556 82701 10269 20256 75165 8637/ 333 56399=
48107 21330 82301 10254 20254 40074 70166 8597/ 333 5655/ 59012=  48004 21340 41301 10290 20259 75052 87900 333 56500=
48020 NIL=
48045 21440 81402 10240 20209 75364 887// 333 56599=
48095 32558 82202 10290 20259 84970 333 56590=
48087 22456 82302 10260 20246 8597/ 333 5649/=
48039 32460 51401 10320 20248 82902 333 56505=
48074 32460 71403 10315 20281 40033 84370 333 56590 59021=  