040000 48008 21440 81401 10262 20246 40033 79595 8597/ 333 20250 5645/ 59011 69902=
040000 48010 32440 80000 10260 20253 40032 887// 333 20248 564// 59015=
040000 48018 22556 80000 10255 20250 40025 8497/ 333 20250 5645/ 59013=
040000 48019 22450 70000 10263 20260 40028 85770 333 20260 56450 59010 60012=
040000 48020 32240 80000 10260 20246 886// 333 20240 569//=
040000 48025 32010 70000 10252 20246 40040 84970 333 20240 56790 58004=
040000 48033 32560 81301 10253 20233 40048 86970 333 20248 56490 59011=
040000 48034 22356 80000 10190 20190 8692/ 333 20190 5659/ 69902=
040000 48035 21530 80000 10227 20214 40032 71022 8597/ 333 20220 5645/ 59006 60022=
040000 48037 21430 71401 10277 20250 40046 75055 85870 333 20265 56880 59003 69902=
040000 48039 21456 81401 10250 20250 75166 889// 333 20249 565// 60042=
040000 48042 21450 80000 10250 20250 40038 75065 8597/ 333 20237 5644/ 59008 60072=
040000 48043 21520 81803 10220 20220 76366 8672/ 333 20170 5699/ 60622=
040000 48048 32550 30000 10256 20246 40037 83800 333 20250 56900 59007=
040000 48051 32558 81301 10253 20240 84930 333 20250 56290=
040000 48052 32450 51301 10262 20246 85900 333 20256 56900=
040000 48053 32450 81801 10250 20250 40046 8575/ 333 20244 5659/ 59003=
040000 48055 22556 80000 10207 20205 40054 8497/ 333 20205 5679/ 59005=
040000 48057 22456 81401 10190 20175 86950 333 20182 56590 69902=
040000 48060 21320 80000 10225 20217 40037 76366 8577/ 333 20218 5649/ 59003 60102=
040000 48062 32450 50000 10260 20250 40048 84930 333 20230 56690 59009=
040000 48064 32950 10000 10260 20246 40020 80001 333 20210 56009 58053=
040000 48065 32450 80401 10255 20246 85770 333 20230 56990=
040000 48071 21456 80000 10250 20250 40051 75165 8692/ 333 20245 5699/ 59012 60372=
040000 48074 32457 80000 10250 20233 40071 8677/ 333 20245 5644/ 58005=
040000 48075 22456 70000 10210 20195 40073 85770 333 56590 59004=
040000 48077 22556 80000 10260 20246 40044 85970 333 20238 56490 59012=
040000 48078 22440 80000 10250 20242 40074 8477/ 333 20240 5649/ 58001=
040000 48085 21356 80000 10262 20260 40059 70265 86970 333 20255 56790 59015 60072=
040000 48087 22450 60000 10256 20246 83371 333 20244 56499 60222=
040000 48092 32557 60000 10250 20243 40043 82436 333 20240 56999 59016=
040000 48093 21550 71401 10254 20252 86841 333 20239 56599=
040000 48094 22456 70000 10248 20240 40059 84970 333 20195 56590 59013 60052=
040000 48095 22556 80000 10255 20255 84870 333 20194 56990 60042=
040000 48097 22557 51801 10250 20242 40076 82531 333 20238 56999 59016=
040000 48099 21330 81301 10250 20233 40058 75066 8597/ 333 20240 5649/ 59017 60152=
040000 48101 21556 70000 10255 20246 70265 84770 333 20217 56590 60022=
040000 48103 21340 72202 10256 20246 40067 70166 87700 333 20246 56500 59010 60232=
040000 48107 21330 80401 10238 20238 40086 76166 8597/ 333 20230 5655/ 59007 61252=  
040000 48108 21493 82301 10230 20230 40101 75165 8632/ 333 20215 5699/ 58003 60542=
040000 48109 21396 82302 10256 20246 40072 75366 8697/ 333 20192 5699/ 59006 61082=
040000 48110 21495 81803 10235 20235 40100 75165 8632/ 333 20235 5659/ 59006 60292=
040000 48112 21597 83601 10240 20240 40101 72152 84876 333 10185 56899 59003 60252=
