04-AUG-2015 06 48034 2 1 1 48 8 00 00 10 228 20 220 3 0000 4 0000 5 0000 6 000 0 7 51 6 5 8 6 9 2 / 333 10 /// 58 000 6 000 0 7 0000 
04-AUG-2015 06 48035 3 2 5 60 7 22 01 10 288 20 215 3 0000 4 0017 5 0000 6 000 0 7 00 0 0 8 5 9 6 0 333 10 /// 59 009 6 000 0 7 0000 
04-AUG-2015 06 48037 3 2 4 60 7 14 01 10 308 20 254 3 0000 4 0067 5 0000 6 000 0 7 00 0 0 8 2 8 3 0 333 10 /// 58 018 6 000 0 7 0000 
04-AUG-2015 06 48039 3 2 4 60 6 14 01 10 300 20 253 3 0000 4 0000 5 0000 6 000 0 7 00 0 0 8 4 9 6 0 333 10 /// 58 000 6 000 0 7 0000 
04-AUG-2015 06 48042 3 2 5 58 7 13 02 10 300 20 253 3 0000 4 0032 5 0000 6 000 0 7 00 0 0 8 5 8 5 0 333 10 /// 59 014 6 000 0 7 0000 
04-AUG-2015 06 48043 2 1 5 40 8 18 05 10 215 20 215 3 0000 4 0000 5 0000 6 000 0 7 63 6 6 8 6 7 2 / 333 10 /// 58 000 6 000 0 7 0000 
04-AUG-2015 06 48045 3 2 5 56 6 14 02 10 249 20 205 3 0000 4 0000 5 0000 6 000 0 7 00 0 0 8 4 3 3 1 333 10 /// 58 000 6 000 0 7 0000 
04-AUG-2015 06 48048 3 2 5 60 6 18 01 10 320 20 248 3 0000 4 0041 5 0000 6 000 0 7 00 0 0 8 5 9 5 0 333 10 /// 59 011 6 000 0 7 0000 
04-AUG-2015 06 48052 3 2 4 68 5 22 01 10 310 20 267 3 0000 4 0000 5 0000 6 000 0 7 00 0 0 8 5 9 0 0 333 10 /// 58 000 6 000 0 7 0000 
04-AUG-2015 06 48053 3 2 4 56 8 18 02 10 290 20 248 3 0000 4 0048 5 0000 6 000 0 7 00 0 0 8 5 7 5 / 333 10 /// 59 011 6 000 0 7 0000 
04-AUG-2015 06 48055 3 2 4 56 8 23 03 10 258 20 215 3 0000 4 0000 5 0000 6 000 0 7 00 0 0 8 6 9 7 / 333 10 /// 59 029 6 000 0 7 0000 
04-AUG-2015 06 48057 3 2 4 58 8 27 01 10 222 20 185 3 0000 4 0000 5 0000 6 000 0 7 00 0 0 8 6 9 5 0 333 10 /// 58 000 6 000 0 7 0000 
04-AUG-2015 06 48060 2 1 3 40 8 00 00 10 243 20 226 3 0000 4 0050 5 0000 6 000 0 7 51 6 5 8 5 9 7 / 333 10 /// 58 040 6 000 0 7 0000 
04-AUG-2015 06 48062 2 1 4 58 8 09 02 10 275 20 270 3 0000 4 0055 5 0000 6 000 0 7 02 6 5 8 6 9 7 0 333 10 /// 59 010 6 000 0 7 0000 
04-AUG-2015 06 48064 3 2 4 58 5 09 01 10 310 20 254 3 0000 4 0031 5 0000 6 000 0 7 00 0 0 8 2 8 0 6 333 10 /// 59 002 6 000 0 7 0000 
04-AUG-2015 06 48065 3 2 5 58 6 22 02 10 320 20 265 3 0000 4 0000 5 0000 6 000 0 7 00 0 0 8 5 5 3 0 333 10 /// 58 000 6 000 0 7 0000 
04-AUG-2015 06 48071 3 2 4 60 7 23 01 10 275 20 268 3 0000 4 0058 5 0000 6 000 0 7 00 0 0 8 5 9 7 0 333 10 /// 59 012 6 000 0 7 0000 
04-AUG-2015 06 48072 2 1 4 60 8 27 02 10 290 20 259 3 0000 4 0000 5 0000 6 000 0 7 50 5 5 8 6 9 7 0 333 10 /// 58 000 6 000 0 7 0000 
04-AUG-2015 06 48074 3 2 4 59 7 18 03 10 300 20 253 3 0000 4 0066 5 0000 6 000 0 7 00 0 0 8 5 8 7 0 333 10 /// 59 014 6 000 0 7 0000 
04-AUG-2015 06 48075 3 2 4 57 7 14 01 10 270 20 226 3 0000 4 0065 5 0000 6 000 0 7 00 0 0 8 5 7 7 0 333 10 /// 59 016 6 000 0 7 0000 
04-AUG-2015 06 48077 3 2 5 59 8 23 02 10 302 20 239 3 0000 4 0046 5 0000 6 000 0 7 00 0 0 8 5 9 3 1 333 10 /// 59 008 6 000 0 7 0000 
04-AUG-2015 06 48078 3 2 5 59 6 14 02 10 296 20 256 3 0000 4 0062 5 0000 6 000 0 7 00 0 0 8 4 8 3 1 333 10 /// 59 016 6 000 0 7 0000 
04-AUG-2015 06 48080 2 1 4 59 8 04 01 10 256 20 250 3 0000 4 0066 5 0000 6 000 0 7 50 6 5 8 5 8 2 0 333 10 /// 59 005 6 000 0 7 0000 
04-AUG-2015 06 48085 2 1 3 57 8 36 02 10 250 20 248 3 0000 4 0068 5 0000 6 000 0 7 50 6 5 8 6 7 7 0 333 10 /// 58 005 6 000 0 7 0000 
04-AUG-2015 06 48087 2 1 4 56 8 23 01 10 262 20 246 3 0000 4 0000 5 0000 6 000 0 7 53 5 5 8 5 9 7 / 333 10 /// 58 000 6 000 0 7 0000 
04-AUG-2015 06 48092 3 2 4 58 7 23 03 10 302 20 253 3 0000 4 0050 5 0000 6 000 0 7 00 0 0 8 4 7 3 6 333 10 /// 59 007 6 000 0 7 0000 
04-AUG-2015 06 48093 2 1 5 57 8 27 01 10 299 20 253 3 0000 4 0000 5 0000 6 000 0 7 51 5 5 8 6 3 7 / 333 10 /// 58 000 6 000 0 7 0000 
04-AUG-2015 06 48094 3 2 4 59 7 22 01 10 295 20 255 3 0000 4 0069 5 0000 6 000 0 7 00 0 0 8 6 9 4 0 333 10 /// 59 011 6 000 0 7 0000 
04-AUG-2015 06 48095 3 2 4 58 6 22 02 10 270 20 256 3 0000 4 0000 5 0000 6 000 0 7 00 0 0 8 2 9 4 0 333 10 /// 58 000 6 000 0 7 0000 
04-AUG-2015 06 48097 3 2 5 57 7 23 02 10 300 20 266 3 0000 4 0073 5 0000 6 000 0 7 00 0 0 8 7 8 0 0 333 10 /// 59 007 6 000 0 7 0000 
04-AUG-2015 06 48099 2 1 4 50 7 23 06 10 267 20 256 3 0000 4 0075 5 0000 6 000 0 7 02 6 5 8 5 9 3 0 333 10 /// 59 016 6 000 0 7 0000 
04-AUG-2015 06 48101 2 1 5 58 8 00 00 10 233 20 233 3 0000 4 0000 5 0000 6 000 0 7 53 6 5 8 5 9 2 / 333 10 /// 58 000 6 000 0 7 0000 
04-AUG-2015 06 48103 2 1 3 56 8 14 02 10 253 20 253 3 0000 4 0077 5 0000 6 000 0 7 63 6 6 8 6 7 2 / 333 10 /// 58 014 6 000 0 7 0000 
04-AUG-2015 06 48107 2 1 3 30 8 23 01 10 244 20 244 3 0000 4 0085 5 0000 6 000 0 7 61 6 6 8 5 9 7 / 333 10 /// 59 012 6 000 0 7 0000 
04-AUG-2015 06 48108 2 1 4 93 8 23 02 10 242 20 242 3 0000 4 0102 5 0000 6 000 0 7 61 6 5 8 6 3 2 / 333 10 /// 59 005 6 000 0 7 0000 
04-AUG-2015 06 48109 2 1 3 96 8 23 01 10 250 20 250 3 0000 4 0086 5 0000 6 000 0 7 51 6 6 8 6 9 7 / 333 10 /// 59 007 6 000 0 7 0000 
04-AUG-2015 06 48110 2 1 4 94 8 23 01 10 280 20 250 3 0000 4 0116 5 0000 6 000 0 7 51 6 5 8 6 3 2 / 333 10 /// 58 009 6 000 0 7 0000 
04-AUG-2015 06 48112 3 2 5 97 8 22 05 10 310 20 267 3 0000 4 0103 5 0000 6 000 0 7 00 0 0 8 3 8 7 6 333 10 /// 59 009 6 000 0 7 0000 
