041200 48001 21320 80000 10153 20150 40166 75055 8692/ 333 10165 56449 58014 60262=
041200 48004 32340 60401 10192 20159 86900 333 10223 56500 60002=
041200 48008 21440 80000 10178 20155 40163 76066 8497/ 333 10200 56459 58027 60112=
041200 48010 32520 60000 10210 20175 40140 83770 333 10245 56550 58014 60002=
041200 48018 32540 70000 10215 20173 40139 84870 333 10257 56870 58015 60002=
041200 48019 32940 20000 10248 20209 40142 80060 333 10255 56040 58010 60002=
041200 48020 32930 00000 10230 20181 333 10270 60002=
041200 48025 32430 62201 10230 20198 40140 84840 333 10265 56590 58009 60002=
041200 48035 32510 60000 10173 20154 40141 84960 333 10208 56490 59011 60002=
041200 48037 32930 00000 10260 20203 40119 333 10307 59021 60002=
041200 48042 32556 30000 10245 20180 40124 83400 333 10290 56900 59007 60002=
041200 48045 32550 62302 10151 20151 86800 333 10211 56600 60002=
041200 48048 32550 30401 10242 20191 40127 83800 333 10300 56900 59004 60002=
041200 48051 32558 20000 10241 20210 82500 333 10291 56900=
041200 48053 22950 00000 10210 20195 40135 333 10245 58003 69902=
041200 48060 21320 80000 10156 20144 40174 75055 8597/ 333 10175 5649/ 58049 60082=
041200 48062 32450 20000 10270 20260 40122 82500 333 10300 56900 59010=
041200 48071 32940 00000 10248 20205 40131 333 10285 58002=
041200 48075 21450 80000 10150 20150 40173 76065 8677/ 333 10235 5659/ 58028 60062=
041200 48077 21556 80000 10192 20190 40116 70266 85970 333 10252 56490 58009 60102=
041200 48078 21440 80000 10198 20195 40157 75165 8672/ 333 10276 5659/ 58040 60022=
041200 48080 31456 81301 10220 20205 40133 75055 85770 333 10252 56590 58020=
041200 48085 21350 80902 10205 20195 40135 75165 86920 333 10268 56590 58031 60022=
041200 48095 22450 80403 10250 20205 86970 333 10278 56990 69902=
041200 48108 31494 80510 10290 20230 40108 70399 85977 333 10345 56899 59005=
041200 48109 32496 80903 10272 20240 40122 8697/ 333 10324 5699/ 58007=
041200 48110 22595 50000 10300 20253 40101 82306 333 10335 56909 59002 69902=
041200 48112 21597 80406 10280 20250 40096 70152 83876 333 10307 56199 58001 60022=
041200 48030 32130 82201 10136 20107 8784/ 333 10200 56569 60002=
041200 48072 22456 60000 10230 20198 84830 333 10300 56990 60012=
041200 48087 32210 80405 10250 20219 8597/ 333 10286 5699/=
041200 48099 21220 70000 10270 20211 40109 85930 333 10305 56990 58002 69902=
041200 48101 32450 83601 10257 20179 8577/ 333 10285 5649/=
041200 48103 22430 30402 10273 20226 40112 83800 333 10325 56110 58009 69902=
041200 48057 21440 81401 10128 20128 70255 86950 333 10142 56590 60082=
041200 48094 32456 80403 10250 20190 40129 8594/ 333 10275 5689/ 58020=
041200 48097 32556 60702 10250 20158 40131 83530 333 10305 56990 58014=
041200 48031 32558 12701 10140 20107 81200 333 10210 56900 60002=
041200 48033 32959 00000 10240 20226 40119 333 10300 59013 60002=
041200 48034 32456 10000 10160 20133 81500 333 10224 56500 60002=
041200 48039 32454 40000 10233 20198 81232 333 10287 56559 60002=
041200 48043 32010 00000 10160 20144 333 10210 60002=
041200 48052 31350 60000 10265 20215 70522 85320 333 10306 56990 60002=
041200 48055 21145 80902 10154 20151 40158 75065 8692/ 333 10170 5649/ 58020 60092=
041200 48064 32450 51401 10226 20198 40125 83831 333 10258 56559 59005 60002=
041200 48065 31450 30000 10228 20198 70511 82801 333 10265 56909 60002=
041200 48074 21350 80000 10190 20190 40162 70265 8477/ 333 10276 56999 58032 60072=
041200 48092 32456 73203 10250 20167 40114 84840 333 10310 56990 58022=
041200 48093 32560 83203 10250 20205 86841 333 10319 56199=
041200 48107 32330 60401 10288 20248 40104 84970 333 10344 56110 59003=
041200 48096 32457 73508 10250 20219 40126 85970 333 10295 56900 58013=  
