04-DEC-2015 12 48001 2 1 3 20 8 00 00 10 153 20 150 3 0000 4 0166 5 0000 6 000 0 7 50 5 5 8 6 9 2 / 333 10 165 58 014 6 026 2 7 0000 
04-DEC-2015 12 48008 2 1 4 40 8 00 00 10 178 20 155 3 0000 4 0163 5 0000 6 000 0 7 60 6 6 8 4 9 7 / 333 10 200 58 027 6 011 2 7 0000 
04-DEC-2015 12 48010 3 2 5 20 6 00 00 10 210 20 175 3 0000 4 0140 5 0000 6 000 0 7 00 0 0 8 3 7 7 0 333 10 245 58 014 6 000 2 7 0000 
04-DEC-2015 12 48018 3 2 5 40 7 00 00 10 215 20 173 3 0000 4 0139 5 0000 6 000 0 7 00 0 0 8 4 8 7 0 333 10 257 58 015 6 000 2 7 0000 
04-DEC-2015 12 48019 3 2 9 40 2 00 00 10 248 20 209 3 0000 4 0142 5 0000 6 000 0 7 00 0 0 8 0 0 6 0 333 10 255 58 010 6 000 2 7 0000 
04-DEC-2015 12 48025 3 2 4 30 6 22 01 10 230 20 198 3 0000 4 0140 5 0000 6 000 0 7 00 0 0 8 4 8 4 0 333 10 265 58 009 6 000 2 7 0000 
04-DEC-2015 12 48033 3 2 9 59 0 00 00 10 240 20 226 3 0000 4 0119 5 0000 6 000 0 7 00 0 0 8 0 0 0 0 333 10 300 59 013 6 000 2 7 0000 
04-DEC-2015 12 48035 3 2 5 10 6 00 00 10 173 20 154 3 0000 4 0141 5 0000 6 000 0 7 00 0 0 8 4 9 6 0 333 10 208 59 011 6 000 2 7 0000 
04-DEC-2015 12 48037 3 2 9 30 0 00 00 10 260 20 203 3 0000 4 0119 5 0000 6 000 0 7 00 0 0 8 0 0 0 0 333 10 307 59 021 6 000 2 7 0000 
04-DEC-2015 12 48042 3 2 5 56 3 00 00 10 245 20 180 3 0000 4 0124 5 0000 6 000 0 7 00 0 0 8 3 4 0 0 333 10 290 59 007 6 000 2 7 0000 
04-DEC-2015 12 48048 3 2 5 50 3 04 01 10 242 20 191 3 0000 4 0127 5 0000 6 000 0 7 00 0 0 8 3 8 0 0 333 10 300 59 004 6 000 2 7 0000 
04-DEC-2015 12 48051 3 2 5 58 2 00 00 10 241 20 210 3 0000 4 0000 5 0000 6 000 0 7 00 0 0 8 2 5 0 0 333 10 291 58 000 6 000 0 7 0000 
04-DEC-2015 12 48053 2 2 9 50 0 00 00 10 210 20 195 3 0000 4 0135 5 0000 6 000 0 7 00 0 0 8 0 0 0 0 333 10 245 58 003 6 990 2 7 0000 
04-DEC-2015 12 48055 2 1 1 45 8 09 02 10 154 20 151 3 0000 4 0158 5 0000 6 000 0 7 50 6 5 8 6 9 2 / 333 10 170 58 020 6 009 2 7 0000 
04-DEC-2015 12 48060 2 1 3 20 8 00 00 10 156 20 144 3 0000 4 0174 5 0000 6 000 0 7 50 5 5 8 5 9 7 / 333 10 175 58 049 6 008 2 7 0000 
04-DEC-2015 12 48062 3 2 4 50 2 00 00 10 270 20 260 3 0000 4 0122 5 0000 6 000 0 7 00 0 0 8 2 5 0 0 333 10 300 59 010 6 000 0 7 0000 
04-DEC-2015 12 48064 3 2 4 50 5 14 01 10 226 20 198 3 0000 4 0125 5 0000 6 000 0 7 00 0 0 8 3 8 3 1 333 10 258 59 005 6 000 2 7 0000 
04-DEC-2015 12 48071 3 2 9 40 0 00 00 10 248 20 205 3 0000 4 0131 5 0000 6 000 0 7 00 0 0 8 0 0 0 0 333 10 285 58 002 6 000 0 7 0000 
04-DEC-2015 12 48074 2 1 3 50 8 00 00 10 190 20 190 3 0000 4 0162 5 0000 6 000 0 7 02 6 5 8 4 7 7 / 333 10 276 58 032 6 007 2 7 0000 
04-DEC-2015 12 48075 2 1 4 50 8 00 00 10 150 20 150 3 0000 4 0173 5 0000 6 000 0 7 60 6 5 8 6 7 7 / 333 10 235 58 028 6 006 2 7 0000 
04-DEC-2015 12 48077 2 1 5 56 8 00 00 10 192 20 190 3 0000 4 0116 5 0000 6 000 0 7 02 6 6 8 5 9 7 0 333 10 252 58 009 6 010 2 7 0000 
04-DEC-2015 12 48078 2 1 4 40 8 00 00 10 198 20 195 3 0000 4 0157 5 0000 6 000 0 7 51 6 5 8 6 7 2 / 333 10 276 58 040 6 002 2 7 0000 
04-DEC-2015 12 48080 3 1 4 56 8 13 01 10 220 20 205 3 0000 4 0133 5 0000 6 000 0 7 50 5 5 8 5 7 7 0 333 10 252 58 020 6 000 0 7 0000 
04-DEC-2015 12 48085 2 1 3 50 8 09 02 10 205 20 195 3 0000 4 0135 5 0000 6 000 0 7 51 6 5 8 6 9 2 0 333 10 268 58 031 6 002 2 7 0000 
04-DEC-2015 12 48087 3 2 2 10 8 04 05 10 250 20 219 3 0000 4 0000 5 0000 6 000 0 7 00 0 0 8 5 9 7 / 333 10 286 58 000 6 000 0 7 0000 
04-DEC-2015 12 48092 3 2 4 56 7 32 03 10 250 20 167 3 0000 4 0114 5 0000 6 000 0 7 00 0 0 8 4 8 4 0 333 10 310 58 022 6 000 0 7 0000 
04-DEC-2015 12 48093 3 2 5 60 8 32 03 10 250 20 205 3 0000 4 0000 5 0000 6 000 0 7 00 0 0 8 6 8 4 1 333 10 319 58 000 6 000 0 7 0000 
04-DEC-2015 12 48094 3 2 4 56 8 04 03 10 250 20 190 3 0000 4 0129 5 0000 6 000 0 7 00 0 0 8 5 9 4 / 333 10 275 58 020 6 000 0 7 0000 
04-DEC-2015 12 48096 3 2 4 57 7 35 08 10 250 20 219 3 0000 4 0126 5 0000 6 000 0 7 00 0 0 8 5 9 7 0 333 10 295 58 013 6 000 0 7 0000 
04-DEC-2015 12 48097 3 2 5 56 6 07 02 10 250 20 158 3 0000 4 0131 5 0000 6 000 0 7 00 0 0 8 3 5 3 0 333 10 305 58 014 6 000 0 7 0000 
04-DEC-2015 12 48099 2 1 2 20 7 00 00 10 270 20 211 3 0000 4 0109 5 0000 6 000 0 7 00 0 0 8 5 9 3 0 333 10 305 58 002 6 990 2 7 0000 
04-DEC-2015 12 48101 3 2 4 50 8 36 01 10 257 20 179 3 0000 4 0000 5 0000 6 000 0 7 00 0 0 8 5 7 7 / 333 10 285 58 000 6 000 0 7 0000 
04-DEC-2015 12 48103 2 2 4 30 3 04 02 10 273 20 226 3 0000 4 0112 5 0000 6 000 0 7 00 0 0 8 3 8 0 0 333 10 325 58 009 6 990 2 7 0000 
04-DEC-2015 12 48107 3 2 3 30 6 04 01 10 288 20 248 3 0000 4 0104 5 0000 6 000 0 7 00 0 0 8 4 9 7 0 333 10 344 59 003 6 000 0 7 0000 
04-DEC-2015 12 48108 3 1 4 94 8 05 10 10 290 20 230 3 0000 4 0108 5 0000 6 000 0 7 03 9 9 8 5 9 7 7 333 10 345 59 005 6 000 0 7 0000 
04-DEC-2015 12 48109 3 2 4 96 8 09 03 10 272 20 240 3 0000 4 0122 5 0000 6 000 0 7 00 0 0 8 6 9 7 / 333 10 324 58 007 6 000 0 7 0000 
04-DEC-2015 12 48110 2 2 5 95 5 00 00 10 300 20 253 3 0000 4 0101 5 0000 6 000 0 7 00 0 0 8 2 3 0 6 333 10 335 59 002 6 990 2 7 0000 
04-DEC-2015 12 48112 2 1 5 97 8 04 06 10 280 20 250 3 0000 4 0096 5 0000 6 000 0 7 01 5 2 8 3 8 7 6 333 10 307 58 001 6 002 2 7 0000 
