040900 48001 31440 70401 10210 20142 40155 70322 84770 333 56150 59017=
040900 48004 32460 40401 10264 20160 84800 333 56500=
040900 48008 32558 61401 10287 20115 40142 82430 333 56560 59024=
040900 48010 32560 20000 10285 20184 40139 80031 333 56099 59037=
040900 48018 32560 31401 10285 20146 40149 82810 333 56560 59031=
040900 48019 32960 00402 10283 20158 40136 333 59035=
040900 48025 32458 31401 10300 20141 40147 83500 333 56900 59024=
040900 48030 32956 02204 10210 20120 333=
040900 48031 32268 10401 10225 29023 80040 333 56090=
040900 48033 32963 01801 10320 20163 40131 333 59021=
040900 48034 32458 11802 10258 20160 81500 333 56500=
040900 48035 31558 22703 10269 20057 40120 70500 81501 333 56909 59016=
040900 48037 32962 41801 10336 20145 40133 80002 333 56005 59023=
040900 48039 32960 21401 10320 20163 80002 333 56009=
040900 48042 32557 31801 10330 20126 40127 81402 333 56909 59036=
040900 48043 32058 12703 10255 20138 80002 333 56009=
040900 48045 32960 51808 10256 20070 80006 333 56005=
040900 48048 32560 50901 10315 20140 40140 85900 333 56400 59020=
040900 48051 32960 33601 10332 20301 70211 80006 333 56009=  
040900 48052 32470 43202 10350 20182 83801 333 56909=
040900 48053 32956 33602 10330 20151 40134 80006 333 56009 59023=
040900 48055 32556 21406 10279 20027 40113 81101 333 56409 59011=
040900 48057 32960 33202 10246 20046 80006 333 56009=
040900 48060 32450 32203 10275 20130 40119 82106 333 56509 59018=
040900 48062 32556 62303 10275 20220 40153 70322 83832 333 56699 59027=
040900 48064 32970 21401 10313 20125 40113 80001 333 56009 59023=
040900 48065 32470 40000 10335 20164 83801 333 56909=
040900 48071 32460 53203 10260 20179 40154 85800 333 56900 59020=
040900 48072 32460 23205 10290 20230 70322 84830 333 56690=
040900 48074 32560 23601 10340 20125 40135 82500 333 56400 59020=
040900 48075 31958 20000 10295 20070 40111 70511 80006 333 56009 59038=
040900 48077 32559 60000 10340 20145 40128 84831 333 56999 59014=
040900 48078 32558 42301 10336 20114 40137 81102 333 56909 59018=
040900 48080 32459 43206 10313 20237 40133 83206 333 56409 59019=
040900 48085 32958 23205 10306 20189 40138 80006 333 56009 59011=
040900 48092 32458 12301 10345 20144 40121 81100 333 56900 59015=
040900 48093 32658 13201 10334 20164 81100 333 56100=
040900 48094 32960 13201 10345 20172 40135 80001 333 56009 59015=
040900 48095 32960 00401 10330 20172 333=
040900 48097 32557 20402 10340 20145 40142 70211 81501 333 56909 59007=
040900 48099 32560 33202 10343 20184 40128 82801 333 56709 59010=
040900 48101 32960 00401 10327 20201 333 =
040900 48103 32557 23201 10353 20143 40127 82800 333 56100 59018=
040900 48107 32350 23201 10343 20164 40117 82900 333 56300 59006=
040900 48108 32596 63203 10340 20195 40129 83806 333 56809 59010=
040900 48110 31596 33204 10325 20219 40122 70511 82306 333 56209 59011=
