04-FEB-2015 00 48008 3 1 5 50 3 00 00 10 120 20 102 3 0000 4 0184 5 0000 6 000 0 7 10 4 4 8 2 4 3 0 333 20 112 59 014 6 000 0 7 0000 
04-FEB-2015 00 48010 3 1 0 20 0 00 00 10 140 20 132 3 0000 4 0179 5 0000 6 000 0 7 42 4 4 8 0 0 0 0 333 20 130 59 012 6 000 0 7 0000 
04-FEB-2015 00 48018 3 2 9 20 0 00 00 10 142 20 124 3 0000 4 0176 5 0000 6 000 0 7 00 0 0 8 0 0 0 0 333 20 130 59 013 6 000 0 7 0000 
04-FEB-2015 00 48019 3 2 9 40 0 00 00 10 123 20 120 3 0000 4 0171 5 0000 6 000 0 7 00 0 0 8 0 0 0 0 333 20 120 59 015 6 000 0 7 0000 
04-FEB-2015 00 48025 3 1 1 10 1 32 01 10 156 20 144 3 0000 4 0179 5 0000 6 000 0 7 40 4 4 8 1 6 0 0 333 20 148 59 016 6 000 0 7 0000 
04-FEB-2015 00 48030 3 2 9 50 0 22 04 10 038 20 000 3 0000 4 0000 5 0000 6 000 0 7 00 0 0 8 0 0 0 0 333 10 /// 58 000 6 000 0 7 0000 
04-FEB-2015 00 48031 3 2 9 56 0 18 01 10 118 20 000 3 0000 4 0000 5 0000 6 000 0 7 00 0 0 8 0 0 0 0 333 10 /// 58 000 6 000 0 7 0000 
04-FEB-2015 00 48033 3 2 9 60 0 00 00 10 170 20 154 3 0000 4 0160 5 0000 6 000 0 7 00 0 0 8 0 0 0 0 333 20 153 59 021 6 000 0 7 0000 
04-FEB-2015 00 48034 3 1 9 48 0 00 00 10 065 20 050 3 0000 4 0000 5 0000 6 000 0 7 10 0 0 8 0 0 0 0 333 20 054 58 000 6 000 0 7 0000 
04-FEB-2015 00 48035 3 1 / 01 9 00 00 10 073 20 070 3 0000 4 0206 5 0000 6 000 0 7 47 4 4 8 0 0 0 0 333 20 066 59 024 6 000 0 7 0000 
04-FEB-2015 00 48037 3 2 0 10 3 00 00 10 168 20 135 3 0000 4 0177 5 0000 6 000 0 7 00 0 0 8 0 0 3 0 333 20 164 58 009 6 000 0 7 0000 
04-FEB-2015 00 48039 3 1 4 50 3 32 01 10 164 20 144 3 0000 4 0000 5 0000 6 000 0 7 10 1 1 8 3 4 0 0 333 20 162 58 000 6 000 0 7 0000 
04-FEB-2015 00 48042 3 2 5 56 2 00 00 10 165 20 123 3 0000 4 0195 5 0000 6 000 0 7 00 0 0 8 1 4 0 2 333 20 153 59 020 6 000 0 7 0000 
04-FEB-2015 00 48043 3 2 0 10 0 00 00 10 100 20 079 3 0000 4 0000 5 0000 6 000 0 7 00 0 0 8 0 0 0 0 333 20 060 58 000 6 000 0 7 0000 
04-FEB-2015 00 48048 3 2 9 40 0 00 00 10 150 20 111 3 0000 4 0163 5 0000 6 000 0 7 00 0 0 8 0 0 0 0 333 20 143 59 015 6 000 0 7 0000 
04-FEB-2015 00 48052 3 2 4 50 3 32 01 10 150 20 111 3 0000 4 0000 5 0000 6 000 0 7 00 0 0 8 3 8 0 0 333 20 100 58 000 6 000 0 7 0000 
04-FEB-2015 00 48053 3 2 9 50 2 00 00 10 160 20 144 3 0000 4 0166 5 0000 6 000 0 7 00 0 0 8 0 0 0 6 333 20 152 59 013 6 000 0 7 0000 
04-FEB-2015 00 48055 3 1 9 05 2 00 00 10 049 20 046 3 0000 4 0236 5 0000 6 000 0 7 40 4 4 8 0 0 0 1 333 20 040 59 000 6 000 0 7 0000 
04-FEB-2015 00 48057 3 1 9 39 2 18 01 10 098 20 079 3 0000 4 0000 5 0000 6 000 0 7 10 0 0 8 0 0 0 6 333 20 086 58 000 6 000 0 7 0000 
04-FEB-2015 00 48060 3 2 4 20 3 00 00 10 113 20 113 3 0000 4 0211 5 0000 6 000 0 7 00 0 0 8 1 1 3 2 333 20 107 59 004 6 000 0 7 0000 
04-FEB-2015 00 48062 3 1 5 40 7 00 00 10 150 20 130 3 0000 4 0167 5 0000 6 000 0 7 10 2 2 8 3 5 3 6 333 20 120 59 006 6 000 0 7 0000 
04-FEB-2015 00 48064 3 2 9 50 0 14 01 10 156 20 123 3 0000 4 0142 5 0000 6 000 0 7 00 0 0 8 0 0 0 0 333 20 120 59 014 6 000 0 7 0000 
04-FEB-2015 00 48065 3 2 9 50 1 00 00 10 150 20 134 3 0000 4 0000 5 0000 6 000 0 7 00 0 0 8 0 0 0 1 333 20 138 58 000 6 000 0 7 0000 
04-FEB-2015 00 48071 3 1 9 20 0 00 00 10 160 20 144 3 0000 4 0172 5 0000 6 000 0 7 42 4 4 8 0 0 0 0 333 20 140 59 005 6 000 0 7 0000 
04-FEB-2015 00 48074 3 2 9 50 0 00 00 10 160 20 123 3 0000 4 0176 5 0000 6 000 0 7 00 0 0 8 0 0 0 0 333 20 146 59 016 6 000 0 7 0000 
04-FEB-2015 00 48075 3 1 9 56 2 00 00 10 105 20 105 3 0000 4 0220 5 0000 6 000 0 7 10 2 2 8 0 0 0 5 333 20 095 59 011 6 000 0 7 0000 
04-FEB-2015 00 48077 3 1 9 56 3 00 00 10 184 20 147 3 0000 4 0154 5 0000 6 000 0 7 10 2 2 8 0 0 0 1 333 20 150 59 010 6 000 0 7 0000 
04-FEB-2015 00 48078 3 2 9 50 1 00 00 10 175 20 141 3 0000 4 0166 5 0000 6 000 0 7 00 0 0 8 0 0 0 1 333 20 160 59 016 6 000 0 7 0000 
04-FEB-2015 00 48080 3 1 4 50 2 00 00 10 113 20 091 3 0000 4 0166 5 0000 6 000 0 7 10 4 4 8 2 5 0 0 333 20 103 59 011 6 000 0 7 0000 
04-FEB-2015 00 48085 3 1 9 30 2 14 02 10 130 20 128 3 0000 4 0160 5 0000 6 000 0 7 42 4 4 8 0 0 0 6 333 20 128 58 010 6 000 0 7 0000 
04-FEB-2015 00 48092 3 1 5 30 3 13 01 10 180 20 165 3 0000 4 0135 5 0000 6 000 0 7 10 2 2 8 1 4 0 1 333 20 170 59 013 6 000 0 7 0000 
04-FEB-2015 00 48093 3 2 9 40 1 00 00 10 217 20 205 3 0000 4 0000 5 0000 6 000 0 7 00 0 0 8 0 0 0 1 333 20 214 58 000 6 000 0 7 0000 
04-FEB-2015 00 48094 3 2 4 56 4 00 00 10 205 20 190 3 0000 4 0153 5 0000 6 000 0 7 00 0 0 8 2 5 4 1 333 20 165 59 019 6 000 0 7 0000 
04-FEB-2015 00 48097 3 2 5 56 6 00 00 10 195 20 180 3 0000 4 0169 5 0000 6 000 0 7 03 2 2 8 3 5 0 6 333 20 190 58 007 6 000 0 7 0000 
04-FEB-2015 00 48099 3 1 3 30 3 00 00 10 210 20 135 3 0000 4 0146 5 0000 6 000 0 7 10 4 4 8 3 8 0 0 333 20 200 59 020 6 000 0 7 0000 
04-FEB-2015 00 48103 3 2 9 30 0 00 00 10 198 20 185 3 0000 4 0148 5 0000 6 000 0 7 00 0 0 8 0 0 0 0 333 20 190 59 022 6 000 0 7 0000 
04-FEB-2015 00 48107 3 1 9 30 0 09 01 10 193 20 175 3 0000 4 0140 5 0000 6 000 0 7 41 4 4 8 0 0 0 0 333 20 180 59 019 6 000 0 7 0000 
04-FEB-2015 00 48108 3 1 5 93 5 00 00 10 180 20 180 3 0000 4 0156 5 0000 6 000 0 7 42 4 4 8 1 4 0 7 333 20 164 59 015 6 000 0 7 0000 
04-FEB-2015 00 48109 3 2 4 96 2 04 02 10 243 20 226 3 0000 4 0159 5 0000 6 000 0 7 01 2 2 8 2 5 0 0 333 20 220 59 011 6 000 0 7 0000 
04-FEB-2015 00 48110 3 1 9 93 2 00 00 10 215 20 200 3 0000 4 0150 5 0000 6 000 0 7 05 1 1 8 0 0 0 5 333 20 215 59 012 6 000 0 7 0000 
04-FEB-2015 00 48112 3 2 5 97 8 04 01 10 235 20 209 3 0000 4 0148 5 0000 6 000 0 7 00 0 0 8 3 8 7 6 333 20 190 59 009 6 000 0 7 0000 
