040000 48008 31550 30000 10120 20102 40184 71044 82430 333 20112 56990 59014=
040000 48010 31020 00000 10140 20132 40179 74244 333 20130 59012=
040000 48018 32920 00000 10142 20124 40176 333 20130 59013=
040000 48019 32940 00000 10123 20120 40171 333 20120 59015=
040000 48025 31110 13201 10156 20144 40179 74044 81600 333 20148 56900 59016=
040000 48030 32950 02204 10038 29050 333 20028=
040000 48031 32956 01801 10118 29034 333 20100=
040000 48033 32960 00000 10170 20154 40160 333 20153 59021=
040000 48034 31948 00000 10065 20050 71000 333 20054=
040000 48035 31/01 90000 10073 20070 40206 74744 333 20066 59024=
040000 48037 32010 30000 10168 20135 40177 80030 333 20164 56060 58009=
040000 48039 31450 33201 10164 20144 71011 83400 333 20162 56900=
040000 48042 32556 20000 10165 20123 40195 81402 333 20153 56909 59020=
040000 48043 32010 00000 10100 20079 333 20060=
040000 48048 32940 00000 10150 20111 40163 333 20143 59015=
040000 48052 32450 33201 10150 20111 83800 333 20100 56900=
040000 48053 32950 20000 10160 20144 40166 80006 333 20152 56009 59013=
040000 48055 31905 20000 10049 20046 40236 74044 80001 333 20040 56009 59000=
040000 48057 31939 21801 10098 20079 71000 80006 333 20086 56009=
040000 48060 32420 30000 10113 20113 40211 81132 333 20107 56569 59004=
040000 48062 31540 70000 10150 20130 40167 71022 83536 333 20120 56999 59006=
040000 48064 32950 01401 10156 20123 40142 333 20120 59014=
040000 48065 32950 10000 10150 20134 80001 333 20138 56009=
040000 48071 31920 00000 10160 20144 40172 74244 333 20140 59005=
040000 48074 32950 00000 10160 20123 40176 333 20146 59016=
040000 48075 31956 20000 10105 20105 40220 71022 80005 333 20095 56009 59011=
040000 48077 31956 30000 10184 20147 40154 71022 80001 333 20150 56009 59010=
040000 48078 32950 10000 10175 20141 40166 80001 333 20160 56009 59016=
040000 48080 31450 20000 10113 20091 40166 71044 82500 333 20103 56900 59011=
040000 48085 31930 21402 10130 20128 40160 74244 80006 333 20128 56009 58010=
040000 48092 31530 31301 10180 20165 40135 71022 81401 333 20170 56909 59013=
040000 48093 32940 10000 10217 20205 80001 333 20214 56009=
040000 48094 32456 40000 10205 20190 40153 82541 333 20165 56999 59019=
040000 48097 32556 60000 10195 20180 40169 70322 83506 333 20190 56909 58007=
040000 48099 31330 30000 10210 20135 40146 71044 83800 333 20200 56900 59020=
040000 48103 32930 00000 10198 20185 40148 333 20190 59022=
040000 48107 31930 00901 10193 20175 40140 74144 333 20180 59019=
040000 48108 31593 50000 10180 20180 40156 74244 81407 333 20164 56909 59015=
040000 48109 32496 20402 10243 20226 40159 70122 82500 333 20220 56900 59011=
040000 48110 31993 20000 10215 20200 40150 70511 80005 333 20215 56009 59012=
040000 48112 32597 80401 10235 20209 40148 83876 333 20190 56199 59009=  
