48001 21440 80000 10195 20150 40097 75055 8672/ 333 10218 56519 59053=
48004 21110 80401 10207 20195 75065 8697/ 333 10274 56559=
48008 32550 60000 10242 20174 40091 83970 333 10292 56560 59037=
48010 21410 80000 10235 20235 40095 72165 8597/ 333 10298 56779 59036=
48018 32956 00000 10250 20186 40104 71044 333 10295 59038=
48019 32440 30000 10233 20198 40090 80030 333 10297 56060 59037=
48020 31220 40000 10250 20214 70511 84800 333 10315 56900=
48025 32458 22201 10288 20196 40081 82800 333 10310 56500 59046=
48030 32556 42207 10160 20106 84900 333 10220 56500=
48031 32256 43201 10175 20108 82840 333 10235 56490=
48033 32962 00000 10280 20233 40083 333 10322 59054=
48034 32457 10000 10202 20150 81500 333 10275 56500=
48035 32530 40000 10236 20165 40073 82860 333 10285 56690 59026=
48037 32915 00000 10294 20196 40079 333 10337 58020=
48039 32460 50000 10285 20203 82409 333 10332 56905=
48042 32557 40000 10302 20207 40090 84550 333 10335 56970 59022=
48043 32050 03203 10205 20160 333 10260=
48045 32557 21402 10198 20150 82500 333 10253 56500=
48048 32550 30401 10287 20215 40084 82800 333 10340 56900 59040=
48051 32558 30000 10273 20220 70311 83800 333 10321 56900=
48052 32460 30000 10338 20225 83800 333 10352 56900=
48053 32950 00000 10280 20203 40090 333 10335 59031=
48055 32556 30902 10232 20198 40081 82800 333 10297 56500 59025=
48057 32456 21401 10200 20130 82800 333 10255 56600=
48060 32420 23202 10240 20155 40089 70211 82800 333 10295 56500 59046=
48062 32550 42702 10270 20240 40106 70322 82532 333 10305 56699 59018=
48064 32950 01401 10280 20203 40074 333 10304 59024=
48065 32950 10000 10292 20196 80001 333 10352 56009=
48071 31956 03203 10270 20211 40110 70500 333 10300 59010=
48072 32956 03201 10265 20256 333 10330=
48074 32456 10000 10280 20220 40099 81400 333 10335 56900 59020=
48075 32456 20000 10240 20170 40093 82100 333 10300 56500 59028=
48077 32556 40000 10300 20185 40082 83801 333 10352 56909 59029=
48078 32550 20000 10282 20212 40097 81101 333 10334 56909 59021=
48080 32456 22202 10274 20240 40106 82300 333 10323 56900 59037=
48085 32456 23205 10270 20240 40100 80056 333 10300 56099 59022=
48087 32930 00401 10270 20240 333 10328=
48092 31550 10000 10280 20203 40081 70522 81400 333 10320 56900 59019=
48093 32630 21401 10282 20203 81101 333 10317 56909=
48094 32456 20402 10285 20260 40102 82500 333 10342 56900 59020=
48095 32956 00000 10290 20230 333 10345=
48097 32456 71401 10270 20191 40101 70222 85850 333 10333 56990 59029=
48099 31430 23201 10274 20211 40105 82566 333 10328 56900 59008=
48101 NIL=
48103 32950 00000 10268 20211 40097 333 10339 59027=
48107 32960 01301 10258 20179 40103 333 10332 59010=
48108 32596 53202 10265 20207 40108 82406 333 10335 56909 59011=
48109 32496 30000 10290 20248 40115 70322 84901 333 10324 56909 59008=
48110 21996 63204 10270 20211 40105 70522 80006 333 10320 56009 59010=
48112 32597 80402 10275 20230 40101 70222 83876 333 10312 56199 59015=  48001 21440 80000 10195 20150 40097 75055 8672/ 333 10218 56519 59053=
48004 21110 80401 10207 20195 75065 8697/ 333 10274 56559=
48008 32550 60000 10242 20174 40091 83970 333 10292 56560 59037=
48010 21410 80000 10235 20235 40095 72165 8597/ 333 10298 56779 59036=
48018 32956 00000 10250 20186 40104 71044 333 10295 59038=
48019 32440 30000 10233 20198 40090 80030 333 10297 56060 59037=
48020 31220 40000 10250 20214 70511 84800 333 10315 56900=
48025 32458 22201 10288 20196 40081 82800 333 10310 56500 59046=
48035 32530 40000 10236 20165 40073 82860 333 10285 56690 59026=
48037 32915 00000 10294 20196 40079 333 10337 58020=
48042 32557 40000 10302 20207 40090 84550 333 10335 56970 59022=
48045 32557 21402 10198 20150 82500 333 10253 56500=
48048 32550 30401 10287 20215 40084 82800 333 10340 56900 59040=
48051 32558 30000 10273 20220 70311 83800 333 10321 56900=
48053 32950 00000 10280 20203 40090 333 10335 59031=
48060 32420 23202 10240 20155 40089 70211 82800 333 10295 56500 59046=
48062 32550 42702 10270 20240 40106 70322 82532 333 10305 56699 59018=
48071 31956 03203 10270 20211 40110 70500 333 10300 59010=
48075 32456 20000 10240 20170 40093 82100 333 10300 56500 59028=
48077 32556 40000 10300 20185 40082 83801 333 10352 56909 59029=
48078 32550 20000 10282 20212 40097 81101 333 10334 56909 59021=
48080 32456 22202 10274 20240 40106 82300 333 10323 56900 59037=
48085 32456 23205 10270 20240 40100 80056 333 10300 56099 59022=
48095 32956 00000 10290 20230 333 10345=
48108 32596 53202 10265 20207 40108 82406 333 10335 56909 59011=
48109 32496 30000 10290 20248 40115 70322 84901 333 10324 56909 59008=
48110 21996 63204 10270 20211 40105 70522 80006 333 10320 56009 59010=
48112 32597 80402 10275 20230 40101 70222 83876 333 10312 56199 59015=
48030 32556 42207 10160 20106 84900 333 10220 56500=
48072 32956 03201 10265 20256 333 10330=
48087 32930 00401 10270 20240 333 10328=
48099 31430 23201 10274 20211 40105 82566 333 10328 56900 59008=
48101 NIL=
48103 32950 00000 10268 20211 40097 333 10339 59027=
48057 32456 21401 10200 20130 82800 333 10255 56600=
48094 32456 20402 10285 20260 40102 82500 333 10342 56900 59020=
48097 32456 71401 10270 20191 40101 70222 85850 333 10333 56990 59029=
48031 32256 43201 10175 20108 82840 333 10235 56490=
48033 32962 00000 10280 20233 40083 333 10322 59054=
48034 32457 10000 10202 20150 81500 333 10275 56500=
48039 32460 50000 10285 20203 82409 333 10332 56905=
48043 32051 03203 10205 20160 333 10260=
48052 32460 30000 10338 20225 83800 333 10352 56900=
48055 32556 30902 10232 20198 40081 82800 333 10297 56500 59025=
48064 32950 01401 10280 20203 40074 333 10304 59024=
48065 32950 10000 10292 20196 80001 333 10352 56009=
48074 32456 10000 10280 20220 40099 81400 333 10335 56900 59020=
48092 31550 10000 10280 20203 40081 70522 81400 333 10320 56900 59019=
48093 32630 21401 10282 20203 81101 333 10317 56909=
48107 32960 01301 10258 20179 40103 333 10332 59010=  