040000 48008 31550 50000 10146 20134 40142 71044 83970 333 20133 56560 59028=
040000 48010 32520 70000 10180 20172 40132 84770 333 20175 56550 59035=
040000 48018 32930 00000 10155 20142 40144 333 20150 59029=
040000 48019 32940 00000 10140 20140 40137 333 20138 59025=
040000 48025 31430 50000 10190 20175 40132 82840 333 20186 56550 59034=
040000 48030 31009 32201 10100 20100 74444 83300 333 20088 56500=
040000 48031 32250 53202 10142 20124 85800 333 20131 56400=
040000 48033 32960 03601 10180 20165 40136 333 20150 59024=
040000 48034 31948 00000 10108 20098 71000 333 20100=
040000 48035 31/01 90000 10121 20120 40147 74744 333 20115 59019=
040000 48037 32910 00000 10192 20175 40113 333 20190 59041=
040000 48039 31430 20000 10185 20165 71011 82400 333 20183 56900=
040000 48042 32956 00000 10198 20185 40125 333 20139 59028=
040000 48043 32050 00000 10125 20113 333 20086=
040000 48048 32550 00000 10184 20165 40129 333 20177 59026=
040000 48052 32458 20000 10192 20159 82200 333 20142 56900=
040000 48053 32950 00000 10190 20175 40122 333 20183 59024=
040000 48055 31403 10000 10098 20091 40172 74444 81500 333 20089 56500 59033=
040000 48057 31939 20000 10127 20113 71011 80006 333 20120 56009=
040000 48060 31910 00000 10125 20111 40163 74644 333 20115 59052=
040000 48062 31550 30000 10205 20200 40125 71022 82530 333 20150 56990 59018=
040000 48064 32950 00000 10196 20185 40096 333 20165 59029=
040000 48065 32950 00000 10192 20175 333 20180=
040000 48071 31940 00000 10240 20209 40126 71000 333 20225 59022=
040000 48074 32456 10000 10200 20185 40150 81400 333 20190 56900 59008=
040000 48075 31956 00000 10140 20140 40168 71022 333 20135 59026=
040000 48077 31956 10000 10204 20185 40113 71011 80001 333 20180 56009 59033=
040000 48078 32950 10000 10206 20190 40123 80001 333 20192 56009 59031=
040000 48085 31940 00000 10190 20188 40118 74244 333 20188 59029=
040000 48087 32420 20000 10178 20155 82700 333 20168 56900=
040000 48092 31950 00000 10195 20188 40106 70522 333 20185 59032=
040000 48093 32920 01401 10207 20175 333 20203=
040000 48094 31940 00000 10210 20200 40120 71000 333 20175 59030=
040000 48097 31456 22301 10200 20193 40123 71011 82500 333 20193 56900 59032=
040000 48099 31340 20000 10186 20175 40124 74044 82500 333 20176 56900 59035=
040000 48103 32440 10401 10170 20154 40122 81500 333 20153 56100 59022=
040000 48107 31930 00901 10160 20144 40123 74144 333 20145 59020=
040000 48108 31593 50000 10155 20147 40122 74244 82406 333 20138 56909 59017=
040000 48109 32496 40000 10217 20205 40123 84900 333 20200 56900 59018=
040000 48110 31993 41302 10190 20175 40124 74244 80006 333 20185 56009 59024=
040000 48112 32597 80402 10236 20209 40114 83876 333 20188 56199 59024=  
