04-JUN-2015 03 48001 3 2 4 40 6 00 00 10 275 20 233 3 0000 4 0077 5 0000 6 000 0 7 00 0 0 8 2 8 5 0 333 10 /// 59 004 6 000 0 7 0000 
04-JUN-2015 03 48004 3 1 9 56 3 04 01 10 300 20 239 3 0000 4 0000 5 0000 6 000 0 7 00 0 0 8 2 8 0 0 333 10 /// 58 000 6 000 0 7 0000 
04-JUN-2015 03 48008 3 2 4 57 7 00 00 10 295 20 239 3 0000 4 0079 5 0000 6 000 0 7 00 0 0 8 4 9 7 0 333 10 /// 58 002 6 000 0 7 0000 
04-JUN-2015 03 48010 3 2 5 57 3 00 00 10 300 20 253 3 0000 4 0084 5 0000 6 000 0 7 00 0 0 8 2 8 0 1 333 10 /// 58 017 6 000 0 7 0000 
04-JUN-2015 03 48018 2 1 5 58 8 32 01 10 265 20 242 3 0000 4 0086 5 0000 6 000 0 7 50 9 9 8 4 8 7 / 333 10 /// 58 015 6 000 0 7 0000 
04-JUN-2015 03 48019 3 2 4 57 8 00 00 10 272 20 252 3 0000 4 0084 5 0000 6 000 0 7 00 0 0 8 5 7 7 0 333 10 /// 58 002 6 000 0 7 0000 
04-JUN-2015 03 48020 3 2 4 58 2 36 03 10 320 20 248 3 0000 4 0000 5 0000 6 000 0 7 00 0 0 8 2 8 0 0 333 10 /// 58 000 6 000 0 7 0000 
04-JUN-2015 03 48025 2 2 3 20 5 04 01 10 310 20 254 3 0000 4 0066 5 0000 6 000 0 7 00 0 0 8 3 8 4 0 333 10 /// 58 005 6 000 0 7 0000 
04-JUN-2015 03 48030 2 2 2 56 5 22 02 10 184 20 165 3 0000 4 0000 5 0000 6 000 0 7 01 4 4 8 1 2 4 0 333 10 /// 58 000 6 000 0 7 0000 
04-JUN-2015 03 48031 2 1 2 58 7 04 01 10 230 20 150 3 0000 4 0000 5 0000 6 000 0 7 05 4 4 8 2 8 4 2 333 10 /// 58 000 6 000 0 7 0000 
04-JUN-2015 03 48033 3 2 9 62 1 18 01 10 320 20 248 3 0000 4 0075 5 0000 6 000 0 7 00 0 0 8 0 0 0 1 333 10 /// 58 022 6 000 0 7 0000 
04-JUN-2015 03 48034 2 2 4 56 3 32 02 10 266 20 226 3 0000 4 0000 5 0000 6 000 0 7 00 0 0 8 6 8 0 0 333 10 /// 58 000 6 000 0 7 0000 
04-JUN-2015 03 48035 3 1 4 40 8 22 05 10 241 20 209 3 0000 4 0090 5 0000 6 000 0 7 05 2 2 8 5 9 7 / 333 10 /// 58 021 6 000 0 7 0000 
04-JUN-2015 03 48037 3 2 6 58 4 18 01 10 317 20 248 3 0000 4 0071 5 0000 6 000 0 7 00 0 0 8 0 0 0 1 333 10 /// 59 004 6 000 0 7 0000 
04-JUN-2015 03 48039 3 2 4 60 4 00 00 10 321 20 248 3 0000 4 0000 5 0000 6 000 0 7 00 0 0 8 2 1 0 2 333 10 /// 58 000 6 000 0 7 0000 
04-JUN-2015 03 48042 3 2 5 58 2 18 01 10 330 20 258 3 0000 4 0071 5 0000 6 000 0 7 00 0 0 8 1 1 0 2 333 10 /// 58 000 6 000 0 7 0000 
04-JUN-2015 03 48043 3 2 0 58 0 32 05 10 280 20 203 3 0000 4 0000 5 0000 6 000 0 7 00 0 0 8 0 0 0 0 333 10 /// 58 000 6 000 0 7 0000 
04-JUN-2015 03 48045 2 2 5 60 5 14 03 10 263 20 180 3 0000 4 0000 5 0000 6 000 0 7 00 0 0 8 2 8 6 0 333 10 /// 58 000 6 000 0 7 0000 
04-JUN-2015 03 48048 3 2 5 60 2 22 01 10 325 20 248 3 0000 4 0074 5 0000 6 000 0 7 00 0 0 8 2 8 0 0 333 10 /// 58 007 6 000 0 7 0000 
04-JUN-2015 03 48051 3 2 5 59 3 32 02 10 303 20 260 3 0000 4 0000 5 0000 6 000 0 7 02 1 1 8 1 3 0 0 333 10 /// 58 000 6 000 0 7 0000 
04-JUN-2015 03 48052 3 2 4 58 3 13 01 10 340 20 257 3 0000 4 0000 5 0000 6 000 0 7 00 0 0 8 2 2 0 1 333 10 /// 58 000 6 000 0 7 0000 
04-JUN-2015 03 48053 2 2 9 56 3 18 02 10 300 20 253 3 0000 4 0077 5 0000 6 000 0 7 00 0 0 8 0 0 5 6 333 10 /// 58 001 6 000 0 7 0000 
04-JUN-2015 03 48055 3 2 5 56 2 00 00 10 272 20 219 3 0000 4 0069 5 0000 6 000 0 7 00 0 0 8 2 8 3 9 333 10 /// 59 001 6 000 0 7 0000 
04-JUN-2015 03 48057 2 2 4 58 4 22 01 10 240 20 191 3 0000 4 0000 5 0000 6 000 0 7 00 0 0 8 3 3 0 1 333 10 /// 58 000 6 000 0 7 0000 
04-JUN-2015 03 48060 3 2 4 30 5 00 00 10 295 20 211 3 0000 4 0079 5 0000 6 000 0 7 01 2 2 8 2 8 7 0 333 10 /// 58 022 6 000 0 7 0000 
04-JUN-2015 03 48062 3 1 5 57 5 13 02 10 320 20 280 3 0000 4 0087 5 0000 6 000 0 7 02 9 9 8 4 9 3 0 333 10 /// 58 009 6 000 0 7 0000 
04-JUN-2015 03 48064 3 2 4 60 6 00 00 10 320 20 265 3 0000 4 0067 5 0000 6 000 0 7 00 0 0 8 4 8 3 1 333 10 /// 59 016 6 000 0 7 0000 
04-JUN-2015 03 48065 3 2 4 68 4 00 00 10 322 20 265 3 0000 4 0000 5 0000 6 000 0 7 00 0 0 8 2 8 0 6 333 10 /// 58 000 6 000 0 7 0000 
04-JUN-2015 03 48071 3 2 4 58 6 23 01 10 320 20 281 3 0000 4 0089 5 0000 6 000 0 7 00 0 0 8 4 9 7 0 333 10 /// 58 005 6 000 0 7 0000 
04-JUN-2015 03 48072 2 2 4 60 4 13 02 10 310 20 282 3 0000 4 0000 5 0000 6 000 0 7 01 2 2 8 5 8 3 0 333 10 /// 58 000 6 000 0 7 0000 
04-JUN-2015 03 48074 3 2 4 59 6 04 04 10 300 20 253 3 0000 4 0090 5 0000 6 000 0 7 00 0 0 8 5 8 6 0 333 10 /// 59 005 6 000 0 7 0000 
04-JUN-2015 03 48075 2 2 4 57 7 22 01 10 260 20 220 3 0000 4 0107 5 0000 6 000 0 7 02 2 2 8 5 8 3 0 333 10 /// 58 006 6 000 0 7 0000 
04-JUN-2015 03 48077 3 2 5 59 6 23 01 10 280 20 250 3 0000 4 0084 5 0000 6 000 0 7 00 0 0 8 5 9 0 1 333 10 /// 58 014 6 000 0 7 0000 
04-JUN-2015 03 48078 3 2 5 56 4 18 01 10 303 20 260 3 0000 4 0095 5 0000 6 000 0 7 00 0 0 8 3 5 0 1 333 10 /// 58 005 6 000 0 7 0000 
04-JUN-2015 03 48080 2 2 4 60 6 04 02 10 301 20 253 3 0000 4 0095 5 0000 6 000 0 7 00 0 0 8 4 8 3 0 333 10 /// 59 006 6 000 0 7 0000 
04-JUN-2015 03 48085 3 1 4 58 6 22 03 10 310 20 267 3 0000 4 0085 5 0000 6 000 0 7 02 9 2 8 5 9 0 6 333 10 /// 58 000 6 000 0 7 0000 
04-JUN-2015 03 48087 3 2 4 56 8 23 02 10 280 20 268 3 0000 4 0000 5 0000 6 000 0 7 00 0 0 8 4 3 7 / 333 10 /// 58 000 6 000 0 7 0000 
04-JUN-2015 03 48092 2 2 4 57 5 23 01 10 290 20 259 3 0000 4 0076 5 0000 6 000 0 7 00 0 0 8 4 3 3 0 333 10 /// 58 002 6 000 0 7 0000 
04-JUN-2015 03 48093 2 1 5 58 6 28 01 10 300 20 266 3 0000 4 0000 5 0000 6 000 0 7 03 2 2 8 4 8 4 1 333 10 /// 58 000 6 000 0 7 0000 
04-JUN-2015 03 48094 2 2 4 59 6 22 02 10 295 20 270 3 0000 4 0090 5 0000 6 000 0 7 03 2 2 8 4 9 7 0 333 10 /// 58 004 6 000 0 7 0000 
04-JUN-2015 03 48095 2 2 5 60 3 00 00 10 295 20 274 3 0000 4 0000 5 0000 6 000 0 7 01 2 2 8 3 8 0 0 333 10 /// 58 000 6 000 0 7 0000 
04-JUN-2015 03 48096 2 2 4 58 5 23 03 10 310 20 254 3 0000 4 0096 5 0000 6 000 0 7 00 0 0 8 3 8 3 0 333 10 /// 59 004 6 000 0 7 0000 
04-JUN-2015 03 48097 2 2 5 57 7 23 01 10 300 20 253 3 0000 4 0106 5 0000 6 000 0 7 00 0 0 8 6 8 0 1 333 10 /// 58 002 6 000 0 7 0000 
04-JUN-2015 03 48099 2 2 4 50 5 13 02 10 295 20 266 3 0000 4 0095 5 0000 6 000 0 7 00 0 0 8 4 9 3 0 333 10 /// 59 003 6 000 0 7 0000 
04-JUN-2015 03 48101 2 2 5 59 4 00 00 10 302 20 253 3 0000 4 0000 5 0000 6 000 0 7 01 2 2 8 3 3 3 0 333 10 /// 58 000 6 000 0 7 0000 
04-JUN-2015 03 48103 3 2 4 50 5 22 01 10 303 20 253 3 0000 4 0092 5 0000 6 000 0 7 00 0 0 8 5 7 0 0 333 10 /// 59 007 6 000 0 7 0000 
04-JUN-2015 03 48107 3 2 3 50 2 32 01 10 306 20 254 3 0000 4 0093 5 0000 6 000 0 7 00 0 0 8 2 9 0 0 333 10 /// 59 008 6 000 0 7 0000 
04-JUN-2015 03 48108 2 2 5 96 5 05 01 10 290 20 230 3 0000 4 0103 5 0000 6 000 0 7 00 0 0 8 3 3 0 6 333 10 /// 59 003 6 000 0 7 0000 
04-JUN-2015 03 48109 3 2 4 97 6 23 01 10 298 20 266 3 0000 4 0097 5 0000 6 000 0 7 02 2 2 8 4 9 7 0 333 10 /// 59 005 6 000 0 7 0000 
04-JUN-2015 03 48110 2 1 5 96 5 00 00 10 310 20 254 3 0000 4 0098 5 0000 6 000 0 7 05 4 4 8 1 3 0 6 333 10 /// 59 007 6 000 0 7 0000 
04-JUN-2015 03 48112 3 2 5 98 6 04 01 10 312 20 267 3 0000 4 0093 5 0000 6 000 0 7 00 0 0 8 2 2 1 6 333 10 /// 59 010 6 000 0 7 0000 
