04-JUN-2015 18 48008 3 2 4 10 8 00 00 10 280 20 250 3 0000 4 0036 5 0000 6 000 0 7 00 0 0 8 4 9 7 / 333 10 /// 59 013 6 000 0 7 0000 
04-JUN-2015 18 48010 2 1 4 01 8 00 00 10 260 20 260 3 0000 4 0055 5 0000 6 000 0 7 17 9 6 8 5 9 7 / 333 10 /// 58 003 6 000 0 7 0000 
04-JUN-2015 18 48018 3 1 5 30 5 00 00 10 280 20 250 3 0000 4 0072 5 0000 6 000 0 7 13 1 1 8 3 8 7 0 333 10 /// 58 000 6 000 0 7 0000 
04-JUN-2015 18 48025 3 2 4 05 6 32 01 10 295 20 248 3 0000 4 0071 5 0000 6 000 0 7 00 0 0 8 4 9 7 0 333 10 /// 58 005 6 000 0 7 0000 
04-JUN-2015 18 48042 3 2 5 50 4 18 01 10 306 20 237 3 0000 4 0060 5 0000 6 000 0 7 00 0 0 8 3 9 5 0 333 10 /// 58 021 6 000 0 7 0000 
04-JUN-2015 18 48053 2 1 4 30 8 00 00 10 250 20 250 3 0000 4 0075 5 0000 6 000 0 7 95 9 6 8 5 9 7 / 333 10 /// 58 009 6 000 0 7 0000 
04-JUN-2015 18 48057 2 2 4 40 6 15 02 10 214 20 195 3 0000 4 0000 5 0000 6 000 0 7 00 0 0 8 4 3 5 0 333 10 /// 58 000 6 000 0 7 0000 
04-JUN-2015 18 48060 3 2 4 20 5 36 01 10 245 20 214 3 0000 4 0050 5 0000 6 000 0 7 00 0 0 8 2 1 7 0 333 10 /// 58 021 6 000 0 7 0000 
04-JUN-2015 18 48062 3 2 4 40 7 23 01 10 300 20 280 3 0000 4 0073 5 0000 6 000 0 7 00 0 0 8 5 9 7 0 333 10 /// 59 008 6 000 0 7 0000 
04-JUN-2015 18 48071 3 1 4 30 4 00 00 10 290 20 259 3 0000 4 0066 5 0000 6 000 0 7 17 9 2 8 4 9 0 0 333 10 /// 58 011 6 000 0 7 0000 
04-JUN-2015 18 48078 2 1 5 50 5 18 01 10 255 20 247 3 0000 4 0086 5 0000 6 000 0 7 01 6 5 8 3 5 3 1 333 10 /// 59 006 6 000 0 7 0000 
04-JUN-2015 18 48080 2 1 4 50 7 00 00 10 280 20 250 3 0000 4 0097 5 0000 6 000 0 7 01 9 6 8 4 9 7 0 333 10 /// 58 010 6 000 0 7 0000 
04-JUN-2015 18 48094 2 2 4 50 5 00 00 10 256 20 250 3 0000 4 0087 5 0000 6 000 0 7 00 0 0 8 4 9 7 0 333 10 /// 59 002 6 000 0 7 0000 
04-JUN-2015 18 48097 2 1 5 56 3 18 02 10 260 20 253 3 0000 4 0096 5 0000 6 000 0 7 02 6 6 8 3 5 0 0 333 10 /// 58 002 6 000 0 7 0000 
04-JUN-2015 18 48099 2 2 3 30 5 00 00 10 276 20 268 3 0000 4 0080 5 0000 6 000 0 7 00 0 0 8 3 5 3 0 333 10 /// 59 014 6 000 0 7 0000 
04-JUN-2015 18 48103 3 2 4 10 6 14 02 10 277 20 268 3 0000 4 0094 5 0000 6 000 0 7 00 0 0 8 6 8 0 0 333 10 /// 58 023 6 000 0 7 0000 
04-JUN-2015 18 48108 3 2 5 96 7 32 01 10 270 20 240 3 0000 4 0087 5 0000 6 000 0 7 00 0 0 8 3 3 5 6 333 10 /// 59 010 6 000 0 7 0000 
04-JUN-2015 18 48109 2 2 4 95 5 00 00 10 264 20 246 3 0000 4 0082 5 0000 6 000 0 7 00 0 0 8 5 9 0 0 333 10 /// 58 007 6 000 0 7 0000 
04-JUN-2015 18 48110 3 2 5 94 4 04 03 10 285 20 254 3 0000 4 0101 5 0000 6 000 0 7 00 0 0 8 1 3 5 6 333 10 /// 58 002 6 000 0 7 0000 
04-JUN-2015 18 48112 3 2 5 97 8 22 02 10 275 20 262 3 0000 4 0083 5 0000 6 000 0 7 00 0 0 8 3 8 7 6 333 10 /// 58 003 6 000 0 7 0000 
