04-JUL-2015 09 48004 3 1 1 10 8 04 01 10 283 20 262 3 0000 4 0000 5 0000 6 000 0 7 50 5 5 8 6 9 7 / 333 10 /// 58 000 6 000 0 7 0000 
04-JUL-2015 09 48008 3 1 4 56 8 00 00 10 273 20 270 3 0000 4 0009 5 0000 6 000 0 7 50 5 5 8 4 9 7 / 333 10 /// 59 008 6 000 0 7 0000 
04-JUL-2015 09 48010 3 2 5 60 6 36 01 10 330 20 275 3 0000 4 9990 5 0000 6 000 0 7 00 0 0 8 5 8 3 0 333 10 /// 59 015 6 000 0 7 0000 
04-JUL-2015 09 48018 3 2 5 60 5 22 01 10 355 20 240 3 0000 4 9994 5 0000 6 000 0 7 00 0 0 8 2 8 7 2 333 10 /// 59 020 6 000 0 7 0000 
04-JUL-2015 09 48019 3 2 4 60 4 00 00 10 328 20 275 3 0000 4 9998 5 0000 6 000 0 7 00 0 0 8 3 2 3 0 333 10 /// 59 011 6 000 0 7 0000 
04-JUL-2015 09 48020 3 2 4 56 5 36 02 10 375 20 268 3 0000 4 0000 5 0000 6 000 0 7 00 0 0 8 5 8 0 0 333 10 /// 58 000 6 000 0 7 0000 
04-JUL-2015 09 48025 3 2 4 56 6 22 01 10 370 20 258 3 0000 4 9984 5 0000 6 000 0 7 00 0 0 8 4 3 4 0 333 10 /// 59 020 6 000 0 7 0000 
04-JUL-2015 09 48030 2 2 2 56 7 22 02 10 234 20 181 3 0000 4 0000 5 0000 6 000 0 7 00 0 0 8 6 8 4 0 333 10 /// 58 000 6 000 0 7 0000 
04-JUL-2015 09 48031 3 2 2 56 7 36 01 10 225 20 203 3 0000 4 0000 5 0000 6 000 0 7 00 0 0 8 7 8 0 0 333 10 /// 58 000 6 000 0 7 0000 
04-JUL-2015 09 48033 3 2 5 63 5 18 01 10 350 20 297 3 0000 4 9998 5 0000 6 000 0 7 00 0 0 8 5 9 0 0 333 10 /// 59 020 6 000 0 7 0000 
04-JUL-2015 09 48034 2 2 4 56 8 23 01 10 245 20 214 3 0000 4 0000 5 0000 6 000 0 7 00 0 0 8 6 9 7 / 333 10 /// 58 000 6 000 0 7 0000 
04-JUL-2015 09 48035 3 2 5 60 5 22 04 10 311 20 203 3 0000 4 9970 5 0000 6 000 0 7 00 0 0 8 4 5 6 0 333 10 /// 59 032 6 000 0 7 0000 
04-JUL-2015 09 48037 3 2 5 65 5 14 02 10 380 20 255 3 0000 4 9999 5 0000 6 000 0 7 00 0 0 8 5 8 0 0 333 10 /// 58 006 6 000 0 7 0000 
04-JUL-2015 09 48039 3 2 4 60 3 32 01 10 355 20 245 3 0000 4 0000 5 0000 6 000 0 7 00 0 0 8 3 1 0 0 333 10 /// 58 000 6 000 0 7 0000 
04-JUL-2015 09 48042 3 2 5 60 2 18 05 10 375 20 250 3 0000 4 9987 5 0000 6 000 0 7 00 0 0 8 1 2 0 2 333 10 /// 59 016 6 000 0 7 0000 
04-JUL-2015 09 48043 3 2 5 67 3 18 05 10 285 20 230 3 0000 4 0000 5 0000 6 000 0 7 00 0 0 8 2 2 0 2 333 10 /// 58 000 6 000 0 7 0000 
04-JUL-2015 09 48045 3 2 5 57 7 14 02 10 271 20 211 3 0000 4 0000 5 0000 6 000 0 7 00 0 0 8 7 3 0 0 333 10 /// 58 000 6 000 0 7 0000 
04-JUL-2015 09 48048 3 2 5 60 6 22 03 10 380 20 221 3 0000 4 9988 5 0000 6 000 0 7 00 0 0 8 4 9 5 0 333 10 /// 59 024 6 000 0 7 0000 
04-JUL-2015 09 48051 3 2 5 59 7 13 01 10 302 20 270 3 0000 4 0000 5 0000 6 000 0 7 00 0 0 8 5 9 3 0 333 10 /// 58 000 6 000 0 7 0000 
04-JUL-2015 09 48052 3 2 4 68 4 22 02 10 388 20 233 3 0000 4 0000 5 0000 6 000 0 7 00 0 0 8 4 8 0 0 333 10 /// 58 000 6 000 0 7 0000 
04-JUL-2015 09 48053 3 2 4 56 6 18 03 10 350 20 254 3 0000 4 0004 5 0000 6 000 0 7 00 0 0 8 4 9 5 0 333 10 /// 59 017 6 000 0 7 0000 
04-JUL-2015 09 48055 3 2 5 57 5 23 05 10 323 20 215 3 0000 4 9975 5 0000 6 000 0 7 00 0 0 8 4 3 3 0 333 10 /// 59 026 6 000 0 7 0000 
04-JUL-2015 09 48057 3 2 4 58 8 22 02 10 264 20 203 3 0000 4 0000 5 0000 6 000 0 7 00 0 0 8 3 3 5 1 333 10 /// 58 000 6 000 0 7 0000 
04-JUL-2015 09 48060 3 2 3 56 3 22 03 10 330 20 191 3 0000 4 9987 5 0000 6 000 0 7 00 0 0 8 2 1 3 0 333 10 /// 59 019 6 000 0 7 0000 
04-JUL-2015 09 48062 2 1 4 56 8 23 02 10 275 20 270 3 0000 4 0020 5 0000 6 000 0 7 02 5 5 8 6 9 7 0 333 10 /// 59 027 6 000 0 7 0000 
04-JUL-2015 09 48064 3 2 5 60 7 00 00 10 336 20 270 3 0000 4 9986 5 0000 6 000 0 7 00 0 0 8 4 8 3 1 333 10 /// 59 032 6 000 0 7 0000 
04-JUL-2015 09 48065 2 2 4 56 8 00 00 10 325 20 265 3 0000 4 0000 5 0000 6 000 0 7 00 0 0 8 5 3 7 0 333 10 /// 58 000 6 000 0 7 0000 
04-JUL-2015 09 48071 2 2 4 58 8 23 02 10 270 20 256 3 0000 4 0030 5 0000 6 000 0 7 00 0 0 8 6 9 2 / 333 10 /// 59 026 6 000 0 7 0000 
04-JUL-2015 09 48072 2 1 4 60 8 27 04 10 290 20 248 3 0000 4 0000 5 0000 6 000 0 7 50 6 5 8 6 9 7 / 333 10 /// 58 000 6 000 0 7 0000 
04-JUL-2015 09 48074 3 2 4 60 5 04 02 10 330 20 275 3 0000 4 0030 5 0000 6 000 0 7 00 0 0 8 3 9 0 6 333 10 /// 59 024 6 000 0 7 0000 
04-JUL-2015 09 48077 2 1 5 59 8 23 01 10 290 20 259 3 0000 4 0030 5 0000 6 000 0 7 00 0 0 8 5 9 3 1 333 10 /// 59 004 6 000 0 7 0000 
04-JUL-2015 09 48078 2 1 5 59 6 18 01 10 308 20 261 3 0000 4 0034 5 0000 6 000 0 7 02 9 5 8 4 9 3 3 333 10 /// 59 015 6 000 0 7 0000 
04-JUL-2015 09 48080 2 1 4 58 8 22 01 10 270 20 250 3 0000 4 0037 5 0000 6 000 0 7 50 2 2 8 5 7 7 0 333 10 /// 59 027 6 000 0 7 0000 
04-JUL-2015 09 48085 2 1 3 56 8 23 07 10 260 20 260 3 0000 4 0044 5 0000 6 000 0 7 61 6 5 8 6 9 2 0 333 10 /// 59 016 6 000 0 7 0000 
04-JUL-2015 09 48087 2 2 4 56 8 23 02 10 290 20 259 3 0000 4 0000 5 0000 6 000 0 7 03 6 5 8 5 9 7 / 333 10 /// 58 000 6 000 0 7 0000 
04-JUL-2015 09 48092 2 1 4 57 8 23 03 10 260 20 253 3 0000 4 0031 5 0000 6 000 0 7 50 9 6 8 5 9 7 / 333 10 /// 59 010 6 000 0 7 0000 
04-JUL-2015 09 48093 2 1 4 50 8 23 02 10 282 20 250 3 0000 4 0000 5 0000 6 000 0 7 51 5 5 8 6 3 4 1 333 10 /// 58 000 6 000 0 7 0000 
04-JUL-2015 09 48094 2 1 4 59 6 22 01 10 292 20 272 3 0000 4 0040 5 0000 6 000 0 7 01 6 5 8 4 9 7 0 333 10 /// 59 024 6 000 0 7 0000 
04-JUL-2015 09 48095 2 1 4 58 8 22 02 10 270 20 270 3 0000 4 0000 5 0000 6 000 0 7 21 5 5 8 3 9 7 0 333 10 /// 58 000 6 000 0 7 0000 
04-JUL-2015 09 48097 2 1 5 57 8 27 02 10 265 20 251 3 0000 4 0065 5 0000 6 000 0 7 52 6 5 8 6 3 7 / 333 10 /// 59 010 6 000 0 7 0000 
04-JUL-2015 09 48099 2 1 3 30 8 23 02 10 248 20 248 3 0000 4 0056 5 0000 6 000 0 7 95 9 6 8 6 9 7 / 333 10 /// 59 009 6 000 0 7 0000 
04-JUL-2015 09 48101 2 1 5 57 8 23 01 10 262 20 262 3 0000 4 0000 5 0000 6 000 0 7 51 6 5 8 4 9 7 / 333 10 /// 58 000 6 000 0 7 0000 
04-JUL-2015 09 48103 2 2 4 56 7 22 03 10 298 20 266 3 0000 4 0052 5 0000 6 000 0 7 00 0 0 8 7 7 0 0 333 10 /// 59 012 6 000 0 7 0000 
04-JUL-2015 09 48107 2 1 3 50 8 23 01 10 278 20 250 3 0000 4 0071 5 0000 6 000 0 7 01 6 5 8 5 9 7 / 333 10 /// 59 006 6 000 0 7 0000 
04-JUL-2015 09 48108 2 1 5 95 8 23 02 10 290 20 259 3 0000 4 0077 5 0000 6 000 0 7 02 5 5 8 4 3 6 6 333 10 /// 59 010 6 000 0 7 0000 
04-JUL-2015 09 48110 3 2 5 96 8 27 04 10 320 20 248 3 0000 4 0077 5 0000 6 000 0 7 00 0 0 8 4 3 6 7 333 10 /// 59 011 6 000 0 7 0000 
