040000 48004 22460 40000 10266 20240 84900 333 20236 56500 60002=
040000 48008 32556 60000 10250 20233 40066 83970 333 20243 56450 58000=
040000 48010 32540 50000 10270 20240 40053 81431 333 20255 56566 58007=
040000 48018 21440 81401 10263 20246 40066 79595 8497/ 333 20256 56449 59005 69902=
040000 48019 32456 82301 10266 20246 40053 8597/ 333 20264 56569 58006=
040000 48025 21420 60000 10270 20256 40061 70355 85840 333 20264 56560 58020 60142=
040000 48030 21/03 92202 10165 20165 74344 89/// 333 20155 56999=
040000 48031 21256 70401 10200 20185 70544 85840 333 20180 56490 69902=
040000 48033 32960 21301 10290 20248 40066 80006 333 20270 56009 59006=
040000 48034 22456 40000 10215 20207 84500 333 20207 56500=
040000 48035 21540 50000 10231 20214 40071 71066 83960 333 20225 56590 59005 60022=
040000 48037 32556 31801 10288 20248 40048 80035 333 20282 56069 59006=
040000 48039 32456 40000 10288 20256 82402 333 20285 56707=
040000 48042 32558 41801 10292 20248 40052 81402 333 20266 56909 59005=
040000 48043 32030 40000 10215 20205 80002 333 20182 56009=
040000 48048 32550 22201 10292 20248 40057 82800 333 20286 56900 58002=
040000 48051 32558 30000 10261 20250 81531 333 20254 56899=
040000 48052 32456 30000 10298 20253 82201 333 20292 56909=
040000 48053 22456 41801 10260 20246 40074 82551 333 20250 56599 58015=
040000 48055 32556 60000 10197 20193 40089 83946 333 20195 56599 58003=
040000 48057 22456 50000 10196 20185 83301 333 20180 56409 60012=
040000 48060 32420 70000 10240 20218 40068 84870 333 20220 56590 59013=
040000 48064 32450 60000 10285 20274 40045 84831 333 20244 56449 58006=
040000 48065 32450 60000 10285 20268 82870 333 20254 56390=
040000 48071 32456 60000 10280 20250 40069 84970 333 20270 56990 59002=
040000 48074 32557 60000 10260 20246 40088 83550 333 20246 56220 58003=
040000 48075 21456 70000 10220 20220 40115 70255 85830 333 20200 56590 58027 60012=
040000 48080 22456 50401 10250 20233 40079 84830 333 20240 56590 59007=
040000 48085 32456 61401 10262 20260 40069 83936 333 20260 56999 59002=
040000 48087 32450 82301 10256 20246 70322 8497/ 333 20245 5699/=
040000 48092 21440 50000 10255 20248 40059 71011 83931 333 20240 56599 59005 60042=
040000 48093 21550 72301 10264 20259 70265 85370 333 20253 56590 60032=
040000 48094 22456 50000 10265 20260 40077 70222 83970 333 20215 56990 58004=
040000 48096 21440 50802 10250 20233 40082 71011 83850 333 20246 56990 59004=
040000 48097 22556 71301 10255 20248 40088 84539 333 20246 56999 58004=
040000 48099 22440 50000 10263 20263 40080 83930 333 20255 56990 59005=
040000 48101 21656 60000 10265 20265 70265 82135 333 20227 56999 60032=
040000 48103 32440 42201 10260 20246 40076 83730 333 20255 56550 59010 60002=
040000 48107 32340 40000 10250 20250 40083 84900 333 20242 56500 59013=
040000 48108 22596 60000 10240 20233 40085 83336 333 20220 56999 59003=
040000 48109 32496 60000 10270 20256 40085 70122 84930 333 20208 56990 58002=
040000 48110 21592 61302 10255 20247 40091 74244 81306 333 20250 56909 59004=
040000 48112 32598 60402 10270 20256 40083 70222 82246 333 20223 56199 59012=  
