040900 48004 31110 80401 10283 20262 75055 8697/ 333 56559=
040900 48008 31456 80000 10273 20270 40009 75055 8497/ 333 56459 59008=
040900 48010 32560 63601 10330 20275 49990 85830 333 56550 59015=
040900 48018 32560 52201 10355 20240 49994 82872 333 56554 59020=
040900 48019 32460 40000 10328 20275 49998 83230 333 56560 59011=
040900 48020 32456 53602 10375 20268 85800 333 56400=
040900 48025 32456 62201 10370 20258 49984 84340 333 56550 59020=
040900 48035 32560 52204 10311 20203 49970 84560 333 56490 59032=
040900 48037 32565 51402 10380 20255 49999 85800 333 56500 58006=
040900 48042 32560 21805 10375 20250 49987 81202 333 56409 59016=
040900 48045 32557 71402 10271 20211 87300 333 56500=
040900 48048 32560 62203 10380 20221 49988 84950 333 56440 59024=
040900 48051 32559 71301 10302 20270 85930 333 56490=
040900 48053 32456 61803 10350 20254 40004 84950 333 56599 59017=
040900 48060 32356 32203 10330 20191 49987 82130 333 56560 59019=
040900 48062 21456 82302 10275 20270 40020 70255 86970 333 56590 59027=
040900 48071 22458 82302 10270 20256 40030 8692/ 333 5659/ 59026=
040900 48077 21559 82301 10290 20259 40030 85931 333 56499 59004=
040900 48078 21559 61801 10308 20261 40034 70295 84933 333 56699 59015=
040900 48080 21458 82201 10270 20250 40037 75022 85770 333 56590 59027=
040900 48085 21356 82307 10260 20260 40044 76165 86920 333 56690 59016=
040900 48095 21458 82202 10270 20270 72155 83970 333 56990=
040900 48108 21595 82302 10290 20259 40077 70255 84366 333 56699 59010=
040900 48110 32596 82704 10320 20248 40077 84367 333 56599 59011=
040900 48030 22256 72202 10234 20181 86840 333 56560=
040900 48072 21460 82704 10290 20248 75065 8697/ 333 5699/=
040900 48087 22456 82302 10290 20259 70365 8597/ 333 5649/=
040900 48099 21330 82302 10248 20248 40056 79596 8697/ 333 5659/ 59009=
040900 48101 21557 82301 10262 20262 75165 8497/ 333 5699/=
040900 48103 22456 72203 10298 20266 40052 87700 333 56500 59012=
040900 48057 32458 82202 10264 20203 83351 333 56499=
040900 48094 21459 62201 10292 20272 40040 70165 84970 333 56590 59024=
040900 48097 21557 82702 10265 20251 40065 75265 8637/ 333 5699/ 59010=
040900 48031 32256 73601 10225 20203 87800 333 56400=
040900 48033 32563 51801 10350 20297 49998 85900 333 56500 59020=
040900 48034 22456 82301 10245 20214 8697/ 333 5659/=
040900 48039 32460 33201 10355 20245 83100 333 56500=
040900 48043 32567 31805 10285 20230 82202 333 56509=
040900 48052 32468 42202 10388 20233 84800 333 56900=
040900 48055 32557 52305 10323 20215 49975 84330 333 56550 59026=
040900 48064 32560 70000 10336 20270 49986 84831 333 56449 59032=
040900 48065 22456 80000 10325 20265 85370 333 56440=
040900 48074 32460 50402 10330 20275 40030 83906 333 56609 59024=
040900 48092 21457 82303 10260 20253 40031 75096 8597/ 333 5659/ 59010=
040900 48093 21450 82302 10282 20250 75155 86341 333 56599=
040900 48107 21350 82301 10278 20250 40071 70165 8597/ 333 5666/ 59006=  
