040600 48004 32560 41302 10286 20179 84300 333 56500=
040600 48008 31556 80000 10260 20179 40106 71044 8497/ 333 56569 58021=
040600 48010 32560 54304 10310 20146 40089 82131 333 56555 58008=
040600 48018 31560 62202 10310 20124 40103 70522 83870 333 56560 58009=
040600 48019 32458 62302 10303 20166 40073 83670 333 56560 59013=
040600 48020 32257 63602 10295 20223 86700 333 56500=
040600 48025 31440 73201 10260 20179 40112 70544 84840 333 56440 58025=
040600 48030 32256 52202 10190 20047 84850 333 56560=
040600 48031 31260 31401 10225 20065 70500 83800 333 56900=
040600 48033 32960 43601 10350 20158 40097 84800 333 56900 58009=
040600 48034 32457 43602 10267 20057 83830 333 56550=
040600 48035 31550 43203 10297 20069 40066 70500 83860 333 56590 58010=
040600 48037 31956 03601 10347 20113 40094 70544 333 58014=
040600 48039 32459 42202 10350 20143 82852 333 56555=
040600 48042 32557 21802 10355 20150 40085 81450 333 56990 58000=
040600 48043 32757 33206 10270 20085 83200 333 56600=
040600 48045 32562 41405 10261 20070 83340 333 56550=
040600 48048 32962 00401 10365 20177 40100 333 58004=
040600 48051 31559 23601 10331 20210 70311 82200 333 56900=
040600 48052 32970 02202 10360 20177 333=
040600 48053 31550 22202 10350 20143 40085 70511 81502 333 56509 58003=
040600 48055 31556 40403 10301 20137 40059 70500 84800 333 56500 58005=
040600 48057 32457 51401 10270 20133 85300 333 56300=
040600 48060 31450 12707 10320 20140 40076 70522 81100 333 56500 58006=
040600 48062 32558 22705 10310 20270 40120 70322 82500 333 56600 58002=
040600 48064 32970 03601 10365 20195 40079 333 58012=
040600 48065 32970 00000 10375 20190 333=
040600 48071 32960 03202 10298 20253 40125 333 58000=
040600 48072 32960 02704 10295 20266 70122 333=
040600 48074 32961 03603 10345 20184 40110 333 58012=
040600 48075 31457 31401 10325 20135 40068 70511 83500 333 56500 59088=
040600 48078 32957 11401 10344 20193 40114 80001 333 56009 59013=
040600 48080 32961 02202 10332 20234 40097 333 59003=
040600 48085 32958 03204 10300 20223 40115 333 58002=
040600 48087 32960 00000 10360 20177 333=
040600 48092 32958 01301 10340 20216 40089 333 58005=
040600 48093 32958 02301 10328 20224 333=
040600 48094 32960 03203 10340 20230 40116 333 58007=
040600 48095 32960 00401 10345 20184 333=
040600 48096 32958 13304 10340 20184 40110 70222 80010 333 56090 59001=
040600 48097 31457 41303 10355 20198 40108 70511 84400 333 56900 59007=
040600 48099 32557 22304 10348 20237 40105 81101 333 56509 59002=
040600 48101 32960 03202 10326 20201 333=
040600 48103 32557 12202 10338 20240 40113 81500 333 56500 58006=
040600 48107 32350 02301 10350 20202 40108 333 58009=  
040600 48108 32596 61406 10350 20215 40119 83806 333 56909 58016=
040600 48109 32997 00401 10320 20236 40132 333 58002=
040600 48110 31596 23204 10340 20257 40116 70511 81305 333 56909 59002=
