041800 48008 31510 80000 10200 20185 40105 72055 8497/ 333 56569 58047=
041800 48010 21003 00000 10170 20162 40115 70155 333 58045=
041800 48018 21420 52201 10250 20219 40087 72055 83870 333 56560 58005=
041800 48025 22905 02201 10210 20160 40133 333 58040=
041800 48042 21550 13601 10250 20167 40098 70166 81400 333 56900 58045=
041800 48053 32540 62205 10300 20124 40103 83550 333 56590 58040=
041800 48057 32958 01802 10190 20139 333=
041800 48060 32410 10000 10165 20140 40120 81100 333 56500 58016=
041800 48062 31930 00000 10245 20240 40123 70500 333 58017=
041800 48071 32430 23202 10260 20246 40111 82800 333 56900 58020=
041800 48080 31450 50000 10212 20175 40128 83870 333 56590 58017=
041800 48094 32950 00000 10250 20230 40117 333 58022=
041800 48097 32956 01802 10250 20219 40113 333 58014=
041800 48099 32430 32302 10250 20219 40103 82700 333 56900 58013=
041800 48103 32410 20401 10273 20226 40101 82500 333 56100 58021=  
041800 48108 31595 43201 10240 20209 40124 71011 82406 333 56909 58012=
041800 48109 32995 00000 10280 20233 40123 70222 333 58024=
041800 48110 31595 40000 10275 20245 40119 70522 81306 333 56909 58009=
041800 48112 32597 63202 10290 20248 40110 82246 333 56799 58004=
