040000 48008 31540 70000 10179 20155 40069 71044 83970 333 20168 56560 59016=
040000 48010 32520 31801 10220 20173 40070 81430 333 20195 56450 59022=
040000 48018 32556 62201 10220 20173 40069 83870 333 20190 56590 59015=
040000 48019 32950 00000 10195 20175 40071 333 20190 59011=
040000 48025 31410 12201 10210 20143 40076 70544 81500 333 20200 56900 59012=
040000 48030 31156 52205 10138 20056 70544 85800 333 20128 56500=
040000 48031 31256 23202 10150 20012 70511 82200 333 20140 56900=
040000 48033 32560 22301 10220 20185 40072 82500 333 20200 56600 59009=
040000 48034 32456 10000 10140 20115 81500 333 20130 56500=
040000 48035 31520 30000 10137 20124 40097 71000 83800 333 20130 56900 59027=
040000 48037 32920 00000 10217 20156 40066 333 20210 59017=
040000 48039 32450 20902 10224 20173 81450 333 20218 56550=
040000 48042 32556 11801 10233 20163 40071 81400 333 20222 56900 59016=
040000 48043 32920 00000 10160 20106 333 20120=
040000 48048 32940 01801 10216 20173 40073 333 20208 59012=
040000 48051 31910 90000 10196 20180 74144 333 20190=
040000 48052 32450 30000 10222 20173 83800 333 20212 56900=
040000 48053 32956 00000 10220 20173 40082 333 20211 59003=
040000 48055 32956 00000 10132 20127 40112 333 20125 59031=
040000 48057 32450 10000 10180 20165 81500 333 20170 56900=
040000 48060 31920 00000 10145 20118 40132 74044 333 20125 59010=
040000 48062 31902 00000 10215 20210 40093 74444 333 20182 59010=
040000 48064 32950 03201 10230 20181 40063 333 20190 59008=
040000 48065 32950 10000 10215 20175 80001 333 20205 56009=
040000 48071 32950 00000 10250 20233 40092 333 20195 59015=
040000 48074 32950 00000 10220 20185 40089 333 20206 59024=
040000 48075 31956 00000 10180 20170 40124 71022 333 20170 59037=
040000 48078 32950 10000 10220 20185 40093 80001 333 20205 56009 59024=
040000 48080 32956 00000 10194 20159 40101 333 20175 59016=
040000 48085 31950 00000 10214 20210 40088 74044 333 20212 59014=
040000 48092 31920 00000 10205 20190 40080 71011 333 20180 59001=
040000 48093 31920 00000 10225 20205 333 20224=
040000 48094 32950 00000 10235 20210 40087 333 20198 59023=
040000 48096 31950 01902 10220 20205 40094 71011 333 20210 59017=
040000 48097 31956 02101 10220 20205 40095 70500 333 20210 59019=
040000 48099 32440 63201 10258 20229 40092 84840 333 20242 56770 59011=
040000 48103 32530 12201 10258 20246 40092 81500 333 20225 56500 59012=
040000 48107 31930 00000 10230 20214 40103 74144 333 20218 59008=
040000 48108 31595 50000 10235 20228 40103 71022 82406 333 20220 56909 59018=
040000 48109 32996 00000 10223 20205 40105 333 20217 59014=
040000 48110 31592 40000 10250 20233 40107 74244 81306 333 20250 56909 59008=
040000 48112 32597 73201 10261 20203 40110 83876 333 20219 56799 59010=  
