040000 48008 32556 60401 10250 20186 40098 84850 333 20235 56180 58021=
040000 48010 32040 00000 10225 20185 40076 333 20220 59008=
040000 48018 32956 00000 10230 20181 40067 333 20205 59008=
040000 48019 32950 02302 10236 20198 40070 333 20233 59010=
040000 48025 32420 53201 10240 20191 40090 83840 333 20232 56690 58000=
040000 48030 31/03 92201 10094 20094 74344 333 20087=
040000 48031 31258 33201 10170 20117 70544 83800 333 20155 56400=
040000 48033 32960 03601 10250 20205 40089 333 20240 58012=
040000 48034 32956 00000 10153 20134 333 20145=
040000 48035 31920 00000 10192 20175 40103 71022 333 20180 59001=
040000 48037 32950 03601 10259 20160 40070 333 20245 59007=
040000 48039 32456 30401 10279 20226 83400 333 20274 56900=
040000 48042 32556 10000 10282 20220 40069 81400 333 20270 56900 58000=
040000 48043 32030 00000 10195 20168 333 20150=
040000 48048 32950 00000 10257 20203 40072 333 20250 59004=
040000 48051 32958 00000 10251 20230 333 20240=
040000 48052 32956 00000 10288 20215 333 20283=
040000 48053 32950 01805 10290 20248 40079 333 20278 58007=
040000 48055 31556 40000 10170 20165 40109 70511 81506 333 20159 56509 59004=
040000 48057 22956 20000 10180 20165 80006 333 20170 56009=
040000 48060 32930 10000 10210 20175 40091 80030 333 20186 56090 59023=
040000 48062 32450 30000 10260 20250 40090 82500 333 20250 56900 58007=
040000 48064 32920 00901 10300 20239 40048 333 20235 59016=
040000 48065 32950 00000 10298 20223 333 20270=
040000 48071 32450 23204 10290 20259 40086 82800 333 20285 56700 59010=
040000 48074 32458 40000 10286 20259 40092 82551 333 20271 56449 58003=
040000 48075 21456 40000 10215 20215 40120 70295 82830 333 20180 56590 59019 60012=
040000 48077 32556 20000 10280 20233 40069 81201 333 20265 56909 59008=
040000 48078 32550 21401 10290 20254 40086 81501 333 20275 56909 59005=
040000 48080 32456 60000 10251 20219 40098 83870 333 20230 56690 59004=
040000 48087 32950 10000 10260 20246 80001 333 20244 56009=
040000 48092 31930 20000 10260 20253 40071 71011 80001 333 20250 56009 59010=
040000 48093 32950 01401 10274 20256 333 20267=
040000 48094 32456 20000 10270 20260 40086 81501 333 20248 56909 59012=
040000 48097 31557 42402 10270 20256 40092 82501 333 20260 56909 58000=
040000 48099 32450 31301 10270 20240 40090 83800 333 20245 56900 59004=
040000 48101 32956 40000 10263 20263 80005 333 20224 56009=
040000 48103 32450 60401 10272 20240 40094 85830 333 20250 56110 59002=
040000 48107 32340 42701 10240 20233 40097 84900 333 20240 56600 58004=
040000 48108 32596 60000 10245 20236 40106 84306 333 20235 56909 58003=
040000 48110 31595 81302 10270 20256 40102 70522 81307 333 20265 56909 58002=
040000 48112 22597 80401 10270 20256 40096 83876 333 20205 56199 59010 60062=  
