04-MAR-2015 06 48004 3 2 5 60 4 13 02 10 286 20 179 3 0000 4 0000 5 0000 6 000 0 7 00 0 0 8 4 3 0 0 333 10 /// 58 000 6 000 0 7 0000 
04-MAR-2015 06 48008 3 1 5 56 8 00 00 10 260 20 179 3 0000 4 0106 5 0000 6 000 0 7 10 4 4 8 4 9 7 / 333 10 /// 58 021 6 000 0 7 0000 
04-MAR-2015 06 48010 3 2 5 60 5 43 04 10 310 20 146 3 0000 4 0089 5 0000 6 000 0 7 00 0 0 8 2 1 3 1 333 10 /// 58 008 6 000 0 7 0000 
04-MAR-2015 06 48018 3 1 5 60 6 22 02 10 310 20 124 3 0000 4 0103 5 0000 6 000 0 7 05 2 2 8 3 8 7 0 333 10 /// 58 009 6 000 0 7 0000 
04-MAR-2015 06 48019 3 2 4 58 6 23 02 10 303 20 166 3 0000 4 0073 5 0000 6 000 0 7 00 0 0 8 3 6 7 0 333 10 /// 59 013 6 000 0 7 0000 
04-MAR-2015 06 48020 3 2 2 57 6 36 02 10 295 20 223 3 0000 4 0000 5 0000 6 000 0 7 00 0 0 8 6 7 0 0 333 10 /// 58 000 6 000 0 7 0000 
04-MAR-2015 06 48025 3 1 4 40 7 32 01 10 260 20 179 3 0000 4 0112 5 0000 6 000 0 7 05 4 4 8 4 8 4 0 333 10 /// 58 025 6 000 0 7 0000 
04-MAR-2015 06 48030 3 2 2 56 5 22 02 10 190 20 047 3 0000 4 0000 5 0000 6 000 0 7 00 0 0 8 4 8 5 0 333 10 /// 58 000 6 000 0 7 0000 
04-MAR-2015 06 48031 3 1 2 60 3 14 01 10 225 20 065 3 0000 4 0000 5 0000 6 000 0 7 05 0 0 8 3 8 0 0 333 10 /// 58 000 6 000 0 7 0000 
04-MAR-2015 06 48033 3 2 9 60 4 36 01 10 350 20 158 3 0000 4 0097 5 0000 6 000 0 7 00 0 0 8 4 8 0 0 333 10 /// 58 009 6 000 0 7 0000 
04-MAR-2015 06 48034 3 2 4 57 4 36 02 10 267 20 057 3 0000 4 0000 5 0000 6 000 0 7 00 0 0 8 3 8 3 0 333 10 /// 58 000 6 000 0 7 0000 
04-MAR-2015 06 48035 3 1 5 50 4 32 03 10 297 20 069 3 0000 4 0066 5 0000 6 000 0 7 05 0 0 8 3 8 6 0 333 10 /// 58 010 6 000 0 7 0000 
04-MAR-2015 06 48037 3 1 9 56 0 36 01 10 347 20 113 3 0000 4 0094 5 0000 6 000 0 7 05 4 4 8 0 0 0 0 333 10 /// 58 014 6 000 0 7 0000 
04-MAR-2015 06 48039 3 2 4 59 4 22 02 10 350 20 143 3 0000 4 0000 5 0000 6 000 0 7 00 0 0 8 2 8 5 2 333 10 /// 58 000 6 000 0 7 0000 
04-MAR-2015 06 48042 3 2 5 57 2 18 02 10 355 20 150 3 0000 4 0085 5 0000 6 000 0 7 00 0 0 8 1 4 5 0 333 10 /// 58 000 6 000 0 7 0000 
04-MAR-2015 06 48043 3 2 7 57 3 32 06 10 270 20 085 3 0000 4 0000 5 0000 6 000 0 7 00 0 0 8 3 2 0 0 333 10 /// 58 000 6 000 0 7 0000 
04-MAR-2015 06 48045 3 2 5 62 4 14 05 10 261 20 070 3 0000 4 0000 5 0000 6 000 0 7 00 0 0 8 3 3 4 0 333 10 /// 58 000 6 000 0 7 0000 
04-MAR-2015 06 48048 3 2 9 62 0 04 01 10 365 20 177 3 0000 4 0100 5 0000 6 000 0 7 00 0 0 8 0 0 0 0 333 10 /// 58 004 6 000 0 7 0000 
04-MAR-2015 06 48051 3 1 5 59 2 36 01 10 331 20 210 3 0000 4 0000 5 0000 6 000 0 7 03 1 1 8 2 2 0 0 333 10 /// 58 000 6 000 0 7 0000 
04-MAR-2015 06 48052 3 2 9 70 0 22 02 10 360 20 177 3 0000 4 0000 5 0000 6 000 0 7 00 0 0 8 0 0 0 0 333 10 /// 58 000 6 000 0 7 0000 
04-MAR-2015 06 48053 3 1 5 50 2 22 02 10 350 20 143 3 0000 4 0085 5 0000 6 000 0 7 05 1 1 8 1 5 0 2 333 10 /// 58 003 6 000 0 7 0000 
04-MAR-2015 06 48055 3 1 5 56 4 04 03 10 301 20 137 3 0000 4 0059 5 0000 6 000 0 7 05 0 0 8 4 8 0 0 333 10 /// 58 005 6 000 0 7 0000 
04-MAR-2015 06 48057 3 2 4 57 5 14 01 10 270 20 133 3 0000 4 0000 5 0000 6 000 0 7 00 0 0 8 5 3 0 0 333 10 /// 58 000 6 000 0 7 0000 
04-MAR-2015 06 48060 3 1 4 50 1 27 07 10 320 20 140 3 0000 4 0076 5 0000 6 000 0 7 05 2 2 8 1 1 0 0 333 10 /// 58 006 6 000 0 7 0000 
04-MAR-2015 06 48062 3 2 5 58 2 27 05 10 310 20 270 3 0000 4 0120 5 0000 6 000 0 7 03 2 2 8 2 5 0 0 333 10 /// 58 002 6 000 0 7 0000 
04-MAR-2015 06 48064 3 2 9 70 0 36 01 10 365 20 195 3 0000 4 0079 5 0000 6 000 0 7 00 0 0 8 0 0 0 0 333 10 /// 58 012 6 000 0 7 0000 
04-MAR-2015 06 48065 3 2 9 70 0 00 00 10 375 20 190 3 0000 4 0000 5 0000 6 000 0 7 00 0 0 8 0 0 0 0 333 10 /// 58 000 6 000 0 7 0000 
04-MAR-2015 06 48071 3 2 9 60 0 32 02 10 298 20 253 3 0000 4 0125 5 0000 6 000 0 7 00 0 0 8 0 0 0 0 333 10 /// 58 000 6 000 0 7 0000 
04-MAR-2015 06 48072 3 2 9 60 0 27 04 10 295 20 266 3 0000 4 0000 5 0000 6 000 0 7 01 2 2 8 0 0 0 0 333 10 /// 58 000 6 000 0 7 0000 
04-MAR-2015 06 48074 3 2 9 61 0 36 03 10 345 20 184 3 0000 4 0110 5 0000 6 000 0 7 00 0 0 8 0 0 0 0 333 10 /// 58 012 6 000 0 7 0000 
04-MAR-2015 06 48075 3 1 4 57 3 14 01 10 325 20 135 3 0000 4 0068 5 0000 6 000 0 7 05 1 1 8 3 5 0 0 333 10 /// 59 088 6 000 0 7 0000 
04-MAR-2015 06 48078 3 2 9 57 1 14 01 10 344 20 193 3 0000 4 0114 5 0000 6 000 0 7 00 0 0 8 0 0 0 1 333 10 /// 59 013 6 000 0 7 0000 
04-MAR-2015 06 48080 3 2 9 61 0 22 02 10 332 20 234 3 0000 4 0097 5 0000 6 000 0 7 00 0 0 8 0 0 0 0 333 10 /// 59 003 6 000 0 7 0000 
04-MAR-2015 06 48085 3 2 9 58 0 32 04 10 300 20 223 3 0000 4 0115 5 0000 6 000 0 7 00 0 0 8 0 0 0 0 333 10 /// 58 002 6 000 0 7 0000 
04-MAR-2015 06 48087 3 2 9 60 0 00 00 10 360 20 177 3 0000 4 0000 5 0000 6 000 0 7 00 0 0 8 0 0 0 0 333 10 /// 58 000 6 000 0 7 0000 
04-MAR-2015 06 48092 3 2 9 58 0 13 01 10 340 20 216 3 0000 4 0089 5 0000 6 000 0 7 00 0 0 8 0 0 0 0 333 10 /// 58 005 6 000 0 7 0000 
04-MAR-2015 06 48093 3 2 9 58 0 23 01 10 328 20 224 3 0000 4 0000 5 0000 6 000 0 7 00 0 0 8 0 0 0 0 333 10 /// 58 000 6 000 0 7 0000 
04-MAR-2015 06 48094 3 2 9 60 0 32 03 10 340 20 230 3 0000 4 0116 5 0000 6 000 0 7 00 0 0 8 0 0 0 0 333 10 /// 58 007 6 000 0 7 0000 
04-MAR-2015 06 48095 3 2 9 60 0 04 01 10 345 20 184 3 0000 4 0000 5 0000 6 000 0 7 00 0 0 8 0 0 0 0 333 10 /// 58 000 6 000 0 7 0000 
04-MAR-2015 06 48096 3 2 9 58 1 33 04 10 340 20 184 3 0000 4 0110 5 0000 6 000 0 7 02 2 2 8 0 0 1 0 333 10 /// 59 001 6 000 0 7 0000 
04-MAR-2015 06 48097 3 1 4 57 4 13 03 10 355 20 198 3 0000 4 0108 5 0000 6 000 0 7 05 1 1 8 4 4 0 0 333 10 /// 59 007 6 000 0 7 0000 
04-MAR-2015 06 48099 3 2 5 57 2 23 04 10 348 20 237 3 0000 4 0105 5 0000 6 000 0 7 00 0 0 8 1 1 0 1 333 10 /// 59 002 6 000 0 7 0000 
04-MAR-2015 06 48101 3 2 9 60 0 32 02 10 326 20 201 3 0000 4 0000 5 0000 6 000 0 7 00 0 0 8 0 0 0 0 333 10 /// 58 000 6 000 0 7 0000 
04-MAR-2015 06 48103 3 2 5 57 1 22 02 10 338 20 240 3 0000 4 0113 5 0000 6 000 0 7 00 0 0 8 1 5 0 0 333 10 /// 58 006 6 000 0 7 0000 
04-MAR-2015 06 48107 3 2 3 50 0 23 01 10 350 20 202 3 0000 4 0108 5 0000 6 000 0 7 00 0 0 8 0 0 0 0 333 10 /// 58 009 6 000 0 7 0000 
04-MAR-2015 06 48108 3 2 5 96 6 14 06 10 350 20 215 3 0000 4 0119 5 0000 6 000 0 7 00 0 0 8 3 8 0 6 333 10 /// 58 016 6 000 0 7 0000 
04-MAR-2015 06 48109 3 2 9 97 0 04 01 10 320 20 236 3 0000 4 0132 5 0000 6 000 0 7 00 0 0 8 0 0 0 0 333 10 /// 58 002 6 000 0 7 0000 
04-MAR-2015 06 48110 3 1 5 96 2 32 04 10 340 20 257 3 0000 4 0116 5 0000 6 000 0 7 05 1 1 8 1 3 0 5 333 10 /// 59 002 6 000 0 7 0000 
