04-NOV-2015 06 48001 2 1 4 30 8 04 01 10 230 20 225 3 0000 4 0142 5 0000 6 000 0 7 50 5 5 8 4 7 7 / 333 10 /// 59 012 6 000 0 7 0000 
04-NOV-2015 06 48004 3 2 5 62 4 04 01 10 262 20 215 3 0000 4 0000 5 0000 6 000 0 7 00 0 0 8 4 9 0 0 333 10 /// 58 000 6 000 0 7 0000 
04-NOV-2015 06 48008 3 2 5 56 3 04 01 10 280 20 203 3 0000 4 0143 5 0000 6 000 0 7 00 0 0 8 2 2 3 0 333 10 /// 59 005 6 000 0 7 0000 
04-NOV-2015 06 48010 3 2 5 60 6 18 01 10 285 20 203 3 0000 4 0146 5 0000 6 000 0 7 00 0 0 8 6 8 0 0 333 10 /// 59 011 6 000 0 7 0000 
04-NOV-2015 06 48018 3 2 5 60 2 09 01 10 295 20 230 3 0000 4 0148 5 0000 6 000 0 7 00 0 0 8 2 4 0 0 333 10 /// 59 011 6 000 0 7 0000 
04-NOV-2015 06 48019 3 2 4 62 1 23 03 10 313 20 189 3 0000 4 0132 5 0000 6 000 0 7 00 0 0 8 1 2 0 0 333 10 /// 59 009 6 000 0 7 0000 
04-NOV-2015 06 48020 3 2 4 60 2 04 03 10 290 20 230 3 0000 4 0000 5 0000 6 000 0 7 00 0 0 8 2 8 0 0 333 10 /// 58 000 6 000 0 7 0000 
04-NOV-2015 06 48025 3 2 4 56 4 32 01 10 280 20 220 3 0000 4 0149 5 0000 6 000 0 7 00 0 0 8 4 8 0 0 333 10 /// 59 010 6 000 0 7 0000 
04-NOV-2015 06 48030 3 2 2 56 5 22 02 10 196 20 109 3 0000 4 0000 5 0000 6 000 0 7 00 0 0 8 4 9 4 0 333 10 /// 58 000 6 000 0 7 0000 
04-NOV-2015 06 48031 3 2 2 60 2 36 01 10 205 20 168 3 0000 4 0000 5 0000 6 000 0 7 00 0 0 8 2 8 0 0 333 10 /// 58 000 6 000 0 7 0000 
04-NOV-2015 06 48033 3 2 5 63 2 36 01 10 290 20 230 3 0000 4 0124 5 0000 6 000 0 7 00 0 0 8 2 5 0 0 333 10 /// 59 024 6 000 0 7 0000 
04-NOV-2015 06 48034 3 2 4 57 4 18 03 10 252 20 167 3 0000 4 0000 5 0000 6 000 0 7 00 0 0 8 4 8 0 0 333 10 /// 58 000 6 000 0 7 0000 
04-NOV-2015 06 48035 3 2 5 60 4 32 04 10 262 20 179 3 0000 4 0116 5 0000 6 000 0 7 00 0 0 8 3 8 6 0 333 10 /// 59 015 6 000 0 7 0000 
04-NOV-2015 06 48037 3 2 4 58 5 36 01 10 290 20 230 3 0000 4 0144 5 0000 6 000 0 7 00 0 0 8 3 1 3 0 333 10 /// 59 001 6 000 0 7 0000 
04-NOV-2015 06 48039 3 2 4 60 5 00 00 10 300 20 223 3 0000 4 0000 5 0000 6 000 0 7 00 0 0 8 2 1 5 0 333 10 /// 58 000 6 000 0 7 0000 
04-NOV-2015 06 48042 3 2 5 58 4 32 02 10 310 20 225 3 0000 4 0125 5 0000 6 000 0 7 00 0 0 8 2 2 5 0 333 10 /// 59 014 6 000 0 7 0000 
04-NOV-2015 06 48043 3 2 6 56 5 05 03 10 220 20 185 3 0000 4 0000 5 0000 6 000 0 7 00 0 0 8 3 2 3 0 333 10 /// 58 000 6 000 0 7 0000 
04-NOV-2015 06 48045 3 2 5 56 7 14 04 10 191 20 175 3 0000 4 0000 5 0000 6 000 0 7 00 0 0 8 7 3 0 0 333 10 /// 58 000 6 000 0 7 0000 
04-NOV-2015 06 48048 3 2 5 62 2 04 01 10 296 20 223 3 0000 4 0140 5 0000 6 000 0 7 00 0 0 8 2 8 0 0 333 10 /// 59 009 6 000 0 7 0000 
04-NOV-2015 06 48052 3 2 9 58 1 36 01 10 325 20 242 3 0000 4 0000 5 0000 6 000 0 7 01 1 1 8 0 0 0 1 333 10 /// 58 000 6 000 0 7 0000 
04-NOV-2015 06 48053 3 2 4 56 4 36 02 10 310 20 225 3 0000 4 0133 5 0000 6 000 0 7 00 0 0 8 1 5 5 6 333 10 /// 59 015 6 000 0 7 0000 
04-NOV-2015 06 48055 3 2 4 56 7 04 01 10 210 20 185 3 0000 4 0147 5 0000 6 000 0 7 02 4 4 8 5 9 7 0 333 10 /// 58 009 6 000 0 7 0000 
04-NOV-2015 06 48057 3 2 4 58 5 22 02 10 220 20 173 3 0000 4 0000 5 0000 6 000 0 7 00 0 0 8 5 3 0 0 333 10 /// 58 000 6 000 0 7 0000 
04-NOV-2015 06 48060 3 2 3 40 6 00 00 10 258 20 179 3 0000 4 0106 5 0000 6 000 0 7 00 0 0 8 6 3 0 0 333 10 /// 59 033 6 000 0 7 0000 
04-NOV-2015 06 48064 3 2 5 57 4 14 01 10 295 20 253 3 0000 4 0111 5 0000 6 000 0 7 01 2 2 8 3 8 3 0 333 10 /// 59 022 6 000 0 7 0000 
04-NOV-2015 06 48065 3 2 5 60 2 04 01 10 310 20 237 3 0000 4 0000 5 0000 6 000 0 7 01 2 2 8 2 5 0 0 333 10 /// 58 000 6 000 0 7 0000 
04-NOV-2015 06 48074 3 2 4 60 1 14 03 10 300 20 223 3 0000 4 0135 5 0000 6 000 0 7 00 0 0 8 1 1 0 0 333 10 /// 59 029 6 000 0 7 0000 
