



*-*-*


<!--
.style2 {
	font-family:"Courier New", Courier, monospace;
	font-size: 14px;
}
-->






SMBM01 VBRR 040600

AAXX 04064

48001 21430 80401 10230 20225 40142 75055 8477/ 333

56549 59012=

48004 32562 40401 10262 20215 84900 333 56500=

48008 32556 30401 10280 20203 40143 82230 333 56190

59005=

48010 32560 61801 10285 20203 40146 86800 333 56600

59011=

48018 32560 20901 10295 20230 40148 82400 333 56500

59011=

48019 32462 12303 10313 20189 40132 81200 333 56400

59009=

48020 32460 20403 10290 20230 82800 333 56500=

48025 32456 43201 10280 20220 40149 84800 333 56600

59010=

48035 32560 43204 10262 20179 40116 83860 333 56990

59015=

48037 32458 53601 10290 20230 40144 83130 333 56660

59001=

48042 32558 43202 10310 20225 40125 82250 333 56390

59014=

48045 32556 71404 10191 20175 87300 333 56300=

48048 32562 20401 10296 20223 40140 82800 333 56900

59009=

48051 NIL=

48053 32456 43602 10310 20225 40133 81556 333 56899

59015=

48060 32340 60000 10258 20179 40106 86300 333 56400

59033=

48062 NIL=

48071 NIL=

48075 NIL=

48077 NIL=

48078 NIL=

48080 NIL=

48085 NIL=

48095 NIL=

48108 NIL=

48109 NIL=

48110 NIL=

48112 NIL=

48030 32256 52202 10196 20109 84940 333 56560=

48072 NIL=

48087 NIL=

48099 NIL=

48101 NIL=

48103 NIL=

48057 32458 52202 10220 20173 85300 333 56400=

48094 NIL=

48097 NIL=

48031 32260 23601 10205 20168 82800 333 56900=

48033 32563 23601 10290 20230 40124 82500 333 56800

59024=

48034 32457 41803 10252 20167 84800 333 56500=

48039 32460 50000 10300 20223 82150 333 56550=

48043 32656 50503 10220 20185 83230 333 56190=

48052 32958 13601 10325 20242 70111 80001 333 56009=

48055 32456 70401 10210 20185 40147 70244 85970 333

56390 58009=

48064 32557 41401 10295 20253 40111 70122 83830 333

56660 59022=

48065 32560 20401 10310 20237 70122 82500 333 56900=

48074 32460 11403 10300 20223 40135 81100 333 56900

59029=

48092 NIL=

48093 NIL=

48107 NIL=

48096 NIL=  





