040000 48008 32450 70000 10250 20248 40106 84970 333 20240 56450 58015 60002=
040000 48010 22540 60000 10250 20242 40104 83730 333 20244 56550 58017 60042=
040000 48018 22556 10000 10245 20233 40115 81400 333 20240 56900 58025 60002=
040000 48019 32556 20000 10250 20233 40116 82200 333 20256 56500 58033 60002=
040000 48025 21008 62702 10250 20233 40110 74744 85640 333 20244 56690 58024 69902=
040000 48035 31/01 90000 10219 20205 40109 74744 333 20210 58014 60002=
040000 48037 32556 60000 10269 20256 40108 83871 333 20265 56229 58008 60002=
040000 48042 32556 70000 10275 20262 40100 84850 333 20260 56340 58016 60002=
040000 48048 21550 81801 10254 20233 40101 75055 8697/ 333 20247 5649/ 58015 69902=
040000 48053 22450 70901 10250 20250 40104 83550 333 20244 56490 58009 60002=
040000 48060 32420 80000 10218 20205 40120 8587/ 333 20204 5659/ 58025 60002=
040000 48030 21/05 92201 10156 20156 74395 89/// 333 20149 56999 60022=
040000 48031 22258 60000 10180 20165 84840 333 20160 56490 60002=
040000 48033 32560 41801 10262 20246 40106 84500 333 20250 56400 58013=
040000 48034 22456 10000 10180 20172 81500 333 20175 56500 60002=
040000 48039 31456 70000 10272 20255 71022 85960 333 20270 56440 60002=
040000 48043 22520 80000 10210 20210 8587/ 333 20170 56999 60032=
040000 48052 22450 80000 10240 20240 85970 333 20233 56990 60152=
040000 48055 22456 50000 10202 20195 40107 83930 333 20196 56330 59004 60012=
040000 48064 21450 80401 10252 20250 40092 79599 84920 333 20210 56440 58007 60292=
040000 48065 21450 80000 10252 20250 79665 8697/ 333 20217 5699/ 60212=
040000 48074 32356 80000 10260 20246 40103 8477/ 333 20255 56499 58008 60002=  
