040300 48001 21330 80000 10244 20242 40108 72166 8477/ 333 56629 58018=
040300 48004 21240 70901 10250 20250 75065 87900 333 56500=
040300 48008 21456 80000 10270 20256 40107 70255 8497/ 333 56459 58023=
040300 48010 22440 80000 10250 20250 40099 8577/ 333 56559 58011=
040300 48018 21558 81801 10255 20241 40107 75055 8497/ 333 56439 58020=
040300 48019 32457 80000 10266 20229 40103 85770 333 56450 58015=
040300 48020 22357 70403 10270 20256 86730 333 56890=
040300 48025 22120 83202 10273 20250 40101 8577/ 333 56889 58020=
040300 48030 21456 82201 10183 20165 70255 8684/ 333 56569=
040300 48031 21/05 90401 10210 20195 74744 89/// 333 56999=
040300 48033 32562 61801 10280 20233 40102 85930 333 56990 58023=
040300 48034 32456 60000 10232 20198 86300 333 56500=
040300 48035 32560 60000 10264 20229 40087 84960 333 56190 59003=
040300 48037 32559 71801 10280 20268 40100 84830 333 56440 58032=
040300 48039 22460 61401 10280 20233 82152 333 56444=
040300 48042 32558 51803 10303 20239 40097 83850 333 56440 59018=
040300 48043 32556 51805 10240 20209 83230 333 56590=
040300 48045 32558 42302 10230 20163 82840 333 56590=
040300 48048 32560 41801 10300 20239 40102 84800 333 56400 58021=
040300 48051 22559 61302 10286 20260 70222 84930 333 56390=
040300 48052 32458 41301 10300 20239 84800 333 56990=
040300 48053 22456 71801 10270 20240 40116 83551 333 56599 58019=
040300 48055 22557 51303 10262 20209 40099 82831 333 56339 59003=
040300 48057 32458 61402 10210 20195 84350 333 56590=
040300 48060 22430 70000 10240 20209 40099 85830 333 56490 58019=
040300 48062 21356 80902 10265 20260 40110 70255 86970 333 56690 58024=
040300 48064 22458 60401 10291 20259 40093 83831 333 56449 58024=
040300 48065 22456 61402 10292 20259 82870 333 56490=
040300 48071 21458 80000 10238 20238 40116 75165 8592/ 333 5649/ 58031=
040300 48072 22459 83201 10285 20268 70222 333 5699/=
040300 48074 22357 81402 10270 20240 40126 8672/ 333 56449 58017=
040300 48075 22456 80000 10240 20226 40121 8673/ 333 5659/ 58003=
040300 48077 22558 82301 10280 20250 40100 85970 333 56490 58010=
040300 48078 22556 71801 10266 20258 40125 84571 333 56499 580//=
040300 48080 22459 60403 10281 20250 40118 84870 333 56590 58021=
040300 48085 21357 81801 10270 20256 40118 70252 86920 333 56990 58012=
040300 48087 22450 80000 10282 20250 8437/ 333 5649/=
040300 48092 32458 82302 10290 20259 40101 8597/ 333 5659/ 58009=
040300 48093 22556 71401 10283 20268 70355 86340 333 56590=
040300 48094 22456 80000 10270 20260 40125 70322 8597/ 333 5659/ 58023=
040300 48095 22458 82302 10280 20268 70222 84970 333 56990=
040300 48096 32457 82106 10280 20268 40127 70222 8590/ 333 5699/ 58017=  
040300 48097 22557 82301 10295 20270 40119 8685/ 333 5699/ 58006=
040300 48099 21330 82301 10268 20256 40127 70355 8693/ 333 5659/ 58014=
040300 48101 22458 82301 10279 20250 70222 8597/ 333 5659/=
040300 48103 22450 81401 10268 20256 40129 86770 333 56330 58019=
040300 48107 22350 60000 10268 20256 40123 84970 333 56550 58012=
040300 48108 21496 72302 10275 20253 40135 70255 84376 333 56579 58014=
040300 48109 22497 72301 10274 20256 40137 85970 333 56990 58024=
040300 48110 21495 80000 10275 20253 40138 70255 8577/ 333 56699 58016=
040300 48112 32597 80402 10285 20250 40135 84876 333 56199 58005=
