04-SEP-2015 03 48001 2 1 3 30 8 00 00 10 244 20 242 3 0000 4 0108 5 0000 6 000 0 7 21 6 6 8 4 7 7 / 333 10 /// 58 018 6 000 0 7 0000 
04-SEP-2015 03 48004 2 1 2 40 7 09 01 10 250 20 250 3 0000 4 0000 5 0000 6 000 0 7 50 6 5 8 7 9 0 0 333 10 /// 58 000 6 000 0 7 0000 
04-SEP-2015 03 48008 2 1 4 56 8 00 00 10 270 20 256 3 0000 4 0107 5 0000 6 000 0 7 02 5 5 8 4 9 7 / 333 10 /// 58 023 6 000 0 7 0000 
04-SEP-2015 03 48010 2 2 4 40 8 00 00 10 250 20 250 3 0000 4 0099 5 0000 6 000 0 7 00 0 0 8 5 7 7 / 333 10 /// 58 011 6 000 0 7 0000 
04-SEP-2015 03 48018 2 1 5 58 8 18 01 10 255 20 241 3 0000 4 0107 5 0000 6 000 0 7 50 5 5 8 4 9 7 / 333 10 /// 58 020 6 000 0 7 0000 
04-SEP-2015 03 48019 3 2 4 57 8 00 00 10 266 20 229 3 0000 4 0103 5 0000 6 000 0 7 00 0 0 8 5 7 7 0 333 10 /// 58 015 6 000 0 7 0000 
04-SEP-2015 03 48020 2 2 3 57 7 04 03 10 270 20 256 3 0000 4 0000 5 0000 6 000 0 7 00 0 0 8 6 7 3 0 333 10 /// 58 000 6 000 0 7 0000 
04-SEP-2015 03 48025 2 2 1 20 8 32 02 10 273 20 250 3 0000 4 0101 5 0000 6 000 0 7 00 0 0 8 5 7 7 / 333 10 /// 58 020 6 000 0 7 0000 
04-SEP-2015 03 48030 2 1 4 56 8 22 01 10 183 20 165 3 0000 4 0000 5 0000 6 000 0 7 02 5 5 8 6 8 4 / 333 10 /// 58 000 6 000 0 7 0000 
04-SEP-2015 03 48031 2 1 / 05 9 04 01 10 210 20 195 3 0000 4 0000 5 0000 6 000 0 7 47 4 4 8 9 / / / 333 10 /// 58 000 6 000 0 7 0000 
04-SEP-2015 03 48033 3 2 5 62 6 18 01 10 280 20 233 3 0000 4 0102 5 0000 6 000 0 7 00 0 0 8 5 9 3 0 333 10 /// 58 023 6 000 0 7 0000 
04-SEP-2015 03 48034 3 2 4 56 6 00 00 10 232 20 198 3 0000 4 0000 5 0000 6 000 0 7 00 0 0 8 6 3 0 0 333 10 /// 58 000 6 000 0 7 0000 
04-SEP-2015 03 48035 3 2 5 60 6 00 00 10 264 20 229 3 0000 4 0087 5 0000 6 000 0 7 00 0 0 8 4 9 6 0 333 10 /// 59 003 6 000 0 7 0000 
04-SEP-2015 03 48037 3 2 5 59 7 18 01 10 280 20 268 3 0000 4 0100 5 0000 6 000 0 7 00 0 0 8 4 8 3 0 333 10 /// 58 032 6 000 0 7 0000 
04-SEP-2015 03 48039 2 2 4 60 6 14 01 10 280 20 233 3 0000 4 0000 5 0000 6 000 0 7 00 0 0 8 2 1 5 2 333 10 /// 58 000 6 000 0 7 0000 
04-SEP-2015 03 48042 3 2 5 58 5 18 03 10 303 20 239 3 0000 4 0097 5 0000 6 000 0 7 00 0 0 8 3 8 5 0 333 10 /// 59 018 6 000 0 7 0000 
04-SEP-2015 03 48043 3 2 5 56 5 18 05 10 240 20 209 3 0000 4 0000 5 0000 6 000 0 7 00 0 0 8 3 2 3 0 333 10 /// 58 000 6 000 0 7 0000 
04-SEP-2015 03 48045 3 2 5 58 4 23 02 10 230 20 163 3 0000 4 0000 5 0000 6 000 0 7 00 0 0 8 2 8 4 0 333 10 /// 58 000 6 000 0 7 0000 
04-SEP-2015 03 48048 3 2 5 60 4 18 01 10 300 20 239 3 0000 4 0102 5 0000 6 000 0 7 00 0 0 8 4 8 0 0 333 10 /// 58 021 6 000 0 7 0000 
04-SEP-2015 03 48051 2 2 5 59 6 13 02 10 286 20 260 3 0000 4 0000 5 0000 6 000 0 7 02 2 2 8 4 9 3 0 333 10 /// 58 000 6 000 0 7 0000 
04-SEP-2015 03 48052 3 2 4 58 4 13 01 10 300 20 239 3 0000 4 0000 5 0000 6 000 0 7 00 0 0 8 4 8 0 0 333 10 /// 58 000 6 000 0 7 0000 
04-SEP-2015 03 48053 2 2 4 56 7 18 01 10 270 20 240 3 0000 4 0116 5 0000 6 000 0 7 00 0 0 8 3 5 5 1 333 10 /// 58 019 6 000 0 7 0000 
04-SEP-2015 03 48055 2 2 5 57 5 13 03 10 262 20 209 3 0000 4 0099 5 0000 6 000 0 7 00 0 0 8 2 8 3 1 333 10 /// 59 003 6 000 0 7 0000 
04-SEP-2015 03 48057 3 2 4 58 6 14 02 10 210 20 195 3 0000 4 0000 5 0000 6 000 0 7 00 0 0 8 4 3 5 0 333 10 /// 58 000 6 000 0 7 0000 
04-SEP-2015 03 48060 2 2 4 30 7 00 00 10 240 20 209 3 0000 4 0099 5 0000 6 000 0 7 00 0 0 8 5 8 3 0 333 10 /// 58 019 6 000 0 7 0000 
04-SEP-2015 03 48062 2 1 3 56 8 09 02 10 265 20 260 3 0000 4 0110 5 0000 6 000 0 7 02 5 5 8 6 9 7 0 333 10 /// 58 024 6 000 0 7 0000 
04-SEP-2015 03 48064 2 2 4 58 6 04 01 10 291 20 259 3 0000 4 0093 5 0000 6 000 0 7 00 0 0 8 3 8 3 1 333 10 /// 58 024 6 000 0 7 0000 
04-SEP-2015 03 48065 2 2 4 56 6 14 02 10 292 20 259 3 0000 4 0000 5 0000 6 000 0 7 00 0 0 8 2 8 7 0 333 10 /// 58 000 6 000 0 7 0000 
04-SEP-2015 03 48071 2 1 4 58 8 00 00 10 238 20 238 3 0000 4 0116 5 0000 6 000 0 7 51 6 5 8 5 9 2 / 333 10 /// 58 031 6 000 0 7 0000 
04-SEP-2015 03 48072 2 2 4 59 8 32 01 10 285 20 268 3 0000 4 0000 5 0000 6 000 0 7 02 2 2 8 0 0 0 0 333 10 /// 58 000 6 000 0 7 0000 
04-SEP-2015 03 48074 2 2 3 57 8 14 02 10 270 20 240 3 0000 4 0126 5 0000 6 000 0 7 00 0 0 8 6 7 2 / 333 10 /// 58 017 6 000 0 7 0000 
04-SEP-2015 03 48075 2 2 4 56 8 00 00 10 240 20 226 3 0000 4 0121 5 0000 6 000 0 7 00 0 0 8 6 7 3 / 333 10 /// 58 003 6 000 0 7 0000 
04-SEP-2015 03 48077 2 2 5 58 8 23 01 10 280 20 250 3 0000 4 0100 5 0000 6 000 0 7 00 0 0 8 5 9 7 0 333 10 /// 58 010 6 000 0 7 0000 
04-SEP-2015 03 48078 2 2 5 56 7 18 01 10 266 20 258 3 0000 4 0125 5 0000 6 000 0 7 00 0 0 8 4 5 7 1 333 10 /// 58 0// 6 000 0 7 0000 
04-SEP-2015 03 48080 2 2 4 59 6 04 03 10 281 20 250 3 0000 4 0118 5 0000 6 000 0 7 00 0 0 8 4 8 7 0 333 10 /// 58 021 6 000 0 7 0000 
04-SEP-2015 03 48085 2 1 3 57 8 18 01 10 270 20 256 3 0000 4 0118 5 0000 6 000 0 7 02 5 2 8 6 9 2 0 333 10 /// 58 012 6 000 0 7 0000 
04-SEP-2015 03 48087 2 2 4 50 8 00 00 10 282 20 250 3 0000 4 0000 5 0000 6 000 0 7 00 0 0 8 4 3 7 / 333 10 /// 58 000 6 000 0 7 0000 
04-SEP-2015 03 48092 3 2 4 58 8 23 02 10 290 20 259 3 0000 4 0101 5 0000 6 000 0 7 00 0 0 8 5 9 7 / 333 10 /// 58 009 6 000 0 7 0000 
04-SEP-2015 03 48093 2 2 5 56 7 14 01 10 283 20 268 3 0000 4 0000 5 0000 6 000 0 7 03 5 5 8 6 3 4 0 333 10 /// 58 000 6 000 0 7 0000 
04-SEP-2015 03 48094 2 2 4 56 8 00 00 10 270 20 260 3 0000 4 0125 5 0000 6 000 0 7 03 2 2 8 5 9 7 / 333 10 /// 58 023 6 000 0 7 0000 
04-SEP-2015 03 48095 2 2 4 58 8 23 02 10 280 20 268 3 0000 4 0000 5 0000 6 000 0 7 02 2 2 8 4 9 7 0 333 10 /// 58 000 6 000 0 7 0000 
04-SEP-2015 03 48096 3 2 4 57 8 21 06 10 280 20 268 3 0000 4 0127 5 0000 6 000 0 7 02 2 2 8 5 9 0 / 333 10 /// 58 017 6 000 0 7 0000 
04-SEP-2015 03 48097 2 2 5 57 8 23 01 10 295 20 270 3 0000 4 0119 5 0000 6 000 0 7 00 0 0 8 6 8 5 / 333 10 /// 58 006 6 000 0 7 0000 
04-SEP-2015 03 48099 2 1 3 30 8 23 01 10 268 20 256 3 0000 4 0127 5 0000 6 000 0 7 03 5 5 8 6 9 3 / 333 10 /// 58 014 6 000 0 7 0000 
04-SEP-2015 03 48101 2 2 4 58 8 23 01 10 279 20 250 3 0000 4 0000 5 0000 6 000 0 7 02 2 2 8 5 9 7 / 333 10 /// 58 000 6 000 0 7 0000 
04-SEP-2015 03 48103 2 2 4 50 8 14 01 10 268 20 256 3 0000 4 0129 5 0000 6 000 0 7 00 0 0 8 6 7 7 0 333 10 /// 58 019 6 000 0 7 0000 
04-SEP-2015 03 48107 2 2 3 50 6 00 00 10 268 20 256 3 0000 4 0123 5 0000 6 000 0 7 00 0 0 8 4 9 7 0 333 10 /// 58 012 6 000 0 7 0000 
04-SEP-2015 03 48108 2 1 4 96 7 23 02 10 275 20 253 3 0000 4 0135 5 0000 6 000 0 7 02 5 5 8 4 3 7 6 333 10 /// 58 014 6 000 0 7 0000 
04-SEP-2015 03 48109 2 2 4 97 7 23 01 10 274 20 256 3 0000 4 0137 5 0000 6 000 0 7 00 0 0 8 5 9 7 0 333 10 /// 58 024 6 000 0 7 0000 
04-SEP-2015 03 48110 2 1 4 95 8 00 00 10 275 20 253 3 0000 4 0138 5 0000 6 000 0 7 02 5 5 8 5 7 7 / 333 10 /// 58 016 6 000 0 7 0000 
04-SEP-2015 03 48112 3 2 5 97 8 04 02 10 285 20 250 3 0000 4 0135 5 0000 6 000 0 7 00 0 0 8 4 8 7 6 333 10 /// 58 005 6 000 0 7 0000 
