



*-*-*


<!--
.style2 {
	font-family:"Courier New", Courier, monospace;
	font-size: 14px;
}
-->






SMBM01 VBRR 051200

AAXX 05124
48001 NIL=
48004 21110 80403 10230 20198 75095 8697/ 333 10308 5655/ 60012=
48008 32556 70401 10280 20203 40056 84970 333 10305 56560 58013=
48010 21430 80000 10245 20209 40056 70295 8497/ 333 10292 5655/
58010 69902=
48018 32556 60402 10315 20184 40037 83870 333 10348 56120 59003=
48019 32450 60402 10300 20207 40040 83760 333 10345 56560 58008=
48020 32350 83605 10295 20219 8431/ 333 10368 5659/=
48025 32456 51401 10356 20195 40027 85800 333 10367 56500 58004=
48030 32256 82205 10210 20091 8594/ 333 10243 5656/=
48031 32260 41801 10230 20097 84800 333 10250 56400=
48033 32962 03301 10350 20219 40031 333 10382 58012=
48034 32956 03201 10275 20147 333 10315=
48035 31530 20000 10299 20185 40017 70522 82800 333 10328 56900
58003=
48037 32550 20000 10360 20249 40021 82100 333 10380 56900 58016=
48039 32459 30401 10355 20214 83400 333 10385 56900=
48042 32557 81801 10375 20234 40021 81200 333 10407 56900 58011=
48043 32930 00000 10275 20158 333 10310=
48045 32557 41404 10266 20085 84300 333 10305 56500=
48048 32950 00401 10362 20214 40021 333 10400 58010=
48051 32559 22702 10332 20240 82200 333 10373 56900=
48052 32950 01301 10404 20196 333 10420=
48053 32450 31801 10380 20240 40032 82850 333 10402 56690 58016=
48055 31656 13202 10322 20140 40003 70511 81100 333 10360 56500
59006=
48057 32956 01401 10270 20133 333 10317=
48060 32420 10000 10300 20124 40023 81100 333 10360 56500 59006=
48062 32556 23205 10300 20270 40066 82500 333 10330 56900 58012=
48064 32550 11401 10375 20240 40012 81100 333 10418 56900 58010=
48065 32450 20000 10381 20203 81101 333 10418 56909=
48071 32956 02705 10300 20239 40066 333 10332 58005=
48072 32457 42703 10295 20239 83830 333 10345 56790=
48074 32457 10000 10380 20255 40038 81100 333 10402 56900 58004=
48075 31456 12701 10310 20150 40034 70511 81500 333 10350 56900
58001=
48077 NIL=
48078 32540 31403 10368 20227 40040 81202 333 10400 56909 58009=
48080 32457 72204 10300 20239 40071 84870 333 10363 56590 58008=
48085 32456 42703 10293 20248 40063 84800 333 10330 56700 58002=
48087 32550 20000 10346 20240 82800 333 10395=
48092 31956 02301 10340 20240 40029 70500 333 10380 59008=
48093 32950 11401 10316 20248 80001 333 10376 56009=
48094 32956 03202 10305 20245 40066 333 10380 58009=
48095 32956 02201 10340 20257 333 10375=
48096 32958 11813 10330 20224 40054 80001 333 10375 56009 58006=
48097 32556 31405 10320 20242 40056 83500 333 10380 56900 59003=
48099 32440 32305 10326 20244 40055 83800 333 10360 56900 58009=
48101 32956 10000 10305 20267 80001 333 10354 56009=
48103 32440 40000 10307 20254 40061 84800 333 10373 56500 58011=
48107 32340 52302 10298 20253 40073 83906 333 10348 56509 58011=
48108 32596 63201 10300 20253 40079 83366 333 10355 56699 58016=
48109 32497 20000 10312 20254 40079 82900 333 10345 56900 58010=
48110 31596 80404 10305 20253 40069 70522 82307 333 10350 56909
58001=
48112 32597 82701 10320 20265 40068 84876 333 10362 56699 58006=  
SMBM01 VBRR 051200

AAXX 05124
48001 NIL=
48004 32460 51301 10285 20215 85900 333 56500=
48008 NIL=
48010 32556 60000 10250 20186 40107 82822 333 56666
58035=
48018 32560 40402 10325 20191 40089 82870 333 56120
58017=
48019 31958 31402 10324 20215 40091 70500 80006 333
56006 58024=
48020 NIL=
48025 32456 21401 10340 20164 40090 83840 333 56550
58019=
48035 31530 62203 10317 20140 40053 70411 84960 333
56560 58009=
48037 32559 40401 10334 20172 40087 82130 333 56660
58022=
48042 31556 23602 10366 20207 40069 70511 81250 333
56990 58019=
48045 NIL=
48048 32960 00401 10360 20195 40094 333 58044=
48051 32560 12702 10340 20220 70111 81200 333 56900=
48053 31950 01801 10360 20235 40082 70500 333 58030=
48060 32950 00000 10300 20166 40047 333 59004=
48062 32558 32305 10325 20290 40093 70222 83800 333
56900 58010=
48071 32460 13203 10315 20265 40096 81200 333 56900
58008=
48075 31457 31401 10340 20160 40053 70511 83800 333
56500 59004=
48077 32559 32301 10382 20203 40072 82201 333 56909
58024=
48078 32557 21801 10372 20217 40079 81101 333 56909
58018=
48080 32460 32207 10354 20297 40095 83500 333 56900
58024=
48085 32959 13206 10326 20248 40092 81800 333 56700
58011=
48095 32460 12203 10355 20240 70122 81200 333 56900=
48108 32595 73202 10340 20257 40093 84366 333 56699
58017=
48109 NIL=
48110 31596 33603 10350 20250 40094 70511 82305 333
56909 58013=
48112 32597 82702 10338 20257 40092 70222 83876 333
56699 58008=
48030 32256 12202 10220 20111 81200 333 56500=
48072 32960 02705 10330 20258 70122 80000 333 56000=
48087 32960 00000 10340 20240 80000 333=
48099 32450 52702 10343 20240 40088 85800 333 56600
58018=
48101 32660 12302 10333 20224 70111 81100 333 56900=
48103 32456 42201 10339 20225 40089 84800 333 56500
58017=
48057 32460 31402 10303 20098 83800 333 56900=
48094 NIL=
48097 32557 22201 10350 20219 40100 82500 333 56900
58007=
48031 32260 21401 10215 20111 84800 333 56400=
48033 NIL=
48034 32457 42302 10302 20124 84800 333 56100=
48039 NIL=
48043 32759 23206 10290 20179 82300 333 56900=
48052 NIL=
48055 31656 12306 10345 20129 40034 70511 81100 333
56500 58012=
48064 32970 01401 10395 20269 40056 333 58019=
48065 32970 03204 10380 20187 333=
48074 32961 03203 10370 20227 40081 333 58020=
48092 31457 31802 10355 20252 40068 70522 83800 333
56900 58017=
48093 32958 02301 10350 20237 80000 333 56000=
48107 32350 42301 10320 20248 40085 84900 333 56500
58009=  





