05-APR-2015 09 48004 3 2 4 58 6 22 01 10 300 20 185 3 0000 4 0000 5 0000 6 000 0 7 00 0 0 8 6 9 0 0 333 10 /// 58 000 6 000 0 7 0000 
05-APR-2015 09 48008 3 2 5 57 7 14 01 10 293 20 179 3 0000 4 0065 5 0000 6 000 0 7 00 0 0 8 4 9 7 0 333 10 /// 58 015 6 000 0 7 0000 
05-APR-2015 09 48010 3 2 4 56 8 00 00 10 280 20 220 3 0000 4 0064 5 0000 6 000 0 7 00 0 0 8 5 7 7 / 333 10 /// 58 008 6 000 0 7 0000 
05-APR-2015 09 48018 3 1 9 60 9 04 02 10 340 20 164 3 0000 4 0056 5 0000 6 000 0 7 05 0 0 8 0 0 0 0 333 10 /// 58 008 6 000 0 7 0000 
05-APR-2015 09 48019 3 1 5 58 5 04 02 10 345 20 206 3 0000 4 0044 5 0000 6 000 0 7 05 2 2 8 0 0 7 6 333 10 /// 58 021 6 000 0 7 0000 
05-APR-2015 09 48020 3 2 4 60 2 13 04 10 360 20 209 3 0000 4 0000 5 0000 6 000 0 7 00 0 0 8 2 2 0 0 333 10 /// 58 000 6 000 0 7 0000 
05-APR-2015 09 48025 3 2 4 56 1 36 01 10 360 20 132 3 0000 4 0044 5 0000 6 000 0 7 00 0 0 8 1 5 0 0 333 10 /// 59 000 6 000 0 7 0000 
05-APR-2015 09 48030 3 2 2 56 6 22 04 10 228 20 124 3 0000 4 0000 5 0000 6 000 0 7 00 0 0 8 4 9 4 0 333 10 /// 58 000 6 000 0 7 0000 
05-APR-2015 09 48031 3 2 2 60 4 09 01 10 245 20 136 3 0000 4 0000 5 0000 6 000 0 7 00 0 0 8 4 8 0 0 333 10 /// 58 000 6 000 0 7 0000 
05-APR-2015 09 48033 3 2 9 63 0 18 01 10 380 20 229 3 0000 4 0028 5 0000 6 000 0 7 00 0 0 8 0 0 0 0 333 10 /// 58 010 6 000 0 7 0000 
05-APR-2015 09 48034 3 2 4 57 3 04 02 10 290 20 140 3 0000 4 0000 5 0000 6 000 0 7 00 0 0 8 3 8 0 0 333 10 /// 58 000 6 000 0 7 0000 
05-APR-2015 09 48035 3 1 5 50 5 27 02 10 322 20 116 3 0000 4 0018 5 0000 6 000 0 7 05 2 2 8 3 8 6 0 333 10 /// 59 018 6 000 0 7 0000 
05-APR-2015 09 48037 3 2 9 59 0 32 01 10 380 20 203 3 0000 4 0039 5 0000 6 000 0 7 00 0 0 8 0 0 0 0 333 10 /// 58 014 6 000 0 7 0000 
05-APR-2015 09 48039 3 2 8 59 2 00 00 10 374 20 190 3 0000 4 0000 5 0000 6 000 0 7 00 0 0 8 0 0 0 2 333 10 /// 58 000 6 000 0 7 0000 
05-APR-2015 09 48042 3 2 5 57 1 04 02 10 397 20 214 3 0000 4 0037 5 0000 6 000 0 7 00 0 0 8 1 2 0 0 333 10 /// 58 020 6 000 0 7 0000 
05-APR-2015 09 48043 3 2 0 59 0 18 06 10 310 20 189 3 0000 4 0000 5 0000 6 000 0 7 00 0 0 8 0 0 0 0 333 10 /// 58 000 6 000 0 7 0000 
05-APR-2015 09 48045 3 2 5 58 5 14 02 10 298 20 124 3 0000 4 0000 5 0000 6 000 0 7 00 0 0 8 5 3 0 0 333 10 /// 58 000 6 000 0 7 0000 
05-APR-2015 09 48048 3 2 9 60 0 04 01 10 395 20 196 3 0000 4 0054 5 0000 6 000 0 7 00 0 0 8 0 0 0 0 333 10 /// 58 035 6 000 0 7 0000 
05-APR-2015 09 48051 3 2 5 59 5 18 02 10 370 20 230 3 0000 4 0000 5 0000 6 000 0 7 03 2 2 8 4 8 3 0 333 10 /// 58 000 6 000 0 7 0000 
05-APR-2015 09 48052 3 2 4 68 2 22 01 10 418 20 185 3 0000 4 0000 5 0000 6 000 0 7 00 0 0 8 2 2 0 0 333 10 /// 58 000 6 000 0 7 0000 
05-APR-2015 09 48053 3 1 4 50 5 36 02 10 400 20 269 3 0000 4 0036 5 0000 6 000 0 7 05 0 0 8 4 9 5 0 333 10 /// 58 019 6 000 0 7 0000 
05-APR-2015 09 48055 3 1 6 56 2 32 06 10 355 20 132 3 0000 4 9997 5 0000 6 000 0 7 05 1 1 8 2 1 0 0 333 10 /// 58 000 6 000 0 7 0000 
05-APR-2015 09 48057 3 2 4 60 4 32 02 10 310 20 124 3 0000 4 0000 5 0000 6 000 0 7 00 0 0 8 4 3 0 0 333 10 /// 58 000 6 000 0 7 0000 
05-APR-2015 09 48060 3 2 4 60 1 22 03 10 355 20 123 3 0000 4 0011 5 0000 6 000 0 7 03 2 2 8 1 1 0 0 333 10 /// 59 004 6 000 0 7 0000 
05-APR-2015 09 48062 3 2 9 58 0 27 08 10 325 20 280 3 0000 4 0071 5 0000 6 000 0 7 00 0 0 8 0 0 0 0 333 10 /// 58 010 6 000 0 7 0000 
05-APR-2015 09 48064 3 2 9 70 0 14 01 10 416 20 240 3 0000 4 0019 5 0000 6 000 0 7 00 0 0 8 0 0 0 0 333 10 /// 58 019 6 000 0 7 0000 
05-APR-2015 09 48065 3 2 9 70 0 00 00 10 416 20 185 3 0000 4 0000 5 0000 6 000 0 7 00 0 0 8 0 0 0 0 333 10 /// 58 000 6 000 0 7 0000 
05-APR-2015 09 48071 3 2 9 60 0 32 04 10 330 20 258 3 0000 4 0071 5 0000 6 000 0 7 00 0 0 8 0 0 0 0 333 10 /// 58 005 6 000 0 7 0000 
05-APR-2015 09 48072 3 2 9 60 0 27 02 10 340 20 257 3 0000 4 0000 5 0000 6 000 0 7 02 2 2 8 0 0 0 0 333 10 /// 58 000 6 000 0 7 0000 
05-APR-2015 09 48074 3 2 5 61 2 04 01 10 400 20 214 3 0000 4 0051 5 0000 6 000 0 7 00 0 0 8 2 1 0 0 333 10 /// 58 013 6 000 0 7 0000 
05-APR-2015 09 48075 3 1 4 57 4 23 01 10 350 20 180 3 0000 4 0018 5 0000 6 000 0 7 05 1 1 8 4 3 0 0 333 10 /// 59 012 6 000 0 7 0000 
05-APR-2015 09 48077 3 2 5 59 3 23 01 10 418 20 202 3 0000 4 0028 5 0000 6 000 0 7 00 0 0 8 2 2 0 1 333 10 /// 58 006 6 000 0 7 0000 
05-APR-2015 09 48078 3 2 5 59 2 09 03 10 397 20 222 3 0000 4 0045 5 0000 6 000 0 7 00 0 0 8 1 2 0 1 333 10 /// 58 012 6 000 0 7 0000 
05-APR-2015 09 48080 3 2 9 60 0 22 08 10 344 20 288 3 0000 4 0077 5 0000 6 000 0 7 00 0 0 8 0 0 0 0 333 10 /// 58 017 6 000 0 7 0000 
05-APR-2015 09 48085 3 2 4 58 2 27 07 10 326 20 248 3 0000 4 0060 5 0000 6 000 0 7 00 0 0 8 2 3 0 0 333 10 /// 59 003 6 000 0 7 0000 
05-APR-2015 09 48092 3 1 9 57 0 23 03 10 375 20 214 3 0000 4 0039 5 0000 6 000 0 7 05 0 0 8 0 0 0 0 333 10 /// 58 010 6 000 0 7 0000 
05-APR-2015 09 48093 3 2 9 50 0 27 01 10 376 20 240 3 0000 4 0000 5 0000 6 000 0 7 00 0 0 8 0 0 0 0 333 10 /// 58 000 6 000 0 7 0000 
05-APR-2015 09 48094 3 2 9 62 0 32 02 10 375 20 255 3 0000 4 0069 5 0000 6 000 0 7 00 0 0 8 0 0 0 0 333 10 /// 58 013 6 000 0 7 0000 
05-APR-2015 09 48095 3 2 4 60 1 22 02 10 375 20 258 3 0000 4 0000 5 0000 6 000 0 7 02 2 2 8 1 2 0 0 333 10 /// 58 000 6 000 0 7 0000 
05-APR-2015 09 48097 3 2 5 57 3 14 02 10 370 20 207 3 0000 4 0061 5 0000 6 000 0 7 00 0 0 8 3 5 0 0 333 10 /// 59 009 6 000 0 7 0000 
05-APR-2015 09 48099 3 2 4 56 5 23 01 10 360 20 249 3 0000 4 0054 5 0000 6 000 0 7 00 0 0 8 4 8 3 0 333 10 /// 58 007 6 000 0 7 0000 
05-APR-2015 09 48101 3 2 9 61 0 14 03 10 340 20 257 3 0000 4 0000 5 0000 6 000 0 7 00 0 0 8 0 0 0 0 333 10 /// 58 000 6 000 0 7 0000 
05-APR-2015 09 48103 3 2 4 56 3 22 01 10 363 20 235 3 0000 4 0077 5 0000 6 000 0 7 00 0 0 8 3 8 0 0 333 10 /// 58 026 6 000 0 7 0000 
05-APR-2015 09 48107 3 2 3 50 4 27 02 10 340 20 257 3 0000 4 0060 5 0000 6 000 0 7 00 0 0 8 4 9 0 0 333 10 /// 58 004 6 000 0 7 0000 
05-APR-2015 09 48108 3 2 5 96 7 32 05 10 350 20 253 3 0000 4 0074 5 0000 6 000 0 7 00 0 0 8 4 3 6 6 333 10 /// 58 017 6 000 0 7 0000 
05-APR-2015 09 48110 3 1 5 96 3 32 04 10 340 20 248 3 0000 4 0077 5 0000 6 000 0 7 05 1 1 8 2 3 0 5 333 10 /// 58 013 6 000 0 7 0000 
05-APR-2015 09 48112 3 2 5 98 6 27 01 10 360 20 264 3 0000 4 0068 5 0000 6 000 0 7 01 2 2 8 2 2 1 6 333 10 /// 58 013 6 000 0 7 0000 
