48008 21410 83601 10226 20205 40081 79595 8497/ 333 5656/ 58005=
48010 21410 70000 10195 20185 40106 72995 83971 333 56559 58041=
48018 21510 81401 10225 20205 40107 75395 8597/ 333 5655/ 58056=
48025 31405 82202 10260 20215 40103 75055 8687/ 333 5655/ 58043=
48042 32550 31802 10312 20189 40061 82850 333 56490 58021=
48053 32940 00000 10290 20196 40062 333 58014=
48057 32939 01401 10220 20173 333=
48060 32920 00000 10190 20175 40072 333 59012=
48062 32450 20000 10270 20260 40090 82800 333 56900 58009=
48071 32920 00000 10270 20240 40070 333 58000=
48078 32550 31404 10306 20223 40081 81501 333 56909 58016=
48080 32450 82201 10262 20229 40099 85870 333 56590 58006=
48094 32950 00000 10260 20250 40087 333 58022=
48097 32956 01201 10270 20240 40078 333 59008=
48099 32330 23201 10273 20240 40094 83700 333 56900 58024=
48103 32510 10401 10281 20233 40078 81500 333 56100 58013=
48108 32595 63201 10280 20233 40095 83366 333 56999 58015=
48109 32495 20000 10262 20246 40083 82800 333 56900 58009=
48110 31596 40000 10275 20253 40089 70522 81306 333 56909 58003=
48112 32597 80403 10291 20248 40084 83876 333 56199 58008=  48008 21410 83601 10226 20205 40081 79595 8497/ 333 5656/ 58005=
48010 21410 70000 10195 20185 40106 72995 83971 333 56559 58041=
48018 21510 81401 10225 20205 40107 75395 8597/ 333 5655/ 58056=
48025 31405 82202 10260 20215 40103 75055 8687/ 333 5655/ 58043=
48042 32550 31802 10312 20189 40061 82850 333 56490 58021=
48053 32940 00000 10290 20196 40062 333 58014=
48057 32939 01401 10220 20173 333 /////=
48060 32920 00000 10190 20175 40072 333 59012=
48062 32450 20000 10270 20260 40090 82800 333 56900 58009=
48071 32920 00000 10270 20240 40070 333 58000=
48078 32550 31404 10306 20223 40081 81501 333 56909 58016=
48080 32450 82201 10262 20229 40099 85870 333 56590 58006=
48094 32950 00000 10260 20250 40087 333 58022=
48097 32956 01201 10270 20240 40078 333 59008=
48099 32330 23201 10273 20240 40094 83700 333 56900 58024=
48103 32510 10401 10281 20233 40078 81500 333 56100 58013=
48108 32595 63201 10280 20233 40095 83366 333 56999 58015=
48109 32495 20000 10262 20246 40083 82800 333 56900 58009=
48110 31596 40000 10275 20253 40089 70522 81306 333 56909 58003=
48112 32597 80403 10291 20248 40084 83876 333 56199 58008=  