051200 48004 32460 51301 10285 20215 85900 333 56500=
051200 48008 32556 70401 10280 20203 40056 84970 333 10305 56560 58013=
051200 48010 32556 60000 10250 20186 40107 82822 333 56666 58035=
051200 48018 32560 40402 10325 20191 40089 82870 333 56120 58017=
051200 48019 31958 31402 10324 20215 40091 70500 80006 333 56006 58024=
051200 48020 32350 83605 10295 20219 8431/ 333 10368 5659/=
051200 48025 32456 21401 10340 20164 40090 83840 333 56550 58019=
051200 48030 32256 12202 10220 20111 81200 333 56500=
051200 48031 32260 21401 10215 20111 84800 333 56400=
051200 48033 32962 03301 10350 20219 40031 333 10382 58012=
051200 48034 32457 42302 10302 20124 84800 333 56100=
051200 48035 31530 62203 10317 20140 40053 70411 84960 333 56560 58009=
051200 48037 32559 40401 10334 20172 40087 82130 333 56660 58022=
051200 48039 32459 30401 10355 20214 83400 333 10385 56900=
051200 48042 31556 23602 10366 20207 40069 70511 81250 333 56990 58019=
051200 48043 32759 23206 10290 20179 82300 333 56900=
051200 48045 32557 41404 10266 20085 84300 333 10305 56500=
051200 48048 32960 00401 10360 20195 40094 333 58044=
051200 48051 32560 12702 10340 20220 70111 81200 333 56900=
051200 48052 32950 01301 10404 20196 333 10420=
051200 48053 31950 01801 10360 20235 40082 70500 333 58030=
051200 48055 31656 12306 10345 20129 40034 70511 81100 333 56500 58012=
051200 48057 32460 31402 10303 20098 83800 333 56900=
051200 48060 32950 00000 10300 20166 40047 333 59004=
051200 48062 32558 32305 10325 20290 40093 70222 83800 333 56900 58010=
051200 48064 32970 01401 10395 20269 40056 333 58019=
051200 48065 32970 03204 10380 20187 333=
051200 48071 32460 13203 10315 20265 40096 81200 333 56900 58008=
051200 48072 32960 02705 10330 20258 70122 80000 333 56000=
051200 48074 32961 03203 10370 20227 40081 333 58020=
051200 48075 31457 31401 10340 20160 40053 70511 83800 333 56500 59004=
051200 48077 32559 32301 10382 20203 40072 82201 333 56909 58024=
051200 48078 32557 21801 10372 20217 40079 81101 333 56909 58018=
051200 48080 32460 32207 10354 20297 40095 83500 333 56900 58024=
051200 48085 32959 13206 10326 20248 40092 81800 333 56700 58011=
051200 48087 32960 00000 10340 20240 80000 333=
051200 48092 31457 31802 10355 20252 40068 70522 83800 333 56900 58017=
051200 48093 32958 02301 10350 20237 80000 333 56000=
051200 48094 32956 03202 10305 20245 40066 333 10380 58009=
051200 48095 32460 12203 10355 20240 70122 81200 333 56900=
051200 48096 32958 11813 10330 20224 40054 80001 333 10375 56009 58006=
051200 48097 32557 22201 10350 20219 40100 82500 333 56900 58007=
051200 48099 32450 52702 10343 20240 40088 85800 333 56600 58018=
051200 48101 32660 12302 10333 20224 70111 81100 333 56900=
051200 48103 32456 42201 10339 20225 40089 84800 333 56500 58017=
051200 48107 32350 42301 10320 20248 40085 84900 333 56500 58009=  
051200 48108 32595 73202 10340 20257 40093 84366 333 56699 58017=
051200 48109 32497 20000 10312 20254 40079 82900 333 10345 56900 58010=
051200 48110 31596 33603 10350 20250 40094 70511 82305 333 56909 58013=
051200 48112 32597 82702 10338 20257 40092 70222 83876 333 56699 58008=
