05-AUG-2015 12 48008 2 1 4 56 7 00 00 10 280 20 268 3 0000 4 0005 5 0000 6 000 0 7 03 5 5 8 4 9 7 0 333 10 293 59 008 6 018 2 7 0000 
05-AUG-2015 12 48010 3 2 4 40 7 00 00 10 290 20 259 3 0000 4 0020 5 0000 6 000 0 7 00 0 0 8 4 9 7 0 333 10 294 58 012 6 990 2 7 0000 
05-AUG-2015 12 48018 3 2 5 56 6 23 01 10 300 20 253 3 0000 4 9989 5 0000 6 000 0 7 00 0 0 8 3 8 7 0 333 10 324 59 025 6 990 2 7 0000 
05-AUG-2015 12 48019 3 2 4 50 5 00 00 10 296 20 266 3 0000 4 9998 5 0000 6 000 0 7 00 0 0 8 3 2 2 0 333 10 310 59 020 6 015 2 7 0000 
05-AUG-2015 12 48025 2 2 4 56 6 00 00 10 300 20 253 3 0000 4 9995 5 0000 6 000 0 7 00 0 0 8 4 8 4 1 333 10 310 59 017 6 990 2 7 0000 
05-AUG-2015 12 48033 3 2 5 62 6 18 02 10 316 20 265 3 0000 4 0002 5 0000 6 000 0 7 00 0 0 8 4 9 0 6 333 10 330 59 013 6 000 2 7 0000 
05-AUG-2015 12 48035 3 2 5 58 6 22 01 10 277 20 220 3 0000 4 9995 5 0000 6 000 0 7 00 0 0 8 4 9 6 0 333 10 300 59 008 6 000 2 7 0000 
05-AUG-2015 12 48037 3 2 5 60 6 00 00 10 329 20 258 3 0000 4 9989 5 0000 6 000 0 7 00 0 0 8 3 8 3 6 333 10 355 59 021 6 000 0 7 0000 
05-AUG-2015 12 48042 3 2 5 59 7 18 01 10 320 20 248 3 0000 4 9991 5 0000 6 000 0 7 00 0 0 8 4 8 0 6 333 10 335 59 018 6 000 0 7 0000 
05-AUG-2015 12 48048 3 2 5 50 5 18 01 10 336 20 240 3 0000 4 9991 5 0000 6 000 0 7 00 0 0 8 4 8 5 0 333 10 355 58 018 6 000 2 7 0000 
05-AUG-2015 12 48051 3 2 5 58 7 27 02 10 291 20 250 3 0000 4 0000 5 0000 6 000 0 7 03 2 2 8 5 9 3 0 333 10 340 58 000 6 000 0 7 0000 
05-AUG-2015 12 48052 3 2 4 50 5 00 00 10 325 20 258 3 0000 4 0000 5 0000 6 000 0 7 00 0 0 8 5 9 0 0 333 10 356 58 000 6 000 0 7 0000 
05-AUG-2015 12 48053 3 2 4 56 8 18 01 10 310 20 254 3 0000 4 9997 5 0000 6 000 0 7 00 0 0 8 5 9 5 0 333 10 332 59 029 6 000 2 7 0000 
05-AUG-2015 12 48055 2 1 4 48 8 23 03 10 222 20 220 3 0000 4 0016 5 0000 6 000 0 7 95 9 6 8 6 9 2 / 333 10 288 59 014 6 033 2 7 0000 
05-AUG-2015 12 48057 3 2 4 56 8 14 01 10 220 20 205 3 0000 4 0000 5 0000 6 000 0 7 00 0 0 8 6 9 5 0 333 10 258 58 000 6 000 0 7 0000 
05-AUG-2015 12 48060 2 1 3 30 8 00 00 10 248 20 233 3 0000 4 0008 5 0000 6 000 0 7 02 5 2 8 5 9 7 0 333 10 288 59 019 6 990 2 7 0000 
05-AUG-2015 12 48062 3 2 4 56 7 23 04 10 290 20 270 3 0000 4 0013 5 0000 6 000 0 7 03 2 2 8 5 9 7 0 333 10 310 59 023 6 000 0 7 0000 
05-AUG-2015 12 48064 3 2 4 50 7 00 00 10 312 20 267 3 0000 4 9976 5 0000 6 000 0 7 00 0 0 8 4 8 3 1 333 10 330 59 033 6 000 0 7 0000 
05-AUG-2015 12 48065 3 2 4 50 7 04 01 10 315 20 265 3 0000 4 0000 5 0000 6 000 0 7 00 0 0 8 3 5 7 1 333 10 340 58 000 6 000 0 7 0000 
05-AUG-2015 12 48071 3 2 4 56 7 23 04 10 288 20 274 3 0000 4 0018 5 0000 6 000 0 7 00 0 0 8 4 9 7 0 333 10 305 59 020 6 000 0 7 0000 
05-AUG-2015 12 48074 3 2 5 58 7 14 01 10 310 20 267 3 0000 4 0022 5 0000 6 000 0 7 00 0 0 8 3 8 2 0 333 10 333 59 023 6 000 0 7 0000 
05-AUG-2015 12 48075 2 2 4 56 6 22 01 10 240 20 226 3 0000 4 0017 5 0000 6 000 0 7 02 2 2 8 4 3 3 0 333 10 280 59 029 6 019 2 7 0000 
05-AUG-2015 12 48077 3 2 5 56 8 23 02 10 300 20 253 3 0000 4 0007 5 0000 6 000 0 7 00 0 0 8 5 9 3 1 333 10 320 59 028 6 000 0 7 0000 
05-AUG-2015 12 48078 3 2 5 56 6 18 01 10 276 20 254 3 0000 4 0026 5 0000 6 000 0 7 00 0 0 8 4 8 3 1 333 10 308 59 026 6 000 0 7 0000 
05-AUG-2015 12 48080 3 2 4 58 7 22 02 10 280 20 250 3 0000 4 0030 5 0000 6 000 0 7 00 0 0 8 5 8 7 0 333 10 310 59 021 6 003 2 7 0000 
05-AUG-2015 12 48085 3 2 4 56 8 27 03 10 278 20 250 3 0000 4 0030 5 0000 6 000 0 7 00 0 0 8 6 9 7 0 333 10 295 59 023 6 006 2 7 0000 
05-AUG-2015 12 48087 3 2 5 50 7 00 00 10 280 20 268 3 0000 4 0000 5 0000 6 000 0 7 00 0 0 8 5 9 7 / 333 10 315 58 000 6 000 0 7 0000 
05-AUG-2015 12 48092 3 2 4 57 6 26 02 10 280 20 250 3 0000 4 0011 5 0000 6 000 0 7 00 0 0 8 5 9 3 0 333 10 296 59 022 6 000 0 7 0000 
05-AUG-2015 12 48093 3 2 5 40 8 32 01 10 270 20 256 3 0000 4 0000 5 0000 6 000 0 7 02 2 2 8 7 3 4 / 333 10 300 58 000 6 000 0 7 0000 
05-AUG-2015 12 48094 2 1 4 56 7 22 01 10 270 20 260 3 0000 4 0031 5 0000 6 000 0 7 01 6 5 8 4 9 7 0 333 10 291 59 026 6 022 2 7 0000 
05-AUG-2015 12 48097 3 2 5 57 6 29 02 10 280 20 250 3 0000 4 0051 5 0000 6 000 0 7 00 0 0 8 3 8 3 6 333 10 302 59 015 6 000 0 7 0000 
05-AUG-2015 12 48099 2 1 2 30 8 09 01 10 253 20 253 3 0000 4 0037 5 0000 6 000 0 7 51 5 5 8 6 9 7 / 333 10 262 59 021 6 032 2 7 0000 
05-AUG-2015 12 48101 3 2 5 56 7 27 02 10 277 20 250 3 0000 4 0000 5 0000 6 000 0 7 02 2 2 8 4 7 7 1 333 10 307 58 000 6 000 0 7 0000 
05-AUG-2015 12 48103 2 1 3 40 7 22 02 10 263 20 246 3 0000 4 0038 5 0000 6 000 0 7 01 5 5 8 5 7 7 0 333 10 265 59 022 6 014 2 7 0000 
05-AUG-2015 12 48107 2 1 3 30 8 13 01 10 247 20 247 3 0000 4 0055 5 0000 6 000 0 7 01 6 6 8 5 9 7 / 333 10 280 59 023 6 029 2 7 0000 
05-AUG-2015 12 48108 2 1 4 94 8 23 01 10 250 20 242 3 0000 4 0062 5 0000 6 000 0 7 50 5 5 8 5 3 7 / 333 10 252 59 027 6 027 2 7 0000 
05-AUG-2015 12 48109 2 2 4 96 8 23 05 10 272 20 240 3 0000 4 0049 5 0000 6 000 0 7 00 0 0 8 6 9 7 / 333 10 295 59 016 6 000 0 7 0000 
05-AUG-2015 12 48110 2 1 4 94 8 32 02 10 240 20 233 3 0000 4 0077 5 0000 6 000 0 7 51 6 5 8 6 3 2 / 333 10 260 59 019 6 025 2 7 0000 
