051200 48001 32920 13601 10173 20170 40162 81400 333 10205 56900 59004 60002=
051200 48004 32458 50000 10205 20175 85900 333 10232 56500 60002=
051200 48008 32556 70000 10217 20173 40156 83970 333 10252 56450 59008 60002=
051200 48010 32520 20000 10205 20168 40154 82500 333 10250 56700 58013 60002=
051200 48018 32540 30000 10217 20173 40148 82540 333 10270 56760 58008 60002=
051200 48019 32940 00000 10238 20143 40143 333 10261 58016 60002=
051200 48020 32330 50000 10220 20185 85800 333 10255 56500 60002=
051200 48025 32320 63201 10230 20181 40156 84870 333 10250 56550 58016 60002=
051200 48035 31510 10000 10176 20154 40144 70500 81100 333 10235 56900 58002 60002=
051200 48037 32953 00000 10240 20174 40134 333 10273 58015 60002=
051200 48042 32550 10401 10246 20186 40134 81400 333 10280 56900 58010 60002=
051200 48045 32450 81403 10148 20134 88800 333 10200 56300 60002=
051200 48048 32550 20401 10252 20205 40129 82800 333 10293 56900 59002 60002=
051200 48051 32958 00000 10263 20220 333 10300=
051200 48053 32950 03602 10240 20174 40134 333 10290 59002 60002=
051200 48060 32420 10000 10210 20143 40150 81100 333 10245 56500 59024 60002=
051200 48062 31450 23202 10265 20240 40123 70522 82500 333 10320 56900 58001=
051200 48071 32950 03204 10265 20203 40125 333 10292 59006=
051200 48075 32956 00000 10180 20147 40165 333 10220 59008=
051200 48077 32956 00000 10270 20191 40121 333 10292 58006=
051200 48078 32956 10000 10251 20219 40129 80001 333 10285 56009 59028=
051200 48080 32956 00000 10290 20259 40122 333 10320 59011=
051200 48085 32956 01401 10258 20215 40118 333 10304 59017=
051200 48095 32950 00000 10250 20219 333 10285=
051200 48108 32495 60901 10270 20233 40116 83336 333 10345 56999 58008=
051200 48109 32496 40908 10285 20259 40108 83901 333 10305 56909 59014=
051200 48110 21495 81304 10250 20233 40120 79599 85307 333 10330 56209 58019=
051200 48112 32597 80405 10280 20250 40101 83876 333 10315 56199 58005=
051200 48030 31/03 92201 10133 20133 74344 333 10184 60002=
051200 48072 32956 00000 10260 20229 333 10320=
051200 48087 32930 00401 10250 20205 333 10300=
051200 48099 32330 32704 10272 20211 40118 82730 333 10330 56990 58010=
051200 48101 32950 00000 10266 20226 333 10312=
051200 48103 32430 40401 10290 20230 40115 82530 333 10333 56110 58004=
051200 48057 32440 10000 10156 20123 81500 333 10197 56900 60002=
051200 48094 32956 00000 10270 20210 40123 333 10320 59006=
051200 48097 32556 32301 10275 20216 40129 83500 333 10320 56900 59002=
051200 48031 31/05 91801 10135 20107 74744 333 10190 60002=
051200 48033 32959 03601 10230 20198 40131 333 10290 58012 60002=
051200 48034 32456 30000 10275 20237 83500 333 10243 56500 60002=
051200 48039 32458 23201 10250 20156 82400 333 10290 56900 60002=
051200 48043 32010 00000 10160 20144 333 10210 60002=
051200 48052 31350 23601 10265 20191 70522 82600 333 10300 56900 60002=
051200 48055 32556 10402 10180 20165 40152 81500 333 10231 56800 59006 60002=
051200 48064 32950 01401 10241 20191 40106 333 10265 59019 60002=
051200 48065 32950 00000 10250 20186 333 10295 60002=
051200 48092 32556 30000 10280 20233 40103 81530 333 10315 56990 59012=
051200 48093 32530 40401 10292 20248 82141 333 10335 56119=
051200 48107 21330 40402 10250 20233 40113 70196 84900 333 10336 56100 58009=
