05-DEC-2015 03 48001 3 1 3 30 8 00 00 10 130 20 130 3 0000 4 0196 5 0000 6 000 0 7 28 4 4 8 8 7 / / 333 10 /// 58 010 6 000 0 7 0000 
05-DEC-2015 03 48004 3 1 9 05 9 32 01 10 154 20 134 3 0000 4 0000 5 0000 6 000 0 7 47 4 4 8 9 / / / 333 10 /// 58 000 6 000 0 7 0000 
05-DEC-2015 03 48008 3 2 4 56 1 00 00 10 170 20 154 3 0000 4 0199 5 0000 6 000 0 7 00 0 0 8 1 1 0 0 333 10 /// 58 016 6 000 0 7 0000 
05-DEC-2015 03 48010 3 1 5 40 3 00 00 10 180 20 165 3 0000 4 0196 5 0000 6 000 0 7 02 4 4 8 3 6 0 0 333 10 /// 58 021 6 000 0 7 0000 
05-DEC-2015 03 48018 3 2 9 58 0 14 01 10 180 20 165 3 0000 4 0173 5 0000 6 000 0 7 00 0 0 8 0 0 0 0 333 10 /// 58 014 6 000 0 7 0000 
05-DEC-2015 03 48019 3 2 4 57 7 04 01 10 165 20 160 3 0000 4 0182 5 0000 6 000 0 7 00 0 0 8 7 6 0 0 333 10 /// 58 012 6 000 0 7 0000 
05-DEC-2015 03 48020 3 2 3 40 8 36 02 10 190 20 175 3 0000 4 0000 5 0000 6 000 0 7 00 0 0 8 8 7 0 0 333 10 /// 58 000 6 000 0 7 0000 
05-DEC-2015 03 48025 3 1 1 20 6 36 02 10 200 20 200 3 0000 4 0189 5 0000 6 000 0 7 40 4 4 8 5 8 4 0 333 10 /// 58 021 6 000 0 7 0000 
05-DEC-2015 03 48030 3 1 / 09 9 22 02 10 057 20 035 3 0000 4 0000 5 0000 6 000 0 7 43 4 4 8 0 0 0 0 333 10 /// 58 000 6 000 0 7 0000 
05-DEC-2015 03 48031 3 1 / 05 9 22 01 10 120 20 102 3 0000 4 0000 5 0000 6 000 0 7 47 4 4 8 9 / / / 333 10 /// 58 000 6 000 0 7 0000 
05-DEC-2015 03 48033 3 2 9 62 0 36 01 10 200 20 185 3 0000 4 0167 5 0000 6 000 0 7 02 0 0 8 0 0 0 0 333 10 /// 58 014 6 000 0 7 0000 
05-DEC-2015 03 48034 3 2 4 56 1 04 02 10 157 20 123 3 0000 4 0000 5 0000 6 000 0 7 00 0 0 8 1 5 0 0 333 10 /// 58 000 6 000 0 7 0000 
05-DEC-2015 03 48035 3 1 5 30 8 00 00 10 157 20 144 3 0000 4 0184 5 0000 6 000 0 7 10 4 4 8 5 9 7 / 333 10 /// 58 000 6 000 0 7 0000 
05-DEC-2015 03 48037 3 2 9 50 0 36 02 10 201 20 168 3 0000 4 0171 5 0000 6 000 0 7 00 0 0 8 0 0 0 0 333 10 /// 58 013 6 000 0 7 0000 
05-DEC-2015 03 48039 3 1 4 50 2 04 01 10 226 20 181 3 0000 4 0000 5 0000 6 000 0 7 40 4 4 8 1 4 0 2 333 10 /// 58 000 6 000 0 7 0000 
05-DEC-2015 03 48042 3 1 9 30 0 00 00 10 218 20 173 3 0000 4 0168 5 0000 6 000 0 7 10 0 0 8 0 0 0 0 333 10 /// 58 017 6 000 0 7 0000 
05-DEC-2015 03 48043 3 2 5 56 8 05 05 10 145 20 134 3 0000 4 0000 5 0000 6 000 0 7 00 0 0 8 5 8 7 / 333 10 /// 58 000 6 000 0 7 0000 
05-DEC-2015 03 48045 3 2 5 57 3 14 03 10 131 20 113 3 0000 4 0000 5 0000 6 000 0 7 00 0 0 8 3 6 0 0 333 10 /// 58 000 6 000 0 7 0000 
05-DEC-2015 03 48048 3 2 9 58 4 04 01 10 203 20 185 3 0000 4 0177 5 0000 6 000 0 7 00 0 0 8 4 8 0 0 333 10 /// 58 016 6 000 0 7 0000 
05-DEC-2015 03 48051 3 2 9 58 0 31 03 10 206 20 190 3 0000 4 0000 5 0000 6 000 0 7 00 0 0 8 0 0 0 0 333 10 /// 58 000 6 000 0 7 0000 
05-DEC-2015 03 48052 3 1 4 50 8 36 01 10 200 20 185 3 0000 4 0000 5 0000 6 000 0 7 05 2 2 8 5 3 7 0 333 10 /// 58 000 6 000 0 7 0000 
05-DEC-2015 03 48053 2 2 9 56 0 36 02 10 200 20 168 3 0000 4 0173 5 0000 6 000 0 7 00 0 0 8 0 0 0 0 333 10 /// 58 010 6 000 0 7 0000 
05-DEC-2015 03 48055 2 1 4 56 7 03 02 10 148 20 133 3 0000 4 0201 5 0000 6 000 0 7 28 4 4 8 6 3 3 0 333 10 /// 59 002 6 000 0 7 0000 
05-DEC-2015 03 48057 2 1 1 19 3 14 01 10 140 20 124 3 0000 4 0000 5 0000 6 000 0 7 40 4 4 8 3 5 0 0 333 10 /// 58 000 6 000 0 7 0000 
05-DEC-2015 03 48060 2 2 4 40 4 00 00 10 170 20 135 3 0000 4 0190 5 0000 6 000 0 7 00 0 0 8 3 8 3 0 333 10 /// 58 008 6 000 0 7 0000 
05-DEC-2015 03 48062 3 2 9 56 0 04 03 10 225 20 200 3 0000 4 0155 5 0000 6 000 0 7 00 0 0 8 0 0 0 0 333 10 /// 59 003 6 000 0 7 0000 
05-DEC-2015 03 48064 3 2 4 56 8 14 01 10 190 20 175 3 0000 4 0155 5 0000 6 000 0 7 03 0 0 8 4 7 2 0 333 10 /// 58 006 6 000 0 7 0000 
05-DEC-2015 03 48065 3 1 4 40 8 04 01 10 195 20 185 3 0000 4 0000 5 0000 6 000 0 7 10 2 2 8 5 3 7 / 333 10 /// 58 000 6 000 0 7 0000 
05-DEC-2015 03 48071 3 2 9 58 0 04 03 10 247 20 219 3 0000 4 0159 5 0000 6 000 0 7 00 0 0 8 0 0 0 0 333 10 /// 58 003 6 000 0 7 0000 
05-DEC-2015 03 48072 3 2 9 60 0 04 01 10 250 20 205 3 0000 4 0000 5 0000 6 000 0 7 00 0 0 8 0 0 0 0 333 10 /// 58 000 6 000 0 7 0000 
05-DEC-2015 03 48074 2 2 4 57 2 04 02 10 130 20 130 3 0000 4 0182 5 0000 6 000 0 7 00 0 0 8 2 6 0 0 333 10 /// 58 011 6 000 0 7 0000 
05-DEC-2015 03 48075 2 2 4 57 7 00 00 10 150 20 134 3 0000 4 0203 5 0000 6 000 0 7 02 2 2 8 5 7 7 0 333 10 /// 58 009 6 000 0 7 0000 
05-DEC-2015 03 48077 2 2 5 59 2 00 00 10 212 20 195 3 0000 4 0160 5 0000 6 000 0 7 00 0 0 8 1 2 0 1 333 10 /// 58 009 6 000 0 7 0000 
05-DEC-2015 03 48078 2 2 5 57 4 32 03 10 192 20 175 3 0000 4 0162 5 0000 6 000 0 7 00 0 0 8 3 5 0 1 333 10 /// 58 008 6 000 0 7 0000 
05-DEC-2015 03 48080 3 1 9 59 0 04 01 10 192 20 159 3 0000 4 0142 5 0000 6 000 0 7 02 4 4 8 0 0 0 0 333 10 /// 59 005 6 000 0 7 0000 
05-DEC-2015 03 48085 2 2 9 58 0 00 00 10 239 20 209 3 0000 4 0139 5 0000 6 000 0 7 00 0 0 8 0 0 0 0 333 10 /// 59 004 6 000 0 7 0000 
05-DEC-2015 03 48087 3 2 9 50 0 04 03 10 220 20 185 3 0000 4 0000 5 0000 6 000 0 7 00 0 0 8 0 0 0 0 333 10 /// 58 000 6 000 0 7 0000 
05-DEC-2015 03 48092 3 2 4 57 2 27 02 10 240 20 209 3 0000 4 0137 5 0000 6 000 0 7 00 0 0 8 2 5 0 0 333 10 /// 58 015 6 000 0 7 0000 
05-DEC-2015 03 48093 3 2 9 58 0 04 02 10 268 20 211 3 0000 4 0000 5 0000 6 000 0 7 00 0 0 8 0 0 0 0 333 10 /// 58 000 6 000 0 7 0000 
05-DEC-2015 03 48094 3 2 9 59 0 04 02 10 245 20 180 3 0000 4 0144 5 0000 6 000 0 7 00 0 0 8 0 0 0 0 333 10 /// 58 003 6 000 0 7 0000 
05-DEC-2015 03 48095 2 2 9 58 0 04 03 10 230 20 181 3 0000 4 0000 5 0000 6 000 0 7 00 0 0 8 0 0 0 0 333 10 /// 58 000 6 000 0 7 0000 
05-DEC-2015 03 48096 3 2 9 58 1 03 04 10 240 20 209 3 0000 4 0154 5 0000 6 000 0 7 00 0 0 8 0 0 0 1 333 10 /// 58 012 6 000 0 7 0000 
05-DEC-2015 03 48097 3 2 5 57 2 02 03 10 250 20 196 3 0000 4 0151 5 0000 6 000 0 7 00 0 0 8 1 5 3 0 333 10 /// 58 008 6 000 0 7 0000 
05-DEC-2015 03 48099 2 2 4 50 7 32 01 10 256 20 203 3 0000 4 0140 5 0000 6 000 0 7 00 0 0 8 4 8 4 0 333 10 /// 58 012 6 000 0 7 0000 
05-DEC-2015 03 48101 3 2 6 58 5 36 01 10 240 20 191 3 0000 4 0000 5 0000 6 000 0 7 00 0 0 8 1 1 7 0 333 10 /// 58 000 6 000 0 7 0000 
05-DEC-2015 03 48103 2 2 4 50 5 04 04 10 263 20 179 3 0000 4 0141 5 0000 6 000 0 7 00 0 0 8 3 7 3 0 333 10 /// 58 010 6 000 0 7 0000 
05-DEC-2015 03 48107 2 1 3 30 8 04 01 10 258 20 246 3 0000 4 0132 5 0000 6 000 0 7 50 6 5 8 5 9 7 / 333 10 /// 58 007 6 000 0 7 0000 
05-DEC-2015 03 48108 2 2 4 94 8 05 01 10 270 20 240 3 0000 4 0130 5 0000 6 000 0 7 00 0 0 8 5 3 7 7 333 10 /// 59 003 6 000 0 7 0000 
05-DEC-2015 03 48109 3 2 4 97 7 09 08 10 288 20 230 3 0000 4 0139 5 0000 6 000 0 7 00 0 0 8 6 9 7 0 333 10 /// 58 005 6 000 0 7 0000 
05-DEC-2015 03 48110 2 1 9 96 2 09 03 10 310 20 254 3 0000 4 0131 5 0000 6 000 0 7 05 4 4 8 0 0 0 5 333 10 /// 59 003 6 000 0 7 0000 
05-DEC-2015 03 48112 2 2 5 97 8 04 03 10 290 20 248 3 0000 4 0108 5 0000 6 000 0 7 00 0 0 8 3 8 7 6 333 10 /// 59 015 6 000 0 7 0000 
