05-FEB-2015 09 48001 3 2 4 40 7 13 01 10 240 20 136 3 0000 4 0149 5 0000 6 000 0 7 00 0 0 8 5 7 4 0 333 10 /// 59 008 6 000 0 7 0000 
05-FEB-2015 09 48004 3 2 3 56 6 22 01 10 267 20 154 3 0000 4 0000 5 0000 6 000 0 7 00 0 0 8 6 9 0 0 333 10 /// 58 000 6 000 0 7 0000 
05-FEB-2015 09 48010 3 2 5 60 5 00 00 10 275 20 184 3 0000 4 0132 5 0000 6 000 0 7 00 0 0 8 3 8 3 0 333 10 /// 59 007 6 000 0 7 0000 
05-FEB-2015 09 48018 3 2 5 60 4 14 01 10 283 20 158 3 0000 4 0139 5 0000 6 000 0 7 00 0 0 8 2 8 7 0 333 10 /// 59 010 6 000 0 7 0000 
05-FEB-2015 09 48019 3 2 9 60 3 04 01 11 028 20 184 3 0000 4 0137 5 0000 6 000 0 7 00 0 0 8 0 0 0 1 333 10 /// 58 000 6 000 0 7 0000 
05-FEB-2015 09 48025 3 1 4 56 3 04 01 10 302 20 098 3 0000 4 0137 5 0000 6 000 0 7 00 0 0 8 2 5 4 0 333 10 /// 59 010 6 000 0 7 0000 
05-FEB-2015 09 48030 3 2 2 56 4 22 04 10 190 20 014 3 0000 4 0000 5 0000 6 000 0 7 00 0 0 8 2 5 0 6 333 10 /// 58 000 6 000 0 7 0000 
05-FEB-2015 09 48031 3 2 9 62 2 32 01 10 210 20 019 3 0000 4 0000 5 0000 6 000 0 7 00 0 0 8 0 0 4 0 333 10 /// 58 000 6 000 0 7 0000 
05-FEB-2015 09 48033 3 2 9 63 0 32 01 10 315 20 116 3 0000 4 0121 5 0000 6 000 0 7 00 0 0 8 0 0 0 0 333 10 /// 59 010 6 000 0 7 0000 
05-FEB-2015 09 48034 3 2 4 57 2 18 02 10 262 20 039 3 0000 4 0000 5 0000 6 000 0 7 00 0 0 8 2 5 0 0 333 10 /// 58 000 6 000 0 7 0000 
05-FEB-2015 09 48035 3 1 5 58 3 27 02 10 267 20 022 3 0000 4 0103 5 0000 6 000 0 7 05 0 0 8 2 8 0 1 333 10 /// 59 016 6 000 0 7 0000 
05-FEB-2015 09 48037 3 2 9 60 1 36 01 10 325 20 116 3 0000 4 0126 5 0000 6 000 0 7 00 0 0 8 0 0 0 2 333 10 /// 59 007 6 000 0 7 0000 
05-FEB-2015 09 48039 3 2 9 60 3 04 02 10 309 20 169 3 0000 4 0000 5 0000 6 000 0 7 00 0 0 8 0 0 0 2 333 10 /// 58 000 6 000 0 7 0000 
05-FEB-2015 09 48042 3 2 9 58 3 36 02 10 320 20 116 3 0000 4 0127 5 0000 6 000 0 7 00 0 0 8 0 0 0 6 333 10 /// 58 000 6 000 0 7 0000 
05-FEB-2015 09 48043 3 2 0 58 4 27 05 10 245 20 068 3 0000 4 0000 5 0000 6 000 0 7 00 0 0 8 0 0 0 2 333 10 /// 58 000 6 000 0 7 0000 
05-FEB-2015 09 48045 3 2 9 61 4 14 04 10 245 20 024 3 0000 4 0000 5 0000 6 000 0 7 00 0 0 8 0 0 0 6 333 10 /// 58 000 6 000 0 7 0000 
05-FEB-2015 09 48048 3 2 5 60 5 09 01 10 325 20 163 3 0000 4 0130 5 0000 6 000 0 7 00 0 0 8 4 8 5 0 333 10 /// 59 010 6 000 0 7 0000 
05-FEB-2015 09 48051 3 2 9 59 3 31 06 10 321 20 120 3 0000 4 0000 5 0000 6 000 0 7 00 0 0 8 0 0 1 6 333 10 /// 58 000 6 000 0 7 0000 
05-FEB-2015 09 48052 3 2 4 70 3 32 01 10 340 20 145 3 0000 4 0000 5 0000 6 000 0 7 00 0 0 8 3 8 0 0 333 10 /// 58 000 6 000 0 7 0000 
05-FEB-2015 09 48053 3 2 5 56 2 36 03 10 320 20 089 3 0000 4 0123 5 0000 6 000 0 7 00 0 0 8 2 5 0 0 333 10 /// 59 013 6 000 0 7 0000 
05-FEB-2015 09 48055 3 2 9 56 1 14 05 10 291 20 092 3 0000 4 0086 5 0000 6 000 0 7 00 0 0 8 0 0 0 1 333 10 /// 59 027 6 000 0 7 0000 
05-FEB-2015 09 48057 3 2 4 58 3 22 02 10 244 20 034 3 0000 4 0000 5 0000 6 000 0 7 00 0 0 8 1 5 0 6 333 10 /// 58 000 6 000 0 7 0000 
05-FEB-2015 09 48060 3 2 9 50 0 22 02 10 285 20 133 3 0000 4 0103 5 0000 6 000 0 7 00 0 0 8 0 0 0 2 333 10 /// 59 016 6 000 0 7 0000 
05-FEB-2015 09 48062 3 2 5 56 4 27 04 10 300 20 240 3 0000 4 0122 5 0000 6 000 0 7 00 0 0 8 2 2 3 0 333 10 /// 59 020 6 000 0 7 0000 
05-FEB-2015 09 48064 3 2 9 70 1 14 01 10 320 20 236 3 0000 4 0101 5 0000 6 000 0 7 00 0 0 8 0 0 0 1 333 10 /// 59 011 6 000 0 7 0000 
05-FEB-2015 09 48065 3 2 9 70 0 04 05 10 335 20 145 3 0000 4 0000 5 0000 6 000 0 7 00 0 0 8 0 0 0 0 333 10 /// 58 000 6 000 0 7 0000 
05-FEB-2015 09 48071 3 2 9 60 0 32 03 10 275 20 203 3 0000 4 0135 5 0000 6 000 0 7 00 0 0 8 0 0 0 0 333 10 /// 59 019 6 000 0 7 0000 
05-FEB-2015 09 48072 3 2 5 60 1 32 02 10 295 20 239 3 0000 4 0000 5 0000 6 000 0 7 00 0 0 8 1 2 0 0 333 10 /// 58 000 6 000 0 7 0000 
05-FEB-2015 09 48074 3 2 9 60 1 23 03 10 345 20 145 3 0000 4 0118 5 0000 6 000 0 7 00 0 0 8 0 0 0 1 333 10 /// 59 017 6 000 0 7 0000 
05-FEB-2015 09 48075 3 1 5 58 3 14 01 10 295 20 100 3 0000 4 0099 5 0000 6 000 0 7 05 1 1 8 2 1 0 1 333 10 /// 59 012 6 000 0 7 0000 
05-FEB-2015 09 48077 3 2 5 59 3 04 01 10 350 20 083 3 0000 4 0104 5 0000 6 000 0 7 00 0 0 8 1 2 0 1 333 10 /// 59 019 6 000 0 7 0000 
05-FEB-2015 09 48078 3 2 9 60 2 04 01 10 346 20 119 3 0000 4 0114 5 0000 6 000 0 7 00 0 0 8 0 0 0 2 333 10 /// 59 012 6 000 0 7 0000 
05-FEB-2015 09 48080 3 2 4 60 3 22 03 10 330 20 244 3 0000 4 0118 5 0000 6 000 0 7 00 0 0 8 2 2 0 6 333 10 /// 59 015 6 000 0 7 0000 
05-FEB-2015 09 48085 3 2 9 58 1 32 04 10 302 20 207 3 0000 4 0121 5 0000 6 000 0 7 00 0 0 8 0 0 0 6 333 10 /// 59 017 6 000 0 7 0000 
05-FEB-2015 09 48087 3 2 9 60 1 00 00 10 354 20 158 3 0000 4 0000 5 0000 6 000 0 7 00 0 0 8 0 0 4 0 333 10 /// 58 000 6 000 0 7 0000 
05-FEB-2015 09 48092 3 2 9 59 1 32 01 10 350 20 158 3 0000 4 0094 5 0000 6 000 0 7 00 0 0 8 0 0 3 0 333 10 /// 59 026 6 000 0 7 0000 
05-FEB-2015 09 48094 3 2 9 60 0 32 02 10 365 20 185 3 0000 4 0115 5 0000 6 000 0 7 00 0 0 8 0 0 0 0 333 10 /// 59 020 6 000 0 7 0000 
05-FEB-2015 09 48095 3 2 9 60 0 00 00 10 335 20 172 3 0000 4 0000 5 0000 6 000 0 7 00 0 0 8 0 0 0 0 333 10 /// 58 000 6 000 0 7 0000 
05-FEB-2015 09 48097 3 2 5 57 2 14 02 10 345 20 144 3 0000 4 0120 5 0000 6 000 0 7 00 0 0 8 2 8 0 0 333 10 /// 59 022 6 000 0 7 0000 
05-FEB-2015 09 48099 3 2 5 58 4 32 03 10 352 20 202 3 0000 4 0112 5 0000 6 000 0 7 00 0 0 8 2 8 3 0 333 10 /// 59 015 6 000 0 7 0000 
05-FEB-2015 09 48101 3 2 9 60 0 04 01 10 332 20 201 3 0000 4 0000 5 0000 6 000 0 7 00 0 0 8 0 0 0 0 333 10 /// 58 000 6 000 0 7 0000 
05-FEB-2015 09 48103 3 2 4 57 4 22 01 10 347 20 240 3 0000 4 0109 5 0000 6 000 0 7 00 0 0 8 4 8 0 0 333 10 /// 59 018 6 000 0 7 0000 
05-FEB-2015 09 48107 3 2 9 50 0 32 01 10 344 20 270 3 0000 4 0106 5 0000 6 000 0 7 00 0 0 8 0 0 0 0 333 10 /// 59 011 6 000 0 7 0000 
05-FEB-2015 09 48108 3 2 5 96 5 05 06 10 350 20 170 3 0000 4 0113 5 0000 6 000 0 7 00 0 0 8 3 8 0 7 333 10 /// 59 017 6 000 0 7 0000 
05-FEB-2015 09 48109 3 2 9 97 0 04 01 10 312 20 267 3 0000 4 0128 5 0000 6 000 0 7 01 2 2 8 0 0 0 0 333 10 /// 59 023 6 000 0 7 0000 
05-FEB-2015 09 48110 3 1 5 96 3 32 03 10 340 20 206 3 0000 4 0109 5 0000 6 000 0 7 05 1 1 8 2 3 0 5 333 10 /// 59 013 6 000 0 7 0000 
05-FEB-2015 09 48112 3 2 5 97 8 04 05 10 310 20 203 3 0000 4 0112 5 0000 6 000 0 7 00 0 0 8 3 8 7 6 333 10 /// 59 017 6 000 0 7 0000 
