050000 48008 31550 60000 10145 20134 40168 71044 82970 333 20135 56560 59015=
050000 48010 31020 00000 10140 20132 40172 74244 333 20130 59007=
050000 48018 32930 00000 10145 20132 40163 333 20140 59013=
050000 48019 32940 00000 10130 20130 40159 333 20126 59017=
050000 48025 31110 30000 10156 20144 40173 74044 82640 333 20148 56990 59006=
050000 48030 32150 12201 10088 20044 81700 333 20064 56500=
050000 48031 32956 21801 10107 20045 80002 333 20100 56009=
050000 48033 32960 23301 10160 20144 40159 80001 333 20150 56009 58000=
050000 48034 31440 20000 10070 20058 71011 82500 333 20060 56500=
050000 48035 31540 30000 10069 20046 40186 71011 82501 333 20062 56909 59020=
050000 48037 32610 32901 10165 20206 40151 80001 333 20155 56005 59026=  48039 31450 30000 10164 20123 71011 83400 333 20162 56900=
050000 48039 31450 30000 10164 20123 71011 83400 333 20162 56900=
050000 48042 32550 10000 10160 20144 40152 81400 333 20150 56900 59007=
050000 48043 32010 00000 10085 20044 333 20050=
050000 48048 32940 00000 10144 20107 40140 333 20137 59023=
050000 48051 32556 13602 10136 20120 70111 80001 333 20124 56009=
050000 48052 32950 00000 10150 20092 333 20090 56000=
050000 48053 32550 40000 10150 20111 40148 81556 333 20150 56699 59018=
050000 48055 31910 00000 10020 20016 40235 74044 80001 333 20015 56009 59002=
050000 48057 31939 21401 10112 20091 71011 80006 333 20100 56009=
050000 48060 32910 00000 10090 20068 40225 333 20075 59014=
050000 48062 31540 50401 10170 20150 40150 74044 83830 333 20130 56990 59017=
050000 48064 32960 11401 10150 20111 40124 80001 333 20115 56009 59018=
050000 48065 32950 00000 10148 20140 333 20135 56000=
050000 48071 31460 10000 10190 20155 40155 74044 81200 333 20160 56700 59005=
050000 48074 32950 00404 10190 20118 40159 333 20175 59017=
050000 48075 31956 00000 10110 20110 40214 71022 333 20100 59006=
050000 48077 31556 50000 10170 20135 40142 71022 84801 333 20140 56909 59012=
050000 48078 32950 20401 10166 20139 40152 80001 333 20152 56009 59014=
050000 48080 31956 00000 10123 20102 40148 71044 333 20115 59018=
050000 48085 31940 11801 10128 20120 40147 74044 80006 333 20124 56009 59013=
050000 48087 31920 20000 10150 20134 74244 80040 333 20134 56090=
050000 48092 31510 30401 10170 20154 40115 71022 82401 333 20160 56909 59020=
050000 48093 32930 00401 10189 20175 333 20187=
050000 48094 32456 10000 10200 20190 40143 70111 81500 333 20170 56900 59010=
050000 48096 31050 00504 10200 20168 40147 71022 333 20197 58015=
050000 48097 32556 20000 10185 20157 40150 70211 81501 333 20180 56909 59019=
050000 48099 31330 20401 10200 20185 40147 71011 82800 333 20190 56100 58002=
050000 48103 32540 30401 10198 20185 40143 83800 333 20185 56100 59005=
050000 48107 31330 40401 10190 20175 40133 74144 84800 333 20177 56300 59007=
050000 48108 31594 50000 10185 20177 40145 71022 82476 333 20175 56909 59011=
050000 48109 32996 00000 10217 20205 40143 70222 333 20203 56000 59016=
050000 48110 31993 30000 10220 20205 40139 74244 80005 333 20215 56009 59011=
050000 48112 32597 80401 10246 20219 40132 83876 333 20200 56199 59016=  
