48001 NIL=
48004 32458 50000 10225 20181 85900 333 10272 56500=
48008 32550 53201 10245 20184 40145 82430 333 10284 56770 59003=
48010 32550 30000 10245 20174 40131 80031 333 10285 56056 59004=
48018 32558 50000 10250 20167 40140 83870 333 10285 56550 59000=
48019 32540 30000 10245 20209 40128 80045 333 10285 56056 59000=
48020 32340 60000 10260 20179 83430 333 10310 56550=
48025 32458 53202 10276 20098 40125 82541 333 10307 56699 59000=
48030 32256 52205 10156 20059 81506 333 10198 56509=
48031 32962 52701 10158 20028 80006 333 10215 56009=
48033 32962 23602 10290 20115 40131 80006 333 10320 56009 59002=
48034 32456 30000 10188 20072 83500 333 10265 56500=
48035 31558 30000 10220 20111 40120 70500 82501 333 10273 56909 59006=
48037 32658 30000 10288 20159 40116 80039 333 10330 56054 59006=
48039 32460 60401 10275 20085 82402 333 10312 56101=
48042 32558 50000 10283 20146 40122 81406 333 10325 56909 59002=
48043 32010 40000 10200 20085 80006 333 10255 56009=
48045 32959 31402 10200 20033 80006 333 10347 56005=
48048 32550 40901 10286 20159 40125 84800 333 10325 56400 59009=
48051 32959 33102 10270 20130 80006 333 10326 56009=
48052 32450 33201 10310 20146 83800 333 10358 56900=
48053 32556 60000 10280 20098 40119 83556 333 10320 56599 59015=
48055 32456 30405 10232 20124 40112 81106 333 10298 56409 59016=
48057 32950 50000 10194 20096 80006 333 10255 56009=
48060 32910 32201 10215 20116 40144 70322 80036 333 10285 56069 59001=
48062 NIL=
48064 32950 22301 10270 20191 40108 80001 333 10334 56009 59009=
48065 32950 20000 10285 20179 80006 333 10340 56009=
48071 32456 22702 10265 20211 40133 82200 333 10280 56900 59017=
48072 32457 13201 10255 20229 70222 81200 333 10310 56900=
48074 32556 40000 10282 20146 40112 83401 333 10350 56409 59018=
48075 31456 40000 10252 20150 40121 70511 82506 333 10295 56509 59030=
48077 32556 30000 10290 20092 40109 81207 333 10352 56909 59017=
48078 32950 30401 10292 20179 40111 80002 333 10350 56009 59027=
48080 32458 31301 10275 20233 40126 82506 333 10340 56909 59017=
48085 32956 13602 10270 20191 40125 80006 333 10305 56009 59015=
48087 32940 10000 10274 20211 80040 333 10356 56090=
48092 32556 30000 10295 20163 40095 81431 333 10355 56999 59018=
48093 32940 00401 10296 20266 333 10342=
48094 32956 03201 10298 20220 40123 333 10365 59010=
48095 32956 00000 10290 20215 333 10340=
48097 32556 23101 10280 20171 40135 82800 333 10360 56900 59011=
48096 31956 11804 10310 20124 40126 70222 80040 333 10350 56090 59012=
48099 32440 32301 10296 20207 40109 83700 333 10353 56900 59019=
48101 32950 00000 10272 20226 333 10336=
48103 32550 22201 10287 20215 40117 82100 333 10358 56500 59016=
48107 32940 00000 10282 20184 40114 333 10365 59010=
48108 32596 63201 10300 20239 40116 82407 333 10358 56909 59019=
48109 NIL=
48110 31596 50000 10300 20215 40115 70522 82306 333 10340 56209 59010=
48112 32598 60407 10290 20215 40114 82216 333 10326 56199 59008=  48001 NIL=
48004 32458 50000 10225 20181 85900 333 10272 56500=
48008 32550 53201 10245 20184 40145 82430 333 10284 56770 59003=
48010 32550 30000 10245 20174 40131 80031 333 10285 56056 59004=
48018 32558 50000 10250 20167 40140 83870 333 10285 56550 59000=
48019 32540 30000 10245 20209 40128 80045 333 10285 56056 59000=
48020 32340 60000 10260 20179 83430 333 10310 56550=
48025 32458 53202 10276 20098 40125 82541 333 10307 56699 59000=
48030 32256 52205 10156 20059 81506 333 10198 56509=
48031 32962 52701 10158 20028 80006 333 10215 56009=
48033 32962 23602 10290 20115 40131 80006 333 10320 56009 59002=
48034 32456 30000 10188 20072 83500 333 10265 56500=
48035 31558 30000 10220 20111 40120 70500 82501 333 10273 56909 59006=
48037 32658 30000 10288 20159 40116 80039 333 10330 56054 59006=
48039 32460 60401 10275 20085 82402 333 10312 56101=
48042 32558 50000 10283 20146 40122 81406 333 10325 56909 59002=
48043 32010 40000 10200 20085 80006 333 10255 56009=
48045 32959 31402 10200 20033 80006 333 10347 56005=
48048 32550 40901 10286 20159 40125 84800 333 10325 56400 59009=
48051 32959 33102 10270 20130 80006 333 10326 56009=
48052 32450 33201 10310 20146 83800 333 10358 56900=
48053 32556 60000 10280 20098 40119 83556 333 10320 56599 59015=
48055 32456 30405 10232 20124 40112 81106 333 10298 56409 59016=
48057 32950 50000 10194 20096 80006 333 10255 56009=
48060 32910 32201 10215 20116 40144 70322 80036 333 10285 56069 59001=
48062 NIL=
48064 32950 22301 10270 20191 40108 80001 333 10334 56009 59009=
48065 32950 20000 10285 20179 80006 333 10340 56009=
48071 32456 22702 10265 20211 40133 82200 333 10280 56900 59017=
48072 32457 13201 10255 20229 70222 81200 333 10310 56900=
48074 32556 40000 10282 20146 40112 83401 333 10350 56409 59018=
48075 31456 40000 10252 20150 40121 70511 82506 333 10295 56509 59030=
48077 32556 30000 10290 20092 40109 81207 333 10352 56909 59017=
48078 32950 30401 10292 20179 40111 80002 333 10350 56009 59027=
48080 32458 31301 10275 20233 40126 82506 333 10340 56909 59017=
48085 32956 13602 10270 20191 40125 80006 333 10305 56009 59015=
48087 32940 10000 10274 20211 80040 333 10356 56090=
48092 32556 30000 10295 20163 40095 81431 333 10355 56999 59018=
48093 32940 00401 10296 20266 333 10342=
48094 32956 03201 10298 20220 40123 333 10365 59010=
48095 32956 00000 10290 20215 333 10340=
48097 32556 23101 10280 20171 40135 82800 333 10360 56900 59011=
48096 31956 11804 10310 20124 40126 70222 80040 333 10350 56090 59012=
48099 32440 32301 10296 20207 40109 83700 333 10353 56900 59019=
48101 32950 00000 10272 20226 333 10336=
48103 32550 22201 10287 20215 40117 82100 333 10358 56500 59016=
48107 32940 00000 10282 20184 40114 333 10365 59010=
48108 32596 63201 10300 20239 40116 82407 333 10358 56909 59019=
48109 NIL=
48110 31596 50000 10300 20215 40115 70522 82306 333 10340 56209 59010=
48112 32598 60407 10290 20215 40114 82216 333 10326 56199 59008=  