48008 31410 70000 10180 20155 40113 71044 84970 333 56560 58022=
48010 32503 20000 10170 20154 40124 81440 333 56550 58018=
48018 22510 20000 10205 20185 40107 81410 333 56560 58002=
48025 32405 40901 10220 20185 40112 82840 333 56560 58013=
48042 32950 00000 10232 20198 40096 333 58005=
48053 32940 00000 10230 20181 40102 333 58000=
48057 31439 31803 10158 20026 71000 83500 333 56600=
48060 32410 60000 10162 20144 40131 84830 333 56560 58012=
48062 32550 23202 10220 20190 40123 82500 333 56900 58002=
48071 32430 23205 10255 20229 40121 82800 333 56900 58000=
48078 32550 40000 10242 20209 40137 83501 333 56509 58010=
48094 32950 00000 10240 20230 40121 333 59002=
48097 32956 02301 10245 20214 40124 333 59007=
48099 31330 33201 10230 20198 40107 70111 83700 333 56900 59009=
48103 32520 10401 10242 20209 40098 81500 333 56100 58005=
48108 31995 31402 10195 20162 40123 71022 80006 333 56009 59001=
48109 32495 00000 10273 20240 40113 333 58000=
48110 31994 20000 10230 20206 40113 70511 80005 333 56009 59007=
48112 32597 80402 10253 20233 40100 83876 333 56199 59006=  