



*-*-*


<!--
.style2 {
	font-family:"Courier New", Courier, monospace;
	font-size: 14px;
}
-->






SIBM20 VBRR 050915

AAXX 05094

48001 NIL=

48004 31564 30401 10232 20181 70152 83300 333 56500=

48008 32456 81401 10219 20185 40098 8497/ 333 56569 58003=

48010 32560 30000 10260 20203 40078 83800 333 56500 59018=

48018 22560 61401 10250 20205 40093 83870 333 56550 59015=

48019 22460 72301 10223 20205 40086 84760 333 56450 59066=

48020 NIL=

48025 32558 30401 10294 20179 40064 83800 333 56900 59003=

48030 32256 32208 10187 20072 83800 333 56500=

48031 32268 20902 10120 20085 82200 333 56900=

48033 32563 13601 10320 20182 40071 81500 333 56900 59023=

48034 32456 60000 10228 20143 86300 333 56500=

48035 32560 52205 10271 20133 40042 82960 333 56560 59020=

48037 32960 00000 10340 20184 40060 333 59025=

48039 32460 30000 10331 20191 83100 333 56700=

48042 32558 21801 10346 20219 40061 84800 333 56400 59028=

48043 32656 21806 10250 20167 84200 333 56600=

48045 32560 31808 10242 20066 83800 333 56670=

48048 32962 00401 10360 20214 40067 333 59024=

48051 32559 43601 10300 20190 70211 84800 333 56500=

48052 32470 22202 10372 20148 82200 333 56900=

48053 32556 42202 10340 20206 40056 83850 333 56590 59039=

48055 32557 32206 10291 20159 40046 83100 333 56500 59018=

48057 32457 31402 10238 20114 83800 333 56400=

48060 32440 13203 10294 20115 40046 81100 333 56500 59024=

48062 31556 23208 10295 20250 40090 70522 82500 333 56700 59010=

48064 32970 10401 10321 20215 40053 80001 333 56009 59023=

48065 32970 00000 10345 20182 333=

48071 32460 13202 10292 20230 40098 81200 333 56900 59017=  

48072 32960 00402 10290 20259 70122 333=

48074 32561 22301 10335 20184 40084 82250 333 56660 59008=

48075 32560 20401 10290 20120 40056 82100 333 56500 59003=

48077 32559 42301 10340 20184 40075 84800 333 56900 59010=

48078 32559 41801 10322 20200 40086 83501 333 56509 59018=

48080 32960 03204 10310 20237 40085 333 59018=

48085 32458 13207 10298 20300 81800 333 56700 59013=

48087 NIL=

48092 32457 43202 10330 20201 40064 70322 84200 333 56900 59015=

48093 32658 31401 10317 20236 83800 333 56300=

48094 32460 23603 10320 20220 40089 82900 333 56900 59007=

48095 32960 00000 10330 20185 333=

48097 32457 53302 10330 20212 40093 85800 333 56900 59012=

48099 32456 33202 10330 20212 40084 83800 333 56700 59007=

48101 32560 23202 10318 20215 70311 82100 333 56700=

48103 32457 10401 10333 20172 40083 81500 333 56100 59011=

48107 32950 02301 10308 20203 40085 333 59009=

48108 32996 33205 10325 20168 40093 80006 333 56009 59008=

48109 NIL=

48110 31596 43202 10330 20212 40093 70522 82206 333 56909 59010=

48112 NIL=  
SIBM20 VBRR 050900

AAXX 05094

48001 NIL=

48004 31564 30401 10232 20181 70152 83300 333 56500=

48008 32456 81401 10219 20185 40098 8497/ 333 56569

58003=

48010 32560 30000 10260 20203 40078 83800 333 56500

59018=

48018 22560 61401 10250 20205 40093 83870 333 56550

59015=

48019 22460 72301 10223 20205 40086 84760 333 56450

59066=

48020 NIL=

48025 32558 30401 10294 20179 40064 83800 333 56900

59003=

48035 32560 52205 10271 20133 40042 82960 333 56560

59020=

48037 32960 00000 10340 20184 40060 333 59025=

48042 32558 21801 10346 20219 40061 84800 333 56400

59028=

48045 32560 31808 10242 20066 83800 333 56670=

48048 32962 00401 10360 20214 40067 333 59024=

48051 32559 43601 10300 20190 70211 84800 333 56500=

48053 32556 42202 10340 20206 40056 83850 333 56590

59039=

48060 32440 13203 10294 20115 40046 81100 333 56500

59024=

48062 31556 23208 10295 20250 40090 70522 82500 333

56700 59010=

48071 32460 13202 10292 20230 40098 81200 333 56900

59017=

48075 32560 20401 10290 20120 40056 82100 333 56500

59003=

48077 32559 42301 10340 20184 40075 84800 333 56900

59010=

48078 32559 41801 10322 20200 40086 83501 333 56509

59018=

48080 32960 03204 10310 20237 40085 333 59018=

48085 32458 13207 10298 20300 81800 333 56700 59013=

48095 32960 00000 10330 20185 333=

48108 32996 33205 10325 20168 40093 80006 333 56009

59008=

48109 NIL=

48110 31596 43202 10330 20212 40093 70522 82206 333

56909 59010=

48112 NIL=

48030 32256 32208 10187 20072 83800 333 56500=

48072 32960 00402 10290 20259 70122 333=

48087 NIL=

48099 32456 33202 10330 20212 40084 83800 333 56700

59007=

48101 32560 23202 10318 20215 70311 82100 333 56700=

48103 32457 10401 10333 20172 40083 81500 333 56100

59011=

48057 32457 31402 10238 20114 83800 333 56400=

48094 32460 23603 10320 20220 40089 82900 333 56900

59007=

48097 32457 53302 10330 20212 40093 85800 333 56900

59012=

48031 32268 20902 10120 20085 82200 333 56900=

48033 32563 13601 10320 20182 40071 81500 333 56900

59023=

48034 32456 60000 10228 20143 86300 333 56500=

48039 32460 30000 10331 20191 83100 333 56700=

48043 32656 21806 10250 20167 84200 333 56600=

48052 32470 22202 10372 20148 82200 333 56900=

48055 32557 32206 10291 20159 40046 83100 333 56500

59018=

48064 32970 10401 10321 20215 40053 80001 333 56009

59023=

48065 32970 00000 10345 20182 333=

48074 32561 22301 10335 20184 40084 82250 333 56660

59008=

48092 32457 43202 10330 20201 40064 70322 84200 333

56900 59015=

48093 32658 31401 10317 20236 83800 333 56300=

48107 32950 02301 10308 20203 40085 333 59009=  





