05-JAN-2015 06 48004 3 2 4 60 6 04 02 10 234 20 163 3 0000 4 0000 5 0000 6 000 0 7 00 0 0 8 6 9 0 0 333 10 /// 58 000 6 000 0 7 0000 
05-JAN-2015 06 48008 3 1 4 56 8 14 01 10 208 20 175 3 0000 4 0120 5 0000 6 000 0 7 50 5 5 8 4 9 7 / 333 10 /// 58 001 6 000 0 7 0000 
05-JAN-2015 06 48010 3 2 5 60 3 00 00 10 235 20 209 3 0000 4 0103 5 0000 6 000 0 7 00 0 0 8 3 8 0 0 333 10 /// 59 016 6 000 0 7 0000 
05-JAN-2015 06 48018 2 1 5 58 7 14 01 10 215 20 195 3 0000 4 0119 5 0000 6 000 0 7 21 6 6 8 4 9 7 0 333 10 /// 59 015 6 000 0 7 0000 
05-JAN-2015 06 48019 2 2 4 58 7 00 00 10 204 20 200 3 0000 4 0099 5 0000 6 000 0 7 00 0 0 8 5 7 6 0 333 10 /// 59 019 6 000 0 7 0000 
05-JAN-2015 06 48020 3 2 2 58 3 04 02 10 245 20 205 3 0000 4 0000 5 0000 6 000 0 7 00 0 0 8 3 2 0 0 333 10 /// 58 000 6 000 0 7 0000 
05-JAN-2015 06 48025 3 2 4 56 2 09 01 10 265 20 203 3 0000 4 0101 5 0000 6 000 0 7 00 0 0 8 2 1 0 0 333 10 /// 59 004 6 000 0 7 0000 
05-JAN-2015 06 48030 3 2 2 56 5 22 08 10 160 20 085 3 0000 4 0000 5 0000 6 000 0 7 00 0 0 8 5 8 0 0 333 10 /// 58 000 6 000 0 7 0000 
05-JAN-2015 06 48031 3 2 2 68 5 14 01 10 190 20 139 3 0000 4 0000 5 0000 6 000 0 7 00 0 0 8 5 8 0 0 333 10 /// 58 000 6 000 0 7 0000 
05-JAN-2015 06 48034 3 2 4 56 6 18 02 10 210 20 160 3 0000 4 0000 5 0000 6 000 0 7 00 0 0 8 6 3 0 0 333 10 /// 58 000 6 000 0 7 0000 
05-JAN-2015 06 48035 3 2 5 60 3 22 04 10 263 20 160 3 0000 4 0064 5 0000 6 000 0 7 00 0 0 8 3 8 0 0 333 10 /// 59 028 6 000 0 7 0000 
05-JAN-2015 06 48037 3 2 9 60 0 00 00 10 298 20 185 3 0000 4 0083 5 0000 6 000 0 7 00 0 0 8 0 0 0 0 333 10 /// 59 031 6 000 0 7 0000 
05-JAN-2015 06 48039 3 2 4 60 1 22 01 10 317 20 200 3 0000 4 0000 5 0000 6 000 0 7 00 0 0 8 1 1 0 0 333 10 /// 58 000 6 000 0 7 0000 
05-JAN-2015 06 48042 3 2 5 58 3 18 02 10 327 20 212 3 0000 4 0083 5 0000 6 000 0 7 00 0 0 8 3 8 0 0 333 10 /// 59 037 6 000 0 7 0000 
05-JAN-2015 06 48043 3 2 6 57 2 14 06 10 225 20 163 3 0000 4 0000 5 0000 6 000 0 7 00 0 0 8 2 2 0 0 333 10 /// 58 000 6 000 0 7 0000 
05-JAN-2015 06 48045 3 2 5 60 3 23 15 10 227 20 074 3 0000 4 0000 5 0000 6 000 0 7 00 0 0 8 3 8 0 0 333 10 /// 58 000 6 000 0 7 0000 
05-JAN-2015 06 48048 3 2 9 62 0 18 01 10 325 20 184 3 0000 4 0087 5 0000 6 000 0 7 00 0 0 8 0 0 0 0 333 10 /// 59 036 6 000 0 7 0000 
05-JAN-2015 06 48051 3 2 5 59 4 36 03 10 283 20 200 3 0000 4 0000 5 0000 6 000 0 7 00 0 0 8 4 8 0 0 333 10 /// 58 000 6 000 0 7 0000 
05-JAN-2015 06 48052 3 2 4 60 3 32 02 10 350 20 202 3 0000 4 0000 5 0000 6 000 0 7 00 0 0 8 3 8 0 0 333 10 /// 58 000 6 000 0 7 0000 
05-JAN-2015 06 48053 3 2 5 56 3 18 03 10 310 20 226 3 0000 4 0089 5 0000 6 000 0 7 00 0 0 8 3 8 0 0 333 10 /// 59 032 6 000 0 7 0000 
05-JAN-2015 06 48055 3 2 5 56 2 23 02 10 268 20 154 3 0000 4 0070 5 0000 6 000 0 7 00 0 0 8 2 1 0 0 333 10 /// 59 033 6 000 0 7 0000 
05-JAN-2015 06 48057 3 2 4 56 5 22 03 10 230 20 124 3 0000 4 0000 5 0000 6 000 0 7 00 0 0 8 5 8 0 0 333 10 /// 58 000 6 000 0 7 0000 
05-JAN-2015 06 48060 3 2 4 40 2 00 00 10 268 20 154 3 0000 4 0082 5 0000 6 000 0 7 00 0 0 8 2 1 0 0 333 10 /// 59 033 6 000 0 7 0000 
05-JAN-2015 06 48062 3 2 5 56 5 32 04 10 282 20 250 3 0000 4 0117 5 0000 6 000 0 7 00 0 0 8 4 9 3 0 333 10 /// 59 011 6 000 0 7 0000 
05-JAN-2015 06 48064 3 2 9 70 0 04 01 10 310 20 223 3 0000 4 0087 5 0000 6 000 0 7 00 0 0 8 0 0 0 0 333 10 /// 59 019 6 000 0 7 0000 
05-JAN-2015 06 48065 3 2 5 70 1 00 00 10 330 20 172 3 0000 4 0000 5 0000 6 000 0 7 00 0 0 8 1 1 0 0 333 10 /// 58 000 6 000 0 7 0000 
05-JAN-2015 06 48071 3 2 5 60 1 36 02 10 260 20 220 3 0000 4 0120 5 0000 6 000 0 7 00 0 0 8 1 2 0 0 333 10 /// 59 009 6 000 0 7 0000 
05-JAN-2015 06 48072 3 2 5 60 1 04 01 10 290 20 248 3 0000 4 0000 5 0000 6 000 0 7 00 0 0 8 1 2 0 0 333 10 /// 58 000 6 000 0 7 0000 
05-JAN-2015 06 48074 3 2 9 61 1 23 01 10 290 20 215 3 0000 4 0106 5 0000 6 000 0 7 00 0 0 8 0 0 0 1 333 10 /// 59 018 6 000 0 7 0000 
05-JAN-2015 06 48075 3 2 5 58 4 14 01 10 270 20 190 3 0000 4 0100 5 0000 6 000 0 7 00 0 0 8 4 3 0 0 333 10 /// 59 006 6 000 0 7 0000 
05-JAN-2015 06 48077 3 2 5 59 1 04 01 10 320 20 200 3 0000 4 0100 5 0000 6 000 0 7 00 0 0 8 1 2 0 0 333 10 /// 59 016 6 000 0 7 0000 
05-JAN-2015 06 48078 3 2 5 58 2 23 03 10 312 20 203 3 0000 4 0116 5 0000 6 000 0 7 00 0 0 8 1 1 0 1 333 10 /// 59 008 6 000 0 7 0000 
05-JAN-2015 06 48080 3 2 4 61 2 04 04 10 303 20 223 3 0000 4 0116 5 0000 6 000 0 7 00 0 0 8 2 2 0 0 333 10 /// 59 007 6 000 0 7 0000 
05-JAN-2015 06 48085 3 1 4 58 2 32 07 10 296 20 239 3 0000 4 0108 5 0000 6 000 0 7 00 0 0 8 2 8 0 0 333 10 /// 59 013 6 000 0 7 0000 
05-JAN-2015 06 48087 3 2 9 60 0 00 00 10 300 20 223 3 0000 4 0000 5 0000 6 000 0 7 00 0 0 8 0 0 0 0 333 10 /// 58 000 6 000 0 7 0000 
05-JAN-2015 06 48092 3 1 4 56 2 32 01 10 300 20 215 3 0000 4 0091 5 0000 6 000 0 7 05 2 2 8 2 8 0 0 333 10 /// 59 007 6 000 0 7 0000 
05-JAN-2015 06 48093 3 2 6 58 2 23 01 10 313 20 237 3 0000 4 0000 5 0000 6 000 0 7 00 0 0 8 2 1 0 0 333 10 /// 58 000 6 000 0 7 0000 
05-JAN-2015 06 48094 3 2 4 60 4 04 02 10 315 20 245 3 0000 4 0110 5 0000 6 000 0 7 00 0 0 8 4 9 0 0 333 10 /// 59 015 6 000 0 7 0000 
05-JAN-2015 06 48095 3 2 9 60 0 09 02 10 315 20 225 3 0000 4 0000 5 0000 6 000 0 7 00 0 0 8 0 0 0 0 333 10 /// 58 000 6 000 0 7 0000 
05-JAN-2015 06 48097 3 1 4 57 2 33 01 10 320 20 184 3 0000 4 0118 5 0000 6 000 0 7 05 1 1 8 2 8 0 0 333 10 /// 59 012 6 000 0 7 0000 
05-JAN-2015 06 48099 3 1 4 50 3 32 02 10 310 20 206 3 0000 4 0108 5 0000 6 000 0 7 05 1 1 8 3 8 0 0 333 10 /// 59 016 6 000 0 7 0000 
05-JAN-2015 06 48101 3 2 9 60 0 32 02 10 305 20 223 3 0000 4 0000 5 0000 6 000 0 7 00 0 0 8 0 0 0 0 333 10 /// 58 000 6 000 0 7 0000 
05-JAN-2015 06 48103 3 2 9 57 0 04 01 10 312 20 189 3 0000 4 0107 5 0000 6 000 0 7 00 0 0 8 0 0 0 0 333 10 /// 59 015 6 000 0 7 0000 
05-JAN-2015 06 48107 3 2 9 50 0 09 02 10 314 20 189 3 0000 4 0101 5 0000 6 000 0 7 00 0 0 8 0 0 0 0 333 10 /// 59 012 6 000 0 7 0000 
05-JAN-2015 06 48108 3 1 9 96 3 05 05 10 320 20 163 3 0000 4 0107 5 0000 6 000 0 7 02 4 4 8 0 0 0 6 333 10 /// 59 022 6 000 0 7 0000 
05-JAN-2015 06 48110 3 1 9 96 1 32 05 10 310 20 214 3 0000 4 0111 5 0000 6 000 0 7 05 1 1 8 0 0 0 6 333 10 /// 59 015 6 000 0 7 0000 
