48001 21320 80000 10227 20227 40041 76366 887// 333 56599 58010=
48004 32460 53201 10280 20250 85900 333 56500=
48008 31450 80000 10254 20250 40023 76396 8597/ 333 56559 59007=
48010 32440 60000 10275 20268 40024 84830 333 56590 59008=
48018 22560 72201 10275 20256 40013 8387/ 333 56559 59009=
48019 32457 83202 10276 20256 40016 8577/ 333 56459 59009=
48020 32456 50402 10295 20253 85700 333 56400=
48025 32440 73201 10314 20254 40013 85840 333 56550 59008=
48035 NIL=
48037 NIL=
48042 NIL=
48045 NIL=
48048 NIL=
48051 NIL=
48053 NIL=
48060 NIL=
48062 NIL=
48071 NIL=
48075 NIL=
48077 NIL=
48078 NIL=
48080 NIL=
48085 NIL=
48095 NIL=
48108 NIL=
48109 NIL=
48110 NIL=
48112 NIL=
48030 22256 72201 10200 20185 85840 333 56560=
48072 NIL=
48087 NIL=
48099 NIL=
48101 NIL=
48103 NIL=
48057 NIL=
48094 NIL=
48097 NIL=
48031 32257 80401 10224 20185 888// 333 56899=
48033 22562 61802 10310 20254 40025 83806 333 56509 58008=
48034 22456 52301 10247 20219 85300 333 56500=
48039 NIL=
48043 NIL=
48052 NIL=
48055 NIL=
48064 NIL=
48065 NIL=
48074 NIL=
48092 NIL=
48093 NIL=
48107 NIL=  48035 32560 52203 10292 20215 49999 83960 333 56540 59026=
48037 32558 81401 10303 20239 40004 84802 333 56509 59016=
48042 32559 31803 10325 20253 40009 82802 333 56409 59020=
48045 22330 71402 10228 20214 74064 87800 333 56500=
48048 32560 51801 10307 20237 40013 84850 333 56440 59014=
48051 22458 81301 10282 20270 86970 333 56690=
48053 32456 71802 10280 20250 40027 84556 333 56499 59023=
48060 32440 62301 10270 20226 49999 83830 333 56590 59026=
48062 22456 81802 10280 20270 40018 86970 333 56990 59024=
48071 21458 82301 10280 20280 40022 72162 8692/ 333 5659/ 59023=
48057 32458 71402 10220 20205 86950 333 56990=
48039 32460 51401 10310 20237 82102 333 56505=
48043 32556 61805 10270 20211 84230 333 56590=
48052 32458 41301 10325 20244 84800 333 56300=
48055 32557 81803 10258 20215 40018 82301 333 56409 59010=
48064 32458 73201 10287 20259 40012 84831 333 56449 59003=
48065 22456 80402 10282 20250 86870 333 56590=  48075 32450 71401 10250 20219 40049 85770 333 56590 59005=
48077 22558 82304 10280 20250 40028 85970 333 56490 59018=
48078 21557 81803 10272 20256 40048 75055 8557/ 333 56499 59018=
48080 21459 81305 10250 20250 40048 76166 85720 333 56590 59023=
48085 21356 83206 10256 20250 40044 76366 86720 333 56690 59015=
48095 22458 82202 10270 20270 85970 333 56590=
48108 21495 82302 10255 20248 40082 75065 8537/ 333 5669/ 59025=
48109 22496 82303 10292 20274 40056 8697/ 333 5699/ 59027=
48110 21495 80000 10245 20245 40092 75165 8632/ 333 5659/ 59006=
48112 21496 82708 10285 20254 40088 72152 8677/ 333 5669/ 59015=
48072 21458 82301 10275 20268 70355 86970 333 56590=
48087 22450 80000 10268 20256 8597/ 333 5649/=
48099 21330 81301 10272 20256 40049 75055 8697/ 333 5639/ 59028=
48101 22457 82702 10288 20259 8597/ 333 5659/=
48103 21440 63202 10260 20260 40057 76065 8477/ 333 5679/ 59020=
48094 21458 80000 10250 20250 40046 76066 86720 333 56590 59002=
48097 21557 82401 10270 20263 40064 75065 8633/ 333 5699/ 59019=
48074 22458 71404 10280 20250 40050 84770 333 56440 59019=
48092 22457 82302 10280 20268 40033 8597/ 333 5659/ 59020=
48093 21557 82301 10277 20268 70255 8637/ 333 56599=
48107 21330 62701 10252 20252 40070 76166 8597/ 333 5655/ 59021=  