05-JUL-2015 03 48001 2 1 3 20 8 00 00 10 227 20 227 3 0000 4 0041 5 0000 6 000 0 7 63 6 6 8 8 7 / / 333 10 /// 58 010 6 000 0 7 0000 
05-JUL-2015 03 48004 3 2 4 60 5 32 01 10 280 20 250 3 0000 4 0000 5 0000 6 000 0 7 00 0 0 8 5 9 0 0 333 10 /// 58 000 6 000 0 7 0000 
05-JUL-2015 03 48008 3 1 4 50 8 00 00 10 254 20 250 3 0000 4 0023 5 0000 6 000 0 7 63 9 6 8 5 9 7 / 333 10 /// 59 007 6 000 0 7 0000 
05-JUL-2015 03 48010 3 2 4 40 6 00 00 10 275 20 268 3 0000 4 0024 5 0000 6 000 0 7 00 0 0 8 4 8 3 0 333 10 /// 59 008 6 000 0 7 0000 
05-JUL-2015 03 48018 2 2 5 60 7 22 01 10 275 20 256 3 0000 4 0013 5 0000 6 000 0 7 00 0 0 8 3 8 7 / 333 10 /// 59 009 6 000 0 7 0000 
05-JUL-2015 03 48019 3 2 4 57 8 32 02 10 276 20 256 3 0000 4 0016 5 0000 6 000 0 7 00 0 0 8 5 7 7 / 333 10 /// 59 009 6 000 0 7 0000 
05-JUL-2015 03 48020 3 2 4 56 5 04 02 10 295 20 253 3 0000 4 0000 5 0000 6 000 0 7 00 0 0 8 5 7 0 0 333 10 /// 58 000 6 000 0 7 0000 
05-JUL-2015 03 48025 3 2 4 40 7 32 01 10 314 20 254 3 0000 4 0013 5 0000 6 000 0 7 00 0 0 8 5 8 4 0 333 10 /// 59 008 6 000 0 7 0000 
05-JUL-2015 03 48030 2 2 2 56 7 22 01 10 200 20 185 3 0000 4 0000 5 0000 6 000 0 7 00 0 0 8 5 8 4 0 333 10 /// 58 000 6 000 0 7 0000 
05-JUL-2015 03 48031 3 2 2 57 8 04 01 10 224 20 185 3 0000 4 0000 5 0000 6 000 0 7 00 0 0 8 8 8 / / 333 10 /// 58 000 6 000 0 7 0000 
05-JUL-2015 03 48033 2 2 5 62 6 18 02 10 310 20 254 3 0000 4 0025 5 0000 6 000 0 7 00 0 0 8 3 8 0 6 333 10 /// 58 008 6 000 0 7 0000 
05-JUL-2015 03 48034 2 2 4 56 5 23 01 10 247 20 219 3 0000 4 0000 5 0000 6 000 0 7 00 0 0 8 5 3 0 0 333 10 /// 58 000 6 000 0 7 0000 
05-JUL-2015 03 48037 3 2 5 58 8 14 01 10 303 20 239 3 0000 4 0004 5 0000 6 000 0 7 00 0 0 8 4 8 0 2 333 10 /// 59 016 6 000 0 7 0000 
05-JUL-2015 03 48039 3 2 4 60 5 14 01 10 310 20 237 3 0000 4 0000 5 0000 6 000 0 7 00 0 0 8 2 1 0 2 333 10 /// 58 000 6 000 0 7 0000 
05-JUL-2015 03 48042 3 2 5 59 3 18 03 10 325 20 253 3 0000 4 0009 5 0000 6 000 0 7 00 0 0 8 2 8 0 2 333 10 /// 59 020 6 000 0 7 0000 
05-JUL-2015 03 48043 3 2 5 56 6 18 05 10 270 20 211 3 0000 4 0000 5 0000 6 000 0 7 00 0 0 8 4 2 3 0 333 10 /// 58 000 6 000 0 7 0000 
05-JUL-2015 03 48045 2 2 3 30 7 14 02 10 228 20 214 3 0000 4 0000 5 0000 6 000 0 7 40 6 4 8 7 8 0 0 333 10 /// 58 000 6 000 0 7 0000 
05-JUL-2015 03 48048 3 2 5 60 5 18 01 10 307 20 237 3 0000 4 0013 5 0000 6 000 0 7 00 0 0 8 4 8 5 0 333 10 /// 59 014 6 000 0 7 0000 
05-JUL-2015 03 48051 2 2 4 58 8 13 01 10 282 20 270 3 0000 4 0000 5 0000 6 000 0 7 00 0 0 8 6 9 7 0 333 10 /// 58 000 6 000 0 7 0000 
05-JUL-2015 03 48052 3 2 4 58 4 13 01 10 325 20 244 3 0000 4 0000 5 0000 6 000 0 7 00 0 0 8 4 8 0 0 333 10 /// 58 000 6 000 0 7 0000 
05-JUL-2015 03 48053 3 2 4 56 7 18 02 10 280 20 250 3 0000 4 0027 5 0000 6 000 0 7 00 0 0 8 4 5 5 6 333 10 /// 59 023 6 000 0 7 0000 
05-JUL-2015 03 48055 3 2 5 57 8 18 03 10 258 20 215 3 0000 4 0018 5 0000 6 000 0 7 00 0 0 8 2 3 0 1 333 10 /// 59 010 6 000 0 7 0000 
05-JUL-2015 03 48057 3 2 4 58 7 14 02 10 220 20 205 3 0000 4 0000 5 0000 6 000 0 7 00 0 0 8 6 9 5 0 333 10 /// 58 000 6 000 0 7 0000 
05-JUL-2015 03 48060 3 2 4 40 6 23 01 10 270 20 226 3 0000 4 9999 5 0000 6 000 0 7 00 0 0 8 3 8 3 0 333 10 /// 59 026 6 000 0 7 0000 
05-JUL-2015 03 48062 2 2 4 56 8 18 02 10 280 20 270 3 0000 4 0018 5 0000 6 000 0 7 00 0 0 8 6 9 7 0 333 10 /// 59 024 6 000 0 7 0000 
05-JUL-2015 03 48064 3 2 4 58 7 32 01 10 287 20 259 3 0000 4 0012 5 0000 6 000 0 7 00 0 0 8 4 8 3 1 333 10 /// 59 003 6 000 0 7 0000 
05-JUL-2015 03 48065 2 2 4 56 8 04 02 10 282 20 250 3 0000 4 0000 5 0000 6 000 0 7 00 0 0 8 6 8 7 0 333 10 /// 58 000 6 000 0 7 0000 
05-JUL-2015 03 48071 2 1 4 58 8 23 01 10 280 20 280 3 0000 4 0022 5 0000 6 000 0 7 21 6 2 8 6 9 2 / 333 10 /// 59 023 6 000 0 7 0000 
05-JUL-2015 03 48072 2 1 4 58 8 23 01 10 275 20 268 3 0000 4 0000 5 0000 6 000 0 7 03 5 5 8 6 9 7 0 333 10 /// 58 000 6 000 0 7 0000 
05-JUL-2015 03 48074 2 2 4 58 7 14 04 10 280 20 250 3 0000 4 0050 5 0000 6 000 0 7 00 0 0 8 4 7 7 0 333 10 /// 59 019 6 000 0 7 0000 
05-JUL-2015 03 48077 2 2 5 58 8 23 04 10 280 20 250 3 0000 4 0028 5 0000 6 000 0 7 00 0 0 8 5 9 7 0 333 10 /// 59 018 6 000 0 7 0000 
05-JUL-2015 03 48078 2 1 5 57 8 18 03 10 272 20 256 3 0000 4 0048 5 0000 6 000 0 7 50 5 5 8 5 5 7 / 333 10 /// 59 018 6 000 0 7 0000 
05-JUL-2015 03 48080 2 1 4 59 8 13 05 10 250 20 250 3 0000 4 0048 5 0000 6 000 0 7 61 6 6 8 5 7 2 0 333 10 /// 59 023 6 000 0 7 0000 
05-JUL-2015 03 48085 2 1 3 56 8 32 06 10 256 20 250 3 0000 4 0044 5 0000 6 000 0 7 63 6 6 8 6 7 2 0 333 10 /// 59 015 6 000 0 7 0000 
05-JUL-2015 03 48087 2 2 4 50 8 00 00 10 268 20 256 3 0000 4 0000 5 0000 6 000 0 7 00 0 0 8 5 9 7 / 333 10 /// 58 000 6 000 0 7 0000 
05-JUL-2015 03 48092 2 2 4 57 8 23 02 10 280 20 268 3 0000 4 0033 5 0000 6 000 0 7 00 0 0 8 5 9 7 / 333 10 /// 59 020 6 000 0 7 0000 
05-JUL-2015 03 48093 2 1 5 57 8 23 01 10 277 20 268 3 0000 4 0000 5 0000 6 000 0 7 02 5 5 8 6 3 7 / 333 10 /// 58 000 6 000 0 7 0000 
05-JUL-2015 03 48094 2 1 4 58 8 00 00 10 250 20 250 3 0000 4 0046 5 0000 6 000 0 7 60 6 6 8 6 7 2 0 333 10 /// 59 002 6 000 0 7 0000 
05-JUL-2015 03 48095 2 2 4 58 8 22 02 10 270 20 270 3 0000 4 0000 5 0000 6 000 0 7 00 0 0 8 5 9 7 0 333 10 /// 58 000 6 000 0 7 0000 
05-JUL-2015 03 48097 2 1 5 57 8 24 01 10 270 20 263 3 0000 4 0064 5 0000 6 000 0 7 50 6 5 8 6 3 3 / 333 10 /// 59 019 6 000 0 7 0000 
05-JUL-2015 03 48099 2 1 3 30 8 13 01 10 272 20 256 3 0000 4 0049 5 0000 6 000 0 7 50 5 5 8 6 9 7 / 333 10 /// 59 028 6 000 0 7 0000 
05-JUL-2015 03 48101 2 2 4 57 8 27 02 10 288 20 259 3 0000 4 0000 5 0000 6 000 0 7 00 0 0 8 5 9 7 / 333 10 /// 58 000 6 000 0 7 0000 
05-JUL-2015 03 48103 2 1 4 40 6 32 02 10 260 20 260 3 0000 4 0057 5 0000 6 000 0 7 60 6 5 8 4 7 7 / 333 10 /// 59 020 6 000 0 7 0000 
05-JUL-2015 03 48107 2 1 3 30 6 27 01 10 252 20 252 3 0000 4 0070 5 0000 6 000 0 7 61 6 6 8 5 9 7 / 333 10 /// 59 021 6 000 0 7 0000 
05-JUL-2015 03 48108 2 1 4 95 8 23 02 10 255 20 248 3 0000 4 0082 5 0000 6 000 0 7 50 6 5 8 5 3 7 / 333 10 /// 59 025 6 000 0 7 0000 
05-JUL-2015 03 48109 2 2 4 96 8 23 03 10 292 20 274 3 0000 4 0056 5 0000 6 000 0 7 00 0 0 8 6 9 7 / 333 10 /// 59 027 6 000 0 7 0000 
05-JUL-2015 03 48110 2 1 4 95 8 00 00 10 245 20 245 3 0000 4 0092 5 0000 6 000 0 7 51 6 5 8 6 3 2 / 333 10 /// 59 006 6 000 0 7 0000 
05-JUL-2015 03 48112 2 1 4 96 8 27 08 10 285 20 254 3 0000 4 0088 5 0000 6 000 0 7 21 5 2 8 6 7 7 / 333 10 /// 59 015 6 000 0 7 0000 
