48001 32440 70401 10268 20240 40078 83770 333 56230 58001=
48004 32458 40401 10296 20239 84900 333 56500=
48008 31440 80000 10250 20245 40085 79595 8497/ 333 56459 58006=
48010 22557 60000 10280 20250 40060 84801 333 56606 59024=
48018 32559 72201 10300 20239 40081 84870 333 56550 59000=
48019 21456 80000 10275 20270 40078 76166 8577/ 333 56999 59006=
48020 32960 00402 10315 20260 333=
48025 32456 31801 10320 20248 40066 83800 333 56500 58000=
48030 21256 42202 10210 20175 70544 83840 333 56560=
48031 21260 20401 10240 20191 70544 82800 333 56900=
48033 32562 21801 10320 20248 40065 82500 333 56900 59010=
48034 22456 80000 10232 20214 8637/ 333 5659/=
48035 22559 70000 10275 20220 40070 85960 333 56190 59019=
48037 32558 11801 10300 20239 40064 81800 333 56900 59007=
48039 32460 32201 10318 20236 82150 333 56550=
48042 32558 31302 10335 20251 40062 81252 333 56999 59009=
48043 32058 21803 10265 20211 82230 333 56090=
48045 32660 60403 10260 20203 82860 333 56550=
48048 22558 52201 10303 20239 40070 84850 333 56490 59004=
48051 22558 83601 10291 20260 86930 333 56390=
48052 22418 51302 10310 20267 85900 333 56900=
48053 22450 61802 10285 20250 40081 83550 333 56590 58003=
48055 22556 60901 10260 20215 40073 83930 333 56550 58003=
48057 22458 61401 10220 20185 83350 333 56490=
48060 32440 70000 10268 20211 40080 83872 333 56566 58002=
48062 22456 71302 10300 20270 40078 85970 333 56490 59009=
48064 32460 70000 10305 20267 40052 84831 333 56449 59015=
48065 32460 71403 10298 20253 86330 333 56990=
48071 32458 62302 10305 20282 40086 84970 333 56990 59003=
48072 21459 70000 10300 20266 70362 85970 333 56590=
48074 32459 70404 10290 20259 40090 83860 333 56390 58000=
48075 22457 50000 10270 20240 40094 85300 333 56500 59013=
48077 22559 82302 10300 20253 40082 85971 333 56499 59002=
48078 22550 51801 10290 20259 40097 83831 333 56449 58002=
48080 22459 71302 10290 20259 40098 85830 333 56690 58003=
48085 31458 62704 10304 20266 40087 70152 86900 333 56900 58002=
48087 32560 60000 10300 20253 8387/ 333 5649/=
48092 22458 51801 10295 20244 40078 83631 333 56599 58002=
48093 32658 53201 10296 20253 84840 333 56390=
48094 22459 62202 10290 20270 40093 84940 333 56590 58003=
48095 22458 40000 10285 20268 83940 333 56990=
48097 22557 42302 10300 20239 40107 83801 333 56909 58001=
48099 22450 53202 10308 20267 40095 85900 333 56700 59001=
48101 32559 52302 10302 20253 84330 333 56590=
48103 21356 61402 10298 20266 40097 86700 333 56300 58005=
48107 32350 42301 10310 20267 40098 84900 333 56500 58005=
48108 32596 52302 10310 20254 40096 83306 333 56509 59008=
48109 22497 42301 10290 20259 40093 82901 333 56909 59004=
48110 32596 33203 10320 20265 40098 81306 333 56909 58000=
48112 32598 60401 10318 20265 40098 82216 333 56199 58005=  48001 32440 70401 10268 20240 40078 83770 333 56230 58001=
48004 32458 40401 10296 20239 84900 333 56500=
48008 NIL=
48010 NIL=
48018 NIL=
48019 NIL=
48020 NIL=
48025 NIL=
48035 NIL=
48037 NIL=
48042 NIL=
48045 NIL=
48048 NIL=
48051 NIL=
48053 NIL=
48060 NIL=
48062 NIL=
48071 NIL=
48075 NIL=
48077 NIL=
48078 NIL=
48080 NIL=
48085 NIL=
48095 NIL=
48108 NIL=
48109 NIL=
48110 NIL=
48112 NIL=
48030 NIL=
48072 NIL=
48087 NIL=
48099 NIL=
48101 NIL=
48103 NIL=
48057 NIL=
48094 NIL=
48097 NIL=
48031 NIL=
48033 NIL=
48034 NIL=
48039 NIL=
48043 NIL=
48052 NIL=
48055 NIL=
48064 NIL=
48065 NIL=
48074 NIL=
48092 NIL=
48093 NIL=
48107 NIL=  48008 31440 80000 10250 20245 40085 79595 8497/ 333 56459 58006=
48010 22557 60000 10280 20250 40060 84801 333 56606 59024=
48018 32559 72201 10300 20239 40081 84870 333 56550 59000=
48019 21456 80000 10275 20270 40078 76166 8577/ 333 56999 59006=
48020 32960 00402 10315 20260 333=
48025 32456 31801 10320 20248 40066 83800 333 56500 58000=
48035 22559 70000 10275 20220 40070 85960 333 56190 59019=
48037 32558 11801 10300 20239 40064 81800 333 56900 59007=
48042 32558 31302 10335 20251 40062 81252 333 56999 59009=
48045 32660 60403 10260 20203 82860 333 56550=
48048 22558 52201 10303 20239 40070 84850 333 56490 59004=
48051 22558 83601 10291 20260 86930 333 56390=
48053 22450 61802 10285 20250 40081 83550 333 56590 58003=
48060 32440 70000 10268 20211 40080 83872 333 56566 58002=
48062 22456 71302 10300 20270 40078 85970 333 56490 59009=
48071 32458 62302 10305 20282 40086 84970 333 56990 59003=
48075 22457 50000 10270 20240 40094 85300 333 56500 59013=
48077 22559 82302 10300 20253 40082 85971 333 56499 59002=
48078 22550 51801 10290 20259 40097 83831 333 56449 58002=
48080 22459 71302 10290 20259 40098 85830 333 56690 58003=
48085 31458 62704 10304 20266 40087 70152 86900 333 56900 58002=
48095 22458 40000 10285 20268 83940 333 56990=
48108 32596 52302 10310 20254 40096 83306 333 56509 59008=
48109 22497 42301 10290 20259 40093 82901 333 56909 59004=
48110 32596 33203 10320 20265 40098 81306 333 56909 58000=
48112 32598 60401 10318 20265 40098 82216 333 56199 58005=
48030 21256 42202 10210 20175 70544 83840 333 56560=
48072 21459 70000 10300 20266 70362 85970 333 56590=
48087 32560 60000 10300 20253 8387/ 333 5649/=
48099 22450 53202 10308 20267 40095 85900 333 56700 59001=
48101 32559 52302 10302 20253 84330 333 56590=
48103 21356 61402 10298 20266 40097 86700 333 56300 58005=
48057 22458 61401 10220 20185 83350 333 56490=
48094 22459 62202 10290 20270 40093 84940 333 56590 58003=
48097 22557 42302 10300 20239 40107 83801 333 56909 58001=
48031 21260 20401 10240 20191 70544 82800 333 56900=
48033 32562 21801 10320 20248 40065 82500 333 56900 59010=
48034 22456 80000 10232 20214 8637/ 333 5659/=
48039 32460 32201 10318 20236 82150 333 56550=
48043 32058 21803 10265 20211 82230 333 56090=
48052 22418 51302 10310 20267 85900 333 56900=
48055 22556 60901 10260 20215 40073 83930 333 56550 58003=
48064 32460 70000 10305 20267 40052 84831 333 56449 59015=
48065 32460 71403 10298 20253 86330 333 56990=
48074 32459 70404 10290 20259 40090 83860 333 56390 58000=
48092 22458 51801 10295 20244 40078 83631 333 56599 58002=
48093 32658 53201 10296 20253 84840 333 56390=
48107 32350 42301 10310 20267 40098 84900 333 56500 58005=  