05-JUN-2015 12 48001 3 1 3 20 8 09 01 10 270 20 256 3 0000 4 0030 5 0000 6 000 0 7 50 5 5 8 4 7 7 / 333 10 325 59 006 6 003 2 7 0000 
05-JUN-2015 12 48008 2 2 5 50 5 23 01 10 308 20 254 3 0000 4 0025 5 0000 6 000 0 7 00 0 0 8 3 9 3 0 333 10 312 58 004 6 990 2 7 0000 
05-JUN-2015 12 48010 3 2 5 56 5 00 00 10 335 20 300 3 0000 4 0005 5 0000 6 000 0 7 00 0 0 8 1 5 0 1 333 10 356 59 010 6 000 2 7 0000 
05-JUN-2015 12 48018 3 2 5 58 4 04 01 10 340 20 270 3 0000 4 0026 5 0000 6 000 0 7 00 0 0 8 2 8 6 2 333 10 360 59 012 6 000 2 7 0000 
05-JUN-2015 12 48019 2 2 9 56 3 00 00 10 326 20 281 3 0000 4 0017 5 0000 6 000 0 7 00 0 0 8 2 2 3 0 333 10 362 59 004 6 000 2 7 0000 
05-JUN-2015 12 48025 2 1 2 20 7 22 04 10 300 20 239 3 0000 4 0029 5 0000 6 000 0 7 95 9 6 8 5 7 7 / 333 10 393 59 004 6 005 2 7 0000 
05-JUN-2015 12 48033 3 2 5 62 6 23 02 10 360 20 249 3 0000 4 0027 5 0000 6 000 0 7 00 0 0 8 5 9 0 1 333 10 390 59 017 6 000 2 7 0000 
05-JUN-2015 12 48035 3 1 5 58 6 22 02 10 292 20 215 3 0000 4 0009 5 0000 6 000 0 7 05 2 2 8 4 9 6 0 333 10 329 59 020 6 000 2 7 0000 
05-JUN-2015 12 48037 3 2 5 58 5 18 02 10 360 20 249 3 0000 4 0016 5 0000 6 000 0 7 00 0 0 8 3 8 3 1 333 10 382 59 029 6 000 2 7 0000 
05-JUN-2015 12 48042 3 2 5 58 6 18 01 10 360 20 264 3 0000 4 0018 5 0000 6 000 0 7 00 0 0 8 4 9 0 2 333 10 383 59 010 6 000 2 7 0000 
05-JUN-2015 12 48048 3 2 5 50 4 22 01 10 356 20 235 3 0000 4 0019 5 0000 6 000 0 7 00 0 0 8 3 8 5 0 333 10 370 59 028 6 000 2 7 0000 
05-JUN-2015 12 48053 3 1 4 50 7 18 02 10 330 20 258 3 0000 4 0028 5 0000 6 000 0 7 17 9 9 8 5 9 5 0 333 10 362 59 003 6 000 2 7 0000 
05-JUN-2015 12 48055 2 2 5 56 8 00 00 10 227 20 224 3 0000 4 0058 5 0000 6 000 0 7 02 9 6 8 5 9 7 / 333 10 316 59 002 6 050 2 7 0000 
05-JUN-2015 12 48060 3 2 4 30 8 00 00 10 282 20 220 3 0000 4 0043 5 0000 6 000 0 7 00 0 0 8 3 9 7 2 333 10 336 58 022 6 000 2 7 0000 
05-JUN-2015 12 48062 3 1 4 56 8 27 04 10 300 20 280 3 0000 4 0053 5 0000 6 000 0 7 20 9 9 8 6 9 2 / 333 10 325 59 003 6 000 2 7 0000 
05-JUN-2015 12 48064 3 2 5 50 6 04 01 10 335 20 270 3 0000 4 0010 5 0000 6 000 0 7 00 0 0 8 4 8 3 1 333 10 403 59 014 6 000 2 7 0000 
05-JUN-2015 12 48071 2 2 4 56 7 23 01 10 300 20 253 3 0000 4 0055 5 0000 6 000 0 7 00 0 0 8 5 9 7 0 333 10 320 59 010 6 007 2 7 0000 
05-JUN-2015 12 48074 3 2 4 58 7 14 03 10 340 20 257 3 0000 4 0042 5 0000 6 000 0 7 00 0 0 8 3 3 0 2 333 10 370 59 012 6 000 2 7 0000 
05-JUN-2015 12 48075 3 1 4 56 5 14 01 10 290 20 220 3 0000 4 0052 5 0000 6 000 0 7 02 9 9 8 3 9 6 0 333 10 310 59 019 6 000 2 7 0000 
05-JUN-2015 12 48077 2 2 5 56 7 23 01 10 330 20 244 3 0000 4 0041 5 0000 6 000 0 7 00 0 0 8 5 9 3 1 333 10 345 59 020 6 003 2 7 0000 
05-JUN-2015 12 48078 3 2 5 56 6 14 02 10 325 20 247 3 0000 4 0054 5 0000 6 000 0 7 00 0 0 8 3 3 3 2 333 10 350 59 007 6 000 2 7 0000 
05-JUN-2015 12 48080 2 2 4 59 5 22 04 10 294 20 259 3 0000 4 0071 5 0000 6 000 0 7 00 0 0 8 3 8 3 0 333 10 325 58 000 6 000 2 7 0000 
05-JUN-2015 12 48085 3 2 4 56 5 18 03 10 310 20 254 3 0000 4 0061 5 0000 6 000 0 7 00 0 0 8 3 9 3 6 333 10 330 59 002 6 000 2 7 0000 
05-JUN-2015 12 48092 3 2 4 58 2 53 01 10 305 20 260 3 0000 4 0043 5 0000 6 000 0 7 00 0 0 8 4 8 0 1 333 10 335 59 009 6 000 2 7 0000 
05-JUN-2015 12 48094 2 2 4 56 6 00 00 10 300 20 270 3 0000 4 0065 5 0000 6 000 0 7 00 0 0 8 4 9 7 0 333 10 328 59 003 6 001 2 7 0000 
05-JUN-2015 12 48097 3 2 5 57 6 24 01 10 300 20 239 3 0000 4 0087 5 0000 6 000 0 7 00 0 0 8 4 8 3 1 333 10 348 58 002 6 000 2 7 0000 
05-JUN-2015 12 48099 3 2 4 50 5 27 03 10 308 20 254 3 0000 4 0064 5 0000 6 000 0 7 00 0 0 8 3 3 0 2 333 10 346 58 001 6 000 2 7 0000 
05-JUN-2015 12 48103 3 2 4 50 7 22 01 10 306 20 254 3 0000 4 0068 5 0000 6 000 0 7 00 0 0 8 6 9 3 0 333 10 338 58 004 6 000 2 7 0000 
05-JUN-2015 12 48107 3 2 3 40 4 23 01 10 310 20 254 3 0000 4 0072 5 0000 6 000 0 7 00 0 0 8 4 9 0 0 333 10 330 58 001 6 000 2 7 0000 
05-JUN-2015 12 48108 3 2 5 96 7 36 02 10 302 20 260 3 0000 4 0079 5 0000 6 000 0 7 00 0 0 8 4 3 6 6 333 10 345 58 005 6 000 2 7 0000 
05-JUN-2015 12 48109 3 2 4 97 5 23 01 10 306 20 254 3 0000 4 0078 5 0000 6 000 0 7 00 0 0 8 5 9 0 0 333 10 318 58 000 6 000 2 7 0000 
05-JUN-2015 12 48110 3 2 5 96 8 32 04 10 310 20 267 3 0000 4 0076 5 0000 6 000 0 7 00 0 0 8 2 3 0 7 333 10 345 58 001 6 000 2 7 0000 
05-JUN-2015 12 48112 3 2 5 97 8 09 01 10 290 20 248 3 0000 4 0081 5 0000 6 000 0 7 00 0 0 8 3 8 7 6 333 10 355 58 005 6 000 2 7 0000 
