050600 48001 32450 60901 10305 20237 40054 82850 333 56710 59013=
050600 48004 32358 61301 10346 20266 86900 333 56500=
050600 48008 32440 81401 10268 20256 40075 8497/ 333 56569 58004=
050600 48010 32560 31801 10320 20265 40051 82101 333 56606 59009=
050600 48018 32560 62202 10345 20257 40067 83872 333 56549 59016=
050600 48019 21457 83602 10276 20268 40068 75066 8577/ 333 56599 59005=
050600 48020 32460 50403 10350 20266 82830 333 56550=
050600 48025 32456 41401 10363 20249 40062 83840 333 56590 58015=
050600 48035 32558 62203 10311 20186 40038 84960 333 56690 59010=
050600 48037 32560 31401 10351 20240 40057 83800 333 56400 58032=
050600 48042 32558 51302 10370 20258 40055 82252 333 56449 59006=
050600 48045 32560 61404 10280 20220 84360 333 56110=
050600 48048 32560 52201 10335 20257 40062 84850 333 56490 59001=
050600 48051 32559 51301 10340 20270 84930 333 56790=
050600 48053 32450 61801 10320 20248 40109 83856 333 56599 58041=
050600 48060 32440 60000 10333 20191 40042 83972 333 56566 58004=
050600 48062 32456 72302 10320 20290 40068 86970 333 56990 59024=
050600 48071 21358 72304 10280 20268 40086 72162 85970 333 56990 59005=
050600 48075 32557 62201 10290 20250 40072 84360 333 56590 58003=
050600 48077 32559 72302 10340 20257 40075 85931 333 56499 59004=
050600 48078 32558 41401 10326 20253 40087 83801 333 56409 59002=
050600 48080 21460 62202 10301 20253 40082 70165 84870 333 56690 58001=
050600 48085 32458 52705 10320 20265 40080 84906 333 56609 59008=
050600 48095 32560 20000 10305 20233 82800 333 56900=
050600 48108 32596 62702 10333 20242 40088 83366 333 56679 59008=
050600 48110 32596 33203 10345 20261 40091 81305 333 56909 59003=
050600 48112 32598 62701 10340 20257 40089 82216 333 56699 59007=
050600 48072 21459 72704 10290 20274 75065 85970 333 56590=
050600 48087 32560 42301 10334 20244 84800 333 56900=
050600 48099 32456 63203 10325 20265 40087 85930 333 56790 59001=
050600 48101 32560 50000 10324 20248 85300 333 56500=
050600 48103 32457 42201 10320 20265 40091 84800 333 56500 58006=
050600 48057 32458 52202 10262 20179 84301 333 56409=
050600 48094 32459 62202 10310 20260 40084 85940 333 56690 59005=
050600 48097 32557 50501 10320 20248 40104 84801 333 56909 58003=
050600 48033 32563 41801 10360 20249 40058 84800 333 56900 58003=
050600 48034 32457 62302 10278 20220 86800 333 56500=
050600 48039 32460 63201 10340 20240 83150 333 56770=
050600 48043 32658 31805 10285 20215 82230 333 56590=
050600 48052 32468 41301 10362 20264 84800 333 56900=
050600 48055 31556 60403 10330 20215 40048 71799 85901 333 56509 59012=
050600 48064 32470 50401 10363 20278 40041 84801 333 56409 59008=
050600 48065 32570 32202 10360 20249 82501 333 56909=
050600 48074 32461 51404 10340 20240 40081 84850 333 56440 59002=
050600 48092 32459 42302 10320 20248 40069 83201 333 56909 59003=
050600 48093 32558 52301 10315 20248 85300 333 56500=
050600 48107 32350 62301 10318 20265 40092 84970 333 56550 58001=  
