05-MAR-2015 00 48008 3 1 5 40 7 00 00 10 162 20 144 3 0000 4 0126 5 0000 6 000 0 7 10 4 4 8 4 9 7 0 333 20 153 58 057 6 000 0 7 0000 
05-MAR-2015 00 48010 3 2 5 20 3 00 00 10 150 20 142 3 0000 4 0110 5 0000 6 000 0 7 00 0 0 8 1 4 3 0 333 20 145 58 040 6 000 2 7 0000 
05-MAR-2015 00 48018 2 2 5 56 6 22 01 10 175 20 165 3 0000 4 0104 5 0000 6 000 0 7 00 0 0 8 3 8 7 0 333 20 165 58 036 6 000 0 7 0000 
05-MAR-2015 00 48019 3 2 4 40 3 00 00 10 160 20 160 3 0000 4 0116 5 0000 6 000 0 7 00 0 0 8 0 0 4 1 333 20 155 58 045 6 000 2 7 0000 
05-MAR-2015 00 48025 2 2 4 10 5 22 01 10 176 20 147 3 0000 4 0120 5 0000 6 000 0 7 00 0 0 8 4 8 4 0 333 20 168 58 043 6 000 0 7 0000 
05-MAR-2015 00 48030 2 1 1 56 4 22 08 10 127 20 086 3 0000 4 0000 5 0000 6 000 0 7 01 5 5 8 4 8 0 0 333 20 110 58 000 6 000 0 7 0000 
05-MAR-2015 00 48031 3 2 2 50 4 32 01 10 125 20 102 3 0000 4 0000 5 0000 6 000 0 7 00 0 0 8 4 8 0 0 333 20 120 58 000 6 000 0 7 0000 
05-MAR-2015 00 48033 2 2 5 60 2 33 01 10 200 20 185 3 0000 4 0102 5 0000 6 000 0 7 00 0 0 8 2 5 0 0 333 20 185 58 030 6 000 0 7 0000 
05-MAR-2015 00 48034 2 2 4 56 3 00 00 10 130 20 086 3 0000 4 0000 5 0000 6 000 0 7 00 0 0 8 3 5 0 0 333 20 118 58 000 6 000 0 7 0000 
05-MAR-2015 00 48035 3 1 5 02 1 00 00 10 125 20 113 3 0000 4 0129 5 0000 6 000 0 7 42 4 4 8 1 1 0 0 333 20 120 58 030 6 000 2 7 0000 
05-MAR-2015 00 48037 2 1 9 20 0 00 00 10 190 20 159 3 0000 4 0109 5 0000 6 000 0 7 05 4 4 8 0 0 0 0 333 20 182 58 043 6 000 0 7 0000 
05-MAR-2015 00 48039 2 1 4 50 2 32 02 10 200 20 150 3 0000 4 0000 5 0000 6 000 0 7 01 9 9 8 1 4 0 2 333 20 195 58 000 6 000 0 7 0000 
05-MAR-2015 00 48042 2 2 9 56 0 00 00 10 205 20 171 3 0000 4 0109 5 0000 6 000 0 7 00 0 0 8 0 0 0 0 333 20 195 58 038 6 000 0 7 0000 
05-MAR-2015 00 48048 3 2 8 40 2 00 00 10 196 20 130 3 0000 4 0105 5 0000 6 000 0 7 00 0 0 8 2 8 0 0 333 20 188 58 032 6 000 2 7 0000 
05-MAR-2015 00 48052 3 2 4 50 3 00 00 10 200 20 150 3 0000 4 0000 5 0000 6 000 0 7 00 0 0 8 3 8 0 0 333 20 190 58 000 6 000 0 7 0000 
05-MAR-2015 00 48053 3 2 9 50 0 00 00 10 200 20 150 3 0000 4 0118 5 0000 6 000 0 7 00 0 0 8 0 0 0 0 333 20 194 58 035 6 000 2 7 0000 
05-MAR-2015 00 48055 3 1 9 50 0 00 00 10 123 20 115 3 0000 4 0144 5 0000 6 000 0 7 10 0 0 8 0 0 0 0 333 20 114 58 031 6 000 2 7 0000 
05-MAR-2015 00 48060 3 1 9 20 0 00 00 10 150 20 134 3 0000 4 0141 5 0000 6 000 0 7 40 4 4 8 0 0 0 0 333 20 135 58 009 6 000 2 7 0000 
05-MAR-2015 00 48062 3 1 9 40 0 00 00 10 220 20 220 3 0000 4 0103 5 0000 6 000 0 7 05 0 0 8 0 0 0 0 333 20 200 59 012 6 000 0 7 0000 
05-MAR-2015 00 48064 3 2 9 50 2 32 01 10 223 20 173 3 0000 4 0094 5 0000 6 000 0 7 00 0 0 8 0 0 0 6 333 20 180 58 031 6 000 0 7 0000 
05-MAR-2015 00 48065 3 2 9 50 0 00 00 10 210 20 175 3 0000 4 0000 5 0000 6 000 0 7 00 0 0 8 0 0 0 0 333 20 195 58 000 6 000 0 7 0000 
05-MAR-2015 00 48071 3 2 4 40 3 32 03 10 255 20 229 3 0000 4 0121 5 0000 6 000 0 7 00 0 0 8 2 8 0 0 333 20 215 58 015 6 000 2 7 0000 
05-MAR-2015 00 48074 3 2 9 56 0 00 00 10 220 20 173 3 0000 4 0121 5 0000 6 000 0 7 00 0 0 8 0 0 0 0 333 20 207 58 032 6 000 2 7 0000 
05-MAR-2015 00 48075 3 1 9 40 0 00 00 10 170 20 170 3 0000 4 0138 5 0000 6 000 0 7 05 0 0 8 0 0 0 0 333 20 160 58 014 6 000 0 7 0000 
05-MAR-2015 00 48077 3 1 9 56 0 00 00 10 220 20 173 3 0000 4 0100 5 0000 6 000 0 7 05 0 0 8 0 0 0 0 333 20 190 58 016 6 000 0 7 0000 
05-MAR-2015 00 48080 3 1 9 50 0 00 00 10 202 20 185 3 0000 4 0123 5 0000 6 000 0 7 00 0 0 8 4 0 4 4 333 20 175 58 022 6 000 0 7 0000 
05-MAR-2015 00 48085 3 1 9 50 0 00 00 10 216 20 205 3 0000 4 0115 5 0000 6 000 0 7 40 4 4 8 0 0 0 0 333 20 215 58 027 6 000 2 7 0000 
05-MAR-2015 00 48092 3 1 / 05 9 00 00 10 210 20 210 3 0000 4 0093 5 0000 6 000 0 7 43 4 4 8 9 / / / 333 20 185 58 013 6 000 0 7 0000 
05-MAR-2015 00 48093 3 2 9 40 0 00 00 10 227 20 214 3 0000 4 0000 5 0000 6 000 0 7 00 0 0 8 0 0 0 0 333 20 223 58 000 6 000 0 7 0000 
05-MAR-2015 00 48094 3 2 9 50 0 00 00 10 230 20 210 3 0000 4 0115 5 0000 6 000 0 7 00 0 0 8 0 0 0 0 333 20 190 58 028 6 000 0 7 0000 
05-MAR-2015 00 48097 3 1 5 50 4 23 02 10 225 20 217 3 0000 4 0111 5 0000 6 000 0 7 10 1 1 8 4 4 0 0 333 20 215 58 016 6 000 0 7 0000 
05-MAR-2015 00 48099 3 2 4 40 3 00 00 10 226 20 214 3 0000 4 0108 5 0000 6 000 0 7 00 0 0 8 2 5 3 0 333 20 215 58 016 6 000 0 7 0000 
05-MAR-2015 00 48103 3 2 4 40 2 04 01 10 246 20 233 3 0000 4 0107 5 0000 6 000 0 7 00 0 0 8 2 5 0 0 333 20 216 58 015 6 000 2 7 0000 
05-MAR-2015 00 48107 3 1 9 30 0 09 02 10 203 20 185 3 0000 4 0109 5 0000 6 000 0 7 41 4 4 8 0 0 0 0 333 20 188 58 006 6 000 2 7 0000 
05-MAR-2015 00 48108 3 1 5 93 4 05 02 10 205 20 198 3 0000 4 0117 5 0000 6 000 0 7 40 1 1 8 2 4 0 6 333 20 185 58 013 6 000 0 7 0000 
05-MAR-2015 00 48109 3 2 9 96 0 00 00 10 250 20 233 3 0000 4 0127 5 0000 6 000 0 7 02 2 2 8 0 0 0 0 333 20 232 58 022 6 000 2 7 0000 
05-MAR-2015 00 48110 3 1 5 96 5 18 01 10 250 20 241 3 0000 4 0113 5 0000 6 000 0 7 05 2 2 8 2 5 0 6 333 20 250 58 006 6 000 0 7 0000 
05-MAR-2015 00 48112 3 2 9 57 6 32 01 10 270 20 256 3 0000 4 0114 5 0000 6 000 0 7 00 0 0 8 2 2 4 6 333 20 222 58 004 6 000 0 7 0000 
