05-MAY-2015 03 48001 3 1 4 50 8 09 01 10 214 20 195 3 0000 4 0104 5 0000 6 000 0 7 03 2 2 8 4 4 7 / 333 10 /// 59 028 6 000 0 7 0000 
05-MAY-2015 03 48004 3 2 5 60 3 13 01 10 280 20 203 3 0000 4 0000 5 0000 6 000 0 7 00 0 0 8 3 8 0 0 333 10 /// 58 000 6 000 0 7 0000 
05-MAY-2015 03 48008 3 2 9 57 0 14 01 10 288 20 196 3 0000 4 0081 5 0000 6 000 0 7 00 0 0 8 0 0 0 0 333 10 /// 59 018 6 000 0 7 0000 
05-MAY-2015 03 48010 3 2 5 50 2 00 00 10 265 20 203 3 0000 4 0084 5 0000 6 000 0 7 00 0 0 8 1 5 0 1 333 10 /// 58 006 6 000 0 7 0000 
05-MAY-2015 03 48018 3 2 9 58 0 14 02 10 295 20 185 3 0000 4 0073 5 0000 6 000 0 7 00 0 0 8 0 0 0 0 333 10 /// 59 019 6 000 0 7 0000 
05-MAY-2015 03 48019 3 2 9 60 0 27 02 10 295 20 215 3 0000 4 0074 5 0000 6 000 0 7 00 0 0 8 0 0 0 0 333 10 /// 59 023 6 000 0 7 0000 
05-MAY-2015 03 48020 3 2 9 58 0 00 00 10 295 20 207 3 0000 4 0000 5 0000 6 000 0 7 00 0 0 8 0 0 0 0 333 10 /// 58 000 6 000 0 7 0000 
05-MAY-2015 03 48025 3 2 3 40 1 00 00 10 298 20 166 3 0000 4 0091 5 0000 6 000 0 7 00 0 0 8 1 5 0 0 333 10 /// 59 004 6 000 0 7 0000 
05-MAY-2015 03 48030 3 2 9 57 0 22 01 10 164 20 106 3 0000 4 0000 5 0000 6 000 0 7 00 0 0 8 0 0 0 0 333 10 /// 58 000 6 000 0 7 0000 
05-MAY-2015 03 48031 3 2 9 60 0 18 01 10 240 20 034 3 0000 4 0000 5 0000 6 000 0 7 00 0 0 8 0 0 0 0 333 10 /// 58 000 6 000 0 7 0000 
05-MAY-2015 03 48033 3 2 9 62 0 09 01 10 350 20 202 3 0000 4 0074 5 0000 6 000 0 7 00 0 0 8 0 0 0 0 333 10 /// 59 010 6 000 0 7 0000 
05-MAY-2015 03 48034 3 2 9 57 0 36 02 10 264 20 102 3 0000 4 0000 5 0000 6 000 0 7 00 0 0 8 0 0 0 0 333 10 /// 58 000 6 000 0 7 0000 
05-MAY-2015 03 48035 3 1 9 58 0 00 00 10 271 20 191 3 0000 4 0080 5 0000 6 000 0 7 05 0 0 8 0 0 0 0 333 10 /// 59 008 6 000 0 7 0000 
05-MAY-2015 03 48037 3 2 9 58 0 36 01 10 334 20 151 3 0000 4 0069 5 0000 6 000 0 7 00 0 0 8 0 0 0 0 333 10 /// 59 020 6 000 0 7 0000 
05-MAY-2015 03 48039 3 2 4 59 2 14 01 10 340 20 225 3 0000 4 0000 5 0000 6 000 0 7 00 0 0 8 2 1 0 0 333 10 /// 58 000 6 000 0 7 0000 
05-MAY-2015 03 48042 3 2 9 57 0 13 05 10 350 20 235 3 0000 4 0079 5 0000 6 000 0 7 00 0 0 8 0 0 0 0 333 10 /// 59 013 6 000 0 7 0000 
05-MAY-2015 03 48043 3 2 0 57 0 32 05 10 280 20 158 3 0000 4 0000 5 0000 6 000 0 7 00 0 0 8 0 0 0 0 333 10 /// 58 000 6 000 0 7 0000 
05-MAY-2015 03 48048 3 2 9 60 0 32 01 10 355 20 214 3 0000 4 0081 5 0000 6 000 0 7 00 0 0 8 0 0 0 0 333 10 /// 59 011 6 000 0 7 0000 
05-MAY-2015 03 48051 3 2 5 59 5 04 01 10 322 20 270 3 0000 4 0000 5 0000 6 000 0 7 01 2 2 8 5 8 0 0 333 10 /// 58 000 6 000 0 7 0000 
05-MAY-2015 03 48053 3 2 9 50 0 18 01 10 330 20 244 3 0000 4 0086 5 0000 6 000 0 7 00 0 0 8 0 0 0 0 333 10 /// 59 019 6 000 0 7 0000 
05-MAY-2015 03 48055 3 2 9 56 1 36 02 10 275 20 167 3 0000 4 0071 5 0000 6 000 0 7 00 0 0 8 0 0 0 1 333 10 /// 59 020 6 000 0 7 0000 
05-MAY-2015 03 48057 3 2 4 58 2 14 02 10 248 20 186 3 0000 4 0000 5 0000 6 000 0 7 00 0 0 8 1 5 0 1 333 10 /// 58 000 6 000 0 7 0000 
05-MAY-2015 03 48060 3 1 4 40 1 00 00 10 262 20 179 3 0000 4 0077 5 0000 6 000 0 7 40 4 4 8 1 1 0 0 333 10 /// 59 025 6 000 0 7 0000 
05-MAY-2015 03 48062 3 2 5 57 2 04 02 10 310 20 270 3 0000 4 0095 5 0000 6 000 0 7 01 2 2 8 2 2 0 0 333 10 /// 59 012 6 000 0 7 0000 
05-MAY-2015 03 48071 3 2 4 58 5 05 02 10 320 20 265 3 0000 4 0094 5 0000 6 000 0 7 00 0 0 8 5 8 0 0 333 10 /// 59 020 6 000 0 7 0000 
05-MAY-2015 03 48072 3 2 4 60 4 32 04 10 320 20 265 3 0000 4 0000 5 0000 6 000 0 7 02 2 2 8 3 8 3 0 333 10 /// 58 000 6 000 0 7 0000 
05-MAY-2015 03 48074 3 2 5 59 0 09 02 10 315 20 248 3 0000 4 0100 5 0000 6 000 0 7 00 0 0 8 0 0 0 0 333 10 /// 59 006 6 000 0 7 0000 
05-MAY-2015 03 48075 3 2 4 57 1 27 01 10 285 20 209 3 0000 4 0088 5 0000 6 000 0 7 00 0 0 8 0 0 0 1 333 10 /// 59 034 6 000 0 7 0000 
05-MAY-2015 03 48077 3 2 9 59 0 00 00 10 330 20 244 3 0000 4 0077 5 0000 6 000 0 7 00 0 0 8 0 0 0 0 333 10 /// 59 016 6 000 0 7 0000 
05-MAY-2015 03 48078 2 2 5 56 2 18 01 10 334 20 250 3 0000 4 0103 5 0000 6 000 0 7 00 0 0 8 1 1 0 1 333 10 /// 59 007 6 000 0 7 0000 
05-MAY-2015 03 48080 3 2 4 60 5 32 03 10 321 20 265 3 0000 4 0103 5 0000 6 000 0 7 00 0 0 8 4 8 7 0 333 10 /// 59 026 6 000 0 7 0000 
05-MAY-2015 03 48085 3 2 4 58 2 32 04 10 322 20 281 3 0000 4 0092 5 0000 6 000 0 7 00 0 0 8 2 8 0 0 333 10 /// 59 012 6 000 0 7 0000 
05-MAY-2015 03 48087 3 2 9 60 0 23 02 10 318 20 265 3 0000 4 0000 5 0000 6 000 0 7 00 0 0 8 0 0 0 0 333 10 /// 58 000 6 000 0 7 0000 
05-MAY-2015 03 48092 3 1 4 57 4 18 01 10 325 20 253 3 0000 4 0075 5 0000 6 000 0 7 05 2 2 8 4 8 0 0 333 10 /// 59 008 6 000 0 7 0000 
05-MAY-2015 03 48093 3 2 5 58 3 04 01 10 330 20 258 3 0000 4 0000 5 0000 6 000 0 7 00 0 0 8 3 8 0 0 333 10 /// 58 000 6 000 0 7 0000 
05-MAY-2015 03 48094 3 2 4 58 5 32 02 10 320 20 280 3 0000 4 0093 5 0000 6 000 0 7 03 2 2 8 4 9 4 0 333 10 /// 59 011 6 000 0 7 0000 
05-MAY-2015 03 48095 3 2 4 58 1 22 01 10 325 20 245 3 0000 4 0000 5 0000 6 000 0 7 03 0 0 8 1 2 0 0 333 10 /// 58 000 6 000 0 7 0000 
05-MAY-2015 03 48097 3 2 5 57 6 32 01 10 325 20 230 3 0000 4 0110 5 0000 6 000 0 7 02 2 2 8 4 8 0 6 333 10 /// 59 003 6 000 0 7 0000 
05-MAY-2015 03 48099 3 2 4 56 5 13 01 10 325 20 236 3 0000 4 0098 5 0000 6 000 0 7 00 0 0 8 4 9 0 1 333 10 /// 59 011 6 000 0 7 0000 
05-MAY-2015 03 48101 3 2 5 59 5 27 02 10 314 20 267 3 0000 4 0000 5 0000 6 000 0 7 03 2 2 8 4 3 3 0 333 10 /// 58 000 6 000 0 7 0000 
05-MAY-2015 03 48103 3 2 4 56 3 14 01 10 327 20 258 3 0000 4 0099 5 0000 6 000 0 7 00 0 0 8 3 8 0 0 333 10 /// 59 011 6 000 0 7 0000 
05-MAY-2015 03 48107 3 2 3 50 4 13 01 10 308 20 254 3 0000 4 0097 5 0000 6 000 0 7 00 0 0 8 4 9 0 0 333 10 /// 59 010 6 000 0 7 0000 
05-MAY-2015 03 48108 3 2 5 96 6 14 02 10 325 20 262 3 0000 4 0103 5 0000 6 000 0 7 00 0 0 8 3 3 6 6 333 10 /// 59 014 6 000 0 7 0000 
05-MAY-2015 03 48109 3 2 4 97 4 00 00 10 310 20 254 3 0000 4 0110 5 0000 6 000 0 7 02 2 2 8 4 9 0 0 333 10 /// 59 006 6 000 0 7 0000 
05-MAY-2015 03 48110 3 1 5 96 6 32 02 10 320 20 256 3 0000 4 0103 5 0000 6 000 0 7 05 2 2 8 3 9 0 6 333 10 /// 59 012 6 000 0 7 0000 
05-MAY-2015 03 48112 3 2 5 97 7 04 02 10 325 20 270 3 0000 4 0104 5 0000 6 000 0 7 03 2 2 8 3 8 7 6 333 10 /// 59 014 6 000 0 7 0000 
