05-MAR-2015 06 48004 3 2 4 60 6 32 03 10 257 20 160 3 0000 4 0000 5 0000 6 000 0 7 00 0 0 8 6 9 0 0 333 10 /// 58 000 6 000 0 7 0000 
05-MAR-2015 06 48008 3 2 5 57 1 23 01 10 290 20 115 3 0000 4 0139 5 0000 6 000 0 7 00 0 0 8 1 4 0 0 333 10 /// 58 034 6 000 0 7 0000 
05-MAR-2015 06 48010 3 2 5 60 6 22 02 10 270 20 191 3 0000 4 0129 5 0000 6 000 0 7 00 0 0 8 4 8 3 0 333 10 /// 58 039 6 000 0 7 0000 
05-MAR-2015 06 48018 3 2 5 60 2 32 02 10 290 20 140 3 0000 4 0136 5 0000 6 000 0 7 00 0 0 8 2 8 0 0 333 10 /// 58 034 6 000 0 7 0000 
05-MAR-2015 06 48019 3 2 9 60 0 04 02 10 294 20 179 3 0000 4 0124 5 0000 6 000 0 7 00 0 0 8 0 0 0 0 333 10 /// 58 051 6 000 0 7 0000 
05-MAR-2015 06 48020 3 2 2 58 4 36 02 10 280 20 203 3 0000 4 0000 5 0000 6 000 0 7 00 0 0 8 4 5 0 0 333 10 /// 58 000 6 000 0 7 0000 
05-MAR-2015 06 48025 3 1 4 56 3 32 01 10 310 20 146 3 0000 4 0138 5 0000 6 000 0 7 05 4 4 8 3 8 0 0 333 10 /// 58 027 6 000 0 7 0000 
05-MAR-2015 06 48030 3 2 5 56 7 22 07 10 187 20 072 3 0000 4 0000 5 0000 6 000 0 7 00 0 0 8 5 8 5 0 333 10 /// 58 000 6 000 0 7 0000 
05-MAR-2015 06 48031 3 1 2 58 2 14 01 10 220 20 087 3 0000 4 0000 5 0000 6 000 0 7 05 1 1 8 2 8 0 0 333 10 /// 58 000 6 000 0 7 0000 
05-MAR-2015 06 48033 3 2 9 63 0 27 01 10 330 20 191 3 0000 4 0122 5 0000 6 000 0 7 00 0 0 8 0 0 0 0 333 10 /// 58 025 6 000 0 7 0000 
05-MAR-2015 06 48034 3 2 4 58 3 23 02 10 266 20 085 3 0000 4 0000 5 0000 6 000 0 7 00 0 0 8 3 8 0 0 333 10 /// 58 000 6 000 0 7 0000 
05-MAR-2015 06 48035 3 2 5 60 2 00 00 10 277 20 098 3 0000 4 0105 5 0000 6 000 0 7 00 0 0 8 2 2 0 0 333 10 /// 58 038 6 000 0 7 0000 
05-MAR-2015 06 48037 3 1 9 56 0 36 01 10 322 20 140 3 0000 4 0114 5 0000 6 000 0 7 05 0 0 8 0 0 0 0 333 10 /// 58 020 6 000 0 7 0000 
05-MAR-2015 06 48039 3 1 9 50 2 27 01 10 327 20 172 3 0000 4 0000 5 0000 6 000 0 7 05 1 1 8 0 0 0 2 333 10 /// 58 000 6 000 0 7 0000 
05-MAR-2015 06 48042 3 1 9 56 0 22 01 10 315 20 154 3 0000 4 0118 5 0000 6 000 0 7 05 0 0 8 0 0 0 0 333 10 /// 58 033 6 000 0 7 0000 
05-MAR-2015 06 48043 3 2 5 58 1 36 05 10 255 20 119 3 0000 4 0000 5 0000 6 000 0 7 00 0 0 8 0 0 0 0 333 10 /// 58 000 6 000 0 7 0000 
05-MAR-2015 06 48045 3 2 5 62 2 04 02 10 249 20 105 3 0000 4 0000 5 0000 6 000 0 7 00 0 0 8 1 1 4 0 333 10 /// 58 000 6 000 0 7 0000 
05-MAR-2015 06 48048 3 2 5 60 2 04 01 10 325 20 184 3 0000 4 0127 5 0000 6 000 0 7 00 0 0 8 2 8 0 0 333 10 /// 58 027 6 000 0 7 0000 
05-MAR-2015 06 48051 3 2 5 58 3 36 03 10 324 20 200 3 0000 4 0000 5 0000 6 000 0 7 03 1 1 8 3 2 0 0 333 10 /// 58 000 6 000 0 7 0000 
05-MAR-2015 06 48052 3 2 9 58 0 32 02 10 342 20 164 3 0000 4 0000 5 0000 6 000 0 7 00 0 0 8 0 0 0 0 333 10 /// 58 000 6 000 0 7 0000 
05-MAR-2015 06 48053 3 1 9 50 0 27 02 10 330 20 151 3 0000 4 0118 5 0000 6 000 0 7 05 0 0 8 0 0 0 0 333 10 /// 58 033 6 000 0 7 0000 
05-MAR-2015 06 48055 3 1 5 56 1 27 05 10 303 20 124 3 0000 4 0048 5 0000 6 000 0 7 05 1 1 8 1 5 0 0 333 10 /// 58 025 6 000 0 7 0000 
05-MAR-2015 06 48057 3 2 4 60 1 32 03 10 256 20 119 3 0000 4 0000 5 0000 6 000 0 7 00 0 0 8 1 5 0 0 333 10 /// 58 000 6 000 0 7 0000 
05-MAR-2015 06 48060 3 2 4 56 2 27 04 10 310 20 146 3 0000 4 0097 5 0000 6 000 0 7 00 0 0 8 1 1 3 0 333 10 /// 58 021 6 000 0 7 0000 
05-MAR-2015 06 48062 3 2 5 58 3 27 09 10 300 20 250 3 0000 4 0141 5 0000 6 000 0 7 03 2 2 8 3 6 0 0 333 10 /// 58 021 6 000 0 7 0000 
05-MAR-2015 06 48064 3 2 9 70 0 14 01 10 350 20 219 3 0000 4 0098 5 0000 6 000 0 7 00 0 0 8 0 0 0 0 333 10 /// 58 019 6 000 0 7 0000 
05-MAR-2015 06 48065 3 2 9 70 0 00 00 10 350 20 202 3 0000 4 0000 5 0000 6 000 0 7 00 0 0 8 0 0 0 0 333 10 /// 58 000 6 000 0 7 0000 
05-MAR-2015 06 48071 3 2 4 60 1 32 02 10 295 20 239 3 0000 4 0142 5 0000 6 000 0 7 00 0 0 8 1 2 0 0 333 10 /// 58 017 6 000 0 7 0000 
05-MAR-2015 06 48072 3 2 9 60 0 27 04 10 330 20 258 3 0000 4 0000 5 0000 6 000 0 7 00 0 0 8 0 0 0 0 333 10 /// 58 000 6 000 0 7 0000 
05-MAR-2015 06 48074 3 2 9 61 0 32 03 10 335 20 164 3 0000 4 0126 5 0000 6 000 0 7 00 0 0 8 0 0 0 0 333 10 /// 58 016 6 000 0 7 0000 
05-MAR-2015 06 48075 3 1 4 57 1 22 02 10 315 20 140 3 0000 4 0116 5 0000 6 000 0 7 05 1 1 8 1 1 0 0 333 10 /// 58 048 6 000 0 7 0000 
05-MAR-2015 06 48077 3 2 5 59 1 04 01 10 360 20 156 3 0000 4 0109 5 0000 6 000 0 7 00 0 0 8 1 4 0 0 333 10 /// 58 014 6 000 0 7 0000 
05-MAR-2015 06 48078 3 2 9 57 1 18 01 10 341 20 195 3 0000 4 0124 5 0000 6 000 0 7 00 0 0 8 0 0 0 1 333 10 /// 58 010 6 000 0 7 0000 
05-MAR-2015 06 48080 3 2 9 61 0 32 06 10 332 20 234 3 0000 4 0121 5 0000 6 000 0 7 00 0 0 8 0 0 0 0 333 10 /// 58 024 6 000 0 7 0000 
05-MAR-2015 06 48085 3 2 9 58 0 32 06 10 308 20 223 3 0000 4 0133 5 0000 6 000 0 7 00 0 0 8 0 0 0 0 333 10 /// 58 018 6 000 0 7 0000 
05-MAR-2015 06 48087 3 2 9 60 0 04 02 10 350 20 158 3 0000 4 0000 5 0000 6 000 0 7 00 0 0 8 0 0 0 0 333 10 /// 58 000 6 000 0 7 0000 
05-MAR-2015 06 48092 3 2 9 57 0 32 02 10 350 20 182 3 0000 4 0106 5 0000 6 000 0 7 00 0 0 8 0 0 0 0 333 10 /// 58 017 6 000 0 7 0000 
05-MAR-2015 06 48093 3 2 9 58 0 23 01 10 340 20 225 3 0000 4 0000 5 0000 6 000 0 7 02 1 1 8 0 0 0 0 333 10 /// 58 000 6 000 0 7 0000 
05-MAR-2015 06 48094 3 2 9 60 0 32 01 10 345 20 230 3 0000 4 0128 5 0000 6 000 0 7 00 0 0 8 0 0 0 0 333 10 /// 58 012 6 000 0 7 0000 
05-MAR-2015 06 48095 3 2 9 60 0 04 01 10 330 20 212 3 0000 4 0000 5 0000 6 000 0 7 00 0 0 8 0 0 0 0 333 10 /// 58 000 6 000 0 7 0000 
05-MAR-2015 06 48097 3 2 5 57 2 22 01 10 345 20 183 3 0000 4 0125 5 0000 6 000 0 7 02 1 1 8 2 5 0 0 333 10 /// 58 017 6 000 0 7 0000 
05-MAR-2015 06 48099 3 2 4 56 2 23 02 10 340 20 225 3 0000 4 0120 5 0000 6 000 0 7 00 0 0 8 2 8 0 0 333 10 /// 58 014 6 000 0 7 0000 
05-MAR-2015 06 48101 3 2 9 60 0 32 01 10 323 20 215 3 0000 4 0000 5 0000 6 000 0 7 00 0 0 8 0 0 0 0 333 10 /// 58 000 6 000 0 7 0000 
05-MAR-2015 06 48103 3 2 4 57 2 22 01 10 328 20 219 3 0000 4 0122 5 0000 6 000 0 7 00 0 0 8 2 8 0 0 333 10 /// 58 009 6 000 0 7 0000 
05-MAR-2015 06 48107 3 2 9 50 0 23 02 10 338 20 184 3 0000 4 0111 5 0000 6 000 0 7 00 0 0 8 0 0 0 0 333 10 /// 58 003 6 000 0 7 0000 
05-MAR-2015 06 48108 3 1 5 96 4 23 05 10 365 20 222 3 0000 4 0123 5 0000 6 000 0 7 03 4 2 8 3 8 0 6 333 10 /// 58 003 6 000 0 7 0000 
05-MAR-2015 06 48110 3 1 5 96 2 32 07 10 325 20 265 3 0000 4 0129 5 0000 6 000 0 7 05 1 1 8 1 3 0 5 333 10 /// 58 013 6 000 0 7 0000 
