



*-*-*


<!--
.style2 {
	font-family:"Courier New", Courier, monospace;
	font-size: 14px;
}
-->






SMBM01 VBRR 050000

AAXX 05004

48001 NIL=

48004 NIL=

48008 32556 40000 10240 20191 40061 82430 333 20230 56110 59037=

48010 32540 20000 10210 20175 40064 82800 333 20205 56900 59012=

48018 32956 13201 10225 20198 40057 80004 333 20205 56009 59010=

48019 32950 00000 10230 20214 40061 333 20228 59009=

48020 NIL=

48025 32420 33201 10240 20174 40074 82840 333 20232 56690 59016=

48030 32956 02201 10118 20102 333 20080=

48031 32959 02201 10190 20047 333 20180=

48033 32961 03601 10260 20215 40081 333 20250 59008=

48034 32456 10000 10163 20144 81500 333 20150 56500=

48035 31920 00000 10176 20165 40083 71000 333 20170 59020=

48037 32950 00000 10259 20160 40048 333 20249 59022=

48039 32456 30000 10258 20215 83400 333 20255 56900=

48042 32556 20000 10272 20211 40061 81450 333 20257 56990 59008=

48043 32030 00000 10190 20139 333 20149=

48045 NIL=

48048 32950 01801 10262 20215 40065 333 20256 59007=

48051 32558 23601 10282 20272 85830 333 20266 56690=

48052 32956 00000 10280 20220 333 20272=

48053 32950 21801 10290 20230 40062 80006 333 20283 56009 59017=

48055 32556 30000 10162 20149 40113 81501 333 20154 56509 58003=

48057 32957 20000 10190 20159 80001 333 20174 56009=

48060 31440 20000 10190 20159 40113 74044 81130 333 20170 56590

 58022=

48062 32450 70000 10285 20270 40081 85970 333 20250 56990 59009=

48064 32950 03601 10290 20248 40040 333 20225 59008=

48065 32950 00000 10282 20220 333 20250=

48071 32450 73204 10290 20259 40081 85920 333 20285 56790 59005=

48072 NIL=

48074 32458 20000 10285 20250 40082 81501 333 20269 56909 59010=

48075 32456 40000 10220 20210 40121 82506 333 20180 56509 58001=

48077 32556 20000 10290 20248 40068 81201 333 20268 56909 59002=

48078 22550 21801 10288 20239 40079 81501 333 20270 56909 59007

 69902=

48080 32456 80401 10261 20229 40089 85970 333 20245 56690 59009=

48085 32956 20501 10272 20256 40075 80006 333 20270 56009 59010=

48087 32950 20000 10262 20246 80041 333 20245 56099=

48092 31530 20000 10260 20253 40059 71011 81401 333 20250 56909

 59011=

48093 32950 03201 10276 20250 333 20268=

48094 32456 30000 10270 20260 40082 82501 333 20250 56909 59004=

48095 NIL=

48096 32456 31503 10270 20256 40084 70511 81502 333 20267 56909

 59018=

48097 32557 40000 10270 20226 40094 82501 333 20255 56909 58002=

48099 32450 30000 10280 20250 40091 82801 333 20254 56909 58001=

48101 32956 30000 10261 20261 80005 333 20226 56009=

48103 32440 31401 10265 20256 40087 83500 333 20250 56300 59007=

48107 32350 62301 10250 20233 40092 84970 333 20240 56550 59005=

48108 31594 50501 10255 20248 40096 71022 82336 333 20243 56999

 59011=

48109 32496 40000 10264 20246 40095 82506 333 20202 56909 59007=

48110 31596 71301 10275 20262 40091 70522 82906 333 20270 56909

 59011=

48112 32597 60401 10276 20268 40091 82246 333 20230 56199 59005=  
SMBM01 VBRR 050000

AAXX 05004
48001 NIL=
48004 NIL=
48008 32556 40000 10240 20191 40061 82430 333 20230 56110 59037=
48010 32540 20000 10210 20175 40064 82800 333 20205 56900 59012=
48018 32956 13201 10225 20198 40057 80004 333 20205 56009 59010=
48019 32950 00000 10230 20214 40061 333 20228 59009=
48020 NIL=
48025 32420 33201 10240 20174 40074 82840 333 20232 56690 59016=
48030 32956 02201 10118 20102 333 20080=
48031 32959 02201 10190 20047 333 20180=
48033 32961 03601 10260 20215 40081 333 20250 59008=
48034 32456 10000 10163 20144 81500 333 20150 56500=
48035 31920 00000 10176 20165 40083 71000 333 20170 59020=
48037 32950 00000 10259 20160 40048 333 20249 59022=
48039 32456 30000 10258 20215 83400 333 20255 56900=
48042 32556 20000 10272 20211 40061 81450 333 20257 56990 59008=
48043 32030 00000 10190 20139 333 20149=
48045 NIL=
48048 32950 01801 10262 20215 40065 333 20256 59007=
48051 32558 23601 10282 20272 85830 333 20266 56690=
48052 32956 00000 10280 20220 333 20272=
48053 32950 21801 10290 20230 40062 80006 333 20283 56009 59017=
48055 32556 30000 10162 20149 40113 81501 333 20154 56509 58003=
48057 32957 20000 10190 20159 80001 333 20174 56009=
48060 31440 20000 10190 20159 40113 74044 81130 333 20170 56590
 58022=
48062 32450 70000 10285 20270 40081 85970 333 20250 56990 59009=
48064 32950 03601 10290 20248 40040 333 20225 59008=
48065 32950 00000 10282 20220 333 20250=
48071 32450 73204 10290 20259 40081 85920 333 20285 56790 59005=
48072 NIL=
48074 32458 20000 10285 20250 40082 81501 333 20269 56909 59010=
48075 32456 40000 10220 20210 40121 82506 333 20180 56509 58001=
48077 32556 20000 10290 20248 40068 81201 333 20268 56909 59002=
48078 22550 21801 10288 20239 40079 81501 333 20270 56909 59007
 69902=
48080 32456 80401 10261 20229 40089 85970 333 20245 56690 59009=
48085 32956 20501 10272 20256 40075 80006 333 20270 56009 59010=
48087 32950 20000 10262 20246 80041 333 20245 56099=
48092 31530 20000 10260 20253 40059 71011 81401 333 20250 56909
 59011=
48093 32950 03201 10276 20250 333 20268=
48094 32456 30000 10270 20260 40082 82501 333 20250 56909 59004=
48095 NIL=
48096 32456 31503 10270 20256 40084 70511 81502 333 20267 56909
 59018=
48097 32557 40000 10270 20226 40094 82501 333 20255 56909 58002=
48099 32450 30000 10280 20250 40091 82801 333 20254 56909 58001=
48101 32956 30000 10261 20261 80005 333 20226 56009=
48103 32440 31401 10265 20256 40087 83500 333 20250 56300 59007=
48107 32350 62301 10250 20233 40092 84970 333 20240 56550 59005=
48108 31594 50501 10255 20248 40096 71022 82336 333 20243 56999
 59011=
48109 32496 40000 10264 20246 40095 82506 333 20202 56909 59007=
48110 31596 71301 10275 20262 40091 70522 82906 333 20270 56909
 59011=
48112 32597 60401 10276 20268 40091 82246 333 20230 56199 59005=  





