48001 NIL=
48004 NIL=
48008 31540 70000 10162 20144 40126 71044 84970 333 20153 56560 58057=
48010 32520 30000 10150 20142 40110 81430 333 20145 56440 58040 60002=
48018 22556 62201 10175 20165 40104 83870 333 20165 56590 58036=
48019 32440 30000 10160 20160 40116 80041 333 20155 56045 58045 60002=
48020 NIL=
48025 22410 52201 10176 20147 40120 84840 333 20168 56590 58043=
48030 21156 42208 10127 20086 70155 84800 333 20110 56500=
48031 32250 43201 10125 20102 84800 333 20120 56400=
48033 22560 23301 10200 20185 40102 82500 333 20185 56600 58030=
48034 22456 30000 10130 20086 83500 333 20118 56500=
48035 31502 10000 10125 20113 40129 74244 81100 333 20120 56900 58030 60002=
48037 21920 00000 10190 20159 40109 70544 333 20182 58043=
48039 21450 23202 10200 20150 70199 81402 333 20195 56909=
48042 22956 00000 10205 20171 40109 333 20195 58038=
48043 32020 00000 10140 20107 333 20100 60002=
48045 NIL=
48048 32840 20000 10196 20130 40105 82800 333 20188 56900 58032 60002=
48051 31530 13601 10191 20180 71011 81200 333 20183 56700 60002=
48052 32450 30000 10200 20150 83800 333 20190 56900=
48053 32950 00000 10200 20150 40118 333 20194 58035 60002=
48055 31950 00000 10123 20115 40144 71000 333 20114 58031 60002=
48057 31939 00000 10150 20134 71000 333 20136 60002=
48060 31920 00000 10150 20134 40141 74044 333 20135 58009 60002=
48062 31940 00000 10220 20220 40103 70500 333 20200 59012=
48064 32950 23201 10223 20173 40094 80006 333 20180 56009 58031=
48065 32950 00000 10210 20175 333 20195=
48071 32440 33203 10255 20229 40121 82800 333 20215 56800 58015 60002=
48072 NIL=
48074 32956 00000 10220 20173 40121 333 20207 58032 60002=
48075 31940 00000 10170 20170 40138 70500 333 20160 58014=
48077 31956 00000 10220 20173 40100 70500 333 20190 58016=
48078 NIL=
48080 31950 00000 10202 20185 40123 84044 333 20175 58022=
48085 31950 00000 10216 20205 40115 74044 333 20215 58027 60002=
48087 31930 00000 10180 20155 333 20156 60002=
48092 31/05 90000 10210 20210 40093 74344 89/// 333 20185 56/// 58013=
48093 32940 00000 10227 20214 333 20223=
48094 32950 00000 10230 20210 40115 333 20190 58028=
48095 NIL=
48097 31550 42302 10225 20217 40111 71011 84400 333 20215 56900 58016=
48099 32440 30000 10226 20214 40108 82530 333 20215 56990 58016=
48101 31950 00000 10222 20222 70040 333 20192 60002=
48103 32440 20401 10246 20233 40107 82500 333 20216 56100 58015 60002=
48107 31930 00902 10203 20185 40109 74144 333 20188 58006 60002=
48108 31593 40502 10205 20198 40117 74011 82406 333 20185 56909 58013=
48109 32996 00000 10250 20233 40127 70222 333 20232 58022 60002=
48110 31596 51801 10250 20241 40113 70522 82506 333 20250 56809 58006=
48112 32957 63201 10270 20256 40114 82246 333 20222 56799 58004=  