48060 31440 12703 10340 20125 40051 70544 81100 333 56500 59025=
48043 32657 43205 10290 20159 84800 333 56900=  48001 32456 70000 10250 20205 40086 84860 333 56110 59033=
48004 32460 60401 10344 20184 86900 333 56500=
48008 32957 00401 10337 20184 40071 333 59017=
48010 32660 10000 10345 20225 40074 80001 333 56009 58001=
48018 32960 02201 10375 20190 40082 333 58000=
48019 32960 02301 10347 20237 40071 333 59015=
48020 32958 03602 10380 20240=
48025 32456 13201 10367 20190 40071 81500 333 56900 59021=
48030 32957 02202 10248 20105=
48031 32960 01401 10280 20073=
48033 32963 03601 10400 20230 40046 333 59029=
48034 32458 10102 10313 20068 81500 333 56500=
48035 31959 03203 10327 20172 40054 70500 333 59009=
48037 32960 02201 10400 20176 40076 333 59000=
48039 32460 20401 10388 20213 82100 333 56500=
48042 32557 21302 10400 20214 40072 81250 333 56440 59010=
48043 32657 43205 10290 20159 84800 333 56900=
48045 31558 31403 10310 20066 70444 83800 333 56500=
48048 32960 00401 10405 20196 40074 333 59012=
48051 32560 23101 10357 20260 70111 82200 333 56900=
48052 32970 03202 10400 20196=
48053 32456 52702 10380 20255 40069 83956 333 56799 59010=
48055 32556 41404 10342 20184 40032 84300 333 56500 59026=
48057 32460 51803 10284 20158 85300 333 56600=
48060 31440 12703 10340 20125 40051 70544 81100 333 56500 59025=
48062 32558 43205 10340 20270 40091 70322 84300 333 56700 59010=
48064 32970 01401 10410 20278 40050 333 59022=
48065 32970 01405 10410 20230=
48071 32460 32703 10340 20270 40092 83800 333 56900 59020=
48072 32460 12705 10340 20288 70122 81200 333 56900=
48074 32560 21402 10370 20246 40086 82100 333 56400 59018=
48075 32457 40901 10320 20192 40060 83830 333 56590 59021=
48077 32559 22301 10380 20240 40072 81201 333 56909 59013=
48078 32558 21801 10387 20247 40078 81101 333 56909 59017=
48080 32461 22208 10362 20264 40076 82200 333 56900 59015=
48085 32458 22707 10340 20270 40087 82800 333 56900 59011=
48087 32560 32303 10380 20203 83800 333 56900=
48092 32458 31802 10368 20227 40061 83100 333 56900 59012=
48093 32560 21401 10374 20246 82100 333 56500=
48094 32460 53203 10370 20270 40084 85900 333 56900 59012=
48095 32458 30000 10370 20258 70322 83800 333 56900=
48096 32558 42605 10360 20214 40083 70322 84300 333 56900 59017=
48097 32557 42701 10360 20249 40097 84800 333 56900 59011=
48099 32558 32306 10374 20207 40080 81102 333 56509 59012=
48101 32560 53201 10350 20237 70222 84330 333 56590=
48103 32457 30401 10362 20249 40084 83800 333 56100 59010=
48107 32350 61802 10350 20240 40086 84970 333 56770 59011=
48108 32596 63208 10360 20278 40098 83366 333 56239 59007=
48109 NIL=
48110 32596 73204 10340 20257 40097 84306 333 56709 59008=
48112 32598 60401 10355 20266 40102 70122 82216 333 56199 59012=  