05-MAR-2015 09 48004 3 2 4 58 6 04 03 10 257 20 160 3 0000 4 0000 5 0000 6 000 0 7 00 0 0 8 6 9 0 0 333 10 /// 58 000 6 000 0 7 0000 
05-MAR-2015 09 48008 3 2 5 57 1 32 01 10 320 20 098 3 0000 4 0107 5 0000 6 000 0 7 00 0 0 8 1 4 0 0 333 10 /// 58 025 6 000 0 7 0000 
05-MAR-2015 09 48010 3 2 5 60 6 18 02 10 290 20 196 3 0000 4 0116 5 0000 6 000 0 7 00 0 0 8 4 8 3 0 333 10 /// 58 036 6 000 0 7 0000 
05-MAR-2015 09 48018 3 2 5 60 4 14 02 10 320 20 116 3 0000 4 0101 5 0000 6 000 0 7 00 0 0 8 3 8 1 0 333 10 /// 59 019 6 000 0 7 0000 
05-MAR-2015 09 48019 3 2 4 60 2 23 01 10 330 20 172 3 0000 4 0106 5 0000 6 000 0 7 00 0 0 8 2 8 0 0 333 10 /// 58 027 6 000 0 7 0000 
05-MAR-2015 09 48025 3 1 4 56 7 36 01 10 320 20 161 3 0000 4 0105 5 0000 6 000 0 7 05 4 4 8 4 8 7 0 333 10 /// 58 036 6 000 0 7 0000 
05-MAR-2015 09 48030 2 1 2 56 6 22 05 10 154 20 092 3 0000 4 0000 5 0000 6 000 0 7 01 5 5 8 4 8 5 0 333 10 /// 58 000 6 000 0 7 0000 
05-MAR-2015 09 48031 3 1 2 60 8 27 01 10 175 20 097 3 0000 4 0000 5 0000 6 000 0 7 05 4 4 8 8 8 / / 333 10 /// 58 000 6 000 0 7 0000 
05-MAR-2015 09 48033 3 2 5 63 1 09 01 10 350 20 202 3 0000 4 0112 5 0000 6 000 0 7 00 0 0 8 1 5 0 0 333 10 /// 58 051 6 000 0 7 0000 
05-MAR-2015 09 48034 3 2 4 58 2 18 02 10 278 20 098 3 0000 4 0000 5 0000 6 000 0 7 00 0 0 8 2 8 0 0 333 10 /// 58 000 6 000 0 7 0000 
05-MAR-2015 09 48035 3 2 5 60 3 27 03 10 297 20 069 3 0000 4 0073 5 0000 6 000 0 7 00 0 0 8 3 8 0 0 333 10 /// 58 030 6 000 0 7 0000 
05-MAR-2015 09 48037 3 1 5 57 4 36 01 10 350 20 143 3 0000 4 0090 5 0000 6 000 0 7 05 4 4 8 3 8 3 0 333 10 /// 58 031 6 000 0 7 0000 
05-MAR-2015 09 48039 3 2 4 59 2 14 01 10 340 20 145 3 0000 4 0000 5 0000 6 000 0 7 00 0 0 8 2 1 0 0 333 10 /// 58 000 6 000 0 7 0000 
05-MAR-2015 09 48042 3 2 5 58 1 27 01 10 350 20 132 3 0000 4 0091 5 0000 6 000 0 7 00 0 0 8 1 4 0 0 333 10 /// 58 037 6 000 0 7 0000 
05-MAR-2015 09 48043 3 2 0 58 0 32 05 10 250 20 113 3 0000 4 0000 5 0000 6 000 0 7 00 0 0 8 0 0 0 0 333 10 /// 58 000 6 000 0 7 0000 
05-MAR-2015 09 48045 3 2 5 59 6 14 03 10 260 20 113 3 0000 4 0000 5 0000 6 000 0 7 00 0 0 8 6 7 0 0 333 10 /// 58 000 6 000 0 7 0000 
05-MAR-2015 09 48048 3 2 5 62 5 04 01 10 360 20 177 3 0000 4 0095 5 0000 6 000 0 7 00 0 0 8 4 8 5 0 333 10 /// 58 039 6 000 0 7 0000 
05-MAR-2015 09 48052 3 2 4 70 2 32 04 10 380 20 159 3 0000 4 0000 5 0000 6 000 0 7 00 0 0 8 2 2 0 0 333 10 /// 58 000 6 000 0 7 0000 
05-MAR-2015 09 48053 3 1 9 50 1 36 02 10 350 20 143 3 0000 4 0088 5 0000 6 000 0 7 05 1 1 8 1 5 0 0 333 10 /// 58 028 6 000 0 7 0000 
05-MAR-2015 09 48055 3 1 5 56 1 27 01 10 326 20 098 3 0000 4 0046 5 0000 6 000 0 7 05 1 1 8 1 5 0 0 333 10 /// 58 016 6 000 0 7 0000 
05-MAR-2015 09 48057 3 2 4 60 1 22 03 10 270 20 154 3 0000 4 0000 5 0000 6 000 0 7 00 0 0 8 1 5 0 0 333 10 /// 58 000 6 000 0 7 0000 
05-MAR-2015 09 48060 3 2 4 56 2 27 04 10 318 20 140 3 0000 4 0072 5 0000 6 000 0 7 00 0 0 8 1 1 3 0 333 10 /// 58 020 6 000 0 7 0000 
05-MAR-2015 09 48062 3 2 5 58 3 27 01 10 300 20 270 3 0000 4 0125 5 0000 6 000 0 7 00 0 0 8 2 2 3 0 333 10 /// 58 023 6 000 0 7 0000 
05-MAR-2015 09 48064 3 2 9 70 0 14 01 10 378 20 240 3 0000 4 0062 5 0000 6 000 0 7 00 0 0 8 0 0 0 0 333 10 /// 58 023 6 000 0 7 0000 
05-MAR-2015 09 48065 3 2 9 70 0 00 00 10 380 20 159 3 0000 4 0000 5 0000 6 000 0 7 00 0 0 8 0 0 0 0 333 10 /// 58 000 6 000 0 7 0000 
05-MAR-2015 09 48071 3 2 9 60 0 32 02 10 305 20 237 3 0000 4 0123 5 0000 6 000 0 7 00 0 0 8 0 0 0 0 333 10 /// 58 020 6 000 0 7 0000 
05-MAR-2015 09 48072 3 2 9 60 0 27 04 10 330 20 218 3 0000 4 0000 5 0000 6 000 0 7 00 0 0 8 0 0 0 0 333 10 /// 58 000 6 000 0 7 0000 
05-MAR-2015 09 48074 3 2 9 61 0 27 03 10 362 20 156 3 0000 4 0090 5 0000 6 000 0 7 00 0 0 8 0 0 0 0 333 10 /// 58 015 6 000 0 7 0000 
05-MAR-2015 09 48075 3 1 5 57 2 22 03 10 340 20 130 3 0000 4 0078 5 0000 6 000 0 7 05 1 1 8 2 1 0 0 333 10 /// 58 028 6 000 0 7 0000 
05-MAR-2015 09 48077 3 2 5 59 4 04 01 10 380 20 159 3 0000 4 0084 5 0000 6 000 0 7 00 0 0 8 3 9 0 1 333 10 /// 58 019 6 000 0 7 0000 
05-MAR-2015 09 48078 3 2 5 58 2 09 09 10 368 20 148 3 0000 4 0094 5 0000 6 000 0 7 00 0 0 8 1 1 0 1 333 10 /// 58 019 6 000 0 7 0000 
05-MAR-2015 09 48080 3 2 9 60 0 32 07 10 324 20 236 3 0000 4 0107 5 0000 6 000 0 7 00 0 0 8 0 0 0 0 333 10 /// 58 020 6 000 0 7 0000 
05-MAR-2015 09 48085 3 2 9 58 0 32 06 10 308 20 237 3 0000 4 0114 5 0000 6 000 0 7 00 0 0 8 0 0 0 0 333 10 /// 58 015 6 000 0 7 0000 
05-MAR-2015 09 48087 3 2 9 60 0 04 01 10 378 20 159 3 0000 4 0000 5 0000 6 000 0 7 00 0 0 8 0 0 0 0 333 10 /// 58 000 6 000 0 7 0000 
05-MAR-2015 09 48092 3 2 9 58 0 32 01 10 375 20 188 3 0000 4 0076 5 0000 6 000 0 7 00 0 0 8 0 0 0 0 333 10 /// 58 016 6 000 0 7 0000 
05-MAR-2015 09 48093 3 2 9 58 0 23 01 10 357 20 214 3 0000 4 0000 5 0000 6 000 0 7 00 0 0 8 0 0 0 0 333 10 /// 58 000 6 000 0 7 0000 
05-MAR-2015 09 48094 3 2 9 60 0 27 02 10 350 20 220 3 0000 4 0106 5 0000 6 000 0 7 00 0 0 8 0 0 0 0 333 10 /// 58 020 6 000 0 7 0000 
05-MAR-2015 09 48095 3 2 9 60 0 00 00 10 350 20 202 3 0000 4 0000 5 0000 6 000 0 7 00 0 0 8 0 0 0 0 333 10 /// 58 000 6 000 0 7 0000 
05-MAR-2015 09 48097 3 2 5 57 4 31 01 10 365 20 192 3 0000 4 0106 5 0000 6 000 0 7 00 0 0 8 4 5 0 0 333 10 /// 58 022 6 000 0 7 0000 
05-MAR-2015 09 48099 3 2 5 58 3 23 04 10 368 20 227 3 0000 4 0092 5 0000 6 000 0 7 00 0 0 8 2 8 0 1 333 10 /// 58 010 6 000 0 7 0000 
05-MAR-2015 09 48103 3 2 9 57 0 14 01 10 345 20 225 3 0000 4 0091 5 0000 6 000 0 7 00 0 0 8 0 0 0 0 333 10 /// 58 005 6 000 0 7 0000 
05-MAR-2015 09 48107 3 2 9 50 0 27 01 10 334 20 212 3 0000 4 0095 5 0000 6 000 0 7 00 0 0 8 0 0 0 0 333 10 /// 58 005 6 000 0 7 0000 
05-MAR-2015 09 48108 3 2 5 96 2 32 01 10 345 20 222 3 0000 4 0098 5 0000 6 000 0 7 00 0 0 8 2 8 0 0 333 10 /// 58 005 6 000 0 7 0000 
05-MAR-2015 09 48109 3 2 4 97 1 04 01 10 316 20 248 3 0000 4 0125 5 0000 6 000 0 7 00 0 0 8 1 5 0 0 333 10 /// 58 016 6 000 0 7 0000 
05-MAR-2015 09 48110 3 1 5 97 3 32 07 10 325 20 261 3 0000 4 0105 5 0000 6 000 0 7 05 1 1 8 1 3 0 5 333 10 /// 58 013 6 000 0 7 0000 
05-MAR-2015 09 48112 3 2 5 98 6 36 05 10 330 20 244 3 0000 4 0095 5 0000 6 000 0 7 00 0 0 8 2 2 1 6 333 10 /// 59 003 6 000 0 7 0000 
