05-MAY-2015 09 48004 3 2 4 60 4 13 01 10 350 20 202 3 0000 4 0000 5 0000 6 000 0 7 00 0 0 8 4 9 0 0 333 10 /// 58 000 6 000 0 7 0000 
05-MAY-2015 09 48008 3 2 5 57 2 23 03 10 370 20 190 3 0000 4 0040 5 0000 6 000 0 7 00 0 0 8 1 4 3 0 333 10 /// 59 030 6 000 0 7 0000 
05-MAY-2015 09 48010 3 2 5 60 2 00 00 10 375 20 255 3 0000 4 0037 5 0000 6 000 0 7 00 0 0 8 0 0 3 0 333 10 /// 59 020 6 000 0 7 0000 
05-MAY-2015 09 48018 3 2 5 60 2 22 02 10 405 20 240 3 0000 4 0027 5 0000 6 000 0 7 03 1 1 8 0 0 1 1 333 10 /// 59 029 6 000 0 7 0000 
05-MAY-2015 09 48019 3 2 9 60 0 23 01 10 378 20 203 3 0000 4 0040 5 0000 6 000 0 7 00 0 0 8 0 0 0 0 333 10 /// 59 022 6 000 0 7 0000 
05-MAY-2015 09 48020 3 2 3 58 2 36 02 10 410 20 230 3 0000 4 0000 5 0000 6 000 0 7 00 0 0 8 2 2 0 0 333 10 /// 58 000 6 000 0 7 0000 
05-MAY-2015 09 48025 3 2 4 58 2 27 01 10 414 20 189 3 0000 4 0034 5 0000 6 000 0 7 00 0 0 8 1 5 4 0 333 10 /// 59 020 6 000 0 7 0000 
05-MAY-2015 09 48030 3 2 3 57 1 22 03 10 264 20 138 3 0000 4 0000 5 0000 6 000 0 7 00 0 0 8 1 2 0 0 333 10 /// 58 000 6 000 0 7 0000 
05-MAY-2015 09 48033 3 2 9 63 0 27 01 10 415 20 240 3 0000 4 0026 5 0000 6 000 0 7 00 0 0 8 0 0 0 0 333 10 /// 58 007 6 000 0 7 0000 
05-MAY-2015 09 48034 3 2 4 58 8 36 02 10 322 20 089 3 0000 4 0000 5 0000 6 000 0 7 00 0 0 8 1 5 0 0 333 10 /// 58 000 6 000 0 7 0000 
05-MAY-2015 09 48035 3 1 9 58 0 32 03 10 341 20 184 3 0000 4 0009 5 0000 6 000 0 7 05 0 0 8 0 0 0 0 333 10 /// 59 024 6 000 0 7 0000 
05-MAY-2015 09 48037 3 2 9 65 0 32 01 10 423 20 161 3 0000 4 0031 5 0000 6 000 0 7 00 0 0 8 0 0 0 0 333 10 /// 59 004 6 000 0 7 0000 
05-MAY-2015 09 48039 3 2 8 60 2 14 01 10 400 20 176 3 0000 4 0000 5 0000 6 000 0 7 00 0 0 8 0 0 0 2 333 10 /// 58 000 6 000 0 7 0000 
05-MAY-2015 09 48042 3 2 9 58 0 18 02 10 420 20 202 3 0000 4 0025 5 0000 6 000 0 7 00 0 0 8 0 0 0 0 333 10 /// 59 023 6 000 0 7 0000 
05-MAY-2015 09 48045 3 1 5 57 5 14 02 10 318 20 089 3 0000 4 0000 5 0000 6 000 0 7 04 4 4 8 4 8 0 1 333 10 /// 58 000 6 000 0 7 0000 
05-MAY-2015 09 48048 3 2 9 60 0 04 01 10 420 20 202 3 0000 4 0032 5 0000 6 000 0 7 00 0 0 8 0 0 0 0 333 10 /// 59 019 6 000 0 7 0000 
05-MAY-2015 09 48051 3 1 5 59 8 36 02 10 382 20 240 3 0000 4 0000 5 0000 6 000 0 7 17 9 9 8 5 9 3 0 333 10 /// 58 000 6 000 0 7 0000 
05-MAY-2015 09 48052 3 2 4 70 3 32 02 10 435 20 225 3 0000 4 0000 5 0000 6 000 0 7 00 0 0 8 3 8 0 0 333 10 /// 58 000 6 000 0 7 0000 
05-MAY-2015 09 48053 3 2 4 56 6 00 00 10 390 20 253 3 0000 4 0021 5 0000 6 000 0 7 00 0 0 8 3 9 5 6 333 10 /// 59 027 6 000 0 7 0000 
05-MAY-2015 09 48055 3 1 4 56 7 34 02 10 318 20 184 3 0000 4 0013 5 0000 6 000 0 7 17 9 9 8 7 3 0 0 333 10 /// 59 026 6 000 0 7 0000 
05-MAY-2015 09 48057 2 1 4 58 5 14 02 10 294 20 159 3 0000 4 0000 5 0000 6 000 0 7 02 5 5 8 4 3 0 1 333 10 /// 58 000 6 000 0 7 0000 
05-MAY-2015 09 48060 3 1 4 40 1 22 01 10 348 20 158 3 0000 4 0016 5 0000 6 000 0 7 05 4 4 8 1 1 0 0 333 10 /// 59 021 6 000 0 7 0000 
05-MAY-2015 09 48062 3 2 5 58 2 27 09 10 370 20 300 3 0000 4 0069 5 0000 6 000 0 7 01 2 2 8 2 2 0 0 333 10 /// 59 012 6 000 0 7 0000 
05-MAY-2015 09 48064 3 2 9 70 3 14 01 10 424 20 240 3 0000 4 0018 5 0000 6 000 0 7 00 0 0 8 0 0 0 6 333 10 /// 58 020 6 000 0 7 0000 
05-MAY-2015 09 48065 3 2 9 70 2 22 04 10 430 20 194 3 0000 4 0000 5 0000 6 000 0 7 00 0 0 8 0 0 0 6 333 10 /// 58 000 6 000 0 7 0000 
05-MAY-2015 09 48071 3 2 4 60 1 32 05 10 345 20 270 3 0000 4 0073 5 0000 6 000 0 7 00 0 0 8 1 2 0 0 333 10 /// 59 008 6 000 0 7 0000 
05-MAY-2015 09 48072 3 2 4 62 1 27 04 10 345 20 280 3 0000 4 0000 5 0000 6 000 0 7 02 2 2 8 1 2 0 0 333 10 /// 58 000 6 000 0 7 0000 
05-MAY-2015 09 48074 3 2 5 60 7 32 01 10 395 20 246 3 0000 4 0035 5 0000 6 000 0 7 00 0 0 8 5 9 7 0 333 10 /// 59 018 6 000 0 7 0000 
05-MAY-2015 09 48075 2 1 4 57 6 18 02 10 250 20 205 3 0000 4 0066 5 0000 6 000 0 7 17 9 5 8 5 9 7 0 333 10 /// 58 020 6 000 0 7 0000 
05-MAY-2015 09 48077 3 2 5 59 7 23 01 10 390 20 253 3 0000 4 0033 5 0000 6 000 0 7 00 0 0 8 5 9 3 1 333 10 /// 59 005 6 000 0 7 0000 
05-MAY-2015 09 48078 3 2 5 57 4 23 01 10 406 20 264 3 0000 4 0040 5 0000 6 000 0 7 00 0 0 8 3 3 0 1 333 10 /// 59 018 6 000 0 7 0000 
05-MAY-2015 09 48080 3 2 9 60 0 22 13 10 350 20 240 3 0000 4 0051 5 0000 6 000 0 7 00 0 0 8 0 0 0 0 333 10 /// 59 009 6 000 0 7 0000 
05-MAY-2015 09 48085 3 2 4 58 6 27 05 10 338 20 270 3 0000 4 0067 5 0000 6 000 0 7 00 0 0 8 3 8 3 0 333 10 /// 59 006 6 000 0 7 0000 
05-MAY-2015 09 48087 3 2 5 60 4 23 01 10 400 20 214 3 0000 4 0000 5 0000 6 000 0 7 03 2 2 8 3 8 0 1 333 10 /// 58 000 6 000 0 7 0000 
05-MAY-2015 09 48092 3 2 4 58 2 23 02 10 385 20 208 3 0000 4 0028 5 0000 6 000 0 7 00 0 0 8 2 1 0 0 333 10 /// 59 015 6 000 0 7 0000 
05-MAY-2015 09 48093 3 2 6 60 4 23 01 10 374 20 246 3 0000 4 0000 5 0000 6 000 0 7 00 0 0 8 4 8 0 0 333 10 /// 58 000 6 000 0 7 0000 
05-MAY-2015 09 48094 3 2 4 60 5 32 03 10 375 20 275 3 0000 4 0058 5 0000 6 000 0 7 00 0 0 8 5 9 0 0 333 10 /// 59 011 6 000 0 7 0000 
05-MAY-2015 09 48095 3 2 4 60 3 22 02 10 380 20 255 3 0000 4 0000 5 0000 6 000 0 7 02 2 2 8 3 8 0 0 333 10 /// 58 000 6 000 0 7 0000 
05-MAY-2015 09 48097 3 2 5 57 4 23 03 10 380 20 255 3 0000 4 0068 5 0000 6 000 0 7 00 0 0 8 4 8 0 0 333 10 /// 59 009 6 000 0 7 0000 
05-MAY-2015 09 48099 3 2 4 58 5 23 02 10 372 20 258 3 0000 4 0049 5 0000 6 000 0 7 00 0 0 8 5 9 0 0 333 10 /// 59 008 6 000 0 7 0000 
05-MAY-2015 09 48101 3 2 5 60 2 18 02 10 338 20 270 3 0000 4 0000 5 0000 6 000 0 7 01 1 1 8 2 3 0 0 333 10 /// 58 000 6 000 0 7 0000 
05-MAY-2015 09 48103 3 2 4 57 2 04 01 10 369 20 246 3 0000 4 0053 5 0000 6 000 0 7 00 0 0 8 2 8 0 0 333 10 /// 59 003 6 000 0 7 0000 
05-MAY-2015 09 48107 3 2 3 50 4 23 02 10 353 20 240 3 0000 4 0068 5 0000 6 000 0 7 00 0 0 8 4 9 0 0 333 10 /// 59 007 6 000 0 7 0000 
05-MAY-2015 09 48108 3 1 5 96 7 32 02 10 320 20 273 3 0000 4 0070 5 0000 6 000 0 7 17 9 9 8 4 9 6 6 333 10 /// 59 007 6 000 0 7 0000 
05-MAY-2015 09 48110 3 1 4 96 8 23 02 10 310 20 254 3 0000 4 0081 5 0000 6 000 0 7 02 9 9 8 5 3 0 7 333 10 /// 59 002 6 000 0 7 0000 
05-MAY-2015 09 48112 3 2 5 98 6 04 02 10 360 20 264 3 0000 4 0073 5 0000 6 000 0 7 01 2 2 8 2 2 1 6 333 10 /// 59 007 6 000 0 7 0000 
