050000 48008 32450 40000 10200 20185 40132 82530 333 20190 56110 59011 60002=
050000 48010 32540 20000 10205 20192 40132 82400 333 20200 56900 58000 60002=
050000 48018 32930 00000 10200 20195 40134 333 20195 59011 60002=
050000 48019 32440 10000 10247 20226 40130 81100 333 20246 56400 59005 60002=
050000 48020 32340 70000 10212 20195 87600 333 20190 56800 60002=
050000 48025 31005 80000 10220 20205 40135 74744 886// 333 20212 56999 59007 60002=
050000 48035 31/01 90000 10167 20154 40152 74744 333 20160 59000 60002=
050000 48037 32520 43601 10230 20214 40121 81130 333 20227 56660 59003 60002=
050000 48042 32550 30000 10227 20214 40119 81450 333 20212 56980 59009 60002=
050000 48048 32550 40000 10223 20205 40126 84800 333 20216 56400 59006 60002=
050000 48053 32950 20000 10220 20205 40121 80006 333 20211 56009 59012 60002=
050000 48060 32430 70000 10188 20175 40143 85830 333 20178 56390 58000 60002=
050000 48030 21/05 92001 10095 20095 74344 89/// 333 20085 56999 60002=
050000 48033 32559 13601 10210 20210 40111 81500 333 20200 56800 59020 60002=
050000 48034 32456 10000 10128 20121 81500 333 20122 56500 60002=
050000 48039 31450 50000 10225 20225 71022 82550 333 20223 56550 60002=
050000 48052 32450 30000 10228 20214 83800 333 20222 56900 60002=
050000 48055 31308 50000 10160 20160 40158 74444 84930 333 20150 56550 58001 60002=
050000 48064 32950 10000 10220 20205 40107 70111 80001 333 20185 56009 59002 60002=
050000 48065 32950 10000 10235 20206 70111 80001 333 20196 56009 60002=  48008 32450 40000 10200 20185 40132 82530 333 20190 56110 59011 60002=
050000 48010 32540 20000 10205 20192 40132 82400 333 20200 56900 58000 60002=
050000 48018 32930 00000 10200 20195 40134 333 20195 59011 60002=
050000 48019 32440 10000 10247 20226 40130 81100 333 20246 56400 59005 60002=
050000 48020 32340 70000 10212 20195 87600 333 20190 56800 60002=
050000 48025 31005 80000 10220 20205 40135 74744 886// 333 20212 56999 59007 60002=
050000 48035 31/01 90000 10167 20154 40152 74744 333 20160 59000 60002=
050000 48037 32520 43601 10230 20214 40121 81130 333 20227 56660 59003 60002=
050000 48042 32550 30000 10227 20214 40119 81450 333 20212 56980 59009 60002=
050000 48048 32550 40000 10223 20205 40126 84800 333 20216 56400 59006 60002=
050000 48053 32950 20000 10220 20205 40121 80006 333 20211 56009 59012 60002=
050000 48060 32430 70000 10188 20175 40143 85830 333 20178 56390 58000 60002=
050000 48030 21/05 92001 10095 20095 74344 89/// 333 20085 56999 60002=
050000 48033 32559 13601 10210 20210 40111 81500 333 20200 56800 59020 60002=
050000 48034 32456 10000 10128 20121 81500 333 20122 56500 60002=
050000 48039 31450 50000 10225 20225 71022 82550 333 20223 56550 60002=
050000 48052 32450 30000 10228 20214 83800 333 20222 56900 60002=
050000 48055 31308 50000 10160 20160 40158 74444 84930 333 20150 56550 58001 60002=
050000 48064 32950 10000 10220 20205 40107 70111 80001 333 20185 56009 59002 60002=
050000 48065 32950 10000 10235 20206 70111 80001 333 20196 56009 60002=  
