05-NOV-2015 09 48001 3 2 4 40 4 00 00 10 230 20 214 3 0000 4 0143 5 0000 6 000 0 7 00 0 0 8 4 8 0 0 333 10 /// 59 004 6 000 0 7 0000 
05-NOV-2015 09 48004 3 2 4 58 5 09 01 10 282 20 220 3 0000 4 0000 5 0000 6 000 0 7 00 0 0 8 5 9 0 0 333 10 /// 58 000 6 000 0 7 0000 
05-NOV-2015 09 48008 3 2 4 58 1 14 01 10 312 20 203 3 0000 4 0112 5 0000 6 000 0 7 00 0 0 8 1 1 0 0 333 10 /// 58 004 6 000 0 7 0000 
05-NOV-2015 09 48010 3 2 5 60 4 14 01 10 300 20 207 3 0000 4 0081 5 0000 6 000 0 7 00 0 0 8 4 8 0 0 333 10 /// 59 029 6 000 0 7 0000 
05-NOV-2015 09 48018 3 2 5 60 5 04 01 10 310 20 225 3 0000 4 0114 5 0000 6 000 0 7 00 0 0 8 2 8 7 0 333 10 /// 58 002 6 000 0 7 0000 
05-NOV-2015 09 48019 3 2 5 60 4 04 02 10 317 20 215 3 0000 4 0103 5 0000 6 000 0 7 00 0 0 8 4 8 0 0 333 10 /// 58 003 6 000 0 7 0000 
05-NOV-2015 09 48025 3 2 4 56 6 04 01 10 292 20 230 3 0000 4 0109 5 0000 6 000 0 7 00 0 0 8 4 8 4 0 333 10 /// 59 007 6 000 0 7 0000 
05-NOV-2015 09 48030 3 2 2 56 6 04 04 10 197 20 130 3 0000 4 0000 5 0000 6 000 0 7 00 0 0 8 5 9 4 0 333 10 /// 58 000 6 000 0 7 0000 
05-NOV-2015 09 48031 3 2 2 58 8 18 01 10 200 20 150 3 0000 4 0000 5 0000 6 000 0 7 00 0 0 8 8 / / / 333 10 /// 58 000 6 000 0 7 0000 
05-NOV-2015 09 48033 3 2 5 63 4 36 01 10 310 20 237 3 0000 4 0109 5 0000 6 000 0 7 00 0 0 8 4 8 0 0 333 10 /// 59 001 6 000 0 7 0000 
05-NOV-2015 09 48034 3 2 4 57 5 18 01 10 282 20 146 3 0000 4 0000 5 0000 6 000 0 7 00 0 0 8 4 8 3 0 333 10 /// 58 000 6 000 0 7 0000 
05-NOV-2015 09 48035 3 2 5 60 3 27 02 10 290 20 179 3 0000 4 0072 5 0000 6 000 0 7 00 0 0 8 3 8 0 0 333 10 /// 59 015 6 000 0 7 0000 
05-NOV-2015 09 48037 3 2 5 60 5 32 01 10 320 20 236 3 0000 4 0094 5 0000 6 000 0 7 00 0 0 8 2 2 3 0 333 10 /// 59 010 6 000 0 7 0000 
05-NOV-2015 09 48039 3 2 4 60 1 00 00 10 318 20 248 3 0000 4 0000 5 0000 6 000 0 7 00 0 0 8 1 1 0 0 333 10 /// 58 000 6 000 0 7 0000 
05-NOV-2015 09 48042 3 2 5 60 2 00 00 10 320 20 215 3 0000 4 0090 5 0000 6 000 0 7 00 0 0 8 2 2 0 0 333 10 /// 59 013 6 000 0 7 0000 
05-NOV-2015 09 48043 3 2 6 57 3 14 03 10 240 20 209 3 0000 4 0000 5 0000 6 000 0 7 00 0 0 8 3 3 0 0 333 10 /// 58 000 6 000 0 7 0000 
05-NOV-2015 09 48045 3 1 3 30 7 04 02 10 204 20 185 3 0000 4 0000 5 0000 6 000 0 7 42 4 4 8 7 3 0 0 333 10 /// 58 000 6 000 0 7 0000 
05-NOV-2015 09 48048 3 2 5 60 4 04 01 10 325 20 236 3 0000 4 0097 5 0000 6 000 0 7 00 0 0 8 4 8 0 0 333 10 /// 59 007 6 000 0 7 0000 
05-NOV-2015 09 48052 3 2 4 58 2 36 01 10 370 20 252 3 0000 4 0000 5 0000 6 000 0 7 00 0 0 8 2 2 0 0 333 10 /// 58 000 6 000 0 7 0000 
05-NOV-2015 09 48053 3 2 4 56 4 36 01 10 320 20 215 3 0000 4 0095 5 0000 6 000 0 7 00 0 0 8 4 8 0 0 333 10 /// 59 008 6 000 0 7 0000 
05-NOV-2015 09 48055 3 2 5 57 5 13 03 10 277 20 206 3 0000 4 0068 5 0000 6 000 0 7 00 0 0 8 5 3 0 0 333 10 /// 59 026 6 000 0 7 0000 
05-NOV-2015 09 48057 3 2 4 58 4 32 03 10 248 20 167 3 0000 4 0000 5 0000 6 000 0 7 00 0 0 8 4 9 0 0 333 10 /// 58 000 6 000 0 7 0000 
05-NOV-2015 09 48060 3 2 3 50 2 22 01 10 290 20 230 3 0000 4 0063 5 0000 6 000 0 7 00 0 0 8 2 1 0 0 333 10 /// 59 021 6 000 0 7 0000 
05-NOV-2015 09 48064 3 2 5 58 2 00 00 10 328 20 258 3 0000 4 0074 5 0000 6 000 0 7 00 0 0 8 2 8 0 0 333 10 /// 59 003 6 000 0 7 0000 
05-NOV-2015 09 48065 3 2 5 57 2 04 01 10 350 20 237 3 0000 4 0000 5 0000 6 000 0 7 00 0 0 8 2 8 0 0 333 10 /// 58 000 6 000 0 7 0000 
05-NOV-2015 09 48074 3 2 4 61 3 04 03 10 340 20 225 3 0000 4 0086 5 0000 6 000 0 7 00 0 0 8 3 8 0 0 333 10 /// 59 011 6 000 0 7 0000 
