050600 48001 32440 80000 10210 20195 40148 8486/ 333 56759 58006=
050600 48004 32560 31301 10275 20203 83900 333 56500=
050600 48008 32458 11401 10285 20196 40139 81100 333 56400 59004=
050600 48010 32560 42201 10283 20220 40143 84800 333 56600 59003=
050600 48018 32560 51401 10295 20215 40157 82472 333 56556 58009=
050600 48019 32560 62702 10280 20220 40133 82164 333 56569 58001=
050600 48020 32458 63604 10255 20219 86800 333 56800=
050600 48025 32440 73201 10267 20226 40150 84840 333 56540 58002=
050600 48030 32256 70401 10181 20147 86940 333 56180=
050600 48031 32260 71801 10210 20160 87800 333 56500=
050600 48033 32563 43601 10310 20225 40132 84800 333 56500 58008=
050600 48034 32457 61802 10265 20119 84830 333 56550=
050600 48035 32560 33201 10262 20203 40114 83800 333 56900 59002=
050600 48037 32560 50401 10305 20207 40123 82230 333 56650 59021=
050600 48039 32460 30401 10305 20223 82150 333 56550=
050600 48042 32558 33201 10310 20225 40120 82850 333 56960 59005=
050600 48043 32657 51402 10240 20209 85300 333 56600=
050600 48045 31330 80404 10198 20185 74044 883// 333 56199=
050600 48048 32560 40401 10315 20236 40149 84800 333 56400 59012=
050600 48051 32560 23602 10300 20250 82200 333 56900=
050600 48052 32458 23601 10334 20244 82200 333 56900=
050600 48053 32456 33602 10310 20225 40126 83800 333 56600 59007=
050600 48055 31556 41801 10268 20211 40101 70244 84800 333 56500 59046=
050600 48057 32458 42303 10226 20181 84300 333 56400=
050600 48060 32350 40000 10262 20191 40104 84800 333 56300 59002=
050600 48062 32458 71302 10310 20280 40123 84900 333 56800 59025=
050600 48064 32557 21401 10310 20267 40090 82800 333 56600 59022=
050600 48065 32560 10401 10320 20236 81800 333 56900=
050600 48071 32960 03602 10310 20254 40126 71000 333 59003=
050600 48072 32562 12302 10310 20267 81200 333 56600=
050600 48074 32561 13203 10310 20237 40118 81100 333 56900 59017=
050600 48075 32458 52201 10270 20211 40115 83831 333 56599 59018=
050600 48077 32559 20000 10320 20248 40112 81201 333 56909 59012=
050600 48078 32562 20901 10322 20236 40118 81201 333 56909 59006=
050600 48080 32562 32203 10324 20248 40120 82230 333 56990 59007=
050600 48085 32458 23203 10312 20254 40113 82300 333 56300 59010=
050600 48087 32960 00000 10335 20244 333=
050600 48092 32459 20902 10340 20240 40091 82100 333 56900 59010=
050600 48093 32658 21401 10335 20257 82100 333 56400=
050600 48094 32460 20402 10335 20260 40113 82800 333 56900 59011=
050600 48095 32560 10902 10315 20254 81200 333 56900=
050600 48096 32559 22603 10320 20236 40128 82100 333 56900 58005=  
050600 48097 32557 50402 10330 20224 40122 85800 333 56900 58003=
050600 48099 32557 12703 10340 20257 40100 81800 333 56900 59010=
050600 48101 32660 30000 10343 20257 83300 333 56200=
050600 48103 32457 20403 10343 20225 40099 82800 333 56100 59013=
050600 48107 32950 01301 10338 20225 40095 333 59007=
050600 48108 32597 61405 10330 20244 40101 84306 333 56409 59010=
050600 48109 32497 50901 10326 20275 40117 85900 333 56900 59010=
050600 48110 31596 81805 10340 20240 40098 70522 81107 333 56909 59011=
050600 48112 32597 80402 10290 20259 40095 84876 333 56199 59009=
