051200 48004 32458 62202 10302 20253 86900 333 10351 56500=
051200 48008 31556 70000 10313 20282 40061 71799 84970 333 10350 56450 59001=
051200 48010 21430 83201 10295 20259 40084 75055 8497/ 333 10325 56779 58021 69902=
051200 48018 21556 81801 10265 20246 40075 79595 8597/ 333 10345 56999 58007 60012=
051200 48019 32450 50000 10293 20248 40067 82670 333 10348 56560 58001=
051200 48020 22330 60000 10255 20240 86700 333 10342 56500 60172=
051200 48025 21440 73202 10284 20233 40082 70299 85941 333 10335 56559 59005 69902=
051200 48035 31550 70000 10261 20229 40064 71022 85960 333 10309 56189 59006=
051200 48037 21430 70000 10250 20250 40075 70159 84870 333 10317 56230 59001 60082=
051200 48042 32557 83601 10280 20250 40069 8597/ 333 10338 56999 58001=
051200 48045 21450 70402 10201 20201 74196 85340 333 10234 56190 60032=
051200 48048 22550 40401 10275 20233 40071 84800 333 10305 56400 59003 69902=
051200 48051 32558 60000 10297 20270 84930 333 10340 56890=
051200 48053 31440 83602 10300 20253 40051 71799 8597/ 333 10350 56599 59029=
051200 48060 32420 70000 10272 20226 40071 85830 333 10313 56590 59004=
051200 48062 32456 62702 10305 20280 40065 85930 333 10320 56990 59013=
051200 48071 31456 62701 10313 20254 40060 71799 85930 333 10338 56990 59021=
051200 48075 22456 40000 10270 20226 40093 82505 333 10290 56509 58021 69902=
051200 48077 21556 80000 10270 20256 40068 70296 85970 333 10312 56499 59001 60152=
051200 48078 21550 61801 10288 20259 40086 70395 84933 333 10325 56499 58005 69902=
051200 48080 21456 60000 10270 20256 40070 70165 84970 333 10340 56390 59010 60132=
051200 48085 21457 71402 10276 20268 40073 75055 84976 333 10312 56399 59002 69902=
051200 48095 21456 80000 10260 20260 75055 84970 333 10300 56590 60032=
051200 48108 22494 82302 10268 20240 40105 84377 333 10300 56999 58002 60012=
051200 48109 22496 82702 10281 20250 40082 85900 333 10300 56900 58003 60032=
051200 48110 22495 80000 10275 20253 40109 84357 333 10310 56999 58003 60122=
051200 48112 32597 81802 10290 20259 40109 83876 333 10323 56499 59003=
051200 48030 21/04 90401 10186 20186 76364 89/// 333 10219 56999 60072=
051200 48072 32456 81301 10300 20266 86970 333 10335 56590=
051200 48087 22450 70000 10286 20259 8437/ 333 10340 5699/ 60022=
051200 48099 21220 80000 10265 20265 40088 75095 8697/ 333 10320 5699/ 59005 60052=
051200 48101 21440 80000 10263 20263 75152 8597/ 333 10281 5649/ 60422=
051200 48103 32420 42201 10280 20250 40093 83830 333 10333 56550 58005=
051200 48057 32456 71401 10235 20198 85330 333 10265 56390=
051200 48094 21456 80000 10260 20260 40079 70366 8597/ 333 10310 5629/ 59001 60092=
051200 48097 21556 70402 10255 20248 40093 72166 85370 333 10300 56990 58005 60092=
051200 48031 31/05 92201 10195 20185 74744 89/// 333 10250 56999=
051200 48033 32460 70401 10280 20253 40094 85970 333 10330 56190 58009=
051200 48034 31456 70402 10235 20203 71799 87300 333 10300 56500=
051200 48039 32459 80000 10285 20233 889// 333 10339 56499=
051200 48043 32520 80000 10225 20214 8587/ 333 10272 56999=
051200 48052 22450 60000 10275 20275 85920 333 10306 56990 60222=
051200 48055 22556 50000 10275 20215 40053 70155 82906 333 10301 56309 59013 60012=
051200 48064 32550 60000 10290 20259 40048 82331 333 10325 56449 59008=
051200 48065 32450 50000 10302 20266 82570 333 10345 56990=
051200 48074 32558 40000 10300 20266 40068 82906 333 10336 56909 59013=
051200 48092 21456 70000 10260 20246 40069 70266 85970 333 10305 56990 58007 60032=
051200 48093 21540 81401 10264 20258 70355 8637/ 333 10286 56599 60092=
051200 48107 22330 60000 10274 20240 40091 84970 333 10314 56550 59002 60192=
051200 48096 21450 80903 10250 20250 40090 76166 8597/ 333 10295 5699/ 58006 60032=  
