05-OCT-2015 03 48001 3 2 4 40 5 04 01 10 275 20 250 3 0000 4 0121 5 0000 6 000 0 7 00 0 0 8 3 8 5 0 333 10 /// 59 005 6 000 0 7 0000 
05-OCT-2015 03 48004 3 2 5 62 1 04 01 10 284 20 233 3 0000 4 0000 5 0000 6 000 0 7 00 0 0 8 1 5 0 0 333 10 /// 58 000 6 000 0 7 0000 
05-OCT-2015 03 48008 3 2 5 57 5 00 00 10 280 20 250 3 0000 4 0114 5 0000 6 000 0 7 00 0 0 8 3 9 7 0 333 10 /// 59 010 6 000 0 7 0000 
05-OCT-2015 03 48010 3 2 5 56 6 00 00 10 270 20 246 3 0000 4 0131 5 0000 6 000 0 7 00 0 0 8 2 5 3 0 333 10 /// 58 000 6 000 0 7 0000 
05-OCT-2015 03 48018 3 2 5 58 7 04 01 10 283 20 250 3 0000 4 0115 5 0000 6 000 0 7 00 0 0 8 3 8 7 4 333 10 /// 58 000 6 000 0 7 0000 
05-OCT-2015 03 48019 3 2 5 58 3 23 02 10 283 20 250 3 0000 4 0113 5 0000 6 000 0 7 00 0 0 8 5 7 3 0 333 10 /// 59 002 6 000 0 7 0000 
05-OCT-2015 03 48020 2 2 3 57 7 04 03 10 285 20 250 3 0000 4 0000 5 0000 6 000 0 7 00 0 0 8 5 3 3 0 333 10 /// 58 000 6 000 0 7 0000 
05-OCT-2015 03 48025 2 1 1 10 7 22 01 10 278 20 250 3 0000 4 0120 5 0000 6 000 0 7 40 4 4 8 5 8 4 0 333 10 /// 59 002 6 000 0 7 0000 
05-OCT-2015 03 48030 2 1 2 50 7 04 01 10 182 20 165 3 0000 4 0000 5 0000 6 000 0 7 02 4 4 8 6 8 4 0 333 10 /// 58 000 6 000 0 7 0000 
05-OCT-2015 03 48031 3 2 5 57 8 22 01 10 205 20 185 3 0000 4 0000 5 0000 6 000 0 7 00 0 0 8 8 / / / 333 10 /// 58 000 6 000 0 7 0000 
05-OCT-2015 03 48033 3 2 5 62 6 00 00 10 290 20 270 3 0000 4 0113 5 0000 6 000 0 7 00 0 0 8 5 9 3 0 333 10 /// 58 002 6 000 0 7 0000 
05-OCT-2015 03 48034 2 2 4 56 6 00 00 10 226 20 205 3 0000 4 0000 5 0000 6 000 0 7 00 0 0 8 6 3 0 0 333 10 /// 58 000 6 000 0 7 0000 
05-OCT-2015 03 48035 2 1 4 56 8 00 00 10 247 20 219 3 0000 4 0119 5 0000 6 000 0 7 05 2 2 8 5 9 7 / 333 10 /// 58 014 6 000 0 7 0000 
05-OCT-2015 03 48037 2 2 5 58 3 22 01 10 279 20 268 3 0000 4 0111 5 0000 6 000 0 7 00 0 0 8 3 7 0 0 333 10 /// 59 008 6 000 0 7 0000 
05-OCT-2015 03 48039 2 2 4 60 3 00 00 10 290 20 256 3 0000 4 0000 5 0000 6 000 0 7 00 0 0 8 3 9 0 0 333 10 /// 58 000 6 000 0 7 0000 
05-OCT-2015 03 48042 2 2 4 58 6 13 01 10 285 20 255 3 0000 4 0116 5 0000 6 000 0 7 00 0 0 8 5 9 5 0 333 10 /// 59 004 6 000 0 7 0000 
05-OCT-2015 03 48043 2 2 5 56 8 32 02 10 225 20 214 3 0000 4 0000 5 0000 6 000 0 7 00 0 0 8 5 8 7 / 333 10 /// 58 000 6 000 0 7 0000 
05-OCT-2015 03 48045 2 2 5 57 7 14 02 10 210 20 175 3 0000 4 0000 5 0000 6 000 0 7 00 0 0 8 6 6 4 0 333 10 /// 58 000 6 000 0 7 0000 
05-OCT-2015 03 48048 3 2 5 60 4 32 01 10 300 20 266 3 0000 4 0115 5 0000 6 000 0 7 00 0 0 8 4 8 0 0 333 10 /// 58 001 6 000 0 7 0000 
05-OCT-2015 03 48051 3 2 5 60 4 36 03 10 282 20 240 3 0000 4 0000 5 0000 6 000 0 7 02 2 2 8 1 2 3 0 333 10 /// 58 000 6 000 0 7 0000 
05-OCT-2015 03 48052 3 2 4 60 5 00 00 10 306 20 267 3 0000 4 0000 5 0000 6 000 0 7 00 0 0 8 5 9 0 0 333 10 /// 58 000 6 000 0 7 0000 
05-OCT-2015 03 48053 2 2 4 56 6 00 00 10 280 20 256 3 0000 4 0118 5 0000 6 000 0 7 00 0 0 8 3 8 5 6 333 10 /// 58 003 6 000 0 7 0000 
05-OCT-2015 03 48055 3 2 4 56 6 09 04 10 238 20 214 3 0000 4 0123 5 0000 6 000 0 7 02 4 4 8 6 9 0 0 333 10 /// 59 001 6 000 0 7 0000 
05-OCT-2015 03 48057 3 2 4 57 5 14 03 10 230 20 181 3 0000 4 0000 5 0000 6 000 0 7 00 0 0 8 4 8 0 1 333 10 /// 58 000 6 000 0 7 0000 
05-OCT-2015 03 48060 2 2 3 40 3 00 00 10 248 20 205 3 0000 4 0117 5 0000 6 000 0 7 00 0 0 8 3 1 0 0 333 10 /// 58 000 6 000 0 7 0000 
05-OCT-2015 03 48062 3 2 4 57 5 09 02 10 300 20 270 3 0000 4 0166 5 0000 6 000 0 7 00 0 0 8 4 9 3 0 333 10 /// 59 028 6 000 0 7 0000 
05-OCT-2015 03 48064 3 2 5 58 5 09 01 10 280 20 250 3 0000 4 0101 5 0000 6 000 0 7 00 0 0 8 1 1 3 6 333 10 /// 59 003 6 000 0 7 0000 
05-OCT-2015 03 48065 2 2 4 56 6 00 00 10 285 20 259 3 0000 4 0000 5 0000 6 000 0 7 00 0 0 8 4 5 7 0 333 10 /// 58 000 6 000 0 7 0000 
05-OCT-2015 03 48071 2 2 4 58 5 23 01 10 285 20 266 3 0000 4 0108 5 0000 6 000 0 7 00 0 0 8 4 9 3 0 333 10 /// 58 007 6 000 0 7 0000 
05-OCT-2015 03 48072 2 2 4 60 4 13 02 10 310 20 267 3 0000 4 0000 5 0000 6 000 0 7 02 2 2 8 3 8 3 0 333 10 /// 58 000 6 000 0 7 0000 
05-OCT-2015 03 48074 3 2 4 60 6 14 03 10 270 20 240 3 0000 4 0125 5 0000 6 000 0 7 00 0 0 8 2 5 0 2 333 10 /// 58 012 6 000 0 7 0000 
05-OCT-2015 03 48075 2 2 4 57 7 00 00 10 250 20 219 3 0000 4 0139 5 0000 6 000 0 7 00 0 0 8 5 7 7 0 333 10 /// 58 021 6 000 0 7 0000 
05-OCT-2015 03 48077 2 2 5 59 7 00 00 10 292 20 248 3 0000 4 0110 5 0000 6 000 0 7 00 0 0 8 5 9 3 1 333 10 /// 58 014 6 000 0 7 0000 
05-OCT-2015 03 48078 3 2 5 57 5 23 01 10 266 20 243 3 0000 4 0127 5 0000 6 000 0 7 00 0 0 8 3 5 0 1 333 10 /// 58 012 6 000 0 7 0000 
05-OCT-2015 03 48080 2 2 4 59 6 04 02 10 291 20 259 3 0000 4 0106 5 0000 6 000 0 7 00 0 0 8 4 8 7 0 333 10 /// 58 004 6 000 0 7 0000 
05-OCT-2015 03 48085 2 2 4 57 7 09 05 10 294 20 259 3 0000 4 0108 5 0000 6 000 0 7 00 0 0 8 4 3 7 6 333 10 /// 58 004 6 000 0 7 0000 
05-OCT-2015 03 48087 2 2 4 50 8 00 00 10 274 20 256 3 0000 4 0000 5 0000 6 000 0 7 00 0 0 8 4 9 7 / 333 10 /// 58 000 6 000 0 7 0000 
05-OCT-2015 03 48092 2 1 4 56 7 09 03 10 280 20 268 3 0000 4 0099 5 0000 6 000 0 7 01 5 5 8 5 9 7 0 333 10 /// 58 009 6 000 0 7 0000 
05-OCT-2015 03 48093 2 1 4 56 7 14 01 10 268 20 256 3 0000 4 0000 5 0000 6 000 0 7 01 6 5 8 5 3 7 0 333 10 /// 58 000 6 000 0 7 0000 
05-OCT-2015 03 48094 3 2 4 59 6 04 02 10 305 20 270 3 0000 4 0105 5 0000 6 000 0 7 00 0 0 8 4 9 7 0 333 10 /// 59 004 6 000 0 7 0000 
05-OCT-2015 03 48095 2 2 4 58 7 00 00 10 270 20 256 3 0000 4 0000 5 0000 6 000 0 7 01 2 2 8 4 9 7 0 333 10 /// 58 000 6 000 0 7 0000 
05-OCT-2015 03 48096 2 2 4 58 7 12 06 10 280 20 250 3 0000 4 0118 5 0000 6 000 0 7 02 1 1 8 5 9 4 0 333 10 /// 58 001 6 000 0 7 0000 
05-OCT-2015 03 48097 2 1 5 57 7 14 03 10 270 20 256 3 0000 4 0128 5 0000 6 000 0 7 20 6 5 8 5 3 5 0 333 10 /// 58 004 6 000 0 7 0000 
05-OCT-2015 03 48099 2 2 4 50 6 13 04 10 280 20 250 3 0000 4 0121 5 0000 6 000 0 7 00 0 0 8 5 9 3 0 333 10 /// 58 008 6 000 0 7 0000 
05-OCT-2015 03 48101 2 1 4 58 8 00 00 10 260 20 260 3 0000 4 0000 5 0000 6 000 0 7 61 6 5 8 5 9 2 / 333 10 /// 58 000 6 000 0 7 0000 
05-OCT-2015 03 48103 2 2 4 56 4 04 02 10 292 20 248 3 0000 4 0124 5 0000 6 000 0 7 00 0 0 8 3 8 3 0 333 10 /// 58 009 6 000 0 7 0000 
05-OCT-2015 03 48107 2 1 3 30 8 18 01 10 258 20 258 3 0000 4 0125 5 0000 6 000 0 7 63 6 6 8 5 9 7 / 333 10 /// 58 017 6 000 0 7 0000 
05-OCT-2015 03 48108 2 1 4 94 8 23 03 10 263 20 246 3 0000 4 0140 5 0000 6 000 0 7 50 5 5 8 5 3 7 / 333 10 /// 58 013 6 000 0 7 0000 
05-OCT-2015 03 48109 2 2 4 97 7 27 01 10 268 20 256 3 0000 4 0109 5 0000 6 000 0 7 01 2 2 8 5 9 7 0 333 10 /// 59 006 6 000 0 7 0000 
05-OCT-2015 03 48110 2 1 4 93 8 13 03 10 280 20 268 3 0000 4 0140 5 0000 6 000 0 7 60 6 6 8 6 9 2 / 333 10 /// 58 006 6 000 0 7 0000 
05-OCT-2015 03 48112 2 2 5 97 8 18 02 10 280 20 250 3 0000 4 0142 5 0000 6 000 0 7 02 2 2 8 3 8 7 6 333 10 /// 59 002 6 000 0 7 0000 
