06-DEC-2015 09 48004 3 2 5 62 1 13 01 10 230 20 163 3 0000 4 0000 5 0000 6 000 0 7 00 0 0 8 1 1 0 0 333 10 /// 58 000 6 000 0 7 0000 
06-DEC-2015 09 48008 3 2 5 57 1 00 00 10 260 20 160 3 0000 4 0141 5 0000 6 000 0 7 00 0 0 8 1 1 0 0 333 10 /// 59 010 6 000 0 7 0000 
06-DEC-2015 09 48010 3 2 5 60 2 00 00 10 245 20 174 3 0000 4 0154 5 0000 6 000 0 7 00 0 0 8 2 8 0 0 333 10 /// 58 000 6 000 0 7 0000 
06-DEC-2015 09 48018 3 2 5 60 2 14 02 10 275 20 154 3 0000 4 0150 5 0000 6 000 0 7 00 0 0 8 1 8 5 0 333 10 /// 58 004 6 000 0 7 0000 
06-DEC-2015 09 48019 3 2 9 60 0 04 02 10 256 20 160 3 0000 4 0134 5 0000 6 000 0 7 00 0 0 8 0 0 0 0 333 10 /// 59 012 6 000 0 7 0000 
06-DEC-2015 09 48020 3 2 3 56 4 04 02 10 240 20 191 3 0000 4 0000 5 0000 6 000 0 7 00 0 0 8 4 8 0 0 333 10 /// 58 000 6 000 0 7 0000 
06-DEC-2015 09 48025 3 2 4 40 4 04 02 10 240 20 174 3 0000 4 0154 5 0000 6 000 0 7 00 0 0 8 3 8 4 0 333 10 /// 58 003 6 000 0 7 0000 
06-DEC-2015 09 48030 3 2 2 50 8 04 04 10 160 20 085 3 0000 4 0000 5 0000 6 000 0 7 00 0 0 8 7 9 4 / 333 10 /// 58 000 6 000 0 7 0000 
06-DEC-2015 09 48031 3 2 2 57 8 22 01 10 145 20 124 3 0000 4 0000 5 0000 6 000 0 7 00 0 0 8 8 8 / / 333 10 /// 58 000 6 000 0 7 0000 
06-DEC-2015 09 48033 3 2 5 63 2 36 01 10 280 20 184 3 0000 4 0128 5 0000 6 000 0 7 00 0 0 8 2 5 0 0 333 10 /// 59 010 6 000 0 7 0000 
06-DEC-2015 09 48034 3 2 4 56 5 14 01 10 235 20 203 3 0000 4 0000 5 0000 6 000 0 7 00 0 0 8 5 3 0 0 333 10 /// 58 000 6 000 0 7 0000 
06-DEC-2015 09 48035 3 2 5 60 3 00 00 10 241 20 114 3 0000 4 0117 5 0000 6 000 0 7 00 0 0 8 3 8 0 0 333 10 /// 59 011 6 000 0 7 0000 
06-DEC-2015 09 48037 3 2 5 60 2 32 01 10 275 20 158 3 0000 4 0123 5 0000 6 000 0 7 00 0 0 8 2 2 0 0 333 10 /// 58 000 6 000 0 7 0000 
06-DEC-2015 09 48039 3 2 4 60 2 14 01 10 287 20 196 3 0000 4 0000 5 0000 6 000 0 7 00 0 0 8 2 1 0 0 333 10 /// 58 000 6 000 0 7 0000 
06-DEC-2015 09 48042 3 2 5 57 1 00 00 10 280 20 158 3 0000 4 0122 5 0000 6 000 0 7 00 0 0 8 1 2 0 0 333 10 /// 58 001 6 000 0 7 0000 
06-DEC-2015 09 48043 3 2 6 57 2 32 02 10 210 20 160 3 0000 4 0000 5 0000 6 000 0 7 00 0 0 8 2 2 0 0 333 10 /// 58 000 6 000 0 7 0000 
06-DEC-2015 09 48045 3 1 5 56 7 23 03 10 156 20 144 3 0000 4 0000 5 0000 6 000 0 7 41 4 4 8 7 3 0 0 333 10 /// 58 000 6 000 0 7 0000 
06-DEC-2015 09 48048 3 2 5 58 4 04 01 10 287 20 179 3 0000 4 0125 5 0000 6 000 0 7 00 0 0 8 4 8 0 0 333 10 /// 59 007 6 000 0 7 0000 
06-DEC-2015 09 48051 3 2 5 59 3 31 01 10 297 20 170 3 0000 4 0000 5 0000 6 000 0 7 03 1 1 8 3 8 0 0 333 10 /// 58 000 6 000 0 7 0000 
06-DEC-2015 09 48052 3 2 4 58 3 36 02 10 305 20 175 3 0000 4 0000 5 0000 6 000 0 7 03 2 2 8 3 8 0 0 333 10 /// 58 000 6 000 0 7 0000 
06-DEC-2015 09 48053 3 2 5 56 3 36 02 10 280 20 158 3 0000 4 0126 5 0000 6 000 0 7 00 0 0 8 3 1 0 0 333 10 /// 58 001 6 000 0 7 0000 
06-DEC-2015 09 48055 3 2 5 56 3 09 03 10 226 20 149 3 0000 4 0120 5 0000 6 000 0 7 00 0 0 8 3 8 0 0 333 10 /// 59 008 6 000 0 7 0000 
06-DEC-2015 09 48057 3 2 4 57 4 22 02 10 220 20 111 3 0000 4 0000 5 0000 6 000 0 7 00 0 0 8 4 8 0 0 333 10 /// 58 000 6 000 0 7 0000 
06-DEC-2015 09 48060 3 2 4 40 3 04 02 10 222 20 111 3 0000 4 0154 5 0000 6 000 0 7 00 0 0 8 3 1 0 0 333 10 /// 58 018 6 000 0 7 0000 
06-DEC-2015 09 48062 3 2 4 58 3 27 03 10 306 20 250 3 0000 4 0122 5 0000 6 000 0 7 00 0 0 8 3 8 0 0 333 10 /// 58 002 6 000 0 7 0000 
06-DEC-2015 09 48064 3 2 9 60 0 14 01 10 262 20 203 3 0000 4 0105 5 0000 6 000 0 7 01 1 1 8 0 0 0 0 333 10 /// 59 005 6 000 0 7 0000 
06-DEC-2015 09 48065 3 2 9 60 0 00 00 10 293 20 179 3 0000 4 0000 5 0000 6 000 0 7 02 1 1 8 0 0 0 0 333 10 /// 58 000 6 000 0 7 0000 
06-DEC-2015 09 48071 3 2 9 60 0 32 02 10 290 20 196 3 0000 4 0119 5 0000 6 000 0 7 00 0 0 8 0 0 0 0 333 10 /// 58 000 6 000 0 7 0000 
06-DEC-2015 09 48072 3 2 9 60 0 04 02 10 315 20 248 3 0000 4 0000 5 0000 6 000 0 7 00 0 0 8 0 0 0 0 333 10 /// 58 000 6 000 0 7 0000 
06-DEC-2015 09 48074 3 2 5 58 1 04 02 10 300 20 166 3 0000 4 0114 5 0000 6 000 0 7 00 0 0 8 1 1 0 0 333 10 /// 59 002 6 000 0 7 0000 
06-DEC-2015 09 48075 3 2 5 58 3 32 01 10 260 20 160 3 0000 4 0122 5 0000 6 000 0 7 00 0 0 8 3 8 0 0 333 10 /// 59 013 6 000 0 7 0000 
06-DEC-2015 09 48077 3 2 9 59 0 00 00 10 300 20 185 3 0000 4 0114 5 0000 6 000 0 7 00 0 0 8 0 0 0 0 333 10 /// 59 003 6 000 0 7 0000 
06-DEC-2015 09 48078 3 2 5 60 2 36 02 10 299 20 239 3 0000 4 0118 5 0000 6 000 0 7 00 0 0 8 1 2 0 1 333 10 /// 58 002 6 000 0 7 0000 
06-DEC-2015 09 48080 3 2 9 60 0 22 05 10 300 20 266 3 0000 4 0113 5 0000 6 000 0 7 00 0 0 8 0 0 0 0 333 10 /// 58 002 6 000 0 7 0000 
06-DEC-2015 09 48085 3 2 4 58 1 32 03 10 304 20 239 3 0000 4 0110 5 0000 6 000 0 7 00 0 0 8 1 8 0 0 333 10 /// 58 003 6 000 0 7 0000 
06-DEC-2015 09 48087 3 2 9 60 0 04 02 10 310 20 203 3 0000 4 0000 5 0000 6 000 0 7 00 0 0 8 0 0 0 0 333 10 /// 58 000 6 000 0 7 0000 
06-DEC-2015 09 48092 3 2 4 57 3 04 02 10 320 20 226 3 0000 4 0091 5 0000 6 000 0 7 00 0 0 8 3 2 0 0 333 10 /// 58 001 6 000 0 7 0000 
06-DEC-2015 09 48093 3 2 9 58 2 04 01 10 328 20 244 3 0000 4 0000 5 0000 6 000 0 7 00 0 0 8 0 0 0 1 333 10 /// 58 000 6 000 0 7 0000 
06-DEC-2015 09 48094 3 2 9 60 0 04 02 10 325 20 205 3 0000 4 0112 5 0000 6 000 0 7 00 0 0 8 0 0 0 0 333 10 /// 58 000 6 000 0 7 0000 
06-DEC-2015 09 48095 3 2 9 60 0 04 02 10 295 20 215 3 0000 4 0000 5 0000 6 000 0 7 00 0 0 8 0 0 0 0 333 10 /// 58 000 6 000 0 7 0000 
06-DEC-2015 09 48096 3 2 4 59 5 03 05 10 320 20 215 3 0000 4 0109 5 0000 6 000 0 7 00 0 0 8 4 3 0 1 333 10 /// 59 004 6 000 0 7 0000 
06-DEC-2015 09 48097 3 2 5 57 5 04 01 10 330 20 218 3 0000 4 0126 5 0000 6 000 0 7 00 0 0 8 5 8 0 0 333 10 /// 58 003 6 000 0 7 0000 
06-DEC-2015 09 48099 3 2 5 58 2 32 03 10 340 20 225 3 0000 4 0104 5 0000 6 000 0 7 00 0 0 8 2 8 0 0 333 10 /// 58 007 6 000 0 7 0000 
06-DEC-2015 09 48101 3 2 6 60 2 36 01 10 320 20 236 3 0000 4 0000 5 0000 6 000 0 7 00 0 0 8 2 1 0 0 333 10 /// 58 000 6 000 0 7 0000 
06-DEC-2015 09 48103 3 2 4 56 4 13 03 10 340 20 225 3 0000 4 0104 5 0000 6 000 0 7 00 0 0 8 4 8 0 0 333 10 /// 58 008 6 000 0 7 0000 
06-DEC-2015 09 48107 3 2 3 50 6 04 01 10 322 20 248 3 0000 4 0098 5 0000 6 000 0 7 00 0 0 8 4 9 7 0 333 10 /// 58 001 6 000 0 7 0000 
06-DEC-2015 09 48108 3 2 5 96 5 05 03 10 330 20 239 3 0000 4 0101 5 0000 6 000 0 7 00 0 0 8 3 3 0 6 333 10 /// 58 002 6 000 0 7 0000 
06-DEC-2015 09 48109 3 2 4 57 6 09 01 10 294 20 248 3 0000 4 0112 5 0000 6 000 0 7 00 0 0 8 6 9 0 0 333 10 /// 58 002 6 000 0 7 0000 
06-DEC-2015 09 48110 3 2 4 96 8 32 03 10 320 20 215 3 0000 4 0101 5 0000 6 000 0 7 00 0 0 8 5 3 0 7 333 10 /// 58 009 6 000 0 7 0000 
06-DEC-2015 09 48112 3 2 5 98 6 14 05 10 335 20 250 3 0000 4 0092 5 0000 6 000 0 7 00 0 0 8 2 2 1 6 333 10 /// 59 004 6 000 0 7 0000 
