060900 48004 32562 11301 10230 20163 81100 333 56900=
060900 48008 32557 10000 10260 20160 40141 81100 333 56900 59010=
060900 48010 32560 20000 10245 20174 40154 82800 333 56400 58000=
060900 48018 32560 21402 10275 20154 40150 81850 333 56310 58004=
060900 48019 32960 00402 10256 20160 40134 333 59012=
060900 48020 32356 40402 10240 20191 84800 333 56500=
060900 48025 32440 40402 10240 20174 40154 83840 333 56590 58003=
060900 48030 32250 80404 10160 20085 8794/ 333 56189=
060900 48031 32257 82201 10145 20124 888// 333 56499=
060900 48033 32563 23601 10280 20184 40128 82500 333 56900 59010=
060900 48034 32456 51401 10235 20203 85300 333 56500=
060900 48035 32560 30000 10241 20114 40117 83800 333 56400 59011=
060900 48037 32560 23201 10275 20158 40123 82200 333 56700 58000=
060900 48039 32460 21401 10287 20196 82100 333 56500=
060900 48042 32557 10000 10280 20158 40122 81200 333 56900 58001=
060900 48043 32657 23202 10210 20160 82200 333 56400=
060900 48045 31556 72303 10156 20144 74144 87300 333 56500=
060900 48048 32558 40401 10287 20179 40125 84800 333 56800 59007=
060900 48051 32559 33101 10297 20170 70311 83800 333 56900=
060900 48052 32458 33602 10305 20175 70322 83800 333 56900=
060900 48053 32556 33602 10280 20158 40126 83100 333 56400 58001=
060900 48055 32556 30903 10226 20149 40120 83800 333 56500 59008=
060900 48057 32457 42202 10220 20111 84800 333 56400=
060900 48060 32440 30402 10222 20111 40154 83100 333 56500 58018=
060900 48062 32458 32703 10306 20250 40122 83800 333 56600 58002=
060900 48064 32960 01401 10262 20203 40105 70111 333 59005=
060900 48065 32960 00000 10293 20179 70211 333 56000=
060900 48071 32960 03202 10290 20196 40119 333 58000=
060900 48072 32960 00402 10315 20248 333=
060900 48074 32558 10402 10300 20166 40114 81100 333 56900 59002=
060900 48075 32558 33201 10260 20160 40122 83800 333 56500 59013=
060900 48077 32959 00000 10300 20185 40114 333 59003=
060900 48078 32560 23602 10299 20239 40118 81201 333 56909 58002=
060900 48080 32960 02205 10300 20266 40113 333 58002=
060900 48085 32458 13203 10304 20239 40110 81800 333 56300 58003=
060900 48087 32960 00402 10310 20203 333=
060900 48092 32457 30402 10320 20226 40091 83200 333 56900 58001=
060900 48093 32958 20401 10328 20244 80001 333 56009=
060900 48094 32960 00402 10325 20205 40112 333 58000=
060900 48095 32960 00402 10295 20215 333=
060900 48096 32459 50305 10320 20215 40109 84301 333 56909 59004=  
060900 48097 32557 50401 10330 20218 40126 85800 333 56900 58003=
060900 48099 32558 23203 10340 20225 40104 82800 333 56900 58007=
060900 48101 32660 23601 10320 20236 82100 333 56900=
060900 48103 32456 41303 10340 20225 40104 84800 333 56300 58008=
060900 48107 32350 60401 10322 20248 40098 84970 333 56100 58001=
060900 48108 32596 50503 10330 20239 40101 83306 333 56409 58002=
060900 48109 32457 60901 10294 20248 40112 86900 333 56900 58002=
060900 48110 32496 83203 10320 20215 40101 85307 333 56209 58009=
060900 48112 32598 61405 10335 20250 40092 82216 333 56399 59004=
