06-FEB-2015 09 48004 3 2 5 60 4 13 01 10 250 20 150 3 0000 4 0000 5 0000 6 000 0 7 00 0 0 8 4 8 0 0 333 10 /// 58 000 6 000 0 7 0000 
06-FEB-2015 09 48008 3 2 5 57 6 04 01 10 277 20 142 3 0000 4 0132 5 0000 6 000 0 7 00 0 0 8 2 8 3 1 333 10 /// 59 007 6 000 0 7 0000 
06-FEB-2015 09 48010 3 2 5 60 5 00 00 10 280 20 158 3 0000 4 0136 5 0000 6 000 0 7 00 0 0 8 2 8 3 1 333 10 /// 58 005 6 000 0 7 0000 
06-FEB-2015 09 48018 3 2 5 60 5 14 01 10 275 20 154 3 0000 4 0141 5 0000 6 000 0 7 00 0 0 8 3 8 7 0 333 10 /// 58 002 6 000 0 7 0000 
06-FEB-2015 09 48019 3 2 9 60 3 32 01 10 278 20 158 3 0000 4 0132 5 0000 6 000 0 7 00 0 0 8 0 0 0 1 333 10 /// 59 005 6 000 0 7 0000 
06-FEB-2015 09 48025 3 2 4 56 2 14 01 10 287 20 092 3 0000 4 0132 5 0000 6 000 0 7 00 0 0 8 2 5 4 0 333 10 /// 59 004 6 000 0 7 0000 
06-FEB-2015 09 48030 3 2 2 86 4 22 02 10 200 20 000 3 0000 4 0000 5 0000 6 000 0 7 00 0 0 8 0 0 0 0 333 10 /// 58 000 6 000 0 7 0000 
06-FEB-2015 09 48031 3 2 2 58 2 14 01 10 230 20 097 3 0000 4 0000 5 0000 6 000 0 7 00 0 0 8 0 0 0 2 333 10 /// 58 000 6 000 0 7 0000 
06-FEB-2015 09 48033 3 2 5 63 3 36 01 10 310 20 146 3 0000 4 0132 5 0000 6 000 0 7 00 0 0 8 1 5 0 6 333 10 /// 58 011 6 000 0 7 0000 
06-FEB-2015 09 48034 3 2 4 57 3 23 02 10 243 20 034 3 0000 4 0000 5 0000 6 000 0 7 00 0 0 8 3 5 0 0 333 10 /// 58 000 6 000 0 7 0000 
06-FEB-2015 09 48035 3 1 5 58 1 22 03 10 251 20 046 3 0000 4 0113 5 0000 6 000 0 7 05 0 0 8 1 5 0 0 333 10 /// 58 010 6 000 0 7 0000 
06-FEB-2015 09 48037 3 2 6 60 2 36 01 10 316 20 116 3 0000 4 0123 5 0000 6 000 0 7 00 0 0 8 0 0 0 2 333 10 /// 59 003 6 000 0 7 0000 
06-FEB-2015 09 48039 3 2 9 59 2 32 02 10 312 20 092 3 0000 4 0000 5 0000 6 000 0 7 00 0 0 8 0 0 0 2 333 10 /// 58 000 6 000 0 7 0000 
06-FEB-2015 09 48042 3 2 9 58 3 27 01 10 325 20 089 3 0000 4 0112 5 0000 6 000 0 7 00 0 0 8 0 0 0 6 333 10 /// 59 015 6 000 0 7 0000 
06-FEB-2015 09 48043 3 2 0 58 2 32 05 10 245 20 126 3 0000 4 0000 5 0000 6 000 0 7 00 0 0 8 0 0 0 2 333 10 /// 58 000 6 000 0 7 0000 
06-FEB-2015 09 48045 3 2 9 61 6 18 05 10 232 20 045 3 0000 4 0000 5 0000 6 000 0 7 00 0 0 8 0 0 0 6 333 10 /// 58 000 6 000 0 7 0000 
06-FEB-2015 09 48048 3 2 5 60 5 36 01 10 320 20 116 3 0000 4 0134 5 0000 6 000 0 7 00 0 0 8 4 8 5 0 333 10 /// 58 004 6 000 0 7 0000 
06-FEB-2015 09 48051 3 2 9 59 3 31 04 10 314 20 120 3 0000 4 0000 5 0000 6 000 0 7 03 1 1 8 0 0 0 6 333 10 /// 58 000 6 000 0 7 0000 
06-FEB-2015 09 48052 3 2 4 70 3 00 00 10 340 20 125 3 0000 4 0000 5 0000 6 000 0 7 00 0 0 8 3 8 0 0 333 10 /// 58 000 6 000 0 7 0000 
06-FEB-2015 09 48053 3 2 5 56 3 36 02 10 310 20 092 3 0000 4 0119 5 0000 6 000 0 7 00 0 0 8 1 5 0 6 333 10 /// 59 002 6 000 0 7 0000 
06-FEB-2015 09 48055 3 2 5 56 3 18 06 10 278 20 043 3 0000 4 0078 5 0000 6 000 0 7 00 0 0 8 1 1 0 6 333 10 /// 59 008 6 000 0 7 0000 
06-FEB-2015 09 48057 3 2 9 58 4 22 02 10 242 20 045 3 0000 4 0000 5 0000 6 000 0 7 00 0 0 8 0 0 0 6 333 10 /// 58 000 6 000 0 7 0000 
06-FEB-2015 09 48060 3 2 4 50 3 22 03 10 275 20 106 3 0000 4 0113 5 0000 6 000 0 7 00 0 0 8 1 1 0 6 333 10 /// 59 006 6 000 0 7 0000 
06-FEB-2015 09 48062 3 2 5 56 5 27 03 10 295 20 240 3 0000 4 0139 5 0000 6 000 0 7 01 2 2 8 2 5 3 6 333 10 /// 58 006 6 000 0 7 0000 
06-FEB-2015 09 48064 3 2 9 70 2 04 01 10 310 20 225 3 0000 4 0104 5 0000 6 000 0 7 00 0 0 8 0 0 0 1 333 10 /// 58 003 6 000 0 7 0000 
06-FEB-2015 09 48065 3 2 9 70 2 00 00 10 332 20 106 3 0000 4 0000 5 0000 6 000 0 7 00 0 0 8 0 0 0 6 333 10 /// 58 000 6 000 0 7 0000 
06-FEB-2015 09 48071 3 2 4 60 2 32 02 10 275 20 203 3 0000 4 0138 5 0000 6 000 0 7 00 0 0 8 2 2 0 0 333 10 /// 58 003 6 000 0 7 0000 
06-FEB-2015 09 48072 3 2 5 60 1 32 04 10 295 20 185 3 0000 4 0000 5 0000 6 000 0 7 00 0 0 8 1 2 0 0 333 10 /// 58 000 6 000 0 7 0000 
06-FEB-2015 09 48074 3 2 9 59 2 04 02 10 330 20 126 3 0000 4 0135 5 0000 6 000 0 7 00 0 0 8 0 0 0 1 333 10 /// 58 017 6 000 0 7 0000 
06-FEB-2015 09 48075 3 1 5 58 3 22 01 10 290 20 090 3 0000 4 0113 5 0000 6 000 0 7 05 1 1 8 3 8 0 0 333 10 /// 58 013 6 000 0 7 0000 
06-FEB-2015 09 48077 3 2 9 59 2 00 00 10 352 20 113 3 0000 4 0112 5 0000 6 000 0 7 00 0 0 8 0 0 0 1 333 10 /// 58 003 6 000 0 7 0000 
06-FEB-2015 09 48078 3 2 9 59 1 18 01 10 331 20 139 3 0000 4 0127 5 0000 6 000 0 7 00 0 0 8 0 0 0 1 333 10 /// 58 012 6 000 0 7 0000 
06-FEB-2015 09 48080 3 2 4 60 2 32 06 10 321 20 236 3 0000 4 0120 5 0000 6 000 0 7 00 0 0 8 2 2 0 0 333 10 /// 58 002 6 000 0 7 0000 
06-FEB-2015 09 48085 3 2 9 58 1 32 07 10 304 20 185 3 0000 4 0128 5 0000 6 000 0 7 00 0 0 8 0 0 0 1 333 10 /// 58 007 6 000 0 7 0000 
06-FEB-2015 09 48087 3 2 9 60 0 04 01 10 336 20 145 3 0000 4 0000 5 0000 6 000 0 7 00 0 0 8 0 0 0 0 333 10 /// 58 000 6 000 0 7 0000 
06-FEB-2015 09 48092 3 2 4 59 4 32 01 10 340 20 135 3 0000 4 0101 5 0000 6 000 0 7 00 0 0 8 4 2 0 0 333 10 /// 58 006 6 000 0 7 0000 
06-FEB-2015 09 48093 3 2 5 56 5 23 01 10 319 20 200 3 0000 4 0000 5 0000 6 000 0 7 00 0 0 8 5 8 0 0 333 10 /// 58 000 6 000 0 7 0000 
06-FEB-2015 09 48094 3 2 5 60 2 32 02 10 340 20 182 3 0000 4 0122 5 0000 6 000 0 7 00 0 0 8 1 1 0 1 333 10 /// 58 007 6 000 0 7 0000 
06-FEB-2015 09 48095 3 2 9 60 2 04 01 10 320 20 200 3 0000 4 0000 5 0000 6 000 0 7 00 0 0 8 0 0 0 2 333 10 /// 58 000 6 000 0 7 0000 
06-FEB-2015 09 48097 3 2 5 57 6 22 01 10 335 20 148 3 0000 4 0118 5 0000 6 000 0 7 00 0 0 8 6 8 0 0 333 10 /// 59 002 6 000 0 7 0000 
06-FEB-2015 09 48099 3 2 5 58 5 23 02 10 246 20 184 3 0000 4 0126 5 0000 6 000 0 7 00 0 0 8 4 8 0 1 333 10 /// 58 008 6 000 0 7 0000 
06-FEB-2015 09 48101 3 2 7 60 4 00 00 10 318 20 184 3 0000 4 0000 5 0000 6 000 0 7 03 2 2 8 0 0 1 5 333 10 /// 58 000 6 000 0 7 0000 
06-FEB-2015 09 48103 3 2 4 57 2 32 01 10 340 20 225 3 0000 4 0119 5 0000 6 000 0 7 00 0 0 8 2 8 0 0 333 10 /// 58 010 6 000 0 7 0000 
06-FEB-2015 09 48107 3 2 3 50 2 04 01 10 348 20 143 3 0000 4 0114 5 0000 6 000 0 7 00 0 0 8 2 9 0 0 333 10 /// 58 008 6 000 0 7 0000 
06-FEB-2015 09 48108 3 2 5 96 5 14 05 10 340 20 164 3 0000 4 0119 5 0000 6 000 0 7 00 0 0 8 2 4 0 6 333 10 /// 59 006 6 000 0 7 0000 
06-FEB-2015 09 48110 3 1 5 96 3 09 03 10 340 20 184 3 0000 4 0114 5 0000 6 000 0 7 05 1 1 8 2 3 0 5 333 10 /// 58 005 6 000 0 7 0000 
