060000 48008 31550 30000 10135 20124 40150 71044 82430 333 20125 56190 59019=
060000 48010 31620 20000 10135 20132 40157 74244 80001 333 20128 56009 59015=
060000 48018 32530 31401 10140 20132 40166 82810 333 20135 56550 58003=
060000 48019 32540 20000 10130 20130 40156 80002 333 20127 56006 59003=
060000 48025 31110 42202 10130 20113 40165 74044 81640 333 20124 56660 59008=
060000 48030 32150 22201 10036 20015 82500 333 20023 56500=
060000 48031 32257 23601 10094 20018 80002 333 20087 56009=
060000 48033 32960 33601 10150 20134 40154 80006 333 20130 56009 59004=
060000 48034 31448 20000 10058 20035 71011 82500 333 20048 56500=
060000 48035 31540 20000 10051 20050 40189 71000 81501 333 20044 56909 58011=
060000 48037 32910 00000 10145 20107 40145 333 20138 59006=
060000 48039 31450 33202 10140 20107 71011 81402 333 20137 56909=
060000 48042 32556 30000 10140 20107 40144 81402 333 20130 56909 59008=
060000 48043 32010 00000 10080 20035 333 20045=
060000 48048 32540 20401 10133 20113 40147 82800 333 20126 56900 58007=
060000 48052 32950 00000 10142 20107 333 20132=
060000 48053 32550 40000 10150 20092 40138 82506 333 20144 56509 59009=
060000 48055 31910 20000 10041 20034 40215 74044 80006 333 20036 56009 59020=
060000 48057 31939 11401 10100 20056 71000 80001 333 20080 56009=
060000 48060 32410 20000 10105 20085 40192 82100 333 20085 56500 59033=
060000 48062 31540 40401 10160 20140 40143 71022 83830 333 20140 56990 59007=
060000 48064 32950 03201 10142 20107 40122 333 20105 59002=
060000 48065 32950 10000 10144 20124 80001 333 20131 56009=
060000 48071 31440 30000 10180 20155 40138 74044 83200 333 20160 56900 59017=
060000 48074 32540 10000 10157 20135 40147 81400 333 20145 56900 59012=
060000 48075 31456 40000 10100 20100 40196 71022 82505 333 20090 56509 59018=
060000 48077 31556 30401 10177 20129 40126 71011 81201 333 20140 56909 59016=
060000 48080 31450 30000 10122 20102 40145 70544 82506 333 20115 56909 59003=
060000 48092 31556 30401 10180 20156 40115 70511 81402 333 20165 56909 59010=
060000 48093 31920 10000 10200 20185 71011 80001 333 20199 56009=
060000 48094 32456 30000 10200 20170 40136 82540 333 20163 56990 59007=
060000 48097 31550 32301 10205 20190 40147 71011 81406 333 20190 56909 59003=
060000 48099 31430 40401 10200 20185 40143 74044 82830 333 20190 56190 59004=
060000 48103 32440 20401 10194 20175 40132 82500 333 20188 56100 59010=
060000 48107 31330 50902 10192 20175 40134 74144 83806 333 20179 56309 58000=
060000 48108 31594 50000 10175 20168 40140 71022 82406 333 20160 56909 59005=
060000 48109 31496 30000 10215 20205 40142 71022 83500 333 20205 56900 59001=
060000 48110 31993 20000 10210 20185 40142 74244 80005 333 20210 56009 58003=
060000 48112 32597 80401 10253 20219 40132 83876 333 20216 56199 58000=  
