



*-*-*


<!--
.style2 {
	font-family:"Courier New", Courier, monospace;
	font-size: 14px;
}
-->






SIBM20 VBRR 060906

AAXX 06094

48001 NIL=

48004 32560 41301 10250 20150 84800 333 56900=

48008 32557 60401 10277 20142 40132 82831 333 56566 59007=

48010 32560 50000 10280 20158 40136 82831 333 56999 58005=

48018 32560 51401 10275 20154 40141 83870 333 56550 58002=

48019 32960 33201 10278 20158 40132 80001 333 56004 59005=

48020 NIL=

48025 32456 21401 10287 20092 40132 82540 333 56590 59004=

48030 32286 42202 10200 29026 81506 333 56509=

48031 32258 21401 10230 20097 80002 333 56009=

48033 32563 33601 10310 20146 40132 81506 333 56509 58011=

48034 32457 32302 10243 20034 83500 333 56500=

48035 31558 12203 10251 20046 40113 70500 81500 333 56900 58010=

48037 32660 23601 10316 20116 40123 80002 333 56006 59003=

48039 32959 23202 10312 20092 80002 333 56005=

48042 32958 32701 10325 20089 40112 80006 333 56009 59015=

48043 32058 23205 10245 20126 80002 333 56009=

48045 32961 61805 10232 20045 80006 333 56009=

48048 32560 53601 10320 20116 40134 84850 333 56490 58004=

48051 32959 33104 10314 20120 70311 80006 333 56009=

48052 32470 30000 10340 20125 83800 333 56900=

48053 32556 33602 10310 20092 40119 81506 333 56509 59002=

48055 32556 31806 10278 20043 40078 81106 333 56309 59008=

48057 32958 42202 10242 20045 80006 333 56009=

48060 32450 32203 10275 20106 40113 81106 333 56609 59006=

48062 32556 52703 10295 20240 40139 70122 82536 333 56999 58006=

48064 32970 20401 10310 20225 40104 80001 333 56009 58003=

48065 32970 20000 10332 20106 80006 333 56009=

48071 32460 23202 10275 20203 40138 82200 333 56900 58003=

48072 32560 13204 10295 20185 81200 333 56900=

48074 32959 20402 10330 20126 40135 80001 333 56009 58017=

48075 31558 32201 10290 20090 40113 70511 83800 333 56700 58013=

48077 32959 20000 10352 20113 40112 80001 333 56009 58003=

48078 32959 11801 10331 20139 40127 80001 333 56009 58012=

48080 32460 23206 10321 20236 40120 82200 333 56900 58002=

48085 32958 13207 10304 20185 40128 80001 333 56009 58007=

48087 32960 00401 10336 20145 333=

48092 32459 43201 10340 20135 40101 84200 333 56900 58006=

48093 32556 52301 10319 20200 85800 333 56100=

48094 32560 23202 10340 20182 40122 81101 333 56909 58007=

48095 32960 20401 10320 20200 80002 333 56009=

48097 32557 62201 10335 20148 40118 86800 333 56900 59002=

48099 32558 52302 10246 20184 40126 84801 333 56509 58008=

48101 32760 40000 10318 20184 70322 80015 333 56099=

48103 32457 23201 10340 20225 40119 82800 333 56700 58010=

48107 32350 20401 10348 20143 40114 82900 333 56300 58008=

48108 32596 51405 10340 20164 40119 82406 333 56209 59006=

48109 NIL=

48110 31596 30903 10340 20184 40114 70511 82305 333 56209 58005=

48112 NIL=  
SIBM20 VBRR 060900

AAXX 06094

48001 NIL=

48004 32560 41301 10250 20150 84800 333 56900=

48008 32557 60401 10277 20142 40132 82831 333 56566

59007=

48010 32560 50000 10280 20158 40136 82831 333 56999

58005=

48018 32560 51401 10275 20154 40141 83870 333 56550

58002=

48019 32960 33201 10278 20158 40132 80001 333 56004

59005=

48020 NIL=

48025 32456 21401 10287 20092 40132 82540 333 56590

59004=

48035 31558 12203 10251 20046 40113 70500 81500 333

56900 58010=

48037 32660 23601 10316 20116 40123 80002 333 56006

59003=

48042 32958 32701 10325 20089 40112 80006 333 56009

59015=

48045 32961 61805 10232 20045 80006 333 56009=

48048 32560 53601 10320 20116 40134 84850 333 56490

58004=

48051 32959 33104 10314 20120 70311 80006 333 56009=

48053 32556 33602 10310 20092 40119 81506 333 56509

59002=

48060 32450 32203 10275 20106 40113 81106 333 56609

59006=

48062 32556 52703 10295 20240 40139 70122 82536 333

56999 58006=

48071 32460 23202 10275 20203 40138 82200 333 56900

58003=

48075 31558 32201 10290 20090 40113 70511 83800 333

56700 58013=

48077 32959 20000 10352 20113 40112 80001 333 56009

58003=

48078 32959 11801 10331 20139 40127 80001 333 56009

58012=

48080 32460 23206 10321 20236 40120 82200 333 56900

58002=

48085 32958 13207 10304 20185 40128 80001 333 56009

58007=

48095 32960 20401 10320 20200 80002 333 56009=

48108 32596 51405 10340 20164 40119 82406 333 56209

59006=

48109 NIL=

48110 31596 30903 10340 20184 40114 70511 82305 333

56209 58005=

48112 NIL=

48030 32286 42202 10200 29026 81506 333 56509=

48072 32560 13204 10295 20185 81200 333 56900=

48087 32960 00401 10336 20145 333=

48099 32558 52302 10246 20184 40126 84801 333 56509

58008=

48101 32760 40000 10318 20184 70322 80015 333 56099=

48103 32457 23201 10340 20225 40119 82800 333 56700

58010=

48057 32958 42202 10242 20045 80006 333 56009=

48094 32560 23202 10340 20182 40122 81101 333 56909

58007=

48097 32557 62201 10335 20148 40118 86800 333 56900

59002=

48031 32258 21401 10230 20097 80002 333 56009=

48033 32563 33601 10310 20146 40132 81506 333 56509

58011=

48034 32457 32302 10243 20034 83500 333 56500=

48039 32959 23202 10312 20092 80002 333 56005=

48043 32058 23205 10245 20126 80002 333 56009=

48052 32470 30000 10340 20125 83800 333 56900=

48055 32556 31806 10278 20043 40078 81106 333 56309

59008=

48064 32970 20401 10310 20225 40104 80001 333 56009

58003=

48065 32970 20000 10332 20106 80006 333 56009=

48074 32959 20402 10330 20126 40135 80001 333 56009

58017=

48092 32459 43201 10340 20135 40101 84200 333 56900

58006=

48093 32556 52301 10319 20200 85800 333 56100=

48107 32350 20401 10348 20143 40114 82900 333 56300

58008=  





