06-JAN-2015 00 48008 2 1 5 40 2 00 00 10 150 20 145 3 0000 4 0132 5 0000 6 000 0 7 10 4 4 8 1 4 3 0 333 20 142 58 032 6 000 0 7 0000 
06-JAN-2015 00 48010 3 2 5 20 2 00 00 10 145 20 132 3 0000 4 0126 5 0000 6 000 0 7 00 0 0 8 2 4 0 0 333 20 140 58 031 6 000 0 7 0000 
06-JAN-2015 00 48018 2 2 5 20 5 00 00 10 170 20 154 3 0000 4 0121 5 0000 6 000 0 7 00 0 0 8 3 8 7 0 333 20 160 58 013 6 000 0 7 0000 
06-JAN-2015 00 48019 2 2 4 40 4 36 01 10 164 20 160 3 0000 4 0118 5 0000 6 000 0 7 00 0 0 8 3 6 3 0 333 20 160 58 018 6 000 0 7 0000 
06-JAN-2015 00 48025 3 2 4 30 6 22 01 10 174 20 154 3 0000 4 0129 5 0000 6 000 0 7 00 0 0 8 4 8 4 0 333 20 170 58 038 6 000 0 7 0000 
06-JAN-2015 00 48030 3 1 0 02 9 22 05 10 020 20 020 3 0000 4 0000 5 0000 6 000 0 7 45 4 4 8 0 0 0 0 333 20 010 58 000 6 000 0 7 0000 
06-JAN-2015 00 48031 3 2 9 50 0 36 02 10 082 20 056 3 0000 4 0000 5 0000 6 000 0 7 00 0 0 8 0 0 0 0 333 20 073 58 000 6 000 0 7 0000 
06-JAN-2015 00 48033 3 2 5 60 1 04 02 10 200 20 185 3 0000 4 0109 5 0000 6 000 0 7 00 0 0 8 1 4 0 0 333 20 180 58 004 6 000 0 7 0000 
06-JAN-2015 00 48034 3 2 4 56 8 00 00 10 138 20 125 3 0000 4 0000 5 0000 6 000 0 7 00 0 0 8 6 9 7 / 333 20 126 58 000 6 000 0 7 0000 
06-JAN-2015 00 48035 3 1 5 30 5 00 00 10 144 20 140 3 0000 4 0119 5 0000 6 000 0 7 10 0 0 8 3 9 6 0 333 20 130 59 000 6 000 0 7 0000 
06-JAN-2015 00 48037 3 2 9 10 0 04 01 10 206 20 160 3 0000 4 0104 5 0000 6 000 0 7 00 0 0 8 0 0 0 0 333 20 200 58 018 6 000 0 7 0000 
06-JAN-2015 00 48039 3 1 4 50 2 00 00 10 192 20 175 3 0000 4 0000 5 0000 6 000 0 7 10 1 1 8 2 4 0 0 333 20 190 58 000 6 000 0 7 0000 
06-JAN-2015 00 48042 3 2 9 56 0 00 00 10 205 20 190 3 0000 4 0109 5 0000 6 000 0 7 00 0 0 8 0 0 0 0 333 20 200 58 024 6 000 0 7 0000 
06-JAN-2015 00 48043 3 2 0 51 0 00 00 10 140 20 140 3 0000 4 0000 5 0000 6 000 0 7 00 0 0 8 0 0 0 0 333 20 100 58 000 6 000 0 7 0000 
06-JAN-2015 00 48048 3 2 9 50 0 00 00 10 184 20 147 3 0000 4 0109 5 0000 6 000 0 7 00 0 0 8 0 0 0 0 333 20 177 58 024 6 000 0 7 0000 
06-JAN-2015 00 48052 3 2 4 50 4 00 00 10 190 20 159 3 0000 4 0000 5 0000 6 000 0 7 00 0 0 8 4 8 0 0 333 20 138 58 000 6 000 0 7 0000 
06-JAN-2015 00 48053 3 2 5 50 2 00 00 10 190 20 175 3 0000 4 0103 5 0000 6 000 0 7 00 0 0 8 2 5 0 0 333 20 183 58 005 6 000 0 7 0000 
06-JAN-2015 00 48055 3 1 9 56 0 36 02 10 103 20 098 3 0000 4 0146 5 0000 6 000 0 7 05 0 0 8 0 0 0 0 333 20 097 58 000 6 000 0 7 0000 
06-JAN-2015 00 48057 3 1 9 39 0 14 01 10 130 20 113 3 0000 4 0000 5 0000 6 000 0 7 10 0 0 8 0 0 0 0 333 20 126 58 000 6 000 0 7 0000 
06-JAN-2015 00 48060 3 1 / 20 9 00 00 10 140 20 124 3 0000 4 0148 5 0000 6 000 0 7 10 1 1 8 0 0 0 0 333 20 138 58 020 6 000 0 7 0000 
06-JAN-2015 00 48062 3 1 4 40 4 00 00 10 200 20 170 3 0000 4 0120 5 0000 6 000 0 7 10 1 1 8 3 8 3 0 333 20 170 58 003 6 000 0 7 0000 
06-JAN-2015 00 48064 3 2 9 50 0 00 00 10 190 20 159 3 0000 4 0085 5 0000 6 000 0 7 00 0 0 8 0 0 0 0 333 20 156 58 011 6 000 0 7 0000 
06-JAN-2015 00 48065 3 2 9 50 0 00 00 10 190 20 159 3 0000 4 0000 5 0000 6 000 0 7 00 0 0 8 0 0 0 0 333 20 178 58 000 6 000 0 7 0000 
06-JAN-2015 00 48071 3 2 4 50 3 05 01 10 230 20 214 3 0000 4 0113 5 0000 6 000 0 7 00 0 0 8 3 8 0 0 333 20 220 58 002 6 000 0 7 0000 
06-JAN-2015 00 48074 3 1 9 50 0 00 00 10 203 20 185 3 0000 4 0119 5 0000 6 000 0 7 00 0 0 8 0 0 0 0 333 20 191 58 020 6 000 0 7 0000 
06-JAN-2015 00 48075 3 1 4 56 2 00 00 10 130 20 130 3 0000 4 0163 5 0000 6 000 0 7 10 2 2 8 2 1 0 0 333 20 126 58 025 6 000 0 7 0000 
06-JAN-2015 00 48077 3 1 5 56 2 00 00 10 198 20 185 3 0000 4 0100 5 0000 6 000 0 7 10 1 1 8 2 8 0 0 333 20 178 58 001 6 000 0 7 0000 
06-JAN-2015 00 48078 3 1 3 05 7 18 01 10 225 20 210 3 0000 4 0114 5 0000 6 000 0 7 00 0 0 8 5 8 7 / 333 20 200 59 004 6 000 0 7 0000 
06-JAN-2015 00 48085 3 1 9 30 0 14 01 10 190 20 188 3 0000 4 0112 5 0000 6 000 0 7 42 4 4 8 0 0 0 0 333 20 188 58 006 6 000 0 7 0000 
06-JAN-2015 00 48087 3 1 2 10 4 00 00 10 180 20 155 3 0000 4 0000 5 0000 6 000 0 7 43 4 4 8 4 6 / / 333 20 168 58 000 6 000 0 7 0000 
06-JAN-2015 00 48092 3 1 / 01 9 00 00 10 210 20 203 3 0000 4 0091 5 0000 6 000 0 7 45 4 4 8 0 0 0 0 333 20 195 58 005 6 000 0 7 0000 
06-JAN-2015 00 48093 3 2 9 40 0 14 01 10 233 20 228 3 0000 4 0000 5 0000 6 000 0 7 00 0 0 8 0 0 0 0 333 20 223 58 000 6 000 0 7 0000 
06-JAN-2015 00 48094 3 1 9 40 0 00 00 10 220 20 210 3 0000 4 0117 5 0000 6 000 0 7 10 0 0 8 0 0 0 0 333 20 180 58 007 6 000 0 7 0000 
06-JAN-2015 00 48096 3 1 0 50 0 32 02 10 220 20 220 3 0000 4 0115 5 0000 6 000 0 7 10 1 1 8 0 0 0 0 333 20 218 59 002 6 000 0 7 0000 
06-JAN-2015 00 48097 3 1 4 56 2 23 01 10 220 20 212 3 0000 4 0112 5 0000 6 000 0 7 10 1 1 8 1 5 0 1 333 20 218 59 003 6 000 0 7 0000 
06-JAN-2015 00 48099 3 1 3 30 6 00 00 10 222 20 205 3 0000 4 0115 5 0000 6 000 0 7 40 4 4 8 4 7 7 0 333 20 208 58 002 6 000 0 7 0000 
06-JAN-2015 00 48101 3 2 9 56 0 00 00 10 222 20 222 3 0000 4 0000 5 0000 6 000 0 7 00 0 0 8 0 0 0 0 333 20 200 58 000 6 000 0 7 0000 
06-JAN-2015 00 48103 3 1 5 09 2 00 00 10 217 20 205 3 0000 4 0113 5 0000 6 000 0 7 42 4 4 8 2 5 0 0 333 20 198 58 005 6 000 0 7 0000 
06-JAN-2015 00 48107 3 1 9 30 0 09 01 10 190 20 159 3 0000 4 0113 5 0000 6 000 0 7 41 4 4 8 0 0 0 0 333 20 177 58 000 6 000 0 7 0000 
06-JAN-2015 00 48108 3 1 9 91 4 00 00 10 170 20 162 3 0000 4 0119 5 0000 6 000 0 7 42 4 4 8 0 0 0 6 333 20 150 58 002 6 000 0 7 0000 
06-JAN-2015 00 48109 3 2 4 96 5 04 01 10 258 20 229 3 0000 4 0118 5 0000 6 000 0 7 00 0 0 8 5 9 0 0 333 20 215 58 004 6 000 0 7 0000 
06-JAN-2015 00 48110 3 1 9 95 4 00 00 10 215 20 200 3 0000 4 0112 5 0000 6 000 0 7 05 2 2 8 0 0 0 6 333 20 210 59 003 6 000 0 7 0000 
06-JAN-2015 00 48112 3 2 5 97 8 04 01 10 240 20 226 3 0000 4 0104 5 0000 6 000 0 7 00 0 0 8 3 8 7 6 333 20 195 58 002 6 000 0 7 0000 
