06-JAN-2015 06 48004 3 2 5 62 3 04 01 10 240 20 155 3 0000 4 0000 5 0000 6 000 0 7 00 0 0 8 3 8 0 0 333 10 /// 58 000 6 000 0 7 0000 
06-JAN-2015 06 48008 3 2 5 58 2 04 01 10 235 20 136 3 0000 4 0128 5 0000 6 000 0 7 00 0 0 8 1 4 3 0 333 10 /// 58 008 6 000 0 7 0000 
06-JAN-2015 06 48010 3 2 0 56 0 18 01 10 252 20 167 3 0000 4 0132 5 0000 6 000 0 7 00 0 0 8 0 0 0 0 333 10 /// 58 020 6 000 0 7 0000 
06-JAN-2015 06 48018 3 2 5 60 6 04 01 10 235 20 165 3 0000 4 0147 5 0000 6 000 0 7 00 0 0 8 3 8 7 0 333 10 /// 58 028 6 000 0 7 0000 
06-JAN-2015 06 48019 3 2 4 50 4 04 02 10 220 20 172 3 0000 4 0126 5 0000 6 000 0 7 00 0 0 8 4 8 0 0 333 10 /// 58 025 6 000 0 7 0000 
06-JAN-2015 06 48020 3 2 2 58 3 04 02 10 245 20 167 3 0000 4 0000 5 0000 6 000 0 7 00 0 0 8 3 2 0 0 333 10 /// 58 000 6 000 0 7 0000 
06-JAN-2015 06 48025 3 2 4 56 3 32 01 10 260 20 183 3 0000 4 0133 5 0000 6 000 0 7 00 0 0 8 3 8 0 0 333 10 /// 58 032 6 000 0 7 0000 
06-JAN-2015 06 48030 3 1 9 57 0 22 04 10 164 20 000 3 0000 4 0000 5 0000 6 000 0 7 00 0 0 8 0 0 0 0 333 10 /// 58 000 6 000 0   333= 
06-JAN-2015 06 48031 3 2 9 60 0 14 01 10 180 20 086 3 0000 4 0000 5 0000 6 000 0 7 00 0 0 8 0 0 0 0 333 10 /// 58 000 6 000 0 7 0000 
06-JAN-2015 06 48033 3 2 5 63 5 36 01 10 270 20 191 3 0000 4 0089 5 0000 6 000 0 7 00 0 0 8 5 9 0 0 333 10 /// 58 015 6 000 0 7 0000 
06-JAN-2015 06 48034 3 2 4 56 6 00 00 10 207 20 143 3 0000 4 0000 5 0000 6 000 0 7 00 0 0 8 6 3 0 0 333 10 /// 58 000 6 000 0 7 0000 
06-JAN-2015 06 48035 3 2 5 60 5 22 04 10 237 20 155 3 0000 4 0088 5 0000 6 000 0 7 00 0 0 8 3 9 6 0 333 10 /// 58 023 6 000 0 7 0000 
06-JAN-2015 06 48037 3 2 0 60 0 04 01 10 270 20 133 3 0000 4 0099 5 0000 6 000 0 7 00 0 0 8 0 0 0 0 333 10 /// 58 015 6 000 0 7 0000 
06-JAN-2015 06 48039 3 2 4 60 2 22 01 10 275 20 191 3 0000 4 0000 5 0000 6 000 0 7 00 0 0 8 2 1 0 0 333 10 /// 58 000 6 000 0 7 0000 
06-JAN-2015 06 48042 3 2 5 57 1 18 02 10 290 20 196 3 0000 4 0113 5 0000 6 000 0 7 00 0 0 8 1 2 0 0 333 10 /// 58 030 6 000 0 7 0000 
06-JAN-2015 06 48043 3 2 6 57 0 18 04 10 220 20 136 3 0000 4 0000 5 0000 6 000 0 7 00 0 0 8 3 2 0 0 333 10 /// 58 000 6 000 0 7 0000 
06-JAN-2015 06 48045 3 2 5 60 1 18 03 10 189 20 096 3 0000 4 0000 5 0000 6 000 0 7 00 0 0 8 1 5 0 0 333 10 /// 58 000 6 000 0 7 0000 
06-JAN-2015 06 48048 3 2 5 60 1 04 01 10 293 20 159 3 0000 4 0118 5 0000 6 000 0 7 00 0 0 8 1 5 0 0 333 10 /// 58 031 6 000 0 7 0000 
06-JAN-2015 06 48051 3 2 5 59 6 04 02 10 256 20 180 3 0000 4 0000 5 0000 6 000 0 7 00 0 0 8 1 2 0 0 333 10 /// 58 000 6 000 0 7 0000 
06-JAN-2015 06 48052 3 2 4 70 2 04 01 10 292 20 159 3 0000 4 0000 5 0000 6 000 0 7 00 0 0 8 2 2 0 0 333 10 /// 58 000 6 000 0 7 0000 
06-JAN-2015 06 48053 3 2 5 50 5 32 02 10 280 20 203 3 0000 4 0116 5 0000 6 000 0 7 00 0 0 8 3 8 5 2 333 10 /// 58 027 6 000 0 7 0000 
06-JAN-2015 06 48055 3 2 5 57 1 18 06 10 261 20 129 3 0000 4 0085 5 0000 6 000 0 7 00 0 0 8 1 1 0 0 333 10 /// 58 015 6 000 0 7 0000 
06-JAN-2015 06 48057 3 2 4 60 1 27 02 10 230 20 124 3 0000 4 0000 5 0000 6 000 0 7 00 0 0 8 1 5 0 0 333 10 /// 58 000 6 000 0 7 0000 
06-JAN-2015 06 48060 3 2 4 40 1 00 00 10 256 20 160 3 0000 4 0087 5 0000 6 000 0 7 00 0 0 8 1 1 0 0 333 10 /// 58 005 6 000 0 7 0000 
06-JAN-2015 06 48062 3 2 9 57 0 27 02 10 260 20 220 3 0000 4 0125 5 0000 6 000 0 7 00 0 0 8 0 0 0 0 333 10 /// 58 012 6 000 0 7 0000 
06-JAN-2015 06 48064 3 2 9 70 2 32 02 10 275 20 184 3 0000 4 0107 5 0000 6 000 0 7 00 0 0 8 0 0 0 0 333 10 /// 58 020 6 000 0 7 0000 
06-JAN-2015 06 48065 3 2 9 70 0 00 00 10 295 20 159 3 0000 4 0000 5 0000 6 000 0 7 00 0 0 8 0 0 0 0 333 10 /// 58 000 6 000 0 7 0000 
06-JAN-2015 06 48071 3 2 4 60 2 32 04 10 265 20 211 3 0000 4 0128 5 0000 6 000 0 7 00 0 0 8 2 2 0 0 333 10 /// 58 008 6 000 0 7 0000 
06-JAN-2015 06 48072 3 2 5 60 1 04 02 10 280 20 220 3 0000 4 0000 5 0000 6 000 0 7 00 0 0 8 1 2 0 0 333 10 /// 58 000 6 000 0 7 0000 
06-JAN-2015 06 48074 3 1 9 61 1 27 02 10 272 20 191 3 0000 4 0119 5 0000 6 000 0 7 01 4 4 8 0 0 0 2 333 10 /// 58 013 6 000 0 7 0000 
06-JAN-2015 06 48075 3 2 5 60 2 14 01 10 270 20 170 3 0000 4 0103 5 0000 6 000 0 7 00 0 0 8 2 1 0 0 333 10 /// 58 003 6 000 0 7 0000 
06-JAN-2015 06 48077 3 2 9 59 0 00 00 10 310 20 169 3 0000 4 0112 5 0000 6 000 0 7 00 0 0 8 0 0 0 0 333 10 /// 58 012 6 000 0 7 0000 
06-JAN-2015 06 48078 3 1 5 57 4 32 02 10 290 20 196 3 0000 4 0117 5 0000 6 000 0 7 01 4 4 8 3 5 0 1 333 10 /// 58 000 6 000 0 7 0000 
06-JAN-2015 06 48080 3 2 4 61 3 32 05 10 290 20 248 3 0000 4 0113 5 0000 6 000 0 7 00 0 0 8 3 1 0 0 333 10 /// 59 003 6 000 0 7 0000 
06-JAN-2015 06 48085 3 2 4 58 1 32 05 10 294 20 215 3 0000 4 0112 5 0000 6 000 0 7 00 0 0 8 1 1 0 0 333 10 /// 58 003 6 000 0 7 0000 
06-JAN-2015 06 48087 3 2 9 60 0 00 00 10 300 20 207 3 0000 4 0000 5 0000 6 000 0 7 00 0 0 8 0 0 0 0 333 10 /// 58 000 6 000 0 7 0000 
06-JAN-2015 06 48092 3 2 4 58 3 32 01 10 330 20 231 3 0000 4 0091 5 0000 6 000 0 7 00 0 0 8 3 2 0 0 333 10 /// 58 000 6 000 0 7 0000 
06-JAN-2015 06 48093 3 2 6 58 3 04 01 10 310 20 225 3 0000 4 0000 5 0000 6 000 0 7 00 0 0 8 3 8 0 0 333 10 /// 58 000 6 000 0 7 0000 
06-JAN-2015 06 48094 3 2 5 60 2 36 02 10 310 20 230 3 0000 4 0112 5 0000 6 000 0 7 00 0 0 8 2 1 0 0 333 10 /// 58 002 6 000 0 7 0000 
06-JAN-2015 06 48095 3 2 9 60 0 04 02 10 290 20 215 3 0000 4 0000 5 0000 6 000 0 7 00 0 0 8 0 0 0 0 333 10 /// 58 000 6 000 0 7 0000 
06-JAN-2015 06 48096 3 2 5 59 1 24 04 10 300 20 207 3 0000 4 0111 5 0000 6 000 0 7 00 0 0 8 1 1 0 0 333 10 /// 58 002 6 000 0 7 0000 
06-JAN-2015 06 48097 3 1 4 57 5 14 02 10 320 20 215 3 0000 4 0112 5 0000 6 000 0 7 05 4 4 8 5 8 0 0 333 10 /// 59 006 6 000 0 7 0000 
06-JAN-2015 06 48099 3 1 4 50 2 04 01 10 315 20 236 3 0000 4 0109 5 0000 6 000 0 7 05 1 1 8 2 8 0 0 333 10 /// 58 001 6 000 0 7 0000 
06-JAN-2015 06 48101 3 2 9 60 0 04 02 10 302 20 223 3 0000 4 0000 5 0000 6 000 0 7 00 0 0 8 0 0 0 0 333 10 /// 58 000 6 000 0 7 0000 
06-JAN-2015 06 48103 3 2 5 57 2 22 01 10 323 20 200 3 0000 4 0107 5 0000 6 000 0 7 00 0 0 8 2 8 0 0 333 10 /// 59 000 6 000 0 7 0000 
06-JAN-2015 06 48107 3 2 9 50 0 09 02 10 328 20 191 3 0000 4 0095 5 0000 6 000 0 7 00 0 0 8 0 0 0 0 333 10 /// 59 006 6 000 0 7 0000 
06-JAN-2015 06 48108 3 1 9 96 3 09 01 10 320 20 184 3 0000 4 0116 5 0000 6 000 0 7 01 4 4 8 0 0 0 6 333 10 /// 58 006 6 000 0 7 0000 
06-JAN-2015 06 48110 3 1 9 96 1 32 04 10 310 20 225 3 0000 4 0110 5 0000 6 000 0 7 05 1 1 8 0 0 0 5 333 10 /// 59 001 6 000 0 7 0000 
