48001 NIL=
48004 NIL=
48008 21540 20000 10150 20145 40132 71044 81430 333 20142 56560 58032=
48010 32520 20000 10145 20132 40126 82400 333 20140 56900 58031=
48018 22520 50000 10170 20154 40121 83870 333 20160 56550 58013=
48019 22440 43601 10164 20160 40118 83630 333 20160 56550 58018=
48020 NIL=
48025 32430 62201 10174 20154 40129 84840 333 20170 56590 58038=
48030 31002 92205 10020 20020 74544 333 20010=
48031 32950 03602 10082 20056 333 20073=
48033 32560 10402 10200 20185 40109 81400 333 20180 56900 58004=
48034 32456 80000 10138 20125 8697/ 333 20126 5659/=
48035 31530 50000 10144 20140 40119 71000 83960 333 20130 56490 59000=
48037 32910 00401 10206 20160 40104 333 20200 58018=
48039 31450 20000 10192 20175 71011 82400 333 20190 56900=
48042 32956 00000 10205 20190 40109 333 20200 58024=
48043 32050 00000 10140 20140 333 20100=
48045 NIL=
48048 32950 00000 10184 20147 40109 333 20177 58024=
48051 NIL=
48052 32450 40000 10190 20159 84800 333 20138 56900=
48053 32550 20000 10190 20175 40103 82500 333 20183 56500 58005=
48055 31956 03602 10103 20098 40146 70500 333 20097 58000=
48057 31939 01401 10130 20113 71000 333 20126=
48060 31/20 90000 10140 20124 40148 71011 333 20138 58020=
48062 31440 40000 10200 20170 40120 71011 83830 333 20170 56990 58003=
48064 32950 00000 10190 20159 40085 333 20156 58011=
48065 32950 00000 10190 20159 333 20178=
48071 32450 30501 10230 20214 40113 83800 333 20220 56500 58002=
48072 NIL=
48074 31950 00000 10203 20185 40119 333 20191 58020=
48075 31456 20000 10130 20130 40163 71022 82100 333 20126 56500 58025=
48077 31556 20000 10198 20185 40100 71011 82800 333 20178 56900 58001=
48078 31305 71801 10225 20210 40114 8587/ 333 20200 56999 59004=
48080 NIL=
48085 31930 01401 10190 20188 40112 74244 333 20188 58006=
48087 31210 40000 10180 20155 74344 846// 333 20168 569//=
48092 31/01 90000 10210 20203 40091 74544 333 20195 58005=
48093 32940 01401 10233 20228 333 20223=
48094 31940 00000 10220 20210 40117 71000 333 20180 58007=
48095 NIL=
48096 31050 03202 10220 20220 40115 71011 333 20218 59002=
48097 31456 22301 10220 20212 40112 71011 81501 333 20218 56909 59003=
48099 31330 60000 10222 20205 40115 74044 84770 333 20208 56990 58002=
48101 32956 00000 10222 20222 333 20200=
48103 31509 20000 10217 20205 40113 74244 82500 333 20198 56100 58005=
48107 31930 00901 10190 20159 40113 74144 333 20177 58000=
48108 31991 40000 10170 20162 40119 74244 80006 333 20150 56009 58002=
48109 32496 50401 10258 20229 40118 85900 333 20215 56900 58004=
48110 31995 40000 10215 20200 40112 70522 80006 333 20210 56009 59003=
48112 32597 80401 10240 20226 40104 83876 333 20195 56199 58002=  48001 NIL=
48004 NIL=
48008 21540 20000 10150 20145 40132 71044 81430 333 20142 56560 58032=
48010 32520 20000 10145 20132 40126 82400 333 20140 56900 58031=
48018 22520 50000 10170 20154 40121 83870 333 20160 56550 58013=
48019 22440 43601 10164 20160 40118 83630 333 20160 56550 58018=
48020 NIL=
48025 32430 62201 10174 20154 40129 84840 333 20170 56590 58038=
48035 31530 50000 10144 20140 40119 71000 83960 333 20130 56490 59000=
48037 32910 00401 10206 20160 40104 333 20200 58018=
48042 32956 00000 10205 20190 40109 333 20200 58024=
48045 NIL=
48048 32950 00000 10184 20147 40109 333 20177 58024=
48051 NIL=
48053 32550 20000 10190 20175 40103 82500 333 20183 56500 58005=
48060 31/20 90000 10140 20124 40148 71011 333 20138 58020=
48062 31440 40000 10200 20170 40120 71011 83830 333 20170 56990 58003=
48071 32450 30501 10230 20214 40113 83800 333 20220 56500 58002=
48075 31456 20000 10130 20130 40163 71022 82100 333 20126 56500 58025=
48077 31556 20000 10198 20185 40100 71011 82800 333 20178 56900 58001=
48078 31305 71801 10225 20210 40114 8587/ 333 20200 56999 59004=
48080 NIL=
48085 31930 01401 10190 20188 40112 74244 333 20188 58006=
48095 NIL=
48108 31991 40000 10170 20162 40119 74244 80006 333 20150 56009 58002=
48109 32496 50401 10258 20229 40118 85900 333 20215 56900 58004=
48110 31995 40000 10215 20200 40112 70522 80006 333 20210 56009 59003=
48112 32597 80401 10240 20226 40104 83876 333 20195 56199 58002=
48030 31002 92205 10020 20020 74544 333 20010=
48072 NIL=
48087 31210 40000 10180 20155 74344 846// 333 20168 569//=
48099 31330 60000 10222 20205 40115 74044 84770 333 20208 56990 58002=
48101 32956 00000 10222 20222 333 20200=
48103 31509 20000 10217 20205 40113 74244 82500 333 20198 56100 58005=
48057 31939 01401 10130 20113 71000 333 20126=
48094 31940 00000 10220 20210 40117 71000 333 20180 58007=
48097 31456 22301 10220 20212 40112 71011 81501 333 20218 56909 59003=
48031 32950 03602 10082 20056 333 20073=
48033 32560 10402 10200 20185 40109 81400 333 20180 56900 58004=
48034 32456 80000 10138 20125 8697/ 333 20126 5659/=
48039 31450 20000 10192 20175 71011 82400 333 20190 56900=
48043 32051 00000 10140 20140 333 20100=
48052 32450 40000 10190 20159 84800 333 20138 56900=
48055 31956 03602 10103 20098 40146 70500 333 20097 58000=
48064 32950 00000 10190 20159 40085 333 20156 58011=
48065 32950 00000 10190 20159 333 20178=
48074 31950 00000 10203 20185 40119 333 20191 58020=
48092 31/01 90000 10210 20203 40091 74544 333 20195 58005=
48093 32940 01401 10233 20228 333 20223=
48107 31930 00901 10190 20159 40113 74144 333 20177 58000=  