061800 48008 31510 10000 10180 20155 40115 71044 81400 333 56900 58002=
061800 48010 32003 00000 10155 20155 40115 333 59009=
061800 48018 32910 00000 10205 20185 40129 333 58022=
061800 48025 32405 22201 10180 20147 40127 82500 333 56400 58015=
061800 48042 32950 00000 10220 20185 40101 333 58005=
061800 48053 32940 00000 10200 20168 40119 333 58017=
061800 48057 32939 01501 10142 20107 333=
061800 48060 32410 10000 10152 20134 40148 81100 333 56500 58017=
061800 48062 31540 33202 10210 20200 40126 70511 83500 333 56900 58003=
061800 48071 32930 00000 10200 20185 40128 333 58007=
061800 48080 32940 00000 10190 20135 40140 333 58015=
061800 48094 32950 00000 10215 20180 40113 333 59008=
061800 48097 32456 31101 10225 20210 40124 83500 333 56900 58000=
061800 48099 31940 00000 10240 20209 40102 71011 333 59005=  
