48001 32450 40401 10300 20239 40018 82150 333 56550 59029=
48004 32358 60401 10272 20240 86900 333 56500=
48008 31457 82301 10275 20250 40030 75055 8497/ 333 56459 58003=
48010 21440 80000 10250 20250 40024 70266 8587/ 333 56559 58009=
48018 21558 82701 10255 20252 40037 76266 8497/ 333 56559 58017=
48019 32457 83603 10285 20250 40025 85760 333 56560 58010=
48020 21450 80000 10265 20256 76065 88700 333 56500=
48025 32340 81401 10294 20266 40016 8572/ 333 56540 58010=
48035 31120 81802 10233 20230 40020 76266 8692/ 333 56999 58039=
48037 32560 71401 10340 20240 40007 86300 333 56560 58004=
48042 32558 71801 10344 20257 40007 84970 333 56440 58012=
48045 21003 91404 10200 20200 72164 89/// 333 56999=
48048 32558 62201 10330 20234 40008 85950 333 56490 58003=
48051 32559 71302 10290 20270 70122 86930 333 56490=
48053 32456 61803 10310 20254 40014 84856 333 56499 59003=
48060 32340 62701 10300 20223 49991 70122 84930 333 56590 58019=
48062 22456 81803 10265 20260 40014 72055 86970 333 56490 58000=
48071 21458 82301 10275 20268 40015 75155 8692/ 333 5699/ 59010=
48075 21457 52202 10230 20219 40039 72065 83860 333 56590 58015=
48077 32558 82302 10310 20267 40018 85931 333 56499 59004=
48078 21550 51801 10285 20271 40038 70155 83831 333 56499 59006=
48080 21459 82208 10282 20268 40025 75166 85870 333 56590 59005=
48085 32458 82203 10302 20266 40022 85870 333 56990 59014=
48095 21458 80000 10270 20270 76522 83970 333 56990=
48108 NIL=
48109 32497 62302 10315 20281 40046 86900 333 56900 59007=
48110 32496 83602 10310 20267 40068 85377 333 56599 59025=
48112 NIL=
48030 32256 70403 10208 20195 70144 86840 333 56180=
48072 21460 80302 10275 20268 75065 8697/ 333 5699/=
48087 32456 72303 10310 20254 70322 84371 333 56499=
48099 21440 83202 10272 20256 40049 70255 8693/ 333 5679/ 58002=
48101 32457 82302 10296 20253 70222 8597/ 333 5659/=
48103 21450 81401 10285 20250 40046 70266 8677/ 333 5639/ 59003=
48057 21458 61402 10220 20205 70155 84950 333 56490=
48094 21357 82202 10260 20260 40031 75066 8697/ 333 5659/ 59013=
48097 31457 82301 10255 20248 40050 75065 8537/ 333 5649/ 59010=
48031 21/05 91801 10230 20214 74744 89/// 333 56999=
48033 32563 71801 10320 20240 40014 86930 333 56550 58001=
48034 21356 80401 10243 20226 72065 8962/ 333 5659/=
48039 32460 71401 10320 20248 85960 333 56550=
48043 32556 81803 10260 20229 8587/ 333 56599=
48052 22468 71302 10328 20258 85970 333 56990=
48055 32557 60406 10282 20220 49999 86900 333 56500 59004=
48064 32460 73201 10314 20267 49989 84831 333 56449 59012=
48065 32557 51303 10332 20258 84830 333 56490=
48074 32358 71403 10300 20253 40036 85370 333 56440 58003=
48092 21457 80000 10263 20258 40023 75055 8597/ 333 5669/ 58003=
48093 21456 61802 10255 20246 75065 8697/ 333 56599=
48107 21330 80000 10265 20265 40063 70166 8597/ 333 5655/ 59007=  48099 21440 83202 10272 20256 40049 70255 8693/ 333 5679/ 58002=  