060300 48001 22440 80000 10270 20240 40061 8477/ 333 56119 59017=
060300 48004 32220 83201 10269 20256 8697/ 333 56559=
060300 48008 31456 80000 10250 20245 40064 75095 8497/ 333 56459 59020=
060300 48010 32557 51801 10290 20248 40051 83801 333 56506 59009=
060300 48018 32560 52202 10320 20236 40048 70122 83870 333 56560 59032=
060300 48019 22457 70401 10292 20259 40045 85660 333 56560 59022=
060300 48020 32460 10403 10320 20265 81400 333 56500=
060300 48025 22430 30901 10320 20248 40049 82540 333 56490 59017=
060300 48035 32560 62204 10282 20220 40045 84960 333 56560 59025=
060300 48037 32558 21802 10320 20248 40047 82100 333 56500 59016=
060300 48042 32559 22204 10334 20244 40054 81202 333 56409 59008=
060300 48045 22560 51402 10268 20191 83860 333 56550=
060300 48048 32560 51802 10333 20244 40050 84850 333 56440 59020=
060300 48051 22559 61302 10307 20270 70122 84930 333 56490=
060300 48053 32456 61803 10290 20248 40074 83556 333 56599 59006=
060300 48060 21440 60000 10274 20211 40073 70155 83970 333 56560 59007=
060300 48062 21356 80000 10275 20270 40070 75095 8697/ 333 5699/ 59009=
060300 48071 22458 60000 10290 20274 40078 84970 333 56990 59008=
060300 48075 32558 52202 10280 20203 40070 85300 333 56500 59024=
060300 48077 22559 60000 10310 20254 40060 84901 333 56409 59022=
060300 48078 32558 61802 10294 20250 40084 84801 333 56409 59013=
060300 48080 21459 80402 10294 20259 40086 75055 85970 333 56590 59012=
060300 48085 21358 61402 10300 20266 40078 75055 84976 333 56599 59009=
060300 48095 22560 30000 10305 20266 70222 82202 333 56909=
060300 48108 31598 60502 10315 20260 40095 70244 83366 333 56659 59001=
060300 48109 21497 42301 10292 20259 40089 70166 83901 333 56909 59004=
060300 48110 32596 50000 10320 20265 40091 82306 333 56509 59007=
060300 48112 22597 80401 10312 20267 40093 83876 333 56199 59005=
060300 48030 21256 42204 10200 20168 70544 83840 333 56560=
060300 48072 21458 81303 10310 20282 70365 86970 333 56590=
060300 48087 32560 72301 10310 20267 8437/ 333 5649/=
060300 48099 22450 60401 10305 20253 40090 84930 333 56190 59005=
060300 48101 22559 42301 10303 20253 70122 83301 333 56509=
060300 48103 32546 63202 10303 20253 40088 86800 333 56700 59008=
060300 48057 32458 52202 10222 20185 83351 333 56599=
060300 48094 22458 52202 10295 20265 40083 84940 333 56590 59010=
060300 48097 22557 53402 10310 20254 40104 84801 333 56909 59003=
060300 48031 31260 40401 10225 20185 70144 82802 333 56909=
060300 48033 32562 21801 10330 20244 40043 82500 333 56900 59022=
060300 48034 22456 62302 10242 20209 86300 333 56500=
060300 48039 32460 32201 10322 20236 82802 333 56303=
060300 48043 32557 11805 10270 20191 81200 333 56500=
060300 48052 22458 42203 10316 20248 83831 333 56909=
060300 48055 22657 52305 10260 20215 40063 83801 333 56509 59009=
060300 48064 32560 20401 10321 20265 40048 81101 333 56409 59005=
060300 48065 32568 30000 10340 20240 82801 333 56909=
060300 48074 32457 72304 10303 20239 40079 84860 333 56440 59011=
060300 48092 32459 52301 10303 20260 40067 84801 333 56909 59011=
060300 48093 22658 42301 10297 20253 83840 333 56390=
060300 48107 32350 42301 10307 20267 40090 84900 333 56500 59006=  
