06-MAR-2015 09 48004 3 2 5 62 2 13 01 10 306 20 169 3 0000 4 0000 5 0000 6 000 0 7 00 0 0 8 2 8 0 0 333 10 /// 58 000 6 000 0 7 0000 
06-MAR-2015 09 48008 3 2 5 57 1 14 01 10 318 20 116 3 0000 4 0092 5 0000 6 000 0 7 00 0 0 8 1 4 0 0 333 10 /// 59 015 6 000 0 7 0000 
06-MAR-2015 09 48010 3 2 5 60 1 18 01 10 320 20 163 3 0000 4 0100 5 0000 6 000 0 7 00 0 0 8 1 1 0 0 333 10 /// 59 016 6 000 0 7 0000 
06-MAR-2015 09 48018 3 1 5 60 4 22 02 10 328 20 151 3 0000 4 0089 5 0000 6 000 0 7 03 1 1 8 2 8 7 0 333 10 /// 59 012 6 000 0 7 0000 
06-MAR-2015 09 48019 3 2 5 60 1 04 02 10 324 20 184 3 0000 4 0087 5 0000 6 000 0 7 00 0 0 8 1 1 0 0 333 10 /// 59 019 6 000 0 7 0000 
06-MAR-2015 09 48025 3 1 9 56 0 36 01 10 347 20 158 3 0000 4 0091 5 0000 6 000 0 7 05 4 4 8 0 0 0 0 333 10 /// 59 013 6 000 0 7 0000 
06-MAR-2015 09 48030 3 2 2 56 1 22 03 10 224 20 000 3 0000 4 0000 5 0000 6 000 0 7 00 0 0 8 0 0 0 0 333 10 /// 58 000 6 000 0 7 0000 
06-MAR-2015 09 48031 3 1 2 60 2 04 01 10 235 20 097 3 0000 4 0000 5 0000 6 000 0 7 05 1 1 8 2 8 0 0 333 10 /// 58 000 6 000 0 7 0000 
06-MAR-2015 09 48033 3 2 9 63 0 32 01 10 350 20 237 3 0000 4 0084 5 0000 6 000 0 7 00 0 0 8 0 0 0 0 333 10 /// 59 028 6 000 0 7 0000 
06-MAR-2015 09 48034 3 2 4 58 1 18 04 10 288 20 115 3 0000 4 0000 5 0000 6 000 0 7 00 0 0 8 1 5 0 0 333 10 /// 58 000 6 000 0 7 0000 
06-MAR-2015 09 48035 3 1 5 40 3 00 00 10 301 20 098 3 0000 4 0053 5 0000 6 000 0 7 05 0 0 8 3 8 0 0 333 10 /// 59 019 6 000 0 7 0000 
06-MAR-2015 09 48037 3 1 9 56 0 32 01 10 360 20 156 3 0000 4 0093 5 0000 6 000 0 7 05 4 4 8 0 0 0 0 333 10 /// 58 002 6 000 0 7 0000 
06-MAR-2015 09 48039 3 2 9 59 1 14 01 10 345 20 145 3 0000 4 0000 5 0000 6 000 0 7 00 0 0 8 0 0 0 2 333 10 /// 58 000 6 000 0 7 0000 
06-MAR-2015 09 48042 3 2 9 58 0 36 02 10 357 20 152 3 0000 4 0077 5 0000 6 000 0 7 00 0 0 8 0 0 0 0 333 10 /// 59 014 6 000 0 7 0000 
06-MAR-2015 09 48043 3 2 0 58 0 32 05 10 280 20 126 3 0000 4 0000 5 0000 6 000 0 7 00 0 0 8 0 0 0 0 333 10 /// 58 000 6 000 0 7 0000 
06-MAR-2015 09 48045 3 2 5 58 1 09 03 10 271 20 113 3 0000 4 0000 5 0000 6 000 0 7 00 0 0 8 1 1 0 0 333 10 /// 58 000 6 000 0 7 0000 
06-MAR-2015 09 48048 3 2 5 62 2 22 01 10 355 20 177 3 0000 4 0096 5 0000 6 000 0 7 00 0 0 8 2 8 0 0 333 10 /// 58 001 6 000 0 7 0000 
06-MAR-2015 09 48051 3 2 9 60 0 31 02 10 340 20 150 3 0000 4 0000 5 0000 6 000 0 7 02 0 0 8 0 0 0 0 333 10 /// 58 000 6 000 0 7 0000 
06-MAR-2015 09 48052 3 2 9 70 0 32 02 10 380 20 187 3 0000 4 0000 5 0000 6 000 0 7 00 0 0 8 0 0 0 0 333 10 /// 58 000 6 000 0 7 0000 
06-MAR-2015 09 48053 3 1 9 50 0 36 02 10 350 20 143 3 0000 4 0086 5 0000 6 000 0 7 05 0 0 8 0 0 0 0 333 10 /// 59 002 6 000 0 7 0000 
06-MAR-2015 09 48055 3 1 5 56 1 22 03 10 331 20 126 3 0000 4 0034 5 0000 6 000 0 7 05 0 0 8 1 1 0 0 333 10 /// 59 012 6 000 0 7 0000 
06-MAR-2015 09 48057 3 2 4 60 1 22 03 10 284 20 126 3 0000 4 0000 5 0000 6 000 0 7 00 0 0 8 1 5 0 0 333 10 /// 58 000 6 000 0 7 0000 
06-MAR-2015 09 48060 3 2 4 56 0 27 02 10 330 20 126 3 0000 4 0057 5 0000 6 000 0 7 00 0 0 8 0 0 0 0 333 10 /// 59 015 6 000 0 7 0000 
06-MAR-2015 09 48062 3 2 9 58 0 32 09 10 301 20 240 3 0000 4 0111 5 0000 6 000 0 7 00 0 0 8 0 0 0 0 333 10 /// 59 014 6 000 0 7 0000 
06-MAR-2015 09 48064 3 2 9 70 0 14 01 10 380 20 240 3 0000 4 0069 5 0000 6 000 0 7 00 0 0 8 0 0 0 0 333 10 /// 58 008 6 000 0 7 0000 
06-MAR-2015 09 48065 3 2 9 70 0 04 03 10 370 20 190 3 0000 4 0000 5 0000 6 000 0 7 00 0 0 8 0 0 0 0 333 10 /// 58 000 6 000 0 7 0000 
06-MAR-2015 09 48071 3 2 9 60 0 32 03 10 303 20 185 3 0000 4 0114 5 0000 6 000 0 7 00 0 0 8 0 0 0 0 333 10 /// 59 009 6 000 0 7 0000 
06-MAR-2015 09 48072 3 2 9 60 0 27 05 10 295 20 185 3 0000 4 0000 5 0000 6 000 0 7 02 2 2 8 0 0 0 0 333 10 /// 58 000 6 000 0 7 0000 
06-MAR-2015 09 48074 3 2 9 61 0 23 02 10 365 20 195 3 0000 4 0079 5 0000 6 000 0 7 00 0 0 8 0 0 0 0 333 10 /// 59 011 6 000 0 7 0000 
06-MAR-2015 09 48075 3 1 9 57 0 27 01 10 340 20 130 3 0000 4 0039 5 0000 6 000 0 7 05 1 1 8 0 0 0 0 333 10 /// 59 039 6 000 0 7 0000 
06-MAR-2015 09 48077 3 2 9 58 0 00 00 10 380 20 140 3 0000 4 0068 5 0000 6 000 0 7 00 0 0 8 0 0 0 0 333 10 /// 59 016 6 000 0 7 0000 
06-MAR-2015 09 48078 3 2 9 58 1 18 01 10 380 20 159 3 0000 4 0072 5 0000 6 000 0 7 00 0 0 8 0 0 0 1 333 10 /// 59 021 6 000 0 7 0000 
06-MAR-2015 09 48080 3 2 9 60 0 32 06 10 324 20 236 3 0000 4 0091 5 0000 6 000 0 7 00 0 0 8 0 0 0 0 333 10 /// 59 016 6 000 0 7 0000 
06-MAR-2015 09 48085 3 2 9 58 0 32 07 10 310 20 225 3 0000 4 0107 5 0000 6 000 0 7 00 0 0 8 0 0 0 0 333 10 /// 59 007 6 000 0 7 0000 
06-MAR-2015 09 48087 3 2 9 60 0 00 00 10 380 20 159 3 0000 4 0000 5 0000 6 000 0 7 00 0 0 8 0 0 0 0 333 10 /// 58 000 6 000 0 7 0000 
06-MAR-2015 09 48092 3 2 9 59 0 23 06 10 375 20 205 3 0000 4 0068 5 0000 6 000 0 7 00 0 0 8 0 0 0 0 333 10 /// 59 008 6 000 0 7 0000 
06-MAR-2015 09 48093 3 2 9 58 0 23 01 10 372 20 207 3 0000 4 0000 5 0000 6 000 0 7 00 0 0 8 0 0 0 0 333 10 /// 58 000 6 000 0 7 0000 
06-MAR-2015 09 48094 3 2 9 60 0 32 02 10 330 20 200 3 0000 4 0101 5 0000 6 000 0 7 00 0 0 8 0 0 0 0 333 10 /// 59 005 6 000 0 7 0000 
06-MAR-2015 09 48095 3 2 9 60 0 22 02 10 370 20 190 3 0000 4 0000 5 0000 6 000 0 7 00 0 0 8 0 0 0 0 333 10 /// 58 000 6 000 0 7 0000 
06-MAR-2015 09 48097 3 2 9 57 0 23 04 10 370 20 190 3 0000 4 0088 5 0000 6 000 0 7 00 0 0 8 0 0 0 0 333 10 /// 59 018 6 000 0 7 0000 
06-MAR-2015 09 48099 3 2 5 60 4 13 04 10 372 20 207 3 0000 4 0078 5 0000 6 000 0 7 00 0 0 8 2 8 3 0 333 10 /// 59 016 6 000 0 7 0000 
06-MAR-2015 09 48101 3 2 9 60 0 32 01 10 330 20 224 3 0000 4 0000 5 0000 6 000 0 7 00 0 0 8 0 0 0 0 333 10 /// 58 000 6 000 0 7 0000 
06-MAR-2015 09 48103 3 2 4 57 2 22 01 10 363 20 177 3 0000 4 0081 5 0000 6 000 0 7 00 0 0 8 2 8 0 0 333 10 /// 59 010 6 000 0 7 0000 
06-MAR-2015 09 48107 3 2 9 50 0 04 01 10 344 20 240 3 0000 4 0085 5 0000 6 000 0 7 00 0 0 8 0 0 0 0 333 10 /// 59 010 6 000 0 7 0000 
06-MAR-2015 09 48108 3 2 5 96 5 32 07 10 350 20 219 3 0000 4 0093 5 0000 6 000 0 7 00 0 0 8 3 3 0 6 333 10 /// 59 005 6 000 0 7 0000 
06-MAR-2015 09 48109 3 2 4 97 2 04 01 10 308 20 237 3 0000 4 0116 5 0000 6 000 0 7 03 2 2 8 2 5 0 0 333 10 /// 59 009 6 000 0 7 0000 
06-MAR-2015 09 48110 3 1 5 96 3 32 04 10 335 20 264 3 0000 4 0093 5 0000 6 000 0 7 05 1 1 8 1 3 0 6 333 10 /// 59 012 6 000 0 7 0000 
