06-MAY-2015 18 48008 3 2 5 10 5 00 00 10 280 20 203 3 0000 4 0037 5 0000 6 000 0 7 00 0 0 8 3 9 3 0 333 10 /// 59 002 6 000 0 7 0000 
06-MAY-2015 18 48010 3 2 9 02 0 00 00 10 260 20 229 3 0000 4 0053 5 0000 6 000 0 7 00 0 0 8 0 0 0 0 333 10 /// 58 001 6 000 0 7 0000 
06-MAY-2015 18 48018 3 2 9 30 0 00 00 10 280 20 220 3 0000 4 0059 5 0000 6 000 0 7 00 0 0 8 0 0 0 0 333 10 /// 59 000 6 000 0 7 0000 
06-MAY-2015 18 48025 3 2 9 05 0 36 01 10 320 20 161 3 0000 4 0056 5 0000 6 000 0 7 00 0 0 8 0 0 0 0 333 10 /// 58 007 6 000 0 7 0000 
06-MAY-2015 18 48042 3 2 5 50 5 18 02 10 297 20 223 3 0000 4 0047 5 0000 6 000 0 7 00 0 0 8 3 9 5 0 333 10 /// 59 001 6 000 0 7 0000 
06-MAY-2015 18 48053 2 2 4 40 6 00 00 10 270 20 240 3 0000 4 0054 5 0000 6 000 0 7 00 0 0 8 4 5 5 0 333 10 /// 58 001 6 000 0 7 0000 
06-MAY-2015 18 48057 2 1 4 39 5 14 01 10 190 20 175 3 0000 4 0000 5 0000 6 000 0 7 01 9 5 8 5 3 0 0 333 10 /// 58 000 6 000 0 7 0000 
06-MAY-2015 18 48060 3 2 4 20 1 00 00 10 220 20 185 3 0000 4 0069 5 0000 6 000 0 7 00 0 0 8 1 1 0 0 333 10 /// 58 009 6 000 0 7 0000 
06-MAY-2015 18 48062 3 2 5 40 5 27 01 10 280 20 270 3 0000 4 0084 5 0000 6 000 0 7 00 0 0 8 3 8 3 0 333 10 /// 58 009 6 000 0 7 0000 
06-MAY-2015 18 48071 3 2 9 30 0 27 02 10 290 20 259 3 0000 4 0065 5 0000 6 000 0 7 00 0 0 8 0 0 0 0 333 10 /// 59 001 6 000 0 7 0000 
06-MAY-2015 18 48078 2 1 5 40 5 00 00 10 230 20 222 3 0000 4 0090 5 0000 6 000 0 7 03 9 6 8 3 3 3 3 333 10 /// 59 014 6 000 0 7 0000 
06-MAY-2015 18 48080 3 2 4 50 7 22 01 10 291 20 259 3 0000 4 0079 5 0000 6 000 0 7 00 0 0 8 4 8 7 0 333 10 /// 59 007 6 000 0 7 0000 
06-MAY-2015 18 48094 3 2 9 50 0 00 00 10 280 20 250 3 0000 4 0083 5 0000 6 000 0 7 00 0 0 8 0 0 0 0 333 10 /// 58 004 6 000 0 7 0000 
06-MAY-2015 18 48097 3 2 5 56 0 23 02 10 290 20 254 3 0000 4 0083 5 0000 6 000 0 7 00 0 0 8 0 0 0 0 333 10 /// 58 000 6 000 0 7 0000 
06-MAY-2015 18 48099 3 2 4 40 3 00 00 10 280 20 233 3 0000 4 0087 5 0000 6 000 0 7 00 0 0 8 2 8 3 0 333 10 /// 59 002 6 000 0 7 0000 
06-MAY-2015 18 48103 3 2 5 10 5 22 02 10 295 20 239 3 0000 4 0070 5 0000 6 000 0 7 00 0 0 8 4 8 3 0 333 10 /// 58 007 6 000 0 7 0000 
06-MAY-2015 18 48108 2 2 5 95 5 14 01 10 270 20 256 3 0000 4 0086 5 0000 6 000 0 7 00 0 0 8 3 4 0 6 333 10 /// 59 007 6 000 0 7 0000 
06-MAY-2015 18 48110 2 1 5 95 6 00 00 10 285 20 254 3 0000 4 0094 5 0000 6 000 0 7 02 9 9 8 3 3 0 6 333 10 /// 59 001 6 000 0 7 0000 
06-MAY-2015 18 48112 2 1 5 97 8 04 02 10 281 20 268 3 0000 4 0094 5 0000 6 000 0 7 01 5 2 8 3 8 7 6 333 10 /// 59 008 6 000 0 7 0000 
