06-MAY-2015 06 48004 3 2 5 60 5 13 01 10 329 20 212 3 0000 4 0000 5 0000 6 000 0 7 00 0 0 8 5 9 0 0 333 10 /// 58 000 6 000 0 7 0000 
06-MAY-2015 06 48008 3 2 5 57 5 32 01 10 335 20 184 3 0000 4 0067 5 0000 6 000 0 7 00 0 0 8 3 9 3 0 333 10 /// 59 003 6 000 0 7 0000 
06-MAY-2015 06 48010 3 2 5 58 3 00 00 10 330 20 234 3 0000 4 0066 5 0000 6 000 0 7 00 0 0 8 1 1 3 0 333 10 /// 59 009 6 000 0 7 0000 
06-MAY-2015 06 48018 3 2 9 58 0 14 01 10 370 20 190 3 0000 4 0073 5 0000 6 000 0 7 00 0 0 8 0 0 0 0 333 10 /// 59 009 6 000 0 7 0000 
06-MAY-2015 06 48019 3 2 4 60 1 04 01 10 347 20 237 3 0000 4 0065 5 0000 6 000 0 7 00 0 0 8 0 0 3 0 333 10 /// 59 007 6 000 0 7 0000 
06-MAY-2015 06 48020 3 2 3 58 5 36 02 10 385 20 253 3 0000 4 0000 5 0000 6 000 0 7 00 0 0 8 5 8 0 0 333 10 /// 58 000 6 000 0 7 0000 
06-MAY-2015 06 48025 3 2 4 40 3 14 01 10 380 20 187 3 0000 4 0065 5 0000 6 000 0 7 00 0 0 8 1 5 4 0 333 10 /// 59 005 6 000 0 7 0000 
06-MAY-2015 06 48030 3 2 3 57 1 22 01 10 248 20 126 3 0000 4 0000 5 0000 6 000 0 7 00 0 0 8 0 0 4 0 333 10 /// 58 000 6 000 0 7 0000 
06-MAY-2015 06 48033 3 2 9 60 0 09 01 10 380 20 267 3 0000 4 0051 5 0000 6 000 0 7 00 0 0 8 0 0 0 0 333 10 /// 58 005 6 000 0 7 0000 
06-MAY-2015 06 48034 3 2 4 58 0 27 02 10 321 20 118 3 0000 4 0000 5 0000 6 000 0 7 00 0 0 8 0 0 0 0 333 10 /// 58 000 6 000 0 7 0000 
06-MAY-2015 06 48035 3 1 9 30 0 22 04 10 340 20 063 3 0000 4 0028 5 0000 6 000 0 7 04 0 0 8 0 0 0 0 333 10 /// 59 025 6 000 0 7 0000 
06-MAY-2015 06 48037 3 2 5 60 3 36 01 10 405 20 174 3 0000 4 0055 5 0000 6 000 0 7 00 0 0 8 0 0 3 0 333 10 /// 59 021 6 000 0 7 0000 
06-MAY-2015 06 48039 3 2 4 60 3 14 01 10 373 20 207 3 0000 4 0000 5 0000 6 000 0 7 00 0 0 8 2 1 0 0 333 10 /// 58 000 6 000 0 7 0000 
06-MAY-2015 06 48042 3 2 5 58 1 22 03 10 385 20 227 3 0000 4 0059 5 0000 6 000 0 7 00 0 0 8 1 2 0 0 333 10 /// 59 013 6 000 0 7 0000 
06-MAY-2015 06 48043 3 2 4 58 1 32 05 10 315 20 233 3 0000 4 0000 5 0000 6 000 0 7 00 0 0 8 1 2 0 0 333 10 /// 58 000 6 000 0 7 0000 
06-MAY-2015 06 48045 3 1 5 60 2 14 02 10 302 20 069 3 0000 4 0000 5 0000 6 000 0 7 04 4 4 8 2 8 0 0 333 10 /// 58 000 6 000 0 7 0000 
06-MAY-2015 06 48048 3 2 9 60 0 04 01 10 400 20 230 3 0000 4 0052 5 0000 6 000 0 7 00 0 0 8 0 0 0 0 333 10 /// 59 022 6 000 0 7 0000 
06-MAY-2015 06 48051 3 2 5 59 3 32 03 10 363 20 250 3 0000 4 0000 5 0000 6 000 0 7 00 0 0 8 3 8 3 0 333 10 /// 58 000 6 000 0 7 0000 
06-MAY-2015 06 48052 3 2 4 70 2 22 01 10 402 20 246 3 0000 4 0000 5 0000 6 000 0 7 00 0 0 8 2 2 0 0 333 10 /// 58 000 6 000 0 7 0000 
06-MAY-2015 06 48053 3 2 5 56 4 18 02 10 380 20 246 3 0000 4 0065 5 0000 6 000 0 7 00 0 0 8 4 9 0 0 333 10 /// 59 003 6 000 0 7 0000 
06-MAY-2015 06 48055 3 2 5 56 3 35 02 10 329 20 172 3 0000 4 0038 5 0000 6 000 0 7 00 0 0 8 3 8 0 0 333 10 /// 58 006 6 000 0 7 0000 
06-MAY-2015 06 48057 3 2 4 58 5 23 01 10 290 20 159 3 0000 4 0000 5 0000 6 000 0 7 00 0 0 8 4 3 0 1 333 10 /// 58 000 6 000 0 7 0000 
06-MAY-2015 06 48060 3 2 4 50 1 00 00 10 335 20 148 3 0000 4 0031 5 0000 6 000 0 7 00 0 0 8 1 1 0 0 333 10 /// 59 020 6 000 0 7 0000 
06-MAY-2015 06 48062 3 2 5 58 4 32 09 10 335 20 290 3 0000 4 0085 5 0000 6 000 0 7 00 0 0 8 4 9 0 0 333 10 /// 59 006 6 000 0 7 0000 
06-MAY-2015 06 48064 3 2 9 70 0 09 01 10 410 20 278 3 0000 4 0040 5 0000 6 000 0 7 00 0 0 8 0 0 0 0 333 10 /// 59 010 6 000 0 7 0000 
06-MAY-2015 06 48065 3 2 9 70 0 00 00 10 398 20 230 3 0000 4 0000 5 0000 6 000 0 7 00 0 0 8 0 0 0 0 333 10 /// 58 000 6 000 0 7 0000 
06-MAY-2015 06 48071 3 2 4 60 2 32 03 10 335 20 270 3 0000 4 0096 5 0000 6 000 0 7 00 0 0 8 1 2 3 0 333 10 /// 58 003 6 000 0 7 0000 
06-MAY-2015 06 48072 3 2 4 60 1 27 04 10 345 20 280 3 0000 4 0000 5 0000 6 000 0 7 00 0 0 8 1 2 0 0 333 10 /// 58 000 6 000 0 7 0000 
06-MAY-2015 06 48074 3 2 5 59 3 04 03 10 355 20 249 3 0000 4 0074 5 0000 6 000 0 7 00 0 0 8 2 8 0 0 333 10 /// 59 012 6 000 0 7 0000 
06-MAY-2015 06 48075 3 1 4 56 5 14 01 10 310 20 240 3 0000 4 0071 5 0000 6 000 0 7 17 9 9 8 5 9 0 0 333 10 /// 58 011 6 000 0 7 0000 
06-MAY-2015 06 48077 3 2 5 59 3 23 02 10 374 20 227 3 0000 4 0063 5 0000 6 000 0 7 00 0 0 8 1 2 0 1 333 10 /// 59 007 6 000 0 7 0000 
06-MAY-2015 06 48078 3 2 5 58 4 18 01 10 366 20 240 3 0000 4 0045 5 0000 6 000 0 7 00 0 0 8 3 8 0 1 333 10 /// 59 004 6 000 0 7 0000 
06-MAY-2015 06 48080 3 2 4 61 5 22 10 10 353 20 266 3 0000 4 0070 5 0000 6 000 0 7 00 0 0 8 3 8 7 0 333 10 /// 59 006 6 000 0 7 0000 
06-MAY-2015 06 48087 3 2 5 60 2 23 03 10 370 20 227 3 0000 4 0000 5 0000 6 000 0 7 00 0 0 8 2 2 0 0 333 10 /// 58 000 6 000 0 7 0000 
06-MAY-2015 06 48092 3 2 4 58 6 13 01 10 370 20 239 3 0000 4 0062 5 0000 6 000 0 7 00 0 0 8 2 1 0 0 333 10 /// 58 001 6 000 0 7 0000 
06-MAY-2015 06 48093 3 2 5 58 4 04 02 10 367 20 258 3 0000 4 0000 5 0000 6 000 0 7 00 0 0 8 4 8 0 0 333 10 /// 58 000 6 000 0 7 0000 
06-MAY-2015 06 48094 3 2 4 60 4 32 03 10 367 20 255 3 0000 4 0079 5 0000 6 000 0 7 00 0 0 8 4 9 0 0 333 10 /// 59 005 6 000 0 7 0000 
06-MAY-2015 06 48096 3 2 5 59 3 23 06 10 350 20 219 3 0000 4 0082 5 0000 6 000 0 7 00 0 0 8 3 3 0 0 333 10 /// 59 002 6 000 0 7 0000 
06-MAY-2015 06 48097 3 2 5 57 5 24 02 10 350 20 266 3 0000 4 0091 5 0000 6 000 0 7 00 0 0 8 5 8 0 0 333 10 /// 59 006 6 000 0 7 0000 
06-MAY-2015 06 48099 3 2 4 57 4 23 03 10 362 20 249 3 0000 4 0078 5 0000 6 000 0 7 00 0 0 8 4 9 0 0 333 10 /// 59 002 6 000 0 7 0000 
06-MAY-2015 06 48103 3 2 5 56 6 22 01 10 352 20 240 3 0000 4 0081 5 0000 6 000 0 7 00 0 0 8 6 6 0 0 333 10 /// 59 002 6 000 0 7 0000 
06-MAY-2015 06 48107 3 2 3 50 4 23 02 10 340 20 240 3 0000 4 0082 5 0000 6 000 0 7 00 0 0 8 4 9 0 0 333 10 /// 59 004 6 000 0 7 0000 
06-MAY-2015 06 48108 2 1 5 96 7 23 03 10 310 20 282 3 0000 4 0088 5 0000 6 000 0 7 02 6 9 8 4 3 6 6 333 10 /// 59 010 6 000 0 7 0000 
06-MAY-2015 06 48109 3 2 4 97 3 04 01 10 344 20 257 3 0000 4 0100 5 0000 6 000 0 7 00 0 0 8 2 5 0 1 333 10 /// 59 015 6 000 0 7 0000 
06-MAY-2015 06 48110 3 2 5 96 6 36 04 10 355 20 257 3 0000 4 0091 5 0000 6 000 0 7 00 0 0 8 3 3 4 6 333 10 /// 59 006 6 000 0 7 0000 
06-MAY-2015 06 48112 3 2 5 98 6 04 02 10 365 20 285 3 0000 4 0094 5 0000 6 000 0 7 00 0 0 8 2 2 1 6 333 10 /// 59 008 6 000 0 7 0000 
