06-MAR-2015 03 48001 3 1 4 50 4 04 01 10 180 20 129 3 0000 4 0158 5 0000 6 000 0 7 02 2 2 8 4 7 0 0 333 10 /// 58 004 6 000 0 7 0000 
06-MAR-2015 03 48004 3 1 0 62 0 22 01 10 184 20 129 3 0000 4 0000 5 0000 6 000 0 7 01 4 4 8 0 0 0 0 333 10 /// 58 000 6 000 0 7 0000 
06-MAR-2015 03 48008 3 1 5 57 1 14 01 10 222 20 156 3 0000 4 0145 5 0000 6 000 0 7 01 4 4 8 1 4 0 0 333 10 /// 59 001 6 000 0 7 0000 
06-MAR-2015 03 48010 3 1 0 30 0 00 00 10 170 20 154 3 0000 4 0150 5 0000 6 000 0 7 42 4 4 8 0 0 0 0 333 10 /// 58 002 6 000 0 7 0000 
06-MAR-2015 03 48018 3 2 9 58 0 22 01 10 220 20 156 3 0000 4 0136 5 0000 6 000 0 7 00 0 0 8 0 0 0 0 333 10 /// 59 001 6 000 0 7 0000 
06-MAR-2015 03 48019 3 2 9 60 2 23 01 10 220 20 156 3 0000 4 0134 5 0000 6 000 0 7 00 0 0 8 0 0 2 0 333 10 /// 59 003 6 000 0 7 0000 
06-MAR-2015 03 48020 3 2 3 56 0 36 02 10 235 20 174 3 0000 4 0000 5 0000 6 000 0 7 00 0 0 8 0 0 0 0 333 10 /// 58 000 6 000 0 7 0000 
06-MAR-2015 03 48025 3 1 4 40 1 22 01 10 214 20 143 3 0000 4 0146 5 0000 6 000 0 7 05 4 4 8 1 5 0 0 333 10 /// 58 005 6 000 0 7 0000 
06-MAR-2015 03 48030 3 2 9 57 0 22 04 10 120 20 081 3 0000 4 0000 5 0000 6 000 0 7 00 0 0 8 0 0 0 0 333 10 /// 58 000 6 000 0 7 0000 
06-MAR-2015 03 48031 3 1 9 60 0 04 01 10 175 20 108 3 0000 4 0000 5 0000 6 000 0 7 05 0 0 8 0 0 0 0 333 10 /// 58 000 6 000 0 7 0000 
06-MAR-2015 03 48033 3 2 9 62 0 36 01 10 260 20 279 3 0000 4 0128 5 0000 6 000 0 7 00 0 0 8 0 0 0 0 333 10 /// 58 006 6 000 0 7 0000 
06-MAR-2015 03 48034 3 2 9 56 0 00 00 10 174 20 117 3 0000 4 0000 5 0000 6 000 0 7 00 0 0 8 0 0 0 0 333 10 /// 58 000 6 000 0 7 0000 
06-MAR-2015 03 48035 3 1 9 60 0 00 00 10 187 20 118 3 0000 4 0141 5 0000 6 000 0 7 05 2 2 8 0 0 0 0 333 10 /// 58 014 6 000 0 7 0000 
06-MAR-2015 03 48037 3 1 9 50 0 36 02 10 240 20 155 3 0000 4 0119 5 0000 6 000 0 7 05 4 4 8 0 0 0 0 333 10 /// 59 013 6 000 0 7 0000 
06-MAR-2015 03 48039 3 1 9 40 2 32 01 10 248 20 126 3 0000 4 0000 5 0000 6 000 0 7 05 1 1 8 1 4 0 2 333 10 /// 58 000 6 000 0 7 0000 
06-MAR-2015 03 48042 3 1 9 56 0 36 01 10 262 20 160 3 0000 4 0123 5 0000 6 000 0 7 05 0 0 8 0 0 0 0 333 10 /// 59 008 6 000 0 7 0000 
06-MAR-2015 03 48043 3 2 0 56 0 32 01 10 215 20 111 3 0000 4 0000 5 0000 6 000 0 7 00 0 0 8 0 0 0 0 333 10 /// 58 000 6 000 0 7 0000 
06-MAR-2015 03 48045 3 2 9 61 0 14 03 10 192 20 014 3 0000 4 0000 5 0000 6 000 0 7 00 0 0 8 0 0 0 0 333 10 /// 58 000 6 000 0 7 0000 
06-MAR-2015 03 48048 3 2 9 60 0 04 01 10 280 20 158 3 0000 4 0133 5 0000 6 000 0 7 00 0 0 8 0 0 0 0 333 10 /// 59 002 6 000 0 7 0000 
06-MAR-2015 03 48051 3 1 9 56 0 36 04 10 247 20 180 3 0000 4 0000 5 0000 6 000 0 7 05 0 0 8 0 0 0 0 333 10 /// 58 000 6 000 0 7 0000 
06-MAR-2015 03 48052 3 2 9 58 0 32 02 10 280 20 146 3 0000 4 0000 5 0000 6 000 0 7 00 0 0 8 0 0 0 0 333 10 /// 58 000 6 000 0 7 0000 
06-MAR-2015 03 48053 3 1 9 58 0 36 04 10 260 20 119 3 0000 4 0121 5 0000 6 000 0 7 05 0 0 8 0 0 0 0 333 10 /// 59 021 6 000 0 7 0000 
06-MAR-2015 03 48055 3 1 9 50 0 00 00 10 178 20 118 3 0000 4 0151 5 0000 6 000 0 7 05 0 0 8 0 0 0 0 333 10 /// 58 025 6 000 0 7 0000 
06-MAR-2015 03 48057 3 2 9 58 0 15 01 10 233 20 097 3 0000 4 0000 5 0000 6 000 0 7 00 0 0 8 0 0 0 0 333 10 /// 58 000 6 000 0 7 0000 
06-MAR-2015 03 48060 3 2 9 40 0 00 00 10 204 20 130 3 0000 4 0149 5 0000 6 000 0 7 00 0 0 8 0 0 0 0 333 10 /// 58 029 6 000 0 7 0000 
06-MAR-2015 03 48062 3 2 9 56 0 04 01 10 245 20 220 3 0000 4 0145 5 0000 6 000 0 7 00 0 0 8 0 0 0 0 333 10 /// 58 009 6 000 0 7 0000 
06-MAR-2015 03 48064 3 2 9 60 0 32 01 10 268 20 191 3 0000 4 0110 5 0000 6 000 0 7 00 0 0 8 0 0 0 0 333 10 /// 59 013 6 000 0 7 0000 
06-MAR-2015 03 48065 3 2 9 60 0 32 02 10 280 20 158 3 0000 4 0000 5 0000 6 000 0 7 00 0 0 8 0 0 0 0 333 10 /// 58 000 6 000 0 7 0000 
06-MAR-2015 03 48071 3 2 9 58 0 32 03 10 268 20 226 3 0000 4 0141 5 0000 6 000 0 7 00 0 0 8 0 0 0 0 333 10 /// 58 000 6 000 0 7 0000 
06-MAR-2015 03 48072 3 2 4 59 1 36 04 10 275 20 233 3 0000 4 0000 5 0000 6 000 0 7 02 2 2 8 1 3 0 0 333 10 /// 58 000 6 000 0 7 0000 
06-MAR-2015 03 48074 3 2 9 59 0 09 01 10 266 20 154 3 0000 4 0142 5 0000 6 000 0 7 00 0 0 8 0 0 0 0 333 10 /// 58 005 6 000 0 7 0000 
06-MAR-2015 03 48075 3 1 9 57 0 09 01 10 230 20 140 3 0000 4 0144 5 0000 6 000 0 7 05 1 1 8 0 0 0 0 333 10 /// 59 001 6 000 0 7 0000 
06-MAR-2015 03 48077 3 2 9 58 0 00 00 10 262 20 203 3 0000 4 0121 5 0000 6 000 0 7 00 0 0 8 0 0 0 0 333 10 /// 58 000 6 000 0 7 0000 
06-MAR-2015 03 48078 3 2 9 57 1 14 01 10 250 20 186 3 0000 4 0133 5 0000 6 000 0 7 00 0 0 8 0 0 0 1 333 10 /// 58 006 6 000 0 7 0000 
06-MAR-2015 03 48080 3 2 9 60 0 32 02 10 261 20 229 3 0000 4 0143 5 0000 6 000 0 7 00 0 0 8 0 0 0 0 333 10 /// 58 000 6 000 0 7 0000 
06-MAR-2015 03 48085 3 2 9 58 0 32 07 10 279 20 226 3 0000 4 0137 5 0000 6 000 0 7 00 0 0 8 0 0 0 0 333 10 /// 59 005 6 000 0 7 0000 
06-MAR-2015 03 48087 3 2 9 60 0 04 02 10 274 20 191 3 0000 4 0000 5 0000 6 000 0 7 00 0 0 8 0 0 0 0 333 10 /// 58 000 6 000 0 7 0000 
06-MAR-2015 03 48092 3 1 9 50 0 26 02 10 270 20 218 3 0000 4 0109 5 0000 6 000 0 7 05 0 0 8 0 0 0 0 333 10 /// 59 006 6 000 0 7 0000 
06-MAR-2015 03 48093 3 2 9 58 0 04 01 10 260 20 215 3 0000 4 0000 5 0000 6 000 0 7 00 0 0 8 0 0 0 0 333 10 /// 58 000 6 000 0 7 0000 
06-MAR-2015 03 48094 3 2 4 59 3 32 01 10 275 20 240 3 0000 4 0135 5 0000 6 000 0 7 00 0 0 8 2 8 4 0 333 10 /// 59 003 6 000 0 7 0000 
06-MAR-2015 03 48095 3 2 9 58 0 04 01 10 280 20 220 3 0000 4 0000 5 0000 6 000 0 7 00 0 0 8 0 0 0 0 333 10 /// 58 000 6 000 0 7 0000 
06-MAR-2015 03 48097 3 2 9 57 0 22 02 10 290 20 196 3 0000 4 0138 5 0000 6 000 0 7 00 0 0 8 0 0 0 0 333 10 /// 59 002 6 000 0 7 0000 
06-MAR-2015 03 48099 3 1 9 20 2 23 01 10 258 20 246 3 0000 4 0130 5 0000 6 000 0 7 40 4 4 8 2 5 0 0 333 10 /// 59 004 6 000 0 7 0000 
06-MAR-2015 03 48101 3 2 9 58 0 32 02 10 273 20 226 3 0000 4 0000 5 0000 6 000 0 7 00 0 0 8 0 0 0 0 333 10 /// 58 000 6 000 0 7 0000 
06-MAR-2015 03 48103 3 1 9 56 0 22 01 10 301 20 223 3 0000 4 0125 5 0000 6 000 0 7 01 4 4 8 0 0 0 0 333 10 /// 59 003 6 000 0 7 0000 
06-MAR-2015 03 48107 3 1 9 40 0 27 01 10 280 20 220 3 0000 4 0119 5 0000 6 000 0 7 01 4 4 8 0 0 0 0 333 10 /// 59 007 6 000 0 7 0000 
06-MAR-2015 03 48108 3 1 5 96 6 05 02 10 260 20 229 3 0000 4 0138 5 0000 6 000 0 7 03 4 4 8 3 8 6 6 333 10 /// 58 000 6 000 0 7 0000 
06-MAR-2015 03 48109 3 2 4 97 2 04 01 10 285 20 232 3 0000 4 0143 5 0000 6 000 0 7 01 2 2 8 2 5 0 0 333 10 /// 59 003 6 000 0 7 0000 
06-MAR-2015 03 48110 3 1 5 96 6 13 02 10 290 20 259 3 0000 4 0132 5 0000 6 000 0 7 05 2 2 8 2 3 0 6 333 10 /// 59 004 6 000 0 7 0000 
06-MAR-2015 03 48112 3 2 5 98 6 04 02 10 285 20 250 3 0000 4 0128 5 0000 6 000 0 7 00 0 0 8 2 2 1 6 333 10 /// 59 010 6 000 0 7 0000 
