



*-*-*


<!--
.style2 {
	font-family:"Courier New", Courier, monospace;
	font-size: 14px;
}
-->






SMBM01 VBRR 061200

AAXX 06124
48001 32440 62201 10260 20203 40028 83950 333 10320 56660 59014
 60002=
48004 32562 20000 10345 20240 82800 333 10361 56900 60002=
48008 32556 50402 10356 20195 40021 82430 333 10370 56110 59007
 60002=
48010 32556 30000 10340 20257 40022 81430 333 10370 56760 58005
 60002=
48018 32956 00000 10365 20207 40009 333 10398 59028=
48019 32956 00000 10363 20249 40016 333 10344 58002 60002=
48020 32950 03602 10380 20240 333 10415 60002=
48025 32440 33201 10394 20231 40013 83800 333 10415 56500 59003
 60002=
48030 32957 02202 10250 20046 333 10270 60002=
48031 NIL=
48033 32962 23301 10380 20240 40025 80006 333 10410 56009 58004
 60002=
48034 32957 02701 10295 20119 333 10334 60002=
48035 31930 02702 10317 20089 40003 70400 333 10353 59015 60002=
48037 32958 40000 10404 20176 40010 80005 333 10430 56006 59029
 60002=
48039 32460 70000 10380 20187 83402 333 10405 56606 60002=
48042 32958 30401 10390 20213 40017 80002 333 10420 56009 59002
 60002=
48043 32930 00000 10280 20226 333 10330 60002=
48045 31450 70412 10258 20070 76044 87700 333 10324 56500 60002=
48048 32550 81402 10347 20202 40016 8597/ 333 10420 5649/ 58000
 60002=
48051 NIL=
48052 32450 52203 10340 20206 85900 333 10440 56900 60002=
48053 21450 81801 10255 20233 40035 71796 8597/ 333 10385 56599 58008
60092=
48055 32556 72303 10272 20211 40034 83906 333 10347 56509 58002
 60002=
48057 21456 81401 10203 20185 79596 85970 333 10300 56690 60022=
48060 32930 32201 10315 20143 40010 80072 333 10355 56099 59016
 60002=
48062 32556 52709 10310 20280 40053 84830 333 10337 56690 59010
 60002=
48064 31450 73601 10350 20240 40028 71799 84970 333 10426 56660 58019
 60002=
48065 31450 72210 10350 20237 71799 84870 333 10430 56990 60002=
48071 32456 13204 10315 20265 40064 81200 333 10348 56900 59001
 60002=
48072 32457 12704 10310 20254 81200 333 10360 56900 60002=
48074 31456 83207 10360 20249 40038 71799 8497/ 333 10385 56669 59016
 60002=
48075 21456 81401 10240 20230 40075 79595 86970 333 10310 56590 58015
60012=
48077 32556 60000 10360 20235 40020 85901 333 10390 56909 59017
 60002=
48078 32556 41401 10372 20227 40030 82801 333 10405 56409 59010
 60002=
48080 32457 82202 10310 20267 40054 85870 333 10360 56690 59006
 60002=
48085 32456 53203 10302 20239 40054 84906 333 10345 56709 59008
 60002=
48087 NIL=
48092 32456 22303 10350 20237 40020 82500 333 10385 56900 59007
 60002=
48093 32650 22702 10333 20244 81101 333 10384 56509 60002=
48094 32956 03202 10320 20250 40057 333 10382 58000 60002=
48095 32456 20000 10340 20270 82800 333 10384 56900  60002=
48096 32558 11815 10330 20244 40055 70222 81400 333 10375 56900 58005
 60002=
48097 32557 33202 10325 20246 40067 83500 333 10390 56900 59006
 60002=
48099 31456 42305 10316 20236 40057 71799 82831 333 10380 56559 58001
 60002=
48101 32556 32703 10318 20248 70311 81305 333 10360 56909 60002=
48103 32550 32201 10313 20237 40055 83500 333 10362 56500 59001
 60002=
48107 32350 42701 10308 20237 40069 84900 333 10363 56700 59001
 60002=
48108 22596 72301 10315 20260 40073 84366 333 10335 56999 59004
 60042=
48109 NIL=
48110 21496 83202 10305 20246 40077 70299 84367 333 10355 56999 59001
69902=
48112 32597 80401 10320 20265 40070 84876 333 10367 56199 59002
 60002=  
SMBM01 VBRR 061200

AAXX 06124
48001 32440 62201 10260 20203 40028 83950 333 10320 56660 59014
 60002=
48004 32562 20000 10345 20240 82800 333 10361 56900 60002=
48008 32556 50402 10356 20195 40021 82430 333 10370 56110 59007
 60002=
48010 32556 30000 10340 20257 40022 81430 333 10370 56760 58005
 60002=
48018 32956 00000 10365 20207 40009 333 10398 59028=
48019 32956 00000 10363 20249 40016 333 10344 58002 60002=
48020 32950 03602 10380 20240 333 10415 60002=
48025 32440 33201 10394 20231 40013 83800 333 10415 56500 59003
 60002=
48030 32957 02202 10250 20046 333 10270 60002=
48031 NIL=
48033 32962 23301 10380 20240 40025 80006 333 10410 56009 58004
 60002=
48034 32957 02701 10295 20119 333 10334 60002=
48035 31930 02702 10317 20089 40003 70400 333 10353 59015 60002=
48037 32958 40000 10404 20176 40010 80005 333 10430 56006 59029
 60002=
48039 32460 70000 10380 20187 83402 333 10405 56606 60002=
48042 32958 30401 10390 20213 40017 80002 333 10420 56009 59002
 60002=
48043 32930 00000 10280 20226 333 10330 60002=
48045 31450 70412 10258 20070 76044 87700 333 10324 56500 60002=
48048 32550 81402 10347 20202 40016 8597/ 333 10420 5649/ 58000
 60002=
48051 NIL=
48052 32450 52203 10340 20206 85900 333 10440 56900 60002=
48053 21450 81801 10255 20233 40035 71796 8597/ 333 10385 56599 58008
60092=
48055 32556 72303 10272 20211 40034 83906 333 10347 56509 58002
 60002=
48057 21456 81401 10203 20185 79596 85970 333 10300 56690 60022=
48060 32930 32201 10315 20143 40010 80072 333 10355 56099 59016
 60002=
48062 32556 52709 10310 20280 40053 84830 333 10337 56690 59010
 60002=
48064 31450 73601 10350 20240 40028 71799 84970 333 10426 56660 58019
 60002=
48065 31450 72210 10350 20237 71799 84870 333 10430 56990 60002=
48071 32456 13204 10315 20265 40064 81200 333 10348 56900 59001
 60002=
48072 32457 12704 10310 20254 81200 333 10360 56900 60002=
48074 31456 83207 10360 20249 40038 71799 8497/ 333 10385 56669 59016
 60002=
48075 21456 81401 10240 20230 40075 79595 86970 333 10310 56590 58015
60012=
48077 32556 60000 10360 20235 40020 85901 333 10390 56909 59017
 60002=
48078 32556 41401 10372 20227 40030 82801 333 10405 56409 59010
 60002=
48080 32457 82202 10310 20267 40054 85870 333 10360 56690 59006
 60002=
48085 32456 53203 10302 20239 40054 84906 333 10345 56709 59008
 60002=
48087 NIL=
48092 32456 22303 10350 20237 40020 82500 333 10385 56900 59007
 60002=
48093 32650 22702 10333 20244 81101 333 10384 56509 60002=
48094 32956 03202 10320 20250 40057 333 10382 58000 60002=
48095 32456 20000 10340 20270 82800 333 10384 56900  60002=
48096 32558 11815 10330 20244 40055 70222 81400 333 10375 56900 58005
 60002=
48097 32557 33202 10325 20246 40067 83500 333 10390 56900 59006
 60002=
48099 31456 42305 10316 20236 40057 71799 82831 333 10380 56559 58001
 60002=
48101 32556 32703 10318 20248 70311 81305 333 10360 56909 60002=
48103 32550 32201 10313 20237 40055 83500 333 10362 56500 59001
 60002=
48107 32350 42701 10308 20237 40069 84900 333 10363 56700 59001
 60002=
48108 22596 72301 10315 20260 40073 84366 333 10335 56999 59004
 60042=
48109 NIL=
48110 21496 83202 10305 20246 40077 70299 84367 333 10355 56999 59001
69902=
48112 32597 80401 10320 20265 40070 84876 333 10367 56199 59002
 60002=  





