48001 31450 40401 10180 20129 40158 70222 84700 333 56500 58004=
48004 31062 02201 10184 20129 70144 333=
48008 31557 11401 10222 20156 40145 70144 81400 333 56500 59001=
48010 31030 00000 10170 20154 40150 74244 333 58002=
48018 32958 02201 10220 20156 40136 333 59001=
48019 32960 22301 10220 20156 40134 80020 333 56060 59003=
48020 32356 03602 10235 20174 333=
48025 31440 12201 10214 20143 40146 70544 81500 333 56500 58005=
48035 31960 00000 10187 20118 40141 70522 333 58014=
48037 31950 03602 10240 20155 40119 70544 333 59013=
48042 31956 03601 10262 20160 40123 70500 333 59008=
48045 32961 01403 10192 20014 333=
48048 32960 00401 10280 20158 40133 333 59002=
48051 31956 03604 10247 20180 70500 333=
48053 31958 03604 10260 20119 40121 70500 333 59021=
48060 32940 00000 10204 20130 40149 333 58029=
48062 32956 00401 10245 20220 40145 333 58009=
48071 32958 03203 10268 20226 40141 333 58000=
48075 31957 00901 10230 20140 40144 70511 333 59001=
48077 32958 00000 10262 20203 40121 333 58000=
48078 32957 11401 10250 20186 40133 80001 333 56009 58006=
48080 32960 03202 10261 20229 40143 333 58000=
48085 32958 03207 10279 20226 40137 333 59005=
48095 32958 00401 10280 20220 333=
48108 31596 60502 10260 20229 40138 70344 83866 333 56899 58000=
48109 32497 20401 10285 20232 40143 70122 82500 333 56900 59003=
48110 31596 61302 10290 20259 40132 70522 82306 333 56909 59004=
48112 32598 60402 10285 20250 40128 82216 333 56199 59010=
48030 32957 02204 10120 20081 333=
48072 32459 13604 10275 20233 70222 81300 333 56700=
48087 32960 00402 10274 20191 333=
48099 31920 22301 10258 20246 40130 74044 82500 333 56900 59004=
48101 32958 03202 10273 20226 333=
48103 31956 02201 10301 20223 40125 70144 333 59003=
48057 32958 01501 10233 20097 333=
48094 32459 33201 10275 20240 40135 82840 333 56790 59003=
48097 32957 02202 10290 20196 40138 333 59002=
48031 31960 00401 10175 20108 70500 333=
48033 32962 03601 10260 20279 40128 333 58006=
48034 32956 00000 10174 20117 333=
48039 31940 23201 10248 20126 70511 81402 333 56505=
48043 32056 03201 10215 20111 333=
48052 32958 03202 10280 20146 333=
48055 31950 00000 10178 20118 40151 70500 333 58025=
48064 32960 03201 10268 20191 40110 333 59013=
48065 32960 03202 10280 20158 333=
48074 32959 00901 10266 20154 40142 333 58005=
48092 31950 02602 10270 20218 40109 70500 333 59006=
48093 32958 00401 10260 20215 333=
48107 31940 02701 10280 20220 40119 70144 333 59007=  48001 31450 40401 10180 20129 40158 70222 84700 333 56500 58004=
48004 31062 02201 10184 20129 70144 333=
48008 31557 11401 10222 20156 40145 70144 81400 333 56500 59001=
48010 31030 00000 10170 20154 40150 74244 333 58002=
48018 32958 02201 10220 20156 40136 333 59001=
48019 32960 22301 10220 20156 40134 80020 333 56060 59003=
48020 32356 03602 10235 20174 333=
48025 31440 12201 10214 20143 40146 70544 81500 333 56500 58005=
48030 32957 02204 10120 20081 333=
48031 31960 00401 10175 20108 70500 333=
48033 32962 03601 10260 20279 40128 333 58006=
48034 32956 00000 10174 20117 333=
48035 31960 00000 10187 20118 40141 70522 333 58014=
48037 31950 03602 10240 20155 40119 70544 333 59013=
48039 31940 23201 10248 20126 70511 81402 333 56505=
48042 31956 03601 10262 20160 40123 70500 333 59008=
48043 32056 03201 10215 20111 333=
48045 32961 01403 10192 20014 333=
48048 32960 00401 10280 20158 40133 333 59002=
48051 31956 03604 10247 20180 70500 333=
48052 32958 03202 10280 20146 333=
48053 31958 03604 10260 20119 40121 70500 333 59021=
48055 31950 00000 10178 20118 40151 70500 333 58025=
48057 32958 01501 10233 20097 333=
48060 32940 00000 10204 20130 40149 333 58029=
48062 32956 00401 10245 20220 40145 333 58009=
48064 32960 03201 10268 20191 40110 333 59013=
48065 32960 03202 10280 20158 333=
48071 32958 03203 10268 20226 40141 333 58000=
48072 32459 13604 10275 20233 70222 81300 333 56700=
48074 32959 00901 10266 20154 40142 333 58005=
48075 31957 00901 10230 20140 40144 70511 333 59001=
48077 32958 00000 10262 20203 40121 333 58000=
48078 32957 11401 10250 20186 40133 80001 333 56009 58006=
48080 32960 03202 10261 20229 40143 333 58000=
48085 32958 03207 10279 20226 40137 333 59005=
48087 32960 00402 10274 20191 333=
48092 31950 02602 10270 20218 40109 70500 333 59006=
48093 32958 00401 10260 20215 333=
48094 32459 33201 10275 20240 40135 82840 333 56790 59003=
48095 32958 00401 10280 20220 333=
48097 32957 02202 10290 20196 40138 333 59002=
48099 31920 22301 10258 20246 40130 74044 82500 333 56900 59004=
48101 32958 03202 10273 20226 333=
48103 31956 02201 10301 20223 40125 70144 333 59003=
48107 31940 02701 10280 20220 40119 70144 333 59007=
48108 31596 60502 10260 20229 40138 70344 83866 333 56899 58000=
48109 32497 20401 10285 20232 40143 70122 82500 333 56900 59003=
48110 31596 61302 10290 20259 40132 70522 82306 333 56909 59004=
48112 32598 60402 10285 20250 40128 82216 333 56199 59010=  