48001 NIL=
48004 NIL=
48008 NIL=
48010 NIL=
48018 NIL=
48019 NIL=
48020 NIL=
48025 NIL=
48035 NIL=
48037 NIL=
48042 NIL=
48045 NIL=
48048 NIL=
48051 32560 10402 10260 20250 81200 333 56900=
48053 NIL=
48060 NIL=
48062 32958 00404 10280 20250 40133 333 59003=
48071 32958 03202 10285 20250 40128 333 59014=
48075 32457 23201 10230 20198 40144 82100 333 56500 59006=
48077 32959 00402 10284 20233 40115 333 59017=
48078 32560 23202 10263 20234 40129 81101 333 56909 59012=
48080 32960 01301 10285 20248 40121 333 59009=
48085 32957 02702 10282 20250 40118 333 59010=
48095 32960 00000 10285 20250 333=
48108 32596 60502 10290 20254 40120 82806 333 56809 59006=
48109 32497 40000 10320 20265 40122 83801 333 56909 59010=
48110 31596 81301 10295 20256 40118 70522 81307 333 56109 59003=
48112 22597 80403 10272 20240 40127 84876 333 56199 58005=
48030 NIL=
48072 32960 03201 10285 20248 333=
48087 32960 00402 10290 20248 333=
48099 31440 30000 10305 20239 40116 70511 82801 333 56909 59011=
48101 32959 00401 10308 20239 333=
48103 31450 30404 10300 20239 40116 70144 82702 333 56109 59012=
48057 NIL=
48094 32959 00401 10305 20260 40117 333 59015=
48097 31557 20403 10300 20223 40134 70511 81501 333 56909 59004=
48031 NIL=
48033 NIL=
48034 NIL=
48039 NIL=
48043 NIL=
48052 NIL=
48055 NIL=
48064 NIL=
48065 NIL=
48074 NIL=
48092 32556 20501 10295 20243 40101 81401 333 56909 59020=
48093 32958 00401 10303 20253 333=
48107 22350 40901 10294 20248 40112 84900 333 56200 59002=
48096 32058 00605 10300 20223 40125 333 58007=  48001 32330 60901 10195 20185 40171 85840 333 56350 59004 =
48004 31562 20401 10218 20185 70144 82800 333 56900=
48008 32556 10000 10215 20173 40156 81400 333 56900 59002=
48010 32056 00000 10220 20205 40159 333 58002=
48018 32558 20401 10276 20211 40154 81260 333 56560 59008=
48019 32560 13202 10244 20191 40147 81100 333 56500 59002=
48020 32330 50000 10225 20245 85600 333 56800=
48025 31005 83601 10224 20205 40153 74744 886// 333 56699 59007=
48035 31558 30000 10191 20175 40149 70144 83800 333 56900 58000=
48037 32450 73201 10234 20214 40148 82830 333 56660 58004=
48042 32557 11301 10268 20226 40131 81400 333 56900 59004=
48045 32556 62203 10180 20165 86800 333 56500=
48048 32560 40401 10275 20220 40141 84800 333 56490 59003=
48053 32956 03203 10270 20226 40130 333 59012=
48060 32440 40000 10220 20185 40131 84100 333 56200 59022=
48030 31256 42201 10144 20144 70144 84800 333 56500=
48057 22457 42201 10204 20168 84300 333 56400=
48031 32260 43401 10200 20150 84800 333 56400=
48033 32962 03601 10250 20219 40138 333 58000=
48034 32457 11802 10223 20156 81500 333 56500=
48039 31450 23201 10265 20215 74044 81102 333 56509=
48043 32058 00000 10210 20175 333=
48052 32458 23601 10295 20223 82200 333 56900=
48055 22456 10403 10202 20190 40148 81200 333 56500 59010=
48064 32956 11401 10260 20229 40125 80006 333 56007 58012=
48065 32958 03202 10272 20226 333=
48074 32959 03203 10270 20226 40144 333 59010=  