060600 48001 32440 73601 10275 20250 40111 85830 333 56420 58023=
060600 48004 32560 43202 10310 20256 84900 333 56500=
060600 48008 32457 50000 10308 20254 40107 82970 333 56450 58009=
060600 48010 32560 61801 10290 20259 40100 84830 333 56550 58003=
060600 48018 32560 51401 10315 20258 40112 83362 333 56766 58003=
060600 48019 32460 42301 10325 20248 40102 84600 333 56400 58007=
060600 48020 32458 60903 10305 20260 84830 333 56440=
060600 48025 32456 72201 10302 20239 40115 85843 333 56550 58005=
060600 48030 21256 70402 10200 20185 70155 86940 333 56180=
060600 48031 31/07 91801 10235 20174 74744 89/// 333 56999=
060600 48033 32563 61801 10310 20267 40097 86900 333 56400 58000=
060600 48034 32456 61802 10282 20220 86300 333 56500=
060600 48035 31560 83202 10296 20223 40071 70522 84960 333 56590 59005=
060600 48037 32460 53201 10292 20259 40100 83830 333 56220 58009=
060600 48039 32460 52201 10324 20248 85900 333 56500=
060600 48042 32559 41301 10310 20254 40089 84900 333 56300 58008=
060600 48043 32550 81801 10250 20219 8587/ 333 56399=
060600 48045 21002 90403 10191 20191 74564 89/// 333 56999=
060600 48048 32560 63201 10300 20253 40107 85950 333 56490 58004=
060600 48051 32559 62702 10313 20270 70122 84930 333 56390=
060600 48052 32468 51301 10306 20267 85900 333 56900=
060600 48053 32456 62702 10310 20254 40103 85906 333 56409 58013=
060600 48055 21456 71802 10259 20229 40097 72055 86330 333 56330 59002=
060600 48057 32458 61402 10254 20186 86300 333 56300=
060600 48060 21430 82203 10250 20233 40095 76122 8587/ 333 5659/ 58008=
060600 48062 32458 70903 10320 20290 40087 70222 86930 333 56290 59009=
060600 48064 22460 80901 10285 20250 40093 84870 333 56330 59002 00033=
060600 48065 22456 72101 10280 20268 85970 333 56990 00077=
060600 48071 21358 82302 10265 20265 40093 76366 8697/ 333 5639/ 59001=
060600 48072 21460 71806 10305 20267 75055 85970 333 56590=
060600 48075 21457 61401 10260 20215 40108 72052 83831 333 56699 59018=
060600 48077 32559 82301 10270 20256 40102 85970 333 56490 58003=
060600 48078 32558 61803 10299 20246 40110 84331 333 56499 58006=
060600 48080 32460 70401 10292 20259 40094 85870 333 56390 58008=
060600 48085 32457 81405 10306 20254 40092 85976 333 56499 58005=
060600 48087 21456 80000 10273 20256 72055 8597/ 333 5629/=
060600 48092 32456 81704 10274 20256 40094 8597/ 333 5699/ 58008=
060600 48093 21456 82701 10278 20268 70255 8697/ 333 56499=
060600 48094 21458 71402 10265 20260 40104 75055 85970 333 56390 58013=
060600 48095 32458 82202 10280 20250 70222 84970 333 56990=
060600 48096 21450 81806 10260 20260 40118 76022 8597/ 333 5699/ 58024=  
060600 48097 21457 82303 10260 20246 40123 76066 8597/ 333 5659/ 58013=
060600 48099 21456 71301 10285 20250 40115 75055 85930 333 56990 58042=
060600 48101 21457 81401 10258 20258 76166 8692/ 333 5649/=
060600 48103 21450 82204 10278 20250 40118 75055 8677/ 333 5659/ 58018=
060600 48107 32350 62301 10290 20259 40113 84970 333 56550 58016=
060600 48108 21494 82302 10282 20250 40140 75055 8577/ 333 5659/ 58017=
060600 48109 21496 82701 10300 20253 40109 75122 8697/ 333 5699/ 58010=
060600 48110 21496 81802 10270 20248 40134 70265 85377 333 56699 58006=
060600 48112 31597 80403 10317 20265 40126 83876 333 56199 59002=
