06-OCT-2015 09 48051 2 1 4 58 8 23 02 10 282 20 270 3 0000 4 0000 5 0000 6 000 0 7 95 9 5 8 6 9 2 0 333 10 /// 58 000 6 000 0 7 0000 
06-OCT-2015 09 48057 3 2 4 60 5 14 01 10 270 20 176 3 0000 4 0000 5 0000 6 000 0 7 00 0 0 8 4 9 3 0 333 10 /// 58 000 6 000 0 7 0000 
06-OCT-2015 09 48062 3 2 4 56 8 18 04 10 290 20 270 3 0000 4 0056 5 0000 6 000 0 7 03 2 2 8 6 9 7 0 333 10 /// 59 007 6 000 0 7 0000 
06-OCT-2015 09 48071 2 1 4 58 8 23 02 10 270 20 270 3 0000 4 0068 5 0000 6 000 0 7 21 6 2 8 6 9 7 / 333 10 /// 58 005 6 000 0 7 0000 
06-OCT-2015 09 48072 2 2 4 60 6 18 07 10 300 20 276 3 0000 4 0000 5 0000 6 000 0 7 01 2 2 8 4 8 3 0 333 10 /// 58 000 6 000 0 7 0000 
06-OCT-2015 09 48075 2 2 4 57 7 09 02 10 270 20 226 3 0000 4 0069 5 0000 6 000 0 7 06 2 2 8 5 3 7 0 333 10 /// 58 005 6 000 0 7 0000 
06-OCT-2015 09 48077 3 2 5 59 8 23 01 10 294 20 248 3 0000 4 0069 5 0000 6 000 0 7 00 0 0 8 5 9 7 0 333 10 /// 58 001 6 000 0 7 0000 
06-OCT-2015 09 48078 2 1 5 58 6 18 03 10 299 20 246 3 0000 4 0085 5 0000 6 000 0 7 02 5 5 8 3 3 3 1 333 10 /// 58 014 6 000 0 7 0000 
06-OCT-2015 09 48080 3 2 4 59 6 13 02 10 314 20 255 3 0000 4 0065 5 0000 6 000 0 7 00 0 0 8 4 8 7 0 333 10 /// 58 006 6 000 0 7 0000 
06-OCT-2015 09 48085 2 1 4 58 7 14 05 10 300 20 253 3 0000 4 0068 5 0000 6 000 0 7 50 5 5 8 4 9 7 9 333 10 /// 58 005 6 000 0 7 0000 
06-OCT-2015 09 48087 2 2 4 56 8 23 02 10 280 20 268 3 0000 4 0000 5 0000 6 000 0 7 03 2 2 8 5 9 7 / 333 10 /// 58 000 6 000 0 7 0000 
06-OCT-2015 09 48092 2 1 4 56 8 09 03 10 270 20 256 3 0000 4 0064 5 0000 6 000 0 7 02 6 6 8 5 9 7 / 333 10 /// 58 006 6 000 0 7 0000 
06-OCT-2015 09 48093 2 1 4 56 8 14 01 10 264 20 259 3 0000 4 0000 5 0000 6 000 0 7 02 6 5 8 6 9 7 / 333 10 /// 58 000 6 000 0 7 0000 
06-OCT-2015 09 48094 2 2 4 58 6 18 01 10 257 20 250 3 0000 4 0078 5 0000 6 000 0 7 03 6 5 8 5 9 4 0 333 10 /// 58 006 6 000 0 7 0000 
06-OCT-2015 09 48095 3 2 4 58 8 22 03 10 265 20 246 3 0000 4 0000 5 0000 6 000 0 7 02 2 2 8 4 9 7 0 333 10 /// 58 000 6 000 0 7 0000 
06-OCT-2015 09 48096 2 1 4 57 8 18 06 10 270 20 256 3 0000 4 0083 5 0000 6 000 0 7 51 5 5 8 5 9 7 / 333 10 /// 58 007 6 000 0 7 0000 
06-OCT-2015 09 48097 2 1 4 57 7 24 02 10 270 20 256 3 0000 4 0084 5 0000 6 000 0 7 50 6 6 8 5 9 5 0 333 10 /// 58 006 6 000 0 7 0000 
06-OCT-2015 09 48099 2 1 4 50 7 04 02 10 275 20 250 3 0000 4 0079 5 0000 6 000 0 7 02 5 5 8 5 9 3 0 333 10 /// 58 007 6 000 0 7 0000 
06-OCT-2015 09 48101 2 1 4 57 8 00 00 10 255 20 246 3 0000 4 0000 5 0000 6 000 0 7 50 6 5 8 5 9 2 / 333 10 /// 58 000 6 000 0 7 0000 
06-OCT-2015 09 48103 2 1 4 50 6 22 03 10 284 20 250 3 0000 4 0088 5 0000 6 000 0 7 01 5 5 8 5 7 3 0 333 10 /// 58 016 6 000 0 7 0000 
06-OCT-2015 09 48107 3 2 3 50 6 13 01 10 290 20 248 3 0000 4 0093 5 0000 6 000 0 7 00 0 0 8 4 9 7 0 333 10 /// 58 009 6 000 0 7 0000 
06-OCT-2015 09 48108 2 2 4 94 8 23 04 10 290 20 248 3 0000 4 0110 5 0000 6 000 0 7 00 0 0 8 4 3 7 7 333 10 /// 58 010 6 000 0 7 0000 
06-OCT-2015 09 48109 2 1 4 97 8 27 01 10 270 20 250 3 0000 4 0085 5 0000 6 000 0 7 02 6 6 8 6 9 7 / 333 10 /// 59 002 6 000 0 7 0000 
06-OCT-2015 09 48110 2 1 4 96 8 13 02 10 270 20 240 3 0000 4 0107 5 0000 6 000 0 7 02 5 5 8 4 3 7 7 333 10 /// 58 009 6 000 0 7 0000 
06-OCT-2015 09 48112 3 2 5 97 8 32 01 10 315 20 260 3 0000 4 0100 5 0000 6 000 0 7 02 2 2 8 3 8 7 6 333 10 /// 58 001 6 000 0 7 0000 
