06-SEP-2015 00 48008 2 2 4 50 8 00 00 10 260 20 246 3 0000 4 0073 5 0000 6 000 0 7 00 0 0 8 4 9 7 / 333 20 252 59 008 6 000 0 7 0000 
06-SEP-2015 00 48010 3 2 5 40 6 00 00 10 260 20 253 3 0000 4 0064 5 0000 6 000 0 7 00 0 0 8 4 7 3 0 333 20 250 59 010 6 000 0 7 0000 
06-SEP-2015 00 48018 2 1 5 56 8 00 00 10 265 20 260 3 0000 4 0068 5 0000 6 000 0 7 50 5 5 8 4 9 7 / 333 20 250 59 007 6 990 2 7 0000 
06-SEP-2015 00 48019 3 2 4 50 8 00 00 10 267 20 246 3 0000 4 0065 5 0000 6 000 0 7 00 0 0 8 5 7 7 0 333 20 264 59 012 6 000 0 7 0000 
06-SEP-2015 00 48020 2 2 3 50 7 00 00 10 265 20 253 3 0000 4 0000 5 0000 6 000 0 7 00 0 0 8 6 6 3 0 333 20 250 58 000 6 000 0 7 0000 
06-SEP-2015 00 48025 3 2 2 10 7 00 00 10 270 20 256 3 0000 4 0071 5 0000 6 000 0 7 00 0 0 8 5 8 7 0 333 20 266 59 010 6 000 0 7 0000 
06-SEP-2015 00 48030 3 1 2 50 8 22 01 10 169 20 169 3 0000 4 0000 5 0000 6 000 0 7 42 4 4 8 8 8 / / 333 20 162 58 000 6 000 0 7 0000 
06-SEP-2015 00 48031 3 1 / 03 9 04 01 10 190 20 190 3 0000 4 0000 5 0000 6 000 0 7 47 4 4 8 0 0 0 0 333 20 174 58 000 6 000 0 7 0000 
06-SEP-2015 00 48033 3 2 5 60 7 13 01 10 270 20 240 3 0000 4 0089 5 0000 6 000 0 7 00 0 0 8 5 5 3 0 333 20 260 58 000 6 000 0 7 0000 
06-SEP-2015 00 48037 3 2 5 56 4 22 01 10 275 20 250 3 0000 4 0080 5 0000 6 000 0 7 00 0 0 8 3 8 3 0 333 20 270 59 001 6 000 0 7 0000 
06-SEP-2015 00 48039 3 2 4 50 8 13 01 10 270 20 240 3 0000 4 0000 5 0000 6 000 0 7 00 0 0 8 4 5 6 / 333 20 269 58 000 6 000 0 7 0000 
06-SEP-2015 00 48042 3 2 5 58 7 13 02 10 272 20 226 3 0000 4 0081 5 0000 6 000 0 7 00 0 0 8 4 8 5 0 333 20 260 58 007 6 000 0 7 0000 
06-SEP-2015 00 48043 3 2 5 20 8 18 03 10 205 20 195 3 0000 4 0000 5 0000 6 000 0 7 00 0 0 8 7 8 7 / 333 20 175 58 000 6 000 0 7 0000 
06-SEP-2015 00 48048 3 2 5 50 2 22 01 10 267 20 240 3 0000 4 0076 5 0000 6 000 0 7 00 0 0 8 2 8 0 0 333 20 262 59 003 6 000 0 7 0000 
06-SEP-2015 00 48052 3 2 4 50 5 00 00 10 268 20 240 3 0000 4 0000 5 0000 6 000 0 7 00 0 0 8 5 9 0 0 333 20 262 58 000 6 000 0 7 0000 
06-SEP-2015 00 48053 3 2 4 50 6 18 02 10 250 20 233 3 0000 4 0089 5 0000 6 000 0 7 00 0 0 8 2 5 5 0 333 20 244 58 002 6 000 0 7 0000 
06-SEP-2015 00 48055 2 2 4 56 8 00 00 10 212 20 210 3 0000 4 0091 5 0000 6 000 0 7 00 0 0 8 4 9 7 / 333 20 204 59 010 6 002 2 7 0000 
06-SEP-2015 00 48060 2 2 3 30 8 00 00 10 228 20 214 3 0000 4 0109 5 0000 6 000 0 7 00 0 0 8 5 8 7 0 333 20 218 58 028 6 000 0 7 0000 
06-SEP-2015 00 48062 2 1 3 56 8 13 03 10 253 20 250 3 0000 4 0080 5 0000 6 000 0 7 60 9 6 8 6 9 2 0 333 20 230 59 008 6 028 2 7 0000 
06-SEP-2015 00 48064 3 2 4 50 4 04 01 10 262 20 246 3 0000 4 0074 5 0000 6 000 0 7 00 0 0 8 2 8 0 6 333 20 225 58 000 6 000 0 7 0000 
06-SEP-2015 00 48065 3 2 4 50 8 14 02 10 262 20 246 3 0000 4 0000 5 0000 6 000 0 7 00 0 0 8 5 5 7 0 333 20 235 58 000 6 000 0 7 0000 
06-SEP-2015 00 48071 2 1 4 56 8 00 00 10 250 20 250 3 0000 4 0072 5 0000 6 000 0 7 60 6 6 8 5 9 2 / 333 20 240 59 015 6 002 2 7 0000 
06-SEP-2015 00 48074 3 2 4 57 7 14 02 10 250 20 233 3 0000 4 0095 5 0000 6 000 0 7 00 0 0 8 3 5 5 0 333 20 246 59 006 6 000 0 7 0000 
06-SEP-2015 00 48075 3 2 4 56 8 00 00 10 220 20 205 3 0000 4 0107 5 0000 6 000 0 7 00 0 0 8 5 7 7 / 333 20 213 59 013 6 000 0 7 0000 
06-SEP-2015 00 48077 2 2 5 56 8 00 00 10 260 20 246 3 0000 4 0088 5 0000 6 000 0 7 00 0 0 8 5 9 3 0 333 20 240 59 003 6 000 0 7 0000 
06-SEP-2015 00 48078 2 1 4 40 8 18 01 10 252 20 233 3 0000 4 0106 5 0000 6 000 0 7 51 5 5 8 5 7 2 / 333 20 243 59 010 6 990 2 7 0000 
06-SEP-2015 00 48080 2 1 4 56 6 04 01 10 242 20 226 3 0000 4 0093 5 0000 6 000 0 7 01 6 5 8 4 8 3 0 333 20 230 59 003 6 031 2 7 0000 
06-SEP-2015 00 48085 2 1 4 57 7 14 01 10 246 20 246 3 0000 4 0095 5 0000 6 000 0 7 02 6 5 8 6 9 7 0 333 20 245 59 004 6 056 2 7 0000 
06-SEP-2015 00 48092 2 1 4 50 8 00 00 10 250 20 250 3 0000 4 0086 5 0000 6 000 0 7 02 6 6 8 5 9 7 / 333 20 246 58 000 6 015 2 7 0000 
06-SEP-2015 00 48094 2 2 4 56 7 00 00 10 250 20 245 3 0000 4 0103 5 0000 6 000 0 7 00 0 0 8 5 9 7 0 333 20 195 59 003 6 003 2 7 0000 
06-SEP-2015 00 48096 2 2 4 56 8 15 03 10 250 20 233 3 0000 4 0107 5 0000 6 000 0 7 00 0 0 8 5 9 7 / 333 20 240 59 001 6 011 2 7 0000 
06-SEP-2015 00 48097 2 2 5 57 8 25 01 10 250 20 250 3 0000 4 0110 5 0000 6 000 0 7 00 0 0 8 6 8 3 / 333 20 234 59 007 6 006 2 7 0000 
06-SEP-2015 00 48103 2 1 3 40 8 22 02 10 251 20 251 3 0000 4 0114 5 0000 6 000 0 7 02 5 5 8 6 7 7 / 333 20 247 58 002 6 008 2 7 0000 
06-SEP-2015 00 48107 2 1 3 30 8 00 00 10 243 20 243 3 0000 4 0117 5 0000 6 000 0 7 01 6 6 8 5 9 7 / 333 20 238 58 002 6 007 2 7 0000 
06-SEP-2015 00 48108 2 1 4 94 8 13 01 10 240 20 240 3 0000 4 0130 5 0000 6 000 0 7 50 6 5 8 5 3 7 / 333 20 233 58 004 6 013 2 7 0000 
06-SEP-2015 00 48109 2 1 4 96 8 23 02 10 250 20 250 3 0000 4 0119 5 0000 6 000 0 7 53 6 6 8 6 9 7 / 333 20 194 58 003 6 027 2 7 0000 
06-SEP-2015 00 48110 2 1 4 95 8 18 01 10 240 20 240 3 0000 4 0126 5 0000 6 000 0 7 02 6 5 8 4 3 5 7 333 20 240 58 002 6 003 2 7 0000 
06-SEP-2015 00 48112 3 2 5 97 8 04 01 10 260 20 246 3 0000 4 0128 5 0000 6 000 0 7 00 0 0 8 3 8 7 6 333 20 205 58 008 6 000 0 7 0000 
