07-APR-2015 00 48008 2 2 5 50 5 32 01 10 195 20 185 3 0000 4 0111 5 0000 6 000 0 7 00 0 0 8 2 4 3 0 333 20 185 58 008 6 004 2 7 0000 
07-APR-2015 00 48010 2 2 4 20 8 00 00 10 210 20 195 3 0000 4 0125 5 0000 6 000 0 7 00 0 0 8 5 7 7 / 333 20 202 58 031 6 005 2 7 0000 
07-APR-2015 00 48018 2 2 5 56 6 22 01 10 195 20 175 3 0000 4 0103 5 0000 6 000 0 7 42 4 4 8 3 8 7 0 333 20 185 58 012 6 990 2 7 0000 
07-APR-2015 00 48019 2 2 9 40 1 00 00 10 195 20 195 3 0000 4 0111 5 0000 6 000 0 7 00 0 0 8 0 0 5 9 333 20 190 58 025 6 990 2 7 0000 
07-APR-2015 00 48025 2 2 4 10 6 00 00 10 212 20 195 3 0000 4 0117 5 0000 6 000 0 7 00 0 0 8 4 8 4 0 333 20 204 58 019 6 003 2 7 0000 
07-APR-2015 00 48033 3 2 5 60 2 33 01 10 220 20 185 3 0000 4 0106 5 0000 6 000 0 7 00 0 0 8 1 5 0 1 333 20 210 58 036 6 000 2 7 0000 
07-APR-2015 00 48035 3 1 5 20 6 00 00 10 171 20 154 3 0000 4 0107 5 0000 6 000 0 7 10 2 2 8 4 9 6 0 333 20 165 58 021 6 000 2 7 0000 
07-APR-2015 00 48037 3 2 5 30 3 36 01 10 216 20 205 3 0000 4 0097 5 0000 6 000 0 7 00 0 0 8 1 5 0 2 333 20 210 58 022 6 000 2 7 0000 
07-APR-2015 00 48042 3 2 5 56 7 36 01 10 240 20 209 3 0000 4 0100 5 0000 6 000 0 7 00 0 0 8 3 8 5 0 333 20 223 58 028 6 000 2 7 0000 
07-APR-2015 00 48048 3 2 9 50 0 04 01 10 246 20 186 3 0000 4 0098 5 0000 6 000 0 7 00 0 0 8 0 0 0 0 333 20 240 58 021 6 000 2 7 0000 
07-APR-2015 00 48053 3 2 9 50 0 32 02 10 230 20 198 3 0000 4 0099 5 0000 6 000 0 7 00 0 0 8 0 0 0 0 333 20 222 58 007 6 000 2 7 0000 
07-APR-2015 00 48055 3 1 6 56 3 00 00 10 145 20 135 3 0000 4 0133 5 0000 6 000 0 7 05 1 1 8 2 5 0 1 333 20 132 58 035 6 000 2 7 0000 
07-APR-2015 00 48060 3 1 9 20 2 00 00 10 184 20 147 3 0000 4 0120 5 0000 6 000 0 7 00 0 0 8 0 0 0 0 333 10 /// 58 000 6 000 0 7 0000 
07-APR-2015 00 48062 3 1 5 08 4 04 01 10 245 20 230 3 0000 4 0093 5 0000 6 000 0 7 42 4 4 8 3 8 3 0 333 20 220 58 013 6 000 2 7 0000 
07-APR-2015 00 48064 3 2 9 50 0 32 01 10 241 20 209 3 0000 4 0081 5 0000 6 000 0 7 00 0 0 8 0 0 0 0 333 20 186 58 025 6 000 2 7 0000 
07-APR-2015 00 48071 3 2 4 56 2 00 00 10 265 20 256 3 0000 4 0090 5 0000 6 000 0 7 00 0 0 8 2 8 0 0 333 20 240 58 009 6 000 2 7 0000 
07-APR-2015 00 48074 3 1 4 56 1 32 02 10 260 20 179 3 0000 4 0104 5 0000 6 000 0 7 05 0 0 8 1 4 0 0 333 20 246 58 024 6 000 2 7 0000 
07-APR-2015 00 48075 3 1 4 56 2 00 00 10 190 20 180 3 0000 4 0129 5 0000 6 000 0 7 05 1 1 8 2 5 0 0 333 20 180 58 007 6 000 2 7 0000 
07-APR-2015 00 48077 3 2 9 56 0 00 00 10 268 20 211 3 0000 4 0081 5 0000 6 000 0 7 00 0 0 8 0 0 0 0 333 20 240 58 008 6 000 2 7 0000 
07-APR-2015 00 48078 3 2 5 50 2 18 01 10 266 20 234 3 0000 4 0092 5 0000 6 000 0 7 00 0 0 8 1 5 0 1 333 20 240 58 006 6 000 2 7 0000 
07-APR-2015 00 48085 3 1 9 50 3 14 01 10 234 20 230 3 0000 4 0088 5 0000 6 000 0 7 40 4 4 8 0 0 0 6 333 20 232 58 007 6 000 2 7 0000 
07-APR-2015 00 48092 3 1 / 05 9 00 00 10 240 20 240 3 0000 4 0073 5 0000 6 000 0 7 43 4 4 8 9 / / / 333 20 235 59 004 6 000 2 7 0000 
07-APR-2015 00 48094 3 1 4 56 1 00 00 10 252 20 240 3 0000 4 0084 5 0000 6 000 0 7 10 0 0 8 1 5 0 0 333 20 214 59 004 6 000 2 7 0000 
07-APR-2015 00 48097 3 2 5 56 7 36 01 10 250 20 242 3 0000 4 0086 5 0000 6 000 0 7 03 2 2 8 7 8 0 0 333 20 240 58 010 6 000 2 7 0000 
07-APR-2015 00 48099 3 2 3 30 7 00 00 10 254 20 233 3 0000 4 0085 5 0000 6 000 0 7 00 0 0 8 4 8 3 0 333 20 234 58 005 6 000 2 7 0000 
07-APR-2015 00 48103 3 2 4 40 2 32 01 10 249 20 233 3 0000 4 0090 5 0000 6 000 0 7 00 0 0 8 2 5 0 0 333 20 230 59 002 6 000 2 7 0000 
07-APR-2015 00 48107 3 1 9 30 2 00 00 10 230 20 214 3 0000 4 0097 5 0000 6 000 0 7 41 4 4 8 0 0 0 6 333 20 220 58 001 6 000 2 7 0000 
07-APR-2015 00 48108 3 1 5 93 6 00 00 10 331 20 212 3 0000 4 0100 5 0000 6 000 0 7 42 4 4 8 3 4 0 6 333 20 207 59 001 6 000 2 7 0000 
07-APR-2015 00 48110 2 1 5 95 4 13 02 10 365 20 259 3 0000 4 0091 5 0000 6 000 0 7 05 2 2 8 2 5 0 6 333 20 260 59 002 6 000 2 7 0000 
07-APR-2015 00 48112 3 2 5 97 8 04 01 10 270 20 256 3 0000 4 0112 5 0000 6 000 0 7 00 0 0 8 3 8 7 6 333 20 222 58 024 6 000 2 7 0000 
