07-APR-2015 12 48065 3 2 9 50 2 00 00 10 350 20 202 3 0000 4 0000 5 0000 6 000 0 7 00 0 0 8 0 0 0 6 333 10 385 58 000 6 000 0 7 0000 
07-APR-2015 12 48071 3 2 9 56 0 32 05 10 300 20 253 3 0000 4 0076 5 0000 6 000 0 7 00 0 0 8 0 0 0 0 333 10 330 59 005 6 000 0 7 0000 
07-APR-2015 12 48072 3 2 9 56 0 32 02 10 295 20 253 3 0000 4 0000 5 0000 6 000 0 7 00 0 0 8 0 0 0 0 333 10 335 58 000 6 000 0 7 0000 
07-APR-2015 12 48074 3 2 4 57 1 04 01 10 370 20 171 3 0000 4 0062 5 0000 6 000 0 7 00 0 0 8 1 4 0 0 333 10 392 58 012 6 000 0 7 0000 
07-APR-2015 12 48075 3 1 4 56 1 32 01 10 310 20 170 3 0000 4 0056 5 0000 6 000 0 7 05 1 1 8 1 1 0 0 333 10 350 59 010 6 000 0 7 0000 
07-APR-2015 12 48077 3 2 9 56 0 00 00 10 368 20 171 3 0000 4 0040 5 0000 6 000 0 7 00 0 0 8 0 0 0 0 333 10 404 59 005 6 000 0 7 0000 
07-APR-2015 12 48078 3 2 5 56 2 00 00 10 366 20 210 3 0000 4 0051 5 0000 6 000 0 7 00 0 0 8 1 2 0 2 333 10 405 59 003 6 000 0 7 0000 
07-APR-2015 12 48080 3 2 4 57 2 27 02 10 300 20 239 3 0000 4 0073 5 0000 6 000 0 7 00 0 0 8 2 8 0 0 333 10 360 59 009 6 000 0 7 0000 
07-APR-2015 12 48085 3 2 9 56 0 32 05 10 294 20 259 3 0000 4 0071 5 0000 6 000 0 7 00 0 0 8 0 0 0 0 333 10 332 59 006 6 000 0 7 0000 
07-APR-2015 12 48087 3 2 9 40 0 00 00 10 346 20 240 3 0000 4 0000 5 0000 6 000 0 7 00 0 0 8 0 0 0 0 333 10 399 58 000 6 000 0 7 0000 
07-APR-2015 12 48092 3 1 9 56 0 23 01 10 365 20 293 3 0000 4 0048 5 0000 6 000 0 7 05 0 0 8 0 0 0 0 333 10 395 58 007 6 000 0 7 0000 
07-APR-2015 12 48093 3 2 9 50 0 14 01 10 332 20 258 3 0000 4 0000 5 0000 6 000 0 7 00 0 0 8 0 0 0 0 333 10 392 58 000 6 000 0 7 0000 
07-APR-2015 12 48094 3 2 9 56 0 32 03 10 305 20 245 3 0000 4 0072 5 0000 6 000 0 7 00 0 0 8 0 0 0 0 333 10 385 58 000 6 000 0 7 0000 
07-APR-2015 12 48095 3 2 9 56 0 04 02 10 360 20 264 3 0000 4 0000 5 0000 6 000 0 7 00 0 0 8 0 0 0 0 333 10 380 58 000 6 000 0 7 0000 
07-APR-2015 12 48097 3 2 5 57 4 24 01 10 340 20 206 3 0000 4 0082 5 0000 6 000 0 7 00 0 0 8 4 5 0 0 333 10 394 58 019 6 000 0 7 0000 
07-APR-2015 12 48099 3 2 4 40 3 23 03 10 340 20 257 3 0000 4 0050 5 0000 6 000 0 7 00 0 0 8 3 7 0 0 333 10 380 59 011 6 000 0 7 0000 
07-APR-2015 12 48101 3 2 9 56 0 00 00 10 310 20 267 3 0000 4 0000 5 0000 6 000 0 7 00 0 0 8 0 0 0 0 333 10 363 58 000 6 000 0 7 0000 
07-APR-2015 12 48103 3 2 4 40 2 22 01 10 323 20 236 3 0000 4 0059 5 0000 6 000 0 7 00 0 0 8 2 5 0 0 333 10 388 59 016 6 000 0 7 0000 
07-APR-2015 12 48107 3 2 9 40 2 23 01 10 300 20 253 3 0000 4 0066 5 0000 6 000 0 7 00 0 0 8 0 0 0 6 333 10 368 59 010 6 000 0 7 0000 
07-APR-2015 12 48108 3 2 5 96 5 32 01 10 310 20 267 3 0000 4 0070 5 0000 6 000 0 7 00 0 0 8 2 4 0 6 333 10 372 59 005 6 000 0 7 0000 
07-APR-2015 12 48109 3 2 4 96 3 00 00 10 308 20 254 3 0000 4 0084 5 0000 6 000 0 7 00 0 0 8 3 9 0 0 333 10 348 59 007 6 000 0 7 0000 
07-APR-2015 12 48110 3 2 5 96 8 36 06 10 310 20 260 3 0000 4 0067 5 0000 6 000 0 7 00 0 0 8 1 3 0 7 333 10 345 59 009 6 000 0 7 0000 
07-APR-2015 12 48112 3 2 5 97 8 32 03 10 315 20 254 3 0000 4 0065 5 0000 6 000 0 7 00 0 0 8 3 8 7 6 333 10 355 59 010 6 000 0 7 0000 
