070000 48008 22550 53201 10195 20185 40111 82430 333 20185 56770 58008 60042=
070000 48010 22420 80000 10210 20195 40125 8577/ 333 20202 56599 58031 60052=
070000 48018 22556 62201 10195 20175 40103 74244 83870 333 20185 56560 58012 69902=
070000 48019 22940 10000 10195 20195 40111 80059 333 20190 56045 58025 69902=
070000 48025 22410 60000 10212 20195 40117 84840 333 20204 56550 58019 60032=
070000 48030 22950 12201 10138 20107 80040 333 20130 56060 60082=
070000 48031 22260 21801 10155 20123 82200 333 20140 56900 60202=
070000 48033 32560 23301 10220 20185 40106 81501 333 20210 56909 58036 60002=
070000 48034 32456 70000 10199 20139 70122 84530 333 20145 56550 60002=
070000 48035 31520 60000 10171 20154 40107 71022 84960 333 20165 56560 58021 60002=
070000 48037 32530 33601 10216 20205 40097 81502 333 20210 56809 58022 60002=
070000 48039 32456 70000 10225 20185 83560 333 20224 56550 60002=
070000 48042 32556 73601 10240 20209 40100 83850 333 20223 56990 58028 60002=
070000 48043 32520 00000 10170 20135 8487/ 333 20130 56999 60002=
070000 48048 32950 00401 10246 20186 40098 333 20240 58021 60002=
070000 48051 32956 20401 10244 20230 80006 333 20230 56009 60002=
070000 48052 32450 40403 10245 20186 84800 333 20235 56900 60002=
070000 48053 32950 03202 10230 20198 40099 333 20222 58007 60002=
070000 48055 31656 30000 10145 20135 40133 70511 82501 333 20132 56509 58035 60002=
070000 48057 31439 20000 10170 20154 71000 81501 333 20158 56909 60002=
070000 48060 31920 20000 10184 20147 40120  74144 82100 333 20163 56500 58025 60002=
070000 48062 31508 40401 10245 20230 40093 74244 83830 333 20220 56990 58013 60002=
070000 48064 32950 03201 10241 20209 40081 333 20186 58025 60002=
070000 48065 32950 00000 10237 20191 333 20220 60002=
070000 48071 32456 20000 10265 20256 40090 82800 333 20240 56700 58009 60002=
070000 48074 31456 13202 10260 20179 40104 70500 81400 333 20246 56900 58024 60002=
070000 48075 31456 20000 10190 20180 40129 70511 82500 333 20180 56500 58007 60002=
070000 48077 32956 00000 10268 20211 40081 333 20240 58008 60002=
070000 48078 32550 21801 10266 20234 40092 81501 333 20240 56909 58006 60002=
070000 48085 31950 31401 10234 20230 40088 74044 80006 333 20232 56009 58007 60002=
070000 48087 32950 00000 10226 20214 333 20200 60002=
070000 48092 31/05 90000 10240 20240 40073 74344 89/// 333 20235 56999 59004 60002=
070000 48093 32950 02301 10254 20233 333 20252 60002=
070000 48094 31456 10000 10252 20240 40084 71000 81500 333 20214 56900 59004 60002=
070000 48097 32556 73601 10250 20242 40086 70322 87800 333 20240 56900 58010 60002=
070000 48099 32330 70000 10254 20233 40085 84830 333 20234 56990 58005 60002=
070000 48103 32440 23201 10249 20233 40090 82500 333 20230 56700 59002 60002=
070000 48107 31930 20000 10230 20214 40097 74144 80006 333 20220 56009 58001 60002=
070000 48108 31593 60000 10331 20212 40100 74244 83406 333 20207 56909 59001 60002=
070000 48110 21595 41302 10365 20259 40091 70522 82506 333 20260 56809 59002 60002=
070000 48112 32597 80401 10270 20256 40112 83876 333 20222 56199 58024 60002=  
