07-AUG-2015 03 48001 2 1 3 20 8 00 00 10 255 20 250 3 0000 4 0051 5 0000 6 000 0 7 50 5 5 8 5 7 7 / 333 10 /// 59 006 6 000 0 7 0000 
07-AUG-2015 03 48004 3 2 4 58 6 04 01 10 278 20 268 3 0000 4 0000 5 0000 6 000 0 7 00 0 0 8 6 9 0 0 333 10 /// 58 000 6 000 0 7 0000 
07-AUG-2015 03 48008 3 1 4 56 8 00 00 10 277 20 268 3 0000 4 0048 5 0000 6 000 0 7 02 5 5 8 4 9 7 / 333 10 /// 58 014 6 000 0 7 0000 
07-AUG-2015 03 48010 2 2 4 50 7 00 00 10 280 20 268 3 0000 4 0046 5 0000 6 000 0 7 00 0 0 8 4 8 7 1 333 10 /// 58 021 6 000 0 7 0000 
07-AUG-2015 03 48018 2 1 5 56 8 14 01 10 262 20 246 3 0000 4 0056 5 0000 6 000 0 7 62 9 6 8 5 9 7 / 333 10 /// 58 020 6 000 0 7 0000 
07-AUG-2015 03 48019 3 2 4 60 7 32 01 10 295 20 259 3 0000 4 0042 5 0000 6 000 0 7 00 0 0 8 4 7 7 0 333 10 /// 58 012 6 000 0 7 0000 
07-AUG-2015 03 48020 2 1 2 50 8 00 00 10 270 20 256 3 0000 4 0000 5 0000 6 000 0 7 50 5 5 8 8 7 0 0 333 10 /// 58 000 6 000 0 7 0000 
07-AUG-2015 03 48025 2 1 1 20 8 00 00 10 276 20 268 3 0000 4 0042 5 0000 6 000 0 7 50 5 5 8 5 7 7 / 333 10 /// 58 016 6 000 0 7 0000 
07-AUG-2015 03 48030 2 1 1 30 8 04 01 10 182 20 182 3 0000 4 0000 5 0000 6 000 0 7 02 4 4 8 6 8 4 / 333 10 /// 58 000 6 000 0 7 0000 
07-AUG-2015 03 48031 2 1 / 06 9 18 01 10 200 20 185 3 0000 4 0000 5 0000 6 000 0 7 47 4 4 8 9 / / / 333 10 /// 58 000 6 000 0 7 0000 
07-AUG-2015 03 48033 2 1 5 58 8 00 00 10 250 20 250 3 0000 4 0042 5 0000 6 000 0 7 50 6 5 8 6 9 7 0 333 10 /// 58 020 6 000 0 7 0000 
07-AUG-2015 03 48034 2 1 1 48 8 00 00 10 212 20 212 3 0000 4 0000 5 0000 6 000 0 7 61 6 5 8 6 9 2 / 333 10 /// 58 000 6 000 0 7 0000 
07-AUG-2015 03 48035 3 2 5 60 7 00 00 10 257 20 229 3 0000 4 0038 5 0000 6 000 0 7 00 0 0 8 5 9 7 0 333 10 /// 58 010 6 000 0 7 0000 
07-AUG-2015 03 48037 2 1 5 56 8 18 02 10 280 20 268 3 0000 4 0040 5 0000 6 000 0 7 02 5 2 8 5 8 7 / 333 10 /// 58 012 6 000 0 7 0000 
07-AUG-2015 03 48039 2 2 4 60 8 00 00 10 276 20 256 3 0000 4 0000 5 0000 6 000 0 7 00 0 0 8 8 9 / / 333 10 /// 58 000 6 000 0 7 0000 
07-AUG-2015 03 48042 2 1 4 57 8 00 00 10 275 20 262 3 0000 4 0033 5 0000 6 000 0 7 03 5 5 8 5 9 7 / 333 10 /// 58 010 6 000 0 7 0000 
07-AUG-2015 03 48043 2 2 5 56 8 32 02 10 225 20 214 3 0000 4 0000 5 0000 6 000 0 7 00 0 0 8 5 8 7 / 333 10 /// 58 000 6 000 0 7 0000 
07-AUG-2015 03 48045 2 2 4 50 7 14 02 10 210 20 195 3 0000 4 0000 5 0000 6 000 0 7 40 4 4 8 5 8 4 0 333 10 /// 58 000 6 000 0 7 0000 
07-AUG-2015 03 48048 2 2 5 60 5 22 01 10 284 20 250 3 0000 4 0043 5 0000 6 000 0 7 00 0 0 8 4 8 5 0 333 10 /// 58 016 6 000 0 7 0000 
07-AUG-2015 03 48051 2 2 5 59 6 18 01 10 293 20 260 3 0000 4 0000 5 0000 6 000 0 7 01 2 2 8 4 9 3 0 333 10 /// 58 000 6 000 0 7 0000 
07-AUG-2015 03 48052 3 2 4 60 5 22 01 10 302 20 253 3 0000 4 0000 5 0000 6 000 0 7 00 0 0 8 5 9 0 0 333 10 /// 58 000 6 000 0 7 0000 
07-AUG-2015 03 48053 2 1 4 56 7 18 03 10 280 20 250 3 0000 4 0046 5 0000 6 000 0 7 01 5 5 8 4 8 5 6 333 10 /// 58 011 6 000 0 7 0000 
07-AUG-2015 03 48055 2 2 4 56 5 00 00 10 248 20 219 3 0000 4 0047 5 0000 6 000 0 7 62 5 5 8 4 8 0 1 333 10 /// 58 006 6 000 0 7 0000 
07-AUG-2015 03 48057 2 2 4 58 6 14 03 10 210 20 195 3 0000 4 0000 5 0000 6 000 0 7 00 0 0 8 4 9 0 1 333 10 /// 58 000 6 000 0 7 0000 
07-AUG-2015 03 48060 3 2 3 40 6 00 00 10 260 20 246 3 0000 4 0049 5 0000 6 000 0 7 00 0 0 8 4 9 3 0 333 10 /// 58 026 6 000 0 7 0000 
07-AUG-2015 03 48062 3 2 4 56 7 18 02 10 280 20 270 3 0000 4 0036 5 0000 6 000 0 7 01 2 2 8 5 9 7 0 333 10 /// 58 007 6 000 0 7 0000 
07-AUG-2015 03 48064 3 2 4 56 6 32 01 10 289 20 259 3 0000 4 0019 5 0000 6 000 0 7 00 0 0 8 4 8 3 1 333 10 /// 58 010 6 000 0 7 0000 
07-AUG-2015 03 48065 3 2 9 60 3 22 01 10 290 20 248 3 0000 4 0000 5 0000 6 000 0 7 00 0 0 8 0 0 0 1 333 10 /// 58 000 6 000 0 7 0000 
07-AUG-2015 03 48071 2 2 4 58 6 27 01 10 285 20 274 3 0000 4 0038 5 0000 6 000 0 7 00 0 0 8 5 9 3 0 333 10 /// 58 005 6 000 0 7 0000 
07-AUG-2015 03 48072 2 2 4 60 6 13 02 10 300 20 266 3 0000 4 0000 5 0000 6 000 0 7 00 0 0 8 4 9 3 0 333 10 /// 58 000 6 000 0 7 0000 
07-AUG-2015 03 48074 3 2 4 59 6 18 03 10 280 20 250 3 0000 4 0053 5 0000 6 000 0 7 00 0 0 8 4 8 6 1 333 10 /// 59 001 6 000 0 7 0000 
07-AUG-2015 03 48075 3 2 4 56 7 00 00 10 240 20 209 3 0000 4 0062 5 0000 6 000 0 7 00 0 0 8 5 3 7 0 333 10 /// 58 006 6 000 0 7 0000 
07-AUG-2015 03 48077 3 2 5 59 8 00 00 10 280 20 250 3 0000 4 0040 5 0000 6 000 0 7 00 0 0 8 5 9 3 1 333 10 /// 58 009 6 000 0 7 0000 
07-AUG-2015 03 48078 2 2 5 57 6 18 01 10 277 20 268 3 0000 4 0058 5 0000 6 000 0 7 00 0 0 8 4 5 3 1 333 10 /// 59 000 6 000 0 7 0000 
07-AUG-2015 03 48080 2 2 4 59 7 04 03 10 280 20 250 3 0000 4 0041 5 0000 6 000 0 7 00 0 0 8 5 8 7 0 333 10 /// 58 008 6 000 0 7 0000 
07-AUG-2015 03 48085 2 2 4 58 7 27 02 10 279 20 268 3 0000 4 0048 5 0000 6 000 0 7 00 0 0 8 4 8 7 0 333 10 /// 58 011 6 000 0 7 0000 
07-AUG-2015 03 48087 2 2 5 60 6 18 01 10 282 20 250 3 0000 4 0000 5 0000 6 000 0 7 00 0 0 8 3 3 7 0 333 10 /// 58 000 6 000 0 7 0000 
07-AUG-2015 03 48092 2 2 4 50 8 19 03 10 280 20 250 3 0000 4 0037 5 0000 6 000 0 7 00 0 0 8 5 9 7 / 333 10 /// 58 005 6 000 0 7 0000 
07-AUG-2015 03 48093 3 2 5 58 7 23 01 10 290 20 259 3 0000 4 0000 5 0000 6 000 0 7 00 0 0 8 5 3 4 1 333 10 /// 58 000 6 000 0 7 0000 
07-AUG-2015 03 48094 2 1 4 56 8 00 00 10 250 20 250 3 0000 4 0055 5 0000 6 000 0 7 61 6 6 8 5 9 2 / 333 10 /// 58 012 6 000 0 7 0000 
07-AUG-2015 03 48095 2 2 4 58 7 00 00 10 280 20 268 3 0000 4 0000 5 0000 6 000 0 7 00 0 0 8 4 9 7 0 333 10 /// 58 000 6 000 0 7 0000 
07-AUG-2015 03 48097 2 2 5 57 7 21 01 10 280 20 259 3 0000 4 0064 5 0000 6 000 0 7 00 0 0 8 5 8 3 0 333 10 /// 59 000 6 000 0 7 0000 
07-AUG-2015 03 48099 2 1 4 40 7 13 02 10 270 20 240 3 0000 4 0042 5 0000 6 000 0 7 01 5 5 8 6 9 2 0 333 10 /// 59 008 6 000 0 7 0000 
07-AUG-2015 03 48101 2 2 4 57 8 27 02 10 273 20 256 3 0000 4 0000 5 0000 6 000 0 7 00 0 0 8 5 9 3 / 333 10 /// 58 000 6 000 0 7 0000 
07-AUG-2015 03 48103 2 1 4 56 7 22 02 10 283 20 250 3 0000 4 0059 5 0000 6 000 0 7 03 5 5 8 7 8 0 0 333 10 /// 58 008 6 000 0 7 0000 
07-AUG-2015 03 48107 2 1 3 30 8 00 00 10 260 20 246 3 0000 4 0067 5 0000 6 000 0 7 01 6 6 8 5 9 7 / 333 10 /// 58 003 6 000 0 7 0000 
07-AUG-2015 03 48108 2 1 4 95 8 05 02 10 260 20 246 3 0000 4 0074 5 0000 6 000 0 7 50 5 5 8 5 3 7 7 333 10 /// 58 006 6 000 0 7 0000 
07-AUG-2015 03 48109 2 2 4 97 7 23 02 10 288 20 259 3 0000 4 0063 5 0000 6 000 0 7 00 0 0 8 5 9 3 0 333 10 /// 59 005 6 000 0 7 0000 
07-AUG-2015 03 48110 2 1 4 95 8 32 02 10 245 20 237 3 0000 4 0080 5 0000 6 000 0 7 02 6 5 8 5 3 7 7 333 10 /// 58 004 6 000 0 7 0000 
07-AUG-2015 03 48112 2 2 5 97 8 18 01 10 275 20 256 3 0000 4 0080 5 0000 6 000 0 7 00 0 0 8 4 8 7 6 333 10 /// 59 017 6 000 0 7 0000 
