070000 48004 21110 80000 10253 20253 70365 8697/ 333 20221 56559 60042=
070000 48008 21456 80000 10268 20256 40028 75055 8497/ 333 20255 56559 58003 60032=
070000 48010 22440 80000 10260 20260 40020 887// 333 20248 56199 58001 60022=
070000 48018 21558 80000 10270 20270 40031 79596 8597/ 333 20260 56459 58009 60012=
070000 48019 32450 80000 10260 20260 40020 8577/ 333 20262 56459 58002 60002=
070000 48020 22240 80000 10260 20246 887// 333 20246 56499 48025 22010 73601 10266 20256 40019 85770 333 20234 56690 59036 60032=
070000 48035 21450 80000 10229 20214 40032 70396 8597/ 333 20221 56439 58009 60022=
070000 48037 21430 80000 10267 20267 40017 72162 8582/ 333 20257 56449 58004 60062=
070000 48042 22557 71801 10265 20251 40023 84850 333 20255 56440 58010=
070000 48048 21550 72201 10256 20246 40022 72050 85950 333 20250 56490 58006 60222=
070000 48051 22456 83601 10260 20260 70322 86920 333 20256 56490 60032=
070000 48053 21450 81801 10260 20246 40030 75055 8597/ 333 20250 56599 58013 60022=
070000 48060 32320 80000 10225 20217 40037 70322 8587/ 333 20216 5669/ 59004 60002=
070000 48062 32450 81301 10275 20270 40022 70222 85970 333 20250 56990 58001 60002=
070000 48071 21456 60000 10262 20262 40025 72162 84970 333 20250 56990 58000 60062=
070000 48075 32456 50000 10220 20205 40067 83530 333 56990 58012 60002=
070000 48077 32556 80000 10260 20246 40029 85931 333 20245 56499 58004 60002=
070000 48078 22550 61801 10256 20247 40055 84531 333 20245 56499 58015 69902=
070000 48080 22456 80402 10250 20233 40028 85970 333 20240 56590 58000 61042=
070000 48085 21357 81402 10256 20255 40033 70265 86970 333 20250 56790 58003 60022=
070000 48108 21493 81402 10240 20240 40059 70255 8632/ 333 20230 5669/ 59005 60132=
070000 48109 21496 82302 10272 20256 40049 75022 8697/ 333 20207 5699/ 59013 60032=
070000 48112 21597 82202 10255 20255 40074 70152 84876 333 20197 56599 59006 60142=
070000 48030 21/03 92201 10168 20168 74355 89/// 333 20162 56999 69902=
070000 48087 22550 60000 10270 20240 83871 333 20247 56999 60002=
070000 48099 21330 80000 10250 20233 40039 72165 8597/ 333 20240 5699/ 59006 60022=
070000 48101 21450 80000 10258 20258 70265 8597/ 333 20215 5659/ 60022=
070000 48103 21350 62202 10247 20233 40045 75055 85720 333 20242 56550 58006 60052=
070000 48057 21456 71402 10192 20192 70166 85951 333 20185 56599 60092=
070000 48094 22456 70000 10250 20250 40034 70322 85970 333 20195 56590 59001 60002=
070000 48097 22557 42401 10250 20250 40042 82831 333 20240 56999 59005 60002=
070000 48031 21/58 83201 10180 20180 888// 333 20176 56999=
070000 48033 22560 80000 10260 20246 40026 86970 333 20250 56490 59004 60142=
070000 48034 21356 80000 10210 20202 72065 8692/ 333 20205 5659/ 60052=
070000 48039 21456 80000 10270 20240 70355 889// 333 20269 56599 69902=
070000 48043 32520 80000 10210 20210 8587/ 333 20185 56999=
070000 48052 32450 50000 10275 20250 85900 333 20270 56900 60002=
070000 48055 21250 70000 10218 20215 40043 75065 84970 333 20208 56490 58014 60022=
070000 48064 32550 83601 10270 20256 40012 84831 333 20230 56449 58012 60002=
070000 48065 32450 40000 10265 20256 83501 333 20240 56409 60002=
070000 48074 32457 70000 10260 20246 40034 84750 333 20250 56440 58013 60002=
070000 48092 21456 60000 10254 20250 40018 70555 84940 333 20246 56390 59017 60012=
070000 48093 32450 62701 10262 20246 84870 333 20256 56390=
070000 48107 21330 82301 10240 20240 40058 76066 8477/ 333 5655/ 58004 60372=  48004 21110 80000 10253 20253 70365 8697/ 333 20221 56559 60042=
070000 48008 21456 80000 10268 20256 40028 75055 8497/ 333 20255 56559 58003 60032=
070000 48010 22440 80000 10260 20260 40020 887// 333 20248 56199 58001 60022=
070000 48018 21558 80000 10270 20270 40031 79596 8597/ 333 20260 56459 58009 60012=
070000 48019 32450 80000 10260 20260 40020 8577/ 333 20262 56459 58002 60002=
070000 48020 22240 80000 10260 20246 887// 333 20246 56499 48025 22010 73601 10266 20256 40019 85770 333 20234 56690 59036 60032=
070000 48035 21450 80000 10229 20214 40032 70396 8597/ 333 20221 56439 58009 60022=
070000 48037 21430 80000 10267 20267 40017 72162 8582/ 333 20257 56449 58004 60062=
070000 48042 22557 71801 10265 20251 40023 84850 333 20255 56440 58010=
070000 48048 21550 72201 10256 20246 40022 72050 85950 333 20250 56490 58006 60222=
070000 48051 22456 83601 10260 20260 70322 86920 333 20256 56490 60032=
070000 48053 21450 81801 10260 20246 40030 75055 8597/ 333 20250 56599 58013 60022=
070000 48060 32320 80000 10225 20217 40037 70322 8587/ 333 20216 5669/ 59004 60002=
070000 48062 32450 81301 10275 20270 40022 70222 85970 333 20250 56990 58001 60002=
070000 48071 21456 60000 10262 20262 40025 72162 84970 333 20250 56990 58000 60062=
070000 48075 32456 50000 10220 20205 40067 83530 333 56990 58012 60002=
070000 48077 32556 80000 10260 20246 40029 85931 333 20245 56499 58004 60002=
070000 48078 22550 61801 10256 20247 40055 84531 333 20245 56499 58015 69902=
070000 48080 22456 80402 10250 20233 40028 85970 333 20240 56590 58000 61042=
070000 48085 21357 81402 10256 20255 40033 70265 86970 333 20250 56790 58003 60022=
070000 48108 21493 81402 10240 20240 40059 70255 8632/ 333 20230 5669/ 59005 60132=
070000 48109 21496 82302 10272 20256 40049 75022 8697/ 333 20207 5699/ 59013 60032=
070000 48112 21597 82202 10255 20255 40074 70152 84876 333 20197 56599 59006 60142=
070000 48030 21/03 92201 10168 20168 74355 89/// 333 20162 56999 69902=
070000 48087 22550 60000 10270 20240 83871 333 20247 56999 60002=
070000 48099 21330 80000 10250 20233 40039 72165 8597/ 333 20240 5699/ 59006 60022=
070000 48101 21450 80000 10258 20258 70265 8597/ 333 20215 5659/ 60022=
070000 48103 21350 62202 10247 20233 40045 75055 85720 333 20242 56550 58006 60052=
070000 48057 21456 71402 10192 20192 70166 85951 333 20185 56599 60092=
070000 48094 22456 70000 10250 20250 40034 70322 85970 333 20195 56590 59001 60002=
070000 48097 22557 42401 10250 20250 40042 82831 333 20240 56999 59005 60002=
070000 48031 21/58 83201 10180 20180 888// 333 20176 56999=
070000 48033 22560 80000 10260 20246 40026 86970 333 20250 56490 59004 60142=
070000 48034 21356 80000 10210 20202 72065 8692/ 333 20205 5659/ 60052=
070000 48039 21456 80000 10270 20240 70355 889// 333 20269 56599 69902=
070000 48043 32520 80000 10210 20210 8587/ 333 20185 56999=
070000 48052 32450 50000 10275 20250 85900 333 20270 56900 60002=
070000 48055 21250 70000 10218 20215 40043 75065 84970 333 20208 56490 58014 60022=
070000 48065 32450 40000 10265 20256 83501 333 20240 56409 60002=
070000 48074 32457 70000 10260 20246 40034 84750 333 20250 56440 58013 60002=
070000 48092 21456 60000 10254 20250 40018 70555 84940 333 20246 56390 59017 60012=
070000 48093 32450 62701 10262 20246 84870 333 20256 56390=
070000 48107 21330 82301 10240 20240 40058 76066 8477/ 333 5655/ 58004 60372=  
