070600 48001 21430 81301 10275 20250 40042 75066 8477/ 333 56769 59009=
070600 48004 32460 60401 10304 20253 86900 333 56500=
070600 48008 31456 80000 10282 20268 40042 75065 8497/ 333 56459 58017=
070600 48010 32450 71801 10310 20274 40039 85870 333 56440 59002=
070600 48018 21557 80000 10265 20260 40045 70266 8597/ 333 56459 58017=
070600 48019 31458 73201 10310 20282 40039 75022 84770 333 56550 58022=
070600 48020 21250 80000 10260 20246 76165 88700 333 56400=
070600 48025 21230 81401 10290 20259 40043 70255 8577/ 333 56559 58013=
070600 48030 32256 80401 10208 20195 8684/ 333 56189=
070600 48033 32562 70000 10290 20259 40040 86930 333 56490 58013=
070600 48034 21350 71802 10230 20214 72065 87300 333 56500=
070600 48035 32560 70000 10275 20220 40035 85960 333 56790 58030=
070600 48037 32558 71801 10301 20268 40032 84870 333 56430 58024=
070600 48039 32460 61401 10311 20254 83102 333 56404=
070600 48042 32558 62201 10315 20254 40031 84906 333 56409 58021=
070600 48043 21540 81805 10240 20226 75055 8677/ 333 56999=
070600 48045 31430 91403 10228 20198 74544 89/// 333 56999=
070600 48048 32560 53201 10315 20265 40035 84850 333 56490 58016=
070600 48051 32559 61301 10314 20270 84930 333 56490=
070600 48052 32465 62201 10315 20248 85920 333 56990=
070600 48053 32458 62202 10320 20248 40032 84956 333 56599 58012=
070600 48055 21456 71301 10258 20229 40039 72055 85970 333 56490 58022=
070600 48057 32458 61402 10240 20191 85901 333 56309=
070600 48060 32350 40000 10285 20249 40017 83130 333 56690 58009=
070600 48062 21357 71802 10290 20270 40036 72055 85970 333 56490 58015=
070600 48064 32460 43201 10317 20265 40015 83801 333 56409 58002=
070600 48065 32560 30000 10330 20244 81101 333 56909=
070600 48071 32458 72703 10300 20266 40036 85970 333 56990 58010=
070600 48072 21458 81801 10260 20246 76065 86970 333 56590=
070600 48074 32461 61802 10320 20265 40040 83861 333 56449 58010=
070600 48075 21457 50901 10270 20226 40040 72055 84330 333 56590 58006=
070600 48077 32559 82301 10300 20253 40035 85931 333 56499 58010=
070600 48078 32559 41801 10310 20261 40048 83801 333 56409 58008=
070600 48080 32460 72208 10300 20266 40040 85870 333 56590 58017=
070600 48085 21457 83207 10260 20258 40047 75065 86970 333 56990 58012=
070600 48087 21458 82301 10280 20250 75055 8497/ 333 5649/=
070600 48092 32456 82305 10290 20259 40025 8597/ 333 5656/ 58003=
070600 48093 32558 82301 10301 20266 86370 333 56999=
070600 48094 21459 82201 10260 20260 40052 70366 8597/ 333 5659/ 58011=
070600 48095 32458 62203 10300 20266 83840 333 56990=
070600 48097 32557 82403 10300 20274 40050 8633/ 333 5699/ 58002=
070600 48099 32456 72303 10290 20248 40046 85930 333 56590 58004=
070600 48101 21458 82301 10267 20240 70255 8477/ 333 5699/=
070600 48103 32457 52202 10301 20253 40046 85800 333 56500 58007=
070600 48107 21330 82301 10250 20250 40064 76366 8597/ 333 5655/ 58004=  
070600 48109 32496 82303 10286 20248 40060 8697/ 333 5699/ 59013=
070600 48110 21495 83202 10250 20233 40081 75165 8632/ 333 5699/ 58005=
070600 48112 32597 82203 10290 20248 40080 83876 333 56599 59014=
