48001 21320 80000 10255 20250 40051 75055 8577/ 333 56749 59006=
48004 32458 60401 10278 20268 86900 333 56500=
48008 31456 80000 10277 20268 40048 70255 8497/ 333 56459 58014=
48010 22450 70000 10280 20268 40046 84871 333 56189 58021=
48018 21556 81401 10262 20246 40056 76296 8597/ 333 56999 58020=
48019 32460 73201 10295 20259 40042 84770 333 56450 58012=
48020 21250 80000 10270 20256 75055 88700 333 56400=
48025 21120 80000 10276 20268 40042 75055 8577/ 333 56599 58016=
48035 32560 70000 10257 20229 40038 85970 333 56590 58010=
48037 21556 81802 10280 20268 40040 70252 8587/ 333 56449 58012=
48042 21457 80000 10275 20262 40033 70355 8597/ 333 56449 58010=
48045 22450 71402 10210 20195 74044 85840 333 56590=
48048 22560 52201 10284 20250 40043 84850 333 56490 58016=
48051 22559 61801 10293 20260 70122 84930 333 56490=
48053 21456 71803 10280 20250 40046 70155 84856 333 56599 58011=
48060 32340 60000 10260 20246 40049 84930 333 56490 58026=
48062 32456 71802 10280 20270 40036 70122 85970 333 56490 58007=
48071 22458 62701 10285 20274 40038 85930 333 56990 58005=
48075 32456 70000 10240 20209 40062 85370 333 56590 58006=
48077 32559 80000 10280 20250 40040 85931 333 56499 58009=
48078 22557 61801 10277 20268 40058 84531 333 56499 59000=
48080 22459 70403 10280 20250 40041 85870 333 56590 58008=
48085 22458 72702 10279 20268 40048 84870 333 56990 58011=
48095 22458 70000 10280 20268 84970 333 56990=
48108 21495 80502 10260 20246 40074 75055 85377 333 56899 58006=
48109 22497 72302 10288 20259 40063 85930 333 56990 59005=
48110 21495 83202 10245 20237 40080 70265 85377 333 56599 58004=
48112 22597 81801 10275 20256 40080 84876 333 56499 59017=
48030 21130 80401 10182 20182 70244 8684/ 333 56189=
48072 22460 61302 10300 20266 84930 333 56590=
48087 22560 61801 10282 20250 83370 333 56490=
48099 21440 71302 10270 20240 40042 70155 86920 333 56590 59008=
48101 22457 82702 10273 20256 8593/ 333 5659/=
48103 21456 72202 10283 20250 40059 70355 87800 333 56500 58008=
48057 22458 61403 10210 20195 84901 333 56309=
48094 21456 80000 10250 20250 40055 76166 8592/ 333 5659/ 58012=
48097 22557 72101 10280 20259 40064 85830 333 56990 59000=
48031 21/06 91801 10200 20185 74744 89/// 333 56999=
48033 21558 80000 10250 20250 40042 75065 86970 333 56490 58020=
48034 21148 80000 10212 20212 76165 8692/ 333 5659/=
48039 22460 80000 10276 20256 889// 333 56599=
48043 22556 83202 10225 20214 8587/ 333 56999=
48052 32460 52201 10302 20253 85900 333 56900=
48055 22456 50000 10248 20219 40047 76255 84801 333 56409 58006=
48064 32456 63201 10289 20259 40019 84831 333 56449 58010=
48065 32960 32201 10290 20248 80001 333 56009=
48074 32459 61803 10280 20250 40053 84861 333 56449 59001=
48092 22450 81903 10280 20250 40037 8597/ 333 5649/ 58005=
48093 32558 72301 10290 20259 85341 333 56599=
48107 21330 80000 10260 20246 40067 70166 8597/ 333 5655/ 58003=  