07-AUG-2015 06 48001 2 1 4 30 8 13 01 10 275 20 250 3 0000 4 0042 5 0000 6 000 0 7 50 6 6 8 4 7 7 / 333 10 /// 59 009 6 000 0 7 0000 
07-AUG-2015 06 48004 3 2 4 60 6 04 01 10 304 20 253 3 0000 4 0000 5 0000 6 000 0 7 00 0 0 8 6 9 0 0 333 10 /// 58 000 6 000 0 7 0000 
07-AUG-2015 06 48008 3 1 4 56 8 00 00 10 282 20 268 3 0000 4 0042 5 0000 6 000 0 7 50 6 5 8 4 9 7 / 333 10 /// 58 017 6 000 0 7 0000 
07-AUG-2015 06 48010 3 2 4 50 7 18 01 10 310 20 274 3 0000 4 0039 5 0000 6 000 0 7 00 0 0 8 5 8 7 0 333 10 /// 59 002 6 000 0 7 0000 
07-AUG-2015 06 48018 2 1 5 57 8 00 00 10 265 20 260 3 0000 4 0045 5 0000 6 000 0 7 02 6 6 8 5 9 7 / 333 10 /// 58 017 6 000 0 7 0000 
07-AUG-2015 06 48019 3 1 4 58 7 32 01 10 310 20 282 3 0000 4 0039 5 0000 6 000 0 7 50 2 2 8 4 7 7 0 333 10 /// 58 022 6 000 0 7 0000 
07-AUG-2015 06 48020 2 1 2 50 8 00 00 10 260 20 246 3 0000 4 0000 5 0000 6 000 0 7 61 6 5 8 8 7 0 0 333 10 /// 58 000 6 000 0 7 0000 
07-AUG-2015 06 48025 2 1 2 30 8 14 01 10 290 20 259 3 0000 4 0043 5 0000 6 000 0 7 02 5 5 8 5 7 7 / 333 10 /// 58 013 6 000 0 7 0000 
07-AUG-2015 06 48030 3 2 2 56 8 04 01 10 208 20 195 3 0000 4 0000 5 0000 6 000 0 7 00 0 0 8 6 8 4 / 333 10 /// 58 000 6 000 0 7 0000 
07-AUG-2015 06 48033 3 2 5 62 7 00 00 10 290 20 259 3 0000 4 0040 5 0000 6 000 0 7 00 0 0 8 6 9 3 0 333 10 /// 58 013 6 000 0 7 0000 
07-AUG-2015 06 48034 2 1 3 50 7 18 02 10 230 20 214 3 0000 4 0000 5 0000 6 000 0 7 20 6 5 8 7 3 0 0 333 10 /// 58 000 6 000 0 7 0000 
07-AUG-2015 06 48035 3 2 5 60 7 00 00 10 275 20 220 3 0000 4 0035 5 0000 6 000 0 7 00 0 0 8 5 9 6 0 333 10 /// 58 030 6 000 0 7 0000 
07-AUG-2015 06 48037 3 2 5 58 7 18 01 10 301 20 268 3 0000 4 0032 5 0000 6 000 0 7 00 0 0 8 4 8 7 0 333 10 /// 58 024 6 000 0 7 0000 
07-AUG-2015 06 48039 3 2 4 60 6 14 01 10 311 20 254 3 0000 4 0000 5 0000 6 000 0 7 00 0 0 8 3 1 0 2 333 10 /// 58 000 6 000 0 7 0000 
07-AUG-2015 06 48042 3 2 5 58 6 22 01 10 315 20 254 3 0000 4 0031 5 0000 6 000 0 7 00 0 0 8 4 9 0 6 333 10 /// 58 021 6 000 0 7 0000 
07-AUG-2015 06 48043 2 1 5 40 8 18 05 10 240 20 226 3 0000 4 0000 5 0000 6 000 0 7 50 5 5 8 6 7 7 / 333 10 /// 58 000 6 000 0 7 0000 
07-AUG-2015 06 48045 3 1 4 30 9 14 03 10 228 20 198 3 0000 4 0000 5 0000 6 000 0 7 45 4 4 8 9 / / / 333 10 /// 58 000 6 000 0 7 0000 
07-AUG-2015 06 48048 3 2 5 60 5 32 01 10 315 20 265 3 0000 4 0035 5 0000 6 000 0 7 00 0 0 8 4 8 5 0 333 10 /// 58 016 6 000 0 7 0000 
07-AUG-2015 06 48051 3 2 5 59 6 13 01 10 314 20 270 3 0000 4 0000 5 0000 6 000 0 7 00 0 0 8 4 9 3 0 333 10 /// 58 000 6 000 0 7 0000 
07-AUG-2015 06 48052 3 2 4 65 6 22 01 10 315 20 248 3 0000 4 0000 5 0000 6 000 0 7 00 0 0 8 5 9 2 0 333 10 /// 58 000 6 000 0 7 0000 
07-AUG-2015 06 48053 3 2 4 58 6 22 02 10 320 20 248 3 0000 4 0032 5 0000 6 000 0 7 00 0 0 8 4 9 5 6 333 10 /// 58 012 6 000 0 7 0000 
07-AUG-2015 06 48055 2 1 4 56 7 13 01 10 258 20 229 3 0000 4 0039 5 0000 6 000 0 7 20 5 5 8 5 9 7 0 333 10 /// 58 022 6 000 0 7 0000 
07-AUG-2015 06 48057 3 2 4 58 6 14 02 10 240 20 191 3 0000 4 0000 5 0000 6 000 0 7 00 0 0 8 5 9 0 1 333 10 /// 58 000 6 000 0 7 0000 
07-AUG-2015 06 48060 3 2 3 50 4 00 00 10 285 20 249 3 0000 4 0017 5 0000 6 000 0 7 00 0 0 8 3 1 3 0 333 10 /// 58 009 6 000 0 7 0000 
07-AUG-2015 06 48062 2 1 3 57 7 18 02 10 290 20 270 3 0000 4 0036 5 0000 6 000 0 7 20 5 5 8 5 9 7 0 333 10 /// 58 015 6 000 0 7 0000 
07-AUG-2015 06 48064 3 2 4 60 4 32 01 10 317 20 265 3 0000 4 0015 5 0000 6 000 0 7 00 0 0 8 3 8 0 1 333 10 /// 58 002 6 000 0 7 0000 
07-AUG-2015 06 48065 3 2 5 60 3 00 00 10 330 20 244 3 0000 4 0000 5 0000 6 000 0 7 00 0 0 8 1 1 0 1 333 10 /// 58 000 6 000 0 7 0000 
07-AUG-2015 06 48071 3 2 4 58 7 27 03 10 300 20 266 3 0000 4 0036 5 0000 6 000 0 7 00 0 0 8 5 9 7 0 333 10 /// 58 010 6 000 0 7 0000 
07-AUG-2015 06 48072 2 1 4 58 8 18 01 10 260 20 246 3 0000 4 0000 5 0000 6 000 0 7 60 6 5 8 6 9 7 0 333 10 /// 58 000 6 000 0 7 0000 
07-AUG-2015 06 48074 3 2 4 61 6 18 02 10 320 20 265 3 0000 4 0040 5 0000 6 000 0 7 00 0 0 8 3 8 6 1 333 10 /// 58 010 6 000 0 7 0000 
07-AUG-2015 06 48075 2 1 4 57 5 09 01 10 270 20 226 3 0000 4 0040 5 0000 6 000 0 7 20 5 5 8 4 3 3 0 333 10 /// 58 006 6 000 0 7 0000 
07-AUG-2015 06 48077 3 2 5 59 8 23 01 10 300 20 253 3 0000 4 0035 5 0000 6 000 0 7 00 0 0 8 5 9 3 1 333 10 /// 58 010 6 000 0 7 0000 
07-AUG-2015 06 48078 3 2 5 59 4 18 01 10 310 20 261 3 0000 4 0048 5 0000 6 000 0 7 00 0 0 8 3 8 0 1 333 10 /// 58 008 6 000 0 7 0000 
07-AUG-2015 06 48080 3 2 4 60 7 22 08 10 300 20 266 3 0000 4 0040 5 0000 6 000 0 7 00 0 0 8 5 8 7 0 333 10 /// 58 017 6 000 0 7 0000 
07-AUG-2015 06 48085 2 1 4 57 8 32 07 10 260 20 258 3 0000 4 0047 5 0000 6 000 0 7 50 6 5 8 6 9 7 0 333 10 /// 58 012 6 000 0 7 0000 
07-AUG-2015 06 48087 2 1 4 58 8 23 01 10 280 20 250 3 0000 4 0000 5 0000 6 000 0 7 50 5 5 8 4 9 7 / 333 10 /// 58 000 6 000 0 7 0000 
07-AUG-2015 06 48092 3 2 4 56 8 23 05 10 290 20 259 3 0000 4 0025 5 0000 6 000 0 7 00 0 0 8 5 9 7 / 333 10 /// 58 003 6 000 0 7 0000 
07-AUG-2015 06 48093 3 2 5 58 8 23 01 10 301 20 266 3 0000 4 0000 5 0000 6 000 0 7 00 0 0 8 6 3 7 0 333 10 /// 58 000 6 000 0 7 0000 
07-AUG-2015 06 48094 2 1 4 59 8 22 01 10 260 20 260 3 0000 4 0052 5 0000 6 000 0 7 03 6 6 8 5 9 7 / 333 10 /// 58 011 6 000 0 7 0000 
07-AUG-2015 06 48095 3 2 4 58 6 22 03 10 300 20 266 3 0000 4 0000 5 0000 6 000 0 7 00 0 0 8 3 8 4 0 333 10 /// 58 000 6 000 0 7 0000 
07-AUG-2015 06 48097 3 2 5 57 8 24 03 10 300 20 274 3 0000 4 0050 5 0000 6 000 0 7 00 0 0 8 6 3 3 / 333 10 /// 58 002 6 000 0 7 0000 
07-AUG-2015 06 48099 3 2 4 56 7 23 03 10 290 20 248 3 0000 4 0046 5 0000 6 000 0 7 00 0 0 8 5 9 3 0 333 10 /// 58 004 6 000 0 7 0000 
07-AUG-2015 06 48101 2 1 4 58 8 23 01 10 267 20 240 3 0000 4 0000 5 0000 6 000 0 7 02 5 5 8 4 7 7 / 333 10 /// 58 000 6 000 0 7 0000 
07-AUG-2015 06 48103 3 2 4 57 5 22 02 10 301 20 253 3 0000 4 0046 5 0000 6 000 0 7 00 0 0 8 5 8 0 0 333 10 /// 58 007 6 000 0 7 0000 
07-AUG-2015 06 48107 2 1 3 30 8 23 01 10 250 20 250 3 0000 4 0064 5 0000 6 000 0 7 63 6 6 8 5 9 7 / 333 10 /// 58 004 6 000 0 7 0000 
07-AUG-2015 06 48109 3 2 4 96 8 23 03 10 286 20 248 3 0000 4 0060 5 0000 6 000 0 7 00 0 0 8 6 9 7 / 333 10 /// 59 013 6 000 0 7 0000 
07-AUG-2015 06 48110 2 1 4 95 8 32 02 10 250 20 233 3 0000 4 0081 5 0000 6 000 0 7 51 6 5 8 6 3 2 / 333 10 /// 58 005 6 000 0 7 0000 
07-AUG-2015 06 48112 3 2 5 97 8 22 03 10 290 20 248 3 0000 4 0080 5 0000 6 000 0 7 00 0 0 8 3 8 7 6 333 10 /// 59 014 6 000 0 7 0000 
