070600 48001 32556 40901 10160 20144 82120 333 56220 58018=
070600 48004 32562 23201 10224 20136 70111 82800 333 56500=
070600 48008 32457 70000 10220 20156 40172 84970 333 56450 59005=
070600 48010 32560 20000 10230 20163 40178 81430 333 56940 58000=
070600 48018 32557 81401 10200 20168 40178 8487/ 333 56439 58002=
070600 48019 32457 80403 10198 20168 40175 85770 333 56450 58004=
070600 48020 32358 20402 10240 20174 82200 333 56400=
070600 48025 31440 43601 10240 20174 40185 70144 84800 333 56500 58003=
070600 48031 32258 81401 10175 20108 888// 333 56400=
070600 48033 32563 63601 10230 20181 40166 86900 333 56700 58013=
070600 48034 32456 60180 10201 20130 86300 333 56500=
070600 48035 31560 62202 10222 20136 40150 70522 84960 333 56490 58001=
070600 48037 32960 03201 10260 20179 40163 333 58004=
070600 48039 32958 22201 10265 20203 80002 333 56009=
070600 48042 32557 12201 10270 20191 40158 81100 333 56900 58005=
070600 48043 32556 40000 10185 20139 82420 333 56600=
070600 48045 32557 62304 10170 20135 86600 333 56600=
070600 48048 32560 23601 10270 20172 40166 82800 333 56900 58010=
070600 48051 32959 03601 10266 20190 70200 333 56000=
070600 48052 32958 02703 10280 20184 333=
070600 48053 32956 03602 10260 20179 40162 333 59000=
070600 48055 32556 40903 10225 20168 40144 70344 84300 333 56500 59020=
070600 48057 32458 41403 10210 20120 84300 333 56500=
070600 48060 32440 60401 10190 20139 40200 84870 333 56660 58016=
070600 48062 32957 00902 10280 20230 40151 333 58005=
070600 48064 32960 01401 10256 20203 40149 333 58017=
070600 48065 32957 03201 10274 20172 333=
070600 48071 32460 13203 10280 20203 40150 81200 333 56700 58011=
070600 48072 32460 10401 10300 20185 70122 81200 333 56900=
070600 48074 32558 20403 10270 20191 40158 82500 333 56900 58015=
070600 48075 32457 50000 10235 20158 40149 70222 84830 333 56390 58005=
070600 48077 32559 50401 10288 20179 40154 83801 333 56909 58013=
070600 48078 32557 43202 10272 20201 40156 83801 333 56509 58013=
070600 48080 32462 40401 10322 20248 40142 83830 333 56490 58005=
070600 48085 32458 43203 10310 20225 40135 70100 81306 333 56709 58007=
070600 48087 32960 20404 10293 20179 70110 80001 333 56009=
070600 48092 32557 40401 10310 20214 40134 82406 333 56909 58021=
070600 48093 32658 31401 10323 20236 70111 82101 333 56109=
070600 48094 32460 40403 10315 20200 40144 82540 333 56690 58009=
070600 48095 32458 50402 10280 20203 86302 333 56909=
070600 48096 32959 43405 10310 20225 40143 80042 333 56099 58009=  
070600 48097 32557 41201 10315 20220 40141 70211 83802 333 56909 58001=
070600 48099 32456 63202 10326 20234 40129 84802 333 56709 58004=
070600 48101 32960 50902 10315 20236 70122 80005 333 56009=
070600 48103 32457 40403 10322 20215 40133 84800 333 56100 58008=
070600 48107 32350 40902 10320 20248 40123 84900 333 56100 58016=
070600 48108 32596 50504 10335 20230 40126 82536 333 56999 58005=
070600 48110 31596 21304 10335 20250 40124 70511 81206 333 56209 58006=
070600 48112 32596 80412 10325 20239 40112 70222 83876 333 56199 58000=
