07-DEC-2015 06 48001 3 2 5 56 4 09 01 10 160 20 144 3 0000 4 0000 5 0000 6 000 0 7 00 0 0 8 2 1 2 0 333 10 /// 58 018 6 000 0 7 0000 
07-DEC-2015 06 48004 3 2 5 62 2 32 01 10 224 20 136 3 0000 4 0000 5 0000 6 000 0 7 01 1 1 8 2 8 0 0 333 10 /// 58 000 6 000 0 7 0000 
07-DEC-2015 06 48008 3 2 4 57 7 00 00 10 220 20 156 3 0000 4 0172 5 0000 6 000 0 7 00 0 0 8 4 9 7 0 333 10 /// 59 005 6 000 0 7 0000 
07-DEC-2015 06 48010 3 2 5 60 2 00 00 10 230 20 163 3 0000 4 0178 5 0000 6 000 0 7 00 0 0 8 1 4 3 0 333 10 /// 58 000 6 000 0 7 0000 
07-DEC-2015 06 48018 3 2 5 57 8 14 01 10 200 20 168 3 0000 4 0178 5 0000 6 000 0 7 00 0 0 8 4 8 7 / 333 10 /// 58 002 6 000 0 7 0000 
07-DEC-2015 06 48019 3 2 4 57 8 04 03 10 198 20 168 3 0000 4 0175 5 0000 6 000 0 7 00 0 0 8 5 7 7 0 333 10 /// 58 004 6 000 0 7 0000 
07-DEC-2015 06 48020 3 2 3 58 2 04 02 10 240 20 174 3 0000 4 0000 5 0000 6 000 0 7 00 0 0 8 2 2 0 0 333 10 /// 58 000 6 000 0 7 0000 
07-DEC-2015 06 48025 3 1 4 40 4 36 01 10 240 20 174 3 0000 4 0185 5 0000 6 000 0 7 01 4 4 8 4 8 0 0 333 10 /// 58 003 6 000 0 7 0000 
07-DEC-2015 06 48031 3 2 2 58 8 14 01 10 175 20 108 3 0000 4 0000 5 0000 6 000 0 7 00 0 0 8 8 8 / / 333 10 /// 58 000 6 000 0 7 0000 
07-DEC-2015 06 48033 3 2 5 63 6 36 01 10 230 20 181 3 0000 4 0166 5 0000 6 000 0 7 00 0 0 8 6 9 0 0 333 10 /// 58 013 6 000 0 7 0000 
07-DEC-2015 06 48034 3 2 4 56 6 01 80 10 201 20 130 3 0000 4 0000 5 0000 6 000 0 7 00 0 0 8 6 3 0 0 333 10 /// 58 000 6 000 0 7 0000 
07-DEC-2015 06 48035 3 1 5 60 6 22 02 10 222 20 136 3 0000 4 0150 5 0000 6 000 0 7 05 2 2 8 4 9 6 0 333 10 /// 58 001 6 000 0 7 0000 
07-DEC-2015 06 48037 3 2 9 60 0 32 01 10 260 20 179 3 0000 4 0163 5 0000 6 000 0 7 00 0 0 8 0 0 0 0 333 10 /// 58 004 6 000 0 7 0000 
07-DEC-2015 06 48039 3 2 9 58 2 22 01 10 265 20 203 3 0000 4 0000 5 0000 6 000 0 7 00 0 0 8 0 0 0 2 333 10 /// 58 000 6 000 0 7 0000 
07-DEC-2015 06 48042 3 2 5 57 1 22 01 10 270 20 191 3 0000 4 0158 5 0000 6 000 0 7 00 0 0 8 1 1 0 0 333 10 /// 58 005 6 000 0 7 0000 
07-DEC-2015 06 48043 3 2 5 56 4 00 00 10 185 20 139 3 0000 4 0000 5 0000 6 000 0 7 00 0 0 8 2 4 2 0 333 10 /// 58 000 6 000 0 7 0000 
07-DEC-2015 06 48045 3 2 5 57 6 23 04 10 170 20 135 3 0000 4 0000 5 0000 6 000 0 7 00 0 0 8 6 6 0 0 333 10 /// 58 000 6 000 0 7 0000 
07-DEC-2015 06 48048 3 2 5 60 2 36 01 10 270 20 172 3 0000 4 0166 5 0000 6 000 0 7 00 0 0 8 2 8 0 0 333 10 /// 58 010 6 000 0 7 0000 
07-DEC-2015 06 48051 3 2 9 59 0 36 01 10 266 20 190 3 0000 4 0000 5 0000 6 000 0 7 02 0 0 8 0 0 0 0 333 10 /// 58 000 6 000 0 7 0000 
07-DEC-2015 06 48052 3 2 9 58 0 27 03 10 280 20 184 3 0000 4 0000 5 0000 6 000 0 7 00 0 0 8 0 0 0 0 333 10 /// 58 000 6 000 0 7 0000 
07-DEC-2015 06 48053 3 2 9 56 0 36 02 10 260 20 179 3 0000 4 0162 5 0000 6 000 0 7 00 0 0 8 0 0 0 0 333 10 /// 59 000 6 000 0 7 0000 
07-DEC-2015 06 48055 3 2 5 56 4 09 03 10 225 20 168 3 0000 4 0144 5 0000 6 000 0 7 03 4 4 8 4 3 0 0 333 10 /// 59 020 6 000 0 7 0000 
07-DEC-2015 06 48057 3 2 4 58 4 14 03 10 210 20 120 3 0000 4 0000 5 0000 6 000 0 7 00 0 0 8 4 3 0 0 333 10 /// 58 000 6 000 0 7 0000 
07-DEC-2015 06 48060 3 2 4 40 6 04 01 10 190 20 139 3 0000 4 0200 5 0000 6 000 0 7 00 0 0 8 4 8 7 0 333 10 /// 58 016 6 000 0 7 0000 
07-DEC-2015 06 48062 3 2 9 57 0 09 02 10 280 20 230 3 0000 4 0151 5 0000 6 000 0 7 00 0 0 8 0 0 0 0 333 10 /// 58 005 6 000 0 7 0000 
07-DEC-2015 06 48064 3 2 9 60 0 14 01 10 256 20 203 3 0000 4 0149 5 0000 6 000 0 7 00 0 0 8 0 0 0 0 333 10 /// 58 017 6 000 0 7 0000 
07-DEC-2015 06 48065 3 2 9 57 0 32 01 10 274 20 172 3 0000 4 0000 5 0000 6 000 0 7 00 0 0 8 0 0 0 0 333 10 /// 58 000 6 000 0 7 0000 
07-DEC-2015 06 48071 3 2 4 60 1 32 03 10 280 20 203 3 0000 4 0150 5 0000 6 000 0 7 00 0 0 8 1 2 0 0 333 10 /// 58 011 6 000 0 7 0000 
07-DEC-2015 06 48072 3 2 4 60 1 04 01 10 300 20 185 3 0000 4 0000 5 0000 6 000 0 7 01 2 2 8 1 2 0 0 333 10 /// 58 000 6 000 0 7 0000 
07-DEC-2015 06 48074 3 2 5 58 2 04 03 10 270 20 191 3 0000 4 0158 5 0000 6 000 0 7 00 0 0 8 2 5 0 0 333 10 /// 58 015 6 000 0 7 0000 
07-DEC-2015 06 48075 3 2 4 57 5 00 00 10 235 20 158 3 0000 4 0149 5 0000 6 000 0 7 02 2 2 8 4 8 3 0 333 10 /// 58 005 6 000 0 7 0000 
07-DEC-2015 06 48077 3 2 5 59 5 04 01 10 288 20 179 3 0000 4 0154 5 0000 6 000 0 7 00 0 0 8 3 8 0 1 333 10 /// 58 013 6 000 0 7 0000 
07-DEC-2015 06 48078 3 2 5 57 4 32 02 10 272 20 201 3 0000 4 0156 5 0000 6 000 0 7 00 0 0 8 3 8 0 1 333 10 /// 58 013 6 000 0 7 0000 
07-DEC-2015 06 48080 3 2 4 62 4 04 01 10 322 20 248 3 0000 4 0142 5 0000 6 000 0 7 00 0 0 8 3 8 3 0 333 10 /// 58 005 6 000 0 7 0000 
07-DEC-2015 06 48085 3 2 4 58 4 32 03 10 310 20 225 3 0000 4 0135 5 0000 6 000 0 7 01 0 0 8 1 3 0 6 333 10 /// 58 007 6 000 0 7 0000 
07-DEC-2015 06 48087 3 2 9 60 2 04 04 10 293 20 179 3 0000 4 0000 5 0000 6 000 0 7 01 1 0 8 0 0 0 1 333 10 /// 58 000 6 000 0 7 0000 
07-DEC-2015 06 48092 3 2 5 57 4 04 01 10 310 20 214 3 0000 4 0134 5 0000 6 000 0 7 00 0 0 8 2 4 0 6 333 10 /// 58 021 6 000 0 7 0000 
07-DEC-2015 06 48093 3 2 6 58 3 14 01 10 323 20 236 3 0000 4 0000 5 0000 6 000 0 7 01 1 1 8 2 1 0 1 333 10 /// 58 000 6 000 0 7 0000 
07-DEC-2015 06 48094 3 2 4 60 4 04 03 10 315 20 200 3 0000 4 0144 5 0000 6 000 0 7 00 0 0 8 2 5 4 0 333 10 /// 58 009 6 000 0 7 0000 
07-DEC-2015 06 48095 3 2 4 58 5 04 02 10 280 20 203 3 0000 4 0000 5 0000 6 000 0 7 00 0 0 8 6 3 0 2 333 10 /// 58 000 6 000 0 7 0000 
07-DEC-2015 06 48096 3 2 9 59 4 34 05 10 310 20 225 3 0000 4 0143 5 0000 6 000 0 7 00 0 0 8 0 0 4 2 333 10 /// 58 009 6 000 0 7 0000 
07-DEC-2015 06 48097 3 2 5 57 4 12 01 10 315 20 220 3 0000 4 0141 5 0000 6 000 0 7 02 1 1 8 3 8 0 2 333 10 /// 58 001 6 000 0 7 0000 
07-DEC-2015 06 48099 3 2 4 56 6 32 02 10 326 20 234 3 0000 4 0129 5 0000 6 000 0 7 00 0 0 8 4 8 0 2 333 10 /// 58 004 6 000 0 7 0000 
07-DEC-2015 06 48101 3 2 9 60 5 09 02 10 315 20 236 3 0000 4 0000 5 0000 6 000 0 7 01 2 2 8 0 0 0 5 333 10 /// 58 000 6 000 0 7 0000 
07-DEC-2015 06 48103 3 2 4 57 4 04 03 10 322 20 215 3 0000 4 0133 5 0000 6 000 0 7 00 0 0 8 4 8 0 0 333 10 /// 58 008 6 000 0 7 0000 
07-DEC-2015 06 48107 3 2 3 50 4 09 02 10 320 20 248 3 0000 4 0123 5 0000 6 000 0 7 00 0 0 8 4 9 0 0 333 10 /// 58 016 6 000 0 7 0000 
07-DEC-2015 06 48108 3 2 5 96 5 05 04 10 335 20 230 3 0000 4 0126 5 0000 6 000 0 7 00 0 0 8 2 5 3 6 333 10 /// 58 005 6 000 0 7 0000 
07-DEC-2015 06 48110 3 1 5 96 2 13 04 10 335 20 250 3 0000 4 0124 5 0000 6 000 0 7 05 1 1 8 1 2 0 6 333 10 /// 58 006 6 000 0 7 0000 
07-DEC-2015 06 48112 3 2 5 96 8 04 12 10 325 20 239 3 0000 4 0112 5 0000 6 000 0 7 02 2 2 8 3 8 7 6 333 10 /// 58 000 6 000 0 7 0000 
