070300 48001 31903 90000 10116 20115 40212 74744 89/// 333 56999 58014=
070300 48004 32562 30401 10152 20134 70121 83800 333 56500=
070300 48008 32458 13201 10185 20139 40189 81100 333 56400 59009=
070300 48010 31530 10000 10148 20134 40198 74044 81400 333 56800 59002=
070300 48018 32557 80000 10170 20154 40184 70322 8487/ 333 56439 58009=
070300 48019 32457 80402 10171 20154 40183 8577/ 333 56459 58006=
070300 48020 32340 70402 10180 20165 87800 333 56400=
070300 48025 31005 83201 10190 20175 40193 74544 886// 333 56999 58001=
070300 48030 31/05 92202 10074 20074 74344 89/// 333 56999=
070300 48031 32258 41801 10150 20092 84800 333 56400=
070300 48033 32562 60000 10210 20160 40157 70222 84870 333 56660 59014=
070300 48034 32456 80000 10128 20113 8692/ 333 5659/=
070300 48035 31450 80000 10167 20135 40176 70522 8597/ 333 56329 59030=
070300 48037 32550 53201 10210 20175 40174 70322 83130 333 56660 59003=
070300 48039 31450 30000 10212 20175 74044 81102 333 56509=
070300 48042 31930 00000 10215 20180 40171 71000 333 59002=
070300 48043 32556 10000 10150 20134 81200 333 56500=
070300 48045 32557 32302 10125 20113 83800 333 56500=
070300 48048 32960 00000 10205 20175 40184 333 58011=
070300 48051 32558 03601 10206 20200 70100 333=
070300 48052 32956 03601 10212 20175 70222 80000 333 56000=
070300 48053 32950 03602 10200 20168 40182 333 58008=
070300 48055 31448 61802 10157 20139 40198 71044 85830 333 56550 59009=
070300 48057 32456 31402 10188 20159 83800 333 56400=
070300 48060 31/10 90000 10138 20124 40237 71044 333 58008=
070300 48062 32456 20402 10210 20200 40163 82500 333 56900 58011=
070300 48064 32956 01401 10194 20175 40176 70222 80000 333 56000 58011=
070300 48065 32956 03201 10210 20175 70222 80000 333 56000=
070300 48071 32958 03202 10248 20205 40159 58004=
070300 48072 31459 10000 10255 20203 70522 81200 333 56600=
070300 48074 32558 20404 10210 20175 40177 81101 333 56909 58002=
070300 48075 31457 60000 10190 20159 40187 70244 86800 333 56500 59007=
070300 48077 32559 50401 10230 20181 40170 83801 333 56909 58013=
070300 48078 32550 53201 10222 20185 40172 84501 333 56509 58003=
070300 48080 32459 40402 10221 20185 40153 84200 333 56400 58006=
070300 48085 32458 60000 10242 20209 40151 70122 84836 333 56799 58007=
070300 48087 32960 20403 10232 20181 80001 333 56009=
070300 48092 31556 43201 10260 20215 40149 70522 82501 333 56909 58010=
070300 48093 32658 60401 10272 20226 70322 84841 333 56199=
070300 48094 32459 50402 10260 20200 40159 70322 84940 333 56890 58012=
070300 48095 32458 60404 10240 20191 84602 333 56909=
070300 48096 32458 63504 10260 20203 40165 82842 333 56999 58007=  
070300 48097 32557 60502 10260 20209 40161 83831 333 56999 58007=
070300 48099 32450 50401 10282 20220 40157 83831 333 56199 58012=
070300 48101 32658 60402 10260 20203 70322 83721 333 56999=
070300 48103 32456 40405 10278 20230 40158 84800 333 56100 58011=
070300 48107 31350 60401 10280 20233 40132 7//44 84970 333 56110 58005=
070300 48108 32596 41401 10300 20239 40150 82406 333 56909 58013=
070300 48109 22497 80904 10285 20259 40152 8697/ 333 5699/ 58010=
070300 48110 31996 21303 10295 20242 40146 70511 80006 333 56009 58012=
070300 48112 32597 80409 10290 20259 40128 70222 83876 333 56199 58006=
