070900 48001 32440 73201 10225 20143 40124 84770 333 56430 59018=
070900 48004 32560 30401 10262 20160 83800 333 56500=
070900 48008 32557 41801 10270 20154 40125 82230 333 56440 59007=
070900 48010 32560 21801 10285 20146 40120 82100 333 56900 59016=
070900 48018 32560 50401 10287 20146 40131 83870 333 56560 59010=
070900 48019 32560 20401 10272 20172 40118 80002 333 56006 59014=
070900 48025 32458 62701 10273 20113 40118 83541 333 56550 59014=
070900 48030 32256 52204 10200 20085 81556 333 56569=
070900 48031 31060 61805 10205 20033 70522 80006 333 56004=
070900 48033 32563 41801 10310 20124 40095 84800 333 56900 59037=
070900 48034 32457 42303 10245 20029 84500 333 56500=
070900 48035 31558 42203 10257 29018 40085 70500 83801 333 56909 59028=
070900 48037 32658 73601 10337 20126 40117 82171 333 56559 59006=
070900 48039 32959 51401 10290 20115 80002 333 56005=
070900 48042 32557 42201 10307 20146 40111 81106 333 56909 59001=
070900 48043 32057 21806 10240 20114 80002 333 56009=
070900 48045 32960 61403 10222 20065 80006 333 56005=
070900 48048 32560 50401 10315 20140 40112 84850 333 56490 59022=
070900 48051 32559 33601 10300 20120 70211 81206 333 56909=
070900 48052 32470 43201 10340 20125 83801 333 56909=
070900 48053 32550 71801 10320 20140 40103 83556 333 56599 59016=
070900 48055 32556 72303 10270 20133 40085 83506 333 56509 58007=
070900 48057 32457 61403 10220 20065 83506 333 56409=
070900 48060 32950 30402 10265 20108 40100 80006 333 56009 59013=
070900 48062 31450 73206 10275 20220 40127 71022 84970 333 56590 59013=
070900 48064 32970 31401 10308 20203 40085 80006 333 56009 59019=
070900 48065 32970 10000 10314 20124 80001 333 56009=
070900 48071 32460 43203 10270 20172 40133 84200 333 56900 59005=
070900 48072 32459 53204 10285 20196 70322 83830 333 56590=
070900 48074 32559 61401 10320 20163 40119 81506 333 56404 59016=
070900 48075 31560 52202 10275 20130 40104 70522 84808 333 56509 59009=
070900 48077 31558 50000 10330 20106 40107 70522 83801 333 56909 59005=
070900 48078 32556 41401 10338 20145 40112 82502 333 56909 59015=
070900 48080 32460 42204 10305 20263 40123 82846 333 56699 58003=
070900 48085 32958 23203 10294 20159 40121 80006 333 56009 59007=
070900 48087 32960 10000 10336 20145 80001 333 56009=
070900 48092 32458 32303 10330 20139 40095 70322 83800 333 56900 59005=
070900 48093 32657 40401 10324 20184 83801 333 56109=
070900 48094 32560 33203 10325 20200 40124 82540 333 56990 59002=
070900 48095 32960 33201 10345 20184 80002 333 56009=
070900 48097 32557 53302 10335 20148 40126 70321 85800 333 56900 58008=
070900 48099 32557 43202 10336 20164 40107 84800 333 56500 59011=
070900 48101 32960 20000 10320 20200 70111 80005 333 56009=
070900 48103 32556 62201 10335 20257 40115 86800 333 56500 59003=
070900 48107 32950 22302 10325 20172 40109 80006 333 56009 59005=  
070900 48108 32596 63210 10335 20188 40116 83807 333 56709 59002=
070900 48109 32597 10401 10309 20237 40125 70322 81500 333 56900 59018=
070900 48110 31596 53204 10340 20184 40113 70522 83306 333 56209 59001=
070900 48112 32598 60408 10310 20206 40112 70222 82216 333 56199 58000=
