071200 48004 32456 40000 10220 20185 84800 333 10265 56500=
071200 48008 32557 32301 10245 20167 40122 82430 333 10280 56450 59008=
071200 48010 32550 30000 10240 20191 40112 80031 333 10295 56055 59020=
071200 48018 32558 71401 10240 20155 40134 84870 333 10287 56550 59002=
071200 48019 32450 50000 10233 20198 40119 80066 333 10281 56066 59008=
071200 48020 31340 70000 10240 20174 70500 80002 333 10280 56009=
071200 48025 32458 63201 10264 20119 40115 83841 333 10286 56559 59011=
071200 48035 31550 60000 10206 20120 40109 70511 84961 333 10259 56599 59007=
071200 48037 32520 60000 10280 20188 40122 82171 333 10328 56559 58002=
071200 48042 32557 50000 10275 20156 40110 82456 333 10325 56959 59001=
071200 48045 32557 61402 10190 20072 80006 333 10230 56005=
071200 48048 32550 40401 10266 20154 40109 84800 333 10320 56400 59012=
071200 48051 32559 40402 10240 20120 70322 82231 333 10310 56699=
071200 48053 32950 50000 10270 20133 40098 80056 333 10325 56099 59012=
071200 48062 31450 73207 10255 20230 40123 71022 85490 333 10280 56590 59011=
071200 48071 32456 53201 10250 20167 40130 84830 333 10273 56990 59008=
071200 48075 31456 52201 10230 20120 40119 70522 83840 333 10280 56590 59003=
071200 48077 31556 50000 10280 20098 40105 70522 83801 333 10332 56909 59005=
071200 48078 32550 50901 10300 20185 40118 81531 333 10342 56699 58003=
071200 48080 32458 43202 10260 20229 40132 82546 333 10310 56699 59005=
071200 48085 32958 23604 10260 20119 40126 80006 333 10297 56005 59003=
071200 48095 32956 30000 10295 20230 80002 333 10347 56009=
071200 48108 32596 53201 10285 20200 40118 82406 333 10345 56909 59005=
071200 48109 32996 10000 10275 20220 40130 70222 80001 333 10327 56009 59002=
071200 48110 31596 40000 10295 20210 40113 70522 82306 333 10340 56209 59005=
071200 48112 32598 60405 10280 20184 40117 70222 82216 333 10326 56199 58005=
071200 48030 32256 72201 10157 20028 80056 333 10215 56069=
071200 48072 32457 23201 10255 20179 70122 82302 333 10295 56900=
071200 48087 32940 10000 10262 20203 80001 333 10340 56009=
071200 48099 32440 62303 10290 20196 40112 84831 333 10340 56559 59006=
071200 48101 32956 20000 10282 20220 70222 80005 333 10327 56009=
071200 48103 32540 60000 10292 20248 40121 86500 333 10347 56500 58002=
071200 48057 32450 52201 10184 20056 81506 333 10230 56909=
071200 48094 32556 33201 10270 20190 40125 81541 333 10332 56999 58000=
071200 48097 32556 52301 10275 20178 40131 70222 82501 333 10340 56909 58003=
071200 48031 31250 80901 10170 20014 70522 80036 333 10208 56099=
071200 48033 32962 60000 10280 20158 40108 80006 333 10313 56006 59007=
071200 48034 32456 60000 10188 20096 82500 333 10250 56500=
071200 48039 32459 70401 10262 20138 83402 333 10309 56707=
071200 48043 32910 40000 10185 20118 80006 333 10240 56009=
071200 48052 32450 50000 10288 20159 83830 333 10340 56990=
071200 48055 32556 70902 10216 20173 40110 84506 333 10279 56509 59004=
071200 48064 32950 40901 10250 20167 40098 80036 333 10317 56049 59010=
071200 48065 32950 30000 10250 20150 80006 333 10318 56009=
071200 48074 32456 70000 10280 20184 40112 82506 333 10326 56404 59012=
071200 48092 31456 30000 10300 20158 40098 70522 81406 333 10335 56909 59011=
071200 48093 32530 33201 10297 20185 82801 333 10333 56309=
071200 48107 32940 20000 10274 20191 40116 80006 333 10338 56009 59002=  48001 NIL=
071200 48004 32456 40000 10220 20185 84800 333 10265 56500=
071200 48008 32557 32301 10245 20167 40122 82430 333 10280 56450 59008=
071200 48010 32550 30000 10240 20191 40112 80031 333 10295 56055 59020=
071200 48018 32558 71401 10240 20155 40134 84870 333 10287 56550 59002=
071200 48019 32450 50000 10233 20198 40119 80066 333 10281 56066 59008=
071200 48020 31340 70000 10240 20174 70500 80002 333 10280 56009=
071200 48025 32458 63201 10264 20119 40115 83841 333 10286 56559 59011=
071200 48030 32256 72201 10157 20028 80056 333 10215 56069=
071200 48031 31250 80901 10170 20014 70522 80036 333 10208 56099=
071200 48033 32962 60000 10280 20158 40108 80006 333 10313 56006 59007=
071200 48034 32456 60000 10188 20096 82500 333 10250 56500=
071200 48035 31550 60000 10206 20120 40109 70511 84961 333 10259 56599 59007=
071200 48037 32520 60000 10280 20188 40122 82171 333 10328 56559 58002=
071200 48039 32459 70401 10262 20138 83402 333 10309 56707=
071200 48042 32557 50000 10275 20156 40110 82456 333 10325 56959 59001=
071200 48043 32910 40000 10185 20118 80006 333 10240 56009=
071200 48045 32557 61402 10190 20072 80006 333 10230 56005=
071200 48048 32550 40401 10266 20154 40109 84800 333 10320 56400 59012=
071200 48051 32559 40402 10240 20120 70322 82231 333 10310 56699=
071200 48052 32450 50000 10288 20159 83830 333 10340 56990=
071200 48053 32950 50000 10270 20133 40098 80056 333 10325 56099 59012=
071200 48055 32556 70902 10216 20173 40110 84506 333 10279 56509 59004=
071200 48057 32450 52201 10184 20056 81506 333 10230 56909=
071200 48062 31450 73207 10255 20230 40123 71022 85490 333 10280 56590 59011=
071200 48064 32950 40901 10250 20167 40098 80036 333 10317 56049 59010=
071200 48065 32950 30000 10250 20150 80006 333 10318 56009=
071200 48071 32456 53201 10250 20167 40130 84830 333 10273 56990 59008=
071200 48072 32457 23201 10255 20179 70122 82302 333 10295 56900=
071200 48074 32456 70000 10280 20184 40112 82506 333 10326 56404 59012=
071200 48075 31456 52201 10230 20120 40119 70522 83840 333 10280 56590 59003=
071200 48077 31556 50000 10280 20098 40105 70522 83801 333 10332 56909 59005=
071200 48078 32550 50901 10300 20185 40118 81531 333 10342 56699 58003=
071200 48080 32458 43202 10260 20229 40132 82546 333 10310 56699 59005=
071200 48085 32958 23604 10260 20119 40126 80006 333 10297 56005 59003=
071200 48087 32940 10000 10262 20203 80001 333 10340 56009=
071200 48092 31456 30000 10300 20158 40098 70522 81406 333 10335 56909 59011=
071200 48093 32530 33201 10297 20185 82801 333 10333 56309=
071200 48094 32556 33201 10270 20190 40125 81541 333 10332 56999 58000=
071200 48095 32956 30000 10295 20230 80002 333 10347 56009=
071200 48097 32556 52301 10275 20178 40131 70222 82501 333 10340 56909 58003=
071200 48099 32440 62303 10290 20196 40112 84831 333 10340 56559 59006=
071200 48101 32956 20000 10282 20220 70222 80005 333 10327 56009=
071200 48103 32540 60000 10292 20248 40121 86500 333 10347 56500 58002=
071200 48107 32940 20000 10274 20191 40116 80006 333 10338 56009 59002=
071200 48108 32596 53201 10285 20200 40118 82406 333 10345 56909 59005=
071200 48109 32996 10000 10275 20220 40130 70222 80001 333 10327 56009 59002=
071200 48110 31596 40000 10295 20210 40113 70522 82306 333 10340 56209 59005=
071200 48112 32598 60405 10280 20184 40117 70222 82216 333 10326 56199 58005=  48001 NIL=
071200 48004 32456 40000 10220 20185 84800 333 10265 56500=
071200 48008 32557 32301 10245 20167 40122 82430 333 10280 56450 59008=
071200 48010 32550 30000 10240 20191 40112 80031 333 10295 56055 59020=
071200 48018 32558 71401 10240 20155 40134 84870 333 10287 56550 59002=
071200 48019 32450 50000 10233 20198 40119 80066 333 10281 56066 59008=
071200 48020 31340 70000 10240 20174 70500 80002 333 10280 56009=
071200 48025 32458 63201 10264 20119 40115 83841 333 10286 56559 59011=
071200 48030 32256 72201 10157 20028 80056 333 10215 56069=
071200 48031 31250 80901 10170 20014 70522 80036 333 10208 56099=
071200 48033 32962 60000 10280 20158 40108 80006 333 10313 56006 59007=
071200 48034 32456 60000 10188 20096 82500 333 10250 56500=
071200 48035 31550 60000 10206 20120 40109 70511 84961 333 10259 56599 59007=
071200 48037 32520 60000 10280 20188 40122 82171 333 10328 56559 58002=
071200 48039 32459 70401 10262 20138 83402 333 10309 56707=
071200 48042 32557 50000 10275 20156 40110 82456 333 10325 56959 59001=
071200 48043 32910 40000 10185 20118 80006 333 10240 56009=
071200 48045 32557 61402 10190 20072 80006 333 10230 56005=
071200 48048 32550 40401 10266 20154 40109 84800 333 10320 56400 59012=
071200 48051 32559 40402 10240 20120 70322 82231 333 10310 56699=
071200 48052 32450 50000 10288 20159 83830 333 10340 56990=
071200 48053 32950 50000 10270 20133 40098 80056 333 10325 56099 59012=
071200 48055 32556 70902 10216 20173 40110 84506 333 10279 56509 59004=
071200 48057 32450 52201 10184 20056 81506 333 10230 56909=
071200 48062 31450 73207 10255 20230 40123 71022 85490 333 10280 56590 59011=
071200 48064 32950 40901 10250 20167 40098 80036 333 10317 56049 59010=
071200 48065 32950 30000 10250 20150 80006 333 10318 56009=
071200 48071 32456 53201 10250 20167 40130 84830 333 10273 56990 59008=
071200 48072 32457 23201 10255 20179 70122 82302 333 10295 56900=
071200 48074 32456 70000 10280 20184 40112 82506 333 10326 56404 59012=
071200 48075 31456 52201 10230 20120 40119 70522 83840 333 10280 56590 59003=
071200 48077 31556 50000 10280 20098 40105 70522 83801 333 10332 56909 59005=
071200 48078 32550 50901 10300 20185 40118 81531 333 10342 56699 58003=
071200 48080 32458 43202 10260 20229 40132 82546 333 10310 56699 59005=
071200 48085 32958 23604 10260 20119 40126 80006 333 10297 56005 59003=
071200 48087 32940 10000 10262 20203 80001 333 10340 56009=
071200 48092 31456 30000 10300 20158 40098 70522 81406 333 10335 56909 59011=
071200 48093 32530 33201 10297 20185 82801 333 10333 56309=
071200 48094 32556 33201 10270 20190 40125 81541 333 10332 56999 58000=
071200 48095 32956 30000 10295 20230 80002 333 10347 56009=
071200 48097 32556 52301 10275 20178 40131 70222 82501 333 10340 56909 58003=
071200 48099 32440 62303 10290 20196 40112 84831 333 10340 56559 59006=
071200 48101 32956 20000 10282 20220 70222 80005 333 10327 56009=
071200 48103 32540 60000 10292 20248 40121 86500 333 10347 56500 58002=
071200 48107 32940 20000 10274 20191 40116 80006 333 10338 56009 59002=
071200 48108 32596 53201 10285 20200 40118 82406 333 10345 56909 59005=
071200 48109 32996 10000 10275 20220 40130 70222 80001 333 10327 56009 59002=
071200 48110 31596 40000 10295 20210 40113 70522 82306 333 10340 56209 59005=
071200 48112 32598 60405 10280 20184 40117 70222 82216 333 10326 56199 58005=  
