07-FEB-2015 12 48004 3 2 4 56 4 00 00 10 220 20 185 3 0000 4 0000 5 0000 6 000 0 7 00 0 0 8 4 8 0 0 333 10 265 58 000 6 000 0 7 0000 
07-FEB-2015 12 48008 3 2 5 57 3 23 01 10 245 20 167 3 0000 4 0122 5 0000 6 000 0 7 00 0 0 8 2 4 3 0 333 10 280 59 008 6 000 0 7 0000 
07-FEB-2015 12 48010 3 2 5 50 3 00 00 10 240 20 191 3 0000 4 0112 5 0000 6 000 0 7 00 0 0 8 0 0 3 1 333 10 295 59 020 6 000 0 7 0000 
07-FEB-2015 12 48018 3 2 5 58 7 14 01 10 240 20 155 3 0000 4 0134 5 0000 6 000 0 7 00 0 0 8 4 8 7 0 333 10 287 59 002 6 000 0 7 0000 
07-FEB-2015 12 48019 3 2 4 50 5 00 00 10 233 20 198 3 0000 4 0119 5 0000 6 000 0 7 00 0 0 8 0 0 6 6 333 10 281 59 008 6 000 0 7 0000 
07-FEB-2015 12 48020 3 1 3 40 7 00 00 10 240 20 174 3 0000 4 0000 5 0000 6 000 0 7 05 0 0 8 0 0 0 2 333 10 280 58 000 6 000 0 7 0000 
07-FEB-2015 12 48025 3 2 4 58 6 32 01 10 264 20 119 3 0000 4 0115 5 0000 6 000 0 7 00 0 0 8 3 8 4 1 333 10 286 59 011 6 000 0 7 0000 
07-FEB-2015 12 48030 3 2 2 56 7 22 01 10 157 20 028 3 0000 4 0000 5 0000 6 000 0 7 00 0 0 8 0 0 5 6 333 10 215 58 000 6 000 0 7 0000 
07-FEB-2015 12 48031 3 1 2 50 8 09 01 10 170 20 014 3 0000 4 0000 5 0000 6 000 0 7 05 2 2 8 0 0 3 6 333 10 208 58 000 6 000 0 7 0000 
07-FEB-2015 12 48033 3 2 9 62 6 00 00 10 280 20 158 3 0000 4 0108 5 0000 6 000 0 7 00 0 0 8 0 0 0 6 333 10 313 59 007 6 000 0 7 0000 
07-FEB-2015 12 48034 3 2 4 56 6 00 00 10 188 20 096 3 0000 4 0000 5 0000 6 000 0 7 00 0 0 8 2 5 0 0 333 10 250 58 000 6 000 0 7 0000 
07-FEB-2015 12 48035 3 1 5 50 6 00 00 10 206 20 120 3 0000 4 0109 5 0000 6 000 0 7 05 1 1 8 4 9 6 1 333 10 259 59 007 6 000 0 7 0000 
07-FEB-2015 12 48037 3 2 5 20 6 00 00 10 280 20 188 3 0000 4 0122 5 0000 6 000 0 7 00 0 0 8 2 1 7 1 333 10 328 58 002 6 000 0 7 0000 
07-FEB-2015 12 48039 3 2 4 59 7 04 01 10 262 20 138 3 0000 4 0000 5 0000 6 000 0 7 00 0 0 8 3 4 0 2 333 10 309 58 000 6 000 0 7 0000 
07-FEB-2015 12 48042 3 2 5 57 5 00 00 10 275 20 156 3 0000 4 0110 5 0000 6 000 0 7 00 0 0 8 2 4 5 6 333 10 325 59 001 6 000 0 7 0000 
07-FEB-2015 12 48043 3 2 9 10 4 00 00 10 185 20 118 3 0000 4 0000 5 0000 6 000 0 7 00 0 0 8 0 0 0 6 333 10 240 58 000 6 000 0 7 0000 
07-FEB-2015 12 48045 3 2 5 57 6 14 02 10 190 20 072 3 0000 4 0000 5 0000 6 000 0 7 00 0 0 8 0 0 0 6 333 10 230 58 000 6 000 0 7 0000 
07-FEB-2015 12 48048 3 2 5 50 4 04 01 10 266 20 154 3 0000 4 0109 5 0000 6 000 0 7 00 0 0 8 4 8 0 0 333 10 320 59 012 6 000 0 7 0000 
07-FEB-2015 12 48051 3 2 5 59 4 04 02 10 240 20 120 3 0000 4 0000 5 0000 6 000 0 7 03 2 2 8 2 2 3 1 333 10 310 58 000 6 000 0 7 0000 
07-FEB-2015 12 48052 3 2 4 50 5 00 00 10 288 20 159 3 0000 4 0000 5 0000 6 000 0 7 00 0 0 8 3 8 3 0 333 10 340 58 000 6 000 0 7 0000 
07-FEB-2015 12 48053 3 2 9 50 5 00 00 10 270 20 133 3 0000 4 0098 5 0000 6 000 0 7 00 0 0 8 0 0 5 6 333 10 325 59 012 6 000 0 7 0000 
07-FEB-2015 12 48055 3 2 5 56 7 09 02 10 216 20 173 3 0000 4 0110 5 0000 6 000 0 7 00 0 0 8 4 5 0 6 333 10 279 59 004 6 000 0 7 0000 
07-FEB-2015 12 48057 3 2 4 50 5 22 01 10 184 20 056 3 0000 4 0000 5 0000 6 000 0 7 00 0 0 8 1 5 0 6 333 10 230 58 000 6 000 0 7 0000 
07-FEB-2015 12 48062 3 1 4 50 7 32 07 10 255 20 230 3 0000 4 0123 5 0000 6 000 0 7 10 2 2 8 5 4 9 0 333 10 280 59 011 6 000 0 7 0000 
07-FEB-2015 12 48064 3 2 9 50 4 09 01 10 250 20 167 3 0000 4 0098 5 0000 6 000 0 7 00 0 0 8 0 0 3 6 333 10 317 59 010 6 000 0 7 0000 
07-FEB-2015 12 48065 3 2 9 50 3 00 00 10 250 20 150 3 0000 4 0000 5 0000 6 000 0 7 00 0 0 8 0 0 0 6 333 10 318 58 000 6 000 0 7 0000 
07-FEB-2015 12 48071 3 2 4 56 5 32 01 10 250 20 167 3 0000 4 0130 5 0000 6 000 0 7 00 0 0 8 4 8 3 0 333 10 273 59 008 6 000 0 7 0000 
07-FEB-2015 12 48072 3 2 4 57 2 32 01 10 255 20 179 3 0000 4 0000 5 0000 6 000 0 7 01 2 2 8 2 3 0 2 333 10 295 58 000 6 000 0 7 0000 
07-FEB-2015 12 48074 3 2 4 56 7 00 00 10 280 20 184 3 0000 4 0112 5 0000 6 000 0 7 00 0 0 8 2 5 0 6 333 10 326 59 012 6 000 0 7 0000 
07-FEB-2015 12 48075 3 1 4 56 5 22 01 10 230 20 120 3 0000 4 0119 5 0000 6 000 0 7 05 2 2 8 3 8 4 0 333 10 280 59 003 6 000 0 7 0000 
07-FEB-2015 12 48077 3 1 5 56 5 00 00 10 280 20 098 3 0000 4 0105 5 0000 6 000 0 7 05 2 2 8 3 8 0 1 333 10 332 59 005 6 000 0 7 0000 
07-FEB-2015 12 48078 3 2 5 50 5 09 01 10 300 20 185 3 0000 4 0118 5 0000 6 000 0 7 00 0 0 8 1 5 3 1 333 10 342 58 003 6 000 0 7 0000 
07-FEB-2015 12 48080 3 2 4 58 4 32 02 10 260 20 229 3 0000 4 0132 5 0000 6 000 0 7 00 0 0 8 2 5 4 6 333 10 310 59 005 6 000 0 7 0000 
07-FEB-2015 12 48085 3 2 9 58 2 36 04 10 260 20 119 3 0000 4 0126 5 0000 6 000 0 7 00 0 0 8 0 0 0 6 333 10 297 59 003 6 000 0 7 0000 
07-FEB-2015 12 48087 3 2 9 40 1 00 00 10 262 20 203 3 0000 4 0000 5 0000 6 000 0 7 00 0 0 8 0 0 0 1 333 10 340 58 000 6 000 0 7 0000 
07-FEB-2015 12 48092 3 1 4 56 3 00 00 10 300 20 158 3 0000 4 0098 5 0000 6 000 0 7 05 2 2 8 1 4 0 6 333 10 335 59 011 6 000 0 7 0000 
07-FEB-2015 12 48093 3 2 5 30 3 32 01 10 297 20 185 3 0000 4 0000 5 0000 6 000 0 7 00 0 0 8 2 8 0 1 333 10 333 58 000 6 000 0 7 0000 
07-FEB-2015 12 48094 3 2 5 56 3 32 01 10 270 20 190 3 0000 4 0125 5 0000 6 000 0 7 00 0 0 8 1 5 4 1 333 10 332 58 000 6 000 0 7 0000 
07-FEB-2015 12 48095 3 2 9 56 3 00 00 10 295 20 230 3 0000 4 0000 5 0000 6 000 0 7 00 0 0 8 0 0 0 2 333 10 347 58 000 6 000 0 7 0000 
07-FEB-2015 12 48097 3 2 5 56 5 23 01 10 275 20 178 3 0000 4 0131 5 0000 6 000 0 7 02 2 2 8 2 5 0 1 333 10 340 58 003 6 000 0 7 0000 
07-FEB-2015 12 48099 3 2 4 40 6 23 03 10 290 20 196 3 0000 4 0112 5 0000 6 000 0 7 00 0 0 8 4 8 3 1 333 10 340 59 006 6 000 0 7 0000 
07-FEB-2015 12 48101 3 2 9 56 2 00 00 10 282 20 220 3 0000 4 0000 5 0000 6 000 0 7 02 2 2 8 0 0 0 5 333 10 327 58 000 6 000 0 7 0000 
07-FEB-2015 12 48103 3 2 5 40 6 00 00 10 292 20 248 3 0000 4 0121 5 0000 6 000 0 7 00 0 0 8 6 5 0 0 333 10 347 58 002 6 000 0 7 0000 
07-FEB-2015 12 48107 3 2 9 40 2 00 00 10 274 20 191 3 0000 4 0116 5 0000 6 000 0 7 00 0 0 8 0 0 0 6 333 10 338 59 002 6 000 0 7 0000 
07-FEB-2015 12 48108 3 2 5 96 5 32 01 10 285 20 200 3 0000 4 0118 5 0000 6 000 0 7 00 0 0 8 2 4 0 6 333 10 345 59 005 6 000 0 7 0000 
07-FEB-2015 12 48109 3 2 9 96 1 00 00 10 275 20 220 3 0000 4 0130 5 0000 6 000 0 7 02 2 2 8 0 0 0 1 333 10 327 59 002 6 000 0 7 0000 
07-FEB-2015 12 48110 3 1 5 96 4 00 00 10 295 20 210 3 0000 4 0113 5 0000 6 000 0 7 05 2 2 8 2 3 0 6 333 10 340 59 005 6 000 0 7 0000 
07-FEB-2015 12 48112 3 2 5 98 6 04 05 10 280 20 184 3 0000 4 0117 5 0000 6 000 0 7 02 2 2 8 2 2 1 6 333 10 326 58 005 6 000 0 7 0000 
