070600 48004 32562 11301 10226 20143 81100 333 56900=
070600 48008 32558 13401 10239 20136 40138 81400 333 56900=
070600 48010 32560 30000 10240 20174 40135 82830 333 56440 58003=
070600 48018 32560 11402 10230 20181 40139 83870 333 56320 59008=
070600 48019 32960 23201 10232 20163 40127 80030 333 56060 58001=
070600 48020 31958 00404 10245 20186 70122 333=
070600 48025 32456 43602 10249 20150 40146 83840 333 56450 58012=
070600 48035 31560 43204 10247 20126 40097 70500 83960 333 56690 58009=
070600 48037 32960 00401 10263 20160 40141 333 58042=
070600 48042 32557 12701 10287 20196 40109 81200 333 56900 59004=
070600 48045 32562 21802 10176 20108 82100 333 56900=
070600 48048 32962 00401 10273 20191 40122 333 58004=
070600 48053 32956 01802 10290 20196 40114 333 59001=
070600 48060 32440 20000 10247 20233 40109 82100 333 56500 58022=
070600 48062 32957 00402 10260 20220 40127 333 59002=
070600 48071 32460 20502 10263 20203 40130 82800 333 56900 58002=
070600 48075 32558 13201 10260 20180 40119 81100 333 56300 58016=
070600 48077 32959 00000 10300 20166 40110 333 59002=
070600 48078 32558 22301 10295 20182 40117 81101 333 56909 58000=
070600 48080 32961 00404 10280 20250 40113 333 58000=
070600 48085 32958 03206 10278 20191 40117 333 58005=
070600 48095 32960 00000 10300 20185 70000 80000 333 56000=
070600 48108 31596 53205 10320 20215 40113 70344 83806 333 56609 58001=
070600 48110 31596 33205 10320 20215 40111 70511 81205 333 56909 58001=
070600 48030 32957 00402 10154 20047 333=
070600 48072 32560 10402 10270 20226 70122 81200 333 56900=
070600 48087 32960 00000 10286 20215 80000 333 56000=
070600 48099 32456 33202 10320 20215 40113 83800 333 56700 58004=
070600 48101 32960 03203 10288 20179=
070600 48103 31556 20401 10315 20200 40111 70244 82800 333 56100 58004=
070600 48057 32458 12201 10220 20136 81500 333 56400=
070600 48094 32960 00403 10286 20200 40120 333 58008=
070600 48097 32457 22301 10305 20168 40120 70211 82500 333 56900 58008=
070600 48031 32250 11801 10175 20108 81200 333 56900=
070600 48034 32457 42302 10232 20124 84800 333 56500=
070600 48039 32960 22201 10286 20196 80002 333 56009=
070600 48043 32657 21805 10210 20120 82200 333 56900=
070600 48052 32968 00401 10300 20185 333=
070600 48055 32557 30902 10237 20136 40104 83800 333 56500 58018=
070600 48064 32970 01401 10280 20184 40110 333 58003=
070600 48065 32970 00403 10285 20179 333=
070600 48074 32961 01401 10275 20158 40129 333 58010=
070600 48092 32957 02302 10310 20146 40100 80000 333 56000 58010=
070600 48093 32958 02301 10309 20189 333=
070600 48107 32350 40901 10318 20215 40101 84900 333 56100 58006=  48001 NIL=
070600 48004 32562 11301 10226 20143 81100 333 56900=
070600 48008 32558 13401 10239 20136 40138 81400 333 56900=
070600 48010 32560 30000 10240 20174 40135 82830 333 56440 58003=
070600 48018 32560 11402 10230 20181 40139 83870 333 56320 59008=
070600 48019 32960 23201 10232 20163 40127 80030 333 56060 58001=
070600 48020 31958 00404 10245 20186 70122 333=
070600 48025 32456 43602 10249 20150 40146 83840 333 56450 58012=
070600 48030 32957 00402 10154 20047 333=
070600 48031 32250 11801 10175 20108 81200 333 56900=
070600 48034 32457 42302 10232 20124 84800 333 56500=
070600 48035 31560 43204 10247 20126 40097 70500 83960 333 56690 58009=
070600 48037 32960 00401 10263 20160 40141 333 58042=
070600 48039 32960 22201 10286 20196 80002 333 56009=
070600 48042 32557 12701 10287 20196 40109 81200 333 56900 59004=
070600 48043 32657 21805 10210 20120 82200 333 56900=
070600 48045 32562 21802 10176 20108 82100 333 56900=
070600 48048 32962 00401 10273 20191 40122 333 58004=
070600 48052 32968 00401 10300 20185 333=
070600 48053 32956 01802 10290 20196 40114 333 59001=
070600 48055 32557 30902 10237 20136 40104 83800 333 56500 58018=
070600 48057 32458 12201 10220 20136 81500 333 56400=
070600 48060 32440 20000 10247 20233 40109 82100 333 56500 58022=
070600 48062 32957 00402 10260 20220 40127 333 59002=
070600 48064 32970 01401 10280 20184 40110 333 58003=
070600 48065 32970 00403 10285 20179 333=
070600 48071 32460 20502 10263 20203 40130 82800 333 56900 58002=
070600 48072 32560 10402 10270 20226 70122 81200 333 56900=
070600 48074 32961 01401 10275 20158 40129 333 58010=
070600 48075 32558 13201 10260 20180 40119 81100 333 56300 58016=
070600 48077 32959 00000 10300 20166 40110 333 59002=
070600 48078 32558 22301 10295 20182 40117 81101 333 56909 58000=
070600 48080 32961 00404 10280 20250 40113 333 58000=
070600 48085 32958 03206 10278 20191 40117 333 58005=
070600 48087 32960 00000 10286 20215 80000 333 56000=
070600 48092 32957 02302 10310 20146 40100 80000 333 56000 58010=
070600 48093 32958 02301 10309 20189 333=
070600 48094 32960 00403 10286 20200 40120 333 58008=
070600 48095 32960 00000 10300 20185 70000 80000 333 56000=
070600 48097 32457 22301 10305 20168 40120 70211 82500 333 56900 58008=
070600 48099 32456 33202 10320 20215 40113 83800 333 56700 58004=
070600 48101 32960 03203 10288 20179=
070600 48103 31556 20401 10315 20200 40111 70244 82800 333 56100 58004=
070600 48107 32350 40901 10318 20215 40101 84900 333 56100 58006=
070600 48108 31596 53205 10320 20215 40113 70344 83806 333 56609 58001=
070600 48110 31596 33205 10320 20215 40111 70511 81205 333 56909 58001=
