070000 48008 31540 10000 10132 20130 40134 71044 81400 333 20124 56900 58003=
070000 48010 32020 00000 10140 20132 40124 333 20134 59002=
070000 48018 32920 00000 10145 20132 40125 333 20140 58003=
070000 48019 32440 30000 10150 20150 40121 83800 333 20142 56500 58004=
070000 48025 32440 70000 10168 20154 40127 85840 333 20160 56550 59002=
070000 48030 32950 02204 10008 29017 333 20000=
070000 48031 32268 32701 10100 20097 83800 333 20080 56400=
070000 48033 32960 00000 10170 20154 40119 333 20153 58011=
070000 48034 31448 40000 10093 20085 71022 84850 333 20087 56500=
070000 48035 31/01 90000 10099 20079 40147 74744 333 20090 58028=
070000 48037 32910 00000 10175 20165 40128 333 20173 58023=
070000 48039 31450 33201 10180 20165 71011 83400 333 20179 56900=
070000 48042 32956 00000 10190 20175 40107 333 20185 59002=
070000 48043 32050 00000 10110 20091 333 20070=
070000 48048 32940 00401 10157 20123 40115 333 20150 58006=
070000 48052 32958 00000 10163 20144 333 20108=
070000 48053 32950 00000 10170 20154 40114 333 20161 58011=
070000 48055 31910 00000 10067 20067 40174 74444 333 20062 58028=
070000 48057 31439 30000 10103 20103 71011 82850 333 20100 56490=
070000 48060 31410 50000 10130 20113 40161 71022 83830 333 20122 56560 58013=
070000 48062 31540 30401 10174 20170 40119 71011 82500 333 20156 56900 59002=
070000 48064 32950 00000 10167 20154 40090 333 20135 58005=
070000 48065 32950 00000 10165 20154 333 20155=
070000 48071 32450 43203 10225 20198 40118 84800 333 20175 56900 58005=
070000 48074 31950 00000 10175 20165 40125 71000 333 20165 58006=
070000 48075 31956 00000 10115 20115 40171 71022 333 20110 58008=
070000 48077 31956 10000 10180 20155 40100 71000 80001 333 20154 56009 58000=
070000 48080 31908 00000 10142 20140 40119 74144 333 20135 58001=
070000 48085 31940 00901 10152 20150 40112 74244 333 20150 58000=
070000 48094 31940 00000 10190 20180 40112 71000 333 20154 59005=
070000 48096 31950 12704 10195 20195 40115 71022 80001 333 20194 56009 58000=
070000 48097 32456 20302 10205 20190 40112 82500 333 20186 56900 58000=
070000 48099 31340 20000 10210 20195 40110 71044 82500 333 20192 56900 58005=
070000 48103 31/02 90000 10221 20220 40106 74744 333 20210 59007=
070000 48107 31930 00901 10200 20200 40106 74144 333 20185 59007=
070000 48108 31591 41401 10200 20185 40113 74244 82406 333 20170 56909 59005=
070000 48109 32496 50401 10245 20219 40118 85900 333 20220 56900 58000=
070000 48110 31994 30000 10250 20186 40110 70511 80005 333 20240 56009 59002=
070000 48112 32597 60401 10240 20226 40108 82246 333 20196 56199 58004=  
