07-JAN-2015 09 48004 3 2 5 62 2 13 01 10 248 20 167 3 0000 4 0000 5 0000 6 000 0 7 00 0 0 8 2 8 0 0 333 10 /// 58 000 6 000 0 7 0000 
07-JAN-2015 09 48008 3 2 5 58 1 04 01 10 266 20 154 3 0000 4 0114 5 0000 6 000 0 7 00 0 0 8 1 4 0 0 333 10 /// 58 013 6 000 0 7 0000 
07-JAN-2015 09 48010 3 2 5 60 2 00 00 10 270 20 172 3 0000 4 0110 5 0000 6 000 0 7 00 0 0 8 2 8 0 0 333 10 /// 58 011 6 000 0 7 0000 
07-JAN-2015 09 48018 3 2 5 60 3 14 01 10 270 20 172 3 0000 4 0114 5 0000 6 000 0 7 01 1 1 8 2 8 7 0 333 10 /// 58 012 6 000 0 7 0000 
07-JAN-2015 09 48019 3 2 5 60 1 04 03 10 258 20 186 3 0000 4 0108 5 0000 6 000 0 7 00 0 0 8 0 0 4 0 333 10 /// 58 003 6 000 0 7 0000 
07-JAN-2015 09 48025 3 2 5 58 5 32 01 10 270 20 154 3 0000 4 0112 5 0000 6 000 0 7 00 0 0 8 4 8 4 0 333 10 /// 58 009 6 000 0 7 0000 
07-JAN-2015 09 48030 3 2 9 57 0 04 02 10 194 20 014 3 0000 4 0000 5 0000 6 000 0 7 00 0 0 8 0 0 0 0 333 10 /// 58 000 6 000 0 7 0000 
07-JAN-2015 09 48031 3 2 2 57 2 22 01 10 190 20 096 3 0000 4 0000 5 0000 6 000 0 7 00 0 0 8 2 8 0 0 333 10 /// 58 000 6 000 0 7 0000 
07-JAN-2015 09 48033 3 2 5 63 3 18 01 10 310 20 169 3 0000 4 0085 5 0000 6 000 0 7 00 0 0 8 3 5 0 0 333 10 /// 58 010 6 000 0 7 0000 
07-JAN-2015 09 48034 3 2 4 57 2 18 02 10 252 20 105 3 0000 4 0000 5 0000 6 000 0 7 00 0 0 8 2 5 0 0 333 10 /// 58 000 6 000 0 7 0000 
07-JAN-2015 09 48035 3 1 5 60 3 32 03 10 252 20 150 3 0000 4 0081 5 0000 6 000 0 7 05 1 1 8 3 8 0 0 333 10 /// 58 024 6 000 0 7 0000 
07-JAN-2015 09 48037 3 2 5 65 3 04 01 10 304 20 166 3 0000 4 0135 5 0000 6 000 0 7 00 0 0 8 2 1 0 0 333 10 /// 58 040 6 000 0 7 0000 
07-JAN-2015 09 48039 3 2 4 60 1 14 01 10 300 20 166 3 0000 4 0000 5 0000 6 000 0 7 00 0 0 8 1 1 0 0 333 10 /// 58 000 6 000 0 7 0000 
07-JAN-2015 09 48042 3 2 5 56 1 22 01 10 307 20 189 3 0000 4 0095 5 0000 6 000 0 7 00 0 0 8 1 2 0 0 333 10 /// 58 008 6 000 0 7 0000 
07-JAN-2015 09 48043 3 2 6 57 2 18 05 10 240 20 136 3 0000 4 0000 5 0000 6 000 0 7 00 0 0 8 2 2 0 0 333 10 /// 58 000 6 000 0 7 0000 
07-JAN-2015 09 48045 3 2 5 61 2 23 02 10 191 20 118 3 0000 4 0000 5 0000 6 000 0 7 00 0 0 8 2 8 0 0 333 10 /// 58 000 6 000 0 7 0000 
07-JAN-2015 09 48048 3 2 5 62 2 22 01 10 310 20 203 3 0000 4 0098 5 0000 6 000 0 7 00 0 0 8 2 8 0 0 333 10 /// 58 008 6 000 0 7 0000 
07-JAN-2015 09 48052 3 2 9 70 0 32 01 10 340 20 206 3 0000 4 0000 5 0000 6 000 0 7 00 0 0 8 0 0 0 0 333 10 /// 58 000 6 000 0 7 0000 
07-JAN-2015 09 48053 3 2 9 56 0 18 02 10 320 20 184 3 0000 4 0087 5 0000 6 000 0 7 00 0 0 8 0 0 0 0 333 10 /// 58 004 6 000 0 7 0000 
07-JAN-2015 09 48055 3 2 5 57 1 04 05 10 272 20 154 3 0000 4 0075 5 0000 6 000 0 7 00 0 0 8 1 1 0 0 333 10 /// 58 034 6 000 0 7 0000 
07-JAN-2015 09 48057 3 2 4 58 1 22 02 10 246 20 105 3 0000 4 0000 5 0000 6 000 0 7 00 0 0 8 1 5 0 0 333 10 /// 58 000 6 000 0 7 0000 
07-JAN-2015 09 48060 3 2 4 40 3 00 00 10 263 20 179 3 0000 4 0093 5 0000 6 000 0 7 00 0 0 8 2 1 3 0 333 10 /// 58 033 6 000 0 7 0000 
07-JAN-2015 09 48062 3 1 9 56 0 32 04 10 270 20 210 3 0000 4 0109 5 0000 6 000 0 7 05 2 2 8 0 0 0 0 333 10 /// 58 008 6 000 0 7 0000 
07-JAN-2015 09 48064 3 2 9 70 0 14 01 10 276 20 203 3 0000 4 0072 5 0000 6 000 0 7 00 0 0 8 0 0 0 0 333 10 /// 59 003 6 000 0 7 0000 
07-JAN-2015 09 48065 3 2 9 70 0 00 00 10 318 20 184 3 0000 4 0000 5 0000 6 000 0 7 00 0 0 8 0 0 0 0 333 10 /// 58 000 6 000 0 7 0000 
07-JAN-2015 09 48071 3 2 9 60 0 32 03 10 270 20 191 3 0000 4 0108 5 0000 6 000 0 7 00 0 0 8 0 0 0 0 333 10 /// 58 000 6 000 0 7 0000 
07-JAN-2015 09 48072 3 2 9 60 0 04 01 10 280 20 220 3 0000 4 0000 5 0000 6 000 0 7 00 0 0 8 0 0 0 0 333 10 /// 58 000 6 000 0 7 0000 
07-JAN-2015 09 48074 3 2 5 60 1 23 01 10 330 20 172 3 0000 4 0088 5 0000 6 000 0 7 00 0 0 8 1 1 0 0 333 10 /// 59 011 6 000 0 7 0000 
07-JAN-2015 09 48075 3 2 5 60 1 00 00 10 285 20 160 3 0000 4 0082 5 0000 6 000 0 7 00 0 0 8 1 1 0 0 333 10 /// 58 019 6 000 0 7 0000 
07-JAN-2015 09 48077 3 2 9 59 0 04 01 10 340 20 206 3 0000 4 0094 5 0000 6 000 0 7 00 0 0 8 0 0 0 0 333 10 /// 58 010 6 000 0 7 0000 
07-JAN-2015 09 48080 3 2 9 60 0 32 07 10 283 20 250 3 0000 4 0102 5 0000 6 000 0 7 00 0 0 8 0 0 0 0 333 10 /// 58 008 6 000 0 7 0000 
07-JAN-2015 09 48085 3 2 9 58 0 32 06 10 282 20 203 3 0000 4 0103 5 0000 6 000 0 7 00 0 0 8 0 0 0 0 333 10 /// 58 011 6 000 0 7 0000 
07-JAN-2015 09 48087 3 2 9 60 0 23 01 10 230 20 184 3 0000 4 0000 5 0000 6 000 0 7 00 0 0 8 0 0 0 0 333 10 /// 58 000 6 000 0 7 0000 
07-JAN-2015 09 48092 3 2 9 58 0 23 04 10 325 20 168 3 0000 4 0077 5 0000 6 000 0 7 00 0 0 8 0 0 0 0 333 10 /// 58 010 6 000 0 7 0000 
07-JAN-2015 09 48093 3 2 9 58 0 23 01 10 322 20 184 3 0000 4 0000 5 0000 6 000 0 7 00 0 0 8 0 0 0 0 333 10 /// 58 000 6 000 0 7 0000 
07-JAN-2015 09 48094 3 2 9 60 0 04 02 10 305 20 190 3 0000 4 0104 5 0000 6 000 0 7 00 0 0 8 0 0 0 0 333 10 /// 58 013 6 000 0 7 0000 
07-JAN-2015 09 48095 3 2 9 60 0 22 01 10 335 20 212 3 0000 4 0000 5 0000 6 000 0 7 00 0 0 8 0 0 0 0 333 10 /// 58 000 6 000 0 7 0000 
07-JAN-2015 09 48096 3 2 9 59 0 24 06 10 330 20 212 3 0000 4 0103 5 0000 6 000 0 7 00 0 0 8 0 0 0 0 333 10 /// 58 016 6 000 0 7 0000 
07-JAN-2015 09 48097 3 2 4 57 2 23 01 10 320 20 152 3 0000 4 0104 5 0000 6 000 0 7 02 1 1 8 2 5 0 0 333 10 /// 58 015 6 000 0 7 0000 
07-JAN-2015 09 48099 3 2 4 56 4 23 02 10 342 20 206 3 0000 4 0092 5 0000 6 000 0 7 00 0 0 8 4 8 0 0 333 10 /// 58 012 6 000 0 7 0000 
07-JAN-2015 09 48101 3 2 7 60 1 32 01 10 300 20 166 3 0000 4 0000 5 0000 6 000 0 7 03 1 1 8 0 0 3 0 333 10 /// 58 000 6 000 0 7 0000 
07-JAN-2015 09 48103 3 2 5 57 2 32 01 10 320 20 206 3 0000 4 0091 5 0000 6 000 0 7 00 0 0 8 2 8 0 0 333 10 /// 58 012 6 000 0 7 0000 
07-JAN-2015 09 48107 3 2 3 50 4 04 01 10 300 20 223 3 0000 4 0091 5 0000 6 000 0 7 00 0 0 8 4 9 0 0 333 10 /// 58 012 6 000 0 7 0000 
07-JAN-2015 09 48108 3 2 5 96 6 32 03 10 330 20 234 3 0000 4 0095 5 0000 6 000 0 7 00 0 0 8 4 3 0 6 333 10 /// 58 007 6 000 0 7 0000 
07-JAN-2015 09 48110 3 1 5 96 3 04 05 10 315 20 230 3 0000 4 0094 5 0000 6 000 0 7 05 1 1 8 1 2 0 6 333 10 /// 58 005 6 000 0 7 0000 
