07-JUL-2015 09 48004 3 2 4 60 5 22 01 10 335 20 270 3 0000 4 0000 5 0000 6 000 0 7 00 0 0 8 5 9 0 0 333 10 /// 58 000 6 000 0 7 0000 
07-JUL-2015 09 48008 3 2 5 57 6 23 01 10 330 20 267 3 0000 4 0008 5 0000 6 000 0 7 00 0 0 8 3 9 7 0 333 10 /// 59 006 6 000 0 7 0000 
07-JUL-2015 09 48010 3 2 5 57 6 00 00 10 285 20 268 3 0000 4 0009 5 0000 6 000 0 7 00 0 0 8 5 8 3 0 333 10 /// 59 004 6 000 0 7 0000 
07-JUL-2015 09 48018 2 1 5 58 8 23 01 10 310 20 254 3 0000 4 0000 5 0000 6 000 0 7 02 5 5 8 4 9 7 / 333 10 /// 59 004 6 000 0 7 0000 
07-JUL-2015 09 48019 3 2 4 60 6 23 01 10 307 20 267 3 0000 4 0001 5 0000 6 000 0 7 00 0 0 8 3 6 6 0 333 10 /// 59 007 6 000 0 7 0000 
07-JUL-2015 09 48020 2 1 4 58 7 36 02 10 295 20 266 3 0000 4 0000 5 0000 6 000 0 7 00 0 0 8 7 7 0 0 333 10 /// 58 000 6 000 0 7 0000 
07-JUL-2015 09 48025 2 1 1 20 8 04 01 10 250 20 250 3 0000 4 0014 5 0000 6 000 0 7 95 9 6 8 5 9 2 / 333 10 /// 59 000 6 000 0 7 0000 
07-JUL-2015 09 48030 2 1 / 02 9 04 02 10 190 20 190 3 0000 4 0000 5 0000 6 000 0 7 63 6 6 8 9 / / / 333 10 /// 58 000 6 000 0 7 0000 
07-JUL-2015 09 48031 2 1 / 05 9 18 01 10 200 20 198 3 0000 4 0000 5 0000 6 000 0 7 47 6 4 8 9 / / / 333 10 /// 58 000 6 000 0 7 0000 
07-JUL-2015 09 48033 2 1 5 62 7 36 01 10 300 20 266 3 0000 4 9987 5 0000 6 000 0 7 00 0 0 8 6 9 3 0 333 10 /// 59 002 6 000 0 7 0000 
07-JUL-2015 09 48034 2 1 4 56 7 18 02 10 275 20 215 3 0000 4 0000 5 0000 6 000 0 7 17 9 5 8 7 3 0 0 333 10 /// 58 000 6 000 0 7 0000 
07-JUL-2015 09 48035 2 1 4 60 7 00 00 10 264 20 229 3 0000 4 0016 5 0000 6 000 0 7 00 0 0 8 5 9 7 0 333 10 /// 58 008 6 000 0 7 0000 
07-JUL-2015 09 48037 2 1 5 60 7 32 01 10 310 20 254 3 0000 4 0004 5 0000 6 000 0 7 20 5 5 8 5 3 7 0 333 10 /// 58 013 6 000 0 7 0000 
07-JUL-2015 09 48039 2 1 4 60 7 00 00 10 280 20 268 3 0000 4 0000 5 0000 6 000 0 7 03 2 2 8 4 9 0 2 333 10 /// 58 000 6 000 0 7 0000 
07-JUL-2015 09 48042 2 1 5 58 7 04 03 10 300 20 253 3 0000 4 9981 5 0000 6 000 0 7 03 5 5 8 5 9 5 0 333 10 /// 59 007 6 000 0 7 0000 
07-JUL-2015 09 48043 2 2 5 56 8 00 00 10 265 20 226 3 0000 4 0000 5 0000 6 000 0 7 00 0 0 8 7 8 7 / 333 10 /// 58 000 6 000 0 7 0000 
07-JUL-2015 09 48045 2 1 0 01 9 36 02 10 198 20 198 3 0000 4 0000 5 0000 6 000 0 7 62 6 4 8 9 / / / 333 10 /// 58 000 6 000 0 7 0000 
07-JUL-2015 09 48048 2 1 5 58 8 23 01 10 300 20 266 3 0000 4 9992 5 0000 6 000 0 7 21 6 5 8 6 9 7 1 333 10 /// 58 002 6 000 0 7 0000 
07-JUL-2015 09 48051 3 1 5 58 7 13 04 10 301 20 270 3 0000 4 0000 5 0000 6 000 0 7 50 2 2 8 6 9 7 0 333 10 /// 58 000 6 000 0 7 0000 
07-JUL-2015 09 48052 2 2 4 65 6 22 03 10 338 20 240 3 0000 4 0000 5 0000 6 000 0 7 00 0 0 8 5 9 2 0 333 10 /// 58 000 6 000 0 7 0000 
07-JUL-2015 09 48053 3 2 4 56 6 18 03 10 340 20 257 3 0000 4 9984 5 0000 6 000 0 7 00 0 0 8 4 9 0 6 333 10 /// 59 013 6 000 0 7 0000 
07-JUL-2015 09 48055 2 1 4 48 8 09 06 10 243 20 226 3 0000 4 9999 5 0000 6 000 0 7 58 6 5 8 6 9 7 / 333 10 /// 58 020 6 000 0 7 0000 
07-JUL-2015 09 48057 2 1 4 58 7 14 02 10 232 20 198 3 0000 4 0000 5 0000 6 000 0 7 01 5 5 8 5 9 5 1 333 10 /// 58 000 6 000 0 7 0000 
07-JUL-2015 09 48060 3 2 3 40 7 00 00 10 262 20 203 3 0000 4 0016 5 0000 6 000 0 7 00 0 0 8 5 7 3 0 333 10 /// 58 012 6 000 0 7 0000 
07-JUL-2015 09 48062 2 2 4 56 8 23 06 10 285 20 270 3 0000 4 9978 5 0000 6 000 0 7 02 5 5 8 6 9 7 0 333 10 /// 59 009 6 000 0 7 0000 
07-JUL-2015 09 48064 2 2 4 68 8 14 01 10 280 20 268 3 0000 4 9995 5 0000 6 000 0 7 00 0 0 8 4 8 7 0 333 10 /// 58 015 6 000 0 7 0000 
07-JUL-2015 09 48065 2 1 4 57 8 04 02 10 260 20 260 3 0000 4 0000 5 0000 6 000 0 7 52 6 5 8 6 9 7 0 333 10 /// 58 000 6 000 0 7 0000 
07-JUL-2015 09 48071 2 1 3 56 8 23 01 10 250 20 250 3 0000 4 9994 5 0000 6 000 0 7 53 6 5 8 6 9 2 / 333 10 /// 58 000 6 000 0 7 0000 
07-JUL-2015 09 48072 2 1 4 58 8 18 01 10 260 20 260 3 0000 4 0000 5 0000 6 000 0 7 50 6 5 8 4 9 7 / 333 10 /// 58 000 6 000 0 7 0000 
07-JUL-2015 09 48074 3 2 4 59 6 14 02 10 320 20 265 3 0000 4 0000 5 0000 6 000 0 7 00 0 0 8 4 9 6 0 333 10 /// 58 003 6 000 0 7 0000 
07-JUL-2015 09 48075 2 2 5 58 7 00 00 10 274 20 226 3 0000 4 0022 5 0000 6 000 0 7 00 0 0 8 5 3 6 0 333 10 /// 58 022 6 000 0 7 0000 
07-JUL-2015 09 48077 3 2 5 59 8 23 01 10 310 20 267 3 0000 4 0001 5 0000 6 000 0 7 00 0 0 8 5 9 7 0 333 10 /// 59 000 6 000 0 7 0000 
07-JUL-2015 09 48078 2 1 5 58 6 18 02 10 308 20 267 3 0000 4 0016 5 0000 6 000 0 7 01 5 5 8 4 3 3 1 333 10 /// 58 003 6 000 0 7 0000 
07-JUL-2015 09 48080 2 1 4 58 8 22 01 10 280 20 268 3 0000 4 0008 5 0000 6 000 0 7 03 6 5 8 5 8 7 0 333 10 /// 59 002 6 000 0 7 0000 
07-JUL-2015 09 48085 3 2 4 57 8 14 02 10 292 20 274 3 0000 4 9991 5 0000 6 000 0 7 00 0 0 8 6 8 7 0 333 10 /// 59 018 6 000 0 7 0000 
07-JUL-2015 09 48087 2 2 4 58 7 23 02 10 310 20 267 3 0000 4 0000 5 0000 6 000 0 7 00 0 0 8 4 9 7 / 333 10 /// 58 000 6 000 0 7 0000 
07-JUL-2015 09 48092 2 1 4 58 6 23 06 10 320 20 273 3 0000 4 0002 5 0000 6 000 0 7 02 5 5 8 5 8 1 0 333 10 /// 59 022 6 000 0 7 0000 
07-JUL-2015 09 48093 2 1 5 57 8 14 01 10 316 20 265 3 0000 4 0000 5 0000 6 000 0 7 50 5 5 8 6 3 4 1 333 10 /// 58 000 6 000 0 7 0000 
07-JUL-2015 09 48094 2 1 4 58 8 22 01 10 275 20 265 3 0000 4 0011 5 0000 6 000 0 7 60 6 6 8 5 9 2 / 333 10 /// 59 003 6 000 0 7 0000 
07-JUL-2015 09 48095 2 1 4 58 7 22 02 10 290 20 290 3 0000 4 0000 5 0000 6 000 0 7 51 2 2 8 5 9 7 0 333 10 /// 58 000 6 000 0 7 0000 
07-JUL-2015 09 48097 3 2 5 57 7 14 03 10 330 20 266 3 0000 4 0020 5 0000 6 000 0 7 00 0 0 8 6 3 3 0 333 10 /// 59 011 6 000 0 7 0000 
07-JUL-2015 09 48099 2 1 4 50 7 13 03 10 275 20 268 3 0000 4 0028 5 0000 6 000 0 7 01 5 5 8 5 9 3 0 333 10 /// 59 003 6 000 0 7 0000 
07-JUL-2015 09 48101 3 2 5 58 7 23 04 10 307 20 256 3 0000 4 0000 5 0000 6 000 0 7 03 2 2 8 5 9 7 0 333 10 /// 58 000 6 000 0 7 0000 
07-JUL-2015 09 48103 2 2 4 50 7 14 01 10 290 20 259 3 0000 4 0025 5 0000 6 000 0 7 01 5 5 8 5 7 7 0 333 10 /// 59 009 6 000 0 7 0000 
07-JUL-2015 09 48107 3 2 3 50 6 27 02 10 308 20 254 3 0000 4 0038 5 0000 6 000 0 7 00 0 0 8 4 9 7 0 333 10 /// 58 001 6 000 0 7 0000 
07-JUL-2015 09 48108 2 2 5 96 6 23 02 10 320 20 265 3 0000 4 0042 5 0000 6 000 0 7 00 0 0 8 4 3 6 6 333 10 /// 59 011 6 000 0 7 0000 
07-JUL-2015 09 48110 2 1 5 96 6 18 02 10 330 20 266 3 0000 4 0048 5 0000 6 000 0 7 50 2 2 8 4 3 0 6 333 10 /// 59 004 6 000 0 7 0000 
07-JUL-2015 09 48112 2 1 5 97 8 27 07 10 300 20 266 3 0000 4 0062 5 0000 6 000 0 7 01 5 2 8 4 8 7 6 333 10 /// 59 003 6 000 0 7 0000 
