070900 48001 22440 70000 10285 20233 40060 8486/ 333 56339 58012=
070900 48004 32460 73201 10318 20265 87900 333 56500=
070900 48008 32556 60000 10306 20254 40029 83970 333 56450 58002=
070900 48010 32560 63601 10350 20266 40019 83831 333 56556 58013=
070900 48018 32560 42203 10360 20249 40034 82870 333 56560 58001=
070900 48019 32458 72301 10312 20267 40027 85770 333 56560 58010=
070900 48020 32460 22702 10380 20285 82200 333 56600=
070900 48025 32456 30000 10382 20240 40995 83800 333 56900 58011=
070900 48030 32357 42202 10250 20186 83940 333 56560=
070900 48031 32258 71401 10275 20184 87300 333 56400=
070900 48033 32563 41801 10380 20240 40008 84800 333 56900 58005=
070900 48034 21457 52302 10273 20211 70155 85300 333 56500=
070900 48035 21458 72202 10301 20223 40015 70155 85970 333 56590 58028=
070900 48037 32462 41802 10338 20253 40013 84300 333 56400 58002=
070900 48039 32460 62201 10340 20240 84960 333 56550=
070900 48042 32559 61805 10364 20249 40023 84952 333 56449 58006=
070900 48043 32557 61807 10270 20226 84830 333 56590=
070900 48045 31558 71404 10255 20229 71799 87300 333 56300=
070900 48048 32560 51801 10390 20213 40021 84950 333 56590 59001=
070900 48052 32468 41803 10390 20233 84800 333 56900=
070900 48053 32456 61802 10360 20249 40024 84951 333 56599 58001=
070900 48055 32556 52306 10320 20208 40006 85300 333 56500 58001=
070900 48057 32458 52203 10260 20179 84301 333 56609=
070900 48060 32440 52701 10310 20225 40997 83132 333 56699 59004=
070900 48061 21559 51401 10290 20274 40044 75055 85930 333 56690 59007=
070900 48062 21456 81803 10280 20270 40064 70265 8692/ 333 5649/ 58019=
070900 48064 32568 61401 10366 20274 40012 84831 333 56449 58014=
070900 48065 32459 61402 10372 20227 85330 333 56990=
070900 48071 32458 72307 10320 20265 40063 85970 333 56590 58007=
070900 48074 32460 61404 10340 20257 40043 85960 333 56540 58003=
070900 48075 32558 52201 10330 20210 40027 70222 85330 333 56500 59004=
070900 48078 32560 61803 10338 20257 40054 84331 333 56499 58002=
070900 48080 21458 82203 10315 20292 40068 75022 85770 333 56590 59007=
070900 48085 32458 72704 10322 20281 85976  333 56699 58005=
070900 48087 21458 82301 10280 20256 70365 8597/ 333 5649/=
070900 48092 32458 53201 10340 20249 40048 70222 83806 333 56909 58006=
070900 48093 32658 42301 10352 20240 84800 333 56300=
070900 48094 31460 62201 10310 20270 40063 72165 84970 333 56590 59003=
070900 48095 32560 32202 10225 20219 83800 333 56900=
070900 48096 32457 52008 10330 20244 40068 85900 333 56900 58007=
070900 48097 32557 32703 10340 20257 40073 82801 333 56909 58008=
070900 48099 22465 32304 10336 20240 40057 82900 333 56500 59009=
070900 48101 21458 72701 10317 20265 76165 85931 333 56599=
070900 48103 22457 42202 10323 20248 40060 84700 333 56500 58001=
070900 48107 32350 62702 10348 20266 40067 84970 333 56550 58005=
070900 48108 32596 53205 10340 20257 40068 83306  333 56609 58008=
070900 48110 32596 82304 10335 20264 40073 82307 333 56509 58005=
070900 48112 32597 83201 10320 20265 40072 70322 83876 333 56799 58000=  
