48001 21440 80000 10260 20246 40071 70255 8477/ 333 56339 58011=
48004 32460 60401 10309 20267 86900 333 56500=
48008 32556 72301 10280 20250 40054 84970 333 56450 59005=
48010 32558 63601 10340 20257 40041 84730 333 56550 58000=
48018 32560 72202 10322 20236 40059 83872 333 56569 58004=
48019 32458 72702 10324 20265 40044 85770 333 56560 58002=
48020 32460 20403 10360 20278 82200 333 56600=
48025 32450 40401 10359 20249 40038 83840 333 56490 59009=
48030 32357 52205 10238 20174 83940 333 56560=
48031 31258 60401 10265 20203 71044 86800 333 56400=
48033 32563 41801 10350 20240 40052 84800 333 56500 58016=
48034 21456 82303 10240 20209 75055 8637/ 333 5659/=
48035 32560 82703 10292 20215 40032 8597/ 333 56569 58008=
48037 32460 51802 10362 20249 40044 82239 333 56446 59005=
48039 32460 50401 10334 20244 85200 333 56500=
48042 32558 61804 10350 20253 40047 83252 333 56449 58001=
48043 32556 81807 10250 20219 8587/ 333 56599=
48045 32560 51406 10261 20229 85300 333 56500=
48048 32560 42203 10365 20235 40049 82851 333 56499 58007=
48051 21458 71303 10271 20260 79596 85970 333 56590=
48052 32468 31302 10370 20227 82201 333 56909=
48053 32456 61803 10330 20244 40058 84950 333 56590 58002=
48055 32556 53202 10300 20215 40038 84830 333 56550 59004=
48057 32458 61303 10254 20186 84350 333 56690=
48060 32440 60000 10285 20225 40039 84830 333 56590 59004=
48062 21456 82301 10270 20260 40077 75095 8692/ 333 5659/ 58005=
48064 32570 71401 10368 20291 40044 85830 333 56440 58012=
48065 32568 52203 10370 20258 84501 333 56909=
48071 32460 62305 10325 20275 40076 85930 333 56590 58000=
48074 32459 71403 10322 20265 40078 84860 333 56440 58016=
48072 32460 62701 10330 20275 70222 84830 333 56590=
48075 32558 52202 10315 20200 40056 85300 333 56500 59003=
48077 32559 52301 10354 20240 40063 84901 333 56409 58010=
48078 32560 61404 10326 20247 40086 85801 333 56409 58011=
48080 21459 51303 10300 20253 40068 70165 83970 333 56590 59006=
48085 32458 62209 10322 20265 40082 84976 333 56599 58009=
48087 32560 62302 10345 20240 84341 333 56499=
48092 32457 52301 10330 20244 40071 70322 84801 333 56909 58015=
48093 32658 52301 10332 20258 84801 333 56309=
48094 32457 62202 10325 20285 40075 70322 85940 333 56590 58002=
48095 32460 50000 10320 20281 70222 84840 333 56990=
48097 32557 60000 10320 20248 40089 85801 333 56909 58002=
48099 21458 53201 10322 20265 40086 70155 84930 333 56990 58006=
48101 32560 42301 10327 20244 70122 82321 333 56599=
48103 21456 53201 10303 20253 40084 70166 83730 333 56770 58009=
48107 32350 42301 10330 20258 40087 84900 333 56500 58013=
48108 32596 53203 10350 20240 40088 83306 333 56609 58008=
48109 NIL=
48110 32596 53203 10350 20258 40091 82306 333 56509 58009=
48112 32598 62702 10330 20258 40092 70122 82216 333 56699 58008=  