



*-*-*


<!--
.style2 {
	font-family:"Courier New", Courier, monospace;
	font-size: 14px;
}
-->






SMBM01 VBRR 070600

AAXX 07064

48001 32440 80901 10285 20248 40038 8487/ 333 56559

58002=

48004 32460 61301 10325 20258 86900 333 56500=

48008 32557 61801 10320 20265 40044 84970 333 56440 58018=

48010 32456 80000 10270 20263 40031 8687/ 333 56499

58007=

48018 21558 80000 10290 20230 40032 75022 8497/ 333

56559 59006=

48019 32460 60401 10302 20267 40026 83660 333 56460

58001=

48020 21458 83602 10265 20256 75155 88700 333 56400=

48025 21340 83601 10292 20259 40025 70255 8677/ 333

56559 58010=

48035 31559 80000 10251 20233 40037 76066 8597/ 333

56569 58017=

48037 32560 71402 10336 20240 40001 84870 333 56440

59006=

48042 32558 62201 10345 20262 49997 84950 333 56440

59010=

48045 21001 91403 10196 20196 76264 89/// 333 56999=

48048 21558 81801 10290 20259 40013 72165 8637/ 333

5649/ 58005=

48051 32559 83601 10312 20270 85930 333 56490=

48053 32456 71802 10300 20253 40015 84956 333 56599

58002=

48060 32340 70000 10267 20226 40039 84970 333 56560

58048=

48062 22456 80905 10280 20270 40087 70165 86970 333

56290 59027=

48071 21456 82305 10257 20257 40007 76566 8692/ 333

5659/ 59008=

48075 21457 71801 10240 20226 40053 72165 85770 333

56590 58014=

48077 32559 82301 10300 20253 40015 85931 333 56499

59003=

48078 21440 71801 10281 20259 40036 70255 8477/ 333

56499 59003=

48080 32460 71303 10301 20253 40022 85870 333 56590

59003=

48085 32458 82705 10310 20267 40018 85870 333 56490

59004=

48095 32458 82201 10290 20290 70222 85970 333 56990=

48108 21596 72303 10300 20253 40056 70155 84376 333

56579 59014=

48109 NIL=

48110 32596 81803 10335 20250 40059 84307 333 56509

59009=

48112 21597 81807 10280 20268 40070 72152 84876 333

56499 59005=

48030 21/03 90402 10193 20193 76366 89/// 333 56559=

48072 21459 81804 10280 20265 75055 8697/ 333 5659/=

48087 21456 72302 10300 20266 70355 84971 333 56499=

48099 21440 82301 10275 20268 40042 70265 8697/ 333

5659/ 59007=

48101 32559 62303 10310 20267 70322 84330 333 56590=

48103 21350 82201 10255 20255 40045 75066 8677/ 333

5655/ 59001=

48057 21458 81403 10220 20204 70255 86950 333 56490=

48094 32459 62202 10294 20270 40021 86900 333 56500

59010=

48097 32557 72303 10305 20254 40045 85830 333 56390

59005=

48031 NIL=

48033 21562 70000 10250 20250 40019 70165 86970 333

56890 58005=

48034 21356 83601 10230 20214 75055 8697/ 333 5659/=

48039 32460 60401 10336 20257 84902 333 56404=

48043 32658 61205 10275 20220 84830 333 56590=

48052 22465 71301 10290 20256 85970 333 56390=

48055 32556 71303 10281 20220 40001 86930 333 56550

58002=

48064 32460 83201 10292 20274 49989 84870 333 56440

58001=

48065 32457 82205 10302 20266 85870 333 56490=

48074 32458 71403 10310 20267 40020 85870 333 56440

59016=

48092 22457 62302 10300 20233 40016 70255 85830 333

56690 59007=

48093 32557 81401 10305 20267 86341 333 56599=

48107 32350 62302 10308 20254 40054 84970 333 56550

59006=  





