07-MAY-2015 00 48008 3 2 5 56 4 04 01 10 250 20 186 3 0000 4 0063 5 0000 6 000 0 7 00 0 0 8 3 9 7 0 333 20 225 59 002 6 000 2 7 0000 
07-MAY-2015 00 48010 3 2 5 40 3 00 00 10 230 20 214 3 0000 4 0066 5 0000 6 000 0 7 00 0 0 8 1 4 3 0 333 20 220 59 009 6 000 2 7 0000 
07-MAY-2015 00 48018 3 2 5 56 2 00 00 10 245 20 219 3 0000 4 0073 5 0000 6 000 0 7 00 0 0 8 0 0 1 1 333 20 220 59 024 6 000 2 7 0000 
07-MAY-2015 00 48019 3 2 9 50 0 00 00 10 234 20 214 3 0000 4 0063 5 0000 6 000 0 7 00 0 0 8 0 0 0 0 333 20 230 58 001 6 000 2 7 0000 
07-MAY-2015 00 48025 3 1 4 10 3 27 01 10 252 20 167 3 0000 4 0069 5 0000 6 000 0 7 04 4 4 8 3 8 0 0 333 20 250 58 005 6 000 2 7 0000 
07-MAY-2015 00 48033 3 2 9 60 0 13 01 10 280 20 233 3 0000 4 0077 5 0000 6 000 0 7 00 0 0 8 0 0 0 0 333 20 270 58 018 6 000 2 7 0000 
07-MAY-2015 00 48035 3 1 9 10 0 00 00 10 174 20 154 3 0000 4 0087 5 0000 6 000 0 7 10 0 0 8 0 0 0 0 333 20 168 59 005 6 000 2 7 0000 
07-MAY-2015 00 48037 3 2 9 40 0 00 00 10 272 20 211 3 0000 4 0060 5 0000 6 000 0 7 00 0 0 8 0 0 0 0 333 20 262 58 009 6 000 2 7 0000 
07-MAY-2015 00 48042 3 2 5 56 1 18 02 10 283 20 220 3 0000 4 0062 5 0000 6 000 0 7 00 0 0 8 1 4 0 0 333 20 270 58 006 6 000 2 7 0000 
07-MAY-2015 00 48048 3 2 5 50 1 00 00 10 265 20 229 3 0000 4 0063 5 0000 6 000 0 7 00 0 0 8 1 5 0 0 333 20 259 58 011 6 000 2 7 0000 
07-MAY-2015 00 48053 2 2 4 50 5 18 01 10 250 20 219 3 0000 4 0071 5 0000 6 000 0 7 00 0 0 8 2 5 5 0 333 20 239 58 023 6 009 2 7 0000 
07-MAY-2015 00 48055 3 2 5 56 2 00 00 10 172 20 169 3 0000 4 0103 5 0000 6 000 0 7 00 0 0 8 1 5 0 1 333 20 162 58 011 6 000 2 7 0000 
07-MAY-2015 00 48060 3 1 9 20 4 00 00 10 200 20 185 3 0000 4 0096 5 0000 6 000 0 7 40 4 4 8 0 0 3 6 333 20 186 58 011 6 000 2 7 0000 
07-MAY-2015 00 48062 3 2 5 56 7 00 00 10 270 20 260 3 0000 4 0081 5 0000 6 000 0 7 00 0 0 8 5 9 7 0 333 20 235 58 012 6 000 2 7 0000 
07-MAY-2015 00 48064 3 2 9 50 0 04 01 10 280 20 233 3 0000 4 0041 5 0000 6 000 0 7 00 0 0 8 0 0 0 0 333 20 215 58 011 6 000 2 7 0000 
07-MAY-2015 00 48071 3 2 4 56 2 32 02 10 285 20 248 3 0000 4 0076 5 0000 6 000 0 7 00 0 0 8 2 8 0 0 333 20 280 58 003 6 000 2 7 0000 
07-MAY-2015 00 48074 2 1 4 57 2 00 00 10 247 20 233 3 0000 4 0083 5 0000 6 000 0 7 01 9 6 8 2 5 0 0 333 20 223 58 004 6 006 2 7 0000 
07-MAY-2015 00 48075 2 1 4 56 4 00 00 10 195 20 195 3 0000 4 0106 5 0000 6 000 0 7 02 9 5 8 2 5 0 5 333 20 170 58 008 6 001 2 7 0000 
07-MAY-2015 00 48077 2 1 5 56 4 00 00 10 264 20 246 3 0000 4 0060 5 0000 6 000 0 7 01 9 6 8 3 8 0 1 333 20 240 58 005 6 020 2 7 0000 
07-MAY-2015 00 48078 2 2 5 50 3 00 00 10 246 20 230 3 0000 4 0083 5 0000 6 000 0 7 00 0 0 8 2 5 0 1 333 20 225 58 012 6 000 2 7 0000 
07-MAY-2015 00 48080 3 2 4 56 6 32 01 10 272 20 240 3 0000 4 0093 5 0000 6 000 0 7 00 0 0 8 4 8 7 0 333 20 252 59 016 6 000 2 7 0000 
07-MAY-2015 00 48092 3 1 5 30 3 00 00 10 260 20 253 3 0000 4 0059 5 0000 6 000 0 7 10 1 1 8 2 4 0 1 333 20 250 58 008 6 000 2 7 0000 
07-MAY-2015 00 48094 3 2 4 56 3 00 00 10 270 20 250 3 0000 4 0080 5 0000 6 000 0 7 00 0 0 8 3 9 0 0 333 20 248 58 008 6 000 2 7 0000 
07-MAY-2015 00 48097 3 2 5 56 3 23 01 10 260 20 246 3 0000 4 0080 5 0000 6 000 0 7 00 0 0 8 1 5 0 1 333 20 245 59 002 6 000 2 7 0000 
07-MAY-2015 00 48099 3 2 4 50 3 18 01 10 265 20 246 3 0000 4 0084 5 0000 6 000 0 7 00 0 0 8 2 9 0 1 333 20 242 58 005 6 000 2 7 0000 
07-MAY-2015 00 48103 3 2 4 40 7 32 01 10 270 20 240 3 0000 4 0083 5 0000 6 000 0 7 00 0 0 8 6 8 3 0 333 20 252 58 008 6 000 2 7 0000 
07-MAY-2015 00 48107 3 2 3 40 4 27 01 10 240 20 226 3 0000 4 0089 5 0000 6 000 0 7 00 0 0 8 4 9 0 0 333 20 232 58 008 6 000 2 7 0000 
07-MAY-2015 00 48108 2 1 5 94 5 00 00 10 255 20 248 3 0000 4 0091 5 0000 6 000 0 7 10 2 2 8 3 4 0 6 333 20 245 58 004 6 004 2 7 0000 
07-MAY-2015 00 48110 2 1 5 95 6 13 01 10 270 20 256 3 0000 4 0093 5 0000 6 000 0 7 05 2 2 8 3 3 0 6 333 20 265 58 005 6 990 2 7 0000 
