07-MAY-2015 12 48004 3 2 4 60 5 32 02 10 304 20 185 3 0000 4 0000 5 0000 6 000 0 7 00 0 0 8 5 9 0 0 333 10 350 58 000 6 000 0 7 0000 
07-MAY-2015 12 48008 3 2 4 50 8 36 01 10 346 20 202 3 0000 4 0029 5 0000 6 000 0 7 00 0 0 8 4 9 7 / 333 10 382 58 008 6 000 0 7 0000 
07-MAY-2015 12 48010 2 1 4 50 8 00 00 10 255 20 229 3 0000 4 0050 5 0000 6 000 0 7 02 9 6 8 4 9 7 / 333 10 373 58 028 6 005 2 7 0000 
07-MAY-2015 12 48018 3 2 5 56 3 14 01 10 365 20 214 3 0000 4 0031 5 0000 6 000 0 7 00 0 0 8 4 3 7 0 333 10 395 58 022 6 000 0 7 0000 
07-MAY-2015 12 48019 3 2 4 56 1 00 00 10 361 20 249 3 0000 4 0016 5 0000 6 000 0 7 00 0 0 8 0 0 0 1 333 10 387 58 000 6 000 0 7 0000 
07-MAY-2015 12 48025 3 2 4 40 7 32 04 10 330 20 191 3 0000 4 0038 5 0000 6 000 0 7 00 0 0 8 5 8 7 0 333 10 401 58 025 6 000 0 7 0000 
07-MAY-2015 12 48030 3 2 3 56 7 22 02 10 240 20 136 3 0000 4 0000 5 0000 6 000 0 7 00 0 0 8 5 9 4 0 333 10 276 58 000 6 000 0 7 0000 
07-MAY-2015 12 48033 3 2 5 62 3 00 00 10 390 20 253 3 0000 4 0011 5 0000 6 000 0 7 00 0 0 8 3 9 0 0 333 10 410 59 014 6 000 0 7 0000 
07-MAY-2015 12 48034 3 2 4 57 3 23 01 10 302 20 149 3 0000 4 0000 5 0000 6 000 0 7 00 0 0 8 3 8 0 0 333 10 337 58 000 6 000 0 7 0000 
07-MAY-2015 12 48035 3 1 5 40 3 00 00 10 317 20 140 3 0000 4 0002 5 0000 6 000 0 7 05 0 0 8 3 8 0 0 333 10 360 59 001 6 000 0 7 0000 
07-MAY-2015 12 48037 3 1 5 57 5 00 00 10 395 20 230 3 0000 4 0002 5 0000 6 000 0 7 17 9 9 8 4 9 3 0 333 10 422 59 008 6 000 0 7 0000 
07-MAY-2015 12 48042 3 1 5 57 7 13 02 10 390 20 213 3 0000 4 0006 5 0000 6 000 0 7 17 9 9 8 5 9 6 0 333 10 425 59 011 6 000 0 7 0000 
07-MAY-2015 12 48043 3 2 0 30 4 00 00 10 310 20 189 3 0000 4 0000 5 0000 6 000 0 7 00 0 0 8 0 0 0 6 333 10 335 58 000 6 000 0 7 0000 
07-MAY-2015 12 48045 3 1 5 56 6 14 02 10 268 20 133 3 0000 4 0000 5 0000 6 000 0 7 17 9 9 8 5 3 0 8 333 10 321 58 000 6 000 0 7 0000 
07-MAY-2015 12 48048 2 1 5 50 3 18 01 10 340 20 206 3 0000 4 0028 5 0000 6 000 0 7 20 5 5 8 4 9 0 0 333 10 430 58 012 6 990 2 7 0000 
07-MAY-2015 12 48053 2 1 4 50 8 36 01 10 330 20 244 3 0000 4 0025 5 0000 6 000 0 7 17 9 5 8 5 9 5 0 333 10 385 59 010 6 001 2 7 0000 
07-MAY-2015 12 48055 2 1 5 56 7 00 00 10 307 20 177 3 0000 4 0012 5 0000 6 000 0 7 50 5 5 8 5 9 4 6 333 10 360 59 022 6 990 2 7 0000 
07-MAY-2015 12 48060 3 1 9 30 2 22 01 10 320 20 163 3 0000 4 0007 5 0000 6 000 0 7 03 2 2 8 0 0 0 6 333 10 360 59 003 6 000 0 7 0000 
07-MAY-2015 12 48071 3 2 9 56 0 27 03 10 315 20 265 3 0000 4 0069 5 0000 6 000 0 7 00 0 0 8 0 0 0 0 333 10 350 58 005 6 000 0 7 0000 
07-MAY-2015 12 48074 3 1 4 56 8 22 04 10 340 20 270 3 0000 4 0041 5 0000 6 000 0 7 17 9 9 8 4 9 7 / 333 10 377 58 003 6 000 0 7 0000 
07-MAY-2015 12 48075 3 1 4 56 4 27 01 10 270 20 191 3 0000 4 0061 5 0000 6 000 0 7 01 9 2 8 2 3 3 1 333 10 332 59 014 6 000 0 7 0000 
07-MAY-2015 12 48078 3 2 5 56 4 14 01 10 349 20 240 3 0000 4 0046 5 0000 6 000 0 7 00 0 0 8 3 9 0 3 333 10 375 58 016 6 000 0 7 0000 
07-MAY-2015 12 48080 3 2 4 57 5 22 04 10 312 20 267 3 0000 4 0064 5 0000 6 000 0 7 00 0 0 8 3 8 7 0 333 10 365 58 010 6 000 0 7 0000 
07-MAY-2015 12 48085 3 2 4 57 6 32 04 10 302 20 253 3 0000 4 0061 5 0000 6 000 0 7 00 0 0 8 5 8 0 6 333 10 345 58 007 6 000 0 7 0000 
07-MAY-2015 12 48092 3 1 9 56 0 23 04 10 350 20 228 3 0000 4 0024 5 0000 6 000 0 7 05 0 0 8 0 0 0 0 333 10 385 58 013 6 000 0 7 0000 
07-MAY-2015 12 48093 3 2 9 50 1 23 01 10 320 20 248 3 0000 4 0000 5 0000 6 000 0 7 00 0 0 8 0 0 0 1 333 10 376 58 000 6 000 0 7 0000 
07-MAY-2015 12 48094 3 2 4 56 2 32 02 10 316 20 250 3 0000 4 0061 5 0000 6 000 0 7 00 0 0 8 2 5 0 0 333 10 368 58 004 6 000 0 7 0000 
07-MAY-2015 12 48095 3 2 4 56 2 18 02 10 345 20 257 3 0000 4 0000 5 0000 6 000 0 7 00 0 0 8 2 8 0 0 333 10 380 58 000 6 000 0 7 0000 
07-MAY-2015 12 48097 3 2 5 57 5 23 01 10 350 20 219 3 0000 4 0067 5 0000 6 000 0 7 00 0 0 8 2 5 0 6 333 10 395 58 000 6 000 0 7 0000 
07-MAY-2015 12 48099 3 2 4 56 3 23 01 10 332 20 244 3 0000 4 0056 5 0000 6 000 0 7 00 0 0 8 2 9 0 1 333 10 378 59 001 6 000 0 7 0000 
07-MAY-2015 12 48101 3 2 5 56 2 18 02 10 320 20 248 3 0000 4 0000 5 0000 6 000 0 7 00 0 0 8 1 2 0 1 333 10 258 58 000 6 000 0 7 0000 
07-MAY-2015 12 48103 3 2 4 50 4 22 01 10 318 20 248 3 0000 4 0063 5 0000 6 000 0 7 00 0 0 8 3 8 3 0 333 10 375 58 008 6 000 0 7 0000 
07-MAY-2015 12 48107 3 2 3 40 4 27 01 10 320 20 265 3 0000 4 0068 5 0000 6 000 0 7 00 0 0 8 2 9 0 6 333 10 374 59 001 6 000 0 7 0000 
07-MAY-2015 12 48108 3 2 5 96 7 32 01 10 310 20 245 3 0000 4 0079 5 0000 6 000 0 7 00 0 0 8 4 3 0 6 333 10 330 58 007 6 000 0 7 0000 
07-MAY-2015 12 48109 3 2 4 96 2 00 00 10 338 20 288 3 0000 4 0064 5 0000 6 000 0 7 00 0 0 8 2 9 0 0 333 10 357 59 011 6 000 0 7 0000 
07-MAY-2015 12 48110 3 2 4 96 8 32 03 10 315 20 259 3 0000 4 0075 5 0000 6 000 0 7 00 0 0 8 3 3 0 7 333 10 345 59 002 6 000 0 7 0000 
07-MAY-2015 12 48112 3 2 5 98 6 04 01 10 325 20 265 3 0000 4 0070 5 0000 6 000 0 7 21 2 2 8 2 2 1 6 333 10 372 58 000 6 000 0 7 0000 
