070600 48001 32440 72201 10260 20215 40090 85930 333 56460 58014=
070600 48004 32560 50401 10340 20206 81100 333 56900=
070600 48008 32958 00401 10352 20158 40066 333 59001=
070600 48010 32560 30000 10305 20239 40063 83400 333 56900 59003=
070600 48018 32960 01402 10370 20190 40062 333 59011=
070600 48019 31967 02701 10357 20219 40067 70544 333 58002=
070600 48020 32958 03602 10375 20240=
070600 48025 32440 31401 10377 20203 40069 70444 82540 333 56560 58004=
070600 48030 32957 02201 10267 20119=
070600 48031 32958 01401 10295 20115 70500=
070600 48033 32963 01801 10380 20187 40067 333 58016=
070600 48034 32457 31802 10327 20172 83800 333 56500=
070600 48035 31550 10000 10336 20206 40046 70500 81200 333 56500 58017=
070600 48037 32960 01401 10380 20203 40056 333 58001=
070600 48039 32860 31401 10373 20227 80002 333 56009=
070600 48042 32958 01305 10380 20221 40054 333 59005=
070600 48043 32759 11805 10315 20163 82200 333 56900=
070600 48045 31560 40402 10309 20124 70444 83840 333 56550=
070600 48048 32960 01801 10395 20230 40062 333 58010=
070600 48051 32559 10404 10362 20250 70111 81200 333 56900=
070600 48052 32970 02201 10402 20246=
070600 48053 32956 01803 10350 20266 40071 58005=
070600 48055 32556 22302 10348 20105 40042 82800 333 56500 58004=
070600 48057 32458 32202 10290 20140 83300 333 56500=
070600 48060 31440 12201 10345 20152 40040 70522 81100 333 56500 58004=
070600 48062 32558 42706 10330 20290 40091 70122 82231 333 56699 58006=
070600 48064 32970 01401 10396 20279 40053 333 58013=
070600 48065 32970 00000 10386 20253=
070600 48071 32460 43204 10333 20258 40094 83830 333 56990 59002=
070600 48072 32460 50404 10345 20280 70122 84830 333 56590=
070600 48074 32960 02703 10340 20257 40083 333 58009=
070600 48075 32457 21801 10310 20203 40076 70311 82100 333 56500 58005=
070600 48077 32559 42302 10357 20249 40069 83801 333 56909 58006=
070600 48078 32558 31801 10343 20257 40094 82201 333 56909 58019=
070600 48080 32461 32205 10351 20240 40080 82830 333 56690 58010=
070600 48085 32458 73206 10332 20258 40096 85870 333 56990 58013=
070600 48087 32560 42302 10370 20227 83840 333 56490=
070600 48092 32458 52304 10360 20235 40067 85800 333 56900 58006=
070600 48093 32658 43201 10367 20246 70311 84800 333 56500=
070600 48094 32460 63202 10355 20240 40091 86900 333 56600 58012=
070600 48095 32458 52202 10360 20249 83840 333 56990=
070600 48097 32557 72302 10350 20240 40099 83300 333 56900 58008=
070600 48099 32556 32303 10376 20221 40084 83800 333 56500 58006=
070600 48101 32560 22301 10340 20240 70111 82300 333 56500=
070600 48103 32457 63201 10358 20249 40093 86800 333 56700 58011=
070600 48107 32350 42302 10347 20240 40090 84900 333 56500 58008=
070600 48108 32596 83205 10330 20275 40104 84300 333 56699 58016=
070600 48110 31596 73202 10330 20258 40101 70299 84306 333 56909 58010=
