071800 48008 31410 80000 10280 20203 40052 70290 8497/ 333 56569 58014=
071800 48010 22401 80000 10240 20226 40068 8577/ 333 56569 58014=
071800 48018 21430 80000 10265 20229 40080 72095 83370 333 56550 58021=
071800 48025 32905 01401 10300 20166 40085 333 58029=
071800 48042 21550 63602 10303 20223 40058 70195 84950 333 56880 58011=
071800 48053 22440 43602 10260 20229 40081 83550 333 56590 58028=
071800 48057 22957 21802 10210 20175 80001 333 56009=
071800 48060 32420 22201 10230 20181 40050 70222 82100 333 56500 59014=
071800 48062 32540 62703 10290 20260 40091 85930 333 56690 58007=
071800 48071 32930 00000 10290 20259 40065 333 58000=
071800 48080 32450 32201 10280 20250 40099 82870 333 56990 58020=
071800 48094 32450 30000 10280 20250 40073 83900 333 56900 59010=
071800 48097 32556 52301 10290 20248 40087 82506 333 56909 58004=
071800 48099 32430 20000 10270 20250 40087 82500 333 56900 58000=
071800 48103 32410 61401 10294 20248 40068 82830 333 56330 59002=
071800 48108 32595 73201 10260 20246 40095 84306 333 56909 58009=
071800 48109 32495 20000 10293 20259 40077 82900 333 56900 59004=
071800 48110 31595 80000 10285 20262 40090 70299 82357 333 56999 59004=
071800 48112 32596 60401 10300 20266 40080 82246 333 56199 59014=  
