070600 48051 32560 23604 10304 20240 70311 82200 333 56900=
070600 48062 32458 20902 10315 20280 40128 82200 333 56900 58013=
070600 48071 32960 03203 10300 20253 40124 333 58010=
070600 48072 32460 13202 10315 20265 70111 81200 333 56900=
070600 48075 32458 51401 10290 20196 40109 70222 84830 333 56590 58005=
070600 48077 32559 20401 10324 20236 40122 81201 333 56909 58018=
070600 48078 32560 22703 10321 20242 40122 81201 333 56909 58016=
070600 48080 32961 01302 10326 20258 40120 333 58006=
070600 48085 32458 13203 10322 20265 40116 81100 333 56800 58013=
070600 48087 32960 10402 10325 20236 70110 80001 333 56009=
070600 48092 32557 30402 10330 20244 40107 81431 333 56999 58022=
070600 48093 32958 10401 10346 20240 80001 333 56009=
070600 48094 32460 20402 10342 20240 40116 70211 81501 333 56909 58013=
070600 48095 32560 30402 10315 20254 70300 80002 333 56009=
070600 48096 32959 30603 10320 20224 40116 70222 80002 333 56009 58010=  
070600 48097 32957 40805 10330 20224 40115 80006 333 56009 58000=
070600 48099 32456 53201 10344 20257 40104 84901 333 56909 58011=
070600 48101 32960 33602 10330 20244 70311 80005 333 56009=
070600 48103 32457 40403 10352 20237 40106 70211 84800 333 56100 58016=
070600 48107 32350 63201 10330 20256 40104 84970 333 56110 58014=
070600 48108 32596 70503 10330 20244 40108 84336 333 56299 58015=
070600 48110 32596 83202 10315 20274 40107 84357 333 56999 58011=
070600 48112 32597 83202 10293 20259 40101 70222 83876 333 56799 59008=
