07-NOV-2015 06 48051 3 2 5 60 2 36 04 10 304 20 240 3 0000 4 0000 5 0000 6 000 0 7 03 1 1 8 2 2 0 0 333 10 /// 58 000 6 000 0 7 0000 
07-NOV-2015 06 48062 3 2 4 58 2 09 02 10 315 20 280 3 0000 4 0128 5 0000 6 000 0 7 00 0 0 8 2 2 0 0 333 10 /// 58 013 6 000 0 7 0000 
07-NOV-2015 06 48071 3 2 9 60 0 32 03 10 300 20 253 3 0000 4 0124 5 0000 6 000 0 7 00 0 0 8 0 0 0 0 333 10 /// 58 010 6 000 0 7 0000 
07-NOV-2015 06 48072 3 2 4 60 1 32 02 10 315 20 265 3 0000 4 0000 5 0000 6 000 0 7 01 1 1 8 1 2 0 0 333 10 /// 58 000 6 000 0 7 0000 
07-NOV-2015 06 48075 3 2 4 58 5 14 01 10 290 20 196 3 0000 4 0109 5 0000 6 000 0 7 02 2 2 8 4 8 3 0 333 10 /// 58 005 6 000 0 7 0000 
07-NOV-2015 06 48077 3 2 5 59 2 04 01 10 324 20 236 3 0000 4 0122 5 0000 6 000 0 7 00 0 0 8 1 2 0 1 333 10 /// 58 018 6 000 0 7 0000 
07-NOV-2015 06 48078 3 2 5 60 2 27 03 10 321 20 242 3 0000 4 0122 5 0000 6 000 0 7 00 0 0 8 1 2 0 1 333 10 /// 58 016 6 000 0 7 0000 
07-NOV-2015 06 48080 3 2 9 61 0 13 02 10 326 20 258 3 0000 4 0120 5 0000 6 000 0 7 00 0 0 8 0 0 0 0 333 10 /// 58 006 6 000 0 7 0000 
07-NOV-2015 06 48085 3 2 4 58 1 32 03 10 322 20 265 3 0000 4 0116 5 0000 6 000 0 7 00 0 0 8 1 1 0 0 333 10 /// 58 013 6 000 0 7 0000 
07-NOV-2015 06 48087 3 2 9 60 1 04 02 10 325 20 236 3 0000 4 0000 5 0000 6 000 0 7 01 1 0 8 0 0 0 1 333 10 /// 58 000 6 000 0 7 0000 
07-NOV-2015 06 48092 3 2 5 57 3 04 02 10 330 20 244 3 0000 4 0107 5 0000 6 000 0 7 00 0 0 8 1 4 3 1 333 10 /// 58 022 6 000 0 7 0000 
07-NOV-2015 06 48093 3 2 9 58 1 04 01 10 346 20 240 3 0000 4 0000 5 0000 6 000 0 7 00 0 0 8 0 0 0 1 333 10 /// 58 000 6 000 0 7 0000 
07-NOV-2015 06 48094 3 2 4 60 2 04 02 10 342 20 240 3 0000 4 0116 5 0000 6 000 0 7 02 1 1 8 1 5 0 1 333 10 /// 58 013 6 000 0 7 0000 
07-NOV-2015 06 48095 3 2 5 60 3 04 02 10 315 20 254 3 0000 4 0000 5 0000 6 000 0 7 03 0 0 8 0 0 0 2 333 10 /// 58 000 6 000 0 7 0000 
07-NOV-2015 06 48096 3 2 9 59 3 06 03 10 320 20 224 3 0000 4 0116 5 0000 6 000 0 7 02 2 2 8 0 0 0 2 333 10 /// 58 010 6 000 0 7 0000 
07-NOV-2015 06 48097 3 2 9 57 4 08 05 10 330 20 224 3 0000 4 0115 5 0000 6 000 0 7 00 0 0 8 0 0 0 6 333 10 /// 58 000 6 000 0 7 0000 
07-NOV-2015 06 48099 3 2 4 56 5 32 01 10 344 20 257 3 0000 4 0104 5 0000 6 000 0 7 00 0 0 8 4 9 0 1 333 10 /// 58 011 6 000 0 7 0000 
07-NOV-2015 06 48101 3 2 9 60 3 36 02 10 330 20 244 3 0000 4 0000 5 0000 6 000 0 7 03 1 1 8 0 0 0 5 333 10 /// 58 000 6 000 0 7 0000 
07-NOV-2015 06 48103 3 2 4 57 4 04 03 10 352 20 237 3 0000 4 0106 5 0000 6 000 0 7 02 1 1 8 4 8 0 0 333 10 /// 58 016 6 000 0 7 0000 
07-NOV-2015 06 48107 3 2 3 50 6 32 01 10 330 20 256 3 0000 4 0104 5 0000 6 000 0 7 00 0 0 8 4 9 7 0 333 10 /// 58 014 6 000 0 7 0000 
07-NOV-2015 06 48108 3 2 5 96 7 05 03 10 330 20 244 3 0000 4 0108 5 0000 6 000 0 7 00 0 0 8 4 3 3 6 333 10 /// 58 015 6 000 0 7 0000 
07-NOV-2015 06 48110 3 2 5 96 8 32 02 10 315 20 274 3 0000 4 0107 5 0000 6 000 0 7 00 0 0 8 4 3 5 7 333 10 /// 58 011 6 000 0 7 0000 
07-NOV-2015 06 48112 3 2 5 97 8 32 02 10 293 20 259 3 0000 4 0101 5 0000 6 000 0 7 02 2 2 8 3 8 7 6 333 10 /// 59 008 6 000 0 7 0000 
