07-OCT-2015 06 48001 3 2 4 40 3 36 01 10 295 20 266 3 0000 4 0107 5 0000 6 000 0 7 00 0 0 8 3 8 0 0 333 10 /// 59 004 6 000 0 7 0000 
07-OCT-2015 06 48004 3 2 3 58 7 22 01 10 298 20 253 3 0000 4 0000 5 0000 6 000 0 7 00 0 0 8 7 9 0 0 333 10 /// 58 000 6 000 0 7 0000 
07-OCT-2015 06 48008 3 2 5 57 6 36 01 10 330 20 248 3 0000 4 0108 5 0000 6 000 0 7 00 0 0 8 3 9 7 0 333 10 /// 58 001 6 000 0 7 0000 
07-OCT-2015 06 48010 2 1 4 40 8 00 00 10 245 20 245 3 0000 4 0115 5 0000 6 000 0 7 63 6 6 8 6 7 7 / 333 10 /// 58 014 6 000 0 7 0000 
07-OCT-2015 06 48018 2 1 5 58 7 22 01 10 285 20 250 3 0000 4 0127 5 0000 6 000 0 7 20 5 5 8 4 8 7 / 333 10 /// 58 015 6 000 0 7 0000 
07-OCT-2015 06 48019 2 2 4 57 8 32 02 10 276 20 250 3 0000 4 0117 5 0000 6 000 0 7 00 0 0 8 5 7 7 / 333 10 /// 58 015 6 000 0 7 0000 
07-OCT-2015 06 48020 2 1 4 57 7 04 05 10 275 20 253 3 0000 4 0000 5 0000 6 000 0 7 01 5 5 8 5 3 7 0 333 10 /// 58 000 6 000 0 7 0000 
07-OCT-2015 06 48025 3 2 2 40 7 36 02 10 293 20 248 3 0000 4 0112 5 0000 6 000 0 7 00 0 0 8 5 7 7 0 333 10 /// 59 003 6 000 0 7 0000 
07-OCT-2015 06 48030 2 1 / 09 9 04 02 10 188 20 188 3 0000 4 0000 5 0000 6 000 0 7 50 5 5 8 9 / / / 333 10 /// 58 000 6 000 0 7 0000 
07-OCT-2015 06 48031 3 1 / 06 9 14 01 10 205 20 185 3 0000 4 0000 5 0000 6 000 0 7 47 4 4 8 9 / / / 333 10 /// 58 000 6 000 0 7 0000 
07-OCT-2015 06 48033 3 2 5 63 5 18 01 10 310 20 254 3 0000 4 0109 5 0000 6 000 0 7 00 0 0 8 5 9 0 0 333 10 /// 58 012 6 000 0 7 0000 
07-OCT-2015 06 48034 2 1 4 56 8 04 02 10 230 20 198 3 0000 4 0000 5 0000 6 000 0 7 01 5 5 8 6 3 7 / 333 10 /// 58 000 6 000 0 7 0000 
07-OCT-2015 06 48035 2 1 3 56 8 00 00 10 261 20 229 3 0000 4 0091 5 0000 6 000 0 7 17 9 6 8 5 9 7 / 333 10 /// 58 019 6 000 0 7 0000 
07-OCT-2015 06 48037 3 2 5 60 6 18 01 10 307 20 267 3 0000 4 0109 5 0000 6 000 0 7 00 0 0 8 5 3 0 2 333 10 /// 58 010 6 000 0 7 0000 
07-OCT-2015 06 48039 3 2 4 60 5 00 00 10 313 20 254 3 0000 4 0000 5 0000 6 000 0 7 00 0 0 8 3 1 0 2 333 10 /// 58 000 6 000 0 7 0000 
07-OCT-2015 06 48042 3 2 5 59 5 13 01 10 312 20 239 3 0000 4 0091 5 0000 6 000 0 7 00 0 0 8 3 2 5 2 333 10 /// 58 002 6 000 0 7 0000 
07-OCT-2015 06 48043 3 2 5 57 5 18 05 10 250 20 219 3 0000 4 0000 5 0000 6 000 0 7 00 0 0 8 3 2 3 0 333 10 /// 58 000 6 000 0 7 0000 
07-OCT-2015 06 48048 3 2 5 60 7 22 01 10 310 20 254 3 0000 4 0105 5 0000 6 000 0 7 59 5 0 8 0 0 0 0 333 10 /// 59 002 6 000 0 7 0000 
07-OCT-2015 06 48052 3 2 4 68 5 00 00 10 314 20 267 3 0000 4 0000 5 0000 6 000 0 7 00 0 0 8 5 9 0 0 333 10 /// 58 000 6 000 0 7 0000 
07-OCT-2015 06 48053 3 2 4 58 5 22 02 10 320 20 236 3 0000 4 0104 5 0000 6 000 0 7 00 0 0 8 3 9 5 6 333 10 /// 58 001 6 000 0 7 0000 
07-OCT-2015 06 48055 3 2 5 56 5 13 08 10 275 20 222 3 0000 4 0094 5 0000 6 000 0 7 00 0 0 8 4 3 3 0 333 10 /// 59 003 6 000 0 7 0000 
07-OCT-2015 06 48057 3 2 4 57 6 14 02 10 240 20 191 3 0000 4 0000 5 0000 6 000 0 7 00 0 0 8 5 3 0 1 333 10 /// 58 000 6 000 0 7 0000 
07-OCT-2015 06 48060 3 2 3 50 6 00 00 10 278 20 227 3 0000 4 0088 5 0000 6 000 0 7 00 0 0 8 4 3 3 0 333 10 /// 59 007 6 000 0 7 0000 
07-OCT-2015 06 48062 3 2 4 56 8 13 08 10 290 20 270 3 0000 4 0089 5 0000 6 000 0 7 02 2 2 8 6 9 7 0 333 10 /// 58 002 6 000 0 7 0000 
07-OCT-2015 06 48064 3 2 4 56 7 04 01 10 308 20 267 3 0000 4 0087 5 0000 6 000 0 7 00 0 0 8 4 8 7 0 333 10 /// 59 006 6 000 0 7 0000 
07-OCT-2015 06 48065 3 2 5 58 6 04 02 10 298 20 253 3 0000 4 0000 5 0000 6 000 0 7 00 0 0 8 5 5 3 0 333 10 /// 58 000 6 000 0 7 0000 
07-OCT-2015 06 48071 2 1 4 58 7 18 01 10 280 20 273 3 0000 4 0093 5 0000 6 000 0 7 20 5 2 8 5 9 7 0 333 10 /// 58 000 6 000 0 7 0000 
07-OCT-2015 06 48072 3 2 4 60 6 18 06 10 310 20 267 3 0000 4 0000 5 0000 6 000 0 7 01 2 2 8 4 8 3 0 333 10 /// 58 000 6 000 0 7 0000 
07-OCT-2015 06 48074 3 2 4 60 6 23 04 10 300 20 253 3 0000 4 0110 5 0000 6 000 0 7 00 0 0 8 2 8 5 0 333 10 /// 59 006 6 000 0 7 0000 
07-OCT-2015 06 48075 3 2 4 57 6 14 02 10 270 20 226 3 0000 4 0120 5 0000 6 000 0 7 00 0 0 8 4 8 3 0 333 10 /// 58 013 6 000 0 7 0000 
07-OCT-2015 06 48077 3 2 5 59 8 23 02 10 300 20 239 3 0000 4 0101 5 0000 6 000 0 7 00 0 0 8 5 9 3 1 333 10 /// 59 001 6 000 0 7 0000 
07-OCT-2015 06 48078 3 2 5 62 6 18 03 10 316 20 251 3 0000 4 0115 5 0000 6 000 0 7 00 0 0 8 4 8 3 1 333 10 /// 58 005 6 000 0 7 0000 
07-OCT-2015 06 48080 3 2 4 60 7 13 03 10 310 20 255 3 0000 4 0092 5 0000 6 000 0 7 00 0 0 8 5 8 7 0 333 10 /// 59 002 6 000 0 7 0000 
07-OCT-2015 06 48085 3 2 4 58 7 14 03 10 300 20 253 3 0000 4 0102 5 0000 6 000 0 7 00 0 0 8 4 3 7 6 333 10 /// 58 008 6 000 0 7 0000 
07-OCT-2015 06 48087 3 2 4 56 8 00 00 10 283 20 250 3 0000 4 0000 5 0000 6 000 0 7 03 2 2 8 5 3 7 / 333 10 /// 58 000 6 000 0 7 0000 
07-OCT-2015 06 48092 3 2 4 57 7 13 03 10 290 20 248 3 0000 4 0106 5 0000 6 000 0 7 00 0 0 8 5 9 7 0 333 10 /// 58 012 6 000 0 7 0000 
07-OCT-2015 06 48093 2 1 5 57 8 14 01 10 278 20 250 3 0000 4 0000 5 0000 6 000 0 7 02 5 5 8 6 3 7 / 333 10 /// 58 000 6 000 0 7 0000 
07-OCT-2015 06 48094 2 1 4 58 8 22 02 10 258 20 258 3 0000 4 0106 5 0000 6 000 0 7 61 6 6 8 5 9 2 / 333 10 /// 58 002 6 000 0 7 0000 
07-OCT-2015 06 48095 2 1 4 58 8 18 02 10 260 20 260 3 0000 4 0000 5 0000 6 000 0 7 51 5 5 8 4 9 7 0 333 10 /// 58 000 6 000 0 7 0000 
07-OCT-2015 06 48096 3 1 4 57 8 14 05 10 260 20 246 3 0000 4 0119 5 0000 6 000 0 7 50 5 5 8 6 9 7 / 333 10 /// 58 000 6 000 0 7 0000 
07-OCT-2015 06 48097 2 1 5 57 8 23 02 10 265 20 258 3 0000 4 0129 5 0000 6 000 0 7 50 6 5 8 5 3 5 / 333 10 /// 58 006 6 000 0 7 0000 
07-OCT-2015 06 48099 2 1 4 40 8 13 02 10 255 20 246 3 0000 4 0118 5 0000 6 000 0 7 50 5 5 8 6 9 7 / 333 10 /// 58 004 6 000 0 7 0000 
07-OCT-2015 06 48101 2 1 4 57 8 00 00 10 263 20 263 3 0000 4 0000 5 0000 6 000 0 7 51 5 5 8 5 9 2 / 333 10 /// 58 000 6 000 0 7 0000 
07-OCT-2015 06 48103 2 1 3 56 7 22 02 10 282 20 250 3 0000 4 0123 5 0000 6 000 0 7 21 6 6 8 5 7 7 0 333 10 /// 58 005 6 000 0 7 0000 
07-OCT-2015 06 48107 3 2 3 50 6 13 02 10 300 20 253 3 0000 4 0115 5 0000 6 000 0 7 00 0 0 8 4 9 7 0 333 10 /// 58 002 6 000 0 7 0000 
07-OCT-2015 06 48108 3 2 4 95 6 23 05 10 323 20 262 3 0000 4 0127 5 0000 6 000 0 7 00 0 0 8 4 3 7 6 333 10 /// 59 014 6 000 0 7 0000 
07-OCT-2015 06 48109 3 1 4 97 7 27 01 10 280 20 274 3 0000 4 0112 5 0000 6 000 0 7 51 2 2 8 5 9 7 0 333 10 /// 58 003 6 000 0 7 0000 
07-OCT-2015 06 48110 3 2 5 96 6 23 04 10 320 20 265 3 0000 4 0127 5 0000 6 000 0 7 00 0 0 8 4 3 0 6 333 10 /// 59 007 6 000 0 7 0000 
07-OCT-2015 06 48112 3 2 5 97 8 04 02 10 312 20 254 3 0000 4 0126 5 0000 6 000 0 7 02 2 2 8 3 8 7 6 333 10 /// 58 000 6 000 0 7 0000 
