07-OCT-2015 09 48001 3 2 4 40 6 04 01 10 315 20 292 3 0000 4 0067 5 0000 6 000 0 7 00 0 0 8 2 8 5 0 333 10 /// 59 008 6 000 0 7 0000 
07-OCT-2015 09 48004 2 1 2 30 8 22 01 10 248 20 248 3 0000 4 0000 5 0000 6 000 0 7 95 9 6 8 6 9 7 / 333 10 /// 58 000 6 000 0 7 0000 
07-OCT-2015 09 48008 3 2 5 56 8 23 01 10 295 20 253 3 0000 4 0097 5 0000 6 000 0 7 00 0 0 8 4 9 7 / 333 10 /// 58 026 6 000 0 7 0000 
07-OCT-2015 09 48010 2 2 5 57 7 00 00 10 260 20 253 3 0000 4 0092 5 0000 6 000 0 7 00 0 0 8 4 8 7 0 333 10 /// 58 016 6 000 0 7 0000 
07-OCT-2015 09 48018 2 2 5 59 7 22 01 10 293 20 248 3 0000 4 0096 5 0000 6 000 0 7 02 2 2 8 4 9 7 / 333 10 /// 58 019 6 000 0 7 0000 
07-OCT-2015 09 48019 2 2 4 60 6 23 02 10 287 20 248 3 0000 4 0091 5 0000 6 000 0 7 00 0 0 8 3 6 6 0 333 10 /// 58 026 6 000 0 7 0000 
07-OCT-2015 09 48020 2 1 3 57 7 00 00 10 270 20 256 3 0000 4 0000 5 0000 6 000 0 7 21 6 6 8 5 7 3 0 333 10 /// 58 000 6 000 0 7 0000 
07-OCT-2015 09 48025 2 1 3 40 7 32 01 10 303 20 239 3 0000 4 0084 5 0000 6 000 0 7 50 5 5 8 5 3 7 0 333 10 /// 58 009 6 000 0 7 0000 
07-OCT-2015 09 48030 2 1 / 09 9 04 01 10 189 20 189 3 0000 4 0000 5 0000 6 000 0 7 05 5 4 8 9 / / / 333 10 /// 58 000 6 000 0 7 0000 
07-OCT-2015 09 48031 2 1 2 57 8 18 01 10 200 20 185 3 0000 4 0000 5 0000 6 000 0 7 01 6 4 8 8 8 / / 333 10 /// 58 000 6 000 0 7 0000 
07-OCT-2015 09 48033 3 2 5 63 5 00 00 10 320 20 248 3 0000 4 0078 5 0000 6 000 0 7 00 0 0 8 5 9 0 0 333 10 /// 58 002 6 000 0 7 0000 
07-OCT-2015 09 48034 2 2 4 57 5 18 02 10 262 20 215 3 0000 4 0000 5 0000 6 000 0 7 00 0 0 8 5 3 0 0 333 10 /// 58 000 6 000 0 7 0000 
07-OCT-2015 09 48035 3 1 4 58 7 04 01 10 239 20 226 3 0000 4 0080 5 0000 6 000 0 7 01 9 6 8 5 9 7 0 333 10 /// 58 031 6 000 0 7 0000 
07-OCT-2015 09 48037 3 2 5 60 6 14 01 10 314 20 254 3 0000 4 0071 5 0000 6 000 0 7 00 0 0 8 4 3 0 2 333 10 /// 58 003 6 000 0 7 0000 
07-OCT-2015 09 48039 3 2 4 60 7 00 00 10 323 20 265 3 0000 4 0000 5 0000 6 000 0 7 00 0 0 8 3 8 0 2 333 10 /// 58 000 6 000 0 7 0000 
07-OCT-2015 09 48042 3 2 5 58 4 13 01 10 328 20 244 3 0000 4 0103 5 0000 6 000 0 7 00 0 0 8 3 2 0 6 333 10 /// 58 005 6 000 0 7 0000 
07-OCT-2015 09 48043 3 2 5 58 3 18 05 10 270 20 240 3 0000 4 0000 5 0000 6 000 0 7 00 0 0 8 2 2 0 2 333 10 /// 58 000 6 000 0 7 0000 
07-OCT-2015 09 48045 2 1 / 02 9 04 03 10 195 20 195 3 0000 4 0000 5 0000 6 000 0 7 52 6 4 8 9 / / / 333 10 /// 58 000 6 000 0 7 0000 
07-OCT-2015 09 48048 2 1 5 58 8 22 01 10 290 20 259 3 0000 4 0076 5 0000 6 000 0 7 50 6 5 8 6 9 7 / 333 10 /// 58 004 6 000 0 7 0000 
07-OCT-2015 09 48051 3 2 5 59 8 13 02 10 313 20 270 3 0000 4 0000 5 0000 6 000 0 7 01 2 2 8 5 9 3 0 333 10 /// 58 000 6 000 0 7 0000 
07-OCT-2015 09 48053 3 2 4 60 6 18 03 10 325 20 236 3 0000 4 0074 5 0000 6 000 0 7 00 0 0 8 3 9 5 6 333 10 /// 58 006 6 000 0 7 0000 
07-OCT-2015 09 48055 3 1 5 56 6 09 04 10 269 20 226 3 0000 4 0071 5 0000 6 000 0 7 15 9 9 8 5 9 0 1 333 10 /// 58 026 6 000 0 7 0000 
07-OCT-2015 09 48057 2 1 4 57 6 14 02 10 238 20 191 3 0000 4 0000 5 0000 6 000 0 7 50 5 5 8 5 9 0 1 333 10 /// 58 000 6 000 0 7 0000 
07-OCT-2015 09 48060 3 2 3 50 5 22 01 10 288 20 215 3 0000 4 0058 5 0000 6 000 0 7 00 0 0 8 3 1 3 0 333 10 /// 58 002 6 000 0 7 0000 
07-OCT-2015 09 48062 3 2 4 56 8 18 09 10 300 20 280 3 0000 4 0064 5 0000 6 000 0 7 02 2 2 8 6 9 7 0 333 10 /// 58 008 6 000 0 7 0000 
07-OCT-2015 09 48064 2 2 5 57 6 00 00 10 302 20 266 3 0000 4 0037 5 0000 6 000 0 7 00 0 0 8 4 8 7 0 333 10 /// 59 003 6 001 2 7 0000 
07-OCT-2015 09 48071 2 1 3 56 8 23 02 10 258 20 258 3 0000 4 0078 5 0000 6 000 0 7 63 6 6 8 6 9 2 / 333 10 /// 58 010 6 000 0 7 0000 
07-OCT-2015 09 48072 2 1 4 58 8 18 05 10 265 20 256 3 0000 4 0000 5 0000 6 000 0 7 60 5 5 8 6 9 7 0 333 10 /// 58 000 6 000 0 7 0000 
07-OCT-2015 09 48074 3 2 5 61 3 14 04 10 330 20 258 3 0000 4 0080 5 0000 6 000 0 7 00 0 0 8 2 3 0 1 333 10 /// 58 006 6 000 0 7 0000 
07-OCT-2015 09 48075 3 2 4 58 6 14 03 10 290 20 230 3 0000 4 0072 5 0000 6 000 0 7 00 0 0 8 5 8 0 1 333 10 /// 58 003 6 000 0 7 0000 
07-OCT-2015 09 48077 3 2 5 59 7 23 02 10 294 20 248 3 0000 4 0078 5 0000 6 000 0 7 01 6 2 8 5 9 3 1 333 10 /// 58 009 6 000 0 7 0000 
07-OCT-2015 09 48078 3 2 5 62 5 18 04 10 316 20 251 3 0000 4 0091 5 0000 6 000 0 7 00 0 0 8 4 3 0 1 333 10 /// 58 006 6 000 0 7 0000 
07-OCT-2015 09 48080 3 2 4 59 7 13 07 10 292 20 259 3 0000 4 0077 5 0000 6 000 0 7 00 0 0 8 5 8 7 0 333 10 /// 58 012 6 000 0 7 0000 
07-OCT-2015 09 48092 3 2 4 57 7 13 02 10 298 20 263 3 0000 4 0075 5 0000 6 000 0 7 00 0 0 8 5 9 7 0 333 10 /// 58 011 6 000 0 7 0000 
07-OCT-2015 09 48093 2 1 5 57 6 04 02 10 278 20 268 3 0000 4 0000 5 0000 6 000 0 7 50 6 5 8 4 3 7 0 333 10 /// 58 000 6 000 0 7 0000 
07-OCT-2015 09 48094 2 1 4 58 8 22 03 10 267 20 260 3 0000 4 0082 5 0000 6 000 0 7 03 6 6 8 5 9 7 / 333 10 /// 58 004 6 000 0 7 0000 
07-OCT-2015 09 48095 2 2 4 58 8 00 00 10 280 20 268 3 0000 4 0000 5 0000 6 000 0 7 02 2 2 8 3 9 7 0 333 10 /// 58 000 6 000 0 7 0000 
07-OCT-2015 09 48096 2 1 4 57 8 19 05 10 280 20 250 3 0000 4 0101 5 0000 6 000 0 7 20 6 5 8 6 9 7 / 333 10 /// 58 013 6 000 0 7 0000 
07-OCT-2015 09 48097 2 1 4 57 8 14 03 10 270 20 256 3 0000 4 0099 5 0000 6 000 0 7 50 6 5 8 5 9 7 / 333 10 /// 58 015 6 000 0 7 0000 
07-OCT-2015 09 48099 2 2 4 60 6 04 03 10 295 20 239 3 0000 4 0096 5 0000 6 000 0 7 00 0 0 8 4 9 3 0 333 10 /// 58 017 6 000 0 7 0000 
07-OCT-2015 09 48101 2 1 4 57 8 00 00 10 268 20 256 3 0000 4 0000 5 0000 6 000 0 7 51 5 5 8 6 9 7 / 333 10 /// 58 000 6 000 0 7 0000 
07-OCT-2015 09 48103 2 2 4 56 4 22 01 10 304 20 239 3 0000 4 0098 5 0000 6 000 0 7 01 1 1 8 3 8 3 0 333 10 /// 58 010 6 000 0 7 0000 
07-OCT-2015 09 48107 3 2 3 50 6 23 01 10 294 20 248 3 0000 4 0104 5 0000 6 000 0 7 00 0 0 8 4 9 7 0 333 10 /// 58 005 6 000 0 7 0000 
07-OCT-2015 09 48108 2 1 4 95 6 32 02 10 300 20 246 3 0000 4 0105 5 0000 6 000 0 7 21 6 5 8 4 9 7 6 333 10 /// 59 006 6 000 0 7 0000 
07-OCT-2015 09 48109 2 1 4 96 8 27 01 10 266 20 256 3 0000 4 0092 5 0000 6 000 0 7 52 6 6 8 6 9 7 / 333 10 /// 58 007 6 000 0 7 0000 
07-OCT-2015 09 48110 3 2 5 96 8 23 03 10 335 20 257 3 0000 4 0105 5 0000 6 000 0 7 00 0 0 8 5 3 5 7 333 10 /// 59 002 6 000 0 7 0000 
07-OCT-2015 09 48112 3 1 5 97 8 22 02 10 316 20 265 3 0000 4 0104 5 0000 6 000 0 7 05 2 2 8 3 8 7 6 333 10 /// 58 004 6 000 0 7 0000 
