070300 48051 21558 81801 10256 20250 75055 86970 333 56490=
070300 48062 21356 80903 10260 20260 40096 76166 86920 333 56390 59002=
070300 48071 21458 81801 10260 20260 40100 75165 8692/ 333 5699/ 58002=
070300 48075 22456 71401 10230 20214 40147 85770 333 56590 58032=
070300 48077 22559 82301 10270 20240 40100 85970 333 56490 59001=
070300 48078 22560 61801 10267 20243 40101 84831 333 56449 58004=
070300 48080 22459 70401 10262 20229 40094 85870 333 56390 59007=
070300 48085 32457 81405 10282 20250 40105 84379 333 56499 58000=
070300 48095 21458 81802 10250 20250 75155 84970 333 56990=
070300 48108 22596 60902 10290 20239 40130 83306 333 56909 59020=
070300 48109 22497 52701 10286 20259 40119 84930 333 56990 58006=
070300 48110 21598 80000 10275 20253 40128 70522 83357 333 56999 59016=
070300 48072 21458 81302 10280 20268 70355 86970 333 56590=
070300 48087 22450 70000 10268 20256 8597/ 333 5649/=
070300 48099 21440 70901 10280 20250 40130 70555 85970 333 56390 58006=
070300 48101 21456 81401 10257 20257 75165 8597/ 333 5649/=
070300 48103 22356 70402 10290 20248 40146 85770 333 56110 58016=
070300 48057 21457 61402 10208 20195 75055 84950 333 56390=
070300 48094 21458 81801 10255 20255 40111 75065 86920 333 56390 58001=
070300 48097 21457 81402 10255 20248 40133 76065 8597/ 333 5639/ 58008=
070300 48092 21450 81605 10260 20253 40111 75055 8597/ 333 5649/ 59010=
070300 48093 21557 82301 10262 20246 70355 8697/ 333 56999=
070300 48107 32350 20000 10288 20248 40122 82900 333 56500 58001=
070300 48096 31456 81206 10250 20250 40135 75155 8597/ 333 5699/ 59002=  48001 22440 40000 10250 20233 40126 83850 333 56450 59004=
070300 48004 32560 42201 10286 20240 84900 333 56500=
070300 48008 22556 42301 10280 20250 40119 82230 333 56450 59001=
070300 48010 32440 80000 10270 20240 40124 8577/ 333 56499 58003=
070300 48018 21556 83601 10255 20252 40128 75095 8497/ 333 56559 58011=
070300 48019 21457 80000 10265 20246 40089 75055 8577/ 333 56999 59015=
070300 48020 21356 80902 10255 20247 75165 8577/ 333 56499=
070300 48025 22230 83601 10264 20246 40121 70255 8577/ 333 56659 58000=
070300 48035 31456 70000 10257 20215 40105 70522 85960 333 56430 58006=
070300 48037 22459 71802 10274 20256 40115 84870 333 56830 58000=
070300 48042 22557 61301 10268 20256 40116 83850 333 56440 58002=
070300 48045 21002 90403 10188 20188 74564 89/// 333 56999=
070300 48048 22560 52201 10285 20250 40115 84850 333 56490 59001=
070300 48053 32456 51802 10290 20248 40122 83850 333 56490 58004=
070300 48060 22440 70000 10242 20209 40121 85830 333 56590 58019=
070300 48030 21109 90401 10176 20176 75054 89/// 333 56999=
070300 48031 21/03 92201 10190 20175 74764 89/// 333 56999=
070300 48033 32561 71401 10270 20256 40103 85970 333 56440 59009=
070300 48034 21356 80000 10205 20203 72165 8692/ 333 5659/=
070300 48039 21460 70401 10285 20250 70155 84860 333 56550=
070300 48043 32556 81803 10220 20205 8587/ 333 56599=
070300 48052 22460 61301 10278 20250 85920 333 56390=
070300 48055 22456 42302 10248 20212 40118 83830 333 56440 58005=
070300 48064 22456 80401 10268 20250 40093 83870 333 56330 59005=
070300 48065 22456 71401 10272 20256 84570 333 56590=
070300 48074 32458 61403 10270 20240 40140 84850 333 56440 58016=  
