071200 48001 21330 80000 10256 20246 40041 75066 8422/ 333 10270 56639 59008 60252=
071200 48004 22458 50000 10272 20272 85900 333 10280 56500 60052=
071200 48008 21557 60000 10280 20268 40055 70155 83970 333 10307 56450 59006 69902=
071200 48010 31556 70000 10285 20268 40042 71799 84970 333 10316 56550 58005=
071200 48018 32556 62301 10310 20254 40038 83870 333 10331 56450 59000=
071200 48019 32556 62301 10308 20254 40044 85860 333 10330 56690 59005=
071200 48020 32350 60000 10295 20253 86700 333 10340 56400 60002=
071200 48025 32450 50000 10308 20267 40047 83841 333 10325 56599 58000=
071200 48035 32560 80000 10277 20220 40032 84960 333 10294 56490 59007 60002=
071200 48037 32558 50000 10334 20244 40044 84802 333 10358 56409 58005=
071200 48042 32558 61804 10332 20244 40031 84952 333 10368 56449 59013=
071200 48045 32140 52302 10220 20205 84340 333 10246 56550=
071200 48048 32550 21801 10337 20240 40036 82800 333 10350 56900 59008=
071200 48051 32559 61302 10298 20250 70322 85930 333 10335 56490 60002=
071200 48053 32456 51801 10310 20237 40053 82856 333 10340 56499 59009=
071200 48060 32320 30000 10255 20231 40038 83100 333 10276 56400 59020=
071200 48062 22456 81803 10292 20270 40056 70122 84932 333 10315 56599 59005 60032=
071200 48071 22456 72302 10288 20259 40068 85970 333 10295 56590 58000 60042=
071200 48075 22456 70000 10250 20233 40077 85770 333 10275 56590 58007 60062=
071200 48077 32556 80000 10280 20250 40057 85931 333 10310 56499 59011=
071200 48078 21550 81803 10268 20256 40082 70255 8537/ 333 10285 56599 59008 60032=
071200 48080 21456 80401 10281 20250 40076 75055 85970 333 10300 56490 59004 60062=
071200 48085 21457 71801 10269 20260 40081 70152 85370 333 10290 56690 58001 60152=
071200 48095 22456 81802 10270 20256 70222 84970 333 10313 56990 60012=
071200 48108 22494 73202 10290 20254 40105 84366 333 10330 56699 59002 60012=
071200 48109 32496 32301 10300 20253 40092 83900 333 10302 56900 59017=
071200 48110 32596 63603 10290 20248 40103 82306 333 10325 56609 59004=
071200 48112 32598 62702 10295 20250 40102 70222 82216 333 10335 56699 59007 60002=
071200 48030 21150 80401 10194 20194 75195 8694/ 333 10248 56189 60032=
071200 48072 22456 61301 10285 20259 70122 84830 333 10310 56590 60032=
071200 48087 21450 80000 10260 20260 75065 8597/ 333 10306 5649/ 60102=
071200 48099 21220 81301 10255 20255 40087 75165 8697/ 333 10275 5639/ 59007 60182=
071200 48101 21550 82701 10268 20256 75065 8477/ 333 10312 5659/ 60062=
071200 48103 21320 82201 10252 20250 40095 75055 8677/ 333 10289 5655/ 59004 61192=
071200 48057 32456 61401 10220 20185 85950 333 10255 56690=
071200 48094 22456 80000 10280 20250 40087 70322 8597/ 333 10315 5659/ 58006 60012=
071200 48097 21456 82301 10260 20260 40095 70296 875// 333 10323 569// 59009 60072=
071200 48031 21/05 90000 10195 20195 76496 89/// 333 10240 56999 60502=
071200 48033 32562 31301 10320 20248 40046 83800 333 10350 56900 58000=
071200 48034 22456 60000 10238 20209 70222 86300 333 10257 56500 60012=
071200 48039 32460 70000 10319 20248 85960 333 10345 56440 60002=
071200 48043 32530 41805 10245 20219 82232 333 10272 56599=
071200 48052 32450 41301 10340 20240 84800 333 10380 56900=
071200 48055 32456 71302 10265 20229 40046 84947 333 10300 56559 59027=
071200 48064 32450 70000 10307 20254 40052 84831 333 10340 56449 58005=
071200 48065 32450 72201 10302 20253 84570 333 10342 56990=
071200 48074 21356 81401 10275 20268 40087 72055 8697/ 333 10305 56449 59002 60052=
071200 48092 21456 72404 10260 20253 40057 70155 85970 333 10305 56590 59019 60072=
071200 48093 21440 81401 10264 20246 70265 8697/ 333 10304 56999 60062=
071200 48107 22330 60000 10268 20256 40099 84970 333 10297 56550 59004 60062=
071200 48096 21456 82405 10260 20246 40089 72096 8697/ 333 10320 5649/ 59001=  
