080300 48001 31440 72301 10195 20168 40138 70311 84770 333 56220 59001=
080300 48004 31110 81301 10232 20198 75022 8697/ 333 56559=
080300 48008 32556 70401 10234 20191 40119 84970 333 56110 59017=
080300 48010 22557 41801 10242 20205 40121 70122 80031 333 56055 59015=
080300 48018 32557 70401 10250 20205 40110 84870 333 56120 59012=
080300 48019 32456 83201 10260 20203 40104 85770 333 56560 59029=
080300 48020 22358 53204 10270 20226 83830 333 56550=
080300 48025 32430 70401 10284 20220 40116 84840 333 56560 59028=
080300 48030 32250 72203 10167 20117 84940 333 56560=
080300 48031 31260 51801 10185 20147 70544 80042 333 56049=
080300 48033 32962 03601 10290 20196 40102 333 59016=
080300 48034 32456 30000 10220 20156 82500 333 56550=
080300 48035 31550 30000 10241 20136 40102 70500 82860 333 56790 59014=
080300 48037 32556 63201 10275 20191 40110 83870 333 56550 59016=
080300 48039 32458 30000 10298 20207 82102 333 56505=
080300 48042 31550 12701 10312 20203 40103 70511 81200 333 56900 59017=
080300 48043 32057 01802 10265 20113=
080300 48045 32559 31402 10252 20068 81140 333 56550=
080300 48048 32560 20401 10325 20200 40103 82800 333 56900 59023=
080300 48051 32959 20405 10300 20210 70111 80030 333 56060=
080300 48052 32958 00401 10315 20200=
080300 48053 31950 03601 10330 20234 40103 70500 333 59014=
080300 48055 31956 00901 10260 20138 40100 70511 333 59012=
080300 48057 32958 02201 10250 20126 333 56000=
080300 48060 32930 00000 10250 20167 40123 333 59005=
080300 48062 32956 03201 10295 20260 40111 333 59005=
080300 48064 32960 01401 10310 20225 40087 333 59024=
080300 48065 32968 02206 10330 20191=
080300 48071 32458 13202 10305 20267 40113 81800 333 56900 58000=
080300 48072 32460 42702 10310 20267 70322 83830 333 56690=
080300 48074 31958 00402 10300 20166 40111 70500 333 59014=
080300 48075 31456 20000 10270 20170 40115 70511 80005 333 56009 58005=
080300 48077 32559 30000 10324 20200 40097 81201 333 56909 59005=
080300 48078 32557 31401 10316 20194 40112 81501 333 56909 59001=
080300 48080 31459 60401 10292 20259 40118 70522 84830 333 56690 58002=
080300 48085 32958 02704 10303 20253 40104 333 59013=
080300 48087 32960 00000 10330 20224=
080300 48092 31956 00501 10305 20247 40096 70500 333 58006=
080300 48093 32658 20401 10321 20265 82800 333 56100=
080300 48094 32959 03202 10310 20270 40108 333 58002=
080300 48095 32958 00000 10320 20248=
080300 48097 32557 31201 10310 20203 40112 70211 83500 333 56900 58004=
080300 48099 31450 32302 10308 20267 40107 83800 333 56500 58001=
080300 48101 32959 00000 10308 20267=
080300 48103 32450 32201 10318 20265 40103 83500 333 56500 59006=
080300 48107 31950 02701 10298 20239 40108 70144 333 58004=
080300 48108 32596 60503 10310 20254 40122 83366 333 56189 58007=
080300 48109 32997 00402 10307 20254 40103 70122 333 58003=
080300 48110 31596 82302 10310 20254 40121 70522 83357 333 56999 58073=
080300 48112 32598 50402 10320 20236 40111 81116 333 56199 58005=  
