080000 48008 32556 60401 10258 20173 40104 83970 333 20205 56450 59007=
080000 48010 21540 70000 10210 20210 40109 72995 8277/ 333 20206 56444 59016 60022=
080000 48018 32556 62201 10210 20195 40091 83870 333 20200 56960 59012=
080000 48019 32550 20000 10200 20185 40098 80002 333 20195 56006 59013=
080000 48025 32410 50000 10254 20205 40098 82840 333 20246 56660 59019=
080000 48030 32250 82201 10142 20107 8794/ 333 20120 56569=
080000 48031 31260 41801 10160 20123 70544 84800 333 20142 56400=
080000 48033 32560 20000 10250 20219 40098 82500 333 20230 56600 59009=
080000 48034 32956 00000 10140 20126 333 20125=
080000 48035 31520 20000 10159 20144 40121 71000 82800 333 20150 56900 58014=
080000 48037 32930 00000 10247 20219 40087 82970 333 20239 56550 59010=
080000 48039 32456 23201 10240 20191 82400 333 20239 56900=
080000 48042 31550 10000 10252 20219 40086 71011 81400 333 20240 56900 59014=
080000 48043 32030 00000 10165 20135 333 20125=
080000 48048 32550 20000 10233 20181 40088 82800 333 20227 56900 59010=
080000 48051 32958 33603 10259 20220 80036 333 20227 56059=
080000 48052 32450 20000 10245 20186 82200 333 20243 56900=
080000 48053 32950 03202 10250 20205 40089 333 20239 59010=
080000 48055 31550 30000 10156 20146 40131 71011 82501 333 20150 56509 59002=
080000 48057 32456 20000 10170 20135 82800 333 20155 56900=
080000 48060 31420 60000 10200 20168 40132 74144 81172 333 20168 56569 58012=
080000 48062 31450 40000 10269 20240 40091 70522 83830 333 20230 56990 59002=
080000 48064 32950 00000 10254 20219 40066 333 20200 59015=
080000 48065 32950 20000 10245 20186 80005 333 20225 56009=
080000 48071 32456 20000 10278 20268 40083 82800 333 20235 56900 59007=
080000 48074 31456 10405 10268 20172 40092 70500 81400 333 20246 56900 59012=
080000 48075 31456 40000 10190 20180 40139 70511 82505 333 20180 56500 58010=
080000 48077 32956 20000 10270 20211 40087 80001 333 20240 56009 59003=
080000 48078 32550 30000 10255 20202 40092 81501 333 20235 56909 59000=
080000 48080 31456 80000 10234 20214 40109 70511 85870 333 20220 56690 58005=
080000 48085 31950 20401 10244 20240 40092 74044 80006 333 20242 56009 58004=
080000 48087 32950 30000 10230 20214 80041 333 20208 56099=
080000 48092 31930 20000 10240 20240 40079 71000 80005 333 20235 56009 58007=
080000 48093 32940 00000 10255 20246 333 20252=
080000 48094 32956 10000 10260 20250 40096 80001 333 20220 56009 58012=
080000 48097 32557 50000 10250 20219 40091 82501 333 20240 56909 58005=
080000 48099 32440 30000 10270 20256 40086 83700 333 20253 56900 59001=
080000 48101 32956 00000 10258 20246 333 20227=
080000 48103 32440 42201 10267 20256 40094 84700 333 20240 56500 58003=
080000 48107 31930 20901 10230 20214 40100 74144 80006 333 20220 56009 58003=  
080000 48108 32596 60501 10240 20233 40100 83366 333 20230 56999 58001=
080000 48109 32496 10000 10260 20246 40104 81500 333 20192 56900 58003=
080000 48110 31595 50000 10260 20237 40095 70522 81406 333 20255 56909 58004=
080000 48112 32597 80401 10276 20233 40098 83876 333 20230 56199 59014=
