080600 48004 32458 61301 10212 20160 86900 333 56500=
080600 48008 32557 40000 10208 20160 40174 82430 333 56660 58002=
080600 48010 31057 01801 10250 20186 40165 74044 333 59013=
080600 48018 32558 71401 10210 20160 40168 84870 333 56430 59009=
080600 48019 32557 80401 10195 20168 40170 84860 333 56560 59004=
080600 48020 32356 23602 10230 20181 82200 333 56400=
080600 48025 31440 50401 10230 20181 40172 70244 83840 333 56660 59013=
080600 48030 32150 82201 10140 20082 8794/ 333 56569=
080600 48031 32258 80901 10155 20106 888// 333 56499=
080600 48033 32563 63601 10250 20186 40153 70233 86900 333 56500 59013=
080600 48034 32456 71802 10192 20128 87300 333 56500=
080600 48035 31556 82702 10203 20150 40140 70522 8597/ 333 56789 59010=
080600 48037 32960 00401 10253 20167 40142 333 59021=
080600 48039 32458 51401 10261 20203 81102 333 56509=
080600 48042 31550 12201 10275 20178 40147 70511 81100 333 56900 59011=
080600 48043 32658 23203 10210 20091 82200 333 56500=
080600 48045 31330 81403 10174 20154 74344 888// 333 563//=
080600 48048 32560 43601 10270 20191 40158 84800 333 56400 59008=
080600 48051 32959 03101 10270 20190 333=
080600 48052 32958 03603 10282 20203 333=
080600 48053 32956 03601 10270 20172 40148 333 59014=
080600 48055 32556 42306 10235 20130 40133 70244 84800 333 56500 59011=
080600 48057 32457 52202 10210 20091 85300 333 56500=
080600 48060 32440 70401 10192 20159 40167 84970 333 56550 59032=
080600 48062 32458 20903 10280 20250 40144 82500 333 56900 59008=
080600 48064 32958 01401 10250 20205 40145 333 59004=
080600 48065 32958 03201 10272 20191 333=
080600 48071 32960 00402 10280 20203 40151 333 58001=
080600 48072 32960 00401 10290 20215 333=
080600 48074 32558 23202 10270 20191 40150 81501 333 56909 59008=  
080600 48075 32558 33201 10250 20150 40138 83200 333 56500 59011=
080600 48077 32559 20000 10290 20196 40144 81201 333 56909 59010=
080600 48078 32558 33201 10298 20207 40146 82201 333 56909 59010=
080600 48080 32462 32201 10312 20203 40144 82230 333 56590 58002=
080600 48085 32458 13204 10308 20239 40132 81800 333 56600 59003=
080600 48087 32560 20403 10307 20203 82200 333 56100=
080600 48092 32458 40401 10310 20231 40117 84800 333 56900 59017=
080600 48093 32658 50901 10311 20237 83841 333 56199=
080600 48094 32960 10403 10320 20200 40145 80001 333 56009 58001=
080600 48095 32460 10402 10290 20230 81200 333 56900=
080600 48096 32558 33603 10310 20225 40139 83100 333 56900 58005=  48001 32450 52701 10190 20159 40186 82120 333 56120 59007=
080600 48097 32557 60302 10315 20220 40143 86800 333 56900 58002=
080600 48099 32557 22703 10313 20225 40129 82800 333 56900 58000=
080600 48101 32560 53601 10328 20244 84301 333 56209=
080600 48103 32457 10404 10328 20191 40132 81500 333 56100 59001=
080600 48107 32950 00401 10328 20212 40114 333 59009=
080600 48108 32596 42302 10330 20212 40133 82406 333 56909 58007=
080600 48110 31996 13204 10335 20250 40121 70511 80006 333 56009 59003=
080600 48112 32597 80410 10312 20254 40121 83876 333 56199 58009=
