48001 32430 22601 10168 20165 40144 83900 333 10210 56400 58000 60002=
48004 32458 40000 10200 20185 84900 333 10232 56500 60002=
48008 32550 50000 10210 20160 40130 83970 333 10250 56660 59021 60002=
48010 32510 50000 10222 20185 40134 83530 333 10255 56770 59006 60002=
48018 32540 60000 10200 20168 40133 83870 333 10248 56330 59010 60002=
48019 32440 30000 10205 20185 40133 81660 333 10235 56560 59008 60002=
48020 32320 23602 10205 20168 82200 333 10255 56400 60002=
48025 32420 73201 10230 20181 40138 84840 333 10253 56660 59012 60002=
48035 31520 80000 10194 20175 40130 70522 8597/ 333 10230 56569 59003 60002=
48037 32520 30000 10247 20186 40112 82810 333 10283 56760 59029 60002=
48042 31550 40000 10253 20186 40125 81452 333 10290 56969 59007 60002=
48045 32450 32302 10142 20142 83600 333 10186 56500 60002=
48048 32550 20000 10240 20209 40119 82800 333 10300 56900 59009 60002=
48051 32558 20000 10270 20210 82500 333 10298 56900=
48053 32550 50000 10260 20179 40115 82556 333 10295 56699 59024 60002=
48060 32420 50000 10198 20168 40142 83830 333 10238 56550 59007 60002=
48062 31450 22702 10260 20250 40124 70542 82500 333 10305 56900 58000=
48071 32920 03202 10258 20203 40129 333 10288 58003=
48075 32456 20000 10210 20143 40148 82500 333 10270 56500 59002=
48077 32556 20000 10280 20203 40116 81201 333 10312 56909 59005=
48078 32556 30000 10269 20201 40124 81201 333 10315 56909 59004=
48080 32456 20000 10250 20219 40130 82500 333 10326 56900 58008=
48085 32456 23202 10276 20220 40121 82800 333 10315 56600 58003=
48095 32950 00000 10260 20246 333 10310=
48108 32595 53201 10300 20223 40121 83806 333 10350 56909 58005=
48109 32496 40901 10287 20259 40125 83901 333 10332 56909 58004=
48110 31595 22702 10290 20248 40118 70511 81305 333 10335 56909 58007=
48112 32597 80410 10290 20259 40104 84876 333 10315 56199 58003=
48030 32150 72201 10130 20082 86940 333 10150 56560 60002=
48072 32956 00000 10255 20215 333 10315=
48087 32550 40000 10280 20250 82841 333 10334 56999=
48099 32330 30000 10298 20223 40114 82830 333 10353 56990 59004=
48101 32550 40000 10277 20233 82305 333 10336 56909=
48103 32430 32201 10285 20220 40116 82730 333 10350 56590 59006=
48057 32440 21401 10160 20106 82800 333 10222 56500 60002=
48094 32456 20000 10290 20250 40127 82500 333 10345 56900 58007=
48097 32556 40401 10270 20233 40136 84500 333 10332 56900 58008=
48031 32556 83201 10140 20107 888// 333 10170 56499 60002=
48033 32559 53601 10230 20198 40112 85900 333 10270 56700 58000 60002=
48034 32456 60000 10167 20144 86300 333 10232 56500 60002=
48039 32450 60000 10245 20191 84802 333 10297 56505 60002=
48043 32010 00000 10170 20170 333 10220 60002=
48052 31350 23601 10274 20211 70522 82600 333 10334 56900 60002=
48055 32556 22303 10170 20162 40134 82500 333 10267 56500 58002 60002=
48064 32950 00000 10240 20191 40109 333 10265 59021 60002=
48065 32450 20000 10247 20191 82600 333 10302 56900 60002=
48074 32957 00000 10250 20205 40122 333 10318 59001 60002=
48092 32550 20000 10270 20240 40099 82400 333 10330 56900 58000=
48093 32940 10401 10287 20248 80001 333 10335 56009=
48107 32930 20000 10270 20211 40114 80006 333 10338 56009 59003=
48096 32057 03303 10290 20230 40128 333 10335 58005=  