48001 31330 40901 10120 20102 40179 72844 84700 333 56600 59033=
48004 31258 50000 10172 20154 70144 85900 333 56500=
48008 31930 90000 10160 20155 40181 74344 333 59007=
48010 31030 03601 10160 20144 40184 74244 333 59015=
48018 32557 61401 10158 20144 40177 83870 333 56430 59007=
48019 31/56 90401 10160 20144 40169 74544 333 59014=
48020 32240 63602 10180 20165 86820 333 56400=
48025 31110 53201 10188 20175 40177 74244 84640 333 56690 59016=
48035 31530 72201 10159 20144 40172 71044 85960 333 56670 59004=
48037 32550 53601 10208 20175 40151 70122 83830 333 56880 59022=
48042 31550 40000 10260 20185 40165 71044 84800 333 56900 59006=
48045 31556 42303 10140 20107 74144 84600 333 56500=
48048 32560 43601 10210 20175 40173 84800 333 56400 59011=
48051 32558 23602 10310 20200 82200 333 56900=
48053 32956 03601 10210 20175 40177 333 59006=
48060 21430 80000 10174 20154 40194 74244 85970 333 56560 59043=
48062 32456 20402 10220 20190 40161 82500 333 56900 59002=
48071 32958 00402 10245 20209 40164 333 58005=
48075 21457 30401 10190 20159 40197 70244 83800 333 56500 58011=
48077 32959 00401 10240 20191 40157 333 59012=
48078 32556 22702 10230 20190 40161 81501 333 56909 59010=
48080 31959 00401 10222 20168 40155 70244 333 58002=
48085 32458 50000 10260 20229 40150 82875 333 56699 59001=
48095 32960 00401 10250 20205 333=
48108 32596 40501 10290 20215 40147 82406 333 56909 59003=
48109 32497 50901 10300 20253 40149 85900 333 56900 59003=
48110 31996 21301 10290 20230 40142 70511 80006 333 56009 59004=
48112 32597 80412 10283 20250 40135 83876 333 56199 58007=
48030 32256 82201 10096 20079 8794/ 333 56569=
48072 31959 00401 10255 20215 333=
48087 32960 00402 10247 20186 333=
48099 31440 30902 10280 20220 40153 70522 83800 333 56900 59004=
48101 32958 03602 10274 20226 333=
48103 32456 10404 10281 20203 40153 81500 333 56100 59005=
48057 32456 12201 10180 20108 81500 333 56400=
48094 32459 30402 10265 20200 40152 82940 333 56990 59007=
48097 32557 11304 10270 20226 40166 81500 333 56900 58005=
48031 32258 83201 10145 20107 888// 333 56499=
48033 32562 63601 10190 20175 40147 86900 333 56900 59010=
48034 32456 70000 10128 20113 87300 333 56500=
48039 31450 60000 10210 20175 74044 83852 333 56559=
48043 32056 00000 10160 20144 333=
48052 32956 02702 10218 20185 333=
48055 31545 20902 10136 20108 40190 71044 81530 333 56550 59008=
48064 32956 01401 10192 20175 40154 333 59022=
48065 32958 00401 10208 20195 70222 333=
48074 32558 33202 10210 20175 40182 81580 333 56990 58002=
48092 31557 20401 10275 20216 40133 70522 82400 333 56900 59016=
48093 32558 11401 10276 20220 81100 333 56100=
48107 31950 00401 10282 20203 40129 7//44 333 59003=
48096 32958 10605 10260 20215 40157 80001 333 56009 59007=  48001 31330 40901 10120 20102 40179 72844 84700 333 56600 59033=
48004 31258 50000 10172 20154 70144 85900 333 56500=
48008 31930 90000 10160 20155 40181 74344 333 59007=
48010 31030 03601 10160 20144 40184 74244 333 59015=
48018 32557 61401 10158 20144 40177 83870 333 56430 59007=
48019 31/56 90401 10160 20144 40169 74544 333 59014=
48020 32240 63602 10180 20165 86820 333 56400=
48025 31110 53201 10188 20175 40177 74244 84640 333 56690 59016=
48035 31530 72201 10159 20144 40172 71044 85960 333 56670 59004=
48037 32550 53601 10208 20175 40151 70122 83830 333 56880 59022=
48042 31550 40000 10260 20185 40165 71044 84800 333 56900 59006=
48045 31556 42303 10140 20107 74144 84600 333 56500=
48048 32560 43601 10210 20175 40173 84800 333 56400 59011=
48051 32558 23602 10310 20200 82200 333 56900=
48053 32956 03601 10210 20175 40177 333 59006=
48060 21430 80000 10174 20154 40194 74244 85970 333 56560 59043=
48062 32456 20402 10220 20190 40161 82500 333 56900 59002=
48071 32958 00402 10245 20209 40164 333 58005=
48075 21457 30401 10190 20159 40197 70244 83800 333 56500 58011=
48077 32959 00401 10240 20191 40157 333 59012=
48078 32556 22702 10230 20190 40161 81501 333 56909 59010=
48080 31959 00401 10222 20168 40155 70244 333 58002=
48085 32458 50000 10260 20229 40150 82875 333 56699 59001=
48095 32960 00401 10250 20205 333=
48108 32596 40501 10290 20215 40147 82406 333 56909 59003=
48109 32497 50901 10300 20253 40149 85900 333 56900 59003=
48110 31996 21301 10290 20230 40142 70511 80006 333 56009 59004=
48112 32597 80412 10283 20250 40135 83876 333 56199 58007=
48030 32256 82201 10096 20079 8794/ 333 56569=
48072 31959 00401 10255 20215 333=
48087 32960 00402 10247 20186 333=
48099 31440 30902 10280 20220 40153 70522 83800 333 56900 59004=
48101 32958 03602 10274 20226 333=
48103 32456 10404 10281 20203 40153 81500 333 56100 59005=
48057 32456 12201 10180 20108 81500 333 56400=
48094 32459 30402 10265 20200 40152 82940 333 56990 59007=
48097 32557 11304 10270 20226 40166 81500 333 56900 58005=
48031 32258 83201 10145 20107 888// 333 56499=
48033 32562 63601 10190 20175 40147 86900 333 56900 59010=
48034 32456 70000 10128 20113 87300 333 56500=
48039 31450 60000 10210 20175 74044 83852 333 56559=
48043 32056 00000 10160 20144 333=
48052 32956 02702 10218 20185 333=
48055 31545 20902 10136 20108 40190 71044 81530 333 56550 59008=
48064 32956 01401 10192 20175 40154 333 59022=
48065 32958 00401 10208 20195 70222 333=
48074 32558 33202 10210 20175 40182 81580 333 56990 58002=
48092 31557 20401 10275 20216 40133 70522 82400 333 56900 59016=
48093 32558 11401 10276 20220 81100 333 56100=
48107 31950 00401 10282 20203 40129 7//44 333 59003=
48096 32958 10605 10260 20215 40157 80001 333 56009 59007=  