08-FEB-2015 09 48001 3 1 4 40 7 23 01 10 235 20 136 3 0000 4 0133 5 0000 6 000 0 7 03 2 2 8 4 7 5 0 333 10 /// 58 008 6 000 0 7 0000 
08-FEB-2015 09 48004 3 2 5 60 3 13 01 10 267 20 154 3 0000 4 0000 5 0000 6 000 0 7 00 0 0 8 3 8 0 0 333 10 /// 58 000 6 000 0 7 0000 
08-FEB-2015 09 48008 3 2 5 58 3 14 01 10 290 20 092 3 0000 4 0121 5 0000 6 000 0 7 00 0 0 8 1 4 3 1 333 10 /// 59 003 6 000 0 7 0000 
08-FEB-2015 09 48010 3 2 5 60 2 18 01 10 290 20 159 3 0000 4 0129 5 0000 6 000 0 7 00 0 0 8 1 1 0 1 333 10 /// 58 008 6 000 0 7 0000 
08-FEB-2015 09 48018 3 2 5 60 1 14 02 10 295 20 124 3 0000 4 0118 5 0000 6 000 0 7 00 0 0 8 1 1 0 0 333 10 /// 59 013 6 000 0 7 0000 
08-FEB-2015 09 48019 3 2 9 60 1 04 02 10 277 20 133 3 0000 4 0120 5 0000 6 000 0 7 00 0 0 8 0 0 0 1 333 10 /// 58 002 6 000 0 7 0000 
08-FEB-2015 09 48025 3 2 4 58 3 32 01 10 290 20 115 3 0000 4 0127 5 0000 6 000 0 7 00 0 0 8 2 5 4 0 333 10 /// 58 008 6 000 0 7 0000 
08-FEB-2015 09 48030 3 2 2 56 3 22 03 10 212 20 019 3 0000 4 0000 5 0000 6 000 0 7 00 0 0 8 1 5 0 2 333 10 /// 58 000 6 000 0 7 0000 
08-FEB-2015 09 48031 3 1 2 62 3 18 01 10 200 20 065 3 0000 4 0000 5 0000 6 000 0 7 05 0 0 8 0 0 4 0 333 10 /// 58 000 6 000 0 7 0000 
08-FEB-2015 09 48033 3 2 9 63 2 00 00 10 310 20 146 3 0000 4 0114 5 0000 6 000 0 7 00 0 0 8 0 0 0 6 333 10 /// 58 019 6 000 0 7 0000 
08-FEB-2015 09 48034 3 2 4 57 2 18 02 10 253 20 046 3 0000 4 0000 5 0000 6 000 0 7 00 0 0 8 2 5 0 0 333 10 /// 58 000 6 000 0 7 0000 
08-FEB-2015 09 48035 3 1 5 57 2 22 04 10 259 20 000 3 0000 4 0000 5 0000 6 000 0 7 00 0 0 8 0 0 0 0 333 10 /// 58 000 6 000 0 7 0000 
08-FEB-2015 09 48037 3 2 9 60 4 36 01 10 316 20 140 3 0000 4 0109 5 0000 6 000 0 7 00 0 0 8 0 0 0 1 333 10 /// 59 008 6 000 0 7 0000 
08-FEB-2015 09 48039 3 2 9 60 3 04 01 10 313 20 146 3 0000 4 0000 5 0000 6 000 0 7 00 0 0 8 0 0 0 2 333 10 /// 58 000 6 000 0 7 0000 
08-FEB-2015 09 48042 3 2 5 57 2 13 01 10 330 20 126 3 0000 4 0110 5 0000 6 000 0 7 00 0 0 8 1 1 0 2 333 10 /// 59 001 6 000 0 7 0000 
08-FEB-2015 09 48043 3 2 0 58 2 18 06 10 245 20 068 3 0000 4 0000 5 0000 6 000 0 7 00 0 0 8 0 0 0 2 333 10 /// 58 000 6 000 0 7 0000 
08-FEB-2015 09 48045 3 2 9 60 5 14 03 10 181 20 129 3 0000 4 0000 5 0000 6 000 0 7 00 0 0 8 0 0 0 6 333 10 /// 58 000 6 000 0 7 0000 
08-FEB-2015 09 48048 3 2 5 60 5 32 01 10 330 20 151 3 0000 4 0112 5 0000 6 000 0 7 00 0 0 8 4 8 5 0 333 10 /// 58 000 6 000 0 7 0000 
08-FEB-2015 09 48052 3 2 4 70 2 32 01 10 340 20 125 3 0000 4 0000 5 0000 6 000 0 7 00 0 0 8 2 2 0 0 333 10 /// 58 000 6 000 0 7 0000 
08-FEB-2015 09 48053 3 2 4 56 2 18 02 10 330 20 151 3 0000 4 0112 5 0000 6 000 0 7 00 0 0 8 1 5 0 2 333 10 /// 58 009 6 000 0 7 0000 
08-FEB-2015 09 48055 3 2 5 56 6 14 06 10 281 20 136 3 0000 4 0084 5 0000 6 000 0 7 00 0 0 8 2 1 0 6 333 10 /// 59 001 6 000 0 7 0000 
08-FEB-2015 09 48057 3 2 4 58 3 32 03 10 238 20 095 3 0000 4 0000 5 0000 6 000 0 7 00 0 0 8 2 5 0 1 333 10 /// 58 000 6 000 0 7 0000 
08-FEB-2015 09 48060 3 2 4 40 3 00 00 10 264 20 119 3 0000 4 0101 5 0000 6 000 0 7 00 0 0 8 2 1 3 0 333 10 /// 58 001 6 000 0 7 0000 
08-FEB-2015 09 48062 3 1 5 56 4 23 05 10 285 20 240 3 0000 4 0135 5 0000 6 000 0 7 05 1 1 8 3 8 3 0 333 10 /// 58 008 6 000 0 7 0000 
08-FEB-2015 09 48064 3 2 9 70 0 09 01 10 310 20 225 3 0000 4 0093 5 0000 6 000 0 7 00 0 0 8 0 0 0 0 333 10 /// 58 008 6 000 0 7 0000 
08-FEB-2015 09 48065 3 2 9 70 0 22 01 10 320 20 140 3 0000 4 0000 5 0000 6 000 0 7 00 0 0 8 0 0 0 0 333 10 /// 58 000 6 000 0 7 0000 
08-FEB-2015 09 48071 3 2 9 60 0 32 03 10 267 20 191 3 0000 4 0135 5 0000 6 000 0 7 00 0 0 8 0 0 0 0 333 10 /// 58 002 6 000 0 7 0000 
08-FEB-2015 09 48072 3 2 5 60 1 04 01 10 280 20 220 3 0000 4 0000 5 0000 6 000 0 7 00 0 0 8 1 2 0 0 333 10 /// 58 000 6 000 0 7 0000 
08-FEB-2015 09 48074 3 2 5 60 3 14 03 10 335 20 164 3 0000 4 0123 5 0000 6 000 0 7 00 0 0 8 2 8 0 1 333 10 /// 58 004 6 000 0 7 0000 
08-FEB-2015 09 48075 3 1 5 58 5 00 00 10 285 20 140 3 0000 4 0095 5 0000 6 000 0 7 05 2 2 8 3 2 0 6 333 10 /// 59 010 6 000 0 7 0000 
08-FEB-2015 09 48077 3 1 5 58 5 00 00 10 350 20 113 3 0000 4 0103 5 0000 6 000 0 7 05 1 1 8 3 8 0 1 333 10 /// 59 004 6 000 0 7 0000 
08-FEB-2015 09 48078 3 2 9 57 4 23 02 10 335 20 155 3 0000 4 0129 5 0000 6 000 0 7 00 0 0 8 0 0 0 2 333 10 /// 58 017 6 000 0 7 0000 
08-FEB-2015 09 48080 3 2 4 60 3 22 04 10 305 20 223 3 0000 4 0124 5 0000 6 000 0 7 00 0 0 8 2 5 4 0 333 10 /// 58 001 6 000 0 7 0000 
08-FEB-2015 09 48085 3 2 9 58 3 32 05 10 292 20 179 3 0000 4 0124 5 0000 6 000 0 7 00 0 0 8 0 0 0 2 333 10 /// 58 003 6 000 0 7 0000 
08-FEB-2015 09 48087 3 2 9 60 2 04 02 10 340 20 145 3 0000 4 0000 5 0000 6 000 0 7 00 0 0 8 0 0 4 1 333 10 /// 58 000 6 000 0 7 0000 
08-FEB-2015 09 48092 3 2 4 58 2 13 02 10 335 20 158 3 0000 4 0096 5 0000 6 000 0 7 00 0 0 8 2 1 0 0 333 10 /// 58 001 6 000 0 7 0000 
08-FEB-2015 09 48093 3 2 5 57 2 14 01 10 326 20 172 3 0000 4 0000 5 0000 6 000 0 7 00 0 0 8 2 8 0 0 333 10 /// 58 000 6 000 0 7 0000 
08-FEB-2015 09 48094 3 2 4 60 3 32 01 10 320 20 200 3 0000 4 0122 5 0000 6 000 0 7 00 0 0 8 1 5 4 1 333 10 /// 59 002 6 000 0 7 0000 
08-FEB-2015 09 48095 3 2 9 60 0 00 00 10 335 20 201 3 0000 4 0000 5 0000 6 000 0 7 00 0 0 8 0 0 0 0 333 10 /// 58 000 6 000 0 7 0000 
08-FEB-2015 09 48097 3 1 5 57 4 13 05 10 340 20 154 3 0000 4 0119 5 0000 6 000 0 7 05 1 1 8 4 8 0 0 333 10 /// 59 007 6 000 0 7 0000 
08-FEB-2015 09 48099 3 2 5 57 4 32 02 10 336 20 206 3 0000 4 0108 5 0000 6 000 0 7 00 0 0 8 4 8 0 0 333 10 /// 58 010 6 000 0 7 0000 
08-FEB-2015 09 48101 3 2 9 60 0 00 00 10 310 20 169 3 0000 4 0000 5 0000 6 000 0 7 00 0 0 8 0 0 0 0 333 10 /// 58 000 6 000 0 7 0000 
08-FEB-2015 09 48103 3 2 5 56 4 04 01 10 338 20 184 3 0000 4 0108 5 0000 6 000 0 7 00 0 0 8 4 8 0 0 333 10 /// 59 008 6 000 0 7 0000 
08-FEB-2015 09 48107 3 2 3 50 3 13 01 10 336 20 164 3 0000 4 0107 5 0000 6 000 0 7 00 0 0 8 3 9 0 0 333 10 /// 59 002 6 000 0 7 0000 
08-FEB-2015 09 48108 3 2 5 96 5 14 02 10 340 20 164 3 0000 4 0109 5 0000 6 000 0 7 00 0 0 8 3 8 0 6 333 10 /// 59 007 6 000 0 7 0000 
08-FEB-2015 09 48110 3 1 5 96 3 13 08 10 335 20 167 3 0000 4 0104 5 0000 6 000 0 7 05 1 1 8 2 3 0 5 333 10 /// 59 009 6 000 0 7 0000 
08-FEB-2015 09 48112 3 2 5 98 6 04 08 10 322 20 200 3 0000 4 0100 5 0000 6 000 0 7 00 0 0 8 2 2 1 6 333 10 /// 59 012 6 000 0 7 0000 
