48001 31440 72301 10235 20136 40133 70322 84750 333 56430 58008=
48004 32560 31301 10267 20154 83800 333 56500=
48008 32558 31401 10290 20092 40121 81431 333 56500 59003=
48010 32560 21801 10290 20159 40129 81101 333 56906 58008=
48018 32560 11402 10295 20124 40118 81100 333 56900 59013=
48019 32960 10402 10277 20133 40120 80001 333 56006 58002=
48020 NIL=
48025 32458 33201 10290 20115 40127 82540 333 56540 58008=
48030 32256 32203 10212 20019 81502 333 56509=
48031 31262 31801 10200 20065 70500 80040 333 56040=
48033 32963 20000 10310 20146 40114 80006 333 56009 58019=
48034 32457 21802 10253 20046 82500 333 56500=
48035 31557 22204 10259 29018 40092 70500 81501 333 56909 58007=
48037 32960 43601 10316 20140 40109 80001 333 56005 59008=
48039 32960 30401 10313 20146 80002 333 56007=
48042 32557 21301 10330 20126 40110 81102 333 56909 59001=
48043 32058 21806 10245 20068 80002 333 56009=
48045 32960 51403 10181 20129 80006 333 56005=
48048 32560 53201 10330 20151 40112 84850 333 56490 58000=
48051 NIL=
48052 32470 23201 10340 20125 82200 333 56900=
48053 32456 21802 10330 20151 40112 81502 333 56509 58009=
48055 32556 61406 10281 20136 40084 82106 333 56509 59001=
48057 32458 33203 10238 20095 82501 333 56609=
48060 32440 30000 10264 20119 40101 82130 333 56560 58001=
48062 31556 42305 10285 20240 40135 70511 83830 333 56690 58008=
48064 32970 00901 10310 20225 40093 333 58008=
48065 32970 02201 10320 20140 333=
48071 32960 03203 10267 20191 40135 333 58002=
48072 32560 10401 10280 20220 81200 333 56900=
48074 32560 31403 10335 20164 40123 82801 333 56404 58004=
48075 31558 50000 10285 20140 40095 70522 83206 333 56509 59010=
48077 31558 50000 10350 20113 40103 70511 83801 333 56909 59004=
48078 32957 42302 10335 20155 40129 80002 333 56009 58017=
48080 32460 32204 10305 20223 40124 82540 333 56990 58001=
48085 32958 33205 10292 20179 40124 80002 333 56009 58003=
48087 32960 20402 10340 20145 80041 333 56099=
48092 32458 21302 10335 20158 40096 82100 333 56900 58001=
48093 32557 21401 10326 20172 82800 333 56100=
48094 32460 33201 10320 20200 40122 81541 333 56999 59002=
48095 32960 00000 10335 20201 333=
48097 31557 41305 10340 20154 40119 70511 84800 333 56900 59007=
48099 32557 43202 10336 20206 40108 84800 333 56700 58010=
48101 32960 00000 10310 20169 333=
48103 32556 40401 10338 20184 40108 84800 333 56100 59008=
48107 32350 31301 10336 20164 40107 83900 333 56300 59002=
48108 32596 51402 10340 20164 40109 83806 333 56209 59007=
48109 NIL=
48110 31596 31308 10335 20167 40104 70511 82305 333 56209 59009=
48112 32598 60408 10322 20200 40100 82216 333 56199 59012=  