080600 48004 32560 22305 10285 20154 83800 333 56500=
080600 48008 32558 30401 10268 20158 40159 81431 333 56566 58001=
080600 48010 32960 21801 10250 20150 40147 80030 333 56060 59010=
080600 48018 32560 31402 10260 20179 40154 83800 333 56500 59012=
080600 48019 32960 10403 10272 20196 40152 80001 333 56006 58005=
080600 48020 32357 33605 10250 20167 81401 333 56505=
080600 48025 32456 33201 10252 20126 40168 82540 333 56550 58006=
080600 48030 32256 32202 10200 20066 81506 333 56506=
080600 48033 32963 23201 10280 20146 40143 80006 333 56009 58010=
080600 48034 32457 41803 10235 20045 84500 333 56500=
080600 48035 31560 30000 10227 20097 40137 70500 82801 333 56709 58012=
080600 48037 32958 43602 10263 20108 40149 80002 333 56005 59004=
080600 48039 31956 41802 10272 20113 70522 80002 333 56005=
080600 48042 31556 22701 10290 20140 40141 70511 81402 333 56909 59005=
080600 48043 32058 12705 10230 20097 80002 333 56009=
080600 48045 32962 61802 10207 20051 80006 333 56005=
080600 48048 32560 43201 10270 20154 40150 84800 333 56400 58007=
080600 48051 32959 13102 10250 20160 80001 333 56009=
080600 48052 32470 33202 10280 20126 83800 333 56900=
080600 48053 32950 51803 10310 20146 40144 80006 333 56009 58003=
080600 48055 32558 61803 10253 20126 40128 82106 333 56509 58006=
080600 48057 32458 62703 10200 20109 81506 333 56605=
080600 48060 32440 40000 10200 20085 40174 82132 333 56566 58037=
080600 48062 32556 30902 10260 20200 40159 82530 333 56990 59002=
080600 48064 32970 41401 10270 20154 40135 80036 333 56049 58000=
080600 48065 32970 32202 10265 20119 80036 333 56099=
080600 48071 32460 53201 10255 20169 40159 83831 333 56799 58000=
080600 48072 32459 41301 10270 20191 84300 333 56590=
080600 48074 32560 42305 10295 20149 40149 82504 333 56904 58002=
080600 48075 31558 42201 10250 20150 40139 70511 82106 333 56509 59005=
080600 48077 31958 20000 10300 20098 40134 70511 80001 333 56009 59005=
080600 48078 32556 52301 10308 20146 40148 81502 333 56909 58003=
080600 48080 32460 42201 10285 20248 40151 82546 333 56999 58001=
080600 48085 31458 43606 10280 20158 40148 70500 81156 333 56599 59005=
080600 48087 32960 30000 10316 20142 80041 333 56099=
080600 48092 32957 00504 10320 20152 40129 333 58011=
080600 48093 32958 02701 10320 20163 333=
080600 48094 32960 03202 10315 20190 40144 333 59004=
080600 48095 32960 00401 10295 20159 333=
080600 48097 31557 23102 10315 20132 40158 70511 82400 333 56900 58002=
080600 48099 32456 62302 10308 20206 40141 85830 333 56590 59004=
080600 48101 32960 00000 10300 20166 333=
080600 48103 32556 10401 10318 20184 40138 81500 333 56100 59005=
080600 48107 32950 03201 10334 20151 40119 333 59018=
080600 48108 32996 42305 10330 20151 40141 80006 333 56009 59005=
080600 48110 31596 21304 10325 20192 40134 70511 81105 333 56909 59007=
