080000 48008 31550 50401 10120 20115 40154 71044 83930 333 20112 56110 59003=
080000 48010 31010 00000 10135 20132 40144 74244 333 20128 58004=
080000 48018 32956 90000 10135 20135 40134 333 20132 59024=
080000 48019 32940 00000 10125 20102 40144 333 20121 59002=
080000 48025 31110 52204 10148 20134 40155 74044 83640 333 20136 56590 58002=
080000 48030 32250 42005 10000 20200 84500 333 21008 56500=
080000 48031 31258 40401 10084 20035 70511 80006 333 20075 56008=
080000 48033 32960 43301 10142 20124 40133 80006 333 20130 56009 58000=
080000 48034 31948 00000 10062 20035 71000 333 20050=
080000 48035 31530 30000 10066 20046 40186 71022 83800 333 20060 56900 59001=
080000 48037 32910 00000 10143 20106 40150 333 20137 58002=
080000 48039 31450 70000 10147 20134 71022 83460 333 20145 56550=
080000 48042 32556 31301 10165 20123 40139 81402 333 20152 56909 58002=
080000 48043 32010 00000 10085 20044 333 20052=
080000 48048 32540 30000 10123 20102 40141 83800 333 20116 56900 58004=
080000 48052 32450 30000 10130 20086 83800 333 20120 56900=
080000 48053 32950 40000 10160 20123 40135 80006 333 20150 56009 58014=
080000 48055 31410 40000 10051 20038 40213 71022 81506 333 20045 56509 58005=
080000 48057 31939 31801 10108 20091 71011 80006 333 20096 56006=
080000 48060 31410 20000 10095 20074 40210 74022 82800 333 20080 56500 59013=
080000 48062 31540 30000 10166 20150 40142 71022 83832 333 20135 56999 58004=
080000 48064 32950 41401 10146 20111 40120 80036 333 20105 56099 59001=
080000 48065 32950 20000 10140 20124 80006 333 20130 56009=
080000 48071 31940 00000 10175 20155 40145 74044 333 20165 58003=
080000 48074 32450 50000 10190 20139 40151 82502 333 20172 56409 58002=
080000 48075 31456 40000 10110 20110 40189 71022 82505 333 20105 56599 59006=
080000 48078 32950 20000 10178 20156 40142 80001 333 20170 56009 58002=
080000 48080 31450 20000 10114 20091 40150 74044 82500 333 20105 56900 58007=
080000 48085 31930 30000 10156 20124 40141 74044 80036 333 20125 56099 58010=
080000 48092 31950 43201 10200 20159 40119 70522 80036 333 20180 56099 58011=
080000 48093 32530 60901 10201 20185 85801 333 20200 56109=
080000 48094 32456 40000 10190 20160 40137 82540 333 20152 56990 58000=
080000 48097 32556 73301 10200 20168 40143 70322 83831 333 20175 56999 58001=
080000 48099 31330 43601 10202 20185 40133 74044 83830 333 20185 56190 59003=
080000 48108 31594 60000 10155 20168 40140 71022 82407 333 20160 56909 59007=
080000 48109 31496 10000 10215 20185 40139 71022 81500 333 20203 56900 58007=
080000 48110 31992 21302 10195 20180 40142 74244 80005 333 20195 56009 58002=
080000 48112 32597 80401 10240 20209 40130 83876 333 20195 56199 59005=  
