080300 48001 31446 50000 10120 20118 40181 70344 84930 333 56490 58000=
080300 48004 32562 30000 10157 20123 82800 333 56900=
080300 48008 32557 30401 10197 20130 40160 82430 333 56560 58004=
080300 48010 31450 30000 10180 20147 40162 74044 83800 333 56500 58006=
080300 48018 32560 10401 10165 20144 40146 70344 81100 333 56900 58010=
080300 48019 32458 50401 10184 20147 40136 83830 333 56550 59001=
080300 48020 32250 50402 10180 20165 85700 333 56400=
080300 48025 32456 63201 10190 20175 40154 85840 333 56550 58003=
080300 48030 31150 32202 10063 20063 70344 83800 333 56500=
080300 48031 31/05 91801 10105 20102 333=
080300 48033 32960 03601 10210 20160 40137 333 58010=
080300 48034 31956 00000 10150 20111 71000 333=
080300 48035 31560 50000 10161 20144 40163 70511 83960 333 56590 58017=
080300 48037 32058 03201 10190 20159 40150 333 58019=
080300 48039 31940 23201 10214 20160 74044 80002 333 56009=
080300 48042 31950 01301 10215 20180 40144 71000 333 58018=
080300 48043 32057 03202 10155 20123 333=
080300 48045 32460 10902 10125 20086 81500 333 56500=
080300 48048 32960 00901 10200 20168 40142 333 58010=
080300 48051 32958 03102 10182 20180 70200 333=
080300 48052 32970 00402 10220 20156 333=
080300 48053 31950 23602 10220 20173 40134 71011 80006 333 56009 58007=
080300 48055 31556 50000 10152 20102 40165 71011 85800 333 56500 58010=
080300 48057 32456 41403 10200 20130 83850 333 56490=
080300 48060 31430 20000 10180 20147 40174 74311 82100 333 56500 58011=
080300 48062 31450 43602 10170 20150 40137 82530 333 56990 59003=
080300 48064 32960 01401 10190 20159 40120 333 59003=
080300 48065 32960 00402 10192 20159 333=
080300 48071 31458 50000 10230 20198 40143 70522 85800 333 56900 58006=
080300 48072 31459 11301 10250 20205 70500 81200 333 56900=
080300 48074 32459 50403 10210 20160 40136 83860 333 56440 59008=
080300 48075 32457 70000 10165 20120 40180 87800 333 56500 59014=
080300 48077 32559 50401 10220 20173 40130 84801 333 56909 58006=
080300 48078 21550 62301 10215 20180 40139 72055 85801 333 56409 58004=
080300 48080 31459 40402 10201 20168 40141 70344 83201 333 56409 59012=
080300 48085 31957 20000 10224 20205 40125 70544 80006 333 56009 58008=
080300 48087 32550 20000 10204 20185 82800 333 56900=
080300 48092 31550 32702 10245 20188 40123 70522 81430 333 56990 58010=
080300 48093 32656 72301 10232 20198 86840 333 56590=
080300 48094 32459 10402 10240 20210 40138 70111 81500 333 56900 58008=
080300 48095 32958 00000 10230 20198 333 56000=
080300 48097 31457 53301 10250 20186 40152 70522 82501 333 56909 58003=
080300 48099 31330 70000 10255 20229 40136 74144 86830 333 56990 58002=
080300 48101 32758 20000 10250 20205 70211 80011 333 56099=
080300 48103 32456 80401 10272 20211 40135 84870 333 56110 58005=
080300 48107 32350 61301 10257 20229 40120 84970 333 56220 59000=
080300 48108 31956 80502 10250 20220 40109 70344 84876 333 56899 58000=
080300 48109 32497 50000 10255 20215 40144 70222 85900 333 56900 58009=
080300 48110 21596 71302 10275 20237 40133 70522 81256 333 56999 58007=
080300 48112 32598 50402 10280 20233 40128 81116 333 56199 58006=  48001 31446 50000 10120 20118 40181 70344 84930 333 56490 58000=
080300 48004 32562 30000 10157 20123 82800 333 56900=
080300 48008 32557 30401 10197 20130 40160 82430 333 56560 58004=
080300 48010 31450 30000 10180 20147 40162 74044 83800 333 56500 58006=
080300 48018 32560 10401 10165 20144 40146 70344 81100 333 56900 58010=
080300 48019 32458 50401 10184 20147 40136 83830 333 56550 59001=
080300 48020 32250 50402 10180 20165 85700 333 56400=
080300 48025 32456 63201 10190 20175 40154 85840 333 56550 58003=
080300 48035 31560 50000 10161 20144 40163 70511 83960 333 56590 58017=
080300 48037 32058 03201 10190 20159 40150 333 58019=
080300 48042 31950 01301 10215 20180 40144 71000 333 58018=
080300 48045 32460 10902 10125 20086 81500 333 56500=
080300 48048 32960 00901 10200 20168 40142 333 58010=
080300 48051 32958 03102 10182 20180 70200 333=
080300 48053 31950 23602 10220 20173 40134 71011 80006 333 56009 58007=
080300 48060 31430 20000 10180 20147 40174 74311 82100 333 56500 58011=
080300 48062 31450 43602 10170 20150 40137 82530 333 56990 59003=
080300 48071 31458 50000 10230 20198 40143 70522 85800 333 56900 58006=
080300 48075 32457 70000 10165 20120 40180 87800 333 56500 59014=
080300 48077 32559 50401 10220 20173 40130 84801 333 56909 58006=
080300 48078 21550 62301 10215 20180 40139 72055 85801 333 56409 58004=
080300 48080 31459 40402 10201 20168 40141 70344 83201 333 56409 59012=
080300 48085 31957 20000 10224 20205 40125 70544 80006 333 56009 58008=
080300 48095 32958 00000 10230 20198 333 56000=
080300 48108 31956 80502 10250 20220 40109 70344 84876 333 56899 58000=
080300 48109 32497 50000 10255 20215 40144 70222 85900 333 56900 58009=
080300 48110 21596 71302 10275 20237 40133 70522 81256 333 56999 58007=
080300 48112 32598 50402 10280 20233 40128 81116 333 56199 58006=
080300 48030 31150 32202 10063 20063 70344 83800 333 56500=
080300 48072 31459 11301 10250 20205 70500 81200 333 56900=
080300 48087 32550 20000 10204 20185 82800 333 56900=
080300 48099 31330 70000 10255 20229 40136 74144 86830 333 56990 58002=
080300 48101 32758 20000 10250 20205 70211 80011 333 56099=
080300 48103 32456 80401 10272 20211 40135 84870 333 56110 58005=
080300 48057 32456 41403 10200 20130 83850 333 56490=
080300 48094 32459 10402 10240 20210 40138 70111 81500 333 56900 58008=
080300 48097 31457 53301 10250 20186 40152 70522 82501 333 56909 58003=
080300 48031 31/05 91801 10105 20102 333=
080300 48033 32960 03601 10210 20160 40137 333 58010=
080300 48034 31956 00000 10150 20111 71000 333=
080300 48039 31940 23201 10214 20160 74044 80002 333 56009=
080300 48043 32057 03202 10155 20123 333=
080300 48052 32970 00402 10220 20156 333=
080300 48055 31556 50000 10152 20102 40165 71011 85800 333 56500 58010=
080300 48064 32960 01401 10190 20159 40120 333 59003=
080300 48065 32960 00402 10192 20159 333=
080300 48074 32459 50403 10210 20160 40136 83860 333 56440 59008=
080300 48092 31550 32702 10245 20188 40123 70522 81430 333 56990 58010=
080300 48093 32656 72301 10232 20198 86840 333 56590=
080300 48107 32350 61301 10257 20229 40120 84970 333 56220 59000=  
