08-JUN-2015 12 48001 2 1 4 30 8 00 00 10 250 20 233 3 0000 4 0038 5 0000 6 000 0 7 02 5 5 8 4 7 7 / 333 10 265 59 015 6 002 2 7 0000 
08-JUN-2015 12 48008 2 2 5 57 6 04 01 10 330 20 253 3 0000 4 0018 5 0000 6 000 0 7 00 0 0 8 3 9 7 0 333 10 317 58 001 6 000 2 7 0000 
08-JUN-2015 12 48010 2 2 5 40 7 18 01 10 305 20 266 3 0000 4 0002 5 0000 6 000 0 7 00 0 0 8 4 9 7 0 333 10 358 59 003 6 009 2 7 0000 
08-JUN-2015 12 48018 3 2 5 60 4 27 01 10 342 20 257 3 0000 4 0005 5 0000 6 000 0 7 00 0 0 8 2 8 7 0 333 10 355 59 008 6 000 2 7 0000 
08-JUN-2015 12 48019 3 2 4 56 2 00 00 10 335 20 258 3 0000 4 0007 5 0000 6 000 0 7 00 0 0 8 0 0 2 0 333 10 352 59 006 6 000 2 7 0000 
08-JUN-2015 12 48025 3 2 4 58 5 14 02 10 390 20 286 3 0000 4 9992 5 0000 6 000 0 7 00 0 0 8 5 3 0 0 333 10 393 59 010 6 000 2 7 0000 
08-JUN-2015 12 48033 3 2 5 62 3 18 01 10 350 20 240 3 0000 4 9990 5 0000 6 000 0 7 00 0 0 8 3 8 0 0 333 10 390 59 029 6 000 2 7 0000 
08-JUN-2015 12 48035 3 2 5 60 3 00 00 10 294 20 230 3 0000 4 0001 5 0000 6 000 0 7 00 0 0 8 3 9 0 0 333 10 335 59 016 6 000 2 7 0000 
08-JUN-2015 12 48037 3 2 6 57 2 18 01 10 379 20 240 3 0000 4 9999 5 0000 6 000 0 7 00 0 0 8 2 3 0 0 333 10 404 59 012 6 000 2 7 0000 
08-JUN-2015 12 48042 3 2 5 60 2 18 05 10 340 20 240 3 0000 4 0012 5 0000 6 000 0 7 00 0 0 8 1 2 0 2 333 10 380 59 003 6 000 2 7 0000 
08-JUN-2015 12 48048 3 2 5 50 3 22 01 10 366 20 207 3 0000 4 0008 5 0000 6 000 0 7 00 0 0 8 3 8 0 0 333 10 395 59 001 6 000 2 7 0000 
08-JUN-2015 12 48053 2 2 4 50 6 18 03 10 290 20 259 3 0000 4 0040 5 0000 6 000 0 7 02 9 6 8 4 9 5 6 333 10 330 58 006 6 008 2 7 0000 
08-JUN-2015 12 48055 3 2 5 56 7 04 07 10 278 20 220 3 0000 4 0013 5 0000 6 000 0 7 00 0 0 8 4 9 4 7 333 10 327 59 010 6 000 2 7 0000 
08-JUN-2015 12 48060 3 2 4 30 5 00 00 10 312 20 225 3 0000 4 9995 5 0000 6 000 0 7 00 0 0 8 3 2 0 6 333 10 342 59 037 6 000 2 7 0000 
08-JUN-2015 12 48062 2 1 4 56 8 23 01 10 276 20 270 3 0000 4 0061 5 0000 6 000 0 7 20 5 5 8 5 9 7 / 333 10 315 58 007 6 000 2 7 0000 
08-JUN-2015 12 48064 3 2 5 50 6 32 01 10 330 20 244 3 0000 4 0046 5 0000 6 000 0 7 00 0 0 8 4 8 0 6 333 10 392 58 034 6 000 2 7 0000 
08-JUN-2015 12 48071 2 1 3 56 8 13 01 10 267 20 267 3 0000 4 0070 5 0000 6 000 0 7 21 6 2 8 6 9 7 / 333 10 270 58 012 6 001 2 7 0000 
08-JUN-2015 12 48074 2 1 4 57 7 23 01 10 270 20 256 3 0000 4 0062 5 0000 6 000 0 7 02 9 6 8 5 9 1 0 333 10 348 58 001 6 013 2 7 0000 
08-JUN-2015 12 48075 2 1 4 56 6 23 03 10 265 20 198 3 0000 4 0067 5 0000 6 000 0 7 02 6 2 8 4 8 3 0 333 10 310 58 018 6 004 2 7 0000 
08-JUN-2015 12 48077 3 2 5 56 8 23 07 10 300 20 239 3 0000 4 0049 5 0000 6 000 0 7 00 0 0 8 5 9 3 1 333 10 340 58 005 6 000 2 7 0000 
08-JUN-2015 12 48078 2 1 4 40 8 14 01 10 255 20 247 3 0000 4 0077 5 0000 6 000 0 7 51 9 6 8 6 9 2 / 333 10 330 58 008 6 027 2 7 0000 
08-JUN-2015 12 48080 2 2 4 58 7 13 01 10 260 20 246 3 0000 4 0080 5 0000 6 000 0 7 00 0 0 8 5 8 7 0 333 10 265 58 017 6 000 2 7 0000 
08-JUN-2015 12 48085 2 1 3 56 8 32 04 10 272 20 256 3 0000 4 0075 5 0000 6 000 0 7 02 6 5 8 6 9 2 0 333 10 285 58 013 6 001 2 7 0000 
08-JUN-2015 12 48092 2 1 4 56 8 23 01 10 255 20 239 3 0000 4 0057 5 0000 6 000 0 7 02 6 6 8 6 9 7 / 333 10 320 58 010 6 019 2 7 0000 
08-JUN-2015 12 48094 2 1 4 56 8 22 01 10 248 20 248 3 0000 4 0082 5 0000 6 000 0 7 96 9 6 8 6 9 2 0 333 10 323 58 019 6 020 2 7 0000 
08-JUN-2015 12 48097 2 1 5 56 8 23 01 10 260 20 246 3 0000 4 0084 5 0000 6 000 0 7 21 9 5 8 4 9 7 / 333 10 320 58 006 6 007 2 7 0000 
08-JUN-2015 12 48099 2 1 4 40 5 00 00 10 260 20 246 3 0000 4 0067 5 0000 6 000 0 7 01 9 6 8 3 9 7 0 333 10 320 58 014 6 005 2 7 0000 
08-JUN-2015 12 48103 2 2 4 50 7 22 02 10 282 20 250 3 0000 4 0080 5 0000 6 000 0 7 00 0 0 8 4 8 3 0 333 10 325 58 024 6 000 2 7 0000 
08-JUN-2015 12 48107 3 2 3 30 6 23 01 10 300 20 253 3 0000 4 0079 5 0000 6 000 0 7 00 0 0 8 4 9 7 0 333 10 340 58 013 6 000 2 7 0000 
08-JUN-2015 12 48108 2 2 5 96 6 32 01 10 300 20 253 3 0000 4 0083 5 0000 6 000 0 7 00 0 0 8 3 3 5 6 333 10 335 58 013 6 001 2 7 0000 
08-JUN-2015 12 48109 3 2 4 97 4 23 01 10 313 20 267 3 0000 4 0086 5 0000 6 000 0 7 00 0 0 8 4 9 0 0 333 10 334 58 013 6 000 2 7 0000 
08-JUN-2015 12 48110 3 2 5 96 8 18 02 10 310 20 267 3 0000 4 0080 5 0000 6 000 0 7 00 0 0 8 3 3 5 7 333 10 350 58 002 6 000 2 7 0000 
08-JUN-2015 12 48112 3 2 5 97 8 22 01 10 307 20 254 3 0000 4 0087 5 0000 6 000 0 7 00 0 0 8 3 8 7 6 333 10 338 58 013 6 000 2 7 0000 
