08-JUN-2015 06 48004 3 2 3 56 7 04 01 10 311 20 267 3 0000 4 0000 5 0000 6 000 0 7 00 0 0 8 7 9 0 0 333 10 /// 58 000 6 000 0 7 0000 
08-JUN-2015 06 48008 2 1 4 57 6 14 02 10 283 20 268 3 0000 4 0052 5 0000 6 000 0 7 21 6 6 8 3 9 7 0 333 10 /// 59 002 6 000 0 7 0000 
08-JUN-2015 06 48010 3 2 5 60 6 18 01 10 340 20 270 3 0000 4 0041 5 0000 6 000 0 7 00 0 0 8 4 8 3 0 333 10 /// 58 000 6 000 0 7 0000 
08-JUN-2015 06 48018 3 2 5 60 6 18 02 10 340 20 240 3 0000 4 0046 5 0000 6 000 0 7 00 0 0 8 3 8 7 0 333 10 /// 59 013 6 000 0 7 0000 
08-JUN-2015 06 48019 3 2 4 60 3 32 02 10 300 20 253 3 0000 4 0051 5 0000 6 000 0 7 00 0 0 8 2 2 2 0 333 10 /// 58 007 6 000 0 7 0000 
08-JUN-2015 06 48020 3 2 4 60 2 36 03 10 360 20 270 3 0000 4 0000 5 0000 6 000 0 7 00 0 0 8 2 2 0 0 333 10 /// 58 000 6 000 0 7 0000 
08-JUN-2015 06 48025 3 2 4 56 4 09 01 10 370 20 258 3 0000 4 0045 5 0000 6 000 0 7 00 0 0 8 3 8 4 0 333 10 /// 58 007 6 000 0 7 0000 
08-JUN-2015 06 48030 3 2 3 57 3 22 02 10 248 20 150 3 0000 4 0000 5 0000 6 000 0 7 00 0 0 8 3 8 0 0 333 10 /// 58 000 6 000 0 7 0000 
08-JUN-2015 06 48031 3 2 2 60 2 04 01 10 275 20 172 3 0000 4 0000 5 0000 6 000 0 7 00 0 0 8 2 8 0 0 333 10 /// 58 000 6 000 0 7 0000 
08-JUN-2015 06 48033 3 2 5 63 3 18 01 10 350 20 237 3 0000 4 0040 5 0000 6 000 0 7 00 0 0 8 3 8 0 0 333 10 /// 59 012 6 000 0 7 0000 
08-JUN-2015 06 48034 3 2 4 57 6 18 02 10 260 20 215 3 0000 4 0000 5 0000 6 000 0 7 00 0 0 8 6 3 0 0 333 10 /// 58 000 6 000 0 7 0000 
08-JUN-2015 06 48035 3 2 5 60 5 22 02 10 306 20 203 3 0000 4 0028 5 0000 6 000 0 7 00 0 0 8 3 9 6 0 333 10 /// 59 004 6 000 0 7 0000 
08-JUN-2015 06 48037 3 2 5 60 2 18 01 10 373 20 246 3 0000 4 0037 5 0000 6 000 0 7 00 0 0 8 2 2 0 0 333 10 /// 59 007 6 000 0 7 0000 
08-JUN-2015 06 48039 3 2 4 60 5 22 02 10 340 20 240 3 0000 4 0000 5 0000 6 000 0 7 00 0 0 8 4 2 5 0 333 10 /// 58 000 6 000 0 7 0000 
08-JUN-2015 06 48042 3 2 5 59 4 18 04 10 355 20 243 3 0000 4 0047 5 0000 6 000 0 7 00 0 0 8 2 8 0 6 333 10 /// 59 001 6 000 0 7 0000 
08-JUN-2015 06 48043 3 2 6 57 3 18 06 10 270 20 226 3 0000 4 0000 5 0000 6 000 0 7 00 0 0 8 2 2 3 0 333 10 /// 58 000 6 000 0 7 0000 
08-JUN-2015 06 48045 3 2 5 61 6 18 02 10 269 20 223 3 0000 4 0000 5 0000 6 000 0 7 00 0 0 8 5 3 4 0 333 10 /// 58 000 6 000 0 7 0000 
08-JUN-2015 06 48048 3 2 5 60 5 18 02 10 380 20 240 3 0000 4 0044 5 0000 6 000 0 7 00 0 0 8 4 8 5 0 333 10 /// 59 005 6 000 0 7 0000 
08-JUN-2015 06 48051 2 1 4 58 8 13 01 10 274 20 270 3 0000 4 0000 5 0000 6 000 0 7 61 6 6 8 5 9 2 0 333 10 /// 58 000 6 000 0 7 0000 
08-JUN-2015 06 48052 3 2 4 68 4 22 01 10 265 20 221 3 0000 4 0000 5 0000 6 000 0 7 00 0 0 8 4 8 0 0 333 10 /// 58 000 6 000 0 7 0000 
08-JUN-2015 06 48053 3 2 4 56 7 18 05 10 320 20 248 3 0000 4 0059 5 0000 6 000 0 7 00 0 0 8 4 8 5 0 333 10 /// 58 001 6 000 0 7 0000 
08-JUN-2015 06 48055 3 2 5 57 5 23 04 10 302 20 223 3 0000 4 0027 5 0000 6 000 0 7 00 0 0 8 5 9 0 0 333 10 /// 59 011 6 000 0 7 0000 
08-JUN-2015 06 48057 3 2 4 58 6 22 02 10 250 20 186 3 0000 4 0000 5 0000 6 000 0 7 00 0 0 8 4 3 5 0 333 10 /// 58 000 6 000 0 7 0000 
08-JUN-2015 06 48060 3 2 4 50 3 00 00 10 305 20 224 3 0000 4 0033 5 0000 6 000 0 7 00 0 0 8 2 1 3 0 333 10 /// 59 006 6 000 0 7 0000 
08-JUN-2015 06 48062 2 1 3 56 8 23 02 10 255 20 250 3 0000 4 0080 5 0000 6 000 0 7 95 9 6 8 4 9 2 / 333 10 /// 58 003 6 000 0 7 0000 
08-JUN-2015 06 48064 3 2 4 65 7 23 01 10 358 20 264 3 0000 4 0030 5 0000 6 000 0 7 00 0 0 8 4 8 3 1 333 10 /// 59 014 6 000 0 7 0000 
08-JUN-2015 06 48065 2 1 4 50 7 00 00 10 342 20 257 3 0000 4 0000 5 0000 6 000 0 7 50 5 5 8 5 9 7 0 333 10 /// 58 000 6 000 0 7 0000 
08-JUN-2015 06 48071 2 1 3 58 8 23 03 10 258 20 258 3 0000 4 0096 5 0000 6 000 0 7 63 6 6 8 6 9 2 / 333 10 /// 58 020 6 000 0 7 0000 
08-JUN-2015 06 48072 2 1 4 58 8 27 04 10 260 20 246 3 0000 4 0000 5 0000 6 000 0 7 60 6 6 8 6 9 7 0 333 10 /// 58 000 6 000 0 7 0000 
08-JUN-2015 06 48074 3 2 4 60 5 36 04 10 330 20 258 3 0000 4 0080 5 0000 6 000 0 7 00 0 0 8 3 8 6 0 333 10 /// 58 002 6 000 0 7 0000 
08-JUN-2015 06 48075 3 2 4 57 4 27 02 10 290 20 196 3 0000 4 0058 5 0000 6 000 0 7 00 0 0 8 4 8 3 0 333 10 /// 58 002 6 000 0 7 0000 
08-JUN-2015 06 48077 3 2 5 59 7 23 06 10 340 20 257 3 0000 4 0069 5 0000 6 000 0 7 00 0 0 8 5 9 3 1 333 10 /// 58 006 6 000 0 7 0000 
08-JUN-2015 06 48078 3 2 5 57 4 18 01 10 327 20 258 3 0000 4 0067 5 0000 6 000 0 7 00 0 0 8 3 8 0 1 333 10 /// 59 019 6 000 0 7 0000 
08-JUN-2015 06 48080 2 1 4 60 8 13 02 10 250 20 233 3 0000 4 0094 5 0000 6 000 0 7 50 6 5 8 5 8 7 0 333 10 /// 58 026 6 000 0 7 0000 
08-JUN-2015 06 48085 2 1 3 57 8 27 06 10 272 20 256 3 0000 4 0091 5 0000 6 000 0 7 50 5 5 8 6 9 2 0 333 10 /// 58 009 6 000 0 7 0000 
08-JUN-2015 06 48087 2 1 4 60 6 23 03 10 308 20 259 3 0000 4 0000 5 0000 6 000 0 7 03 6 5 8 4 9 4 1 333 10 /// 58 000 6 000 0 7 0000 
08-JUN-2015 06 48092 2 1 4 50 8 31 02 10 280 20 259 3 0000 4 0074 5 0000 6 000 0 7 95 9 6 8 6 9 7 0 333 10 /// 58 002 6 000 0 7 0000 
08-JUN-2015 06 48093 2 1 4 56 8 23 01 10 267 20 256 3 0000 4 0000 5 0000 6 000 0 7 00 0 0 8 6 9 7 / 333 10 /// 58 000 6 000 0 7 0000 
08-JUN-2015 06 48094 2 1 4 59 7 22 02 10 300 20 275 3 0000 4 0082 5 0000 6 000 0 7 03 6 5 8 5 9 4 0 333 10 /// 58 007 6 000 0 7 0000 
08-JUN-2015 06 48095 3 1 4 58 7 00 00 10 295 20 259 3 0000 4 0000 5 0000 6 000 0 7 17 5 5 8 5 9 7 0 333 10 /// 58 000 6 000 0 7 0000 
08-JUN-2015 06 48096 2 1 4 50 8 33 06 10 270 20 256 3 0000 4 0090 5 0000 6 000 0 7 95 6 6 8 5 9 7 / 333 10 /// 58 002 6 000 0 7 0000 
08-JUN-2015 06 48097 2 1 5 57 8 24 02 10 290 20 248 3 0000 4 0092 5 0000 6 000 0 7 50 9 5 8 4 9 7 / 333 10 /// 58 003 6 000 0 7 0000 
08-JUN-2015 06 48099 3 2 4 56 5 23 02 10 280 20 268 3 0000 4 0083 5 0000 6 000 0 7 00 0 0 8 3 9 3 0 333 10 /// 59 003 6 000 0 7 0000 
08-JUN-2015 06 48101 3 2 5 59 6 27 02 10 328 20 258 3 0000 4 0000 5 0000 6 000 0 7 00 0 0 8 5 9 3 0 333 10 /// 58 000 6 000 0 7 0000 
08-JUN-2015 06 48103 2 1 4 56 4 32 02 10 302 20 266 3 0000 4 0084 5 0000 6 000 0 7 01 9 6 8 3 8 3 0 333 10 /// 59 000 6 000 0 7 0000 
08-JUN-2015 06 48107 3 2 3 50 4 23 01 10 320 20 248 3 0000 4 0085 5 0000 6 000 0 7 00 0 0 8 4 9 0 0 333 10 /// 59 002 6 000 0 7 0000 
08-JUN-2015 06 48108 2 1 5 94 8 23 01 10 300 20 266 3 0000 4 0093 5 0000 6 000 0 7 20 5 5 8 4 3 7 7 333 10 /// 58 005 6 000 0 7 0000 
08-JUN-2015 06 48110 3 2 5 96 8 32 04 10 350 20 266 3 0000 4 0092 5 0000 6 000 0 7 00 0 0 8 4 8 4 7 333 10 /// 58 001 6 000 0 7 0000 
