48001 21440 83201 10260 20246 40044 75155 8477/ 333 56559 59015=
48004 32458 60401 10325 20275 86900 333 56500=
48008 31457 62301 10306 20254 40020 72055 83970 333 56560 59010=
48010 21558 63601 10295 20266 40023 72996 85830 333 56660 58004=
48018 32560 41401 10350 20240 40024 82870 333 56450 59010=
48019 32460 23201 10338 20288 40016 82200 333 56600 59012=
48020 32460 20403 10390 20286 82200 333 56500=
48025 32458 41401 10390 20267 40003 82841 333 56699 58008=
48035 32560 52703 10301 20239 40002 83960 333 56590 59013=
48037 32662 31401 10399 20230 40005 83300 333 56600 59008=
48042 32559 31801 10375 20250 40011 83900 333 56500 59012=
48045 32558 71404 10243 20209 71564 87300 333 56500=
48048 32560 51803 10390 20213 40014 84850 333 56590 59007=
48051 22558 80403 10302 20270 86970 333 56590=
48053 21450 81803 10300 20253 40033 71796 8597/ 333 5659/ 58009=
48060 32450 52301 10340 20206 40007 84930 333 56590 58011=
48062 21356 82302 10275 20270 40058 75122 8692/ 333 5659/ 59006=
48071 21358 82301 10263 20263 40074 76166 8692/ 333 5659/ 58011=
48075 21457 61401 10280 20233 40045 79595 84970 333 56360 58017=
48077 32559 72306 10322 20236 40049 85931 333 56499 59002=
48078 21540 71401 10270 20263 40061 75196 8497/ 333 56509 58007=
48080 21459 82202 10260 20246 40080 75065 85870 333 56590 58012=
48085 21357 83205 10276 20268 40075 70295 86920 333 56590 58009=
48095 21458 80000 10290 20259 71722 85970 333 56990=
48108 21596 73202 10330 20244 40072 70199 83356 333 56899 58003=
48109 NIL=
48110 32596 83203 10325 20270 40078 83357 333 56999 58005=
48112 32597 82201 10335 20275 40082 83876 333 56599 58010=
48030 32357 32202 10271 20154 83900 333 56500=
48072 21459 81805 10270 20256 75065 86970 333 56690=
48087 21458 72302 10278 20256 72055 8597/ 333 5649/=
48099 21440 72303 10290 20259 40070 79595 85970 333 56590 58013=
48101 21457 80000 10263 20246 75096 8597/ 333 5659/=
48103 22456 52202 10320 20265 40067 85800 333 56500 58007=
48057 32458 52202 10255 20203 85300 333 56600=
48094 21458 82202 10270 20265 40081 76066 85970 333 56599 58018=
48097 21557 80501 10270 20270 40085 75095 8497/ 333 5699/ 58012=
48031 32558 50401 10280 20158 85800 333 56400=
48033 32563 31801 10380 20240 40003 83800 333 56600 59005=
48034 32457 41802 10298 20207 84800 333 56500=
48039 32460 30401 10351 20240 83100 333 56500=
48043 32657 51807 10285 20215 85800 333 56500=
48052 32468 42203 10395 20230 83801 333 56509=
48055 32557 23207 10308 20214 40001 85300 333 56500 59005=
48064 32570 40401 10388 20267 40023 83830 333 56440 58011=
48065 22458 50408 10377 20227 84830 333 56590=
48074 21349 80401 10265 20253 40058 71796 8697/ 333 56499 58015=
48092 21456 82302 10280 20268 40064 79596 889// 333 569// 58016=
48093 21456 81801 10272 20256 70255 8697/ 333 56499=
48107 32350 62301 10328 20244 40070 84970 333 56550 58003=  48001 21440 83201 10260 20246 40044 75155 8477/ 333 56559 59015=
48004 32458 60401 10325 20275 86900 333 56500=
48008 31457 62301 10306 20254 40020 72055 83970 333 56560 59010=
48010 21558 63601 10295 20266 40023 72996 85830 333 56660 58004=
48018 32560 41401 10350 20240 40024 82870 333 56450 59010=
48019 32460 23201 10338 20288 40016 82200 333 56600 59012=
48020 32460 20403 10390 20286 82200 333 56500=
48025 32458 41401 10390 20267 40003 82841 333 56699 58008=
48030 32357 32202 10271 20154 83900 333 56500=
48031 32558 50401 10280 20158 85800 333 56400=
48033 32563 31801 10380 20240 40003 83800 333 56600 59005=
48034 32457 41802 10298 20207 84800 333 56500=
48035 32560 52703 10301 20239 40002 83960 333 56590 59013=
48037 32662 31401 10399 20230 40005 83300 333 56600 59008=
48039 32460 30401 10351 20240 83100 333 56500=
48042 32559 31801 10375 20250 40011 83900 333 56500 59012=
48043 32657 51807 10285 20215 85800 333 56500=
48045 32558 71404 10243 20209 71564 87300 333 56500=
48048 32560 51803 10390 20213 40014 84850 333 56590 59007=
48051 22558 80403 10302 20270 86970 333 56590=
48052 32468 42203 10395 20230 83801 333 56509=
48053 21450 81803 10300 20253 40033 71796 8597/ 333 5659/ 58009=
48055 32557 23207 10308 20214 40001 85300 333 56500 59005=
48057 32458 52202 10255 20203 85300 333 56600=
48060 32450 52301 10340 20206 40007 84930 333 56590 58011=
48062 21356 82302 10275 20270 40058 75122 8692/ 333 5659/ 59006=
48064 32570 40401 10388 20267 40023 83830 333 56440 58011=
48065 22458 50408 10377 20227 84830 333 56590=
48071 21358 82301 10263 20263 40074 76166 8692/ 333 5659/ 58011=
48072 21459 81805 10270 20256 75065 86970 333 56690=
48074 21349 80401 10265 20253 40058 71796 8697/ 333 56499 58015=
48075 21457 61401 10280 20233 40045 79595 84970 333 56360 58017=
48077 32559 72306 10322 20236 40049 85931 333 56499 59002=
48078 21540 71401 10270 20263 40061 75196 8497/ 333 56509 58007=
48080 21459 82202 10260 20246 40080 75065 85870 333 56590 58012=
48085 21357 83205 10276 20268 40075 70295 86920 333 56590 58009=
48087 21458 72302 10278 20256 72055 8597/ 333 5649/=
48092 21456 82302 10280 20268 40064 79596 889// 333 569// 58016=
48093 21456 81801 10272 20256 70255 8697/ 333 56499=
48094 21458 82202 10270 20265 40081 76066 85970 333 56599 58018=
48095 21458 80000 10290 20259 71722 85970 333 56990=
48096 21450 82103 10270 20270 40081 76166 8597/ 333 5699/ 58012=
48097 21557 80501 10270 20270 40085 75095 8497/ 333 5699/ 58012=
48099 21440 72303 10290 20259 40070 79595 85970 333 56590 58013=
48101 21457 80000 10263 20246 75096 8597/ 333 5659/=
48103 22456 52202 10320 20265 40067 85800 333 56500 58007=
48107 32350 62301 10328 20244 40070 84970 333 56550 58003=
48108 21596 73202 10330 20244 40072 70199 83356 333 56899 58003=
48109 NIL=
48110 32596 83203 10325 20270 40078 83357 333 56999 58005=
48112 32597 82201 10335 20275 40082 83876 333 56599 58010=  48001 21440 83201 10260 20246 40044 75155 8477/ 333 56559 59015=
48004 32458 60401 10325 20275 86900 333 56500=
48008 31457 62301 10306 20254 40020 72055 83970 333 56560 59010=
48010 21558 63601 10295 20266 40023 72996 85830 333 56660 58004=
48018 32560 41401 10350 20240 40024 82870 333 56450 59010=
48019 32460 23201 10338 20288 40016 82200 333 56600 59012=
48020 32460 20403 10390 20286 82200 333 56500=
48025 32458 41401 10390 20267 40003 82841 333 56699 58008=
48030 32357 32202 10271 20154 83900 333 56500=
48031 32558 50401 10280 20158 85800 333 56400=
48033 32563 31801 10380 20240 40003 83800 333 56600 59005=
48034 32457 41802 10298 20207 84800 333 56500=  