081200 48001 21430 80000 10250 20233 40038 70255 8477/ 333 10265 56559 59015 60022=
081200 48004 21340 70000 10321 20281 70352 87900 333 10340 56500 69902=
081200 48008 22557 60401 10330 20253 40018 83970 333 10317 56560 58001 60002=
081200 48010 22540 71801 10305 20266 40002 84970 333 10358 56550 59003 60092=
081200 48018 32560 42701 10342 20257 40005 82870 333 10355 56560 59008 60002=
081200 48019 32456 20000 10335 20258 40007 80020 333 10352 56060 59006 60002=
081200 48020 32458 32702 10380 20257 83800 333 10398 56500 60002=
081200 48025 32458 51402 10390 20286 49992 85300 333 10393 56600 59010 60002=
081200 48030 32356 42203 10247 20167 84900 333 10278 56500 60002=
081200 48031 32254 42201 10250 20167 84800 333 10285 56400 60002=
081200 48033 32562 31801 10350 20240 49990 83800 333 10390 56900 59029 60002=
081200 48034 32456 22301 10265 20207 82800 333 10298 56500 60002=
081200 48035 32560 30000 10294 20230 40001 83900 333 10335 56490 59016 60002=
081200 48037 32657 21801 10379 20240 49999 82300 333 10404 56600 59012 60002=
081200 48039 32460 41401 10330 20244 83802 333 10362 56303 60002=
081200 48042 32560 21805 10340 20240 40012 81202 333 10380 56409 59003 60002=
081200 48043 32030 21807 10270 20226 80002 333 10290 56009 60002=
081200 48045 31557 71815 10221 20221 70144 87200 333 10274 56500 60002=
081200 48048 32550 32201 10366 20207 40008 83800 333 10395 56900 59001 60002=
081200 48051 21456 81302 10272 20270 75155 86920 333 10306 56490 60382=
081200 48052 32450 52205 10345 20219 85900 333 10395 56900 60002=
081200 48053 22450 61803 10290 20259 40040 70296 84956 333 10330 56599 58006 60082=
081200 48055 32556 70407 10278 20220 40013 84947 333 10327 56559 59010 60002=
081200 48057 32456 51802 10240 20191 84301 333 10260 56509 60002=
081200 48060 32430 50000 10312 20225 49995 83206 333 10342 56609 59037 60002=
081200 48062 21456 82301 10276 20270 40061 72055 8597/ 333 10315 5699/ 58007 60002=
081200 48064 32550 63201 10330 20244 40046 84806 333 10392 56409 58034 60002=
081200 48065 22450 73205 10325 20236 85870 333 10384 56990 60002=
081200 48071 21356 81301 10267 20267 40070 72162 8697/ 333 10270 5699/ 58012 60012=
081200 48072 31456 81303 10275 20240 70322 86930 333 10290 56590 60072=
081200 48074 21457 72301 10270 20256 40062 70296 85910 333 10348 56560 58001 60132=
081200 48075 21456 62303 10265 20198 40067 70262 84830 333 10310 56590 58018 60042=
081200 48077 32556 82307 10300 20239 40049 85931 333 10340 56499 58005 60002=
081200 48078 21440 81401 10255 20247 40077 75196 8692/ 333 10330 56499 58008 60272=
081200 48080 22458 71301 10260 20246 40080 85870 333 10265 56590 58017 60002=
081200 48085 21356 83204 10272 20256 40075 70265 86920 333 10285 56790 58013 60012=
081200 48087 22440 82301 10290 20259 8597/ 333 10344 5649/ 60082=
081200 48092 21456 82301 10255 20239 40057 70266 8697/ 333 10320 5699/ 58010 60192=
081200 48093 21430 83201 10258 20246 75165 8697/ 333 10323 56999 60282=
081200 48094 21456 82201 10248 20248 40082 79696 86920 333 10323 56590 58019 60202=
081200 48095 21456 80000 10265 20246 75022 84970 333 10326 56990 60022=
081200 48097 21556 82301 10260 20246 40084 72195 8497/ 333 10320 5699/ 58006 60072=
081200 48099 21440 50000 10260 20246 40067 70196 83970 333 10320 56990 58014 60052=
081200 48101 21450 82701 10267 20256 75165 8597/ 333 10335 5669/ 60162=
081200 48103 22450 72202 10282 20250 40080 84830 333 10325 56550 58024 60002=
081200 48107 32330 62301 10300 20253 40079 84970 333 10340 56550 58013 60002=
081200 48108 22596 63201 10300 20253 40083 83356 333 10335 56399 58013 60012=
081200 48109 32497 42301 10313 20267 40086 84900 333 10334 56900 58013 60002=
081200 48110 32596 81802 10310 20267 40080 83357 333 10350 56999 58002 60002=
081200 48112 32597 82201 10307 20254 40087 83876 333 10338 56599 58013 60002=  
