08-MAR-2015 03 48004 3 1 5 58 1 22 01 10 200 20 130 3 0000 4 0000 5 0000 6 000 0 7 01 4 4 8 1 1 0 0 333 10 /// 58 000 6 000 0 7 0000 
08-MAR-2015 03 48008 3 2 5 57 1 04 01 10 220 20 143 3 0000 4 0105 5 0000 6 000 0 7 00 0 0 8 1 4 0 0 333 10 /// 59 026 6 000 0 7 0000 
08-MAR-2015 03 48010 3 1 0 30 0 00 00 10 175 20 147 3 0000 4 0159 5 0000 6 000 0 7 40 4 4 8 0 0 0 0 333 10 /// 58 013 6 000 0 7 0000 
08-MAR-2015 03 48018 3 1 5 58 2 04 01 10 195 20 150 3 0000 4 0140 5 0000 6 000 0 7 03 4 4 8 2 8 0 0 333 10 /// 58 034 6 000 0 7 0000 
08-MAR-2015 03 48019 3 2 9 60 0 04 02 10 203 20 130 3 0000 4 0142 5 0000 6 000 0 7 00 0 0 8 0 0 0 0 333 10 /// 58 017 6 000 0 7 0000 
08-MAR-2015 03 48020 3 2 9 56 0 36 02 10 200 20 150 3 0000 4 0000 5 0000 6 000 0 7 00 0 0 8 0 0 0 0 333 10 /// 58 000 6 000 0 7 0000 
08-MAR-2015 03 48025 3 1 9 30 0 22 01 10 191 20 118 3 0000 4 0147 5 0000 6 000 0 7 05 4 4 8 0 0 0 0 333 10 /// 58 008 6 000 0 7 0000 
08-MAR-2015 03 48030 3 2 9 56 0 22 02 10 090 20 000 3 0000 4 0000 5 0000 6 000 0 7 00 0 0 8 0 0 0 0 333 10 /// 58 000 6 000 0 7 0000 
08-MAR-2015 03 48031 3 1 9 60 0 18 01 10 190 20 047 3 0000 4 0000 5 0000 6 000 0 7 05 0 0 8 0 0 0 0 333 10 /// 58 000 6 000 0 7 0000 
08-MAR-2015 03 48033 3 2 9 62 0 36 01 10 230 20 163 3 0000 4 0132 5 0000 6 000 0 7 00 0 0 8 0 0 0 0 333 10 /// 58 032 6 000 0 7 0000 
08-MAR-2015 03 48034 3 2 9 58 0 00 00 10 182 20 108 3 0000 4 0000 5 0000 6 000 0 7 00 0 0 8 0 0 0 0 333 10 /// 58 000 6 000 0 7 0000 
08-MAR-2015 03 48035 3 1 9 40 0 00 00 10 187 20 116 3 0000 4 0148 5 0000 6 000 0 7 05 0 0 8 0 0 0 0 333 10 /// 58 019 6 000 0 7 0000 
08-MAR-2015 03 48037 3 1 9 40 0 36 01 10 232 20 097 3 0000 4 0134 5 0000 6 000 0 7 05 4 4 8 0 0 0 0 333 10 /// 58 018 6 000 0 7 0000 
08-MAR-2015 03 48039 3 1 9 40 2 22 02 10 245 20 155 3 0000 4 0000 5 0000 6 000 0 7 05 1 1 8 0 0 0 2 333 10 /// 58 000 6 000 0 7 0000 
08-MAR-2015 03 48042 3 2 9 50 0 18 02 10 278 20 158 3 0000 4 0129 5 0000 6 000 0 7 05 0 0 8 0 0 0 0 333 10 /// 58 017 6 000 0 7 0000 
08-MAR-2015 03 48043 3 2 0 56 0 18 02 10 230 20 124 3 0000 4 0000 5 0000 6 000 0 7 00 0 0 8 0 0 0 0 333 10 /// 58 000 6 000 0 7 0000 
08-MAR-2015 03 48045 3 2 9 59 0 14 02 10 195 20 033 3 0000 4 0000 5 0000 6 000 0 7 00 0 0 8 0 0 0 0 333 10 /// 58 000 6 000 0 7 0000 
08-MAR-2015 03 48048 3 2 9 50 0 04 01 10 254 20 105 3 0000 4 0137 5 0000 6 000 0 7 00 0 0 8 0 0 0 0 333 10 /// 58 017 6 000 0 7 0000 
08-MAR-2015 03 48051 3 2 9 58 0 04 03 10 236 20 140 3 0000 4 0000 5 0000 6 000 0 7 02 0 0 8 0 0 0 0 333 10 /// 58 000 6 000 0 7 0000 
08-MAR-2015 03 48052 3 2 9 58 0 32 02 10 250 20 150 3 0000 4 0000 5 0000 6 000 0 7 00 0 0 8 0 0 0 0 333 10 /// 58 000 6 000 0 7 0000 
08-MAR-2015 03 48053 3 1 9 50 0 22 02 10 270 20 172 3 0000 4 0126 5 0000 6 000 0 7 05 0 0 8 0 0 0 0 333 10 /// 58 008 6 000 0 7 0000 
08-MAR-2015 03 48055 3 1 9 48 0 00 00 10 203 20 119 3 0000 4 0138 5 0000 6 000 0 7 05 0 0 8 0 0 0 0 333 10 /// 58 014 6 000 0 7 0000 
08-MAR-2015 03 48057 3 2 9 58 0 18 01 10 222 20 087 3 0000 4 0000 5 0000 6 000 0 7 00 0 0 8 0 0 0 0 333 10 /// 58 000 6 000 0 7 0000 
08-MAR-2015 03 48060 3 1 9 30 0 00 00 10 205 20 137 3 0000 4 0148 5 0000 6 000 0 7 10 1 1 8 0 0 0 0 333 10 /// 58 006 6 000 0 7 0000 
08-MAR-2015 03 48062 3 2 9 58 0 04 02 10 220 20 160 3 0000 4 0137 5 0000 6 000 0 7 00 0 0 8 0 0 0 0 333 10 /// 58 010 6 000 0 7 0000 
08-MAR-2015 03 48064 3 2 9 60 0 14 01 10 240 20 155 3 0000 4 0127 5 0000 6 000 0 7 00 0 0 8 0 0 0 0 333 10 /// 58 020 6 000 0 7 0000 
08-MAR-2015 03 48065 3 2 9 68 0 00 00 10 268 20 160 3 0000 4 0000 5 0000 6 000 0 7 00 0 0 8 0 0 0 0 333 10 /// 58 000 6 000 0 7 0000 
08-MAR-2015 03 48071 3 2 9 58 0 36 01 10 255 20 215 3 0000 4 0140 5 0000 6 000 0 7 00 0 0 8 0 0 0 0 333 10 /// 58 012 6 000 0 7 0000 
08-MAR-2015 03 48072 3 2 9 59 0 36 03 10 265 20 191 3 0000 4 0000 5 0000 6 000 0 7 00 0 0 8 0 0 0 0 333 10 /// 58 000 6 000 0 7 0000 
08-MAR-2015 03 48074 3 1 9 50 0 14 03 10 250 20 167 3 0000 4 0155 5 0000 6 000 0 7 05 0 0 8 0 0 0 0 333 10 /// 58 021 6 000 0 7 0000 
08-MAR-2015 03 48075 3 1 9 57 0 32 01 10 220 20 140 3 0000 4 0161 5 0000 6 000 0 7 05 1 1 8 0 0 0 0 333 10 /// 58 022 6 000 0 7 0000 
08-MAR-2015 03 48077 3 2 9 59 0 00 00 10 260 20 203 3 0000 4 0124 5 0000 6 000 0 7 00 0 0 8 0 0 0 0 333 10 /// 58 016 6 000 0 7 0000 
08-MAR-2015 03 48078 3 2 9 56 1 14 01 10 252 20 150 3 0000 4 0147 5 0000 6 000 0 7 00 0 0 8 0 0 0 1 333 10 /// 58 024 6 000 0 7 0000 
08-MAR-2015 03 48085 3 1 9 57 0 32 02 10 252 20 205 3 0000 4 0134 5 0000 6 000 0 7 05 4 4 8 0 0 0 0 333 10 /// 58 012 6 000 0 7 0000 
08-MAR-2015 03 48087 3 2 9 60 0 32 02 10 258 20 203 3 0000 4 0000 5 0000 6 000 0 7 00 0 0 8 0 0 0 0 333 10 /// 58 000 6 000 0 7 0000 
08-MAR-2015 03 48092 3 1 9 57 0 13 02 10 270 20 211 3 0000 4 0122 5 0000 6 000 0 7 05 1 1 8 0 0 0 0 333 10 /// 58 020 6 000 0 7 0000 
08-MAR-2015 03 48093 3 2 9 57 0 14 01 10 278 20 220 3 0000 4 0000 5 0000 6 000 0 7 00 0 0 8 0 0 0 0 333 10 /// 58 000 6 000 0 7 0000 
08-MAR-2015 03 48094 3 2 9 59 0 32 02 10 270 20 230 3 0000 4 0132 5 0000 6 000 0 7 00 0 0 8 0 0 0 0 333 10 /// 58 009 6 000 0 7 0000 
08-MAR-2015 03 48095 3 2 9 58 0 22 01 10 260 20 215 3 0000 4 0000 5 0000 6 000 0 7 00 0 0 8 0 0 0 0 333 10 /// 58 000 6 000 0 7 0000 
08-MAR-2015 03 48097 3 1 5 56 2 13 05 10 290 20 196 3 0000 4 0140 5 0000 6 000 0 7 05 1 1 8 2 4 0 0 333 10 /// 58 005 6 000 0 7 0000 
08-MAR-2015 03 48099 3 1 4 40 3 23 01 10 265 20 202 3 0000 4 0142 5 0000 6 000 0 7 40 4 4 8 3 5 0 0 333 10 /// 58 019 6 000 0 7 0000 
08-MAR-2015 03 48101 3 2 9 58 0 00 00 10 262 20 215 3 0000 4 0000 5 0000 6 000 0 7 00 0 0 8 0 0 0 0 333 10 /// 58 000 6 000 0 7 0000 
08-MAR-2015 03 48103 3 1 5 40 3 04 01 10 268 20 240 3 0000 4 0142 5 0000 6 000 0 7 03 4 4 8 3 5 0 0 333 10 /// 58 017 6 000 0 7 0000 
08-MAR-2015 03 48107 3 1 9 50 2 27 01 10 265 20 226 3 0000 4 0132 5 0000 6 000 0 7 01 4 4 8 0 0 0 6 333 10 /// 58 010 6 000 0 7 0000 
08-MAR-2015 03 48108 3 2 5 96 6 05 01 10 290 20 230 3 0000 4 0142 5 0000 6 000 0 7 00 0 0 8 3 8 6 6 333 10 /// 58 009 6 000 0 7 0000 
08-MAR-2015 03 48109 3 2 9 97 0 04 01 10 278 20 203 3 0000 4 0149 5 0000 6 000 0 7 00 0 0 8 0 0 0 0 333 10 /// 58 010 6 000 0 7 0000 
08-MAR-2015 03 48110 2 1 5 96 5 13 02 10 310 20 254 3 0000 4 0141 5 0000 6 000 0 7 05 2 2 8 3 2 0 6 333 10 /// 58 010 6 000 0 7 0000 
08-MAR-2015 03 48112 3 2 5 98 6 04 01 10 291 20 230 3 0000 4 0135 5 0000 6 000 0 7 00 0 0 8 2 2 1 6 333 10 /// 58 007 6 000 0 7 0000 
