08-MAR-2015 06 48008 3 2 5 58 1 23 01 10 290 20 140 3 0000 4 0139 5 0000 6 000 0 7 00 0 0 8 1 2 0 0 333 10 /// 59 021 6 000 0 7 0000 
08-MAR-2015 06 48010 3 1 0 60 0 18 01 10 290 20 159 3 0000 4 0146 5 0000 6 000 0 7 02 4 4 8 0 0 0 0 333 10 /// 58 017 6 000 0 7 0000 
08-MAR-2015 06 48018 3 2 5 60 1 32 02 10 310 20 146 3 0000 4 0137 5 0000 6 000 0 7 00 0 0 8 1 1 0 0 333 10 /// 58 021 6 000 0 7 0000 
08-MAR-2015 06 48019 3 2 9 60 0 04 01 10 296 20 140 3 0000 4 0138 5 0000 6 000 0 7 00 0 0 8 0 0 0 0 333 10 /// 58 022 6 000 0 7 0000 
08-MAR-2015 06 48020 3 2 9 58 0 36 02 10 305 20 225 3 0000 4 0000 5 0000 6 000 0 7 00 0 0 8 0 0 0 0 333 10 /// 58 000 6 000 0 7 0000 
08-MAR-2015 06 48025 3 1 9 40 0 32 01 10 310 20 124 3 0000 4 0146 5 0000 6 000 0 7 05 4 4 8 0 0 0 0 333 10 /// 58 011 6 000 0 7 0000 
08-MAR-2015 06 48030 3 2 9 56 0 04 02 10 218 20 087 3 0000 4 0000 5 0000 6 000 0 7 00 0 0 8 0 0 0 0 333 10 /// 58 000 6 000 0 7 0000 
08-MAR-2015 06 48031 3 1 9 62 0 18 01 10 232 20 016 3 0000 4 0000 5 0000 6 000 0 7 05 0 0 8 0 0 0 0 333 10 /// 58 000 6 000 0 7 0000 
08-MAR-2015 06 48033 3 2 9 63 0 00 00 10 320 20 215 3 0000 4 0122 5 0000 6 000 0 7 00 0 0 8 0 0 0 0 333 10 /// 58 011 6 000 0 7 0000 
08-MAR-2015 06 48034 3 2 9 58 0 18 03 10 282 20 098 3 0000 4 0000 5 0000 6 000 0 7 00 0 0 8 0 0 0 0 333 10 /// 58 000 6 000 0 7 0000 
08-MAR-2015 06 48035 3 1 9 40 0 32 02 10 290 20 115 3 0000 4 0100 5 0000 6 000 0 7 05 0 0 8 0 0 0 0 333 10 /// 58 019 6 000 0 7 0000 
08-MAR-2015 06 48037 3 1 9 50 0 32 01 10 330 20 106 3 0000 4 0123 5 0000 6 000 0 7 05 4 4 8 0 0 0 0 333 10 /// 58 017 6 000 0 7 0000 
08-MAR-2015 06 48039 3 1 9 50 2 22 01 10 319 20 163 3 0000 4 0000 5 0000 6 000 0 7 05 1 1 8 0 0 0 2 333 10 /// 58 000 6 000 0 7 0000 
08-MAR-2015 06 48042 3 1 9 56 0 13 02 10 338 20 164 3 0000 4 0126 5 0000 6 000 0 7 05 0 0 8 0 0 0 0 333 10 /// 58 023 6 000 0 7 0000 
08-MAR-2015 06 48043 3 2 0 58 0 32 06 10 280 20 126 3 0000 4 0000 5 0000 6 000 0 7 00 0 0 8 0 0 0 0 333 10 /// 58 000 6 000 0 7 0000 
08-MAR-2015 06 48045 3 2 9 59 0 14 05 10 256 20 085 3 0000 4 0000 5 0000 6 000 0 7 00 0 0 8 0 0 0 0 333 10 /// 58 000 6 000 0 7 0000 
08-MAR-2015 06 48048 3 2 9 62 0 04 01 10 335 20 145 3 0000 4 0129 5 0000 6 000 0 7 00 0 0 8 0 0 0 0 333 10 /// 58 017 6 000 0 7 0000 
08-MAR-2015 06 48051 3 2 9 60 0 04 03 10 330 20 130 3 0000 4 0000 5 0000 6 000 0 7 00 0 0 8 0 0 0 0 333 10 /// 58 000 6 000 0 7 0000 
08-MAR-2015 06 48052 3 2 9 70 0 32 03 10 333 20 126 3 0000 4 0000 5 0000 6 000 0 7 00 0 0 8 0 0 0 0 333 10 /// 58 000 6 000 0 7 0000 
08-MAR-2015 06 48053 3 2 9 50 0 22 04 10 340 20 206 3 0000 4 0119 5 0000 6 000 0 7 05 0 0 8 0 0 0 0 333 10 /// 58 018 6 000 0 7 0000 
08-MAR-2015 06 48055 3 1 9 56 0 09 03 10 308 20 169 3 0000 4 0096 5 0000 6 000 0 7 05 0 0 8 0 0 0 0 333 10 /// 58 027 6 000 0 7 0000 
08-MAR-2015 06 48057 3 2 9 60 0 14 02 10 268 20 113 3 0000 4 0000 5 0000 6 000 0 7 00 0 0 8 0 0 0 0 333 10 /// 58 000 6 000 0 7 0000 
08-MAR-2015 06 48060 3 2 9 50 0 00 00 10 290 20 159 3 0000 4 0098 5 0000 6 000 0 7 00 0 0 8 0 0 0 0 333 10 /// 58 003 6 000 0 7 0000 
08-MAR-2015 06 48062 3 2 9 58 0 27 06 10 315 20 250 3 0000 4 0131 5 0000 6 000 0 7 00 0 0 8 0 0 0 0 333 10 /// 58 005 6 000 0 7 0000 
08-MAR-2015 06 48064 3 2 9 70 0 14 01 10 345 20 225 3 0000 4 0112 5 0000 6 000 0 7 00 0 0 8 0 0 0 0 333 10 /// 58 020 6 000 0 7 0000 
08-MAR-2015 06 48065 3 2 9 70 0 14 04 10 333 20 172 3 0000 4 0000 5 0000 6 000 0 7 00 0 0 8 0 0 0 0 333 10 /// 58 000 6 000 0 7 0000 
08-MAR-2015 06 48071 3 2 9 60 0 32 02 10 275 20 203 3 0000 4 0136 5 0000 6 000 0 7 00 0 0 8 0 0 0 0 333 10 /// 58 005 6 000 0 7 0000 
08-MAR-2015 06 48072 3 2 9 60 0 27 04 10 235 20 185 3 0000 4 0000 5 0000 6 000 0 7 00 0 0 8 0 0 0 0 333 10 /// 58 000 6 000 0 7 0000 
08-MAR-2015 06 48074 3 2 9 60 0 04 03 10 330 20 172 3 0000 4 0130 5 0000 6 000 0 7 00 0 0 8 0 0 0 0 333 10 /// 58 016 6 000 0 7 0000 
08-MAR-2015 06 48075 3 1 9 57 0 22 01 10 300 20 120 3 0000 4 0124 5 0000 6 000 0 7 05 1 1 8 0 0 0 0 333 10 /// 58 034 6 000 0 7 0000 
08-MAR-2015 06 48077 3 2 9 59 0 32 01 10 340 20 184 3 0000 4 0119 5 0000 6 000 0 7 00 0 0 8 0 0 0 0 333 10 /// 58 019 6 000 0 7 0000 
08-MAR-2015 06 48078 3 2 9 57 1 23 01 10 338 20 184 3 0000 4 0131 5 0000 6 000 0 7 00 0 0 8 0 0 0 1 333 10 /// 58 019 6 000 0 7 0000 
08-MAR-2015 06 48080 3 2 9 61 0 22 03 10 316 20 225 3 0000 4 0121 5 0000 6 000 0 7 00 0 0 8 0 0 0 0 333 10 /// 58 018 6 000 0 7 0000 
08-MAR-2015 06 48085 3 1 9 58 0 32 05 10 294 20 215 3 0000 4 0131 5 0000 6 000 0 7 05 0 0 8 0 0 0 0 333 10 /// 58 014 6 000 0 7 0000 
08-MAR-2015 06 48087 3 2 9 60 0 00 00 10 330 20 151 3 0000 4 0000 5 0000 6 000 0 7 00 0 0 8 0 0 0 0 333 10 /// 58 000 6 000 0 7 0000 
08-MAR-2015 06 48092 3 2 9 58 0 13 02 10 340 20 206 3 0000 4 0107 5 0000 6 000 0 7 00 0 0 8 0 0 0 0 333 10 /// 58 016 6 000 0 7 0000 
08-MAR-2015 06 48093 3 2 9 58 0 14 01 10 350 20 219 3 0000 4 0000 5 0000 6 000 0 7 00 0 0 8 0 0 0 0 333 10 /// 58 000 6 000 0 7 0000 
08-MAR-2015 06 48094 3 2 9 60 0 32 03 10 335 20 220 3 0000 4 0131 5 0000 6 000 0 7 00 0 0 8 0 0 0 0 333 10 /// 58 018 6 000 0 7 0000 
08-MAR-2015 06 48097 3 1 5 57 2 13 02 10 345 20 161 3 0000 4 0127 5 0000 6 000 0 7 05 1 1 8 2 5 0 0 333 10 /// 58 003 6 000 0 7 0000 
08-MAR-2015 06 48099 3 2 5 57 2 23 03 10 336 20 225 3 0000 4 0128 5 0000 6 000 0 7 00 0 0 8 2 5 0 0 333 10 /// 58 017 6 000 0 7 0000 
08-MAR-2015 06 48101 3 2 9 60 0 00 00 10 328 20 201 3 0000 4 0000 5 0000 6 000 0 7 00 0 0 8 0 0 0 0 333 10 /// 58 000 6 000 0 7 0000 
08-MAR-2015 06 48103 3 2 5 57 2 22 01 10 332 20 234 3 0000 4 0128 5 0000 6 000 0 7 00 0 0 8 2 5 0 0 333 10 /// 58 014 6 000 0 7 0000 
08-MAR-2015 06 48107 3 2 3 50 3 18 02 10 330 20 244 3 0000 4 0122 5 0000 6 000 0 7 00 0 0 8 3 9 0 0 333 10 /// 58 010 6 000 0 7 0000 
08-MAR-2015 06 48108 3 2 5 96 7 32 05 10 340 20 240 3 0000 4 0132 5 0000 6 000 0 7 00 0 0 8 4 3 6 6 333 10 /// 58 014 6 000 0 7 0000 
08-MAR-2015 06 48110 3 1 5 96 5 32 03 10 325 20 253 3 0000 4 0133 5 0000 6 000 0 7 05 2 2 8 3 3 0 6 333 10 /// 58 012 6 000 0 7 0000 
08-MAR-2015 06 48112 3 2 5 98 6 04 01 10 355 20 240 3 0000 4 0132 5 0000 6 000 0 7 00 0 0 8 2 2 1 6 333 10 /// 58 018 6 000 0 7 0000 
