



*-*-*


<!--
.style2 {
	font-family:"Courier New", Courier, monospace;
	font-size: 14px;
}
-->






SMBM01 VBRR 081200

AAXX 08124

48001 32440 70000 10290 20196 40008 83407 333 10338 56303 59055=

48004 21540 80403 10282 20159 75052 8697/ 333 10346 56559 69902=

48008 21450 83202 10285 20179 40028 79596 8497/ 333 10367 56179 59001

 69902=

48010 32540 21801 10310 20203 40031 84770 333 10374 56550 59019=

48018 31956 21401 10360 20195 40029 70544 80062 333 10386 56059

 59003=

48019 32956 10000 10352 20266 40014 80001 333 10367 56006 59003=

48020 21250 63602 10270 20211 72155 85830 333 10215 56550 60012=

48025 22440 53204 10366 20196 40014 70444 84840 333 10397 56550

 59024=

48030 31256 32204 10222 20136 70544 83800 333 10275 56500=

48031 31258 23601 10235 20136 70544 82800 333 10265 56900=

48033 32961 01801 10340 20257 40024 333 10370 58014=

48034 32457 10401 10279 20184 81500 333 10302 56500=

48035 31540 30000 10313 20189 40995 70522 83900 333 10343 56900

 59006=

48037 32557 30000 10368 20246 40002 82830 333 10385 56660 59001=

48039 32459 20401 10343 20225 81402 333 10375 56909=

48042 32958 00000 10355 20253 40015 333 10390 58009=

48043 32030 00000 10290 20230 333 10310=

48045 31556 41803 10271 20133 70444 84300 333 10320 56500=

48048 32950 03601 10383 20240 40003 333 10425 59025=

48051 32559 20402 10342 20260 70111 82500 333 10390 56900=

48052 32456 22201 10398 20230 82200 333 10412 56900=

48053 32450 40000 10380 20240 40004 83906 333 10385 56609 59021=

48055 22556 50903 10242 20200 40048 70296 84940 333 10347 56550 58036

 60042=

48057 21457 41401 10212 20143 79595 82970 333 10300 56590 69902=

48060 21430 72206 10238 20155 40053 75055 83972 333 10362 56599 58046

 60012=

48062 32556 22708 10312 20280 40051 82500 333 10347 56900 59008=

48064 32950 00401 10385 20275 49996 333 10425 59025=

48065 22950 10000 10380 20221 80001 333 10415 56009 69902=

48071 32956 02704 10320 20248 40060 333 10348 59009=

48072 32957 03204 10315 20265 70122 333 10360=

48074 32458 40000 10354 20266 40034 83360 333 10382 56660 59007=

48075 31456 50402 10290 20230 40048 70292 84330 333 10342 56590

 59013=

48077 32556 60000 10350 20237 40021 84901 333 10382 56909 59023=

48078 32550 41401 10362 20256 40031 82301 333 10387 56409 59015=

48080 32958 02204 10315 20236 40050 333 10370 59014=

48085 32456 12703 10309 20254 40050 81100 333 10347 56700 59011=

48087 32950 02301 10340 20225 333 10400=

48092 31956 02302 10380 20225 40021 70500 333 10390 59013=

48093 32950 02301 10330 20244 70111 333 10385=

48094 32956 03202 10315 20260 40051 333 10378 59010=

48095 32456 72202 10350 20240 70322 84970 333 10385 56990=

48096 32457 21701 10330 20224 40041 82500 333 10380 56900 59012=

48097 32557 22304 10330 20244 40060 82500 333 10386 56900 59007=

48099 32456 32302 10333 20244 40042 82901 333 10382 56509 59014=

48101 32656 31401 10327 20275 70311 82101 333 10360 56509=

48103 32440 31401 10316 20248 40046 83800 333 10376 56300 59017=

48107 32340 40000 10320 20265 40063 82906 333 10364 56509 59005=

48108 32596 73202 10312 20266 40068 83306 333 10362 56909 59012=

48109 32497 20000 10326 20258 40067 70222 82900 333 10358 56900

 59002=

48110 32495 83603 10315 20259 40068 85307 333 10355 56909 59007=

48112 32597 80402 10320 20265 40068 70322 83976 333 10368 56199

 59002=  





