08-MAY-2015 12 48001 3 2 4 40 7 00 00 10 290 20 196 3 0000 4 0008 5 0000 6 000 0 7 00 0 0 8 3 4 0 7 333 10 338 59 055 6 000 0 7 0000 
08-MAY-2015 12 48008 2 1 4 50 8 32 02 10 285 20 179 3 0000 4 0028 5 0000 6 000 0 7 95 9 6 8 4 9 7 / 333 10 367 59 001 6 990 2 7 0000 
08-MAY-2015 12 48010 3 2 5 40 2 18 01 10 310 20 203 3 0000 4 0031 5 0000 6 000 0 7 00 0 0 8 4 7 7 0 333 10 374 59 019 6 000 0 7 0000 
08-MAY-2015 12 48018 3 1 9 56 2 14 01 10 360 20 195 3 0000 4 0029 5 0000 6 000 0 7 05 4 4 8 0 0 6 2 333 10 386 59 003 6 000 0 7 0000 
08-MAY-2015 12 48019 3 2 9 56 1 00 00 10 352 20 266 3 0000 4 0014 5 0000 6 000 0 7 00 0 0 8 0 0 0 1 333 10 367 59 003 6 000 0 7 0000 
08-MAY-2015 12 48025 2 2 4 40 5 32 04 10 366 20 196 3 0000 4 0014 5 0000 6 000 0 7 04 4 4 8 4 8 4 0 333 10 397 59 024 6 000 0 7 0000 
08-MAY-2015 12 48030 3 1 2 56 3 22 04 10 222 20 136 3 0000 4 0000 5 0000 6 000 0 7 05 4 4 8 3 8 0 0 333 10 275 58 000 6 000 0 7 0000 
08-MAY-2015 12 48031 3 1 2 58 2 36 01 10 235 20 136 3 0000 4 0000 5 0000 6 000 0 7 05 4 4 8 2 8 0 0 333 10 265 58 000 6 000 0 7 0000 
08-MAY-2015 12 48033 3 2 9 61 0 18 01 10 340 20 257 3 0000 4 0024 5 0000 6 000 0 7 00 0 0 8 0 0 0 0 333 10 370 58 014 6 000 0 7 0000 
08-MAY-2015 12 48034 3 2 4 57 1 04 01 10 279 20 184 3 0000 4 0000 5 0000 6 000 0 7 00 0 0 8 1 5 0 0 333 10 302 58 000 6 000 0 7 0000 
08-MAY-2015 12 48035 3 1 5 40 3 00 00 10 313 20 189 3 0000 4 0995 5 0000 6 000 0 7 05 2 2 8 3 9 0 0 333 10 343 59 006 6 000 0 7 0000 
08-MAY-2015 12 48037 3 2 5 57 3 00 00 10 368 20 246 3 0000 4 0002 5 0000 6 000 0 7 00 0 0 8 2 8 3 0 333 10 385 59 001 6 000 0 7 0000 
08-MAY-2015 12 48039 3 2 4 59 2 04 01 10 343 20 225 3 0000 4 0000 5 0000 6 000 0 7 00 0 0 8 1 4 0 2 333 10 375 58 000 6 000 0 7 0000 
08-MAY-2015 12 48042 3 2 9 58 0 00 00 10 355 20 253 3 0000 4 0015 5 0000 6 000 0 7 00 0 0 8 0 0 0 0 333 10 390 58 009 6 000 0 7 0000 
08-MAY-2015 12 48043 3 2 0 30 0 00 00 10 290 20 230 3 0000 4 0000 5 0000 6 000 0 7 00 0 0 8 0 0 0 0 333 10 310 58 000 6 000 0 7 0000 
08-MAY-2015 12 48045 3 1 5 56 4 18 03 10 271 20 133 3 0000 4 0000 5 0000 6 000 0 7 04 4 4 8 4 3 0 0 333 10 320 58 000 6 000 0 7 0000 
08-MAY-2015 12 48048 3 2 9 50 0 36 01 10 383 20 240 3 0000 4 0003 5 0000 6 000 0 7 00 0 0 8 0 0 0 0 333 10 425 59 025 6 000 0 7 0000 
08-MAY-2015 12 48051 3 2 5 59 2 04 02 10 342 20 260 3 0000 4 0000 5 0000 6 000 0 7 01 1 1 8 2 5 0 0 333 10 390 58 000 6 000 0 7 0000 
08-MAY-2015 12 48052 3 2 4 56 2 22 01 10 398 20 230 3 0000 4 0000 5 0000 6 000 0 7 00 0 0 8 2 2 0 0 333 10 412 58 000 6 000 0 7 0000 
08-MAY-2015 12 48053 3 2 4 50 4 00 00 10 380 20 240 3 0000 4 0004 5 0000 6 000 0 7 00 0 0 8 3 9 0 6 333 10 385 59 021 6 000 0 7 0000 
08-MAY-2015 12 48055 2 2 5 56 5 09 03 10 242 20 200 3 0000 4 0048 5 0000 6 000 0 7 02 9 6 8 4 9 4 0 333 10 347 58 036 6 004 2 7 0000 
08-MAY-2015 12 48060 2 1 4 30 7 22 06 10 238 20 155 3 0000 4 0053 5 0000 6 000 0 7 50 5 5 8 3 9 7 2 333 10 362 58 046 6 001 2 7 0000 
08-MAY-2015 12 48062 3 2 5 56 2 27 08 10 312 20 280 3 0000 4 0051 5 0000 6 000 0 7 00 0 0 8 2 5 0 0 333 10 347 59 008 6 000 0 7 0000 
08-MAY-2015 12 48064 3 2 9 50 0 04 01 10 385 20 275 3 0000 4 9996 5 0000 6 000 0 7 00 0 0 8 0 0 0 0 333 10 425 59 025 6 000 0 7 0000 
08-MAY-2015 12 48071 3 2 9 56 0 27 04 10 320 20 248 3 0000 4 0060 5 0000 6 000 0 7 00 0 0 8 0 0 0 0 333 10 348 59 009 6 000 0 7 0000 
08-MAY-2015 12 48072 3 2 9 57 0 32 04 10 315 20 265 3 0000 4 0000 5 0000 6 000 0 7 01 2 2 8 0 0 0 0 333 10 360 58 000 6 000 0 7 0000 
08-MAY-2015 12 48074 3 2 4 58 4 00 00 10 354 20 266 3 0000 4 0034 5 0000 6 000 0 7 00 0 0 8 3 3 6 0 333 10 382 59 007 6 000 0 7 0000 
08-MAY-2015 12 48075 3 1 4 56 5 04 02 10 290 20 230 3 0000 4 0048 5 0000 6 000 0 7 02 9 2 8 4 3 3 0 333 10 342 59 013 6 000 0 7 0000 
08-MAY-2015 12 48077 3 2 5 56 6 00 00 10 350 20 237 3 0000 4 0021 5 0000 6 000 0 7 00 0 0 8 4 9 0 1 333 10 382 59 023 6 000 0 7 0000 
08-MAY-2015 12 48078 3 2 5 50 4 14 01 10 362 20 256 3 0000 4 0031 5 0000 6 000 0 7 00 0 0 8 2 3 0 1 333 10 387 59 015 6 000 0 7 0000 
08-MAY-2015 12 48080 3 2 9 58 0 22 04 10 315 20 236 3 0000 4 0050 5 0000 6 000 0 7 00 0 0 8 0 0 0 0 333 10 370 59 014 6 000 0 7 0000 
08-MAY-2015 12 48085 3 2 4 56 1 27 03 10 309 20 254 3 0000 4 0050 5 0000 6 000 0 7 00 0 0 8 1 1 0 0 333 10 347 59 011 6 000 0 7 0000 
08-MAY-2015 12 48087 3 2 9 50 0 23 01 10 340 20 225 3 0000 4 0000 5 0000 6 000 0 7 00 0 0 8 0 0 0 0 333 10 400 58 000 6 000 0 7 0000 
08-MAY-2015 12 48092 3 1 9 56 0 23 02 10 380 20 225 3 0000 4 0021 5 0000 6 000 0 7 05 0 0 8 0 0 0 0 333 10 390 59 013 6 000 0 7 0000 
08-MAY-2015 12 48093 3 2 9 50 0 23 01 10 330 20 244 3 0000 4 0000 5 0000 6 000 0 7 01 1 1 8 0 0 0 0 333 10 385 58 000 6 000 0 7 0000 
08-MAY-2015 12 48094 3 2 9 56 0 32 02 10 315 20 260 3 0000 4 0051 5 0000 6 000 0 7 00 0 0 8 0 0 0 0 333 10 378 59 010 6 000 0 7 0000 
08-MAY-2015 12 48095 3 2 4 56 7 22 02 10 350 20 240 3 0000 4 0000 5 0000 6 000 0 7 03 2 2 8 4 9 7 0 333 10 385 58 000 6 000 0 7 0000 
08-MAY-2015 12 48096 3 2 4 57 2 17 01 10 330 20 224 3 0000 4 0041 5 0000 6 000 0 7 00 0 0 8 2 5 0 0 333 10 380 59 012 6 000 0 7 0000 
08-MAY-2015 12 48097 3 2 5 57 2 23 04 10 330 20 244 3 0000 4 0060 5 0000 6 000 0 7 00 0 0 8 2 5 0 0 333 10 386 59 007 6 000 0 7 0000 
08-MAY-2015 12 48099 3 2 4 56 3 23 02 10 333 20 244 3 0000 4 0042 5 0000 6 000 0 7 00 0 0 8 2 9 0 1 333 10 382 59 014 6 000 0 7 0000 
08-MAY-2015 12 48101 3 2 6 56 3 14 01 10 327 20 275 3 0000 4 0000 5 0000 6 000 0 7 03 1 1 8 2 1 0 1 333 10 360 58 000 6 000 0 7 0000 
08-MAY-2015 12 48103 3 2 4 40 3 14 01 10 316 20 248 3 0000 4 0046 5 0000 6 000 0 7 00 0 0 8 3 8 0 0 333 10 376 59 017 6 000 0 7 0000 
08-MAY-2015 12 48107 3 2 3 40 4 00 00 10 320 20 265 3 0000 4 0063 5 0000 6 000 0 7 00 0 0 8 2 9 0 6 333 10 364 59 005 6 000 0 7 0000 
08-MAY-2015 12 48108 3 2 5 96 7 32 02 10 312 20 266 3 0000 4 0068 5 0000 6 000 0 7 00 0 0 8 3 3 0 6 333 10 362 59 012 6 000 0 7 0000 
08-MAY-2015 12 48109 3 2 4 97 2 00 00 10 326 20 258 3 0000 4 0067 5 0000 6 000 0 7 02 2 2 8 2 9 0 0 333 10 358 59 002 6 000 0 7 0000 
08-MAY-2015 12 48110 3 2 4 95 8 36 03 10 315 20 259 3 0000 4 0068 5 0000 6 000 0 7 00 0 0 8 5 3 0 7 333 10 355 59 007 6 000 0 7 0000 
08-MAY-2015 12 48112 3 2 5 97 8 04 02 10 320 20 265 3 0000 4 0068 5 0000 6 000 0 7 03 2 2 8 3 9 7 6 333 10 368 59 002 6 000 0 7 0000 
