08-NOV-2015 06 48001 3 2 5 50 1 09 01 10 230 20 190 3 0000 4 0166 5 0000 6 000 0 7 00 0 0 8 1 1 0 0 333 10 /// 59 000 6 000 0 7 0000 
08-NOV-2015 06 48004 3 2 5 62 3 04 01 10 268 20 191 3 0000 4 0000 5 0000 6 000 0 7 00 0 0 8 3 8 0 0 333 10 /// 58 000 6 000 0 7 0000 
08-NOV-2015 06 48008 3 2 5 56 1 04 01 10 276 20 184 3 0000 4 0164 5 0000 6 000 0 7 00 0 0 8 1 1 0 0 333 10 /// 58 016 6 000 0 7 0000 
08-NOV-2015 06 48010 3 2 5 60 1 18 01 10 280 20 220 3 0000 4 0163 5 0000 6 000 0 7 00 0 0 8 1 1 0 0 333 10 /// 58 010 6 000 0 7 0000 
08-NOV-2015 06 48018 3 2 5 59 1 04 01 10 285 20 184 3 0000 4 0164 5 0000 6 000 0 7 00 0 0 8 1 2 0 0 333 10 /// 58 008 6 000 0 7 0000 
08-NOV-2015 06 48019 3 2 9 60 0 27 02 10 288 20 146 3 0000 4 0156 5 0000 6 000 0 7 00 0 0 8 0 0 0 0 333 10 /// 58 014 6 000 0 7 0000 
08-NOV-2015 06 48020 3 2 5 50 2 36 02 10 290 20 230 3 0000 4 0000 5 0000 6 000 0 7 00 0 0 8 2 2 0 0 333 10 /// 58 000 6 000 0 7 0000 
08-NOV-2015 06 48025 3 2 4 58 2 04 01 10 276 20 220 3 0000 4 0172 5 0000 6 000 0 7 00 0 0 8 4 8 0 0 333 10 /// 58 017 6 000 0 7 0000 
08-NOV-2015 06 48030 3 1 2 56 6 04 01 10 186 20 139 3 0000 4 0000 5 0000 6 000 0 7 03 4 4 8 5 9 4 0 333 10 /// 58 000 6 000 0 7 0000 
08-NOV-2015 06 48033 3 2 9 63 0 36 01 10 300 20 207 3 0000 4 0154 5 0000 6 000 0 7 00 0 0 8 0 0 0 0 333 10 /// 58 022 6 000 0 7 0000 
08-NOV-2015 06 48034 3 2 4 58 1 02 01 10 270 20 154 3 0000 4 0000 5 0000 6 000 0 7 00 0 0 8 1 5 0 0 333 10 /// 58 000 6 000 0 7 0000 
08-NOV-2015 06 48035 3 2 5 60 1 04 02 10 272 20 172 3 0000 4 0128 5 0000 6 000 0 7 00 0 0 8 1 1 0 0 333 10 /// 59 012 6 000 0 7 0000 
08-NOV-2015 06 48037 3 2 9 60 0 32 02 10 306 20 203 3 0000 4 0148 5 0000 6 000 0 7 00 0 0 8 0 0 0 0 333 10 /// 58 024 6 000 0 7 0000 
08-NOV-2015 06 48039 3 2 4 60 1 14 01 10 295 20 239 3 0000 4 0000 5 0000 6 000 0 7 00 0 0 8 1 1 0 0 333 10 /// 58 000 6 000 0 7 0000 
08-NOV-2015 06 48042 3 2 5 58 1 32 01 10 303 20 223 3 0000 4 0140 5 0000 6 000 0 7 00 0 0 8 1 2 0 0 333 10 /// 58 010 6 000 0 7 0000 
08-NOV-2015 06 48043 3 2 3 57 3 32 05 10 250 20 186 3 0000 4 0000 5 0000 6 000 0 7 00 0 0 8 3 2 0 0 333 10 /// 58 000 6 000 0 7 0000 
08-NOV-2015 06 48048 3 2 5 62 2 04 01 10 325 20 215 3 0000 4 0149 5 0000 6 000 0 7 00 0 0 8 2 8 0 0 333 10 /// 58 013 6 000 0 7 0000 
08-NOV-2015 06 48051 3 2 9 60 0 36 01 10 306 20 240 3 0000 4 0000 5 0000 6 000 0 7 00 0 0 8 0 0 0 0 333 10 /// 58 000 6 000 0 7 0000 
08-NOV-2015 06 48052 3 2 4 58 2 36 01 10 328 20 234 3 0000 4 0000 5 0000 6 000 0 7 03 1 1 8 2 2 0 0 333 10 /// 58 000 6 000 0 7 0000 
08-NOV-2015 06 48053 3 2 9 56 0 36 01 10 310 20 245 3 0000 4 0162 5 0000 6 000 0 7 00 0 0 8 0 0 0 0 333 10 /// 58 032 6 000 0 7 0000 
08-NOV-2015 06 48055 3 2 5 57 3 09 02 10 280 20 212 3 0000 4 0125 5 0000 6 000 0 7 00 0 0 8 3 8 0 0 333 10 /// 58 022 6 000 0 7 0000 
08-NOV-2015 06 48057 3 2 4 58 5 32 02 10 242 20 174 3 0000 4 0000 5 0000 6 000 0 7 00 0 0 8 5 3 0 0 333 10 /// 58 000 6 000 0 7 0000 
08-NOV-2015 06 48060 3 2 3 56 2 04 01 10 290 20 179 3 0000 4 0109 5 0000 6 000 0 7 00 0 0 8 2 1 0 0 333 10 /// 58 009 6 000 0 7 0000 
08-NOV-2015 06 48062 3 2 4 58 8 09 03 10 310 20 280 3 0000 4 0138 5 0000 6 000 0 7 00 0 0 8 4 9 7 0 333 10 /// 58 010 6 000 0 7 0000 
08-NOV-2015 06 48064 3 2 9 60 0 23 01 10 323 20 236 3 0000 4 0136 5 0000 6 000 0 7 00 0 0 8 0 0 0 0 333 10 /// 58 023 6 000 0 7 0000 
08-NOV-2015 06 48065 3 2 9 60 0 04 03 10 318 20 215 3 0000 4 0000 5 0000 6 000 0 7 00 0 0 8 0 0 0 0 333 10 /// 58 000 6 000 0 7 0000 
08-NOV-2015 06 48071 3 2 4 60 4 04 01 10 310 20 254 3 0000 4 0134 5 0000 6 000 0 7 00 0 0 8 3 2 3 0 333 10 /// 58 010 6 000 0 7 0000 
08-NOV-2015 06 48072 3 2 4 60 2 13 03 10 320 20 248 3 0000 4 0000 5 0000 6 000 0 7 00 0 0 8 2 3 0 0 333 10 /// 58 000 6 000 0 7 0000 
08-NOV-2015 06 48074 3 2 9 61 0 23 02 10 310 20 225 3 0000 4 0143 5 0000 6 000 0 7 00 0 0 8 0 0 0 0 333 10 /// 58 009 6 000 0 7 0000 
08-NOV-2015 06 48075 3 2 5 58 3 22 01 10 280 20 220 3 0000 4 0116 5 0000 6 000 0 7 00 0 0 8 3 2 0 0 333 10 /// 58 007 6 000 0 7 0000 
08-NOV-2015 06 48077 3 2 5 59 2 04 01 10 320 20 215 3 0000 4 0130 5 0000 6 000 0 7 00 0 0 8 1 2 0 1 333 10 /// 58 008 6 000 0 7 0000 
08-NOV-2015 06 48078 3 2 5 62 2 32 03 10 316 20 237 3 0000 4 0134 5 0000 6 000 0 7 00 0 0 8 1 4 0 1 333 10 /// 58 013 6 000 0 7 0000 
08-NOV-2015 06 48080 3 2 4 60 3 04 05 10 320 20 205 3 0000 4 0125 5 0000 6 000 0 7 00 0 0 8 2 8 3 0 333 10 /// 58 005 6 000 0 7 0000 
08-NOV-2015 06 48085 3 2 9 58 3 32 03 10 320 20 248 3 0000 4 0126 5 0000 6 000 0 7 00 0 0 8 0 0 0 6 333 10 /// 58 010 6 000 0 7 0000 
08-NOV-2015 06 48087 3 2 9 60 2 04 03 10 320 20 215 3 0000 4 0000 5 0000 6 000 0 7 00 0 0 8 0 0 4 1 333 10 /// 58 000 6 000 0 7 0000 
08-NOV-2015 06 48092 3 2 5 58 6 32 01 10 320 20 248 3 0000 4 0100 5 0000 6 000 0 7 00 0 0 8 3 4 7 0 333 10 /// 59 003 6 000 0 7 0000 
08-NOV-2015 06 48093 3 2 6 57 7 14 01 10 328 20 244 3 0000 4 0000 5 0000 6 000 0 7 00 0 0 8 6 8 0 1 333 10 /// 58 000 6 000 0 7 0000 
08-NOV-2015 06 48094 3 2 4 59 5 04 04 10 330 20 230 3 0000 4 0124 5 0000 6 000 0 7 00 0 0 8 3 9 4 1 333 10 /// 58 008 6 000 0 7 0000 
08-NOV-2015 06 48095 3 2 4 58 7 04 03 10 300 20 223 3 0000 4 0000 5 0000 6 000 0 7 00 0 0 8 5 6 0 2 333 10 /// 58 000 6 000 0 7 0000 
08-NOV-2015 06 48096 3 2 5 58 4 03 06 10 310 20 237 3 0000 4 0131 5 0000 6 000 0 7 00 0 0 8 1 4 0 1 333 10 /// 58 017 6 000 0 7 0000 
08-NOV-2015 06 48097 3 2 5 57 6 05 03 10 320 20 236 3 0000 4 0130 5 0000 6 000 0 7 00 0 0 8 2 8 3 6 333 10 /// 58 015 6 000 0 7 0000 
08-NOV-2015 06 48099 3 2 4 57 5 18 02 10 342 20 240 3 0000 4 0114 5 0000 6 000 0 7 00 0 0 8 3 3 7 1 333 10 /// 58 010 6 000 0 7 0000 
08-NOV-2015 06 48101 3 2 5 59 8 36 01 10 300 20 253 3 0000 4 0000 5 0000 6 000 0 7 00 0 0 8 3 7 7 / 333 10 /// 58 000 6 000 0 7 0000 
08-NOV-2015 06 48103 3 2 4 56 4 14 02 10 343 20 240 3 0000 4 0120 5 0000 6 000 0 7 00 0 0 8 3 7 3 0 333 10 /// 58 014 6 000 0 7 0000 
08-NOV-2015 06 48107 3 2 3 50 4 23 01 10 320 20 248 3 0000 4 0113 5 0000 6 000 0 7 00 0 0 8 4 9 0 0 333 10 /// 58 009 6 000 0 7 0000 
08-NOV-2015 06 48108 3 2 5 96 6 23 03 10 340 20 240 3 0000 4 0123 5 0000 6 000 0 7 00 0 0 8 4 3 0 6 333 10 /// 58 015 6 000 0 7 0000 
08-NOV-2015 06 48110 2 1 5 96 8 23 02 10 330 20 266 3 0000 4 0120 5 0000 6 000 0 7 02 5 5 8 4 3 5 7 333 10 /// 58 013 6 000 0 7 0000 
08-NOV-2015 06 48112 3 2 5 98 6 22 02 10 295 20 262 3 0000 4 0118 5 0000 6 000 0 7 00 0 0 8 2 2 1 6 333 10 /// 58 017 6 000 0 7 0000 
