080900 48001 32550 11401 10263 20246 40135 81100 333 56500 59001=
080900 48004 32562 30401 10288 20215 83800 333 56500=
080900 48008 32958 00000 10290 20196 40130 333 58006=
080900 48010 32060 20401 10295 20223 40136 333 58021=
080900 48018 32560 30401 10320 20200 40131 82310 333 56110 58008=
080900 48019 32962 03202 10305 20185 40121 333 58002=
080900 48020 32358 23602 10305 20237 82200 333 56500=
080900 48025 32458 30401 10294 20215 40136 83800 333 56500 58010=
080900 48030 32256 40401 10198 20168 84900 333 56100=
080900 48031 32460 32201 10200 20168 82840 333 56490=
080900 48033 32963 03601 10320 20200 40129 333 58010=
080900 48034 32458 81201 10293 20140 82800 333 56500=
080900 48035 32560 12702 10289 20159 40101 81100 333 56900 58024=
080900 48037 32560 10401 10321 20184 40115 80030 333 56090 58017=
080900 48039 32460 10000 10320 20236 81100 333 56700=
080900 48042 32559 23602 10320 20215 40111 81202 333 56909 58010=
080900 48043 32657 40505 10250 20205 84200 333 56600=
080900 48045 31456 60404 10230 20198 70244 86300 333 56100=
080900 48048 32560 63201 10335 20225 40122 84850 333 56890 58010=
080900 48051 32560 23601 10323 20240 81201 333 56909=
080900 48052 32458 33601 10342 20240 70311 83800 333 56900=
080900 48053 32556 33604 10330 20212 40119 83800 333 56500 58018=
080900 48055 32557 30902 10290 20206 40089 83800 333 56500 58009=
080900 48057 32458 52202 10258 20160 85300 333 56400=
080900 48060 32356 21301 10312 20169 40080 82100 333 56600 58023=
080900 48062 32458 62703 10330 20290 40113 83832 333 56699 58008=
080900 48064 32560 63201 10317 20236 40096 70322 83831 333 56779 59004=
080900 48065 32558 63203 10320 20215 70322 83830 333 56990=
080900 48071 32460 33203 10320 20236 40109 82230 333 56790 58011=
080900 48072 32460 23204 10330 20244 82300 333 56600=
080900 48074 32461 53205 10340 20225 40106 82302 333 56606 58014=
080900 48075 32560 30401 10300 20207 40108 82101 333 56509 58029=
080900 48077 32559 20401 10336 20225 40105 81201 333 56909 58011=
080900 48080 32460 32203 10350 20289 40101 82830 333 56990 58011=
080900 48085 32458 32702 10328 20265 40091 81806 333 56309 58001=
080900 48087 32960 40401 10330 20244 80041 333 56099=
080900 48092 32458 63201 10330 20258 40070 84806 333 56909 58001=
080900 48093 32559 41401 10338 20240 84800 333 56300=
080900 48094 32457 70402 10340 20240 40103 85940 333 56990 58011=
080900 48095 32458 70000 10310 20237 84870 333 56990=
080900 48096 32559 43305 10330 20244 40099 82902 333 56909 58011=  
080900 48097 31557 71602 10330 20244 40110 71722 85906 333 56909 58023=
080900 48099 32457 52301 10350 20240 40086 85900 333 56900 58008=
080900 48101 32559 60000 10322 20265 82735 333 56999=
080900 48103 32456 41402 10354 20237 40086 84700 333 56300 58009=
080900 48107 32350 41301 10330 20275 40093 84900 333 56300 58009=
080900 48108 21494 82303 10245 20245 40105 71796 8597/ 333 5679/ 58018=
080900 48109 32497 50901 10305 20265 40105 83930 333 56990 58010=
080900 48110 21496 82301 10290 20253 40106 71799 85377 333 56399 58018=
080900 48112 32598 62703 10307 20267 40092 82216 333 56699 58006=
