080600 48051 21458 81301 10257 20257 76066 86920 333 56490=
080600 48062 21356 81810 10280 20270 40075 72166 86970 333 56490 59014=
080600 48071 32458 72304 10287 20274 40086 85970 333 56490 59007=
080600 48075 32457 71401 10270 20226 40104 70222 85860 333 56390 59017=
080600 48077 32559 82301 10290 20259 40097 85970 333 56490 59003=
080600 48078 32559 61802 10303 20254 40107 84331 333 56449 59008=
080600 48080 32460 62203 10302 20253 40090 84870 333 56390 59002=
080600 48085 21458 72203 10304 20266 40093 75065 84339 333 56599 59009=
080600 48095 32458 71802 10305 20266 83940 333 56690=
080600 48108 32596 53204 10322 20248 40117 83366 333 56799 59010=
080600 48109 32497 62701 10305 20267 40114 84930 333 56990 58002=
080600 48110 32596 73205 10325 20270 40120 84356 333 56999 59007=
080600 48112 31597 82702 10310 20254 40126 70522 83876 333 56699 58000=
080600 48072 32460 81306 10295 20266 70322 86970 333 56490=
080600 48087 21458 70000 10303 20266 72055 84970 333 56390=
080600 48099 32456 71304 10304 20239 40101 85930 333 56390 59017=
080600 48101 32558 71403 10292 20259 70322 84971 333 56499=
080600 48103 32457 32204 10313 20254 40106 70111 83800 333 56500 59017=
080600 48057 21458 71402 10217 20205 70355 85350 333 56490=
080600 48094 32459 61803 10305 20260 40095 84920 333 56490 59011=
080600 48097 32557 62306 10310 20254 40103 85830 333 56990 59026=
080600 48092 32457 71301 10300 20259 40081 85970 333 56390 59025=
080600 48093 32556 71402 10298 20253 70222 86340 333 56390=
080600 48107 21330 61301 10278 20250 40113 70165 84970 333 56440 59002=
080600 48096 32458 71804 10310 20254 40102 70222 84970 333 56990 59016=  
