48001 21430 83201 10245 20240 40091 75066 8672/ 333 56329 58024=
48004 21110 80401 10273 20256 75055 8697/ 333 56559=
48008 21457 70000 10287 20259 40062 75055 84970 333 56450 59035=
48010 21440 80000 10235 20235 40069 75365 887// 333 56499 59024=
48018 21558 73201 10285 20250 40065 72065 8487/ 333 56769 59031=
48019 21457 83201 10282 20259 40062 75055 85770 333 56560 59028=
48020 21240 80000 10265 20251 76366 887// 333 56499=
48025 21120 80000 10252 20252 40055 76165 8572/ 333 56999 59029=
48035 32560 62201 10298 20230 40028 84960 333 56340 59052=
48037 32460 61401 10305 20267 40046 85830 333 56330 59025=
48042 21458 71802 10300 20266 40055 72022 84970 333 56440 59008=
48045 21105 71402 10221 20205 74264 87300 333 56400=
48048 22560 61801 10325 20265 40054 85950 333 56490 59022=
48051 21456 82302 10260 20260 76066 86920 333 56490=
48053 21456 82702 10300 20239 40071 70355 8597/ 333 56499 59003=
48060 32358 30000 10302 20223 40027 83100 333 56600 59031=
48062 21350 81807 10260 20260 40057 72166 86970 333 56490 59007=
48071 21358 81804 10263 20260 40065 76266 8692/ 333 5659/ 59013=
48075 32457 62201 10290 20230 40051 70122 84860 333 56490 59022=
48077 21559 80000 10290 20259 40060 70262 85970 333 56490 59018=
48078 21559 61801 10303 20260 40076 70255 84331 333 56449 59015=
48080 32460 62206 10303 20266 40070 84870 333 56490 59007=
48085 21458 72202 10302 20266 40069 75055 84376 333 56599 59015=
48095 21458 81802 10270 20270 76959 84970 333 56990=
48108 32596 52302 10330 20258 40089 83366 333 56999 59017=
48109 32497 62702 10300 20253 40087 86900 333 56900 59005=
48110 32496 82703 10315 20250 40094 85357 333 56999 59011=
48112 31597 82702 10320 20265 40096 70522 83876 333 56599 59008=
48030 21150 82201 10188 20188 76166 8694/ 333 56189=
48072 21458 81801 10260 20246 76065 86970 333 56490=
48087 21456 80000 10280 20268 75065 8597/ 333 5639/=
48099 32460 31803 10320 20248 40070 83900 333 56400 59026=
48101 21457 72701 10258 20246 72166 85970 333 56590=
48103 32457 32203 10320 20248 40072 70211 83800 333 56500 59026=
48057 21458 62303 10243 20209 70155 84350 333 56490=
48094 21459 61802 10290 20270 40070 70366 85940 333 56490 58012=
48097 32557 51804 10300 20266 40085 85800 333 56900 59014=
48031 21/03 91801 10190 20175 76064 89/// 333 56999=
48033 21563 61801 10280 20268 40060 75055 86900 333 56400 59018=
48034 21456 62302 10223 20205 72055 86300 333 56500=
48039 21460 71402 10304 20239 75022 84960 333 56440=
48043 32556 71806 10250 20219 8587/ 333 56599=
48052 32468 52201 10320 20265 85900 333 56900=
48055 31457 60207 10279 20226 40043 72999 85930 333 56550 59028=
48064 32457 70302 10302 20266 40062 84970 333 56440 58003=
48065 32558 70301 10300 20253 83870 333 56990=
48074 32459 71403 10310 20254 40068 85350 333 56440 59012=
48092 21456 71801 10290 20259 40065 71796 85970 333 56490 59010=
48093 21557 51402 10302 20253 70155 84340 333 56390=
48107 22350 62301 10320 20248 40089 84970 333 56440 59015=
48096 31457 81510 10310 20254 40069 70222 85970 333 56990 59031=  