08-OCT-2015 06 48051 2 1 4 58 8 13 01 10 257 20 257 3 0000 4 0000 5 0000 6 000 0 7 60 6 6 8 6 9 2 0 333 10 /// 58 000 6 000 0 7 0000 
08-OCT-2015 06 48057 2 1 4 58 7 14 02 10 217 20 205 3 0000 4 0000 5 0000 6 000 0 7 03 5 5 8 5 3 5 0 333 10 /// 58 000 6 000 0 7 0000 
08-OCT-2015 06 48062 2 1 3 56 8 18 10 10 280 20 270 3 0000 4 0075 5 0000 6 000 0 7 21 6 6 8 6 9 7 0 333 10 /// 59 014 6 000 0 7 0000 
08-OCT-2015 06 48071 3 2 4 58 7 23 04 10 287 20 274 3 0000 4 0086 5 0000 6 000 0 7 00 0 0 8 5 9 7 0 333 10 /// 59 007 6 000 0 7 0000 
08-OCT-2015 06 48072 3 2 4 60 8 13 06 10 295 20 266 3 0000 4 0000 5 0000 6 000 0 7 03 2 2 8 6 9 7 0 333 10 /// 58 000 6 000 0 7 0000 
08-OCT-2015 06 48075 3 2 4 57 7 14 01 10 270 20 226 3 0000 4 0104 5 0000 6 000 0 7 02 2 2 8 5 8 6 0 333 10 /// 59 017 6 000 0 7 0000 
08-OCT-2015 06 48077 3 2 5 59 8 23 01 10 290 20 259 3 0000 4 0097 5 0000 6 000 0 7 00 0 0 8 5 9 7 0 333 10 /// 59 003 6 000 0 7 0000 
08-OCT-2015 06 48078 3 2 5 59 6 18 02 10 303 20 254 3 0000 4 0107 5 0000 6 000 0 7 00 0 0 8 4 3 3 1 333 10 /// 59 008 6 000 0 7 0000 
08-OCT-2015 06 48080 3 2 4 60 6 22 03 10 302 20 253 3 0000 4 0090 5 0000 6 000 0 7 00 0 0 8 4 8 7 0 333 10 /// 59 002 6 000 0 7 0000 
08-OCT-2015 06 48085 2 1 4 58 7 22 03 10 304 20 266 3 0000 4 0093 5 0000 6 000 0 7 50 6 5 8 4 3 3 9 333 10 /// 59 009 6 000 0 7 0000 
08-OCT-2015 06 48087 2 1 4 58 7 00 00 10 303 20 266 3 0000 4 0000 5 0000 6 000 0 7 20 5 5 8 4 9 7 0 333 10 /// 58 000 6 000 0 7 0000 
08-OCT-2015 06 48092 3 2 4 57 7 13 01 10 300 20 259 3 0000 4 0081 5 0000 6 000 0 7 00 0 0 8 5 9 7 0 333 10 /// 59 025 6 000 0 7 0000 
08-OCT-2015 06 48093 3 2 5 56 7 14 02 10 298 20 253 3 0000 4 0000 5 0000 6 000 0 7 02 2 2 8 6 3 4 0 333 10 /// 58 000 6 000 0 7 0000 
08-OCT-2015 06 48094 3 2 4 59 6 18 03 10 305 20 260 3 0000 4 0095 5 0000 6 000 0 7 00 0 0 8 4 9 2 0 333 10 /// 59 011 6 000 0 7 0000 
08-OCT-2015 06 48095 3 2 4 58 7 18 02 10 305 20 266 3 0000 4 0000 5 0000 6 000 0 7 00 0 0 8 3 9 4 0 333 10 /// 58 000 6 000 0 7 0000 
08-OCT-2015 06 48096 3 2 4 58 7 18 04 10 310 20 254 3 0000 4 0102 5 0000 6 000 0 7 02 2 2 8 4 9 7 0 333 10 /// 59 016 6 000 0 7 0000 
08-OCT-2015 06 48097 3 2 5 57 6 23 06 10 310 20 254 3 0000 4 0103 5 0000 6 000 0 7 00 0 0 8 5 8 3 0 333 10 /// 59 026 6 000 0 7 0000 
08-OCT-2015 06 48099 3 2 4 56 7 13 04 10 304 20 239 3 0000 4 0101 5 0000 6 000 0 7 00 0 0 8 5 9 3 0 333 10 /// 59 017 6 000 0 7 0000 
08-OCT-2015 06 48101 3 2 5 58 7 14 03 10 292 20 259 3 0000 4 0000 5 0000 6 000 0 7 03 2 2 8 4 9 7 1 333 10 /// 58 000 6 000 0 7 0000 
08-OCT-2015 06 48103 3 2 4 57 3 22 04 10 313 20 254 3 0000 4 0106 5 0000 6 000 0 7 01 1 1 8 3 8 0 0 333 10 /// 59 017 6 000 0 7 0000 
08-OCT-2015 06 48107 2 1 3 30 6 13 01 10 278 20 250 3 0000 4 0113 5 0000 6 000 0 7 01 6 5 8 4 9 7 0 333 10 /// 59 002 6 000 0 7 0000 
08-OCT-2015 06 48108 3 2 5 96 5 32 04 10 322 20 248 3 0000 4 0117 5 0000 6 000 0 7 00 0 0 8 3 3 6 6 333 10 /// 59 010 6 000 0 7 0000 
08-OCT-2015 06 48109 3 2 4 97 6 27 01 10 305 20 267 3 0000 4 0114 5 0000 6 000 0 7 00 0 0 8 4 9 3 0 333 10 /// 58 002 6 000 0 7 0000 
08-OCT-2015 06 48110 3 2 5 96 7 32 05 10 325 20 270 3 0000 4 0120 5 0000 6 000 0 7 00 0 0 8 4 3 5 6 333 10 /// 59 007 6 000 0 7 0000 
08-OCT-2015 06 48112 3 1 5 97 8 27 02 10 310 20 254 3 0000 4 0126 5 0000 6 000 0 7 05 2 2 8 3 8 7 6 333 10 /// 58 000 6 000 0 7 0000 
