48001 21320 83201 10228 20224 40134 75066 8672/ 333 56349 58005=
48004 21110 83201 10253 20233 75165 8697/ 333 56559=
48008 32456 70000 10270 20240 40107 84970 333 56450 59012=
48010 21420 80000 10245 20245 40108 76366 887// 333 56499 58016=
48018 21558 83601 10256 20233 40106 72166 8497/ 333 56559 59011=
48019 NIL=
48020 21230 80000 10245 20238 76166 887// 333 56999=
48025 21008 83601 10246 20246 40098 75165 8577/ 333 56699 59022=
48035 32560 60000 10247 20233 40099 84960 333 56780 59005=
48037 21450 71401 10265 20265 40096 70355 85330 333 56330 59019=
48042 22558 71802 10295 20250 40098 84850 333 56440 59018=
48045 21003 91402 10202 20202 74344 89/// 333 56999=
48048 22560 62201 10295 20239 40097 85950 333 56490 59018=
48051 NIL=
48053 32456 31805 10270 20240 40118 83856 333 56499 59004=
48060 NIL=
48062 NIL=
48071 NIL=
48075 NIL=
48077 NIL=
48078 NIL=
48080 NIL=
48085 NIL=
48095 NIL=
48108 NIL=
48109 NIL=
48110 NIL=
48112 NIL=
48030 NIL=
48072 NIL=
48087 NIL=
48099 NIL=
48101 NIL=
48103 NIL=
48057 NIL=
48094 NIL=
48097 NIL=
48031 21/05 91401 10185 20185 74764 89/// 333 56999=
48033 NIL=
48034 21456 80000 10213 20203 70255 8637/ 333 56599=
48039 22460 73201 10295 20253 83852 333 56444=
48043 32450 81405 10220 20220 8587/ 333 56399=
48052 22460 72202 10260 20260 85930 333 56590=
48055 32456 61203 10242 20209 40107 84330 333 56550 59013=
48064 22456 83602 10273 20240 40088 85770 333 56440 59006=
48065 22456 82204 10270 20256 86370 333 56590=
48074 22458 60404 10270 20127 83850 333 56490 59013=
48092 NIL=
48093 NIL=
48107 NIL=
48096 NIL=  48018 21558 83601 10256 20233 40106 72166 8497/ 333 56559 59011=
48051 21758 81304 10266 20260 75022 86920 333 56490=
48062 22356 80909 10270 20260 40083 70222 86970 333 56490 59013=
48071 21458 81802 10273 20270 40097 70252 8697/ 333 5649/ 59003=
48075 32457 71401 10240 20209 40125 70322 85830 333 56590 59022=
48077 22559 82301 10270 20256 40106 85970 333 56490 58006=
48078 22557 51801 10269 20248 40125 83531 333 56449 59006=
48080 22459 72204 10273 20240 40105 84870 333 56390 58011=
48085 21457 71404 10280 20268 40108 75055 84836 333 56499 58005=
48095 22458 71802 10280 20268 70222 84840 333 56790=
48108 21496 63601 10282 20250 40130 70255 83356 333 56899 58000=
48109 22457 53201 10287 20259 40120 83931 333 56999 58001=
48110 22596 83203 10285 20254 40133 83357 333 56699 58005=
48112 31597 83601 10285 20254 40135 70522 84876 333 58899 59005=
48072 22459 61305 10290 20259 70122 84870 333 56490=
48087 22458 80000 10270 20256 70322 8597/ 333 5649/=
48101 22558 61402 10286 20248 70122 84730 333 56490=
48103 22456 61403 10298 20239 40130 70322 86800 333 56300 59016=
48057 22458 61402 10223 20185 86800 333 56300 =
48097 22557 81403 10275 20253 40136 70266 8585/ 333 5639/ 58004=
48092 22456 81303 10280 20259 40109 8697/ 333 5639/ 58002=
48107 32350 61301 10278 20250 40125 84970 333 56440 58003=
48096 22457 71507 10270 20240 40133 8593/ 333 5659/ 59004=  