48001 21210 80000 10242 20240 40072 75466 887// 333 56899 59006=
48004 32460 51301 10270 20256 85900 333 56500=
48008 31456 70000 10266 20256 40071 70166 84970 333 56450 59027=
48010 21430 80000 10265 20265 40077 75055 887// 333 56499 59008=
48018 22558 71401 10285 20250 40074 70122 8497/ 333 56559 59013=
48019 32457 82701 10275 20256 40065 85770 333 56560 59014=
48020 32458 50903 10302 20266 83830 333 56440=
48025 32230 73601 10284 20250 40078 85840 333 56550 59006=
48035 NIL=
48037 NIL=
48042 NIL=
48045 NIL=
48048 NIL=
48051 NIL=
48053 NIL=
48060 NIL=
48062 NIL=
48071 NIL=
48075 NIL=
48077 NIL=
48078 NIL=
48080 NIL=
48085 NIL=
48095 NIL=
48108 NIL=
48109 NIL=
48110 NIL=
48112 NIL=
48030 22250 62201 10187 20175 85840 333 56560=
48072 NIL=
48087 NIL=
48099 NIL=
48101 NIL=
48103 NIL=
48057 NIL=
48094 NIL=
48097 NIL=
48031 31/05 91401 10195 20195 74744 89/// 333 56999=
48033 32562 61801 10290 20248 40071 86900 333 56400 59010=
48034 21248 82301 10205 20205 75065 8692/ 333 5659/=
48039 NIL=
48043 NIL=
48052 NIL=
48055 NIL=
48064 NIL=
48065 NIL=
48074 NIL=
48092 NIL=
48093 NIL=
48107 NIL=
48096 NIL=  48035 32560 62202 10371 20226 40060 84960 333 56590 59010=
48037 32560 61401 10292 20248 40059 86800 333 56400 58001=
48042 32558 71803 10295 20242 40071 84850 333 56440 59009=
48045 32450 72302 10215 20156 84800 333 56500=
48048 32560 42201 10304 20239 40072 84800 333 56400 59014=
48051 21456 80000 10260 20250 75165 86920 333 56490=
48053 32456 71802 10280 20233 40096 85750 333 56490 59013=
48060 21430 70000 10232 20214 40070 75065 85830 333 56690 58003=
48062 22457 71302 10290 20270 40075 85970 333 56490 59011=
48071 22458 61301 10290 20259 40078 84970 333 56390 59010=
48075 22456 70000 10240 20226 40094 85370 333 56590 59018=
48077 32559 82301 10288 20259 40078 85970 333 56490 59008=
48078 22556 61801 10270 20256 40097 84531 333 56499 59017=
48080 22460 62206 10272 20240 40087 84870 333 56490 59012=
48085 21357 81302 10272 20256 40087 75055 86720 333 56590 59018=
48095 22458 80000 10282 20268 70222 84970 333 56990=
48108 21494 83208 10255 20248 40128 79565 8692/ 333 5669/ 59009=
48109 32497 72303 10288 20259 40112 85970 333 56990 59008=
48110 21495 63602 10310 20267 40114 75022 84356 333 56699 59016=
48112 21597 82202 10280 20250 40118 76152 83876 333 56599 59017=
48072 22458 82701 10290 20274 70322 86970 333 56590=
48087 22456 70000 10282 20250 8437/ 333 5649/=
48099 21330 81302 10252 20252 40107 75155 8697/ 333 5699/ 59018=
48101 22558 82302 10280 20250 70222 8597/ 333 5659/=
48103 21350 82201 10262 20260 40109 75055 8677/ 333 5655/ 59020=
48057 21458 81401 10212 20195 75022 8597/ 333 5699/=
48094 22457 80000 10280 20260 40095 70366 8597/ 333 5659/ 59015=
48097 22557 72002 10280 20268 40115 84850 333 56990 59010=
48039 32460 71401 10285 20233 84860 333 56440=
48043 32540 82305 10220 20205 8687/ 333 56599=
48052 32468 51301 10316 20248 85900 333 56900=
48055 22357 62303 10248 20212 40075 84330 333 56550 59017=
48064 32458 60401 10298 20253 40062 83831 333 56449 59016=
48065 32456 50401 10307 20254 82870 333 56490=
48074 32357 82302 10270 20256 40097 8677/ 333 56449 59019=
48092 22456 82307 10280 20259 40089 70222 8697/ 333 5659/ 59008=
48093 22556 72301 10290 20259 85370 333 56590=
48107 21330 81301 10254 20254 40123 76066 8597/ 333 5655/ 58002=
48096 22457 82107 10280 20250 40105 8597/ 333 5659/ 59019=  