09-APR-2015 06 48001 3 2 4 56 4 04 01 10 245 20 267 3 0000 4 0134 5 0000 6 000 0 7 00 0 0 8 4 8 0 0 333 10 /// 58 006 6 000 0 7 0000 
09-APR-2015 06 48004 3 2 5 60 4 04 02 10 310 20 203 3 0000 4 0000 5 0000 6 000 0 7 00 0 0 8 4 9 0 0 333 10 /// 58 000 6 000 0 7 0000 
09-APR-2015 06 48008 3 2 5 57 6 04 02 10 307 20 169 3 0000 4 0104 5 0000 6 000 0 7 00 0 0 8 3 9 7 0 333 10 /// 59 012 6 000 0 7 0000 
09-APR-2015 06 48010 3 2 5 60 7 23 01 10 305 20 247 3 0000 4 0089 5 0000 6 000 0 7 00 0 0 8 5 4 3 0 333 10 /// 59 014 6 000 0 7 0000 
09-APR-2015 06 48018 3 1 5 59 7 14 02 10 320 20 200 3 0000 4 0101 5 0000 6 000 0 7 05 2 2 8 4 8 7 0 333 10 /// 58 000 6 000 0 7 0000 
09-APR-2015 06 48019 3 2 9 60 0 32 02 10 300 20 207 3 0000 4 0105 5 0000 6 000 0 7 00 0 0 8 0 0 0 0 333 10 /// 59 002 6 000 0 7 0000 
09-APR-2015 06 48020 3 2 4 58 2 04 03 10 340 20 249 3 0000 4 0000 5 0000 6 000 0 7 00 0 0 8 2 2 0 0 333 10 /// 58 000 6 000 0 7 0000 
09-APR-2015 06 48025 3 2 4 56 4 09 01 10 345 20 184 3 0000 4 0094 5 0000 6 000 0 7 00 0 0 8 3 8 4 0 333 10 /// 59 010 6 000 0 7 0000 
09-APR-2015 06 48030 3 2 2 56 4 22 05 10 219 20 109 3 0000 4 0000 5 0000 6 000 0 7 00 0 0 8 4 8 0 0 333 10 /// 58 000 6 000 0 7 0000 
09-APR-2015 06 48031 3 1 2 60 5 14 01 10 245 20 136 3 0000 4 0000 5 0000 6 000 0 7 05 4 4 8 5 8 0 0 333 10 /// 58 000 6 000 0 7 0000 
09-APR-2015 06 48033 3 2 9 63 0 36 01 10 370 20 190 3 0000 4 0082 5 0000 6 000 0 7 00 0 0 8 0 0 0 0 333 10 /// 58 000 6 000 0 7 0000 
09-APR-2015 06 48034 3 2 4 57 4 23 02 10 290 20 159 3 0000 4 0000 5 0000 6 000 0 7 00 0 0 8 4 8 0 0 333 10 /// 58 000 6 000 0 7 0000 
09-APR-2015 06 48035 3 1 5 30 8 27 02 10 311 20 146 3 0000 4 0057 5 0000 6 000 0 7 04 2 2 8 5 9 7 / 333 10 /// 58 000 6 000 0 7 0000 
09-APR-2015 06 48037 3 2 5 58 2 32 01 10 358 20 195 3 0000 4 0074 5 0000 6 000 0 7 00 0 0 8 2 8 0 0 333 10 /// 59 014 6 000 0 7 0000 
09-APR-2015 06 48039 3 2 4 60 8 00 00 10 350 20 202 3 0000 4 0000 5 0000 6 000 0 7 00 0 0 8 4 8 7 0 333 10 /// 58 000 6 000 0 7 0000 
09-APR-2015 06 48042 3 1 5 56 5 13 02 10 380 20 240 3 0000 4 0076 5 0000 6 000 0 7 05 2 2 8 2 9 5 2 333 10 /// 59 009 6 000 0 7 0000 
09-APR-2015 06 48043 3 2 7 58 6 18 06 10 300 20 149 3 0000 4 0000 5 0000 6 000 0 7 00 0 0 8 4 2 3 0 333 10 /// 58 000 6 000 0 7 0000 
09-APR-2015 06 48045 3 2 9 61 5 18 06 10 289 20 092 3 0000 4 0000 5 0000 6 000 0 7 00 0 0 8 5 3 0 0 333 10 /// 58 000 6 000 0 7 0000 
09-APR-2015 06 48048 3 2 5 58 6 22 01 10 395 20 196 3 0000 4 0082 5 0000 6 000 0 7 00 0 0 8 5 9 5 0 333 10 /// 59 008 6 000 0 7 0000 
09-APR-2015 06 48051 3 2 9 60 1 31 01 10 351 20 220 3 0000 4 0000 5 0000 6 000 0 7 00 0 0 8 0 0 0 1 333 10 /// 58 000 6 000 0 7 0000 
09-APR-2015 06 48052 3 2 4 68 3 22 02 10 402 20 196 3 0000 4 0000 5 0000 6 000 0 7 00 0 0 8 3 8 0 0 333 10 /// 58 000 6 000 0 7 0000 
09-APR-2015 06 48053 3 1 9 50 0 22 04 10 370 20 291 3 0000 4 0081 5 0000 6 000 0 7 05 0 0 8 0 0 0 0 333 10 /// 58 005 6 000 0 7 0000 
09-APR-2015 06 48055 3 1 5 56 4 04 05 10 325 20 157 3 0000 4 0048 5 0000 6 000 0 7 05 1 1 8 4 8 0 0 333 10 /// 59 011 6 000 0 7 0000 
09-APR-2015 06 48057 3 2 4 58 6 22 02 10 294 20 159 3 0000 4 0000 5 0000 6 000 0 7 00 0 0 8 6 3 0 0 333 10 /// 58 000 6 000 0 7 0000 
09-APR-2015 06 48060 3 2 4 50 2 32 01 10 300 20 207 3 0000 4 0082 5 0000 6 000 0 7 00 0 0 8 2 8 0 0 333 10 /// 59 004 6 000 0 7 0000 
09-APR-2015 06 48064 3 2 9 70 1 14 01 10 405 20 269 3 0000 4 0062 5 0000 6 000 0 7 00 0 0 8 1 3 0 0 333 10 /// 59 004 6 000 0 7 0000 
09-APR-2015 06 48065 3 2 9 60 1 04 01 10 400 20 214 3 0000 4 0000 5 0000 6 000 0 7 00 0 0 8 0 0 0 1 333 10 /// 58 000 6 000 0 7 0000 
09-APR-2015 06 48071 3 2 9 60 0 32 03 10 320 20 248 3 0000 4 0111 5 0000 6 000 0 7 00 0 0 8 0 0 0 0 333 10 /// 58 000 6 000 0 7 0000 
09-APR-2015 06 48072 3 2 5 60 1 27 08 10 330 20 258 3 0000 4 0000 5 0000 6 000 0 7 00 0 0 8 1 2 0 0 333 10 /// 58 000 6 000 0 7 0000 
09-APR-2015 06 48074 3 2 9 60 0 14 03 10 370 20 227 3 0000 4 0105 5 0000 6 000 0 7 00 0 0 8 0 0 0 0 333 10 /// 58 015 6 000 0 7 0000 
09-APR-2015 06 48075 3 2 4 57 4 23 02 10 330 20 170 3 0000 4 0079 5 0000 6 000 0 7 00 0 0 8 3 8 1 0 333 10 /// 58 007 6 000 0 7 0000 
09-APR-2015 06 48077 3 2 9 59 0 23 02 10 390 20 213 3 0000 4 0087 5 0000 6 000 0 7 00 0 0 8 0 0 0 0 333 10 /// 58 004 6 000 0 7 0000 
09-APR-2015 06 48078 3 2 5 58 2 18 02 10 380 20 221 3 0000 4 0096 5 0000 6 000 0 7 00 0 0 8 1 1 0 1 333 10 /// 58 006 6 000 0 7 0000 
09-APR-2015 06 48080 3 2 9 61 0 22 05 10 343 20 240 3 0000 4 0098 5 0000 6 000 0 7 00 0 0 8 0 0 0 0 333 10 /// 58 017 6 000 0 7 0000 
09-APR-2015 06 48085 3 2 4 58 1 27 07 10 326 20 248 3 0000 4 0110 5 0000 6 000 0 7 00 0 0 8 1 1 0 0 333 10 /// 58 013 6 000 0 7 0000 
09-APR-2015 06 48087 3 2 5 60 1 23 02 10 376 20 221 3 0000 4 0000 5 0000 6 000 0 7 00 0 0 8 1 1 0 0 333 10 /// 58 000 6 000 0 7 0000 
09-APR-2015 06 48092 3 2 4 57 2 13 03 10 365 20 231 3 0000 4 0096 5 0000 6 000 0 7 00 0 0 8 2 1 0 0 333 10 /// 58 019 6 000 0 7 0000 
09-APR-2015 06 48093 3 2 5 58 6 14 01 10 359 20 249 3 0000 4 0000 5 0000 6 000 0 7 00 0 0 8 6 8 0 0 333 10 /// 58 000 6 000 0 7 0000 
09-APR-2015 06 48094 3 2 5 61 3 23 02 10 372 20 260 3 0000 4 0102 5 0000 6 000 0 7 00 0 0 8 2 8 0 0 333 10 /// 58 011 6 000 0 7 0000 
09-APR-2015 06 48095 3 2 5 60 1 00 00 10 370 20 246 3 0000 4 0000 5 0000 6 000 0 7 00 0 0 8 1 2 0 0 333 10 /// 58 000 6 000 0 7 0000 
09-APR-2015 06 48097 3 2 5 57 4 24 02 10 360 20 264 3 0000 4 0100 5 0000 6 000 0 7 00 0 0 8 4 8 0 0 333 10 /// 58 007 6 000 0 7 0000 
09-APR-2015 06 48099 3 2 4 56 5 23 02 10 360 20 249 3 0000 4 0104 5 0000 6 000 0 7 00 0 0 8 5 3 0 0 333 10 /// 58 012 6 000 0 7 0000 
09-APR-2015 06 48101 3 2 6 60 2 14 02 10 338 20 257 3 0000 4 0000 5 0000 6 000 0 7 00 0 0 8 2 2 0 0 333 10 /// 58 000 6 000 0 7 0000 
09-APR-2015 06 48103 3 2 5 56 4 22 02 10 357 20 249 3 0000 4 0112 5 0000 6 000 0 7 00 0 0 8 4 5 0 0 333 10 /// 58 021 6 000 0 7 0000 
09-APR-2015 06 48107 3 2 3 50 4 23 01 10 348 20 237 3 0000 4 0101 5 0000 6 000 0 7 00 0 0 8 4 9 0 0 333 10 /// 58 006 6 000 0 7 0000 
09-APR-2015 06 48108 3 2 5 96 8 32 02 10 340 20 257 3 0000 4 0117 5 0000 6 000 0 7 00 0 0 8 4 3 6 7 333 10 /// 58 008 6 000 0 7 0000 
09-APR-2015 06 48110 3 1 5 96 3 32 04 10 340 20 240 3 0000 4 0115 5 0000 6 000 0 7 05 1 1 8 1 1 0 5 333 10 /// 58 004 6 000 0 7 0000 
