09-AUG-2015 06 48004 3 2 3 56 7 32 01 10 320 20 257 3 0000 4 0000 5 0000 6 000 0 7 00 0 0 8 7 9 0 0 333 10 /// 58 000 6 000 0 7 0000 
09-AUG-2015 06 48008 2 1 4 56 7 00 00 10 281 20 259 3 0000 4 0018 5 0000 6 000 0 7 50 6 5 8 4 9 7 0 333 10 /// 59 027 6 000 0 7 0000 
09-AUG-2015 06 48010 2 1 4 50 8 00 00 10 285 20 274 3 0000 4 0032 5 0000 6 000 0 7 95 9 5 8 8 9 / / 333 10 /// 59 010 6 000 0 7 0000 
09-AUG-2015 06 48018 2 1 5 56 8 00 00 10 250 20 250 3 0000 4 0000 5 0000 6 000 0 7 95 9 6 8 5 9 7 / 333 10 /// 59 011 6 000 0 7 0000 
09-AUG-2015 06 48019 2 1 4 57 8 23 01 10 270 20 256 3 0000 4 0028 5 0000 6 000 0 7 50 5 5 8 5 7 7 / 333 10 /// 59 012 6 000 0 7 0000 
09-AUG-2015 06 48020 3 2 2 58 6 36 02 10 320 20 281 3 0000 4 0000 5 0000 6 000 0 7 00 0 0 8 6 8 0 0 333 10 /// 58 000 6 000 0 7 0000 
09-AUG-2015 06 48025 3 1 2 40 7 04 01 10 293 20 259 3 0000 4 0028 5 0000 6 000 0 7 17 9 9 8 4 9 7 0 333 10 /// 59 024 6 000 0 7 0000 
09-AUG-2015 06 48033 3 2 5 63 6 00 00 10 295 20 253 3 0000 4 0040 5 0000 6 000 0 7 00 0 0 8 6 9 3 0 333 10 /// 58 003 6 000 0 7 0000 
09-AUG-2015 06 48034 2 1 3 56 6 00 00 10 230 20 214 3 0000 4 0000 5 0000 6 000 0 7 50 6 5 8 6 9 7 2 333 10 /// 58 000 6 000 0 7 0000 
09-AUG-2015 06 48035 2 1 4 58 7 00 00 10 241 20 240 3 0000 4 0023 5 0000 6 000 0 7 60 6 6 8 5 9 7 / 333 10 /// 59 007 6 000 0 7 0000 
09-AUG-2015 06 48037 3 2 5 60 6 18 01 10 329 20 267 3 0000 4 0015 5 0000 6 000 0 7 00 0 0 8 2 8 3 6 333 10 /// 59 029 6 000 0 7 0000 
09-AUG-2015 06 48039 3 2 4 60 8 00 00 10 293 20 256 3 0000 4 0000 5 0000 6 000 0 7 00 0 0 8 5 9 6 / 333 10 /// 58 000 6 000 0 7 0000 
09-AUG-2015 06 48042 3 2 4 58 7 13 02 10 295 20 250 3 0000 4 0025 5 0000 6 000 0 7 00 0 0 8 4 9 7 0 333 10 /// 59 013 6 000 0 7 0000 
09-AUG-2015 06 48043 2 1 4 50 8 18 05 10 220 20 220 3 0000 4 0000 5 0000 6 000 0 7 00 0 0 8 6 7 2 / 333 10 /// 58 000 6 000 0 7 0000 
09-AUG-2015 06 48045 3 1 4 50 7 23 02 10 235 20 209 3 0000 4 0000 5 0000 6 000 0 7 40 4 4 8 7 3 0 0 333 10 /// 58 000 6 000 0 7 0000 
09-AUG-2015 06 48048 2 1 5 60 5 00 00 10 300 20 253 3 0000 4 0021 5 0000 6 000 0 7 21 6 5 8 3 9 5 0 333 10 /// 59 017 6 000 0 7 0000 
09-AUG-2015 06 48052 3 2 4 68 5 00 00 10 285 20 274 3 0000 4 0000 5 0000 6 000 0 7 00 0 0 8 5 9 0 0 333 10 /// 58 000 6 000 0 7 0000 
09-AUG-2015 06 48053 3 2 4 50 7 18 01 10 300 20 253 3 0000 4 0039 5 0000 6 000 0 7 00 0 0 8 4 8 5 6 333 10 /// 58 007 6 000 0 7 0000 
09-AUG-2015 06 48055 3 2 4 56 6 13 04 10 290 20 230 3 0000 4 0003 5 0000 6 000 0 7 00 0 0 8 4 3 3 1 333 10 /// 59 040 6 000 0 7 0000 
09-AUG-2015 06 48057 2 1 4 58 7 14 02 10 240 20 209 3 0000 4 0000 5 0000 6 000 0 7 02 5 5 8 5 9 0 1 333 10 /// 58 000 6 000 0 7 0000 
09-AUG-2015 06 48060 3 2 3 50 5 00 00 10 318 20 215 3 0000 4 0005 5 0000 6 000 0 7 00 0 0 8 3 8 3 0 333 10 /// 59 023 6 000 0 7 0000 
09-AUG-2015 06 48062 3 2 4 58 6 13 03 10 320 20 280 3 0000 4 0025 5 0000 6 000 0 7 01 2 2 8 4 9 7 0 333 10 /// 59 019 6 000 0 7 0000 
09-AUG-2015 06 48064 3 2 5 60 5 23 01 10 310 20 267 3 0000 4 0007 5 0000 6 000 0 7 00 0 0 8 3 8 3 1 333 10 /// 59 009 6 000 0 7 0000 
09-AUG-2015 06 48065 3 2 5 58 6 14 02 10 316 20 265 3 0000 4 0000 5 0000 6 000 0 7 00 0 0 8 3 8 7 0 333 10 /// 58 000 6 000 0 7 0000 
09-AUG-2015 06 48071 3 2 4 60 2 13 03 10 315 20 265 3 0000 4 0028 5 0000 6 000 0 7 00 0 0 8 4 9 7 0 333 10 /// 59 018 6 000 0 7 0000 
09-AUG-2015 06 48072 3 2 4 60 2 13 02 10 310 20 247 3 0000 4 0000 5 0000 6 000 0 7 01 2 2 8 2 8 0 0 333 10 /// 58 000 6 000 0 7 0000 
09-AUG-2015 06 48074 3 2 4 60 5 18 01 10 320 20 265 3 0000 4 0043 5 0000 6 000 0 7 00 0 0 8 3 8 6 0 333 10 /// 59 003 6 000 0 7 0000 
09-AUG-2015 06 48075 3 2 4 57 5 14 01 10 280 20 220 3 0000 4 0016 5 0000 6 000 0 7 00 0 0 8 3 3 3 0 333 10 /// 59 047 6 000 0 7 0000 
09-AUG-2015 06 48077 3 2 5 59 8 23 01 10 310 20 254 3 0000 4 0026 5 0000 6 000 0 7 00 0 0 8 5 9 3 1 333 10 /// 59 008 6 000 0 7 0000 
09-AUG-2015 06 48078 3 2 5 60 5 18 01 10 307 20 254 3 0000 4 0038 5 0000 6 000 0 7 00 0 0 8 3 8 3 1 333 10 /// 59 013 6 000 0 7 0000 
09-AUG-2015 06 48080 3 2 4 60 5 22 05 10 315 20 265 3 0000 4 0021 5 0000 6 000 0 7 00 0 0 8 3 2 3 0 333 10 /// 59 026 6 000 0 7 0000 
09-AUG-2015 06 48085 3 2 4 58 6 27 04 10 303 20 266 3 0000 4 0024 5 0000 6 000 0 7 00 0 0 8 6 9 7 0 333 10 /// 59 017 6 000 0 7 0000 
09-AUG-2015 06 48087 3 2 5 58 7 23 01 10 306 20 267 3 0000 4 0000 5 0000 6 000 0 7 03 2 2 8 4 3 7 1 333 10 /// 58 000 6 000 0 7 0000 
09-AUG-2015 06 48092 2 1 4 56 8 13 01 10 265 20 243 3 0000 4 0021 5 0000 6 000 0 7 61 6 6 8 6 9 7 / 333 10 /// 59 013 6 000 0 7 0000 
09-AUG-2015 06 48093 3 2 5 58 4 18 01 10 311 20 254 3 0000 4 0000 5 0000 6 000 0 7 01 1 1 8 4 3 3 0 333 10 /// 58 000 6 000 0 7 0000 
09-AUG-2015 06 48094 3 2 5 60 6 22 03 10 324 20 270 3 0000 4 0028 5 0000 6 000 0 7 00 0 0 8 4 9 7 0 333 10 /// 59 018 6 000 0 7 0000 
09-AUG-2015 06 48095 3 2 4 58 7 22 02 10 320 20 281 3 0000 4 0000 5 0000 6 000 0 7 00 0 0 8 2 9 4 0 333 10 /// 58 000 6 000 0 7 0000 
09-AUG-2015 06 48097 2 1 5 57 7 00 00 10 310 20 282 3 0000 4 0038 5 0000 6 000 0 7 02 5 2 8 5 8 3 0 333 10 /// 59 027 6 000 0 7 0000 
09-AUG-2015 06 48099 2 1 4 56 6 23 01 10 285 20 250 3 0000 4 0035 5 0000 6 000 0 7 01 5 5 8 4 9 3 0 333 10 /// 59 020 6 000 0 7 0000 
09-AUG-2015 06 48101 3 2 5 59 6 23 01 10 296 20 253 3 0000 4 0000 5 0000 6 000 0 7 00 0 0 8 4 3 7 0 333 10 /// 58 000 6 000 0 7 0000 
09-AUG-2015 06 48103 2 1 3 40 8 22 02 10 273 20 256 3 0000 4 0042 5 0000 6 000 0 7 50 5 5 8 6 7 2 0 333 10 /// 59 012 6 000 0 7 0000 
09-AUG-2015 06 48107 2 1 3 30 8 23 01 10 262 20 246 3 0000 4 0059 5 0000 6 000 0 7 61 6 6 8 5 9 7 / 333 10 /// 59 009 6 000 0 7 0000 
09-AUG-2015 06 48108 2 1 4 94 8 14 01 10 245 20 245 3 0000 4 0067 5 0000 6 000 0 7 61 6 5 8 5 3 2 / 333 10 /// 59 008 6 000 0 7 0000 
09-AUG-2015 06 48109 2 1 3 96 8 23 10 10 265 20 256 3 0000 4 0062 5 0000 6 000 0 7 50 2 2 8 6 9 7 / 333 10 /// 59 006 6 000 0 7 0000 
09-AUG-2015 06 48110 2 1 4 96 8 32 02 10 285 20 262 3 0000 4 0068 5 0000 6 000 0 7 02 5 5 8 5 3 7 7 333 10 /// 59 011 6 000 0 7 0000 
09-AUG-2015 06 48112 2 1 4 96 8 32 02 10 250 20 250 3 0000 4 0084 5 0000 6 000 0 7 50 5 5 8 4 7 7 / 333 10 /// 58 002 6 000 0 7 0000 
