090600 48004 32356 73201 10320 20257 87900 333 56500=
090600 48008 21456 70000 10281 20259 40018 75065 84970 333 56450 59027=
090600 48010 21450 80000 10285 20274 40032 79595 889// 333 56399 59010=
090600 48018 21556 80000 10250 20250 79596 8597/ 333 56999 59011=
090600 48019 21457 82301 10270 20256 40028 75055 8577/ 333 56569 59012=
090600 48020 32258 63602 10320 20281 86800 333 56400=
090600 48025 31240 70401 10293 20259 40028 71799 84970 333 56440 59024=
090600 48035 21458 70000 10241 20240 40023 76066 8597/ 333 56569 59007=
090600 48037 32560 61801 10329 20267 40015 82836 333 56459 59029=
090600 48042 32458 71302 10295 20250 40025 84970 333 56440 59013=
090600 48045 31450 72302 10235 20209 74044 87300 333 56600=
090600 48048 21560 50000 10300 20253 40021 72165 83950 333 56490 59017=
090600 48053 32450 71801 10300 20253 40039 84856 333 56499 58007=
090600 48060 32350 50000 10318 20215 40005 83830 333 56560 59023=
090600 48062 32458 61303 10320 20280 40025 70122 84970 333 56390 59019=
090600 48071 32460 21303 10315 20265 40028 84970 333 56990 59018=
090600 48075 32457 51401 10280 20220 40016 83330 333 56440 59047=
090600 48077 32559 82301 10310 20254 40026 85931 333 56499 59008=
090600 48078 32560 51801 10307 20254 40038 83831 333 56449 59013=
090600 48080 32460 52205 10315 20265 40021 83230 333 56990 59026=
090600 48085 32458 62704 10303 20266 40024 86970 333 56900 59017=
090600 48095 32458 72202 10320 20281 82940 333 56990=
090600 48108 21494 81401 10245 20245 40067 76165 8532/ 333 5649/ 59008=
090600 48109 21396 82310 10265 20256 40062 75022 8697/ 333 5699/ 59006=
090600 48110 21496 83202 10285 20262 40068 70255 85377 333 56999 59011=
090600 48112 21496 83202 10250 20250 40084 75055 8477/ 333 5679/ 58002=
090600 48072 32460 21302 10310 20247 70122 82800 333 56500=
090600 48087 32558 72301 10306 20267 70322 84371 333 56499=
090600 48099 21456 62301 10285 20250 40035 70155 84930 333 56590 59020=
090600 48101 32559 62301 10296 20253 84370 333 56490=
090600 48103 21340 82202 10273 20256 40042 75055 86720 333 56550 59012=
090600 48057 21458 71402 10240 20209 70255 85901 333 56409=
090600 48094 32560 62203 10324 20270 40028 84970 333 56590 59018=
090600 48097 21557 70000 10310 20282 40038 70252 85830 333 56490 59027=
090600 48033 32563 60000 10295 20253 40040 86930 333 56440 58003=
090600 48034 21356 60000 10230 20214 75065 86972 333 5659/=
090600 48039 32460 80000 10293 20256 8596/ 333 56449=
090600 48043 21450 81805 10220 20220 8672/ 333 56999=
090600 48052 32468 50000 10285 20274 85900 333 56900=
090600 48055 32456 61304 10290 20230 40003 84331 333 56499 59040=
090600 48064 32560 52301 10310 20267 40007 83831 333 56449 59009=
090600 48065 32558 61402 10316 20265 83870 333 56990=
090600 48074 32460 51801 10320 20265 40043 83860 333 56440 59003=
090600 48092 21456 81301 10265 20243 40021 76166 8697/ 333 5649/ 59013=
090600 48093 32558 41801 10311 20254 70111 84330 333 56300=
090600 48107 21330 82301 10262 20246 40059 76166 8597/ 333 5655/ 59009=  
