



*-*-*


<!--
.style2 {
	font-family:"Courier New", Courier, monospace;
	font-size: 14px;
}
-->






SIBM20 VBRR 090900

AAXX 09094

48001 22456 50000 10313 20254 49972 85900 333 56700

59056=

48004 31350 71301 10270 20256 70252 87900 333 56500=

48008 31456 82301 10268 20256 40014 79596 8597/ 333

56459 59013=

48010 22456 70000 10275 20268 40011 84970 333 56440

59020=

48018 21557 80000 10270 20256 40032 70266 8597/ 333

56459 58005=

48019 21457 80000 10268 20256 40015 75355 8577/ 333

56999 58004=

48020 32256 73602 10325 20244 87800 333 56400=

48025 32456 71401 10313 20267 49999 84870 333 56450

59021=

48035 31460 82201 10257 20229 40008 70255 8597/ 333

56569 58013=

48037 32560 61401 10332 20258 49988 83309 333 56404

59038=

48042 32558 61301 10225 20253 49995 84906 333 56409

59007=

48045 31130 81402 10225 20214 71799 89/// 333 56599=

48048 22560 62201 10313 20267 49996 84950 333 56490

59021=

48051 32559 52701 10340 20260 70122 84930 333 56590=

48053 32456 71302 10330 20258 40000 84956 333 56499

58010=

48060 21356 40000 10278 20233 49985 70155 83830 333

56560 59012=

48062 32458 51804 10310 20280 40003 84930 333 56990

59018=

48071 21460 52303 10320 20265 40005 72162 83970 333

56990 59017=

48075 32457 40000 10300 20223 49992 70122 84300 333

56500 59015=

48077 32559 72301 10324 20265 40004 85931 333 56999

59011=

48078 32562 51802 10332 20251 40011 83831 333 56449

59013=

48080 31459 62204 10324 20265 40004 71799 86970 333

56590 59014=

48085 21456 71802 10298 20253 40004 70365 85970 333

56990 59019=

48095 NIL=

48108 21494 82302 10250 20242 40047 75165 8532/ 333

5649/ 59010=

48109 NIL=

48110 21496 83203 10275 20245 40050 70255 85377 333

56599 59010=

48112 21496 82302 10265 20265 40057 70152 8477/ 333

5679/ 59013=

48030 NIL=

48072 32460 41802 10320 20281 70322 83930 333 56590=

48087 32560 62302 10320 20265 83871 333 56499=

48099 22450 61805 10300 20253 40012 86900 333 56400

59028=

48101 32559 72701 10292 20248 70322 84370 333 56590=

48103 21456 71402 10292 20259 40018 70166 85770 333

56550 59013=

48057 21458 72201 10222 20222 70295 85950 333 56590=

48094 21458 72202 10264 20250 40017 70365 85970 333

56590 59013=

48097 22557 72301 10300 20274 40019 86801 333 56909

59010=

48031 NIL=

48033 32563 61801 10320 20265 40007 86900 333 56400

59002=

48034 21356 82301 10250 20226 75055 8692/ 333 5659/=

48039 32460 60000 10327 20258 84902 333 56404=

48043 32556 71405 10250 20219 8487/ 333 56699=

48052 32468 42201 10318 20265 84800 333 56900=

48055 21450 72702 10243 20235 40007 79596 8497/ 333

56499 58029=

48064 32560 13201 10332 20258 40075 81100 333 56900

59024=

48065 32558 30401 10338 20240 82801 333 56909=

48074 32561 41401 10340 20288 40010 82351 333 56559

59004=

48092 21450 82301 10260 20253 40005 79596 8697/ 333

5659/ 59007=

48093 32558 52301 10317 20265 85300 333 56300=

48107 21330 82301 10254 20254 40037 76166 8597/ 333

5655/ 59009=  





