091200 48051 32958 00000 10253 20220 333 10292=
091200 48062 31450 62702 10260 20250 40121 71011 85930 333 10310 56990 59003 60002=
091200 48071 32940 00000 10252 20205 40127 333 10290 59002=
091200 48075 32456 20000 10200 20130 40142 82500 333 10270 56500 59006 60002=
091200 48077 32956 00000 10272 20191 40108 333 10314 59008 60002=
091200 48078 32556 20000 10252 20186 40123 81201 333 10312 56909 59001=
091200 48080 32456 20000 10260 20229 40123 82500 333 10310 56900 59007=
091200 48085 32956 00902 10262 20203 40115 333 10302 59006=
091200 48095 32950 00000 10260 20246 333 10315=
091200 48108 32494 53601 10280 20233 40112 85600 333 10347 56900 59008=
091200 48109 32496 40000 10285 20248 40127 84900 333 10340 56900 58002=
091200 48110 31595 52304 10290 20248 40111 70522 81336 333 10330 56999 59007=
091200 48112 32597 80408 10290 20248 40111 83876 333 10325 56199 58007 60002=
091200 48072 32456 20000 10260 20229 82300 333 10310 56600=
091200 48087 32550 30000 10250 20205 82240 333 10330 56990=
091200 48099 32330 60000 10285 20203 40109 86800 333 10340 56900 59005=
091200 48101 32650 10000 10267 20226 333 10335=
091200 48103 32330 31302 10273 20211 40117 83800 333 10345 56300 58001=
091200 48094 32956 00000 10275 20220 40117 333 10333 59010=
091200 48097 32557 21301 10270 20211 40132 82500 333 10335 56900 59004=
091200 48092 32957 00000 10270 20211 40099 333 10335 58000=
091200 48093 32940 01401 10284 20233 333 10334=
091200 48107 32930 20000 10273 20240 40110 80006 333 10333 56009 59004=
091200 48096 32957 13204 10290 20230 40117 80001 333 10335 56009 59011=  
