48001 32440 72701 10206 20195 40141 85740 333 56240 59005=
48004 32562 30401 10235 20174 83800 333 56500=
48008 32557 50000 10250 20167 40142 83930 333 56660 58007=
48010 32560 20000 10255 20203 40135 82800 333 56900 58001=
48018 32560 30401 10260 20179 40139 82850 333 56130 58004=
48019 32556 20402 10260 20160 40126 80001 333 56006 59006=
48020 NIL=
48025 32330 80401 10220 20185 40150 8482/ 333 56669 58018=
48035 31550 62202 10225 20143 40104 70522 85960 333 56390 59004=
48037 32560 33201 10267 20172 40128 83300 333 56700 58024=
48042 32557 23601 10283 20158 40119 82800 333 56900 58001=
48045 31550 62304 10152 20134 74044 86800 333 56500=
48048 32560 50401 10290 20179 40129 84850 333 56890 58004=
48051 32959 03601 10280 20200 70200 333=
48053 32456 43603 10290 20159 40114 83506 333 56609 59007=
48060 32440 50000 10240 20136 40116 83830 333 56550 59013=
48062 32456 42703 10300 20250 40122 70322 83830 333 56690 59001=
48071 32958 03202 10280 20203 40124 333 59001=
48075 32457 61401 10270 20113 40107 70222 85830 333 56590 58002=
48077 32959 00000 10312 20189 40110 333 59006=
48078 32558 33201 10309 20179 40112 82801 333 56909 59008=
48080 32960 02207 10294 20196 40123 333 58004=
48085 32958 03205 10300 20207 40117 333 58007=
48095 32960 00000 10315 20225 333=
48108 32596 23602 10335 20237 40107 82800 333 56900 58002=
48109 NIL=
48110 31596 23204 10325 20240 40104 70511 81306 333 56909 58003=
48112 32597 80406 10322 20248 40100 83876 333 56199 58008=
48030 32550 70404 10153 20134 85940 333 56180=
48072 32960 02702 10300 20223 70122 333=
48087 32560 30401 10328 20212 82840 333 56990=
48099 32557 52301 10335 20206 40106 85300 333 56500 59001=
48101 32660 23601 10318 20200 70311 82100 333 56700=
48103 32456 33203 10334 20212 40105 83800 333 56700 58002=
48057 32458 42301 10200 20085 84300 333 56600=
48094 32460 23202 10315 20220 40118 70111 82800 333 56900 58002=
48097 32557 20401 10330 20206 40126 82800 333 56900 58002=
48031 21/06 93201 10135 20107 74744 89/// 333 56999=
48033 32563 23601 10270 20191 40129 82500 333 56400 58010=
48034 32456 70000 10176 20129 87300 333 56500=
48039 32458 30000 10286 20179 83100 333 56500=
48043 32556 23203 10190 20139 82200 333 56500=
48052 32458 23602 10318 20200 70222 82800 333 56900=
48055 32556 32304 10257 20132 40096 83800 333 56500 58003=
48064 32960 01401 10260 20215 40113 70211 333 59007=
48065 32958 03201 10302 20166 70222 80000 333 56000=
48074 32959 03602 10300 20185 80127 333 58013=
48092 32459 13201 10330 20172 40091 81100 333 56900 58004=
48093 32558 20901 10328 20224 82100 333 56100=
48107 32350 23202 10330 20234 40103 82900 333 56200 59001=
48096 32559 12907 10330 20224 40117 81100 333 56900 59001=  48001 32440 72701 10206 20195 40141 85740 333 56240 59005=
48004 32562 30401 10235 20174 83800 333 56500=
48008 32557 50000 10250 20167 40142 83930 333 56660 58007=
48010 32560 20000 10255 20203 40135 82800 333 56900 58001=
48018 32560 30401 10260 20179 40139 82850 333 56130 58004=
48019 32556 20402 10260 20160 40126 80001 333 56006 59006=
48020 NIL=
48025 32330 80401 10220 20185 40150 8482/ 333 56669 58018=
48035 31550 62202 10225 20143 40104 70522 85960 333 56390 59004=
48037 32560 33201 10267 20172 40128 83300 333 56700 58024=
48042 32557 23601 10283 20158 40119 82800 333 56900 58001=
48045 31550 62304 10152 20134 74044 86800 333 56500=
48048 32560 50401 10290 20179 40129 84850 333 56890 58004=
48051 32959 03601 10280 20200 70200 333=
48053 32456 43603 10290 20159 40114 83506 333 56609 59007=
48060 32440 50000 10240 20136 40116 83830 333 56550 59013=
48062 32456 42703 10300 20250 40122 70322 83830 333 56690 59001=
48071 32958 03202 10280 20203 40124 333 59001=
48075 32457 61401 10270 20113 40107 70222 85830 333 56590 58002=
48077 32959 00000 10312 20189 40110 333 59006=
48078 32558 33201 10309 20179 40112 82801 333 56909 59008=
48080 32960 02207 10294 20196 40123 333 58004=
48085 32958 03205 10300 20207 40117 333 58007=
48095 32960 00000 10315 20225 333=
48108 32596 23602 10335 20237 40107 82800 333 56900 58002=
48109 NIL=
48110 31596 23204 10325 20240 40104 70511 81306 333 56909 58003=
48112 32597 80406 10322 20248 40100 83876 333 56199 58008=
48030 32550 70404 10153 20134 85940 333 56180=
48072 32960 02702 10300 20223 70122 333=
48087 32560 30401 10328 20212 82840 333 56990=
48099 32557 52301 10335 20206 40106 85300 333 56500 59001=
48101 32660 23601 10318 20200 70311 82100 333 56700=
48103 32456 33203 10334 20212 40105 83800 333 56700 58002=
48057 32458 42301 10200 20085 84300 333 56600=
48094 32460 23202 10315 20220 40118 70111 82800 333 56900 58002=
48097 32557 20401 10330 20206 40126 82800 333 56900 58002=
48031 21/06 93201 10135 20107 74744 89/// 333 56999=
48033 32563 23601 10270 20191 40129 82500 333 56400 58010=
48034 32456 70000 10176 20129 87300 333 56500=
48039 32458 30000 10286 20179 83100 333 56500=
48043 32556 23203 10190 20139 82200 333 56500=
48052 32458 23602 10318 20200 70222 82800 333 56900=
48055 32556 32304 10257 20132 40096 83800 333 56500 58003=
48064 32960 01401 10260 20215 40113 70211 333 59007=
48065 32958 03201 10302 20166 70222 80000 333 56000=
48074 32959 03602 10300 20185 80127 333 58013=
48092 32459 13201 10330 20172 40091 81100 333 56900 58004=
48093 32558 20901 10328 20224 82100 333 56100=
48107 32350 23202 10330 20234 40103 82900 333 56200 59001=
48096 32559 12907 10330 20224 40117 81100 333 56900 59001=  