48001 NIL=
48004 NIL=
48008 31550 40000 10136 20124 40165 71044 82430 333 20130 56560 58011=
48010 32620 23601 10145 20132 40160 80001 333 20135 56009 58016=
48018 32556 30000 10140 20124 40154 83800 333 20135 56900 58021=
48019 32940 00000 10125 20120 40154 333 20120 58010=
48020 NIL=
48025 31110 31802 10150 20134 40165 74044 82640 333 20142 56590 58010=
48030 32250 32204 10027 21028 83500 333 20014 56500=
48031 31956 33202 10112 20018 70500 80006 333 20092 56006=
48033 32960 33601 10150 20134 40159 80006 333 20140 56009 58026=
48034 31448 20000 10076 20055 71011 82500 333 20062 56500=
48035 31/02 90000 10072 20070 40198 74744 333 20064 58011=
48037 32910 00000 10154 20111 40149 333 20148 59002=
48039 31450 30000 10165 20144 71011 81402 333 20164 56909=
48042 32556 10000 10175 20141 40145 81400 333 20165 56900 58006=
48043 31050 40000 10130 20113 71022 80032 333 20081 56099=
48045 NIL=
48048 32540 20401 10134 20116 40150 82800 333 20127 56900 58009=
48051 32956 23601 10130 20120 80001 333 20125 56009=
48052 32450 30000 10145 20092 83800 333 20135 56900=
48053 32950 00000 10170 20154 40153 333 20167 58010=
48055 31540 30000 10070 20066 40204 71011 82501 333 20062 56509 59009=
48057 31939 42202 10130 20113 70122 80006 333 20112 56009=
48060 31420 60000 10126 20113 40191 71044 81136 333 20105 56559 59019=
48062 31540 50401 10170 20170 40147 74044 83830 333 20150 56990 58005=
48064 32950 00901 10158 20144 40125 333 20121 58004=
48065 32950 10000 10157 20134 80001 333 20145 56009=
48071 31440 20000 10155 20155 40150 74044 82200 333 20160 56900 58005=
48072 NIL=
48074 32450 11404 10250 20168 40159 81400 333 20193 56900 58008=
48075 31456 50000 10130 20130 40193 71022 83839 333 20125 56590 58004=
48077 31556 50000 10190 20159 40127 71022 83801 333 20160 56909 59000=
48078 NIL=
48080 31450 40401 10132 20113 40142 71044 82506 333 20120 56990 59008=
48085 31940 21402 10146 20134 40146 74044 80036 333 20142 56099 58005=
48087 31420 30000 10154 20134 71011 80041 333 20134 56099=
48092 31530 40401 10180 20165 40129 71022 82430 333 20170 56990 58009=
48093 32530 60000 10204 20185 85801 333 20200 56909=
48094 31950 00000 10195 20185 40150 71000 333 20150 58013=
48095 NIL=
48097 32556 61301 10190 20175 40144 84806 333 20182 56909 58012=
48099 31330 20901 10210 20195 40137 71044 82500 333 20200 56900 58003=
48101 NIL=
48103 32440 20401 10193 20175 40142 82500 333 20187 56100 58003=
48107 31930 00901 10190 20159 40137 74144 333 20175 58007=
48108 31594 50501 10190 20175 40149 71022 81406 333 20170 56909 58010=
48109 31496 30000 10220 20205 40144 71022 83900 333 20206 56900 58005=
48110 31992 40000 10210 20195 40146 74244 80006 333 20205 56009 58004=
48112 32597 80401 10238 20191 40134 83876 333 20190 56199 58004=  48001 NIL=
48004 NIL=
48008 31550 40000 10136 20124 40165 71044 82430 333 20130 56560 58011=
48010 32620 23601 10145 20132 40160 80001 333 20135 56009 58016=
48018 32556 30000 10140 20124 40154 83800 333 20135 56900 58021=
48019 32940 00000 10125 20120 40154 333 20120 58010=
48020 NIL=
48025 31110 31802 10150 20134 40165 74044 82640 333 20142 56590 58010=
48030 32250 32204 10027 21028 83500 333 20014 56500=
48031 31956 33202 10112 20018 70500 80006 333 20092 56006=
48033 32960 33601 10150 20134 40159 80006 333 20140 56009 58026=
48034 31448 20000 10076 20055 71011 82500 333 20062 56500=
48035 31/02 90000 10072 20070 40198 74744 333 20064 58011=
48037 32910 00000 10154 20111 40149 333 20148 59002=
48039 31450 30000 10165 20144 71011 81402 333 20164 56909=
48042 32556 10000 10175 20141 40145 81400 333 20165 56900 58006=
48043 31050 40000 10130 20113 71022 80032 333 20081 56099=
48045 NIL=
48048 32540 20401 10134 20116 40150 82800 333 20127 56900 58009=
48051 32956 23601 10130 20120 80001 333 20125 56009=
48052 32450 30000 10145 20092 83800 333 20135 56900=
48053 32950 00000 10170 20154 40153 333 20167 58010=
48055 31540 30000 10070 20066 40204 71011 82501 333 20062 56509 59009=
48057 31939 42202 10130 20113 70122 80006 333 20112 56009=
48060 31420 60000 10126 20113 40191 71044 81136 333 20105 56559 59019=
48062 31540 50401 10170 20170 40147 74044 83830 333 20150 56990 58005=
48064 32950 00901 10158 20144 40125 333 20121 58004=
48065 32950 10000 10157 20134 80001 333 20145 56009=
48071 31440 20000 10155 20155 40150 74044 82200 333 20160 56900 58005=
48072 NIL=
48074 32450 11404 10250 20168 40159 81400 333 20193 56900 58008=
48075 31456 50000 10130 20130 40193 71022 83839 333 20125 56590 58004=
48077 31556 50000 10190 20159 40127 71022 83801 333 20160 56909 59000=
48078 NIL=
48080 31450 40401 10132 20113 40142 71044 82506 333 20120 56990 59008=
48085 31940 21402 10146 20134 40146 74044 80036 333 20142 56099 58005=
48087 31420 30000 10154 20134 71011 80041 333 20134 56099=
48092 31530 40401 10180 20165 40129 71022 82430 333 20170 56990 58009=
48093 32530 60000 10204 20185 85801 333 20200 56909=
48094 31950 00000 10195 20185 40150 71000 333 20150 58013=
48095 NIL=
48097 32556 61301 10190 20175 40144 84806 333 20182 56909 58012=
48099 31330 20901 10210 20195 40137 71044 82500 333 20200 56900 58003=
48101 NIL=
48103 32440 20401 10193 20175 40142 82500 333 20187 56100 58003=
48107 31930 00901 10190 20159 40137 74144 333 20175 58007=
48108 31594 50501 10190 20175 40149 71022 81406 333 20170 56909 58010=
48109 31496 30000 10220 20205 40144 71022 83900 333 20206 56900 58005=
48110 31992 40000 10210 20195 40146 74244 80006 333 20205 56009 58004=
48112 32597 80401 10238 20191 40134 83876 333 20190 56199 58004=  