48001 31450 22701 10140 20124 40191 72844 82200 333 56200 58004=
48004 31456 10000 10142 20124 71044 81500 333 56900=
48008 31557 41401 10170 20117 40177 70244 82430 333 56330 59001=
48010 32540 40000 10165 20123 40182 84600 333 56600 58004=
48018 31558 60401 10155 20144 40177 70344 83870 333 56120 58010=
48019 32560 10401 10175 20135 40170 80001 333 56006 58006=
48020 31256 40000 10155 20139 70344 82402 333 56509=
48025 31220 52701 10174 20135 40187 74044 81641 333 56556 58011=
48030 32256 62202 10062 20008 80056 333 56069=
48031 31260 50901 10170 29018 70522 80046 333 56094=
48033 32962 33601 10200 20150 40170 80006 333 56009 58019=
48034 31456 40000 10128 20067 71011 84500 333 56500=
48035 31559 30000 10137 20107 40190 70544 82801 333 56109 58010=
48037 32956 53601 10182 20129 40164 80001 333 56005 59002=
48039 31956 41402 10195 20150 70522 80002 333 56005=
48042 31550 30000 10205 20155 40167 71011 82402 333 56909 58012=
48043 32056 31803 10180 20129 80002 333 56009=
48045 32959 51402 10175 29014 80006 333 56005=
48048 32560 40401 10205 20120 40174 84800 333 56400 58012=
48051 32958 33603 10190 20140 80006 333 56009=
48052 32458 33201 10130 20130 83800 333 56900=
48053 32940 00000 10220 20173 40159 71000 333 58001=
48055 31550 13102 10143 20107 40193 71011 81501 333 56509 58010=
48057 32458 52301 10180 20108 81506 333 56909=
48060 32440 40000 10172 20117 40206 81132 333 56569 59008=
48062 32556 40402 10190 20160 40162 71042 82203 333 56909 58007=
48064 32960 01401 10195 20130 40157 333 58007=
48065 32960 00000 10208 20143 333=
48071 31458 20000 10225 20198 40170 71042 82200 333 56900 58010=
48072 31458 20401 10230 20181 70522 82300 333 56900=
48074 32458 43202 10225 20156 40165 82502 333 56404 59008=
48075 31957 20000 10190 20180 40197 70544 80005 333 56009 58001=
48077 31558 30401 10230 20163 40153 70522 81201 333 56909 58005=
48078 32956 31801 10230 20172 40166 80002 333 56009 58006=
48080 32459 51303 10292 20259 40165 83536 333 56599 58008=
48085 31957 21302 10212 20195 40162 71044 80056 333 56099 58008=
48087 32950 30000 10238 20174 80041 333 56099=
48092 31550 50402 10245 20180 40152 70522 83530 333 56990 58015=
48093 32556 51401 10237 20191 84801 333 56509=
48094 32958 13202 10240 20210 40164 80001 333 56009 58010=
48095 32458 20000 10230 20181 82200 333 56900=
48097 32557 60502 10260 20170 40171 84806 333 56909 58002=
48099 31440 30402 10250 20205 40167 70244 83800 333 56900 58011=
48101 32658 13201 10235 20134 81100 333 56300=
48103 32456 20401 10244 20174 40160 82500 333 56100 59001=
48107 31930 00901 10264 20179 40151 70144 333 58010=
48108 32596 50502 10240 20191 40163 81406 333 56909 58005=
48109 32497 50401 10272 20226 40159 84930 333 56990 58003=
48110 31995 31303 10265 20207 40159 70544 80005 333 56009 58007=
48112 32598 60402 10280 20203 40148 82216 333 56199 58006=  48001 31450 22701 10140 20124 40191 72844 82200 333 56200 58004=
48004 31456 10000 10142 20124 71044 81500 333 56900=
48008 31557 41401 10170 20117 40177 70244 82430 333 56330 59001=
48010 32540 40000 10165 20123 40182 84600 333 56600 58004=
48018 31558 60401 10155 20144 40177 70344 83870 333 56120 58010=
48019 32560 10401 10175 20135 40170 80001 333 56006 58006=
48020 31256 40000 10155 20139 70344 82402 333 56509=
48025 31220 52701 10174 20135 40187 74044 81641 333 56556 58011=
48035 31559 30000 10137 20107 40190 70544 82801 333 56109 58010=
48037 32956 53601 10182 20129 40164 80001 333 56005 59002=
48042 31550 30000 10205 20155 40167 71011 82402 333 56909 58012=
48045 32959 51402 10175 29014 80006 333 56005=
48048 32560 40401 10205 20120 40174 84800 333 56400 58012=
48051 32958 33603 10190 20140 80006 333 56009=
48053 32940 00000 10220 20173 40159 71000 333 58001=
48060 32440 40000 10172 20117 40206 81132 333 56569 59008=
48062 32556 40402 10190 20160 40162 71042 82203 333 56909 58007=
48071 31458 20000 10225 20198 40170 71042 82200 333 56900 58010=
48075 31957 20000 10190 20180 40197 70544 80005 333 56009 58001=
48077 31558 30401 10230 20163 40153 70522 81201 333 56909 58005=
48078 32956 31801 10230 20172 40166 80002 333 56009 58006=
48080 32459 51303 10292 20259 40165 83536 333 56599 58008=
48085 31957 21302 10212 20195 40162 71044 80056 333 56099 58008=
48095 32458 20000 10230 20181 82200 333 56900=
48108 32596 50502 10240 20191 40163 81406 333 56909 58005=
48109 32497 50401 10272 20226 40159 84930 333 56990 58003=
48110 31995 31303 10265 20207 40159 70544 80005 333 56009 58007=
48112 32598 60402 10280 20203 40148 82216 333 56199 58006=
48030 32256 62202 10062 20008 80056 333 56069=
48072 31458 20401 10230 20181 70522 82300 333 56900=
48087 32950 30000 10238 20174 80041 333 56099=
48099 31440 30402 10250 20205 40167 70244 83800 333 56900 58011=
48101 32658 13201 10235 20134 81100 333 56300=
48103 32456 20401 10244 20174 40160 82500 333 56100 59001=
48057 32458 52301 10180 20108 81506 333 56909=
48094 32958 13202 10240 20210 40164 80001 333 56009 58010=
48097 32557 60502 10260 20170 40171 84806 333 56909 58002=
48031 31260 50901 10170 29018 70522 80046 333 56094=
48033 32962 33601 10200 20150 40170 80006 333 56009 58019=
48034 31456 40000 10128 20067 71011 84500 333 56500=
48039 31956 41402 10195 20150 70522 80002 333 56005=
48043 32056 31803 10180 20129 80002 333 56009=
48052 32458 33201 10130 20130 83800 333 56900=
48055 31550 13102 10143 20107 40193 71011 81501 333 56509 58010=
48064 32960 01401 10195 20130 40157 333 58007=
48065 32960 00000 10208 20143 333=
48074 32458 43202 10225 20156 40165 82502 333 56404 59008=
48092 31550 50402 10245 20180 40152 70522 83530 333 56990 58015=
48093 32556 51401 10237 20191 84801 333 56509=
48107 31930 00901 10264 20179 40151 70144 333 58010=  