09-JAN-2015 12 48004 2 1 1 10 8 00 00 10 160 20 160 3 0000 4 0000 5 0000 6 000 0 7 50 9 5 8 6 9 7 / 333 10 174 58 000 6 000 0 7 0000 
09-JAN-2015 12 48008 2 1 4 40 6 14 01 10 195 20 168 3 0000 4 0095 5 0000 6 000 0 7 50 9 9 8 4 9 7 0 333 10 268 59 015 6 000 0 7 0000 
09-JAN-2015 12 48010 2 1 4 20 7 00 00 10 165 20 165 3 0000 4 0124 5 0000 6 000 0 7 01 6 5 8 4 7 7 0 333 10 175 58 010 6 000 0 7 0000 
09-JAN-2015 12 48018 2 1 5 56 7 32 03 10 210 20 195 3 0000 4 0096 5 0000 6 000 0 7 50 9 5 8 4 9 7 0 333 10 270 59 015 6 000 0 7 0000 
09-JAN-2015 12 48019 2 1 4 40 7 00 00 10 186 20 180 3 0000 4 0089 5 0000 6 000 0 7 95 9 9 8 5 9 7 0 333 10 267 59 012 6 000 0 7 0000 
09-JAN-2015 12 48020 2 1 2 20 6 36 02 10 185 20 175 3 0000 4 0000 5 0000 6 000 0 7 05 2 2 8 6 4 0 0 333 10 190 58 000 6 000 0 7 0000 
09-JAN-2015 12 48025 3 2 4 58 6 32 02 10 210 20 160 3 0000 4 0119 5 0000 6 000 0 7 00 0 0 8 3 8 4 0 333 10 238 59 003 6 000 0 7 0000 
09-JAN-2015 12 48030 3 2 1 50 2 22 03 10 090 20 018 3 0000 4 0000 5 0000 6 000 0 7 00 0 0 8 2 8 0 0 333 10 170 58 000 6 000 0 7 0000 
09-JAN-2015 12 48031 3 2 2 50 2 32 01 10 150 20 047 3 0000 4 0000 5 0000 6 000 0 7 00 0 0 8 2 8 0 0 333 10 170 58 000 6 000 0 7 0000 
09-JAN-2015 12 48033 3 2 5 62 4 36 01 10 230 20 163 3 0000 4 0100 5 0000 6 000 0 7 00 0 0 8 4 9 0 0 333 10 300 59 002 6 000 0 7 0000 
09-JAN-2015 12 48034 3 2 4 56 2 00 00 10 160 20 123 3 0000 4 0000 5 0000 6 000 0 7 00 0 0 8 2 5 0 0 333 10 210 58 000 6 000 0 7 0000 
09-JAN-2015 12 48035 3 1 5 20 3 00 00 10 178 20 147 3 0000 4 0087 5 0000 6 000 0 7 17 9 9 8 3 9 0 0 333 10 225 59 003 6 000 0 7 0000 
09-JAN-2015 12 48037 3 2 5 20 3 36 02 10 237 20 155 3 0000 4 0084 5 0000 6 000 0 7 00 0 0 8 2 5 2 0 333 10 297 59 003 6 000 0 7 0000 
09-JAN-2015 12 48039 3 2 4 60 2 22 01 10 251 20 126 3 0000 4 0000 5 0000 6 000 0 7 00 0 0 8 2 8 0 0 333 10 308 58 000 6 000 0 7 0000 
09-JAN-2015 12 48042 3 2 5 57 2 00 00 10 260 20 160 3 0000 4 0090 5 0000 6 000 0 7 00 0 0 8 2 8 0 0 333 10 310 59 004 6 000 0 7 0000 
09-JAN-2015 12 48043 3 2 5 50 7 00 00 10 170 20 097 3 0000 4 0000 5 0000 6 000 0 7 00 0 0 8 5 8 7 / 333 10 242 58 000 6 000 0 7 0000 
09-JAN-2015 12 48045 3 2 5 57 3 18 05 10 140 20 107 3 0000 4 0000 5 0000 6 000 0 7 00 0 0 8 3 8 0 0 333 10 199 58 000 6 000 0 7 0000 
09-JAN-2015 12 48048 3 2 9 50 0 18 01 10 272 20 113 3 0000 4 0079 5 0000 6 000 0 7 00 0 0 8 0 0 0 0 333 10 315 59 009 6 000 0 7 0000 
09-JAN-2015 12 48051 3 2 5 58 3 00 00 10 210 20 160 3 0000 4 0000 5 0000 6 000 0 7 00 0 0 8 3 8 0 0 333 10 250 58 000 6 000 0 7 0000 
09-JAN-2015 12 48052 3 2 4 50 3 22 03 10 262 20 102 3 0000 4 0000 5 0000 6 000 0 7 00 0 0 8 3 8 0 0 333 10 322 58 000 6 000 0 7 0000 
09-JAN-2015 12 48053 3 2 9 50 0 22 02 10 240 20 095 3 0000 4 0094 5 0000 6 000 0 7 00 0 0 8 0 0 0 0 333 10 300 59 002 6 000 0 7 0000 
09-JAN-2015 12 48055 2 2 4 56 6 23 08 10 203 20 130 3 0000 4 0093 5 0000 6 000 0 7 00 0 0 8 6 3 0 0 333 10 237 59 012 6 000 0 7 0000 
09-JAN-2015 12 48057 3 2 4 56 1 14 01 10 152 20 073 3 0000 4 0000 5 0000 6 000 0 7 00 0 0 8 1 5 0 0 333 10 194 58 000 6 000 0 7 0000 
09-JAN-2015 12 48060 2 1 9 10 9 00 00 10 170 20 154 3 0000 4 0150 5 0000 6 000 0 7 50 6 5 8 9 / / / 333 10 195 58 004 6 000 0 7 0000 
09-JAN-2015 12 48062 3 1 5 50 4 00 00 10 232 20 200 3 0000 4 0137 5 0000 6 000 0 7 05 2 2 8 2 5 3 0 333 10 275 58 022 6 000 0 7 0000 
09-JAN-2015 12 48064 3 2 5 50 1 36 01 10 250 20 219 3 0000 4 0082 5 0000 6 000 0 7 00 0 0 8 1 5 0 0 333 10 293 59 006 6 000 0 7 0000 
09-JAN-2015 12 48065 3 2 4 50 7 32 05 10 250 20 105 3 0000 4 0000 5 0000 6 000 0 7 00 0 0 8 4 8 7 0 333 10 305 58 000 6 000 0 7 0000 
09-JAN-2015 12 48071 3 1 4 56 2 32 04 10 235 20 114 3 0000 4 0127 5 0000 6 000 0 7 05 0 0 8 2 8 0 0 333 10 265 58 022 6 000 0 7 0000 
09-JAN-2015 12 48072 3 2 4 56 2 32 04 10 230 20 181 3 0000 4 0000 5 0000 6 000 0 7 00 0 0 8 2 3 0 0 333 10 280 58 000 6 000 0 7 0000 
09-JAN-2015 12 48074 3 2 9 56 0 00 00 10 240 20 136 3 0000 4 0109 5 0000 6 000 0 7 00 0 0 8 0 0 0 0 333 10 296 58 003 6 000 0 7 0000 
09-JAN-2015 12 48075 3 2 4 56 7 00 00 10 200 20 170 3 0000 4 0136 5 0000 6 000 0 7 00 0 0 8 5 8 5 0 333 10 245 58 012 6 000 0 7 0000 
09-JAN-2015 12 48077 3 2 5 56 0 32 02 10 250 20 068 3 0000 4 0104 5 0000 6 000 0 7 00 0 0 8 0 0 0 0 333 10 302 58 016 6 000 0 7 0000 
09-JAN-2015 12 48078 3 2 5 50 4 14 01 10 256 20 217 3 0000 4 0110 5 0000 6 000 0 7 00 0 0 8 1 5 3 1 333 10 303 58 003 6 000 0 7 0000 
09-JAN-2015 12 48080 3 2 9 56 0 32 01 10 230 20 198 3 0000 4 0133 5 0000 6 000 0 7 00 0 0 8 0 0 0 0 333 10 280 58 004 6 000 0 7 0000 
09-JAN-2015 12 48085 3 2 9 56 0 32 05 10 240 20 136 3 0000 4 0121 5 0000 6 000 0 7 00 0 0 8 0 0 0 0 333 10 273 58 009 6 000 0 7 0000 
09-JAN-2015 12 48087 3 2 9 30 1 00 00 10 240 20 209 3 0000 4 0000 5 0000 6 000 0 7 00 0 0 8 0 0 4 0 333 10 306 58 000 6 000 0 7 0000 
09-JAN-2015 12 48092 3 1 4 56 7 23 01 10 270 20 163 3 0000 4 0103 5 0000 6 000 0 7 05 2 2 8 4 5 7 0 333 10 300 58 009 6 000 0 7 0000 
09-JAN-2015 12 48093 3 2 9 40 3 23 01 10 257 20 203 3 0000 4 0000 5 0000 6 000 0 7 00 0 0 8 0 0 4 1 333 10 282 58 000 6 000 0 7 0000 
09-JAN-2015 12 48094 3 2 9 56 0 00 00 10 240 20 170 3 0000 4 0127 5 0000 6 000 0 7 00 0 0 8 0 0 0 0 333 10 288 58 017 6 000 0 7 0000 
09-JAN-2015 12 48095 3 2 4 56 2 09 02 10 280 20 184 3 0000 4 0000 5 0000 6 000 0 7 00 0 0 8 2 2 0 0 333 10 305 58 000 6 000 0 7 0000 
09-JAN-2015 12 48097 3 2 4 56 7 26 02 10 240 20 162 3 0000 4 0138 5 0000 6 000 0 7 00 0 0 8 2 8 5 0 333 10 295 58 014 6 000 0 7 0000 
09-JAN-2015 12 48099 2 1 2 20 8 23 01 10 224 20 224 3 0000 4 0126 5 0000 6 000 0 7 51 6 5 8 6 9 7 / 333 10 270 58 009 6 000 0 7 0000 
09-JAN-2015 12 48101 3 2 6 50 4 00 00 10 248 20 186 3 0000 4 0000 5 0000 6 000 0 7 01 2 2 8 1 1 3 1 333 10 284 58 000 6 000 0 7 0000 
09-JAN-2015 12 48103 2 1 4 20 8 04 01 10 219 20 219 3 0000 4 0129 5 0000 6 000 0 7 60 6 6 8 6 7 7 / 333 10 250 58 019 6 000 0 7 0000 
09-JAN-2015 12 48107 2 1 3 30 8 23 01 10 230 20 230 3 0000 4 0121 5 0000 6 000 0 7 60 6 5 8 5 9 7 / 333 10 265 58 009 6 000 0 7 0000 
09-JAN-2015 12 48108 3 2 5 95 7 14 01 10 270 20 233 3 0000 4 0124 5 0000 6 000 0 7 00 0 0 8 4 3 7 6 333 10 320 58 001 6 000 0 7 0000 
09-JAN-2015 12 48109 3 2 9 96 0 04 01 10 272 20 191 3 0000 4 0129 5 0000 6 000 0 7 00 0 0 8 0 0 0 0 333 10 300 58 004 6 000 0 7 0000 
09-JAN-2015 12 48110 2 1 5 95 8 32 02 10 290 20 248 3 0000 4 0114 5 0000 6 000 0 7 02 5 5 8 2 3 0 7 333 10 315 59 004 6 000 0 7 0000 
09-JAN-2015 12 48112 3 2 5 98 6 04 02 10 285 20 233 3 0000 4 0114 5 0000 6 000 0 7 00 0 0 8 2 2 1 6 333 10 310 58 005 6 000 0 7 0000 
