09-JAN-2015 03 48001 3 1 9 02 9 32 01 10 100 20 095 3 0000 4 0169 5 0000 6 000 0 7 45 4 4 8 9 / / / 333 10 /// 59 011 6 000 0 7 0000 
09-JAN-2015 03 48004 3 1 1 10 8 22 03 10 150 20 134 3 0000 4 0000 5 0000 6 000 0 7 95 9 5 8 6 9 7 / 333 10 /// 58 000 6 000 0 7 0000 
09-JAN-2015 03 48008 3 2 5 57 4 04 01 10 197 20 130 3 0000 4 0132 5 0000 6 000 0 7 00 0 0 8 2 9 7 0 333 10 /// 59 028 6 000 0 7 0000 
09-JAN-2015 03 48010 2 1 5 40 7 00 00 10 170 20 154 3 0000 4 0152 5 0000 6 000 0 7 02 6 5 8 5 9 7 0 333 10 /// 59 011 6 000 0 7 0000 
09-JAN-2015 03 48018 2 1 5 60 4 32 01 10 165 20 152 3 0000 4 0135 5 0000 6 000 0 7 00 0 0 8 2 8 7 0 333 10 /// 59 011 6 000 0 7 0000 
09-JAN-2015 03 48019 3 2 5 60 1 14 01 10 181 20 169 3 0000 4 0126 5 0000 6 000 0 7 00 0 0 8 0 0 3 0 333 10 /// 59 010 6 000 0 7 0000 
09-JAN-2015 03 48020 2 1 9 30 8 04 02 10 170 20 154 3 0000 4 0000 5 0000 6 000 0 7 50 6 5 8 8 9 / / 333 10 /// 58 000 6 000 0 7 0000 
09-JAN-2015 03 48025 2 1 4 56 7 36 01 10 190 20 159 3 0000 4 0139 5 0000 6 000 0 7 03 5 5 8 5 8 4 0 333 10 /// 59 015 6 000 0 7 0000 
09-JAN-2015 03 48030 3 1 1 50 3 22 04 10 058 20 058 3 0000 4 0000 5 0000 6 000 0 7 01 4 4 8 3 8 0 0 333 10 /// 58 000 6 000 0 7 0000 
09-JAN-2015 03 48031 3 2 2 68 4 22 01 10 115 20 081 3 0000 4 0000 5 0000 6 000 0 7 00 0 0 8 4 8 0 0 333 10 /// 58 000 6 000 0 7 0000 
09-JAN-2015 03 48033 3 2 9 62 0 04 01 10 200 20 185 3 0000 4 0099 5 0000 6 000 0 7 00 0 0 8 0 0 0 0 333 10 /// 59 037 6 000 0 7 0000 
09-JAN-2015 03 48034 3 2 4 56 6 23 02 10 170 20 144 3 0000 4 0000 5 0000 6 000 0 7 00 0 0 8 6 3 0 0 333 10 /// 58 000 6 000 0 7 0000 
09-JAN-2015 03 48035 3 2 4 59 8 00 00 10 166 20 135 3 0000 4 0147 5 0000 6 000 0 7 00 0 0 8 5 9 7 / 333 10 /// 59 016 6 000 0 7 0000 
09-JAN-2015 03 48037 3 2 9 58 0 36 01 10 198 20 168 3 0000 4 0121 5 0000 6 000 0 7 00 0 0 8 0 0 0 0 333 10 /// 58 008 6 000 0 7 0000 
09-JAN-2015 03 48039 3 1 4 40 7 22 01 10 230 20 181 3 0000 4 0000 5 0000 6 000 0 7 40 4 4 8 4 8 6 0 333 10 /// 58 000 6 000 0 7 0000 
09-JAN-2015 03 48042 3 1 5 50 6 18 04 10 246 20 205 3 0000 4 0117 5 0000 6 000 0 7 10 2 2 8 3 8 5 0 333 10 /// 59 027 6 000 0 7 0000 
09-JAN-2015 03 48043 3 2 5 50 8 18 06 10 180 20 147 3 0000 4 0000 5 0000 6 000 0 7 00 0 0 8 5 8 7 / 333 10 /// 58 000 6 000 0 7 0000 
09-JAN-2015 03 48045 3 2 5 59 2 32 02 10 113 20 000 3 0000 4 0000 5 0000 6 000 0 7 00 0 0 8 0 0 0 0 333 10 /// 58 000 6 000 0 7 0000 
09-JAN-2015 03 48048 3 2 9 60 0 22 01 10 205 20 143 3 0000 4 0132 5 0000 6 000 0 7 00 0 0 8 0 0 0 0 333 10 /// 59 010 6 000 0 7 0000 
09-JAN-2015 03 48051 3 2 9 58 0 31 02 10 170 20 140 3 0000 4 0000 5 0000 6 000 0 7 02 0 0 8 0 0 0 0 333 10 /// 58 000 6 000 0 7 0000 
09-JAN-2015 03 48052 3 2 9 70 0 22 01 10 222 20 156 3 0000 4 0000 5 0000 6 000 0 7 00 0 0 8 0 0 0 0 333 10 /// 58 000 6 000 0 7 0000 
09-JAN-2015 03 48053 3 2 5 50 5 18 02 10 220 20 173 3 0000 4 0137 5 0000 6 000 0 7 00 0 0 8 3 5 5 0 333 10 /// 58 003 6 000 0 7 0000 
09-JAN-2015 03 48055 2 1 2 40 8 13 02 10 170 20 167 3 0000 4 0130 5 0000 6 000 0 7 95 9 6 8 6 9 2 / 333 10 /// 59 035 6 000 0 7 0000 
09-JAN-2015 03 48057 2 1 4 57 6 22 02 10 162 20 144 3 0000 4 0000 5 0000 6 000 0 7 02 5 5 8 4 3 7 0 333 10 /// 58 000 6 000 0 7 0000 
09-JAN-2015 03 48060 2 1 9 20 9 00 00 10 178 20 165 3 0000 4 0166 5 0000 6 000 0 7 51 5 5 8 0 0 0 0 333 10 /// 59 008 6 000 0 7 0000 
09-JAN-2015 03 48062 3 1 5 50 2 04 02 10 155 20 140 3 0000 4 0153 5 0000 6 000 0 7 10 4 4 8 2 5 0 0 333 10 /// 58 016 6 000 0 7 0000 
09-JAN-2015 03 48064 3 2 9 60 0 00 00 10 190 20 139 3 0000 4 0125 5 0000 6 000 0 7 00 0 0 8 0 0 0 0 333 10 /// 58 004 6 000 0 7 0000 
09-JAN-2015 03 48065 3 2 9 68 0 00 00 10 213 20 143 3 0000 4 0000 5 0000 6 000 0 7 00 0 0 8 0 0 0 0 333 10 /// 58 000 6 000 0 7 0000 
09-JAN-2015 03 48071 3 1 9 58 0 32 03 10 228 20 163 3 0000 4 0153 5 0000 6 000 0 7 05 0 0 8 0 0 0 0 333 10 /// 58 010 6 000 0 7 0000 
09-JAN-2015 03 48072 3 1 4 59 1 32 02 10 230 20 181 3 0000 4 0000 5 0000 6 000 0 7 05 2 2 8 1 2 0 0 333 10 /// 58 000 6 000 0 7 0000 
09-JAN-2015 03 48074 3 2 4 58 8 32 01 10 230 20 198 3 0000 4 0143 5 0000 6 000 0 7 00 0 0 8 5 8 6 / 333 10 /// 58 007 6 000 0 7 0000 
09-JAN-2015 03 48075 2 1 4 56 7 22 01 10 190 20 190 3 0000 4 0151 5 0000 6 000 0 7 50 6 5 8 5 7 7 0 333 10 /// 59 029 6 000 0 7 0000 
09-JAN-2015 03 48077 3 2 5 59 5 00 00 10 230 20 163 3 0000 4 0135 5 0000 6 000 0 7 00 0 0 8 4 8 3 0 333 10 /// 58 005 6 000 0 7 0000 
09-JAN-2015 03 48078 2 2 4 56 8 14 01 10 235 20 220 3 0000 4 0145 5 0000 6 000 0 7 00 0 0 8 5 7 7 / 333 10 /// 58 005 6 000 0 7 0000 
09-JAN-2015 03 48080 3 2 4 59 2 04 01 10 284 20 250 3 0000 4 0160 5 0000 6 000 0 7 03 1 1 8 2 2 0 0 333 10 /// 58 019 6 000 0 7 0000 
09-JAN-2015 03 48085 3 1 4 58 2 36 03 10 238 20 181 3 0000 4 0144 5 0000 6 000 0 7 01 4 4 8 1 8 3 0 333 10 /// 58 019 6 000 0 7 0000 
09-JAN-2015 03 48087 3 2 4 50 8 00 00 10 230 20 181 3 0000 4 0000 5 0000 6 000 0 7 00 0 0 8 5 3 7 / 333 10 /// 58 000 6 000 0 7 0000 
09-JAN-2015 03 48092 3 1 5 57 7 32 01 10 240 20 200 3 0000 4 0128 5 0000 6 000 0 7 05 2 2 8 4 5 7 0 333 10 /// 58 006 6 000 0 7 0000 
09-JAN-2015 03 48093 2 1 5 56 8 23 01 10 250 20 219 3 0000 4 0000 5 0000 6 000 0 7 20 5 5 8 6 8 4 1 333 10 /// 58 000 6 000 0 7 0000 
09-JAN-2015 03 48094 3 2 4 59 6 04 01 10 225 20 190 3 0000 4 0146 5 0000 6 000 0 7 00 0 0 8 4 8 7 0 333 10 /// 58 008 6 000 0 7 0000 
09-JAN-2015 03 48095 3 2 9 58 2 00 00 10 235 20 198 3 0000 4 0000 5 0000 6 000 0 7 02 2 2 8 0 0 0 2 333 10 /// 58 000 6 000 0 7 0000 
09-JAN-2015 03 48096 3 1 4 56 7 27 08 10 250 20 205 3 0000 4 0150 5 0000 6 000 0 7 05 2 2 8 4 8 3 0 333 10 /// 58 008 6 000 0 7 0000 
09-JAN-2015 03 48097 2 2 4 57 7 32 02 10 250 20 186 3 0000 4 0155 5 0000 6 000 0 7 01 2 2 8 7 8 0 0 333 10 /// 58 003 6 000 0 7 0000 
09-JAN-2015 03 48099 2 1 3 30 8 13 02 10 223 20 205 3 0000 4 0142 5 0000 6 000 0 7 51 6 5 8 6 9 7 / 333 10 /// 58 006 6 000 0 7 0000 
09-JAN-2015 03 48101 3 2 5 57 7 32 02 10 238 20 191 3 0000 4 0000 5 0000 6 000 0 7 03 2 2 8 4 7 3 1 333 10 /// 58 000 6 000 0 7 0000 
09-JAN-2015 03 48103 2 1 4 40 8 04 05 10 228 20 214 3 0000 4 0132 5 0000 6 000 0 7 50 6 5 8 6 7 7 / 333 10 /// 59 003 6 000 0 7 0000 
09-JAN-2015 03 48107 2 1 3 30 8 09 01 10 246 20 219 3 0000 4 0126 5 0000 6 000 0 7 02 6 5 8 5 9 7 / 333 10 /// 58 006 6 000 0 7 0000 
09-JAN-2015 03 48108 2 1 4 95 8 14 02 10 250 20 226 3 0000 4 0147 5 0000 6 000 0 7 02 4 4 8 4 8 7 6 333 10 /// 58 012 6 000 0 7 0000 
09-JAN-2015 03 48109 3 2 4 97 6 04 02 10 253 20 205 3 0000 4 0154 5 0000 6 000 0 7 02 2 2 8 6 9 0 0 333 10 /// 58 010 6 000 0 7 0000 
09-JAN-2015 03 48110 2 1 5 95 4 13 02 10 270 20 240 3 0000 4 0145 5 0000 6 000 0 7 05 4 4 8 1 1 0 6 333 10 /// 58 012 6 000 0 7 0000 
09-JAN-2015 03 48112 2 2 5 98 6 04 02 10 260 20 229 3 0000 4 0142 5 0000 6 000 0 7 00 0 0 8 2 2 1 6 333 10 /// 58 014 6 000 0 7 0000 
