48008 31410 80000 10170 20154 40111 75099 8497/ 333 56349 59008=
48010 22401 80000 10150 20150 40129 8577/ 333 56559 58006=
48018 21510 50000 10185 20165 40128 72050 82870 333 56550 58012=
48025 32905 03601 10170 20135 40138 333 58011=
48042 32550 10000 10183 20147 40122 81400 333 56900 58022=
48057 32939 01501 10118 20081 333=
48060 21410 80000 10148 20134 40160 75165 8597/ 333 5656/ 58014=
48071 32930 03203 10225 20163 40128 333 58002=
48094 32950 00000 10170 20150 40145 333 58013=
48097 32456 51902 10210 20160 40144 85500 333 56900 58014=
48109 32995 00000 10250 20186 40133 333 59005=
48110 22494 80000 10255 20231 40128 85307 333 56209 59010=
48112 32596 60402 10261 20229 40114 82246 333 56199 59006=  