48001 NIL=
48004 NIL=
48008 31540 20000 10148 20134 40129 71044 81430 333 20140 56560 59015=
48010 21520 70000 10160 20160 40122 70396 84770 333 20155 56550 59010=
48018 21520 40000 10160 20160 40121 72050 82870 333 20160 56550 59009=
48019 32540 10401 10159 20150 40112 81100 333 20156 56600 59012=
48020 NIL=
48025 31440 63204 10190 20175 40115 75055 84870 333 20180 56550 59018=
48030 31005 92202 10050 20050 74544 333 20040=
48031 32257 71401 10095 20078 87800 333 20090 56400=
48033 32560 20000 10180 20165 40101 82500 333 20150 56500 59015=
48034 32456 40000 10155 20145 84500 333 20140 56500=
48035 21456 80000 10159 20159 40127 70396 8597/ 333 20150 56659 59035=
48037 32910 00000 10178 20165 40104 333 20175 59009=
48039 31450 30000 10195 20175 71011 83400 333 20193 56900=
48042 32556 40000 10210 20175 40107 82850 333 20202 56904 59012=
48043 32550 81806 10170 20154 8587/ 333 20122 56499=
48045 NIL=
48048 32940 02201 10165 20123 40112 333 20158 59010=
48051 32956 00000 10131 20110 70200 333 20125=
48052 32956 00000 10168 20117 333 20115=
48053 32550 60000 10200 20185 40112 83550 333 20194 56590 59011=
48055 21340 80000 10153 20153 40126 74096 8697/ 333 20148 5644/ 59046=
48057 21456 61403 10156 20144 75055 84370 333 20148 56490=
48060 21920 90000 10174 20154 40142 76365 333 20150 59038=
48062 31530 33602 10145 20140 40137 74244 82530 333 20130 56990 58017=
48064 32950 01401 10170 20154 40105 333 20140 58000=
48065 32950 00000 10168 20160 333 20155=
48071 32940 03207 10218 20156 40128 333 20175 58010=
48072 NIL=
48074 32450 80000 10224 20205 40127 8586/ 333 20212 56449 58013=
48075 21456 60000 10180 20180 40129 75065 84860 333 20095 56590 59043=
48077 31556 50000 10220 20156 40116 71022 83831 333 20190 56999 58005=
48078 NIL=
48080 31956 00000 10153 20134 40143 71000 333 20135 58019=
48085 31450 70403 10203 20168 40127 74044 83830 333 20195 56590 58009=
48087 32430 80000 10210 20195 8597/ 333 20160 5659/=
48092 31440 80000 10225 20210 40107 70522 8597/ 333 20215 5699/ 58009=
48093 21520 82301 10233 20214 70365 85971 333 20227 56199=
48094 32456 50000 10280 20200 40127 83870 333 20175 56990 58005=
48095 NIL=
48096 31450 72402 10230 20214 40132 71022 84830 333 20215 56990 58010=
48097 32456 72301 10225 20210 40125 70322 85550 333 20210 56990 58003=
48099 21330 81302 10220 20220 40125 70266 8697/ 333 20210 5611/ 58004=
48101 32656 53201 10226 20214 70222 82731 333 20200 56499=
48103 21330 80403 10220 20220 40128 76066 8677/ 333 20190 5619/ 58011=
48107 21330 82301 10220 20220 40116 76065 8597/ 333 20200 5622/ 58006=
48108 21593 81401 10230 20230 40134 74022 84876 333 20215 56299 58013=
48109 31496 50000 10218 20205 40138 71022 83930 333 20200 56990 58012=
48110 21993 50000 10230 20230 40134 74244 80006 333 20230 56009 58014=
48112 22597 60401 10250 20233 40127 82246 333 20204 56199 58013=  