09-JAN-2015 09 48004 3 1 1 10 8 32 01 10 170 20 154 3 0000 4 0000 5 0000 6 000 0 7 95 9 6 8 6 9 7 / 333 10 /// 58 000 6 000 0 7 0000 
09-JAN-2015 09 48008 3 1 4 56 6 23 02 10 246 20 150 3 0000 4 0088 5 0000 6 000 0 7 95 9 5 8 4 9 7 0 333 10 /// 59 025 6 000 0 7 0000 
09-JAN-2015 09 48010 2 1 4 40 8 00 00 10 170 20 170 3 0000 4 0123 5 0000 6 000 0 7 62 6 6 8 9 2 0 / 333 10 /// 58 011 6 000 0 7 0000 
09-JAN-2015 09 48018 3 2 5 60 4 14 01 10 270 20 154 3 0000 4 0095 5 0000 6 000 0 7 01 2 2 8 2 8 7 0 333 10 /// 59 015 6 000 0 7 0000 
09-JAN-2015 09 48025 3 2 4 58 2 04 01 10 230 20 163 3 0000 4 0105 5 0000 6 000 0 7 00 0 0 8 3 8 4 0 333 10 /// 59 006 6 000 0 7 0000 
09-JAN-2015 09 48030 3 2 2 56 6 22 05 10 134 20 134 3 0000 4 0000 5 0000 6 000 0 7 00 0 0 8 4 8 5 0 333 10 /// 58 000 6 000 0 7 0000 
09-JAN-2015 09 48031 3 2 2 62 7 22 01 10 155 20 028 3 0000 4 0000 5 0000 6 000 0 7 00 0 0 8 7 3 0 0 333 10 /// 58 000 6 000 0 7 0000 
09-JAN-2015 09 48033 3 2 5 63 2 32 01 10 290 20 140 3 0000 4 0076 5 0000 6 000 0 7 00 0 0 8 2 5 0 0 333 10 /// 59 007 6 000 0 7 0000 
09-JAN-2015 09 48034 3 2 4 56 4 23 03 10 200 20 109 3 0000 4 0000 5 0000 6 000 0 7 00 0 0 8 4 8 0 0 333 10 /// 58 000 6 000 0 7 0000 
09-JAN-2015 09 48035 3 2 5 60 6 04 02 10 219 20 156 3 0000 4 0078 5 0000 6 000 0 7 00 0 0 8 4 9 6 0 333 10 /// 59 016 6 000 0 7 0000 
09-JAN-2015 09 48037 3 2 5 58 5 36 01 10 281 20 158 3 0000 4 0071 5 0000 6 000 0 7 00 0 0 8 5 8 0 0 333 10 /// 59 016 6 000 0 7 0000 
09-JAN-2015 09 48039 3 2 4 60 3 22 01 10 289 20 140 3 0000 4 0000 5 0000 6 000 0 7 00 0 0 8 3 8 0 0 333 10 /// 58 000 6 000 0 7 0000 
09-JAN-2015 09 48042 3 2 5 56 3 13 02 10 302 20 124 3 0000 4 0077 5 0000 6 000 0 7 00 0 0 8 2 8 5 0 333 10 /// 59 011 6 000 0 7 0000 
09-JAN-2015 09 48043 3 2 6 56 3 18 07 10 215 20 087 3 0000 4 0000 5 0000 6 000 0 7 00 0 0 8 3 2 0 0 333 10 /// 58 000 6 000 0 7 0000 
09-JAN-2015 09 48045 3 2 5 60 8 18 12 10 180 20 031 3 0000 4 0000 5 0000 6 000 0 7 00 0 0 8 6 3 0 0 333 10 /// 58 000 6 000 0 7 0000 
09-JAN-2015 09 48048 3 2 9 60 0 18 01 10 310 20 124 3 0000 4 0081 5 0000 6 000 0 7 00 0 0 8 0 0 0 0 333 10 /// 59 010 6 000 0 7 0000 
09-JAN-2015 09 48051 3 2 5 59 7 31 04 10 241 20 140 3 0000 4 0000 5 0000 6 000 0 7 02 0 0 8 5 9 3 0 333 10 /// 58 000 6 000 0 7 0000 
09-JAN-2015 09 48052 3 2 4 70 2 22 02 10 322 20 066 3 0000 4 0000 5 0000 6 000 0 7 00 0 0 8 2 2 0 0 333 10 /// 58 000 6 000 0 7 0000 
09-JAN-2015 09 48053 3 2 9 56 0 22 05 10 300 20 098 3 0000 4 0081 5 0000 6 000 0 7 00 0 0 8 0 0 0 0 333 10 /// 58 013 6 000 0 7 0000 
09-JAN-2015 09 48055 2 2 4 56 6 00 00 10 227 20 177 3 0000 4 0073 5 0000 6 000 0 7 00 0 0 8 6 3 0 0 333 10 /// 59 016 6 000 0 7 0000 
09-JAN-2015 09 48057 3 2 4 58 6 14 03 10 176 20 108 3 0000 4 0000 5 0000 6 000 0 7 00 0 0 8 6 3 0 0 333 10 /// 58 000 6 000 0 7 0000 
09-JAN-2015 09 48060 2 1 9 20 9 00 00 10 170 20 154 3 0000 4 0132 5 0000 6 000 0 7 52 6 5 8 0 0 0 0 333 10 /// 59 999 6 000 0 7 0000 
09-JAN-2015 09 48062 3 2 5 56 7 32 02 10 250 20 210 3 0000 4 0121 5 0000 6 000 0 7 00 0 0 8 5 9 7 0 333 10 /// 58 010 6 000 0 7 0000 
09-JAN-2015 09 48064 3 2 9 70 0 04 01 10 280 20 146 3 0000 4 0074 5 0000 6 000 0 7 00 0 0 8 0 0 0 0 333 10 /// 59 004 6 000 0 7 0000 
09-JAN-2015 09 48065 3 2 9 70 0 32 04 10 292 20 115 3 0000 4 0000 5 0000 6 000 0 7 00 0 0 8 0 0 0 0 333 10 /// 58 000 6 000 0 7 0000 
09-JAN-2015 09 48071 3 1 4 58 4 32 07 10 250 20 126 3 0000 4 0125 5 0000 6 000 0 7 05 1 1 8 4 8 0 0 333 10 /// 58 010 6 000 0 7 0000 
09-JAN-2015 09 48072 3 2 9 59 0 32 05 10 265 20 211 3 0000 4 0000 5 0000 6 000 0 7 01 2 2 8 0 0 0 0 333 10 /// 58 000 6 000 0 7 0000 
09-JAN-2015 09 48074 3 2 5 60 4 14 01 10 295 20 149 3 0000 4 0110 5 0000 6 000 0 7 00 0 0 8 2 8 5 0 333 10 /// 58 017 6 000 0 7 0000 
09-JAN-2015 09 48075 3 2 5 58 7 22 02 10 220 20 170 3 0000 4 0111 5 0000 6 000 0 7 00 0 0 8 5 3 6 0 333 10 /// 59 015 6 000 0 7 0000 
09-JAN-2015 09 48077 3 2 5 59 2 23 02 10 300 20 069 3 0000 4 0102 5 0000 6 000 0 7 00 0 0 8 1 2 0 1 333 10 /// 58 018 6 000 0 7 0000 
09-JAN-2015 09 48078 3 2 5 57 6 09 01 10 280 20 203 3 0000 4 0109 5 0000 6 000 0 7 00 0 0 8 4 8 3 1 333 10 /// 58 005 6 000 0 7 0000 
09-JAN-2015 09 48080 3 2 9 59 0 22 07 10 270 20 240 3 0000 4 0113 5 0000 6 000 0 7 00 0 0 8 0 0 0 0 333 10 /// 58 009 6 000 0 7 0000 
09-JAN-2015 09 48085 3 2 9 58 0 32 09 10 270 20 154 3 0000 4 0112 5 0000 6 000 0 7 00 0 0 8 0 0 0 0 333 10 /// 58 009 6 000 0 7 0000 
09-JAN-2015 09 48092 3 2 5 58 6 32 01 10 295 20 163 3 0000 4 0083 5 0000 6 000 0 7 00 0 0 8 4 5 7 0 333 10 /// 58 000 6 000 0 7 0000 
09-JAN-2015 09 48093 3 2 4 56 8 23 01 10 281 20 184 3 0000 4 0000 5 0000 6 000 0 7 03 2 2 8 6 8 7 / 333 10 /// 58 000 6 000 0 7 0000 
09-JAN-2015 09 48094 3 2 4 59 3 32 02 10 275 20 150 3 0000 4 0115 5 0000 6 000 0 7 00 0 0 8 3 8 0 0 333 10 /// 58 006 6 000 0 7 0000 
09-JAN-2015 09 48095 3 2 4 58 6 04 02 10 300 20 185 3 0000 4 0000 5 0000 6 000 0 7 03 2 2 8 3 8 4 0 333 10 /// 58 000 6 000 0 7 0000 
09-JAN-2015 09 48097 3 2 4 57 7 24 03 10 280 20 146 3 0000 4 0126 5 0000 6 000 0 7 00 0 0 8 2 8 5 0 333 10 /// 58 008 6 000 0 7 0000 
09-JAN-2015 09 48099 2 1 3 30 8 23 01 10 222 20 222 3 0000 4 0113 5 0000 6 000 0 7 50 6 5 8 6 9 7 / 333 10 /// 58 006 6 000 0 7 0000 
09-JAN-2015 09 48101 3 2 5 58 7 32 02 10 272 20 172 3 0000 4 0000 5 0000 6 000 0 7 02 2 2 8 3 7 4 1 333 10 /// 58 000 6 000 0 7 0000 
09-JAN-2015 09 48103 2 1 4 40 8 04 03 10 232 20 214 3 0000 4 0109 5 0000 6 000 0 7 50 6 5 8 6 7 7 / 333 10 /// 58 005 6 000 0 7 0000 
09-JAN-2015 09 48107 2 1 3 30 8 13 01 10 232 20 232 3 0000 4 0110 5 0000 6 000 0 7 60 6 6 8 5 9 7 / 333 10 /// 58 007 6 000 0 7 0000 
09-JAN-2015 09 48108 3 2 5 95 8 32 02 10 295 20 226 3 0000 4 0107 5 0000 6 000 0 7 00 0 0 8 4 3 7 6 333 10 /// 59 004 6 000 0 7 0000 
09-JAN-2015 09 48109 3 2 4 97 4 36 05 10 293 20 196 3 0000 4 0120 5 0000 6 000 0 7 00 0 0 8 4 9 0 0 333 10 /// 58 003 6 000 0 7 0000 
09-JAN-2015 09 48110 3 2 4 95 8 18 03 10 300 20 239 3 0000 4 0105 5 0000 6 000 0 7 00 0 0 8 5 3 6 7 333 10 /// 58 005 6 000 0 7 0000 
