09-JUN-2015 00 48008 2 1 4 50 8 00 00 10 250 20 245 3 0000 4 0046 5 0000 6 000 0 7 20 5 5 8 4 9 7 / 333 20 235 58 010 6 000 2 7 0000 
09-JUN-2015 00 48010 2 2 4 40 8 00 00 10 270 20 256 3 0000 4 0028 5 0000 6 000 0 7 00 0 0 8 8 7 / / 333 20 260 59 003 6 000 2 7 0000 
09-JUN-2015 00 48018 2 1 5 56 7 27 01 10 266 20 229 3 0000 4 0054 5 0000 6 000 0 7 21 9 6 8 4 9 7 / 333 20 245 58 012 6 010 2 7 0000 
09-JUN-2015 00 48019 2 1 4 40 8 27 01 10 268 20 256 3 0000 4 0035 5 0000 6 000 0 7 95 9 9 8 5 9 7 / 333 20 265 59 001 6 006 2 7 0000 
09-JUN-2015 00 48025 3 2 4 20 5 32 01 10 286 20 259 3 0000 4 0031 5 0000 6 000 0 7 00 0 0 8 1 5 4 1 333 20 284 59 009 6 000 0 7 0000 
09-JUN-2015 00 48030 3 2 2 56 6 22 04 10 184 20 165 3 0000 4 0000 5 0000 6 000 0 7 00 0 0 8 6 8 0 0 333 20 164 58 000 6 000 0 7 0000 
09-JUN-2015 00 48031 3 2 2 60 4 36 01 10 185 20 183 3 0000 4 0000 5 0000 6 000 0 7 00 0 0 8 2 8 0 6 333 20 180 58 000 6 000 0 7 0000 
09-JUN-2015 00 48033 3 2 5 60 5 18 01 10 270 20 240 3 0000 4 0044 5 0000 6 000 0 7 00 0 0 8 4 8 3 0 333 20 250 58 007 6 000 0 7 0000 
09-JUN-2015 00 48034 3 2 4 56 8 00 00 10 215 20 190 3 0000 4 0000 5 0000 6 000 0 7 00 0 0 8 6 9 7 / 333 20 210 58 000 6 000 0 7 0000 
09-JUN-2015 00 48035 3 1 5 58 3 00 00 10 231 20 214 3 0000 4 0033 5 0000 6 000 0 7 05 0 0 8 3 9 0 0 333 20 225 59 014 6 000 0 7 0000 
09-JUN-2015 00 48037 3 2 5 57 6 18 01 10 280 20 233 3 0000 4 0022 5 0000 6 000 0 7 00 0 0 8 2 8 3 0 333 20 275 59 008 6 000 0 7 0000 
09-JUN-2015 00 48039 3 2 4 56 5 22 01 10 275 20 226 3 0000 4 0000 5 0000 6 000 0 7 00 0 0 8 1 5 0 2 333 20 274 58 000 6 000 0 7 0000 
09-JUN-2015 00 48042 3 2 5 56 4 18 06 10 280 20 233 3 0000 4 0052 5 0000 6 000 0 7 00 0 0 8 2 8 5 2 333 20 266 58 008 6 000 0 7 0000 
09-JUN-2015 00 48043 3 2 5 30 4 18 05 10 205 20 195 3 0000 4 0000 5 0000 6 000 0 7 00 0 0 8 2 2 3 0 333 20 171 58 000 6 000 0 7 0000 
09-JUN-2015 00 48047 3 2 5 50 4 22 01 10 280 20 233 3 0000 4 0000 5 0000 6 000 0 7 00 0 0 8 2 5 5 0 333 20 275 58 000 6 000 0 7 0000 
09-JUN-2015 00 48048 3 2 5 50 2 18 01 10 288 20 230 3 0000 4 0039 5 0000 6 000 0 7 00 0 0 8 2 8 0 0 333 20 282 58 004 6 000 0 7 0000 
09-JUN-2015 00 48052 3 2 4 50 4 13 02 10 289 20 230 3 0000 4 0000 5 0000 6 000 0 7 00 0 0 8 3 8 0 1 333 20 284 58 000 6 000 0 7 0000 
09-JUN-2015 00 48053 2 2 4 50 7 22 01 10 250 20 233 3 0000 4 0065 5 0000 6 000 0 7 00 0 0 8 4 7 5 6 333 20 244 58 014 6 000 2 7 0000 
09-JUN-2015 00 48055 3 2 5 56 3 00 00 10 203 20 185 3 0000 4 0067 5 0000 6 000 0 7 00 0 0 8 1 5 4 2 333 20 194 59 007 6 000 0 7 0000 
09-JUN-2015 00 48057 3 1 4 56 6 14 01 10 190 20 175 3 0000 4 0000 5 0000 6 000 0 7 10 2 2 8 5 3 3 0 333 20 185 58 000 6 000 0 7 0000 
09-JUN-2015 00 48060 3 2 4 30 6 00 00 10 235 20 212 3 0000 4 0040 5 0000 6 000 0 7 00 0 0 8 6 7 0 0 333 20 214 59 016 6 000 0 7 0000 
09-JUN-2015 00 48064 3 2 5 50 6 04 01 10 290 20 259 3 0000 4 0037 5 0000 6 000 0 7 00 0 0 8 3 5 3 1 333 20 248 59 002 6 000 0 7 0000 
09-JUN-2015 00 48067 3 2 4 56 5 18 01 10 270 20 240 3 0000 4 0000 5 0000 6 000 0 7 00 0 0 8 2 5 7 0 333 20 256 58 000 6 000 0 7 0000 
09-JUN-2015 00 48074 3 2 3 57 8 14 01 10 250 20 233 3 0000 4 0085 5 0000 6 000 0 7 00 0 0 8 5 7 2 / 333 20 234 58 015 6 000 2 7 0000 
09-JUN-2015 00 48075 2 2 4 56 7 00 00 10 230 20 230 3 0000 4 0089 5 0000 6 000 0 7 00 0 0 8 5 7 7 0 333 20 210 58 001 6 000 2 7 0000 
09-JUN-2015 00 48077 3 2 5 56 6 00 00 10 260 20 246 3 0000 4 0054 5 0000 6 000 0 7 00 0 0 8 4 8 3 1 333 20 246 59 007 6 000 0 7 0000 
09-JUN-2015 00 48080 2 1 4 56 4 04 02 10 244 20 226 3 0000 4 0082 5 0000 6 000 0 7 50 5 5 8 5 8 7 0 333 20 233 58 002 6 000 2 7 0000 
09-JUN-2015 00 48092 2 1 4 50 6 00 00 10 250 20 248 3 0000 4 0059 5 0000 6 000 0 7 05 2 2 8 3 3 7 0 333 20 240 59 005 6 000 2 7 0000 
09-JUN-2015 00 48094 2 2 4 56 5 00 00 10 256 20 250 3 0000 4 0076 5 0000 6 000 0 7 00 0 0 8 3 9 4 0 333 20 205 59 006 6 000 2 7 0000 
09-JUN-2015 00 48096 3 2 4 57 7 09 03 10 250 20 250 3 0000 4 0085 5 0000 6 000 0 7 00 0 0 8 4 9 4 0 333 20 250 58 007 6 000 2 7 0000 
09-JUN-2015 00 48097 2 2 5 57 6 14 01 10 250 20 233 3 0000 4 0079 5 0000 6 000 0 7 00 0 0 8 3 5 3 1 333 20 246 58 002 6 000 2 7 0000 
09-JUN-2015 00 48099 2 2 3 30 7 00 00 10 250 20 233 3 0000 4 0078 5 0000 6 000 0 7 00 0 0 8 2 9 3 0 333 20 240 59 012 6 000 2 7 0000 
09-JUN-2015 00 48103 2 2 3 40 8 04 02 10 257 20 246 3 0000 4 0084 5 0000 6 000 0 7 00 0 0 8 6 7 7 / 333 20 251 58 008 6 000 2 7 0000 
09-JUN-2015 00 48107 2 1 3 30 6 23 01 10 240 20 240 3 0000 4 0083 5 0000 6 000 0 7 01 9 6 8 5 9 7 / 333 20 232 59 002 6 050 2 7 0000 
09-JUN-2015 00 48108 2 1 5 95 7 00 00 10 240 20 233 3 0000 4 0090 5 0000 6 000 0 7 01 6 5 8 3 3 6 6 333 20 220 59 002 6 012 2 7 0000 
09-JUN-2015 00 48110 3 2 5 96 8 00 00 10 260 20 246 3 0000 4 0093 5 0000 6 000 0 7 00 0 0 8 2 2 4 7 333 20 260 58 000 6 000 0 7 0000 
09-JUN-2015 00 48112 3 2 5 97 8 27 01 10 270 20 256 3 0000 4 0098 5 0000 6 000 0 7 00 0 0 8 4 8 7 6 333 20 220 58 010 6 000 0 7 0000 
