09-JUN-2015 09 48001 2 1 3 30 8 32 01 10 240 20 226 3 0000 4 0056 5 0000 6 000 0 7 63 6 6 8 6 7 2 / 333 10 /// 58 012 6 000 0 7 0000 
09-JUN-2015 09 48004 3 2 3 56 4 00 00 10 298 20 266 3 0000 4 0000 5 0000 6 000 0 7 00 0 0 8 4 9 0 0 333 10 /// 58 000 6 000 0 7 0000 
09-JUN-2015 09 48008 2 2 5 57 6 00 00 10 298 20 253 3 0000 4 0031 5 0000 6 000 0 7 00 0 0 8 3 9 7 0 333 10 /// 58 012 6 000 0 7 0000 
09-JUN-2015 09 48010 2 1 4 57 7 00 00 10 300 20 291 3 0000 4 0003 5 0000 6 000 0 7 21 6 5 8 4 9 7 0 333 10 /// 59 030 6 000 0 7 0000 
09-JUN-2015 09 48018 3 2 5 60 6 22 01 10 245 20 257 3 0000 4 0036 5 0000 6 000 0 7 02 2 2 8 3 8 7 0 333 10 /// 58 012 6 000 0 7 0000 
09-JUN-2015 09 48019 3 2 4 60 1 04 01 10 335 20 258 3 0000 4 0018 5 0000 6 000 0 7 00 0 0 8 1 2 0 0 333 10 /// 58 002 6 000 0 7 0000 
09-JUN-2015 09 48020 3 2 4 60 6 36 04 10 382 20 285 3 0000 4 0000 5 0000 6 000 0 7 00 0 0 8 4 3 3 0 333 10 /// 58 000 6 000 0 7 0000 
09-JUN-2015 09 48025 3 2 4 58 5 14 01 10 393 20 253 3 0000 4 0000 5 0000 6 000 0 7 00 0 0 8 3 8 4 0 333 10 /// 59 003 6 000 0 7 0000 
09-JUN-2015 09 48030 3 2 3 56 5 22 03 10 260 20 160 3 0000 4 0000 5 0000 6 000 0 7 00 0 0 8 5 9 0 0 333 10 /// 58 000 6 000 0 7 0000 
09-JUN-2015 09 48031 3 2 2 60 6 14 01 10 290 20 179 3 0000 4 0000 5 0000 6 000 0 7 00 0 0 8 6 3 0 0 333 10 /// 58 000 6 000 0 7 0000 
09-JUN-2015 09 48033 3 2 5 63 5 14 01 10 370 20 246 3 0000 4 9998 5 0000 6 000 0 7 00 0 0 8 5 8 0 0 333 10 /// 59 005 6 000 0 7 0000 
09-JUN-2015 09 48034 3 2 4 56 7 23 02 10 258 20 215 3 0000 4 0000 5 0000 6 000 0 7 00 0 0 8 7 3 0 0 333 10 /// 58 000 6 000 0 7 0000 
09-JUN-2015 09 48035 3 2 5 60 6 22 03 10 319 20 200 3 0000 4 0013 5 0000 6 000 0 7 00 0 0 8 4 9 6 0 333 10 /// 58 011 6 000 0 7 0000 
09-JUN-2015 09 48037 2 1 5 60 7 14 01 10 313 20 254 3 0000 4 0005 5 0000 6 000 0 7 21 9 5 8 5 7 9 0 333 10 /// 59 000 6 000 0 7 0000 
09-JUN-2015 09 48039 3 2 4 60 4 22 01 10 341 20 240 3 0000 4 0000 5 0000 6 000 0 7 00 0 0 8 4 2 0 0 333 10 /// 58 000 6 000 0 7 0000 
09-JUN-2015 09 48042 3 2 5 59 6 13 05 10 363 20 249 3 0000 4 0013 5 0000 6 000 0 7 00 0 0 8 3 2 5 0 333 10 /// 58 002 6 000 0 7 0000 
09-JUN-2015 09 48043 3 2 6 56 4 18 07 10 280 20 220 3 0000 4 0000 5 0000 6 000 0 7 00 0 0 8 3 2 3 0 333 10 /// 58 000 6 000 0 7 0000 
09-JUN-2015 09 48045 3 2 5 59 / // // 10 251 20 150 3 0000 4 0000 5 0000 6 000 0 7 00 0 0 8 5 3 0 0 333 10 /// 58 000 6 000 0 7 0000 
09-JUN-2015 09 48048 3 2 5 60 0 13 03 10 375 20 203 3 0000 4 0021 5 0000 6 000 0 7 00 0 0 8 4 8 5 0 333 10 /// 58 009 6 000 0 7 0000 
09-JUN-2015 09 48051 2 2 5 59 7 13 04 10 290 20 260 3 0000 4 0000 5 0000 6 000 0 7 02 2 2 8 5 9 3 0 333 10 /// 58 000 6 000 0 7 0000 
09-JUN-2015 09 48052 3 2 4 68 4 22 04 10 364 20 214 3 0000 4 0000 5 0000 6 000 0 7 00 0 0 8 4 8 0 0 333 10 /// 58 000 6 000 0 7 0000 
09-JUN-2015 09 48053 2 1 4 56 7 18 03 10 330 20 258 3 0000 4 0034 5 0000 6 000 0 7 51 5 5 8 5 9 5 0 333 10 /// 58 001 6 000 0 7 0000 
09-JUN-2015 09 48055 3 2 5 57 4 27 07 10 320 20 208 3 0000 4 0000 5 0000 6 000 0 7 00 0 0 8 4 3 0 0 333 10 /// 59 001 6 000 0 7 0000 
09-JUN-2015 09 48057 3 2 4 58 5 22 03 10 248 20 186 3 0000 4 0000 5 0000 6 000 0 7 00 0 0 8 5 3 0 0 333 10 /// 58 000 6 000 0 7 0000 
09-JUN-2015 09 48060 3 2 4 40 7 22 02 10 320 20 215 3 0000 4 9995 5 0000 6 000 0 7 00 0 0 8 5 9 3 0 333 10 /// 59 013 6 000 0 7 0000 
09-JUN-2015 09 48062 2 2 4 56 8 18 02 10 260 20 250 3 0000 4 0023 5 0000 6 000 0 7 02 5 2 8 2 9 2 / 333 10 /// 58 005 6 000 0 7 0000 
09-JUN-2015 09 48064 3 2 4 68 7 04 02 10 348 20 266 3 0000 4 0036 5 0000 6 000 0 7 00 0 0 8 4 3 3 1 333 10 /// 58 012 6 000 0 7 0000 
09-JUN-2015 09 48065 3 2 5 58 7 14 01 10 347 20 219 3 0000 4 0000 5 0000 6 000 0 7 00 0 0 8 4 5 7 0 333 10 /// 58 000 6 000 0 7 0000 
09-JUN-2015 09 48071 2 1 4 58 8 23 01 10 275 20 268 3 0000 4 0065 5 0000 6 000 0 7 21 6 2 8 6 9 2 / 333 10 /// 59 009 6 000 0 7 0000 
09-JUN-2015 09 48072 2 1 4 59 8 00 00 10 270 20 256 3 0000 4 0000 5 0000 6 000 0 7 50 6 5 8 6 9 7 0 333 10 /// 58 000 6 000 0 7 0000 
09-JUN-2015 09 48074 2 1 3 56 8 00 00 10 245 20 245 3 0000 4 0069 5 0000 6 000 0 7 50 9 2 8 5 9 7 / 333 10 /// 59 011 6 000 0 7 0000 
09-JUN-2015 09 48075 2 2 5 58 7 14 01 10 300 20 210 3 0000 4 0039 5 0000 6 000 0 7 00 0 0 8 5 3 6 0 333 10 /// 59 006 6 000 0 7 0000 
09-JUN-2015 09 48077 3 2 5 59 7 23 06 10 340 20 257 3 0000 4 0037 5 0000 6 000 0 7 00 0 0 8 5 9 3 1 333 10 /// 59 012 6 000 0 7 0000 
09-JUN-2015 09 48078 2 1 5 50 8 18 01 10 295 20 257 3 0000 4 0059 5 0000 6 000 0 7 03 9 5 8 5 9 7 / 333 10 /// 59 002 6 000 0 7 0000 
09-JUN-2015 09 48080 2 1 4 59 7 04 01 10 273 20 256 3 0000 4 0070 5 0000 6 000 0 7 01 5 5 8 5 8 7 0 333 10 /// 59 010 6 000 0 7 0000 
09-JUN-2015 09 48085 2 1 3 57 8 32 02 10 264 20 246 3 0000 4 0076 5 0000 6 000 0 7 50 6 5 8 6 9 7 0 333 10 /// 58 001 6 000 0 7 0000 
09-JUN-2015 09 48087 2 1 4 58 7 23 02 10 256 20 246 3 0000 4 0000 5 0000 6 000 0 7 50 6 5 8 5 9 7 / 333 10 /// 58 000 6 000 0 7 0000 
09-JUN-2015 09 48092 3 1 4 57 7 24 02 10 315 20 259 3 0000 4 0047 5 0000 6 000 0 7 17 9 9 8 6 9 7 0 333 10 /// 59 017 6 000 0 7 0000 
09-JUN-2015 09 48093 3 2 4 56 8 32 03 10 312 20 267 3 0000 4 0000 5 0000 6 000 0 7 03 2 2 8 6 3 4 1 333 10 /// 58 000 6 000 0 7 0000 
09-JUN-2015 09 48094 2 1 4 58 8 22 02 10 275 20 265 3 0000 4 0081 5 0000 6 000 0 7 95 9 6 8 5 9 7 / 333 10 /// 58 000 6 000 0 7 0000 
09-JUN-2015 09 48095 2 1 4 58 8 27 03 10 280 20 250 3 0000 4 0000 5 0000 6 000 0 7 20 9 9 8 5 9 7 0 333 10 /// 58 000 6 000 0 7 0000 
09-JUN-2015 09 48097 3 2 5 57 7 23 01 10 335 20 251 3 0000 4 0080 5 0000 6 000 0 7 00 0 0 8 6 3 0 1 333 10 /// 59 005 6 000 0 7 0000 
09-JUN-2015 09 48099 3 2 5 60 4 23 03 10 328 20 258 3 0000 4 0060 5 0000 6 000 0 7 00 0 0 8 3 9 3 0 333 10 /// 59 011 6 000 0 7 0000 
09-JUN-2015 09 48101 2 1 4 56 8 00 00 10 258 20 246 3 0000 4 0000 5 0000 6 000 0 7 95 9 6 8 6 9 7 / 333 10 /// 58 000 6 000 0 7 0000 
09-JUN-2015 09 48103 3 2 4 56 5 04 02 10 325 20 248 3 0000 4 0062 5 0000 6 000 0 7 00 0 0 8 4 8 3 0 333 10 /// 59 005 6 000 0 7 0000 
09-JUN-2015 09 48107 3 2 3 50 4 32 01 10 322 20 248 3 0000 4 0073 5 0000 6 000 0 7 00 0 0 8 4 9 0 0 333 10 /// 58 003 6 000 0 7 0000 
09-JUN-2015 09 48108 3 2 5 96 6 36 04 10 338 20 242 3 0000 4 0078 5 0000 6 000 0 7 00 0 0 8 3 3 3 6 333 10 /// 58 006 6 000 0 7 0000 
09-JUN-2015 09 48110 2 1 4 96 8 04 03 10 315 20 267 3 0000 4 0082 5 0000 6 000 0 7 17 9 9 8 5 3 0 7 333 10 /// 58 004 6 000 0 7 0000 
09-JUN-2015 09 48112 3 2 5 97 8 27 02 10 310 20 267 3 0000 4 0084 5 0000 6 000 0 7 02 2 2 8 3 8 7 6 333 10 /// 58 002 6 000 0 7 0000 
