090900 48001 21330 83201 10240 20226 40056 76366 8672/ 333 56229 58012=
090900 48004 32356 40000 10298 20266 84900 333 56500=
090900 48008 22557 60000 10298 20253 40031 83970 333 56450 58012=
090900 48010 21457 70000 10300 20291 40003 72165 84970 333 56550 59030=
090900 48018 32560 62201 10245 20257 40036 70222 83870 333 56540 58012=
090900 48019 32460 10401 10335 20258 40018 81200 333 56600 58002=
090900 48020 32460 63604 10382 20285 84330 333 56550=
090900 48025 32458 51401 10393 20253 40000 83840 333 56440 59003=
090900 48030 32356 52203 10260 20160 85900 333 56500=
090900 48031 32260 61401 10290 20179 86300 333 56400=
090900 48033 32563 51401 10370 20246 49998 85800 333 56400 59005=
090900 48034 32456 72302 10258 20215 87300 333 56500=
090900 48035 32560 62203 10319 20200 40013 84960 333 56790 58011=
090900 48037 21560 71401 10313 20254 40005 72195 85790 333 5660/ 59000=
090900 48039 32460 42201 10341 20240 84200 333 56300=
090900 48042 32559 61305 10363 20249 40013 83250 333 56440 58002=
090900 48043 32656 41807 10280 20220 83230 333 56590=
090900 48045 32559 ///// 10251 20150 85300 333 56500=
090900 48048 32560 01303 10375 20203 40021 84850 333 56490 58009=
090900 48051 22559 71304 10290 20260 70222 85930 333 56490=
090900 48052 32468 42204 10364 20214 84800 333 56900=
090900 48053 21456 71803 10330 20258 40034 75155 85950 333 56590 58001=
090900 48055 32557 42707 10320 20208 40000 84300 333 56500 59001=
090900 48057 32458 52203 10248 20186 85300 333 56600=
090900 48060 32440 72202 10320 20215 49995 85930 333 56560 59013=
090900 48062 22456 81802 10260 20250 40023 70252 8292/ 333 5657/ 58005=
090900 48064 32468 70402 10348 20266 40036 84331 333 56339 58012=
090900 48065 32558 71401 10347 20219 84570 333 56990=
090900 48071 21458 82301 10275 20268 40065 72162 8692/ 333 5699/ 59009=
090900 48072 21459 80000 10270 20256 75065 86970 333 56590=
090900 48074 21356 80000 10245 20245 40069 75092 8597/ 333 56499 59011=
090900 48075 22558 71401 10300 20210 40039 85360 333 56590 59006=
090900 48077 32559 72306 10340 20257 40037 85931 333 56499 59012=
090900 48078 21550 81801 10295 20257 40059 70395 8597/ 333 56499 59002=
090900 48080 21459 70401 10273 20256 40070 70155 85870 333 56690 59010=
090900 48085 21357 83202 10264 20246 40076 75065 86970 333 56690 58001=
090900 48087 21458 72302 10256 20246 75065 8597/ 333 5649/=
090900 48092 31457 72402 10315 20259 40047 71799 86970 333 56590 59017=
090900 48093 32456 83203 10312 20267 70322 86341 333 56599=
090900 48094 21458 82202 10275 20265 40081 79596 8597/ 333 56599 58000=
090900 48095 21458 82703 10280 20250 72099 85970 333 56990=
090900 48097 32557 72301 10335 20251 40080 86301 333 56909 59005=
090900 48099 32560 42303 10328 20258 40060 83930 333 56590 59011=
090900 48101 21456 80000 10258 20246 79596 8697/ 333 5659/=
090900 48103 32456 50402 10325 20248 40062 84830 333 56110 59005=
090900 48107 32350 43201 10322 20248 40073 84900 333 56500 58003=
090900 48108 32596 63604 10338 20242 40078 83336 333 56839 58006=
090900 48110 21496 80403 10315 20267 40082 71799 85307 333 56509 58004=
090900 48112 32597 82702 10310 20267 40084 70222 83876 333 56699 58002=  
