48001 NIL=
48004 NIL=
48008 21450 80000 10250 20245 40046 72055 8497/ 333 20235 56569 58010 60002=
48010 22440 80000 10270 20256 40028 887// 333 20260 56599 59003 60002=
48018 21556 72701 10266 20229 40054 72196 8497/ 333 20245 56569 58012 60102=
48019 21440 82701 10268 20256 40035 79599 8597/ 333 20265 56569 59001 60062=
48020 NIL=
48025 32420 53201 10286 20259 40031 81541 333 20284 56669 59009=
48030 32256 62204 10184 20165 86800 333 20164 56500=
48031 32260 43601 10185 20183 82806 333 20180 56909=
48033 32560 51801 10270 20240 40044 84830 333 20250 56660 58007=
48034 32456 80000 10215 20190 8697/ 333 20210 5659/=
48035 31558 30000 10231 20214 40033 70500 83900 333 20225 56900 59014=
48037 32557 61801 10280 20233 40022 82830 333 20275 56660 59008=
48039 32456 52201 10275 20226 81502 333 20274 56505=
48042 32556 41806 10280 20233 40052 82852 333 20266 56449 58008=
48043 32530 41805 10205 20195 82230 333 20171 56550=
48045 NIL=
48048 32550 21801 10288 20230 40039 82800 333 20282 56900 58004=
48051 21456 81803 10250 20250 75155 86920 333 20249 56490 60092=
48052 32450 41302 10289 20230 83801 333 20284 56909=
48053 22450 72201 10250 20233 40065 84756 333 20244 56599 58014 60002=
48055 32556 30000 10203 20185 40067 81542 333 20194 56559 59007=
48057 31456 61401 10190 20175 71022 85330 333 20185 56590=
48060 32430 60000 10235 20212 40040 86700 333 20214 56500 59016=
48062 NIL=
48064 32550 60401 10290 20259 40037 83531 333 20248 56449 59002=
48072 NIL=
48074 32357 81401 10250 20233 40085 8572/ 333 20234 56499 58015 60002=
48075 22456 70000 10230 20230 40089 85770 333 20210 56590 58001 60002=
48077 32556 60000 10260 20246 40054 84831 333 20246 56499 59007=
48078 NIL=
48080 21456 40402 10244 20226 40082 75055 85870 333 20233 56590 58002 60002=
48085 NIL=
48087 22550 52301 10256 20246 83841 333 20246 56999 60002=
48092 21450 60000 10250 20248 40059 70522 83370 333 20240 56990 59005 60002=
48093 21450 82701 10258 20246 70265 8637/ 333 20252 56599 60050=
48094 22456 50000 10256 20250 40076 83940 333 20205 56590 59006 60002=
48095 NIL=
48096 32457 70903 10250 20250 40085 84940 333 20250 56990 58007 60002=
48097 22557 61401 10250 20233 40079 83531 333 20246 56999 58002 60002=
48099 22330 70000 10250 20233 40078 82930 333 20240 56990 59012 60002=
48101 NIL=
48103 22340 80402 10257 20246 40084 8677/ 333 20251 5611/ 58008 60002=
48107 21330 62301 10240 20240 40083 70196 8597/ 333 20232 5655/ 59002 60502=
48108 21595 70000 10240 20233 40090 70165 83366 333 20220 56999 59002 60122=
48109 NIL=
48110 32596 80000 10260 20246 40093 82247 333 20260 56599 58000=
48112 32597 82701 10270 20256 40098 84876 333 20220 56699 58010=
48047 32550 42201 10280 20233 82550 333 20275 56550=
48067 32456 51801 10270 20240 82570 333 20256 56490=  