48008 31510 31401 10240 20191 40103 71044 82430 333 56330 59019=
48010 32902 00000 10190 20175 40124 333 59004=
48018 32930 00000 10220 20173 40149 333 58009=
48025 31905 00401 10240 20174 40141 70544 333 58002=
48042 32950 00000 10260 20203 40104 333 59013=
48053 32940 00000 10245 20155 40125 333 58002=
48057 32939 01401 10190 20139 333=
48060 32910 00000 10152 20111 40152 333 58015=
48062 31950 00000 10260 20230 40138 71000 333 58015=
48071 32930 00000 10210 20195 40113 333 59012=
48078 32950 10000 10255 20184 40138 80001 333 56009 58014=
48080 31950 02201 10250 20219 40148 71000 333 58032=
48094 32950 00000 10246 20220 40129 333 59001=
48097 32956 02402 10250 20205 40132 333 58008=
48099 32330 23202 10250 20205 40127 82500 333 56900 58007=
48103 32510 12201 10262 20215 40116 81500 333 56500 59002=
48108 32595 61401 10280 20233 40140 83506 333 56909 59004=
48109 32495 20000 10240 20209 40130 82500 333 56900 58002=
48110 32594 80402 10270 20256 40131 84307 333 56909 59004=
48112 32597 70402 10281 20220 40118 83876 333 56199 59002=  