48001 32450 60402 10300 20166 40074 83300 333 56770 58010=
48004 32560 21302 10327 20212 82800 333 56900=
48008 32557 40000 10273 20211 40072 82970 333 56450 58002=
48010 32060 01801 10330 20244 40074 333 59002=
48018 32560 21402 10300 20207 40084 81460 333 56450 58008=
48019 32456 70402 10280 20220 40078 84830 333 56550 58015=
48020 32958 00402 10350 20202=
48025 32440 10401 10352 20182 40070 81100 333 56900 59030=
48030 32256 32204 10240 20174 83800 333 56500=
48031 31260 21401 10265 20160 70544 82800 333 56900=
48033 32963 01801 10310 20254 40055 333 59019=
48034 32457 61802 10260 20179 86300 333 56500=
48035 31558 80000 10261 20179 40068 70522 8597/ 333 56569 58032=
48037 32958 03601 10344 20206 40068 333 58012=
48039 32960 22201 10330 20244 80002 333 56009=
48042 32557 21803 10345 20240 40054 82200 333 56400 59014=
48043 32656 52305 10270 20211 83230 333 56590=
48045 31557 21802 10280 20126 70444 82800 333 56500=
48048 32960 00401 10362 20214 40065 333 58001=
48051 32559 61303 10361 20250 85930 333 56790=
48052 32970 02201 10380 20221=
48053 32456 61802 10360 20249 40051 84950 333 56590 59013=
48055 32956 01302 10293 20179 40044 333 58013=
48057 31458 42202 10253 20205 70199 84300 333 56500=
48060 31440 33201 10318 20184 40046 70544 81130 333 56560 58007=
48062 32558 32706 10335 20300 40081 83900 333 56900 59003=
48064 32970 03202 10390 20253 40044 333 59013=
48065 32970 02205 10382 20221=
48071 32460 13203 10330 20258 40088 81200 333 56900 59003=
48072 32460 10404 10345 20282 81200 333 56900=
48074 31459 31403 10356 20264 40062 70500 83300 333 56400 59018=
48075 32458 50000 10310 20240 40061 85300 333 56500 58004=
48077 32559 10000 10372 20227 40060 81200 333 56900 59003=
48078 32558 51802 10362 20242 40070 84801 333 56409 59002=
48080 32460 52206 10350 20249 40075 83970 333 56690 59004=
48085 32458 13205 10338 20257 40074 81800 333 56900 59003=
48087 32560 22302 10374 20227 82200 333 56900=
48092 32457 32302 10365 20231 40052 83100 333 56900 59005=
48093 32658 43201 10358 20249 84800 333 56500=
48094 32461 33203 10370 20260 40071 83900 333 56600 58000=
48095 32460 23601 10375 20246 82200 333 56900=
48097 32557 31401 10365 20231 40082 83800 333 56900 59006=
48099 32457 52303 10365 20235 40071 85900 333 56500 59001=
48101 32660 23202 10347 20237 82100 333 56600=
48103 32457 42201 10362 20235 40075 84800 333 56500 58006=
48107 32350 52301 10350 20237 40078 85900 333 56700 58005=
48108 32596 72305 10350 20253 40084 83366 333 56239 58006=
48109 NIL=
48110 31596 83203 10330 20258 40091 70299 84357 333 56999 58008=
48112 NIL=  48001 32450 60402 10300 20166 40074 83300 333 56770 58010=
48004 32560 21302 10327 20212 82800 333 56900=
48008 32557 40000 10273 20211 40072 82970 333 56450 58002=
48010 32060 01801 10330 20244 40074 333 59002=
48018 32560 21402 10300 20207 40084 81460 333 56450 58008=
48019 32456 70402 10280 20220 40078 84830 333 56550 58015=
48020 32958 00402 10350 20202=
48025 32440 10401 10352 20182 40070 81100 333 56900 59030=
48030 32256 32204 10240 20174 83800 333 56500=
48031 31260 21401 10265 20160 70544 82800 333 56900=
48033 32963 01801 10310 20254 40055 333 59019=
48034 32457 61802 10260 20179 86300 333 56500=
48035 31558 80000 10261 20179 40068 70522 8597/ 333 56569 58032=
48037 32958 03601 10344 20206 40068 333 58012=
48039 32960 22201 10330 20244 80002 333 56009=
48042 32557 21803 10345 20240 40054 82200 333 56400 59014=
48043 32656 52305 10270 20211 83230 333 56590=
48045 31557 21802 10280 20126 70444 82800 333 56500=
48048 32960 00401 10362 20214 40065 333 58001=
48051 32559 61303 10361 20250 85930 333 56790=
48052 32970 02201 10380 20221=
48053 32456 61802 10360 20249 40051 84950 333 56590 59013=
48055 32956 01302 10293 20179 40044 333 58013=
48057 31458 42202 10253 20205 70199 84300 333 56500=
48060 31440 33201 10318 20184 40046 70544 81130 333 56560 58007=
48062 32558 32706 10335 20300 40081 83900 333 56900 59003=
48064 32970 03202 10390 20253 40044 333 59013=
48065 32970 02205 10382 20221=
48071 32460 13203 10330 20258 40088 81200 333 56900 59003=
48072 32460 10404 10345 20282 81200 333 56900=
48074 31459 31403 10356 20264 40062 70500 83300 333 56400 59018=
48075 32458 50000 10310 20240 40061 85300 333 56500 58004=
48077 32559 10000 10372 20227 40060 81200 333 56900 59003=
48078 32558 51802 10362 20242 40070 84801 333 56409 59002=
48080 32460 52206 10350 20249 40075 83970 333 56690 59004=
48085 32458 13205 10338 20257 40074 81800 333 56900 59003=
48087 32560 22302 10374 20227 82200 333 56900=
48092 32457 32302 10365 20231 40052 83100 333 56900 59005=
48093 32658 43201 10358 20249 84800 333 56500=
48094 32461 33203 10370 20260 40071 83900 333 56600 58000=
48095 32460 23601 10375 20246 82200 333 56900=
48097 32557 31401 10365 20231 40082 83800 333 56900 59006=
48099 32457 52303 10365 20235 40071 85900 333 56500 59001=
48101 32660 23202 10347 20237 82100 333 56600=
48103 32457 42201 10362 20235 40075 84800 333 56500 58006=
48107 32350 52301 10350 20237 40078 85900 333 56700 58005=
48108 32596 72305 10350 20253 40084 83366 333 56239 58006=
48109 NIL=
48110 31596 83203 10330 20258 40091 70299 84357 333 56999 58008=
48112 NIL=  48001 32450 60402 10300 20166 40074 83300 333 56770 58010=
48004 32560 21302 10327 20212 82800 333 56900=
48008 32557 40000 10273 20211 40072 82970 333 56450 58002=
48010 32060 01801 10330 20244 40074 333 59002=
48018 32560 21402 10300 20207 40084 81460 333 56450 58008=
48019 32456 70402 10280 20220 40078 84830 333 56550 58015=
48020 32958 00402 10350 20202 333=
48025 32440 10401 10352 20182 40070 81100 333 56900 59030=
48030 32256 32204 10240 20174 83800 333 56500=
48031 31260 21401 10265 20160 70544 82800 333 56900=
48033 32963 01801 10310 20254 40055 333 59019=
48034 32457 61802 10260 20179 86300 333 56500=
48035 31558 80000 10261 20179 40068 70522 8597/ 333 56569 58032=
48037 32958 03601 10344 20206 40068 333 58012=
48039 32960 22201 10330 20244 80002 333 56009=
48042 32557 21803 10345 20240 40054 82200 333 56400 59014=
48043 32656 52305 10270 20211 83230 333 56590=
48045 31557 21802 10280 20126 70444 82800 333 56500=
48048 32960 00401 10362 20214 40065 333 58001=
48051 32559 61303 10361 20250 85930 333 56790=
48052 32970 02201 10380 20221 333=
48053 32456 61802 10360 20249 40051 84950 333 56590 59013=
48055 32956 01302 10293 20179 40044 333 58013=
48057 31458 42202 10253 20205 70199 84300 333 56500=
48060 31440 33201 10318 20184 40046 70544 81130 333 56560 58007=
48062 32558 32706 10335 20300 40081 83900 333 56900 59003=
48064 32970 03202 10390 20253 40044 333 59013=
48065 32970 02205 10382 20221 333=
48071 32460 13203 10330 20258 40088 81200 333 56900 59003=
48072 32460 10404 10345 20282 81200 333 56900=
48074 31459 31403 10356 20264 40062 70500 83300 333 56400 59018=
48075 32458 50000 10310 20240 40061 85300 333 56500 58004=
48077 32559 10000 10372 20227 40060 81200 333 56900 59003=
48078 32558 51802 10362 20242 40070 84801 333 56409 59002=
48080 32460 52206 10350 20249 40075 83970 333 56690 59004=
48085 32458 13205 10338 20257 40074 81800 333 56900 59003=
48087 32560 22302 10374 20227 82200 333 56900=
48092 32457 32302 10365 20231 40052 83100 333 56900 59005=
48093 32658 43201 10358 20249 84800 333 56500=
48094 32461 33203 10370 20260 40071 83900 333 56600 58000=
48095 32460 23601 10375 20246 82200 333 56900=
48097 32557 31401 10365 20231 40082 83800 333 56900 59006=
48099 32457 52303 10365 20235 40071 85900 333 56500 59001=
48101 32660 23202 10347 20237 82100 333 56600=
48103 32457 42201 10362 20235 40075 84800 333 56500 58006=
48107 32350 52301 10350 20237 40078 85900 333 56700 58005=
48108 32596 72305 10350 20253 40084 83366 333 56239 58006=
48109 NIL=
48110 31596 83203 10330 20258 40091 70299 84357 333 56999 58008=
48112 NIL=  