09-MAY-2015 03 48001 3 2 4 50 4 14 01 10 250 20 186 3 0000 4 0104 5 0000 6 000 0 7 00 0 0 8 2 1 0 2 333 10 /// 58 008 6 000 0 7 0000 
09-MAY-2015 03 48004 3 2 4 60 2 13 01 10 265 20 211 3 0000 4 0000 5 0000 6 000 0 7 00 0 0 8 4 8 0 0 333 10 /// 58 000 6 000 0 7 0000 
09-MAY-2015 03 48008 3 1 4 50 8 00 00 10 228 20 214 3 0000 4 0099 5 0000 6 000 0 7 50 5 5 8 4 9 7 / 333 10 /// 58 014 6 000 0 7 0000 
09-MAY-2015 03 48010 3 2 0 56 0 00 00 10 270 20 211 3 0000 4 0088 5 0000 6 000 0 7 00 0 0 8 0 0 0 0 333 10 /// 59 007 6 000 0 7 0000 
09-MAY-2015 03 48018 2 2 5 58 7 32 01 10 245 20 209 3 0000 4 0100 5 0000 6 000 0 7 01 2 2 8 3 8 7 2 333 10 /// 58 015 6 000 0 7 0000 
09-MAY-2015 03 48019 2 2 4 56 8 23 01 10 235 20 214 3 0000 4 0091 5 0000 6 000 0 7 00 0 0 8 5 7 7 / 333 10 /// 58 014 6 000 0 7 0000 
09-MAY-2015 03 48020 3 2 9 58 0 00 00 10 290 20 196 3 0000 4 0000 5 0000 6 000 0 7 00 0 0 8 0 0 0 0 333 10 /// 58 000 6 000 0 7 0000 
09-MAY-2015 03 48025 3 1 4 20 2 04 01 10 306 20 203 3 0000 4 0084 5 0000 6 000 0 7 04 4 4 8 2 5 0 0 333 10 /// 59 002 6 000 0 7 0000 
09-MAY-2015 03 48030 3 2 9 57 0 22 01 10 197 20 109 3 0000 4 0000 5 0000 6 000 0 7 00 0 0 8 0 0 0 0 333 10 /// 58 000 6 000 0 7 0000 
09-MAY-2015 03 48033 2 2 9 62 0 09 01 10 290 20 230 3 0000 4 0060 5 0000 6 000 0 7 00 0 0 8 0 0 0 0 333 10 /// 59 018 6 000 0 7 0000 
09-MAY-2015 03 48034 2 1 4 56 1 04 01 10 227 20 181 3 0000 4 0000 5 0000 6 000 0 7 01 5 5 8 1 5 0 0 333 10 /// 58 000 6 000 0 7 0000 
09-MAY-2015 03 48035 3 1 4 30 8 00 00 10 202 20 186 3 0000 4 0095 5 0000 6 000 0 7 60 2 2 8 5 9 7 / 333 10 /// 58 013 6 000 0 7 0000 
09-MAY-2015 03 48037 3 2 9 57 0 32 01 10 282 20 203 3 0000 4 0071 5 0000 6 000 0 7 00 0 0 8 0 0 0 0 333 10 /// 59 005 6 000 0 7 0000 
09-MAY-2015 03 48039 2 2 8 59 2 14 01 10 275 20 220 3 0000 4 0000 5 0000 6 000 0 7 00 0 0 8 0 0 0 2 333 10 /// 58 000 6 000 0 7 0000 
09-MAY-2015 03 48042 2 2 9 57 0 13 02 10 285 20 225 3 0000 4 0077 5 0000 6 000 0 7 00 0 0 8 0 0 0 0 333 10 /// 59 008 6 000 0 7 0000 
09-MAY-2015 03 48043 3 2 6 40 8 00 00 10 200 20 195 3 0000 4 0000 5 0000 6 000 0 7 00 0 0 8 5 8 7 / 333 10 /// 58 000 6 000 0 7 0000 
09-MAY-2015 03 48045 3 1 9 58 0 14 02 10 230 20 124 3 0000 4 0000 5 0000 6 000 0 7 04 4 4 8 0 0 0 0 333 10 /// 58 000 6 000 0 7 0000 
09-MAY-2015 03 48048 3 2 9 60 0 32 01 10 320 20 200 3 0000 4 0076 5 0000 6 000 0 7 00 0 0 8 0 0 0 0 333 10 /// 58 001 6 000 0 7 0000 
09-MAY-2015 03 48052 3 2 4 58 2 32 03 10 320 20 200 3 0000 4 0000 5 0000 6 000 0 7 00 0 0 8 2 2 0 0 333 10 /// 58 000 6 000 0 7 0000 
09-MAY-2015 03 48053 3 2 4 56 4 22 01 10 320 20 248 3 0000 4 0067 5 0000 6 000 0 7 00 0 0 8 3 8 5 0 333 10 /// 59 024 6 000 0 7 0000 
09-MAY-2015 03 48055 2 1 4 56 8 00 00 10 198 20 182 3 0000 4 0113 5 0000 6 000 0 7 95 9 6 8 6 9 7 / 333 10 /// 58 033 6 000 0 7 0000 
09-MAY-2015 03 48057 2 1 4 56 6 14 01 10 157 20 144 3 0000 4 0000 5 0000 6 000 0 7 17 9 6 8 4 9 5 0 333 10 /// 58 000 6 000 0 7 0000 
09-MAY-2015 03 48060 2 1 4 40 2 00 00 10 258 20 179 3 0000 4 0080 5 0000 6 000 0 7 05 4 4 8 2 8 0 0 333 10 /// 58 009 6 000 0 7 0000 
09-MAY-2015 03 48062 3 2 5 56 5 09 02 10 310 20 280 3 0000 4 0084 5 0000 6 000 0 7 02 2 2 8 4 8 3 0 333 10 /// 59 004 6 000 0 7 0000 
09-MAY-2015 03 48064 3 2 9 60 0 04 01 10 320 20 248 3 0000 4 0065 5 0000 6 000 0 7 00 0 0 8 0 0 0 0 333 10 /// 59 003 6 000 0 7 0000 
09-MAY-2015 03 48065 3 2 9 70 0 00 00 10 342 20 267 3 0000 4 0000 5 0000 6 000 0 7 00 0 0 8 0 0 0 0 333 10 /// 58 000 6 000 0 7 0000 
09-MAY-2015 03 48071 3 2 4 58 3 32 02 10 310 20 254 3 0000 4 0094 5 0000 6 000 0 7 00 0 0 8 3 9 0 0 333 10 /// 58 003 6 000 0 7 0000 
09-MAY-2015 03 48072 3 2 4 60 2 04 02 10 320 20 265 3 0000 4 0000 5 0000 6 000 0 7 01 2 2 8 2 3 0 0 333 10 /// 58 000 6 000 0 7 0000 
09-MAY-2015 03 48074 3 2 4 59 4 14 02 10 305 20 253 3 0000 4 0094 5 0000 6 000 0 7 00 0 0 8 4 8 0 0 333 10 /// 59 002 6 000 0 7 0000 
09-MAY-2015 03 48075 3 2 9 57 0 13 01 10 270 20 230 3 0000 4 0083 5 0000 6 000 0 7 03 0 0 8 0 0 0 0 333 10 /// 59 002 6 000 0 7 0000 
09-MAY-2015 03 48077 3 2 9 59 1 23 01 10 320 20 248 3 0000 4 0075 5 0000 6 000 0 7 00 0 0 8 0 0 0 1 333 10 /// 59 008 6 000 0 7 0000 
09-MAY-2015 03 48078 3 2 5 56 6 18 03 10 323 20 270 3 0000 4 0084 5 0000 6 000 0 7 00 0 0 8 5 8 0 1 333 10 /// 59 006 6 000 0 7 0000 
09-MAY-2015 03 48080 3 2 4 59 6 32 03 10 321 20 281 3 0000 4 0102 5 0000 6 000 0 7 00 0 0 8 4 8 7 0 333 10 /// 58 000 6 000 0 7 0000 
09-MAY-2015 03 48085 3 2 4 58 3 32 03 10 320 20 248 3 0000 4 0081 5 0000 6 000 0 7 00 0 0 8 3 3 0 0 333 10 /// 59 006 6 000 0 7 0000 
09-MAY-2015 03 48087 3 2 9 60 0 23 02 10 330 20 244 3 0000 4 0000 5 0000 6 000 0 7 00 0 0 8 0 0 0 0 333 10 /// 58 000 6 000 0 7 0000 
09-MAY-2015 03 48092 3 1 4 56 5 23 03 10 315 20 260 3 0000 4 0072 5 0000 6 000 0 7 05 2 2 8 5 2 0 0 333 10 /// 58 006 6 000 0 7 0000 
09-MAY-2015 03 48093 3 2 6 58 4 04 01 10 322 20 245 3 0000 4 0000 5 0000 6 000 0 7 00 0 0 8 4 8 0 0 333 10 /// 58 000 6 000 0 7 0000 
09-MAY-2015 03 48094 3 2 4 59 4 32 02 10 325 20 255 3 0000 4 0082 5 0000 6 000 0 7 03 2 2 8 4 9 0 0 333 10 /// 59 006 6 000 0 7 0000 
09-MAY-2015 03 48095 3 2 4 58 4 22 01 10 325 20 248 3 0000 4 0000 5 0000 6 000 0 7 00 0 0 8 3 8 4 0 333 10 /// 58 000 6 000 0 7 0000 
09-MAY-2015 03 48097 3 2 5 57 3 23 03 10 320 20 248 3 0000 4 0094 5 0000 6 000 0 7 00 0 0 8 3 8 0 0 333 10 /// 59 008 6 000 0 7 0000 
09-MAY-2015 03 48099 3 2 4 56 3 13 02 10 318 20 248 3 0000 4 0087 5 0000 6 000 0 7 00 0 0 8 3 9 0 0 333 10 /// 59 002 6 000 0 7 0000 
09-MAY-2015 03 48101 3 2 5 58 4 27 02 10 310 20 254 3 0000 4 0000 5 0000 6 000 0 7 03 2 2 8 3 1 3 0 333 10 /// 58 000 6 000 0 7 0000 
09-MAY-2015 03 48103 2 1 4 56 5 32 01 10 320 20 248 3 0000 4 0092 5 0000 6 000 0 7 01 5 5 8 5 9 0 0 333 10 /// 59 007 6 000 0 7 0000 
09-MAY-2015 03 48107 3 2 3 50 4 27 01 10 310 20 254 3 0000 4 0081 5 0000 6 000 0 7 00 0 0 8 4 9 0 0 333 10 /// 58 001 6 000 0 7 0000 
09-MAY-2015 03 48108 3 2 5 96 6 32 03 10 320 20 258 3 0000 4 0095 5 0000 6 000 0 7 00 0 0 8 3 3 6 6 333 10 /// 59 002 6 000 0 7 0000 
09-MAY-2015 03 48109 3 2 4 96 4 04 01 10 316 20 248 3 0000 4 0100 5 0000 6 000 0 7 00 0 0 8 4 9 0 0 333 10 /// 58 000 6 000 0 7 0000 
09-MAY-2015 03 48110 2 1 5 96 5 00 00 10 310 20 254 3 0000 4 0094 5 0000 6 000 0 7 05 2 2 8 2 3 0 6 333 10 /// 58 003 6 000 0 7 0000 
09-MAY-2015 03 48112 2 2 5 97 6 04 01 10 315 20 267 3 0000 4 0098 5 0000 6 000 0 7 00 0 0 8 3 8 7 6 333 10 /// 59 003 6 000 0 7 0000 
