090900 48004 32562 20401 10282 20203 82800 333 56900=
090900 48008 32558 10000 10298 20166 40124 81100 333 56400 59006=
090900 48010 32560 60000 10305 20185 40124 84802 333 56505 59013=
090900 48018 32559 33201 10305 20166 40121 82810 333 56760 59011=
090900 48019 32960 40403 10296 20185 40119 80031 333 56056 59002=
090900 48020 32457 63602 10285 20215 86800 333 56800=
090900 48025 32456 50401 10282 20220 40130 83840 333 56560 59006=
090900 48030 32256 30402 10198 20150 82840 333 56180=
090900 48031 32260 61401 10210 20160 86800 333 56400=
090900 48033 32653 33601 10310 20225 40099 81106 333 56808 59030=
090900 48034 32457 62301 10278 20169 86300 333 56500=
090900 48035 32560 42701 10286 20179 40078 83860 333 56990 59022=
090900 48037 32560 43601 10319 20184 40105 81102 333 56905 59010=
090900 48039 32960 21401 10307 20237 80002 333 56005=
090900 48042 32559 23601 10315 20230 40101 81202 333 56909 59010=
090900 48043 32557 32705 10270 20211 83200 333 56400=
090900 48045 32557 52203 10227 20181 83831 333 56569=
090900 48048 32560 20401 10335 20206 40108 82800 333 56900 59014=
090900 48051 32960 23601 10328 20240 80006 333 56009=
090900 48052 32458 33601 10346 20237 83800 333 56900=
090900 48053 32558 43203 10330 20212 40099 82506 333 56509 59020=
090900 48055 32556 60902 10282 20194 40078 85930 333 56550 59011=
090900 48057 32458 72202 10238 20174 85940 333 56590=
090900 48060 32440 20000 10297 20185 40084 81130 333 56440 58004=
090900 48062 32458 52704 10340 20290 40101 83232 333 56699 59012=
090900 48064 32560 62301 10319 20236 40087 83831 333 56559 59009=
090900 48065 32556 73201 10320 20200 83830 333 56990=
090900 48071 32460 33202 10315 20245 40104 81230 333 56990 59005=
090900 48074 32561 21403 10330 20234 40095 81101 333 56909 59013=  
090900 48075 32558 40000 10290 20215 40103 84800 333 56500 59004=
090900 48077 32559 20401 10334 20212 40096 81201 333 56909 59008=
090900 48078 32560 43201 10327 20240 40090 83801 333 56609 59014=
090900 48080 32561 42203 10332 20258 40090 82236 333 56999 59011=
090900 48085 32458 43205 10327 20258 40092 82959 333 56399 59008=
090900 48092 32459 53201 10340 20257 40066 85800 333 56900 59004=
090900 48093 21556 82301 10273 20270 70365 86970 333 56390=
090900 48094 32459 40403 10340 20235 40094 82806 333 56909 59009=
090900 48095 32560 10000 10325 20248 81200 333 56900=
090900 48096 32459 32803 10330 20244 40088 83300 333 56900 59011=  48001 32556 10901 10260 20229 40138 81100 333 56400 58003=
090900 48097 32557 70501 10330 20251 40110 87300 333 56900 58000=
090900 48099 32558 40000 10357 20249 40080 83901 333 56909 59006=
090900 48101 31558 60000 10330 20258 75022 84970 333 56990=
090900 48103 32457 43202 10342 20257 40079 83830 333 56550 59008=
090900 48107 32350 62301 10322 20248 40087 84970 333 56330 59006=
090900 48108 32596 62302 10340 20257 40082 83366 333 56679 59023=
090900 48110 21496 81301 10310 20267 40088 79555 85377 333 56999 59018=
090900 48112 21597 80403 10260 20246 40088 72152 84876 333 56199 59004=
