090600 48001 32540 20401 10230 20198 40167 82100 333 56300 58008=
090600 48004 32562 20401 10260 20179 82800 333 56900=
090600 48008 32558 13201 10270 20172 40154 81100 333 56400 59010=
090600 48018 32560 11401 10282 20203 40151 81100 333 56300 59013=
090600 48019 32960 03602 10290 20159 40145 333 59011=
090600 48020 32457 53602 10265 20211 85800 333 56800=
090600 48025 32440 53202 10270 20211 40160 83840 333 56660 59010=
090600 48035 32560 30000 10271 20154 40114 83800 333 56900 59014=
090600 48037 32560 40401 10305 20166 40138 81130 333 56550 59010=
090600 48042 32558 52701 10203 20223 40132 83850 333 56770 59008=
090600 48045 32557 42203 10229 20181 82831 333 56569=
090600 48048 32562 40401 10300 20207 40139 82800 333 56900 59010=
090600 48051 32560 33102 10301 20220 82201 333 56909=
090600 48053 32556 23203 10310 20203 40128 82500 333 56500 59034=
090600 48060 32456 20000 10292 20179 40124 82100 333 56400 58015=
090600 48062 32458 50402 10310 20280 40129 83232 333 56699 59009=
090600 48075 32458 41401 10280 20203 40125 84800 333 56300 58009=
090600 48077 32559 30401 10304 20207 40120 81201 333 56909 59010=
090600 48078 32558 20401 10319 20248 40127 81101 333 56909 59008=
090600 48080 32562 42201 10334 20244 40119 82236 333 56999 59006=
090600 48085 32459 13204 10322 20248 40116 81800 333 56300 59010=
090600 48095 32960 10402 10310 20237 80002 333 56009=
090600 48108 32596 60502 10332 20250 40109 83866 333 56899 59014=
090600 48109 32497 70901 10300 20266 40116 85970 333 56330 58010=
090600 48110 31596 73201 10315 20259 40111 70522 82306 333 56209 59009=
090600 48112 32597 80403 10295 20263 40120 84876 333 56199 59002=
090600 48030 31256 60402 10188 20139 70344 82842 333 56189=
090600 48072 32460 63201 10320 20248 8483/ 333 5699/=
090600 48087 32960 20405 10322 20215 80041 333 56099=
090600 48099 32558 33202 10342 20257 40115 82301 333 56909 58001=
090600 48101 32560 43602 10338 20257 83230 333 56390=
090600 48103 32457 50403 10340 20257 40110 83830 333 56110 59001=
090600 48057 32458 43202 10230 20163 82330 333 56390=
090600 48094 32460 20403 10335 20230 40121 81501 333 56909 59003=
090600 48097 32557 60502 10320 20248 40131 83806 333 56909 58001=
090600 48031 32660 51801 10220 20156 85800 333 56400=
090600 48033 32563 23601 10300 20207 40136 81101 333 56409 59018=
090600 48034 32457 21401 10278 20316 82800 333 56500=
090600 48039 32460 33201 10300 20223 81151 333 56555=
090600 48043 32556 61803 10260 20203 84830 333 56490=
090600 48052 32458 30401 10320 20236 83800 333 56900=
090600 48055 32556 60404 10272 20211 40115 83830 333 56550 59010=
090600 48064 32960 01401 10319 20236 40130 333 59006=
090600 48065 32957 12201 10310 20225 80030 333 56090=
090600 48074 32561 33606 10310 20237 40133 82801 333 56909 59010=
090600 48092 32459 33201 10330 20258 40095 81131 333 56999 59005=
090600 48093 32658 41401 10340 20270 84800 333 56300=
090600 48107 32950 01301 10340 20257 40105 333 59008=
