09-OCT-2015 06 48051 3 2 5 59 6 36 03 10 302 20 250 3 0000 4 0000 5 0000 6 000 0 7 00 0 0 8 4 9 3 0 333 10 /// 58 000 6 000 0 7 0000 
09-OCT-2015 06 48057 2 1 4 56 8 14 03 10 208 20 175 3 0000 4 0000 5 0000 6 000 0 7 02 5 5 8 6 9 5 0 333 10 /// 58 000 6 000 0 7 0000 
09-OCT-2015 06 48062 2 1 3 50 8 27 13 10 280 20 270 3 0000 4 0063 5 0000 6 000 0 7 96 9 6 8 6 9 2 0 333 10 /// 59 012 6 000 0 7 0000 
09-OCT-2015 06 48071 2 1 3 56 8 23 05 10 277 20 268 3 0000 4 0070 5 0000 6 000 0 7 60 9 6 8 6 9 2 / 333 10 /// 59 016 6 000 0 7 0000 
09-OCT-2015 06 48072 2 1 4 56 8 27 05 10 260 20 246 3 0000 4 0000 5 0000 6 000 0 7 60 9 6 8 3 9 7 0 333 10 /// 58 000 6 000 0 7 0000 
09-OCT-2015 06 48075 3 2 4 56 7 22 01 10 240 20 209 3 0000 4 0087 5 0000 6 000 0 7 00 0 0 8 5 7 7 0 333 10 /// 59 017 6 000 0 7 0000 
09-OCT-2015 06 48077 3 2 5 59 8 23 01 10 280 20 268 3 0000 4 0076 5 0000 6 000 0 7 00 0 0 8 5 9 7 0 333 10 /// 59 021 6 000 0 7 0000 
09-OCT-2015 06 48078 2 1 5 58 8 14 03 10 292 20 259 3 0000 4 0088 5 0000 6 000 0 7 02 5 5 8 5 8 7 / 333 10 /// 59 019 6 000 0 7 0000 
09-OCT-2015 06 48080 2 1 4 58 8 22 15 10 271 20 256 3 0000 4 0082 5 0000 6 000 0 7 50 6 5 8 5 9 7 0 333 10 /// 59 008 6 000 0 7 0000 
09-OCT-2015 06 48087 3 2 4 58 7 23 03 10 302 20 253 3 0000 4 0000 5 0000 6 000 0 7 00 0 0 8 4 3 7 0 333 10 /// 58 000 6 000 0 7 0000 
09-OCT-2015 06 48092 2 1 4 58 8 23 05 10 250 20 250 3 0000 4 0074 5 0000 6 000 0 7 95 9 6 8 5 9 7 / 333 10 /// 59 007 6 000 0 7 0000 
09-OCT-2015 06 48093 2 1 5 56 8 23 01 10 268 20 256 3 0000 4 0000 5 0000 6 000 0 7 51 6 5 8 6 9 7 / 333 10 /// 58 000 6 000 0 7 0000 
09-OCT-2015 06 48094 2 1 4 58 8 23 02 10 255 20 255 3 0000 4 0087 5 0000 6 000 0 7 50 6 6 8 6 9 7 / 333 10 /// 59 008 6 000 0 7 0000 
09-OCT-2015 06 48095 2 1 4 58 8 22 02 10 260 20 260 3 0000 4 0000 5 0000 6 000 0 7 60 5 5 8 4 9 7 0 333 10 /// 58 000 6 000 0 7 0000 
09-OCT-2015 06 48097 2 1 4 57 8 24 02 10 270 20 256 3 0000 4 0108 5 0000 6 000 0 7 50 9 5 8 4 9 7 / 333 10 /// 59 028 6 000 0 7 0000 
09-OCT-2015 06 48099 2 1 3 40 8 18 03 10 272 20 256 3 0000 4 0093 5 0000 6 000 0 7 51 6 5 8 6 9 7 / 333 10 /// 59 008 6 000 0 7 0000 
09-OCT-2015 06 48101 2 1 5 58 8 23 02 10 280 20 268 3 0000 4 0000 5 0000 6 000 0 7 02 6 5 8 5 9 2 / 333 10 /// 58 000 6 000 0 7 0000 
09-OCT-2015 06 48103 2 1 4 40 8 14 03 10 260 20 246 3 0000 4 0096 5 0000 6 000 0 7 50 6 5 8 6 7 7 / 333 10 /// 59 009 6 000 0 7 0000 
09-OCT-2015 06 48107 2 1 3 50 6 23 01 10 284 20 268 3 0000 4 0108 5 0000 6 000 0 7 01 6 5 8 4 9 7 0 333 10 /// 59 005 6 000 0 7 0000 
09-OCT-2015 06 48108 3 2 5 95 7 23 04 10 320 20 265 3 0000 4 0113 5 0000 6 000 0 7 00 0 0 8 4 3 6 6 333 10 /// 59 004 6 000 0 7 0000 
09-OCT-2015 06 48109 3 2 4 97 5 27 02 10 312 20 267 3 0000 4 0101 5 0000 6 000 0 7 00 0 0 8 4 9 0 1 333 10 /// 59 014 6 000 0 7 0000 
09-OCT-2015 06 48112 3 1 5 97 8 32 03 10 321 20 265 3 0000 4 0116 5 0000 6 000 0 7 05 2 2 8 3 8 7 6 333 10 /// 59 010 6 000 0 7 0000 
