09-OCT-2015 09 48004 2 2 3 56 7 04 01 10 249 20 249 3 0000 4 0000 5 0000 6 000 0 7 00 0 0 8 7 9 0 0 333 10 /// 58 000 6 000 0 7 0000 
09-OCT-2015 09 48008 3 1 4 50 8 00 00 10 235 20 226 3 0000 4 0035 5 0000 6 000 0 7 53 6 6 8 4 9 7 / 333 10 /// 59 027 6 000 0 7 0000 
09-OCT-2015 09 48010 2 1 4 56 4 36 01 10 245 20 245 3 0000 4 0016 5 0000 6 000 0 7 01 5 5 8 4 7 7 0 333 10 /// 59 052 6 000 0 7 0000 
09-OCT-2015 09 48018 2 1 3 40 8 32 01 10 250 20 248 3 0000 4 0027 5 0000 6 000 0 7 61 6 6 8 5 7 7 / 333 10 /// 59 038 6 000 0 7 0000 
09-OCT-2015 09 48019 2 1 4 56 8 32 03 10 246 20 233 3 0000 4 0015 5 0000 6 000 0 7 63 6 6 8 5 7 7 / 333 10 /// 59 047 6 000 0 7 0000 
09-OCT-2015 09 48020 2 2 3 58 7 36 04 10 252 20 244 3 0000 4 0000 5 0000 6 000 0 7 00 0 0 8 4 7 3 1 333 10 /// 58 000 6 000 0 7 0000 
09-OCT-2015 09 48025 2 2 4 40 7 14 02 10 247 20 247 3 0000 4 0007 5 0000 6 000 0 7 00 0 0 8 5 7 7 0 333 10 /// 59 047 6 000 0 7 0000 
09-OCT-2015 09 48030 2 1 1 30 8 22 01 10 185 20 185 3 0000 4 0000 5 0000 6 000 0 7 50 5 5 8 8 9 / / 333 10 /// 58 000 6 000 0 7 0000 
09-OCT-2015 09 48031 2 2 2 60 7 14 01 10 200 20 200 3 0000 4 0000 5 0000 6 000 0 7 00 0 0 8 7 8 0 0 333 10 /// 58 000 6 000 0 7 0000 
09-OCT-2015 09 48033 2 1 4 58 8 18 01 10 255 20 255 3 0000 4 0004 5 0000 6 000 0 7 50 6 5 8 6 9 7 / 333 10 /// 59 056 6 000 0 7 0000 
09-OCT-2015 09 48034 2 1 1 48 8 23 04 10 200 20 200 3 0000 4 0000 5 0000 6 000 0 7 61 6 5 8 6 9 2 / 333 10 /// 58 000 6 000 0 7 0000 
09-OCT-2015 09 48035 3 2 5 60 8 18 02 10 247 20 205 3 0000 4 0007 5 0000 6 000 0 7 00 0 0 8 5 9 7 / 333 10 /// 59 007 6 000 0 7 0000 
09-OCT-2015 09 48037 2 1 4 59 8 18 01 10 260 20 260 3 0000 4 0006 5 0000 6 000 0 7 52 6 5 8 5 8 2 / 333 10 /// 59 040 6 000 0 7 0000 
09-OCT-2015 09 48039 2 1 4 59 8 14 02 10 290 20 248 3 0000 4 0000 5 0000 6 000 0 7 02 5 5 8 8 9 / / 333 10 /// 58 000 6 000 0 7 0000 
09-OCT-2015 09 48042 2 1 5 57 8 13 06 10 290 20 230 3 0000 4 9996 5 0000 6 000 0 7 50 5 5 8 5 9 7 / 333 10 /// 59 059 6 000 0 7 0000 
09-OCT-2015 09 48043 2 1 5 40 8 18 08 10 215 20 205 3 0000 4 0000 5 0000 6 000 0 7 50 5 5 8 6 7 7 / 333 10 /// 58 000 6 000 0 7 0000 
09-OCT-2015 09 48045 3 2 5 56 7 14 03 10 230 20 181 3 0000 4 0000 5 0000 6 000 0 7 00 0 0 8 6 3 7 0 333 10 /// 58 000 6 000 0 7 0000 
09-OCT-2015 09 48048 3 2 5 60 7 18 03 10 300 20 239 3 0000 4 0004 5 0000 6 000 0 7 00 0 0 8 5 9 5 0 333 10 /// 59 050 6 000 0 7 0000 
09-OCT-2015 09 48051 3 2 5 59 6 36 02 10 300 20 250 3 0000 4 0000 5 0000 6 000 0 7 00 0 0 8 5 9 3 0 333 10 /// 58 000 6 000 0 7 0000 
09-OCT-2015 09 48052 3 2 4 56 7 18 06 10 290 20 248 3 0000 4 0000 5 0000 6 000 0 7 00 0 0 8 5 9 3 0 333 10 /// 58 000 6 000 0 7 0000 
09-OCT-2015 09 48053 3 2 4 56 7 18 06 10 280 20 233 3 0000 4 0028 5 0000 6 000 0 7 00 0 0 8 5 9 5 0 333 10 /// 59 043 6 000 0 7 0000 
09-OCT-2015 09 48055 2 1 4 56 7 23 07 10 244 20 213 3 0000 4 0033 5 0000 6 000 0 7 02 5 5 8 5 9 7 0 333 10 /// 59 010 6 000 0 7 0000 
09-OCT-2015 09 48057 2 1 4 57 8 14 06 10 202 20 175 3 0000 4 0000 5 0000 6 000 0 7 50 5 5 8 6 9 5 0 333 10 /// 58 000 6 000 0 7 0000 
09-OCT-2015 09 48060 2 2 4 40 7 00 00 10 280 20 220 3 0000 4 0016 5 0000 6 000 0 7 00 0 0 8 4 3 3 0 333 10 /// 59 011 6 000 0 7 0000 
09-OCT-2015 09 48062 2 2 3 50 8 27 09 10 270 20 270 3 0000 4 0038 5 0000 6 000 0 7 00 0 0 8 6 9 7 0 333 10 /// 59 019 6 000 0 7 0000 
09-OCT-2015 09 48064 2 2 4 56 8 04 01 10 270 20 256 3 0000 4 0019 5 0000 6 000 0 7 00 0 0 8 5 3 7 0 333 10 /// 59 043 6 000 0 7 0000 
09-OCT-2015 09 48065 2 2 4 50 8 14 02 10 270 20 256 3 0000 4 0000 5 0000 6 000 0 7 00 0 0 8 6 9 7 / 333 10 /// 58 000 6 000 0 7 0000 
09-OCT-2015 09 48071 2 2 4 58 8 27 04 10 270 20 256 3 0000 4 0048 5 0000 6 000 0 7 00 0 0 8 6 9 7 / 333 10 /// 59 017 6 000 0 7 0000 
09-OCT-2015 09 48072 2 1 4 58 8 27 01 10 270 20 256 3 0000 4 0000 5 0000 6 000 0 7 50 5 5 8 6 9 7 0 333 10 /// 58 000 6 000 0 7 0000 
09-OCT-2015 09 48074 3 2 3 57 8 14 05 10 280 20 250 3 0000 4 0052 5 0000 6 000 0 7 00 0 0 8 5 7 7 / 333 10 /// 59 016 6 000 0 7 0000 
09-OCT-2015 09 48075 2 1 4 56 7 22 02 10 250 20 219 3 0000 4 0056 5 0000 6 000 0 7 20 5 2 8 5 7 7 0 333 10 /// 58 005 6 000 0 7 0000 
09-OCT-2015 09 48077 2 1 4 57 6 23 01 10 264 20 260 3 0000 4 0046 5 0000 6 000 0 7 61 6 2 8 5 9 7 0 333 10 /// 59 013 6 000 0 7 0000 
09-OCT-2015 09 48078 2 1 4 57 8 14 01 10 285 20 263 3 0000 4 0065 5 0000 6 000 0 7 50 5 5 8 5 7 2 / 333 10 /// 59 011 6 000 0 7 0000 
09-OCT-2015 09 48085 2 1 3 50 8 14 02 10 252 20 250 3 0000 4 0066 5 0000 6 000 0 7 51 6 5 8 6 7 2 0 333 10 /// 59 003 6 000 0 7 0000 
09-OCT-2015 09 48087 2 1 4 56 8 23 02 10 250 20 250 3 0000 4 0000 5 0000 6 000 0 7 50 6 5 8 5 9 7 / 333 10 /// 58 000 6 000 0 7 0000 
09-OCT-2015 09 48092 2 1 4 57 8 27 02 10 280 20 259 3 0000 4 0053 5 0000 6 000 0 7 50 2 2 8 5 9 7 / 333 10 /// 59 012 6 000 0 7 0000 
09-OCT-2015 09 48093 2 1 5 56 8 27 01 10 279 20 268 3 0000 4 0000 5 0000 6 000 0 7 02 5 5 8 6 9 7 / 333 10 /// 58 000 6 000 0 7 0000 
09-OCT-2015 09 48094 2 1 4 58 8 00 00 10 260 20 260 3 0000 4 0073 5 0000 6 000 0 7 03 6 6 8 5 9 7 0 333 10 /// 58 002 6 000 0 7 0000 
09-OCT-2015 09 48095 2 1 4 58 8 22 02 10 260 20 260 3 0000 4 0000 5 0000 6 000 0 7 51 6 5 8 5 9 7 0 333 10 /// 58 000 6 000 0 7 0000 
09-OCT-2015 09 48096 2 1 4 30 8 24 20 10 240 20 240 3 0000 4 0082 5 0000 6 000 0 7 62 6 6 8 5 9 7 / 333 10 /// 58 013 6 000 0 7 0000 
09-OCT-2015 09 48097 2 1 4 57 8 24 02 10 285 20 264 3 0000 4 0081 5 0000 6 000 0 7 62 6 5 8 4 9 7 / 333 10 /// 59 004 6 000 0 7 0000 
09-OCT-2015 09 48099 2 1 3 40 7 18 04 10 265 20 246 3 0000 4 0074 5 0000 6 000 0 7 50 5 5 8 5 9 7 0 333 10 /// 58 005 6 000 0 7 0000 
09-OCT-2015 09 48101 2 1 5 58 8 27 02 10 270 20 256 3 0000 4 0000 5 0000 6 000 0 7 50 6 5 8 5 9 7 / 333 10 /// 58 000 6 000 0 7 0000 
09-OCT-2015 09 48103 2 1 4 40 8 32 01 10 267 20 256 3 0000 4 0077 5 0000 6 000 0 7 50 5 5 8 6 7 7 / 333 10 /// 58 004 6 000 0 7 0000 
09-OCT-2015 09 48107 2 2 3 50 5 23 01 10 300 20 250 3 0000 4 0086 5 0000 6 000 0 7 00 0 0 8 5 9 0 0 333 10 /// 59 003 6 000 0 7 0000 
09-OCT-2015 09 48108 2 1 4 94 8 14 02 10 260 20 260 3 0000 4 0098 5 0000 6 000 0 7 50 6 5 8 5 3 7 / 333 10 /// 58 010 6 000 0 7 0000 
09-OCT-2015 09 48109 3 2 4 97 5 27 02 10 310 20 267 3 0000 4 0087 5 0000 6 000 0 7 00 0 0 8 5 9 0 0 333 10 /// 59 001 6 000 0 7 0000 
09-OCT-2015 09 48110 3 2 4 96 8 18 02 10 320 20 265 3 0000 4 0090 5 0000 6 000 0 7 00 0 0 8 5 3 5 7 333 10 /// 59 004 6 000 0 7 0000 
09-OCT-2015 09 48112 3 1 5 97 8 22 03 10 337 20 257 3 0000 4 0087 5 0000 6 000 0 7 05 2 2 8 3 8 7 6 333 10 /// 59 009 6 000 0 7 0000 
