090600 48051 32559 63603 10302 20250 84930 333 56690=
090600 48057 21456 81403 10208 20175 70255 86950 333 56490=
090600 48062 21350 82713 10280 20270 40063 79696 86920 333 56690 59012=
090600 48071 21356 82305 10277 20268 40070 76096 8692/ 333 5659/ 59016=
090600 48072 21456 82705 10260 20246 76096 83970 333 56590=
090600 48075 32456 72201 10240 20209 40087 85770 333 56590 59017=
090600 48077 32559 82301 10280 20268 40076 85970 333 56490 59021=
090600 48078 21558 81403 10292 20259 40088 70255 8587/ 333 56499 59019=
090600 48080 21458 82215 10271 20256 40082 75065 85970 333 56590 59008=
090600 48087 32458 72303 10302 20253 84370 333 56690=
090600 48092 21458 82305 10250 20250 40074 79596 8597/ 333 5659/ 59007=
090600 48093 21556 82301 10268 20256 75165 8697/ 333 56999=
090600 48094 21458 82302 10255 20255 40087 75066 8697/ 333 5649/ 59008=
090600 48095 21458 82202 10260 20260 76055 84970 333 56990=
090600 48097 21457 82402 10270 20256 40108 75095 8497/ 333 5659/ 59028=
090600 48099 21340 81803 10272 20256 40093 75165 8697/ 333 5639/ 59008=
090600 48101 21558 82302 10280 20268 70265 8592/ 333 5699/=
090600 48103 21440 81403 10260 20246 40096 75065 8677/ 333 5639/ 59009=
090600 48107 21350 62301 10284 20268 40108 70165 84970 333 56440 59005=
090600 48108 32595 72304 10320 20265 40113 84366 333 56599 59004=
090600 48109 32497 52702 10312 20267 40101 84901 333 56909 59014=
090600 48112 31597 83203 10321 20265 40116 70522 83876 333 56799 59010=
