09-OCT-2015 03 48004 2 1 1 10 8 00 00 10 239 20 239 3 0000 4 0000 5 0000 6 000 0 7 52 6 5 8 6 9 7 / 333 10 /// 58 000 6 000 0 7 0000 
09-OCT-2015 03 48008 3 1 4 50 8 00 00 10 235 20 226 3 0000 4 0067 5 0000 6 000 0 7 51 5 5 8 4 9 7 / 333 10 /// 59 041 6 000 0 7 0000 
09-OCT-2015 03 48010 2 1 4 20 8 32 01 10 235 20 235 3 0000 4 0056 5 0000 6 000 0 7 61 6 6 8 8 7 / / 333 10 /// 59 052 6 000 0 7 0000 
09-OCT-2015 03 48018 2 1 4 56 8 00 00 10 250 20 248 3 0000 4 0069 5 0000 6 000 0 7 50 5 5 8 4 7 7 / 333 10 /// 59 037 6 000 0 7 0000 
09-OCT-2015 03 48019 2 2 4 58 8 32 01 10 254 20 233 3 0000 4 0053 5 0000 6 000 0 7 00 0 0 8 5 7 7 0 333 10 /// 59 044 6 000 0 7 0000 
09-OCT-2015 03 48020 2 1 2 40 8 04 02 10 240 20 238 3 0000 4 0000 5 0000 6 000 0 7 61 6 5 8 8 7 / / 333 10 /// 58 000 6 000 0 7 0000 
09-OCT-2015 03 48025 2 1 0 08 8 18 01 10 246 20 246 3 0000 4 0039 5 0000 6 000 0 7 61 6 5 8 5 7 2 / 333 10 /// 59 059 6 000 0 7 0000 
09-OCT-2015 03 48030 2 1 / 03 9 04 02 10 170 20 170 3 0000 4 0000 5 0000 6 000 0 7 63 6 4 8 9 / / / 333 10 /// 58 000 6 000 0 7 0000 
09-OCT-2015 03 48031 2 1 / 03 9 18 01 10 175 20 175 3 0000 4 0000 5 0000 6 000 0 7 63 6 4 8 9 / / / 333 10 /// 58 000 6 000 0 7 0000 
09-OCT-2015 03 48033 2 1 4 60 7 18 01 10 250 20 250 3 0000 4 0046 5 0000 6 000 0 7 02 5 5 8 5 9 7 0 333 10 /// 59 057 6 000 0 7 0000 
09-OCT-2015 03 48034 2 1 4 56 8 23 04 10 202 20 195 3 0000 4 0000 5 0000 6 000 0 7 50 5 5 8 6 9 2 / 333 10 /// 58 000 6 000 0 7 0000 
09-OCT-2015 03 48035 2 2 3 56 8 00 00 10 246 20 219 3 0000 4 0067 5 0000 6 000 0 7 00 0 0 8 5 9 7 / 333 10 /// 59 032 6 000 0 7 0000 
09-OCT-2015 03 48037 2 1 4 58 8 18 01 10 250 20 250 3 0000 4 0038 5 0000 6 000 0 7 53 5 5 8 5 8 2 / 333 10 /// 59 058 6 000 0 7 0000 
09-OCT-2015 03 48039 2 1 4 50 8 14 01 10 273 20 240 3 0000 4 0000 5 0000 6 000 0 7 50 5 5 8 8 9 / / 333 10 /// 58 000 6 000 0 7 0000 
09-OCT-2015 03 48042 2 1 5 57 8 13 04 10 280 20 233 3 0000 4 0061 5 0000 6 000 0 7 50 5 5 8 5 9 7 / 333 10 /// 59 037 6 000 0 7 0000 
09-OCT-2015 03 48043 2 2 5 40 8 18 05 10 210 20 210 3 0000 4 0000 5 0000 6 000 0 7 00 0 0 8 5 8 7 / 333 10 /// 58 000 6 000 0 7 0000 
09-OCT-2015 03 48045 2 1 1 30 7 04 02 10 190 20 190 3 0000 4 0000 5 0000 6 000 0 7 21 6 4 8 5 8 7 / 333 10 /// 58 000 6 000 0 7 0000 
09-OCT-2015 03 48048 2 2 5 58 7 18 02 10 273 20 240 3 0000 4 0040 5 0000 6 000 0 7 00 0 0 8 5 9 7 0 333 10 /// 59 057 6 000 0 7 0000 
09-OCT-2015 03 48051 2 2 5 59 6 31 01 10 280 20 270 3 0000 4 0000 5 0000 6 000 0 7 00 0 0 8 4 9 3 0 333 10 /// 58 000 6 000 0 7 0000 
09-OCT-2015 03 48052 2 2 4 60 8 13 04 10 266 20 240 3 0000 4 0000 5 0000 6 000 0 7 00 0 0 8 5 9 7 0 333 10 /// 58 000 6 000 0 7 0000 
09-OCT-2015 03 48053 2 2 4 50 8 18 05 10 260 20 229 3 0000 4 0071 5 0000 6 000 0 7 00 0 0 8 5 7 5 / 333 10 /// 59 047 6 000 0 7 0000 
09-OCT-2015 03 48055 3 2 4 56 7 23 02 10 228 20 206 3 0000 4 0088 5 0000 6 000 0 7 00 0 0 8 5 9 3 0 333 10 /// 59 019 6 000 0 7 0000 
09-OCT-2015 03 48057 2 1 3 57 8 14 03 10 195 20 185 3 0000 4 0000 5 0000 6 000 0 7 50 5 5 8 6 9 5 0 333 10 /// 58 000 6 000 0 7 0000 
09-OCT-2015 03 48060 2 2 4 40 7 00 00 10 250 20 219 3 0000 4 0095 5 0000 6 000 0 7 00 0 0 8 5 8 3 0 333 10 /// 59 016 6 000 0 7 0000 
09-OCT-2015 03 48062 2 2 3 50 8 23 09 10 275 20 270 3 0000 4 0055 5 0000 6 000 0 7 00 0 0 8 6 9 7 0 333 10 /// 59 028 6 000 0 7 0000 
09-OCT-2015 03 48064 2 2 4 56 8 04 02 10 265 20 256 3 0000 4 0059 5 0000 6 000 0 7 00 0 0 8 5 7 7 0 333 10 /// 59 029 6 000 0 7 0000 
09-OCT-2015 03 48065 2 1 4 50 8 22 05 10 266 20 256 3 0000 4 0000 5 0000 6 000 0 7 50 5 5 8 6 9 7 / 333 10 /// 58 000 6 000 0 7 0000 
09-OCT-2015 03 48071 2 1 3 56 8 23 04 10 260 20 260 3 0000 4 0075 5 0000 6 000 0 7 17 9 6 8 6 9 2 / 333 10 /// 59 022 6 000 0 7 0000 
09-OCT-2015 03 48072 2 1 4 56 8 27 03 10 265 20 256 3 0000 4 0000 5 0000 6 000 0 7 60 6 5 8 6 9 7 0 333 10 /// 58 000 6 000 0 7 0000 
09-OCT-2015 03 48074 2 2 3 56 8 23 06 10 260 20 246 3 0000 4 0095 5 0000 6 000 0 7 00 0 0 8 6 7 2 / 333 10 /// 59 032 6 000 0 7 0000 
09-OCT-2015 03 48075 2 1 4 50 8 14 01 10 220 20 205 3 0000 4 0115 5 0000 6 000 0 7 20 5 5 8 6 7 7 / 333 10 /// 59 009 6 000 0 7 0000 
09-OCT-2015 03 48077 2 2 4 57 8 23 01 10 270 20 256 3 0000 4 0071 5 0000 6 000 0 7 00 0 0 8 5 9 7 0 333 10 /// 59 035 6 000 0 7 0000 
09-OCT-2015 03 48078 2 1 5 56 8 14 01 10 257 20 247 3 0000 4 0105 5 0000 6 000 0 7 02 5 5 8 5 5 2 / 333 10 /// 59 020 6 000 0 7 0000 
09-OCT-2015 03 48080 2 1 4 59 8 13 10 10 253 20 250 3 0000 4 0090 5 0000 6 000 0 7 51 6 5 8 5 9 2 0 333 10 /// 59 015 6 000 0 7 0000 
09-OCT-2015 03 48085 2 1 3 50 8 14 03 10 262 20 260 3 0000 4 0096 5 0000 6 000 0 7 51 6 5 8 6 9 2 0 333 10 /// 59 012 6 000 0 7 0000 
09-OCT-2015 03 48087 2 2 4 58 8 23 01 10 280 20 250 3 0000 4 0000 5 0000 6 000 0 7 00 0 0 8 5 9 7 / 333 10 /// 58 000 6 000 0 7 0000 
09-OCT-2015 03 48092 2 2 4 58 7 23 04 10 285 20 264 3 0000 4 0093 5 0000 6 000 0 7 00 0 0 8 4 7 7 1 333 10 /// 59 016 6 000 0 7 0000 
09-OCT-2015 03 48093 2 2 5 56 5 14 03 10 281 20 268 3 0000 4 0000 5 0000 6 000 0 7 00 0 0 8 5 8 0 0 333 10 /// 58 000 6 000 0 7 0000 
09-OCT-2015 03 48094 2 2 4 58 8 22 02 10 290 20 260 3 0000 4 0098 5 0000 6 000 0 7 00 0 0 8 6 9 7 0 333 10 /// 59 014 6 000 0 7 0000 
09-OCT-2015 03 48095 2 2 4 58 8 22 02 10 290 20 259 3 0000 4 0000 5 0000 6 000 0 7 00 0 0 8 4 8 4 0 333 10 /// 58 000 6 000 0 7 0000 
09-OCT-2015 03 48096 3 2 4 57 7 21 08 10 290 20 243 3 0000 4 0112 5 0000 6 000 0 7 00 0 0 8 4 9 7 0 333 10 /// 59 021 6 000 0 7 0000 
09-OCT-2015 03 48097 2 2 5 57 7 21 03 10 290 20 254 3 0000 4 0120 5 0000 6 000 0 7 00 0 0 8 4 8 5 0 333 10 /// 59 016 6 000 0 7 0000 
09-OCT-2015 03 48099 2 2 4 50 5 13 02 10 290 20 248 3 0000 4 0109 5 0000 6 000 0 7 00 0 0 8 4 3 7 0 333 10 /// 59 013 6 000 0 7 0000 
09-OCT-2015 03 48101 2 2 4 57 8 18 02 10 280 20 268 3 0000 4 0000 5 0000 6 000 0 7 00 0 0 8 5 9 7 / 333 10 /// 58 000 6 000 0 7 0000 
09-OCT-2015 03 48103 3 2 4 56 5 14 04 10 290 20 259 3 0000 4 0109 5 0000 6 000 0 7 00 0 0 8 3 7 3 0 333 10 /// 59 021 6 000 0 7 0000 
09-OCT-2015 03 48107 2 2 3 50 6 13 01 10 282 20 250 3 0000 4 0110 5 0000 6 000 0 7 00 0 0 8 4 9 7 0 333 10 /// 59 015 6 000 0 7 0000 
09-OCT-2015 03 48108 2 2 4 94 8 23 03 10 270 20 256 3 0000 4 0122 5 0000 6 000 0 7 00 0 0 8 4 3 7 7 333 10 /// 59 008 6 000 0 7 0000 
09-OCT-2015 03 48109 2 1 4 97 6 27 01 10 288 20 259 3 0000 4 0112 5 0000 6 000 0 7 50 2 2 8 6 9 0 0 333 10 /// 59 008 6 000 0 7 0000 
09-OCT-2015 03 48110 2 1 4 96 8 13 03 10 280 20 250 3 0000 4 0127 5 0000 6 000 0 7 02 5 5 8 5 3 7 7 333 10 /// 59 006 6 000 0 7 0000 
09-OCT-2015 03 48112 3 1 5 97 8 32 02 10 288 20 259 3 0000 4 0130 5 0000 6 000 0 7 05 2 2 8 3 8 7 6 333 10 /// 59 005 6 000 0 7 0000 
