48001 NIL=
48004 NIL=
48008 NIL=
48010 NIL=
48018 NIL=
48019 NIL=
48020 NIL=
48025 NIL=
48035 NIL=
48037 NIL=
48042 NIL=
48045 NIL=
48048 NIL=
48051 22559 63101 10280 20270 84930 333 56550=
48053 NIL=
48060 NIL=
48062 22350 82309 10275 20270 40055 86970 333 56590 59028=
48071 21356 82304 10260 20260 40075 71796 8692/ 333 5659/ 59022=
48075 21450 81401 10220 20205 40115 72055 8677/ 333 5659/ 59009=
48077 22457 82301 10270 20256 40071 85970 333 56490 59035=
48078 21556 81401 10257 20247 40105 70255 8552/ 333 5649/ 59020=
48080 NIL=
48085 21350 81403 10262 20260 40096 75165 86920 333 56590 59012=
48095 22458 82202 10290 20259 84840 333 56990=
48108 22494 82303 10270 20256 40122 84377 333 56599 59008=
48109 21497 62701 10288 20259 40112 75022 86900 333 56900 59008=
48110 21496 81303 10280 20250 40127 70255 85377 333 56999 59006=
48112 31597 83202 10288 20259 40130 70522 83876 333 56799 59005=
48030 NIL=
48072 21456 82703 10265 20256 76065 86970 333 56990=
48087 22458 82301 10280 20250 8597/ 333 5639/=
48099 22450 51302 10290 20248 40109 84370 333 56390 59013=
48101 22457 81802 10280 20268 8597/ 333 5649/=
48103 32456 51404 10290 20259 40109 83730 333 56330 59021=
48057 21357 81403 10195 20185 75055 86950 333 56590=
48094 22458 82202 10290 20260 40098 86970 333 56490 59014=
48097 22557 72103 10290 20254 40120 84850 333 56990 59016=
48031 NIL=
48033 NIL=
48034 NIL=
48039 NIL=
48043 NIL=
48052 NIL=
48055 NIL=
48064 NIL=
48065 NIL=
48074 NIL=
48092 22458 72304 10285 20264 40093 84771 333 56599 59016=
48093 22556 51403 10281 20268 85800 333 56300=
48107 22350 61301 10282 20250 40110 84970 333 56440 59015=
48096 32457 72108 10290 20243 40112 84970 333 56990 59021=  48001 21420 80000 10220 20220 40069 76266 887// 333 56599 59062=
48004 21110 80000 10239 20239 75265 8697/ 333 56559=
48008 31450 80000 10235 20226 40067 75155 8497/ 333 56449 59041=
48010 21420 83201 10235 20235 40056 76166 887// 333 56799 59052=
48018 21456 80000 10250 20248 40069 75055 8477/ 333 56999 59037=
48019 22458 83201 10254 20233 40053 85770 333 56450 59044=
48020 21240 80402 10240 20238 76165 887// 333 56499=
48025 21008 81801 10246 20246 40039 76165 8572/ 333 56699 59059=
48035 22356 80000 10246 20219 40067 8597/ 333 56449 59032=
48037 21458 81801 10250 20250 40038 75355 8582/ 333 56449 59058=
48042 21557 81304 10280 20233 40061 75055 8597/ 333 56449 59037=
48045 21130 70402 10190 20190 72164 8587/ 333 56189=
48048 22558 71802 10273 20240 40040 85970 333 56790 59057=
48053 22450 81805 10260 20229 40071 8575/ 333 56599 59047=
48060 22440 70000 10250 20219 40095 85830 333 56590 59016=
48080 21459 81310 10253 20250 40090 75165 85920 333 56490 59015=
48030 21/03 90402 10170 20170 76364 89/// 333 56999=
48031 21/03 91801 10175 20175 76364 89/// 333 56999=
48033 21460 71801 10250 20250 40046 70255 85970 333 56550 59057=
48034 21456 82304 10202 20195 75055 8692/ 333 56599=
48039 21450 81401 10273 20240 75055 889// 333 56599=
48043 22540 81805 10210 20210 8587/ 333 56599=
48052 22460 81304 10266 20240 85970 333 56990=
48055 32456 72302 10228 20206 40088 85930 333 56440 59019=
48064 22456 80402 10265 20256 40059 85770 333 56460 59029=
48065 21450 82205 10266 20256 75055 8697/ 333 56590=
48074 22356 82306 10260 20246 40095 8672/ 333 56499 59032=  