09-SEP-2015 03 48001 2 1 4 40 8 27 01 10 255 20 246 3 0000 4 0074 5 0000 6 000 0 7 20 6 6 8 6 7 2 / 333 10 /// 58 002 6 000 0 7 0000 
09-SEP-2015 03 48004 3 2 5 62 4 04 01 10 289 20 259 3 0000 4 0000 5 0000 6 000 0 7 00 0 0 8 4 3 0 0 333 10 /// 58 000 6 000 0 7 0000 
09-SEP-2015 03 48008 3 2 5 56 5 00 00 10 270 20 256 3 0000 4 0073 5 0000 6 000 0 7 00 0 0 8 3 9 7 0 333 10 /// 58 002 6 000 0 7 0000 
09-SEP-2015 03 48010 2 1 4 40 8 00 00 10 265 20 265 3 0000 4 0074 5 0000 6 000 0 7 50 5 5 8 8 7 / / 333 10 /// 59 03/ 6 000 0 7 0000 
09-SEP-2015 03 48018 2 2 5 58 7 14 01 10 270 20 256 3 0000 4 0084 5 0000 6 000 0 7 00 0 0 8 4 8 7 / 333 10 /// 58 010 6 000 0 7 0000 
09-SEP-2015 03 48019 3 2 4 57 7 23 01 10 290 20 259 3 0000 4 0069 5 0000 6 000 0 7 00 0 0 8 5 6 6 0 333 10 /// 58 004 6 000 0 7 0000 
09-SEP-2015 03 48020 3 2 4 50 7 00 00 10 290 20 274 3 0000 4 0000 5 0000 6 000 0 7 00 0 0 8 7 7 0 0 333 10 /// 58 000 6 000 0 7 0000 
09-SEP-2015 03 48025 3 2 2 20 7 36 01 10 300 20 266 3 0000 4 0078 5 0000 6 000 0 7 00 0 0 8 5 8 4 0 333 10 /// 59 000 6 000 0 7 0000 
09-SEP-2015 03 48030 2 2 1 50 6 22 01 10 187 20 175 3 0000 4 0000 5 0000 6 000 0 7 00 0 0 8 5 8 4 0 333 10 /// 58 000 6 000 0 7 0000 
09-SEP-2015 03 48031 2 1 / 05 9 04 01 10 215 20 185 3 0000 4 0000 5 0000 6 000 0 7 47 4 4 8 0 0 0 0 333 10 /// 58 000 6 000 0 7 0000 
09-SEP-2015 03 48033 3 2 5 62 7 18 01 10 270 20 240 3 0000 4 0090 5 0000 6 000 0 7 00 0 0 8 6 9 7 0 333 10 /// 58 019 6 000 0 7 0000 
09-SEP-2015 03 48034 2 1 3 56 8 23 01 10 220 20 212 3 0000 4 0000 5 0000 6 000 0 7 02 5 5 8 6 9 2 / 333 10 /// 58 000 6 000 0 7 0000 
09-SEP-2015 03 48035 2 1 2 58 8 00 00 10 229 20 229 3 0000 4 0083 5 0000 6 000 0 7 61 6 6 8 6 9 2 / 333 10 /// 58 022 6 000 0 7 0000 
09-SEP-2015 03 48037 3 2 5 59 5 04 01 10 295 20 253 3 0000 4 0069 5 0000 6 000 0 7 00 0 0 8 2 7 3 2 333 10 /// 58 010 6 000 0 7 0000 
09-SEP-2015 03 48039 2 2 4 60 7 00 00 10 280 20 233 3 0000 4 0000 5 0000 6 000 0 7 00 0 0 8 4 9 6 0 333 10 /// 58 000 6 000 0 7 0000 
09-SEP-2015 03 48042 2 2 5 57 7 18 04 10 292 20 230 3 0000 4 0066 5 0000 6 000 0 7 00 0 0 8 4 8 5 0 333 10 /// 59 005 6 000 0 7 0000 
09-SEP-2015 03 48043 3 2 5 40 8 14 02 10 230 20 214 3 0000 4 0000 5 0000 6 000 0 7 00 0 0 8 5 8 7 / 333 10 /// 58 000 6 000 0 7 0000 
09-SEP-2015 03 48045 3 2 4 40 6 22 03 10 218 20 185 3 0000 4 0000 5 0000 6 000 0 7 00 0 0 8 4 8 7 0 333 10 /// 58 000 6 000 0 7 0000 
09-SEP-2015 03 48048 3 2 5 60 4 18 01 10 303 20 239 3 0000 4 0068 5 0000 6 000 0 7 00 0 0 8 4 8 0 0 333 10 /// 59 004 6 000 0 7 0000 
09-SEP-2015 03 48051 2 2 5 59 6 13 01 10 290 20 260 3 0000 4 0000 5 0000 6 000 0 7 00 0 0 8 4 9 3 0 333 10 /// 58 000 6 000 0 7 0000 
09-SEP-2015 03 48052 3 2 4 68 6 22 01 10 308 20 254 3 0000 4 0000 5 0000 6 000 0 7 00 0 0 8 5 9 2 0 333 10 /// 58 000 6 000 0 7 0000 
09-SEP-2015 03 48053 3 2 4 56 5 18 03 10 300 20 239 3 0000 4 0076 5 0000 6 000 0 7 00 0 0 8 3 5 5 6 333 10 /// 59 020 6 000 0 7 0000 
09-SEP-2015 03 48055 2 2 2 56 8 00 00 10 233 20 217 3 0000 4 0084 5 0000 6 000 0 7 00 0 0 8 6 9 7 / 333 10 /// 58 009 6 000 0 7 0000 
09-SEP-2015 03 48057 2 2 4 58 8 14 01 10 210 20 195 3 0000 4 0000 5 0000 6 000 0 7 00 0 0 8 6 9 5 0 333 10 /// 58 000 6 000 0 7 0000 
09-SEP-2015 03 48060 3 2 4 40 6 00 00 10 268 20 226 3 0000 4 0086 5 0000 6 000 0 7 00 0 0 8 3 8 7 0 333 10 /// 58 016 6 000 0 7 0000 
09-SEP-2015 03 48062 3 2 4 56 7 09 02 10 290 20 260 3 0000 4 0070 5 0000 6 000 0 7 00 0 0 8 5 9 7 0 333 10 /// 59 005 6 000 0 7 0000 
09-SEP-2015 03 48064 3 2 4 58 4 32 01 10 304 20 253 3 0000 4 0049 5 0000 6 000 0 7 00 0 0 8 3 8 0 1 333 10 /// 59 013 6 000 0 7 0000 
09-SEP-2015 03 48065 3 2 5 56 3 00 00 10 300 20 253 3 0000 4 0000 5 0000 6 000 0 7 00 0 0 8 2 8 0 1 333 10 /// 58 000 6 000 0 7 0000 
09-SEP-2015 03 48071 2 2 4 58 6 23 02 10 285 20 274 3 0000 4 0070 5 0000 6 000 0 7 00 0 0 8 6 9 0 0 333 10 /// 59 008 6 000 0 7 0000 
09-SEP-2015 03 48072 2 2 4 60 4 13 01 10 300 20 266 3 0000 4 0000 5 0000 6 000 0 7 00 0 0 8 3 8 3 0 333 10 /// 58 000 6 000 0 7 0000 
09-SEP-2015 03 48074 2 2 4 58 7 23 03 10 270 20 256 3 0000 4 0086 5 0000 6 000 0 7 00 0 0 8 6 8 5 0 333 10 /// 58 007 6 000 0 7 0000 
09-SEP-2015 03 48075 2 2 4 57 7 00 00 10 240 20 226 3 0000 4 0093 5 0000 6 000 0 7 00 0 0 8 5 3 4 0 333 10 /// 59 001 6 000 0 7 0000 
09-SEP-2015 03 48077 3 2 5 59 8 00 00 10 280 20 250 3 0000 4 0068 5 0000 6 000 0 7 00 0 0 8 5 9 7 0 333 10 /// 59 010 6 000 0 7 0000 
09-SEP-2015 03 48078 2 2 5 56 7 18 01 10 276 20 262 3 0000 4 0085 5 0000 6 000 0 7 00 0 0 8 4 5 7 1 333 10 /// 59 012 6 000 0 7 0000 
09-SEP-2015 03 48080 2 2 4 60 5 32 02 10 282 20 250 3 0000 4 0067 5 0000 6 000 0 7 00 0 0 8 3 2 3 0 333 10 /// 59 020 6 000 0 7 0000 
09-SEP-2015 03 48085 2 2 4 58 7 09 02 10 280 20 268 3 0000 4 0071 5 0000 6 000 0 7 00 0 0 8 4 3 7 6 333 10 /// 59 016 6 000 0 7 0000 
09-SEP-2015 03 48087 2 2 4 50 8 00 00 10 280 20 250 3 0000 4 0000 5 0000 6 000 0 7 00 0 0 8 5 3 7 / 333 10 /// 58 000 6 000 0 7 0000 
09-SEP-2015 03 48092 2 1 4 57 7 18 03 10 295 20 256 3 0000 4 0066 5 0000 6 000 0 7 05 2 2 8 4 7 7 1 333 10 /// 59 024 6 000 0 7 0000 
09-SEP-2015 03 48093 2 2 5 58 8 23 01 10 292 20 274 3 0000 4 0000 5 0000 6 000 0 7 00 0 0 8 6 3 7 / 333 10 /// 58 000 6 000 0 7 0000 
09-SEP-2015 03 48094 2 2 4 59 5 22 02 10 285 20 270 3 0000 4 0076 5 0000 6 000 0 7 00 0 0 8 3 9 7 0 333 10 /// 59 019 6 000 0 7 0000 
09-SEP-2015 03 48095 2 2 4 58 7 22 02 10 290 20 274 3 0000 4 0000 5 0000 6 000 0 7 00 0 0 8 3 8 7 0 333 10 /// 58 000 6 000 0 7 0000 
09-SEP-2015 03 48096 2 2 5 58 7 16 03 10 290 20 259 3 0000 4 0085 5 0000 6 000 0 7 00 0 0 8 4 9 7 0 333 10 /// 59 019 6 000 0 7 0000 
09-SEP-2015 03 48097 2 2 5 57 4 13 02 10 290 20 266 3 0000 4 0092 5 0000 6 000 0 7 00 0 0 8 2 8 8 1 333 10 /// 59 023 6 000 0 7 0000 
09-SEP-2015 03 48099 2 2 4 40 7 13 02 10 270 20 256 3 0000 4 0092 5 0000 6 000 0 7 00 0 0 8 5 9 3 0 333 10 /// 59 015 6 000 0 7 0000 
09-SEP-2015 03 48101 2 2 6 57 8 18 01 10 284 20 268 3 0000 4 0000 5 0000 6 000 0 7 00 0 0 8 5 9 7 / 333 10 /// 58 000 6 000 0 7 0000 
09-SEP-2015 03 48107 2 1 4 56 8 22 01 10 251 20 251 3 0000 4 0000 5 0000 6 000 0 7 02 6 6 8 5 9 2 / 333 10 /// 58 000 6 000 0 7 0000 
09-SEP-2015 03 48108 2 1 5 95 8 14 01 10 270 20 256 3 0000 4 0110 5 0000 6 000 0 7 02 5 5 8 5 3 7 7 333 10 /// 59 018 6 000 0 7 0000 
09-SEP-2015 03 48109 2 2 4 97 8 23 03 10 280 20 250 3 0000 4 0093 5 0000 6 000 0 7 00 0 0 8 6 9 7 / 333 10 /// 59 019 6 000 0 7 0000 
09-SEP-2015 03 48110 2 2 4 95 8 23 02 10 275 20 253 3 0000 4 0109 5 0000 6 000 0 7 00 0 0 8 4 3 5 7 333 10 /// 59 005 6 000 0 7 0000 
09-SEP-2015 03 48112 2 1 5 97 8 27 01 10 260 20 246 3 0000 4 0117 5 0000 6 000 0 7 21 5 2 8 4 8 7 6 333 10 /// 59 001 6 000 0 7 0000 
