48001 32450 42701 10298 20239 40072 82230 333 56740 58023=
48004 32562 41302 10315 20265 84900 333 56500=
48008 32557 52301 10310 20254 40066 83970 333 56440 58012=
48010 32558 50000 10285 20268 40071 84830 333 56550 58010=
48018 32560 61401 10312 20254 40059 83870 333 56330 59001=
48019 32558 72302 10322 20265 40068 82249 333 56579 58011=
48020 32458 63602 10330 20275 86800 333 56400=
48025 32458 60401 10333 20258 40062 84970 333 56550 59002=
48035 31460 82201 10253 20233 40070 70266 8597/ 333 56999 58030=
48037 32560 71801 10310 20254 40066 84870 333 56450 59008=
48042 32558 52202 10340 20240 40057 84950 333 56440 59009=
48045 31330 60408 10234 20214 74044 86300 333 56100=
48048 32560 63201 10322 20265 40068 82249 333 56579 58011=
48051 32559 41802 10316 20270 83930 333 56590=
48053 32456 61802 10330 20244 40071 84956 333 56499 58003=
48060 21340 70000 10263 20229 40075 75255 84970 333 56560 58032=
48062 32458 40902 10315 20280 40062 83902 333 56109 59013=
48071 32460 22301 10310 20254 40065 82300 333 56900 59008=
48075 21456 70000 10250 20233 40099 75055 85360 333 56590 58033=
48077 32559 80000 10284 20268 40063 85970 333 56490 59009=
48078 32558 51801 10316 20267 40072 84801 333 56409 59010=
48080 32461 62203 10321 20265 40056 84870 333 56490 59025=
48085 21357 81402 10276 20270 40065 75065 86720 333 56490 59014=
48095 32458 70000 10320 20292 84970 333 56990=
48108 21495 82305 10290 20259 40097 70255 85377 333 56699 59025=
48109 21497 82302 10266 20256 40085 75166 8697/ 333 5699/ 59021=
48110 21495 83202 10255 20247 40106 70299 86377 333 56899 59008=
48112 21496 82702 10250 20250 40117 75055 8677/ 333 5659/ 59001=
48030 NIL=
48072 32460 40902 10310 20267 83830 333 56590=
48087 21458 70000 10300 20266 72055 8497/ 333 5649/=
48099 21450 71302 10290 20259 40079 70255 84840 333 56490 59013=
48101 32558 82301 10307 20267 8597/ 333 5659/=
48103 NIL=
48057 32458 72302 10230 20198 86950 333 56390=
48094 21459 72201 10290 20265 40068 70365 85940 333 56590 59014=
48097 21557 71401 10295 20296 40120 70252 85850 333 56990 58017=
48031 31/06 81401 10230 20214 70144 888// 333 56499=
48033 32563 71801 10290 20248 40090 85970 333 56550 58035=
48034 21356 82301 10243 20230 75055 8697/ 333 5659/=
48039 32460 30401 10323 20248 82102 333 56505=
48043 32540 81803 10250 20219 8687/ 333 56599=
48052 32468 50000 10320 20244 85900 333 56900=
48055 32356 60403 10282 20220 40050 86300 333 56300 58007=
48064 32460 63201 10323 20265 40052 84831 333 56449 58008=
48065 32558 50000 10337 20257 83870 333 56990=
48074 32560 41402 10310 20267 40069 82851 333 56449 59019=
48092 32458 72302 10315 20251 40050 84871 333 56999 59021=
48093 21557 50402 10294 20274 70166 84840 333 56390=
48107 NIL=
48096 32458 72704 10310 20254 40081 84970 333 56990 58003=  