10-APR-2015 03 48001 2 1 4 40 8 00 00 10 175 20 165 3 0000 4 0158 5 0000 6 000 0 7 15 2 2 8 6 7 2 / 333 10 /// 58 016 6 000 0 7 0000 
10-APR-2015 03 48004 3 2 5 62 1 04 02 10 255 20 179 3 0000 4 0000 5 0000 6 000 0 7 00 0 0 8 1 1 0 0 333 10 /// 58 000 6 000 0 7 0000 
10-APR-2015 03 48008 3 2 5 57 3 36 01 10 250 20 150 3 0000 4 0121 5 0000 6 000 0 7 00 0 0 8 1 4 4 0 333 10 /// 58 006 6 000 0 7 0000 
10-APR-2015 03 48010 3 2 5 40 6 00 00 10 240 20 209 3 0000 4 0120 5 0000 6 000 0 7 00 0 0 8 2 4 6 1 333 10 /// 58 014 6 000 0 7 0000 
10-APR-2015 03 48018 2 2 5 58 3 04 01 10 275 20 184 3 0000 4 0107 5 0000 6 000 0 7 00 0 0 8 3 8 0 0 333 10 /// 58 009 6 000 0 7 0000 
10-APR-2015 03 48019 3 2 9 60 0 04 03 10 257 20 167 3 0000 4 0116 5 0000 6 000 0 7 00 0 0 8 0 0 0 0 333 10 /// 58 012 6 000 0 7 0000 
10-APR-2015 03 48020 3 2 9 58 0 36 04 10 260 20 215 3 0000 4 0000 5 0000 6 000 0 7 00 0 0 8 0 0 0 0 333 10 /// 58 000 6 000 0 7 0000 
10-APR-2015 03 48025 3 2 4 30 1 14 01 10 282 20 158 3 0000 4 0112 5 0000 6 000 0 7 00 0 0 8 1 5 0 0 333 10 /// 58 006 6 000 0 7 0000 
10-APR-2015 03 48030 3 2 2 56 1 22 01 10 186 20 096 3 0000 4 0000 5 0000 6 000 0 7 00 0 0 8 1 2 0 0 333 10 /// 58 000 6 000 0 7 0000 
10-APR-2015 03 48031 3 1 2 59 2 04 01 10 220 20 111 3 0000 4 0000 5 0000 6 000 0 7 05 4 4 8 2 2 0 0 333 10 /// 58 000 6 000 0 7 0000 
10-APR-2015 03 48033 3 2 9 63 0 36 01 10 320 20 200 3 0000 4 0088 5 0000 6 000 0 7 00 0 0 8 0 0 0 0 333 10 /// 58 007 6 000 0 7 0000 
10-APR-2015 03 48034 2 2 4 56 3 04 02 10 227 20 198 3 0000 4 0000 5 0000 6 000 0 7 00 0 0 8 3 8 0 0 333 10 /// 58 000 6 000 0 7 0000 
10-APR-2015 03 48035 2 1 5 30 6 00 00 10 207 20 175 3 0000 4 0125 5 0000 6 000 0 7 04 9 6 8 4 9 6 0 333 10 /// 58 031 6 000 0 7 0000 
10-APR-2015 03 48037 3 2 9 57 0 36 01 10 281 20 184 3 0000 4 0094 5 0000 6 000 0 7 00 0 0 8 0 0 0 0 333 10 /// 58 002 6 000 0 7 0000 
10-APR-2015 03 48039 3 2 9 60 0 13 01 10 300 20 223 3 0000 4 0000 5 0000 6 000 0 7 00 0 0 8 0 0 0 0 333 10 /// 58 000 6 000 0 7 0000 
10-APR-2015 03 48042 3 1 5 56 1 18 06 10 324 20 215 3 0000 4 0108 5 0000 6 000 0 7 05 1 1 8 1 1 0 0 333 10 /// 58 019 6 000 0 7 0000 
10-APR-2015 03 48043 3 2 0 58 3 32 06 10 250 20 167 3 0000 4 0000 5 0000 6 000 0 7 00 0 0 8 0 0 3 0 333 10 /// 58 000 6 000 0 7 0000 
10-APR-2015 03 48045 3 2 5 62 2 14 02 10 231 20 097 3 0000 4 0000 5 0000 6 000 0 7 00 0 0 8 2 8 0 0 333 10 /// 58 000 6 000 0 7 0000 
10-APR-2015 03 48048 2 2 9 58 0 04 01 10 321 20 215 3 0000 4 0107 5 0000 6 000 0 7 00 0 0 8 0 0 0 0 333 10 /// 58 008 6 000 0 7 0000 
10-APR-2015 03 48051 3 2 5 58 5 36 02 10 296 20 250 3 0000 4 0000 5 0000 6 000 0 7 00 0 0 8 5 8 0 0 333 10 /// 58 000 6 000 0 7 0000 
10-APR-2015 03 48052 3 2 4 70 2 22 02 10 330 20 212 3 0000 4 0000 5 0000 6 000 0 7 00 0 0 8 2 2 0 0 333 10 /// 58 000 6 000 0 7 0000 
10-APR-2015 03 48053 3 2 5 40 6 18 05 10 300 20 253 3 0000 4 0115 5 0000 6 000 0 7 00 0 0 8 3 8 5 6 333 10 /// 58 017 6 000 0 7 0000 
10-APR-2015 03 48055 2 1 5 56 1 23 02 10 233 20 181 3 0000 4 0114 5 0000 6 000 0 7 05 1 1 8 1 5 0 0 333 10 /// 58 019 6 000 0 7 0000 
10-APR-2015 03 48057 2 2 4 58 1 22 01 10 236 20 155 3 0000 4 0000 5 0000 6 000 0 7 00 0 0 8 1 5 0 0 333 10 /// 58 000 6 000 0 7 0000 
10-APR-2015 03 48060 2 1 4 30 6 00 00 10 227 20 198 3 0000 4 0125 5 0000 6 000 0 7 41 4 4 8 4 8 3 0 333 10 /// 58 011 6 000 0 7 0000 
10-APR-2015 03 48062 3 2 5 56 8 09 02 10 290 20 270 3 0000 4 0124 5 0000 6 000 0 7 00 0 0 8 6 9 7 0 333 10 /// 58 011 6 000 0 7 0000 
10-APR-2015 03 48064 3 2 9 60 0 23 01 10 330 20 258 3 0000 4 0095 5 0000 6 000 0 7 00 0 0 8 0 0 0 0 333 10 /// 58 007 6 000 0 7 0000 
10-APR-2015 03 48065 3 2 9 60 1 00 00 10 328 20 212 3 0000 4 0000 5 0000 6 000 0 7 00 0 0 8 0 0 0 1 333 10 /// 58 000 6 000 0 7 0000 
10-APR-2015 03 48071 3 2 4 58 4 32 01 10 290 20 248 3 0000 4 0130 5 0000 6 000 0 7 00 0 0 8 4 8 0 0 333 10 /// 58 022 6 000 0 7 0000 
10-APR-2015 03 48072 3 2 4 59 4 13 01 10 300 20 253 3 0000 4 0000 5 0000 6 000 0 7 00 0 0 8 3 8 3 0 333 10 /// 58 000 6 000 0 7 0000 
10-APR-2015 03 48074 3 1 5 58 2 14 03 10 301 20 239 3 0000 4 0134 5 0000 6 000 0 7 05 0 0 8 2 4 0 0 333 10 /// 58 025 6 000 0 7 0000 
10-APR-2015 03 48075 3 2 5 57 1 00 00 10 290 20 200 3 0000 4 0107 5 0000 6 000 0 7 00 0 0 8 1 1 0 0 333 10 /// 59 009 6 000 0 7 0000 
10-APR-2015 03 48077 3 2 9 59 0 23 01 10 294 20 215 3 0000 4 0109 5 0000 6 000 0 7 00 0 0 8 0 0 0 0 333 10 /// 58 007 6 000 0 7 0000 
10-APR-2015 03 48078 3 2 5 57 2 18 01 10 313 20 242 3 0000 4 0123 5 0000 6 000 0 7 00 0 0 8 1 5 0 1 333 10 /// 58 009 6 000 0 7 0000 
10-APR-2015 03 48080 3 2 4 59 5 04 02 10 300 20 253 3 0000 4 0136 5 0000 6 000 0 7 00 0 0 8 4 8 7 0 333 10 /// 58 020 6 000 0 7 0000 
10-APR-2015 03 48085 3 2 4 58 3 27 03 10 303 20 253 3 0000 4 0125 5 0000 6 000 0 7 00 0 0 8 3 8 0 0 333 10 /// 58 014 6 000 0 7 0000 
10-APR-2015 03 48087 3 2 9 60 0 23 01 10 308 20 237 3 0000 4 0000 5 0000 6 000 0 7 00 0 0 8 0 0 0 0 333 10 /// 58 000 6 000 0 7 0000 
10-APR-2015 03 48092 3 1 4 56 3 18 03 10 300 20 239 3 0000 4 0110 5 0000 6 000 0 7 05 2 2 8 3 1 0 0 333 10 /// 58 004 6 000 0 7 0000 
10-APR-2015 03 48093 3 2 9 58 0 14 01 10 320 20 248 3 0000 4 0000 5 0000 6 000 0 7 00 0 0 8 0 0 0 0 333 10 /// 58 000 6 000 0 7 0000 
10-APR-2015 03 48094 3 2 9 58 0 32 03 10 300 20 250 3 0000 4 0126 5 0000 6 000 0 7 00 0 0 8 0 0 0 0 333 10 /// 58 017 6 000 0 7 0000 
10-APR-2015 03 48095 3 2 5 58 6 00 00 10 305 20 253 3 0000 4 0000 5 0000 6 000 0 7 00 0 0 8 3 8 4 0 333 10 /// 58 000 6 000 0 7 0000 
10-APR-2015 03 48096 3 2 4 58 1 26 03 10 310 20 237 3 0000 4 0136 5 0000 6 000 0 7 00 0 0 8 1 5 0 0 333 10 /// 58 017 6 000 0 7 0000 
10-APR-2015 03 48097 3 2 5 57 2 32 01 10 310 20 254 3 0000 4 0123 5 0000 6 000 0 7 00 0 0 8 2 5 0 0 333 10 /// 58 007 6 000 0 7 0000 
10-APR-2015 03 48099 2 1 4 50 4 23 01 10 302 20 252 3 0000 4 0123 5 0000 6 000 0 7 05 1 1 8 4 3 0 0 333 10 /// 58 003 6 000 0 7 0000 
10-APR-2015 03 48101 3 2 6 59 1 00 00 10 300 20 239 3 0000 4 0000 5 0000 6 000 0 7 00 0 0 8 1 1 0 0 333 10 /// 58 000 6 000 0 7 0000 
10-APR-2015 03 48103 2 2 4 56 7 32 01 10 312 20 254 3 0000 4 0130 5 0000 6 000 0 7 00 0 0 8 7 8 0 0 333 10 /// 58 008 6 000 0 7 0000 
10-APR-2015 03 48107 3 1 3 50 4 09 01 10 290 20 230 3 0000 4 0116 5 0000 6 000 0 7 01 4 4 8 4 9 0 0 333 10 /// 58 003 6 000 0 7 0000 
10-APR-2015 03 48108 2 2 5 96 7 32 01 10 285 20 249 3 0000 4 0131 5 0000 6 000 0 7 00 0 0 8 4 8 6 6 333 10 /// 58 003 6 000 0 7 0000 
10-APR-2015 03 48109 3 2 9 97 0 04 01 10 310 20 254 3 0000 4 0137 5 0000 6 000 0 7 00 0 0 8 0 0 0 0 333 10 /// 58 009 6 000 0 7 0000 
10-APR-2015 03 48110 3 1 5 96 7 00 00 10 315 20 266 3 0000 4 0130 5 0000 6 000 0 7 05 2 2 8 2 2 0 6 333 10 /// 58 006 6 000 0 7 0000 
10-APR-2015 03 48112 3 2 5 98 6 04 01 10 315 20 242 3 0000 4 0126 5 0000 6 000 0 7 00 0 0 8 2 2 1 6 333 10 /// 58 010 6 000 0 7 0000 
