100900 48004 32560 40401 10343 20124 84300 333 56500=
100900 48008 32557 43601 10335 20145 40089 82550 333 56880 58019=
100900 48010 32560 61803 10340 20184 40064 83830 333 56660 59002=
100900 48018 32560 51402 10350 20182 40065 83870 333 56320 58010=
100900 48019 32460 23202 10353 20202 40073 82200 333 56700 58000=
100900 48020 32358 53603 10360 20235 85300 333 56500=
100900 48025 32456 31402 10391 20131 40063 82840 333 56590 58006=
100900 48030 32256 52202 10226 20074 85800 333 56500=
100900 48031 31260 40401 10255 20102 70544 84800 333 56400=
100900 48033 32563 13201 10390 20177 40056 81100 333 56900 58018=
100900 48034 22457 40402 10280 20126 84800 333 56500=
100900 48035 31540 20000 10301 20124 40051 70400 82200 333 56900 59012=
100900 48037 32559 23601 10390 20177 40046 82100 333 56600 59002=
100900 48039 32460 22702 10395 20154 82100 333 56500=
100900 48042 32558 12202 10402 20196 40059 81200 333 56600 58009=
100900 48043 32759 33205 10300 20124 82230 333 56590=
100900 48045 32560 51804 10296 20039 85300 333 56500=
100900 48048 32562 43201 10420 20185 40050 84800 333 56400 59001=
100900 48051 32560 41302 10377 20200 84800 333 56700=
100900 48052 32468 23202 10440 20214 82200 333 56900=
100900 48053 31550 52203 10390 20286 40050 70522 83856 333 56599 58009=
100900 48055 31556 62305 10284 20168 40059 71799 84970 333 56550 58030=
100900 48057 32458 51403 10270 20172 85300 333 56600=
100900 48060 31430 83201 10262 20203 40085 71799 85970 333 56590 58039=
100900 48062 32558 22709 10330 20290 40096 82200 333 56900 58005=
100900 48064 32570 30401 10401 20246 40051 82801 333 56409 58026=
100900 48065 32470 31412 10403 20196 82840 333 56990=
100900 48071 32960 03204 10330 20244 40101 333 58007=
100900 48072 32960 02705 10345 20297 333 /////=
100900 48074 32560 31402 10385 20221 40079 83800 333 56400 58025=
100900 48075 32557 52202 10340 20160 40063 85300 333 56300 58019=
100900 48077 32559 60000 10388 20213 40061 85901 333 56909 58008=
100900 48078 32558 41802 10398 20274 40072 83801 333 56509 58011=
100900 48080 32960 02210 10350 20237 40081 333 58001=
100900 48085 32458 32705 10328 20244 40102 83800 333 56700 58015=
100900 48092 32558 11805 10385 20182 40065 81400 333 56900 58000=
100900 48093 32658 22301 10384 20221 82100 333 56500=
100900 48094 32960 03203 10370 20255 40091 333 58006=
100900 48095 32458 12703 10390 20253 81100 333 56900=
100900 48097 32557 62301 10380 20187 40096 86800 333 56900 58020=
100900 48099 32457 62302 10365 20249 40075 85901 333 56509 59010=
100900 48101 32660 21402 10340 20257 82300 333 56900=
100900 48103 32457 22201 10266 20246 40082 82800 333 56500 59003=
100900 48107 32350 62303 10350 20237 40088 84970 333 56110 58002=
100900 48108 32596 63208 10350 20240 40093 84306 333 56609 59002=
100900 48109 32597 10401 10345 20240 40111 81500 333 56900 59002=
100900 48110 31596 73204 10355 20257 40088 70522 82306 333 56909 59002=
100900 48112 32597 83601 10375 20280 40083 83876 333 56899 59003=  
