101200 48001 21450 80000 10190 20175 40136 71422 84920 333 10205 56360 58051 60012=
101200 48004 32458 63203 10298 20185 86900 333 10350 56500=
101200 48008 32558 33601 10325 20166 40070 82230 333 10350 56890 58012=
101200 48010 32550 10000 10320 20200 40054 81400 333 10342 56500 58004=
101200 48018 32556 50401 10320 20200 40046 83870 333 10355 56120 59012=
101200 48019 32556 23201 10307 20185 40062 80060 333 10355 56060 58008=
101200 48020 32356 40402 10320 20236 84800 333 10370 56900=
101200 48025 32458 33201 10372 20171 40051 82840 333 10395 56590 58007=
101200 48030 32256 22201 10212 20091 82800 333 10237 56500=
101200 48031 31260 23201 10225 20111 70544 82800 333 10260 56900=
101200 48033 32962 02301 10360 20214 40051 333 10390 58011=
101200 48034 22456 12301 10262 20151 81500 333 10287 56590 69902=
101200 48035 21556 23201 10281 20158 40054 70500 82200 333 10304 56900 59006=
101200 48037 32950 00000 10364 20214 40034 333 10396 59005=
101200 48039 32956 00000 10360 20177 333 10397=
101200 48042 32958 03601 10362 20195 40049 333 10406 58006=
101200 48043 32030 01803 10270 20113 333 10307=
101200 48045 32557 41803 10270 20022 84300 333 10310 56500=
101200 48048 32950 03201 10377 20221 40049 333 10425 58013=
101200 48051 32559 43103 10330 20240 84800 333 10383 56700=
101200 48052 32450 43205 10380 20187 84800 333 10445 56900=
101200 48053 32556 60000 10370 20258 40048 83956 333 10395 56499 58012=
101200 48055 31556 31405 10276 20188 40053 70599 83300 333 10324 56500 58031=
101200 48057 32457 21402 10250 20126 82800 333 10280 56600=
101200 48060 21430 40000 10230 20181 40093 70500 83130 333 10304 56590 58010 60012=
101200 48062 32956 02706 10300 20270 40088 333 10340 58008=
101200 48064 32950 20902 10370 20246 40041 80001 333 10417 56009 58015=
101200 48065 32450 21405 10373 20171 81101 333 10410 56909=
101200 48071 32956 02704 10302 20239 40091 333 10335 58005=
101200 48072 32957 02702 10300 20239 333 10350=
101200 48074 31456 73602 10350 20219 40061 70500 85960 333 10386 56440 58016=
101200 48075 32456 20000 10300 20170 40079 82100 333 10340 56500 58027=
101200 48077 32556 60000 10360 20195 40057 85901 333 10390 56909 58009=
101200 48078 32540 31801 10367 20210 40060 81202 333 10402 56909 59002=
101200 48080 31956 02201 10306 20255 40093 70500 333 10360 58003=
101200 48085 32456 22703 10298 20239 40086 82800 333 10332 56700 59002=
101200 48087 32940 02301 10328 20201 333 10400=
101200 48092 32556 12203 10350 20219 40054 81400 333 10390 56900 59006=
101200 48093 32950 12301 10335 20240 80001 333 10384 56009=
101200 48094 32957 03201 10310 20250 40090 333 10385 59001=
101200 48095 32956 00401 10350 20237 333 10390=
101200 48097 32556 41605 10330 20212 40102 84400 333 10390 56900 58020=
101200 48099 32450 32302 10320 20215 40070 83300 333 10365 56900 59020=
101200 48101 32956 02301 10307 20225 333 10347=
101200 48103 32450 22201 10314 20237 40087 82800 333 10373 56500 59006=
101200 48107 32340 32301 10307 20254 40090 83900 333 10360 56100 59003=
101200 48108 32596 73205 10310 20267 40096 84356 333 10355 56699 59008=
101200 48110 32596 83604 10315 20266 40086 82907 333 10360 56909 59007=
101200 48112 32598 60401 10325 20253 40086 82216 333 10378 56199 59006=  48001 21450 80000 10190 20175 40136 71422 84920 333 10205 56360 58051 60012=
101200 48004 32458 63203 10298 20185 86900 333 10350 56500=
101200 48008 32558 33601 10325 20166 40070 82230 333 10350 56890 58012=
101200 48010 32550 10000 10320 20200 40054 81400 333 10342 56500 58004=
101200 48018 32556 50401 10320 20200 40046 83870 333 10355 56120 59012=
101200 48019 32556 23201 10307 20185 40062 80060 333 10355 56060 58008=
101200 48020 32356 40402 10320 20236 84800 333 10370 56900=
101200 48025 32458 33201 10372 20171 40051 82840 333 10395 56590 58007=
101200 48030 32256 22201 10212 20091 82800 333 10237 56500=
101200 48031 31260 23201 10225 20111 70544 82800 333 10260 56900=
101200 48033 32962 02301 10360 20214 40051 333 10390 58011=
101200 48034 22456 12301 10262 20151 81500 333 10287 56590 69902=
101200 48035 21556 23201 10281 20158 40054 70500 82200 333 10304 56900 59006=
101200 48037 32950 00000 10364 20214 40034 333 10396 59005=
101200 48039 32956 00000 10360 20177 333 10397=
101200 48042 32958 03601 10362 20195 40049 333 10406 58006=
101200 48043 32030 01803 10270 20113 333 10307=
101200 48045 32557 41803 10270 20022 84300 333 10310 56500=
101200 48048 32950 03201 10377 20221 40049 333 10425 58013=
101200 48051 32559 43103 10330 20240 84800 333 10383 56700=
101200 48052 32450 43205 10380 20187 84800 333 10445 56900=
101200 48053 32556 60000 10370 20258 40048 83956 333 10395 56499 58012=
101200 48055 31556 31405 10276 20188 40053 70599 83300 333 10324 56500 58031=
101200 48057 32457 21402 10250 20126 82800 333 10280 56600=
101200 48060 21430 40000 10230 20181 40093 70500 83130 333 10304 56590 58010 60012=
101200 48062 32956 02706 10300 20270 40088 333 10340 58008=
101200 48064 32950 20902 10370 20246 40041 80001 333 10417 56009 58015=
101200 48065 32450 21405 10373 20171 81101 333 10410 56909=
101200 48071 32956 02704 10302 20239 40091 333 10335 58005=
101200 48072 32957 02702 10300 20239 333 10350=
101200 48074 31456 73602 10350 20219 40061 70500 85960 333 10386 56440 58016=
101200 48075 32456 20000 10300 20170 40079 82100 333 10340 56500 58027=
101200 48077 32556 60000 10360 20195 40057 85901 333 10390 56909 58009=
101200 48078 32540 31801 10367 20210 40060 81202 333 10402 56909 59002=
101200 48080 31956 02201 10306 20255 40093 70500 333 10360 58003=
101200 48085 32456 22703 10298 20239 40086 82800 333 10332 56700 59002=
101200 48087 32940 02301 10328 20201 333 10400=
101200 48092 32556 12203 10350 20219 40054 81400 333 10390 56900 59006=
101200 48093 32950 12301 10335 20240 80001 333 10384 56009=
101200 48094 32957 03201 10310 20250 40090 333 10385 59001=
101200 48095 32956 00401 10350 20237 333 10390=
101200 48097 32556 41605 10330 20212 40102 84400 333 10390 56900 58020=
101200 48099 32450 32302 10320 20215 40070 83300 333 10365 56900 59020=
101200 48101 32956 02301 10307 20225 333 10347=
101200 48103 32450 22201 10314 20237 40087 82800 333 10373 56500 59006=
101200 48107 32340 32301 10307 20254 40090 83900 333 10360 56100 59003=
101200 48108 32596 73205 10310 20267 40096 84356 333 10355 56699 59008=
101200 48110 32596 83604 10315 20266 40086 82907 333 10360 56909 59007=
101200 48112 32598 60401 10325 20253 40086 82216 333 10378 56199 59006=  
