10-APR-2015 18 48008 3 1 5 10 8 36 02 10 240 20 155 3 0000 4 0099 5 0000 6 000 0 7 02 9 0 8 4 9 7 / 333 10 /// 58 017 6 000 0 7 0000 
10-APR-2015 18 48010 3 2 5 01 5 00 00 10 225 20 172 3 0000 4 0097 5 0000 6 000 0 7 00 0 0 8 5 5 0 0 333 10 /// 58 014 6 000 0 7 0000 
10-APR-2015 18 48018 3 2 4 20 2 00 00 10 250 20 205 3 0000 4 0083 5 0000 6 000 0 7 00 0 0 8 2 8 0 0 333 10 /// 58 010 6 000 0 7 0000 
10-APR-2015 18 48025 3 2 9 05 0 27 01 10 310 20 146 3 0000 4 0098 5 0000 6 000 0 7 00 0 0 8 0 0 0 0 333 10 /// 58 023 6 000 0 7 0000 
10-APR-2015 18 48042 3 2 5 50 2 00 00 10 290 20 196 3 0000 4 0067 5 0000 6 000 0 7 00 0 0 8 1 2 5 0 333 10 /// 59 008 6 000 0 7 0000 
10-APR-2015 18 48053 3 2 9 40 2 18 01 10 300 20 239 3 0000 4 0080 5 0000 6 000 0 7 00 0 0 8 0 0 0 6 333 10 /// 59 004 6 000 0 7 0000 
10-APR-2015 18 48060 2 2 4 10 2 00 00 10 202 20 185 3 0000 4 0122 5 0000 6 000 0 7 00 0 0 8 2 1 0 0 333 10 /// 58 017 6 000 0 7 0000 
10-APR-2015 18 48062 3 2 5 40 2 32 02 10 280 20 250 3 0000 4 0102 5 0000 6 000 0 7 00 0 0 8 2 5 0 0 333 10 /// 58 001 6 000 0 7 0000 
10-APR-2015 18 48071 3 2 9 30 0 00 00 10 280 20 250 3 0000 4 0086 5 0000 6 000 0 7 00 0 0 8 0 0 0 0 333 10 /// 58 000 6 000 0 7 0000 
10-APR-2015 18 48078 3 2 9 50 1 18 03 10 299 20 215 3 0000 4 0098 5 0000 6 000 0 7 00 0 0 8 0 0 0 1 333 10 /// 58 000 6 000 0 7 0000 
10-APR-2015 18 48080 3 2 4 50 6 00 00 10 262 20 229 3 0000 4 0109 5 0000 6 000 0 7 00 0 0 8 4 8 7 0 333 10 /// 58 003 6 000 0 7 0000 
10-APR-2015 18 48094 3 2 9 56 0 00 00 10 265 20 230 3 0000 4 0104 5 0000 6 000 0 7 00 0 0 8 0 0 0 0 333 10 /// 59 003 6 000 0 7 0000 
10-APR-2015 18 48097 3 2 9 56 0 13 01 10 270 20 211 3 0000 4 0110 5 0000 6 000 0 7 00 0 0 8 0 0 0 0 333 10 /// 58 005 6 000 0 7 0000 
10-APR-2015 18 48099 3 2 9 30 0 00 00 10 276 20 250 3 0000 4 0112 5 0000 6 000 0 7 00 0 0 8 0 0 0 0 333 10 /// 58 004 6 000 0 7 0000 
10-APR-2015 18 48103 3 2 4 10 3 14 01 10 280 20 233 3 0000 4 0097 5 0000 6 000 0 7 00 0 0 8 3 5 0 0 333 10 /// 59 005 6 000 0 7 0000 
10-APR-2015 18 48108 3 2 5 95 6 05 02 10 270 20 240 3 0000 4 0119 5 0000 6 000 0 7 00 0 0 8 3 3 5 6 333 10 /// 59 008 6 000 0 7 0000 
10-APR-2015 18 48109 3 2 9 95 0 00 00 10 280 20 233 3 0000 4 0108 5 0000 6 000 0 7 00 0 0 8 0 0 0 0 333 10 /// 58 001 6 000 0 7 0000 
10-APR-2015 18 48110 3 2 5 94 5 18 02 10 280 20 250 3 0000 4 0117 5 0000 6 000 0 7 00 0 0 8 1 3 0 6 333 10 /// 58 003 6 000 0 7 0000 
10-APR-2015 18 48112 3 2 5 97 8 04 02 10 292 20 248 3 0000 4 0104 5 0000 6 000 0 7 00 0 0 8 3 8 7 6 333 10 /// 58 005 6 000 0 7 0000 
