10-AUG-2015 06 48001 3 2 4 40 6 13 01 10 270 20 240 3 0000 4 0058 5 0000 6 000 0 7 00 0 0 8 4 8 6 0 333 10 /// 58 061 6 000 0 7 0000 
10-AUG-2015 06 48004 3 2 4 60 6 22 01 10 310 20 267 3 0000 4 0000 5 0000 6 000 0 7 00 0 0 8 6 9 0 0 333 10 /// 58 000 6 000 0 7 0000 
10-AUG-2015 06 48008 3 2 5 57 7 00 00 10 330 20 267 3 0000 4 0042 5 0000 6 000 0 7 00 0 0 8 3 9 7 0 333 10 /// 58 025 6 000 0 7 0000 
10-AUG-2015 06 48010 3 2 4 50 7 00 00 10 275 20 268 3 0000 4 0052 5 0000 6 000 0 7 00 0 0 8 5 8 7 0 333 10 /// 58 020 6 000 0 7 0000 
10-AUG-2015 06 48018 2 1 5 56 8 23 01 10 275 20 256 3 0000 4 0055 5 0000 6 000 0 7 50 5 5 8 5 9 7 / 333 10 /// 58 016 6 000 0 7 0000 
10-AUG-2015 06 48019 3 2 4 60 6 23 03 10 315 20 267 3 0000 4 0039 5 0000 6 000 0 7 00 0 0 8 4 6 2 0 333 10 /// 58 011 6 000 0 7 0000 
10-AUG-2015 06 48020 2 1 2 50 8 36 02 10 265 20 256 3 0000 4 0000 5 0000 6 000 0 7 20 5 5 8 8 7 0 0 333 10 /// 58 000 6 000 0 7 0000 
10-AUG-2015 06 48025 2 1 1 30 8 14 01 10 255 20 255 3 0000 4 0060 5 0000 6 000 0 7 50 5 5 8 5 7 2 / 333 10 /// 58 032 6 000 0 7 0000 
10-AUG-2015 06 48030 2 1 / 05 9 04 01 10 196 20 185 3 0000 4 0000 5 0000 6 000 0 7 50 5 5 8 9 / / / 333 10 /// 58 000 6 000 0 7 0000 
10-AUG-2015 06 48031 2 1 / 05 9 18 01 10 200 20 200 3 0000 4 0000 5 0000 6 000 0 7 47 6 4 8 9 / / / 333 10 /// 58 000 6 000 0 7 0000 
10-AUG-2015 06 48033 2 1 5 61 7 00 00 10 250 20 250 3 0000 4 0044 5 0000 6 000 0 7 00 0 0 8 6 9 3 0 333 10 /// 58 004 6 000 0 7 0000 
10-AUG-2015 06 48034 2 1 1 48 8 23 02 10 240 20 226 3 0000 4 0000 5 0000 6 000 0 7 53 6 5 8 6 9 2 / 333 10 /// 58 000 6 000 0 7 0000 
10-AUG-2015 06 48035 3 2 5 60 8 00 00 10 267 20 240 3 0000 4 0033 5 0000 6 000 0 7 60 6 6 8 5 9 7 / 333 10 /// 58 010 6 000 0 7 0000 
10-AUG-2015 06 48037 3 2 4 59 8 32 01 10 272 20 271 3 0000 4 0030 5 0000 6 000 0 7 00 0 0 8 6 8 7 / 333 10 /// 58 015 6 000 0 7 0000 
10-AUG-2015 06 48039 3 2 4 60 7 04 01 10 293 20 248 3 0000 4 0000 5 0000 6 000 0 7 00 0 0 8 4 9 6 0 333 10 /// 58 000 6 000 0 7 0000 
10-AUG-2015 06 48042 3 2 5 58 6 36 02 10 303 20 253 3 0000 4 0033 5 0000 6 000 0 7 00 0 0 8 4 8 5 2 333 10 /// 58 008 6 000 0 7 0000 
10-AUG-2015 06 48043 2 1 5 40 8 18 05 10 220 20 220 3 0000 4 0000 5 0000 6 000 0 7 63 6 6 8 6 7 2 / 333 10 /// 58 000 6 000 0 7 0000 
10-AUG-2015 06 48045 3 1 5 50 7 18 05 10 240 20 209 3 0000 4 0000 5 0000 6 000 0 7 42 4 4 8 7 3 0 0 333 10 /// 58 000 6 000 0 7 0000 
10-AUG-2015 06 48048 3 2 5 60 6 32 01 10 320 20 265 3 0000 4 0038 5 0000 6 000 0 7 00 0 0 8 5 9 5 0 333 10 /// 58 017 6 000 0 7 0000 
10-AUG-2015 06 48051 3 2 5 59 4 23 02 10 314 20 270 3 0000 4 0000 5 0000 6 000 0 7 00 0 0 8 4 9 0 0 333 10 /// 58 000 6 000 0 7 0000 
10-AUG-2015 06 48052 3 2 4 65 6 22 01 10 324 20 265 3 0000 4 0000 5 0000 6 000 0 7 00 0 0 8 5 9 2 0 333 10 /// 58 000 6 000 0 7 0000 
10-AUG-2015 06 48053 3 2 4 56 5 18 02 10 320 20 248 3 0000 4 0043 5 0000 6 000 0 7 00 0 0 8 3 8 5 6 333 10 /// 58 004 6 000 0 7 0000 
10-AUG-2015 06 48055 2 1 4 56 5 23 02 10 250 20 234 3 0000 4 0039 5 0000 6 000 0 7 21 6 5 8 5 9 0 0 333 10 /// 58 036 6 000 0 7 0000 
10-AUG-2015 06 48057 3 2 4 58 6 13 02 10 243 20 209 3 0000 4 0000 5 0000 6 000 0 7 00 0 0 8 5 9 0 1 333 10 /// 58 000 6 000 0 7 0000 
10-AUG-2015 06 48060 3 2 3 50 4 00 00 10 305 20 230 3 0000 4 0001 5 0000 6 000 0 7 00 0 0 8 3 3 0 2 333 10 /// 59 004 6 000 0 7 0000 
10-AUG-2015 06 48062 3 2 4 58 6 18 02 10 320 20 290 3 0000 4 0028 5 0000 6 000 0 7 00 0 0 8 4 9 3 2 333 10 /// 58 003 6 000 0 7 0000 
10-AUG-2015 06 48064 3 2 5 60 5 32 01 10 333 20 258 3 0000 4 0029 5 0000 6 000 0 7 00 0 0 8 3 8 3 1 333 10 /// 58 022 6 000 0 7 0000 
10-AUG-2015 06 48065 3 2 5 58 4 14 03 10 338 20 257 3 0000 4 0000 5 0000 6 000 0 7 00 0 0 8 3 5 0 1 333 10 /// 58 000 6 000 0 7 0000 
10-AUG-2015 06 48071 3 2 4 60 5 13 03 10 330 20 258 3 0000 4 0031 5 0000 6 000 0 7 00 0 0 8 3 9 7 0 333 10 /// 58 003 6 000 0 7 0000 
10-AUG-2015 06 48072 3 2 4 60 1 18 02 10 310 20 267 3 0000 4 0000 5 0000 6 000 0 7 00 0 0 8 5 8 3 0 333 10 /// 58 000 6 000 0 7 0000 
10-AUG-2015 06 48074 3 2 4 61 5 14 03 10 320 20 265 3 0000 4 0053 5 0000 6 000 0 7 00 0 0 8 4 8 0 1 333 10 /// 58 010 6 000 0 7 0000 
10-AUG-2015 06 48075 3 2 5 58 6 22 03 10 290 20 230 3 0000 4 0041 5 0000 6 000 0 7 01 2 2 8 4 3 6 0 333 10 /// 58 026 6 000 0 7 0000 
10-AUG-2015 06 48077 2 1 5 59 8 23 02 10 302 20 253 3 0000 4 0035 5 0000 6 000 0 7 02 6 6 8 5 9 3 1 333 10 /// 58 010 6 000 0 7 0000 
10-AUG-2015 06 48078 3 2 5 59 4 18 01 10 322 20 256 3 0000 4 0048 5 0000 6 000 0 7 00 0 0 8 3 8 0 1 333 10 /// 58 010 6 000 0 7 0000 
10-AUG-2015 06 48080 3 2 4 61 6 22 07 10 330 20 275 3 0000 4 0033 5 0000 6 000 0 7 00 0 0 8 4 8 7 0 333 10 /// 58 012 6 000 0 7 0000 
10-AUG-2015 06 48085 2 1 3 57 7 16 02 10 284 20 268 3 0000 4 0028 5 0000 6 000 0 7 51 6 5 8 5 7 7 0 333 10 /// 58 004 6 000 0 7 0000 
10-AUG-2015 06 48087 2 1 4 56 8 00 00 10 294 20 266 3 0000 4 0000 5 0000 6 000 0 7 50 6 5 8 5 9 7 / 333 10 /// 58 000 6 000 0 7 0000 
10-AUG-2015 06 48092 2 1 4 58 8 09 01 10 270 20 270 3 0000 4 0031 5 0000 6 000 0 7 02 5 5 8 5 9 7 / 333 10 /// 58 010 6 000 0 7 0000 
10-AUG-2015 06 48093 2 1 5 57 7 14 01 10 269 20 266 3 0000 4 0000 5 0000 6 000 0 7 51 6 5 8 5 3 7 0 333 10 /// 58 000 6 000 0 7 0000 
10-AUG-2015 06 48094 3 2 4 60 6 22 01 10 310 20 250 3 0000 4 0032 5 0000 6 000 0 7 00 0 0 8 4 9 4 1 333 10 /// 58 004 6 000 0 7 0000 
10-AUG-2015 06 48095 3 2 4 58 7 00 00 10 325 20 281 3 0000 4 0000 5 0000 6 000 0 7 00 0 0 8 3 9 4 0 333 10 /// 58 000 6 000 0 7 0000 
10-AUG-2015 06 48097 2 1 5 57 8 14 04 10 295 20 276 3 0000 4 0048 5 0000 6 000 0 7 02 6 5 8 6 9 5 / 333 10 /// 58 010 6 000 0 7 0000 
10-AUG-2015 06 48099 2 1 3 30 8 23 05 10 264 20 246 3 0000 4 0058 5 0000 6 000 0 7 51 5 5 8 6 9 7 / 333 10 /// 58 022 6 000 0 7 0000 
10-AUG-2015 06 48101 3 2 5 59 7 23 02 10 310 20 267 3 0000 4 0000 5 0000 6 000 0 7 00 0 0 8 5 3 3 1 333 10 /// 58 000 6 000 0 7 0000 
10-AUG-2015 06 48103 3 2 4 57 4 22 02 10 300 20 253 3 0000 4 0052 5 0000 6 000 0 7 00 0 0 8 3 8 3 0 333 10 /// 58 010 6 000 0 7 0000 
10-AUG-2015 06 48107 2 1 3 50 7 23 01 10 258 20 246 3 0000 4 0069 5 0000 6 000 0 7 60 6 6 8 5 9 7 0 333 10 /// 58 010 6 000 0 7 0000 
10-AUG-2015 06 48108 2 1 4 94 8 23 02 10 275 20 269 3 0000 4 0075 5 0000 6 000 0 7 50 5 5 8 5 3 7 7 333 10 /// 58 008 6 000 0 7 0000 
10-AUG-2015 06 48110 2 1 4 95 8 13 02 10 285 20 262 3 0000 4 0083 5 0000 6 000 0 7 51 6 5 8 5 3 7 7 333 10 /// 58 015 6 000 0 7 0000 
10-AUG-2015 06 48112 3 2 5 97 8 22 05 10 315 20 274 3 0000 4 0076 5 0000 6 000 0 7 00 0 0 8 3 8 7 6 333 10 /// 59 008 6 000 0 7 0000 
