100300 48001 31330 80000 10140 20138 40172 70344 887// 333 56299 59018=
100300 48004 31456 50401 10155 20144 70144 85900 333 56500=
100300 48008 31456 50000 10170 20154 40176 74044 83970 333 56110 59020=
100300 48010 31040 00000 10165 20144 40178 74044 333 59016=
100300 48018 31557 10000 10170 20154 40165 70144 81440 333 56800 59016=
100300 48019 32958 03602 10183 20147 40160 333 59022=
100300 48020 31/30 90000 10170 20154 74344 333=
100300 48025 31005 82701 10176 20165 40171 74744 886// 333 56699 59018=
100300 48030 31/05 92201 10083 20083 74344 333=
100300 48031 32258 31801 10150 20111 83800 333 56400=
100300 48033 32962 03601 10190 20159 40161 333 59008=
100300 48034 31956 00000 10118 20105 71000 333=
100300 48035 31/05 90000 10140 20124 40177 74744 333 59001=
100300 48037 32550 33201 10185 20147 40156 82530 333 56550 59016=
100300 48039 31950 30000 10205 20168 74044 80002 333 56009=
100300 48042 31530 10000 10212 20175 40164 71011 81400 333 56900 59001=
100300 48043 32056 00000 10145 20134 333=
100300 48045 32557 42302 10125 20086 82806 333 56509=
100300 48048 32958 00401 10212 20160 40162 333 59010=
100300 48052 31456 23601 10210 20175 70522 82800 333 56900=
100300 48053 32550 33601 10200 20185 40165 82506 333 56609 59005=
100300 48055 31948 12802 10143 20116 40174 71044 80001 333 56009 59012=
100300 48057 32456 32201 10164 20123 82801 333 56409=
100300 48060 31430 70000 10138 20124 40194 74244 85830 333 56590 58021=
100300 48062 31450 20901 10220 20190 40151 70544 82500 333 56900 59015=
100300 48064 32956 01401 10200 20185 40156 333 59012=
100300 48065 32956 00402 10208 20177 333=
100300 48071 32958 03201 10242 20209 40154 333 59010=
100300 48072 31958 01301 10255 20215 70500 333=
100300 48074 32958 00404 10200 20168 40174 333 59010=
100300 48075 31956 00000 10160 20144 40184 70144 333 59003=
100300 48077 32959 00000 10224 20185 40157 333 59003=
100300 48078 32557 20901 10210 20168 40162 81101 333 56909 59010=
100300 48080 31959 00000 10204 20168 40152 70244 333 59012=
100300 48085 31957 03601 10324 20198 40151 70544 333 59007=
100300 48087 32960 00402 10237 20191 333=
100300 48092 32957 00000 10230 20181 40135 333 59004=
100300 48093 32958 01401 10253 20205 333=
100300 48094 32959 03201 10255 20200 40151 333 59012=
100300 48095 32960 03603 10220 20185 333=
100300 48096 32957 13402 10230 20181 40156 80001 333 56009 59009=  
100300 48097 31557 20402 10230 20181 40163 70511 82500 333 56900 59010=
100300 48099 31440 22302 10252 20186 40149 71044 82700 333 56900 59005=
100300 48101 32958 03601 10248 20186 333=
100300 48103 31956 00404 10267 20211 40150 70144 333 59009=
100300 48107 31950 00401 10260 20229 40139 7//44 333 59000=
100300 48108 31496 23602 10275 20223 40145 70144 82400 333 56900 59005=
100300 48109 32497 20000 10280 20233 40155 82800 333 56900 59002=
100300 48110 31596 43202 10300 20259 40139 70522 81106 333 56909 59007=
100300 48112 32598 60405 10290 20259 40135 82216 333 56199 58007=
