10-DEC-2015 06 48001 3 2 4 30 7 32 01 10 170 20 154 3 0000 4 0163 5 0000 6 000 0 7 00 0 0 8 5 8 4 0 333 10 /// 59 014 6 000 0 7 0000 
10-DEC-2015 06 48004 3 2 5 62 4 13 01 10 220 20 173 3 0000 4 0000 5 0000 6 000 0 7 01 2 1 8 4 9 0 0 333 10 /// 58 000 6 000 0 7 0000 
10-DEC-2015 06 48008 3 2 5 56 7 00 00 10 220 20 156 3 0000 4 0155 5 0000 6 000 0 7 00 0 0 8 3 9 7 0 333 10 /// 59 017 6 000 0 7 0000 
10-DEC-2015 06 48010 3 2 5 60 2 18 01 10 230 20 163 3 0000 4 0148 5 0000 6 000 0 7 00 0 0 8 2 4 0 0 333 10 /// 59 018 6 000 0 7 0000 
10-DEC-2015 06 48018 3 2 5 58 3 32 01 10 240 20 174 3 0000 4 0154 5 0000 6 000 0 7 00 0 0 8 2 8 6 0 333 10 /// 59 012 6 000 0 7 0000 
10-DEC-2015 06 48019 3 2 9 60 0 04 03 10 240 20 155 3 0000 4 0145 5 0000 6 000 0 7 00 0 0 8 0 0 0 0 333 10 /// 59 019 6 000 0 7 0000 
10-DEC-2015 06 48020 3 2 3 50 5 36 02 10 200 20 185 3 0000 4 0000 5 0000 6 000 0 7 01 4 4 8 5 2 0 0 333 10 /// 58 000 6 000 0 7 0000 
10-DEC-2015 06 48025 3 1 3 30 6 36 02 10 213 20 175 3 0000 4 0169 5 0000 6 000 0 7 01 4 4 8 4 8 4 0 333 10 /// 59 014 6 000 0 7 0000 
10-DEC-2015 06 48030 3 1 9 58 0 22 01 10 160 20 059 3 0000 4 0000 5 0000 6 000 0 7 01 4 4 8 0 0 0 0 333 10 /// 58 000 6 000 0 7 0000 
10-DEC-2015 06 48031 3 2 2 59 1 18 01 10 190 20 096 3 0000 4 0000 5 0000 6 000 0 7 00 0 0 8 1 2 0 0 333 10 /// 58 000 6 000 0 7 0000 
10-DEC-2015 06 48033 3 2 9 63 0 36 01 10 240 20 191 3 0000 4 0146 5 0000 6 000 0 7 02 0 0 8 0 0 0 0 333 10 /// 59 009 6 000 0 7 0000 
10-DEC-2015 06 48034 3 2 4 57 4 18 02 10 218 20 123 3 0000 4 0000 5 0000 6 000 0 7 00 0 0 8 4 8 0 0 333 10 /// 58 000 6 000 0 7 0000 
10-DEC-2015 06 48035 3 1 5 56 8 04 02 10 187 20 139 3 0000 4 0137 5 0000 6 000 0 7 05 4 4 8 5 9 7 / 333 10 /// 59 015 6 000 0 7 0000 
10-DEC-2015 06 48037 3 2 5 58 3 32 01 10 258 20 179 3 0000 4 0144 5 0000 6 000 0 7 00 0 0 8 3 8 0 0 333 10 /// 59 019 6 000 0 7 0000 
10-DEC-2015 06 48039 3 2 9 56 3 00 00 10 250 20 186 3 0000 4 0000 5 0000 6 000 0 7 00 0 0 8 0 0 0 2 333 10 /// 58 000 6 000 0 7 0000 
10-DEC-2015 06 48042 3 1 9 56 0 00 00 10 268 20 172 3 0000 4 0143 5 0000 6 000 0 7 05 0 0 8 0 0 0 0 333 10 /// 59 010 6 000 0 7 0000 
10-DEC-2015 06 48043 3 2 6 57 5 00 00 10 200 20 150 3 0000 4 0000 5 0000 6 000 0 7 00 0 0 8 5 8 0 0 333 10 /// 58 000 6 000 0 7 0000 
10-DEC-2015 06 48045 3 2 5 58 4 14 03 10 176 20 129 3 0000 4 0000 5 0000 6 000 0 7 00 0 0 8 3 8 0 1 333 10 /// 58 000 6 000 0 7 0000 
10-DEC-2015 06 48048 3 2 9 60 0 04 01 10 265 20 203 3 0000 4 0148 5 0000 6 000 0 7 00 0 0 8 0 0 0 0 333 10 /// 59 014 6 000 0 7 0000 
10-DEC-2015 06 48051 3 2 9 58 0 31 01 10 257 20 180 3 0000 4 0000 5 0000 6 000 0 7 02 0 0 8 0 0 0 0 333 10 /// 58 000 6 000 0 7 0000 
10-DEC-2015 06 48052 3 2 4 58 2 36 02 10 280 20 194 3 0000 4 0000 5 0000 6 000 0 7 00 0 0 8 2 8 0 0 333 10 /// 58 000 6 000 0 7 0000 
10-DEC-2015 06 48053 3 2 9 56 0 36 02 10 260 20 179 3 0000 4 0143 5 0000 6 000 0 7 00 0 0 8 0 0 0 0 333 10 /// 59 004 6 000 0 7 0000 
10-DEC-2015 06 48055 3 2 5 56 3 09 06 10 230 20 143 3 0000 4 0128 5 0000 6 000 0 7 03 4 4 8 3 8 0 0 333 10 /// 59 004 6 000 0 7 0000 
10-DEC-2015 06 48057 3 2 4 57 3 22 02 10 197 20 109 3 0000 4 0000 5 0000 6 000 0 7 00 0 0 8 3 8 0 0 333 10 /// 58 000 6 000 0 7 0000 
10-DEC-2015 06 48060 3 2 4 40 5 32 01 10 200 20 130 3 0000 4 0152 5 0000 6 000 0 7 00 0 0 8 3 8 3 0 333 10 /// 58 021 6 000 0 7 0000 
10-DEC-2015 06 48062 3 2 4 57 4 09 02 10 270 20 240 3 0000 4 0106 5 0000 6 000 0 7 03 2 2 8 4 8 0 0 333 10 /// 59 012 6 000 0 7 0000 
10-DEC-2015 06 48064 3 2 9 60 0 14 01 10 247 20 205 3 0000 4 0120 5 0000 6 000 0 7 00 0 0 8 0 0 0 0 333 10 /// 59 020 6 000 0 7 0000 
10-DEC-2015 06 48065 3 2 4 60 2 32 01 10 278 20 184 3 0000 4 0000 5 0000 6 000 0 7 00 0 0 8 2 8 0 0 333 10 /// 58 000 6 000 0 7 0000 
10-DEC-2015 06 48071 3 2 9 58 0 32 02 10 278 20 220 3 0000 4 0141 5 0000 6 000 0 7 00 0 0 8 0 0 0 0 333 10 /// 59 015 6 000 0 7 0000 
10-DEC-2015 06 48072 3 2 9 59 0 09 04 10 280 20 220 3 0000 4 0000 5 0000 6 000 0 7 01 2 2 8 0 0 0 0 333 10 /// 58 000 6 000 0 7 0000 
10-DEC-2015 06 48074 3 2 9 58 0 04 02 10 260 20 160 3 0000 4 0145 5 0000 6 000 0 7 00 0 0 8 0 0 0 0 333 10 /// 59 011 6 000 0 7 0000 
10-DEC-2015 06 48075 3 2 4 57 2 04 01 10 230 20 124 3 0000 4 0140 5 0000 6 000 0 7 00 0 0 8 2 1 0 0 333 10 /// 59 001 6 000 0 7 0000 
10-DEC-2015 06 48077 3 2 9 56 0 00 00 10 286 20 196 3 0000 4 0136 5 0000 6 000 0 7 00 0 0 8 0 0 0 0 333 10 /// 59 011 6 000 0 7 0000 
10-DEC-2015 06 48078 3 2 5 58 3 04 01 10 276 20 167 3 0000 4 0135 5 0000 6 000 0 7 00 0 0 8 2 2 0 1 333 10 /// 59 017 6 000 0 7 0000 
10-DEC-2015 06 48080 3 2 9 61 0 22 03 10 300 20 166 3 0000 4 0137 5 0000 6 000 0 7 00 0 0 8 0 0 0 0 333 10 /// 59 014 6 000 0 7 0000 
10-DEC-2015 06 48085 3 1 9 58 0 27 03 10 282 20 203 3 0000 4 0131 5 0000 6 000 0 7 05 0 0 8 0 0 0 0 333 10 /// 59 011 6 000 0 7 0000 
10-DEC-2015 06 48087 3 2 9 60 0 04 05 10 290 20 196 3 0000 4 0000 5 0000 6 000 0 7 00 0 0 8 0 0 0 0 333 10 /// 58 000 6 000 0 7 0000 
10-DEC-2015 06 48092 3 2 9 59 0 36 01 10 300 20 166 3 0000 4 0119 5 0000 6 000 0 7 00 0 0 8 0 0 0 0 333 10 /// 59 002 6 000 0 7 0000 
10-DEC-2015 06 48093 3 2 6 58 2 32 01 10 308 20 189 3 0000 4 0000 5 0000 6 000 0 7 02 1 1 8 2 1 0 0 333 10 /// 58 000 6 000 0 7 0000 
10-DEC-2015 06 48094 3 2 9 60 0 32 02 10 295 20 205 3 0000 4 0137 5 0000 6 000 0 7 00 0 0 8 0 0 0 0 333 10 /// 59 007 6 000 0 7 0000 
10-DEC-2015 06 48095 3 2 9 60 0 04 02 10 280 20 203 3 0000 4 0000 5 0000 6 000 0 7 00 0 0 8 0 0 0 0 333 10 /// 58 000 6 000 0 7 0000 
10-DEC-2015 06 48096 3 2 9 59 0 34 03 10 290 20 196 3 0000 4 0139 5 0000 6 000 0 7 00 0 0 8 0 0 0 0 333 10 /// 59 003 6 000 0 7 0000 
10-DEC-2015 06 48097 3 2 5 57 1 35 02 10 295 20 154 3 0000 4 0136 5 0000 6 000 0 7 02 1 1 8 1 5 0 0 333 10 /// 59 015 6 000 0 7 0000 
10-DEC-2015 06 48099 3 1 4 56 2 27 01 10 312 20 225 3 0000 4 0135 5 0000 6 000 0 7 02 4 4 8 2 3 0 0 333 10 /// 59 007 6 000 0 7 0000 
10-DEC-2015 06 48101 3 2 9 60 0 32 01 10 288 20 179 3 0000 4 0000 5 0000 6 000 0 7 00 0 0 8 0 0 0 0 333 10 /// 58 000 6 000 0 7 0000 
10-DEC-2015 06 48103 3 2 4 57 1 04 02 10 313 20 169 3 0000 4 0130 5 0000 6 000 0 7 00 0 0 8 1 1 0 0 333 10 /// 59 005 6 000 0 7 0000 
10-DEC-2015 06 48107 3 2 9 50 0 27 01 10 310 20 203 3 0000 4 0117 5 0000 6 000 0 7 00 0 0 8 0 0 0 0 333 10 /// 59 008 6 000 0 7 0000 
10-DEC-2015 06 48108 3 2 5 96 3 14 03 10 335 20 188 3 0000 4 0123 5 0000 6 000 0 7 00 0 0 8 2 4 0 6 333 10 /// 59 011 6 000 0 7 0000 
10-DEC-2015 06 48110 3 1 5 96 4 32 02 10 325 20 270 3 0000 4 0120 5 0000 6 000 0 7 05 2 2 8 3 3 0 6 333 10 /// 59 010 6 000 0 7 0000 
10-DEC-2015 06 48112 3 2 5 97 8 22 02 10 310 20 267 3 0000 4 0119 5 0000 6 000 0 7 03 2 2 8 4 8 7 6 333 10 /// 59 003 6 000 0 7 0000 
