10-DEC-2015 09 48001 3 2 4 50 4 04 01 10 185 20 175 3 0000 4 0117 5 0000 6 000 0 7 00 0 0 8 4 8 0 0 333 10 /// 59 024 6 000 0 7 0000 
10-DEC-2015 09 48004 3 2 4 60 6 22 01 10 231 20 163 3 0000 4 0000 5 0000 6 000 0 7 03 1 2 8 6 9 0 0 333 10 /// 58 000 6 000 0 7 0000 
10-DEC-2015 09 48008 3 2 5 56 7 00 00 10 250 20 167 3 0000 4 0118 5 0000 6 000 0 7 00 0 0 8 3 9 7 0 333 10 /// 59 023 6 000 0 7 0000 
10-DEC-2015 09 48010 3 2 5 60 4 00 00 10 250 20 186 3 0000 4 0134 5 0000 6 000 0 7 00 0 0 8 4 8 0 0 333 10 /// 59 001 6 000 0 7 0000 
10-DEC-2015 09 48018 3 2 5 59 3 14 01 10 260 20 138 3 0000 4 0116 5 0000 6 000 0 7 00 0 0 8 2 8 4 0 333 10 /// 59 013 6 000 0 7 0000 
10-DEC-2015 09 48019 3 2 5 60 2 23 01 10 263 20 160 3 0000 4 0116 5 0000 6 000 0 7 00 0 0 8 0 0 0 2 333 10 /// 59 010 6 000 0 7 0000 
10-DEC-2015 09 48025 3 2 4 40 5 04 01 10 245 20 174 3 0000 4 0124 5 0000 6 000 0 7 00 0 0 8 4 8 4 0 333 10 /// 59 026 6 000 0 7 0000 
10-DEC-2015 09 48030 3 2 9 60 0 22 04 10 190 20 096 3 0000 4 0000 5 0000 6 000 0 7 00 0 0 8 0 0 0 0 333 10 /// 58 000 6 000 0 7 0000 
10-DEC-2015 09 48031 3 2 2 60 2 14 01 10 175 20 129 3 0000 4 0000 5 0000 6 000 0 7 00 0 0 8 2 8 0 0 333 10 /// 58 000 6 000 0 7 0000 
10-DEC-2015 09 48033 3 2 5 63 1 36 01 10 270 20 191 3 0000 4 0090 5 0000 6 000 0 7 02 0 0 8 1 1 0 0 333 10 /// 59 040 6 000 0 7 0000 
10-DEC-2015 09 48034 3 2 4 56 4 18 02 10 222 20 111 3 0000 4 0000 5 0000 6 000 0 7 00 0 0 8 4 8 0 0 333 10 /// 58 000 6 000 0 7 0000 
10-DEC-2015 09 48035 3 1 5 56 3 22 02 10 211 20 143 3 0000 4 0096 5 0000 6 000 0 7 05 2 2 8 3 8 0 0 333 10 /// 59 007 6 000 0 7 0000 
10-DEC-2015 09 48037 3 2 5 60 3 36 01 10 286 20 154 3 0000 4 0116 5 0000 6 000 0 7 00 0 0 8 3 1 0 0 333 10 /// 59 018 6 000 0 7 0000 
10-DEC-2015 09 48039 3 2 9 58 3 14 01 10 279 20 158 3 0000 4 0000 5 0000 6 000 0 7 00 0 0 8 0 0 0 2 333 10 /// 58 000 6 000 0 7 0000 
10-DEC-2015 09 48042 3 2 5 58 1 00 00 10 284 20 146 3 0000 4 0109 5 0000 6 000 0 7 00 0 0 8 1 1 0 0 333 10 /// 59 010 6 000 0 7 0000 
10-DEC-2015 09 48043 3 2 5 56 7 18 03 10 200 20 150 3 0000 4 0000 5 0000 6 000 0 7 00 0 0 8 5 8 7 / 333 10 /// 58 000 6 000 0 7 0000 
10-DEC-2015 09 48045 3 2 5 57 6 18 03 10 192 20 139 3 0000 4 0000 5 0000 6 000 0 7 00 0 0 8 6 6 0 0 333 10 /// 58 000 6 000 0 7 0000 
10-DEC-2015 09 48048 3 2 5 60 2 04 01 10 300 20 166 3 0000 4 0106 5 0000 6 000 0 7 00 0 0 8 2 8 0 0 333 10 /// 59 024 6 000 0 7 0000 
10-DEC-2015 09 48052 3 2 4 58 2 22 01 10 310 20 269 3 0000 4 0000 5 0000 6 000 0 7 00 0 0 8 2 8 0 0 333 10 /// 58 000 6 000 0 7 0000 
10-DEC-2015 09 48053 3 2 4 56 3 36 01 10 290 20 179 3 0000 4 0111 5 0000 6 000 0 7 00 0 0 8 3 5 0 0 333 10 /// 59 003 6 000 0 7 0000 
10-DEC-2015 09 48055 3 2 5 56 2 32 03 10 246 20 152 3 0000 4 0087 5 0000 6 000 0 7 00 0 0 8 2 8 0 0 333 10 /// 59 009 6 000 0 7 0000 
10-DEC-2015 09 48057 3 2 4 58 1 22 02 10 210 20 091 3 0000 4 0000 5 0000 6 000 0 7 00 0 0 8 1 5 0 0 333 10 /// 58 000 6 000 0 7 0000 
10-DEC-2015 09 48060 3 2 4 40 3 18 02 10 244 20 136 3 0000 4 0087 5 0000 6 000 0 7 00 0 0 8 3 1 0 0 333 10 /// 59 029 6 000 0 7 0000 
10-DEC-2015 09 48062 3 2 4 57 4 32 04 10 290 20 240 3 0000 4 0113 5 0000 6 000 0 7 02 2 2 8 4 3 0 0 333 10 /// 59 009 6 000 0 7 0000 
10-DEC-2015 09 48064 3 2 9 60 0 18 01 10 255 20 203 3 0000 4 0088 5 0000 6 000 0 7 00 0 0 8 0 0 0 0 333 10 /// 59 025 6 000 0 7 0000 
10-DEC-2015 09 48065 3 2 9 60 0 32 01 10 300 20 166 3 0000 4 0000 5 0000 6 000 0 7 00 0 0 8 0 0 0 0 333 10 /// 58 000 6 000 0 7 0000 
10-DEC-2015 09 48071 3 2 9 58 0 32 04 10 275 20 203 3 0000 4 0110 5 0000 6 000 0 7 00 0 0 8 0 0 0 0 333 10 /// 59 015 6 000 0 7 0000 
10-DEC-2015 09 48072 3 2 9 60 0 04 01 10 290 20 215 3 0000 4 0000 5 0000 6 000 0 7 01 2 2 8 0 0 0 0 333 10 /// 58 000 6 000 0 7 0000 
10-DEC-2015 09 48074 3 2 9 59 0 14 02 10 300 20 166 3 0000 4 0118 5 0000 6 000 0 7 00 0 0 8 0 0 0 0 333 10 /// 59 009 6 000 0 7 0000 
10-DEC-2015 09 48075 3 2 4 57 1 32 01 10 260 20 138 3 0000 4 0095 5 0000 6 000 0 7 00 0 0 8 1 1 0 0 333 10 /// 59 011 6 000 0 7 0000 
10-DEC-2015 09 48077 3 2 9 59 0 00 00 10 310 20 189 3 0000 4 0103 5 0000 6 000 0 7 00 0 0 8 0 0 0 0 333 10 /// 59 006 6 000 0 7 0000 
10-DEC-2015 09 48078 3 2 5 60 3 04 01 10 296 20 154 3 0000 4 0110 5 0000 6 000 0 7 00 0 0 8 2 2 0 1 333 10 /// 59 002 6 000 0 7 0000 
10-DEC-2015 09 48080 3 2 9 60 0 22 05 10 284 20 184 3 0000 4 0107 5 0000 6 000 0 7 00 0 0 8 0 0 0 0 333 10 /// 59 016 6 000 0 7 0000 
10-DEC-2015 09 48085 3 2 9 58 0 27 04 10 300 20 185 3 0000 4 0102 5 0000 6 000 0 7 00 0 0 8 0 0 0 0 333 10 /// 59 015 6 000 0 7 0000 
10-DEC-2015 09 48087 3 2 9 60 0 04 02 10 310 20 189 3 0000 4 0000 5 0000 6 000 0 7 00 0 0 8 0 0 0 0 333 10 /// 58 000 6 000 0 7 0000 
10-DEC-2015 09 48092 3 2 9 59 0 33 01 10 320 20 163 3 0000 4 0088 5 0000 6 000 0 7 00 0 0 8 0 0 0 0 333 10 /// 59 003 6 000 0 7 0000 
10-DEC-2015 09 48093 3 2 9 58 0 04 01 10 319 20 200 3 0000 4 0000 5 0000 6 000 0 7 01 1 1 8 0 0 0 0 333 10 /// 58 000 6 000 0 7 0000 
10-DEC-2015 09 48094 3 2 4 60 2 32 01 10 315 20 220 3 0000 4 0107 5 0000 6 000 0 7 01 1 1 8 2 8 0 0 333 10 /// 59 011 6 000 0 7 0000 
10-DEC-2015 09 48095 3 2 9 60 0 04 01 10 290 20 215 3 0000 4 0000 5 0000 6 000 0 7 00 0 0 8 0 0 0 0 333 10 /// 58 000 6 000 0 7 0000 
10-DEC-2015 09 48096 3 2 9 59 0 27 05 10 320 20 215 3 0000 4 0103 5 0000 6 000 0 7 00 0 0 8 0 0 0 0 333 10 /// 59 010 6 000 0 7 0000 
10-DEC-2015 09 48097 3 2 5 57 2 03 02 10 315 20 132 3 0000 4 0103 5 0000 6 000 0 7 02 1 1 8 2 5 0 0 333 10 /// 59 023 6 000 0 7 0000 
10-DEC-2015 09 48099 3 2 5 58 3 32 02 10 335 20 206 3 0000 4 0097 5 0000 6 000 0 7 00 0 0 8 3 8 0 0 333 10 /// 59 008 6 000 0 7 0000 
10-DEC-2015 09 48101 3 2 9 60 0 32 02 10 310 20 169 3 0000 4 0000 5 0000 6 000 0 7 00 0 0 8 0 0 0 0 333 10 /// 58 000 6 000 0 7 0000 
10-DEC-2015 09 48103 3 2 4 57 1 22 01 10 329 20 151 3 0000 4 0101 5 0000 6 000 0 7 00 0 0 8 1 1 0 0 333 10 /// 59 004 6 000 0 7 0000 
10-DEC-2015 09 48107 3 2 9 50 0 32 02 10 308 20 225 3 0000 4 0097 5 0000 6 000 0 7 00 0 0 8 0 0 0 0 333 10 /// 59 006 6 000 0 7 0000 
10-DEC-2015 09 48108 3 2 5 96 3 32 03 10 330 20 212 3 0000 4 0101 5 0000 6 000 0 7 00 0 0 8 2 4 0 6 333 10 /// 59 005 6 000 0 7 0000 
10-DEC-2015 09 48110 3 1 5 96 2 32 04 10 320 20 248 3 0000 4 0100 5 0000 6 000 0 7 05 1 1 8 1 3 0 6 333 10 /// 59 004 6 000 0 7 0000 
10-DEC-2015 09 48112 3 2 5 98 6 22 03 10 338 20 270 3 0000 4 0092 5 0000 6 000 0 7 01 2 2 8 2 2 1 6 333 10 /// 59 008 6 000 0 7 0000 
