10-DEC-2015 03 48001 3 1 3 30 8 00 00 10 140 20 138 3 0000 4 0172 5 0000 6 000 0 7 03 4 4 8 8 7 / / 333 10 /// 59 018 6 000 0 7 0000 
10-DEC-2015 03 48004 3 1 4 56 5 04 01 10 155 20 144 3 0000 4 0000 5 0000 6 000 0 7 01 4 4 8 5 9 0 0 333 10 /// 58 000 6 000 0 7 0000 
10-DEC-2015 03 48008 3 1 4 56 5 00 00 10 170 20 154 3 0000 4 0176 5 0000 6 000 0 7 40 4 4 8 3 9 7 0 333 10 /// 59 020 6 000 0 7 0000 
10-DEC-2015 03 48010 3 1 0 40 0 00 00 10 165 20 144 3 0000 4 0178 5 0000 6 000 0 7 40 4 4 8 0 0 0 0 333 10 /// 59 016 6 000 0 7 0000 
10-DEC-2015 03 48018 3 1 5 57 1 00 00 10 170 20 154 3 0000 4 0165 5 0000 6 000 0 7 01 4 4 8 1 4 4 0 333 10 /// 59 016 6 000 0 7 0000 
10-DEC-2015 03 48019 3 2 9 58 0 36 02 10 183 20 147 3 0000 4 0160 5 0000 6 000 0 7 00 0 0 8 0 0 0 0 333 10 /// 59 022 6 000 0 7 0000 
10-DEC-2015 03 48020 3 1 / 30 9 00 00 10 170 20 154 3 0000 4 0000 5 0000 6 000 0 7 43 4 4 8 0 0 0 0 333 10 /// 58 000 6 000 0 7 0000 
10-DEC-2015 03 48025 3 1 0 05 8 27 01 10 176 20 165 3 0000 4 0171 5 0000 6 000 0 7 47 4 4 8 8 6 / / 333 10 /// 59 018 6 000 0 7 0000 
10-DEC-2015 03 48030 3 1 / 05 9 22 01 10 083 20 083 3 0000 4 0000 5 0000 6 000 0 7 43 4 4 8 0 0 0 0 333 10 /// 58 000 6 000 0 7 0000 
10-DEC-2015 03 48031 3 2 2 58 3 18 01 10 150 20 111 3 0000 4 0000 5 0000 6 000 0 7 00 0 0 8 3 8 0 0 333 10 /// 58 000 6 000 0 7 0000 
10-DEC-2015 03 48033 3 2 9 62 0 36 01 10 190 20 159 3 0000 4 0161 5 0000 6 000 0 7 00 0 0 8 0 0 0 0 333 10 /// 59 008 6 000 0 7 0000 
10-DEC-2015 03 48034 3 1 9 56 0 00 00 10 118 20 105 3 0000 4 0000 5 0000 6 000 0 7 10 0 0 8 0 0 0 0 333 10 /// 58 000 6 000 0 7 0000 
10-DEC-2015 03 48035 3 1 / 05 9 00 00 10 140 20 124 3 0000 4 0177 5 0000 6 000 0 7 47 4 4 8 0 0 0 0 333 10 /// 59 001 6 000 0 7 0000 
10-DEC-2015 03 48037 3 2 5 50 3 32 01 10 185 20 147 3 0000 4 0156 5 0000 6 000 0 7 00 0 0 8 2 5 3 0 333 10 /// 59 016 6 000 0 7 0000 
10-DEC-2015 03 48039 3 1 9 50 3 00 00 10 205 20 168 3 0000 4 0000 5 0000 6 000 0 7 40 4 4 8 0 0 0 2 333 10 /// 58 000 6 000 0 7 0000 
10-DEC-2015 03 48042 3 1 5 30 1 00 00 10 212 20 175 3 0000 4 0164 5 0000 6 000 0 7 10 1 1 8 1 4 0 0 333 10 /// 59 001 6 000 0 7 0000 
10-DEC-2015 03 48043 3 2 0 56 0 00 00 10 145 20 134 3 0000 4 0000 5 0000 6 000 0 7 00 0 0 8 0 0 0 0 333 10 /// 58 000 6 000 0 7 0000 
10-DEC-2015 03 48045 3 2 5 57 4 23 02 10 125 20 086 3 0000 4 0000 5 0000 6 000 0 7 00 0 0 8 2 8 0 6 333 10 /// 58 000 6 000 0 7 0000 
10-DEC-2015 03 48048 3 2 9 58 0 04 01 10 212 20 160 3 0000 4 0162 5 0000 6 000 0 7 00 0 0 8 0 0 0 0 333 10 /// 59 010 6 000 0 7 0000 
10-DEC-2015 03 48052 3 1 4 56 2 36 01 10 210 20 175 3 0000 4 0000 5 0000 6 000 0 7 05 2 2 8 2 8 0 0 333 10 /// 58 000 6 000 0 7 0000 
10-DEC-2015 03 48053 3 2 5 50 3 36 01 10 200 20 185 3 0000 4 0165 5 0000 6 000 0 7 00 0 0 8 2 5 0 6 333 10 /// 59 005 6 000 0 7 0000 
10-DEC-2015 03 48055 3 1 9 48 1 28 02 10 143 20 116 3 0000 4 0174 5 0000 6 000 0 7 10 4 4 8 0 0 0 1 333 10 /// 59 012 6 000 0 7 0000 
10-DEC-2015 03 48057 3 2 4 56 3 22 01 10 164 20 123 3 0000 4 0000 5 0000 6 000 0 7 00 0 0 8 2 8 0 1 333 10 /// 58 000 6 000 0 7 0000 
10-DEC-2015 03 48060 3 1 4 30 7 00 00 10 138 20 124 3 0000 4 0194 5 0000 6 000 0 7 42 4 4 8 5 8 3 0 333 10 /// 58 021 6 000 0 7 0000 
10-DEC-2015 03 48062 3 1 4 50 2 09 01 10 220 20 190 3 0000 4 0151 5 0000 6 000 0 7 05 4 4 8 2 5 0 0 333 10 /// 59 015 6 000 0 7 0000 
10-DEC-2015 03 48064 3 2 9 56 0 14 01 10 200 20 185 3 0000 4 0156 5 0000 6 000 0 7 00 0 0 8 0 0 0 0 333 10 /// 59 012 6 000 0 7 0000 
10-DEC-2015 03 48065 3 2 9 56 0 04 02 10 208 20 177 3 0000 4 0000 5 0000 6 000 0 7 00 0 0 8 0 0 0 0 333 10 /// 58 000 6 000 0 7 0000 
10-DEC-2015 03 48071 3 2 9 58 0 32 01 10 242 20 209 3 0000 4 0154 5 0000 6 000 0 7 00 0 0 8 0 0 0 0 333 10 /// 59 010 6 000 0 7 0000 
10-DEC-2015 03 48072 3 1 9 58 0 13 01 10 255 20 215 3 0000 4 0000 5 0000 6 000 0 7 05 0 0 8 0 0 0 0 333 10 /// 58 000 6 000 0 7 0000 
10-DEC-2015 03 48074 3 2 9 58 0 04 04 10 200 20 168 3 0000 4 0174 5 0000 6 000 0 7 00 0 0 8 0 0 0 0 333 10 /// 59 010 6 000 0 7 0000 
10-DEC-2015 03 48075 3 1 9 56 0 00 00 10 160 20 144 3 0000 4 0184 5 0000 6 000 0 7 01 4 4 8 0 0 0 0 333 10 /// 59 003 6 000 0 7 0000 
10-DEC-2015 03 48077 3 2 9 59 0 00 00 10 224 20 185 3 0000 4 0157 5 0000 6 000 0 7 00 0 0 8 0 0 0 0 333 10 /// 59 003 6 000 0 7 0000 
10-DEC-2015 03 48078 3 2 5 57 2 09 01 10 210 20 168 3 0000 4 0162 5 0000 6 000 0 7 00 0 0 8 1 1 0 1 333 10 /// 59 010 6 000 0 7 0000 
10-DEC-2015 03 48080 3 1 9 59 0 00 00 10 204 20 168 3 0000 4 0152 5 0000 6 000 0 7 02 4 4 8 0 0 0 0 333 10 /// 59 012 6 000 0 7 0000 
10-DEC-2015 03 48085 3 1 9 57 0 36 01 10 324 20 198 3 0000 4 0151 5 0000 6 000 0 7 05 4 4 8 0 0 0 0 333 10 /// 59 007 6 000 0 7 0000 
10-DEC-2015 03 48087 3 2 9 60 0 04 02 10 237 20 191 3 0000 4 0000 5 0000 6 000 0 7 00 0 0 8 0 0 0 0 333 10 /// 58 000 6 000 0 7 0000 
10-DEC-2015 03 48092 3 2 9 57 0 00 00 10 230 20 181 3 0000 4 0135 5 0000 6 000 0 7 00 0 0 8 0 0 0 0 333 10 /// 59 004 6 000 0 7 0000 
10-DEC-2015 03 48093 3 2 9 58 0 14 01 10 253 20 205 3 0000 4 0000 5 0000 6 000 0 7 00 0 0 8 0 0 0 0 333 10 /// 58 000 6 000 0 7 0000 
10-DEC-2015 03 48094 3 2 9 59 0 32 01 10 255 20 200 3 0000 4 0151 5 0000 6 000 0 7 00 0 0 8 0 0 0 0 333 10 /// 59 012 6 000 0 7 0000 
10-DEC-2015 03 48095 3 2 9 60 0 36 03 10 220 20 185 3 0000 4 0000 5 0000 6 000 0 7 00 0 0 8 0 0 0 0 333 10 /// 58 000 6 000 0 7 0000 
10-DEC-2015 03 48096 3 2 9 57 1 34 02 10 230 20 181 3 0000 4 0156 5 0000 6 000 0 7 00 0 0 8 0 0 0 1 333 10 /// 59 009 6 000 0 7 0000 
10-DEC-2015 03 48097 3 1 5 57 2 04 02 10 230 20 181 3 0000 4 0163 5 0000 6 000 0 7 05 1 1 8 2 5 0 0 333 10 /// 59 010 6 000 0 7 0000 
10-DEC-2015 03 48099 3 1 4 40 2 23 02 10 252 20 186 3 0000 4 0149 5 0000 6 000 0 7 10 4 4 8 2 7 0 0 333 10 /// 59 005 6 000 0 7 0000 
10-DEC-2015 03 48101 3 2 9 58 0 36 01 10 248 20 186 3 0000 4 0000 5 0000 6 000 0 7 00 0 0 8 0 0 0 0 333 10 /// 58 000 6 000 0 7 0000 
10-DEC-2015 03 48103 3 1 9 56 0 04 04 10 267 20 211 3 0000 4 0150 5 0000 6 000 0 7 01 4 4 8 0 0 0 0 333 10 /// 59 009 6 000 0 7 0000 
10-DEC-2015 03 48107 3 1 9 50 0 04 01 10 260 20 229 3 0000 4 0139 5 0000 6 000 0 7 // 4 4 8 0 0 0 0 333 10 /// 59 000 6 000 0 7 0000 
10-DEC-2015 03 48108 3 1 4 96 2 36 02 10 275 20 223 3 0000 4 0145 5 0000 6 000 0 7 01 4 4 8 2 4 0 0 333 10 /// 59 005 6 000 0 7 0000 
10-DEC-2015 03 48109 3 2 4 97 2 00 00 10 280 20 233 3 0000 4 0155 5 0000 6 000 0 7 00 0 0 8 2 8 0 0 333 10 /// 59 002 6 000 0 7 0000 
10-DEC-2015 03 48110 3 1 5 96 4 32 02 10 300 20 259 3 0000 4 0139 5 0000 6 000 0 7 05 2 2 8 1 1 0 6 333 10 /// 59 007 6 000 0 7 0000 
10-DEC-2015 03 48112 3 2 5 98 6 04 05 10 290 20 259 3 0000 4 0135 5 0000 6 000 0 7 00 0 0 8 2 2 1 6 333 10 /// 58 007 6 000 0 7 0000 
