10-FEB-2015 00 48008 3 1 5 50 5 00 00 10 145 20 135 3 0000 4 0166 5 0000 6 000 0 7 10 4 4 8 3 9 3 0 333 20 135 58 000 6 000 0 7 0000 
10-FEB-2015 00 48010 3 2 6 20 2 00 00 10 150 20 142 3 0000 4 0157 5 0000 6 000 0 7 00 0 0 8 0 0 0 1 333 20 138 59 003 6 000 0 7 0000 
10-FEB-2015 00 48018 3 2 5 56 7 00 00 10 150 20 134 3 0000 4 0162 5 0000 6 000 0 7 00 0 0 8 4 8 7 0 333 20 145 58 008 6 000 0 7 0000 
10-FEB-2015 00 48019 3 2 4 40 3 00 00 10 140 20 140 3 0000 4 0160 5 0000 6 000 0 7 00 0 0 8 0 0 3 2 333 20 135 58 006 6 000 0 7 0000 
10-FEB-2015 00 48025 3 1 1 10 4 27 01 10 164 20 144 3 0000 4 0168 5 0000 6 000 0 7 40 4 4 8 2 6 4 0 333 20 158 58 003 6 000 0 7 0000 
10-FEB-2015 00 48030 3 2 2 50 4 22 01 10 050 20 025 3 0000 4 0000 5 0000 6 000 0 7 00 0 0 8 4 5 0 0 333 20 042 58 000 6 000 0 7 0000 
10-FEB-2015 00 48031 3 2 2 50 6 22 01 10 120 20 059 3 0000 4 0000 5 0000 6 000 0 7 00 0 0 8 4 8 5 0 333 20 110 58 000 6 000 0 7 0000 
10-FEB-2015 00 48033 3 2 9 60 0 36 01 10 150 20 134 3 0000 4 0161 5 0000 6 000 0 7 00 0 0 8 0 0 0 0 333 20 140 58 002 6 000 0 7 0000 
10-FEB-2015 00 48034 3 1 9 48 0 00 00 10 072 20 060 3 0000 4 0000 5 0000 6 000 0 7 10 0 0 8 0 0 0 0 333 20 062 58 000 6 000 0 7 0000 
10-FEB-2015 00 48035 3 1 / 01 9 00 00 10 071 20 070 3 0000 4 0200 5 0000 6 000 0 7 47 4 4 8 0 0 0 0 333 20 062 58 002 6 000 0 7 0000 
10-FEB-2015 00 48037 3 2 9 10 0 00 00 10 160 20 123 3 0000 4 0136 5 0000 6 000 0 7 00 0 0 8 0 0 0 0 333 20 153 59 012 6 000 0 7 0000 
10-FEB-2015 00 48039 3 1 4 50 3 00 00 10 155 20 144 3 0000 4 0000 5 0000 6 000 0 7 10 1 1 8 3 4 0 0 333 20 153 58 000 6 000 0 7 0000 
10-FEB-2015 00 48042 3 2 5 56 2 00 00 10 162 20 144 3 0000 4 0152 5 0000 6 000 0 7 00 0 0 8 1 4 0 2 333 20 151 58 007 6 000 0 7 0000 
10-FEB-2015 00 48043 3 2 0 10 0 00 00 10 100 20 056 3 0000 4 0000 5 0000 6 000 0 7 00 0 0 8 0 0 0 0 333 20 055 58 000 6 000 0 7 0000 
10-FEB-2015 00 48048 3 2 5 40 3 04 01 10 135 20 107 3 0000 4 0162 5 0000 6 000 0 7 00 0 0 8 3 8 0 0 333 20 128 58 012 6 000 0 7 0000 
10-FEB-2015 00 48051 3 2 9 56 2 36 01 10 140 20 120 3 0000 4 0000 5 0000 6 000 0 7 00 0 0 8 0 0 0 6 333 20 133 58 000 6 000 0 7 0000 
10-FEB-2015 00 48052 3 2 4 50 3 00 00 10 155 20 123 3 0000 4 0000 5 0000 6 000 0 7 00 0 0 8 3 8 0 0 333 20 145 58 000 6 000 0 7 0000 
10-FEB-2015 00 48053 3 2 9 40 0 00 00 10 170 20 135 3 0000 4 0154 5 0000 6 000 0 7 00 0 0 8 0 0 0 0 333 20 155 58 001 6 000 0 7 0000 
10-FEB-2015 00 48055 3 1 5 30 5 00 00 10 080 20 075 3 0000 4 0206 5 0000 6 000 0 7 10 1 1 8 3 5 0 1 333 20 070 58 002 6 000 0 7 0000 
10-FEB-2015 00 48057 3 1 4 50 4 00 00 10 118 20 102 3 0000 4 0000 5 0000 6 000 0 7 10 2 2 8 1 5 0 6 333 20 110 58 000 6 000 0 7 0000 
10-FEB-2015 00 48060 3 2 4 20 3 00 00 10 132 20 113 3 0000 4 0198 5 0000 6 000 0 7 00 0 0 8 2 1 3 0 333 20 112 58 008 6 000 0 7 0000 
10-FEB-2015 00 48062 3 1 5 40 6 04 01 10 170 20 170 3 0000 4 0155 5 0000 6 000 0 7 42 4 4 8 4 8 3 0 333 20 150 58 008 6 000 0 7 0000 
10-FEB-2015 00 48064 3 2 9 50 2 04 01 10 166 20 135 3 0000 4 0137 5 0000 6 000 0 7 00 0 0 8 0 0 0 1 333 20 128 58 013 6 000 0 7 0000 
10-FEB-2015 00 48065 3 2 9 50 2 00 00 10 160 20 160 3 0000 4 0000 5 0000 6 000 0 7 00 0 0 8 0 0 0 6 333 20 148 58 000 6 000 0 7 0000 
10-FEB-2015 00 48071 3 1 4 40 4 00 00 10 173 20 170 3 0000 4 0150 5 0000 6 000 0 7 42 4 4 8 4 8 0 0 333 20 170 58 000 6 000 0 7 0000 
10-FEB-2015 00 48074 3 2 4 50 5 14 03 10 216 20 160 3 0000 4 0153 5 0000 6 000 0 7 00 0 0 8 3 5 0 2 333 20 199 59 006 6 000 0 7 0000 
10-FEB-2015 00 48075 3 1 4 56 5 00 00 10 135 20 135 3 0000 4 0191 5 0000 6 000 0 7 10 2 2 8 4 8 3 0 333 20 130 59 002 6 000 0 7 0000 
10-FEB-2015 00 48077 3 1 5 56 5 00 00 10 200 20 150 3 0000 4 0142 5 0000 6 000 0 7 10 2 2 8 3 8 0 1 333 20 162 58 016 6 000 0 7 0000 
10-FEB-2015 00 48080 3 1 4 50 5 00 00 10 120 20 102 3 0000 4 0163 5 0000 6 000 0 7 40 4 4 8 3 5 3 0 333 20 110 58 021 6 000 0 7 0000 
10-FEB-2015 00 48085 3 1 4 40 2 18 02 10 156 20 153 3 0000 4 0152 5 0000 6 000 0 7 40 4 4 8 1 8 0 6 333 20 154 58 006 6 000 0 7 0000 
10-FEB-2015 00 48087 3 1 9 40 3 00 00 10 154 20 134 3 0000 4 0000 5 0000 6 000 0 7 10 4 4 8 0 0 4 1 333 20 136 58 000 6 000 0 7 0000 
10-FEB-2015 00 48092 3 1 9 30 0 00 00 10 190 20 175 3 0000 4 0129 5 0000 6 000 0 7 10 2 2 8 0 0 0 0 333 20 180 58 001 6 000 0 7 0000 
10-FEB-2015 00 48094 3 2 9 56 0 00 00 10 205 20 190 3 0000 4 0151 5 0000 6 000 0 7 00 0 0 8 0 0 0 0 333 20 138 58 001 6 000 0 7 0000 
10-FEB-2015 00 48097 3 2 5 56 5 14 01 10 205 20 190 3 0000 4 0160 5 0000 6 000 0 7 00 0 0 8 3 5 0 6 333 20 200 58 005 6 000 0 7 0000 
10-FEB-2015 00 48099 3 1 3 20 3 04 01 10 210 20 195 3 0000 4 0148 5 0000 6 000 0 7 40 4 4 8 2 8 3 0 333 20 200 58 011 6 000 0 7 0000 
10-FEB-2015 00 48108 3 1 5 94 5 00 00 10 175 20 168 3 0000 4 0155 5 0000 6 000 0 7 10 2 2 8 2 4 0 6 333 20 160 58 006 6 000 0 7 0000 
10-FEB-2015 00 48109 3 1 4 96 6 00 00 10 223 20 220 3 0000 4 0155 5 0000 6 000 0 7 10 2 2 8 5 9 3 0 333 20 203 58 011 6 000 0 7 0000 
10-FEB-2015 00 48110 3 2 9 92 4 13 02 10 215 20 207 3 0000 4 0148 5 0000 6 000 0 7 02 4 4 8 0 0 0 6 333 20 215 58 002 6 000 0 7 0000 
10-FEB-2015 00 48112 3 2 5 97 8 04 01 10 240 20 191 3 0000 4 0140 5 0000 6 000 0 7 00 0 0 8 3 8 7 6 333 20 193 58 006 6 000 0 7 0000 
