100900 48004 32458 42201 10272 20172 84800 333 56500=
100900 48008 32558 61401 10286 20140 40123 83970 333 56560 59009=
100900 48010 32560 60000 10285 20184 40139 80032 333 56066 58099=
100900 48018 32560 50402 10292 20159 40117 70222 83870 333 56120 59012=
100900 48019 32560 20401 10294 20179 40126 80001 333 56005 59007=
100900 48025 32456 33201 10305 20092 40113 82540 333 56550 58012=
100900 48030 32256 52204 10188 20072 83806 333 56509=
100900 48031 31260 40402 10210 20019 70511 82840 333 56990=
100900 48033 32963 03601 10320 20163 40112 333 58000=
100900 48034 32457 42302 10247 20105 84800 333 56500=
100900 48035 31556 43203 10267 20085 40090 70500 83801 333 56909 59016=
100900 48037 32560 53201 10314 20124 40116 81102 333 56909 58007=
100900 48039 32459 71401 10312 20124 83802 333 56505=
100900 48042 32557 52201 10330 20151 40113 81106 333 56909 59010=
100900 48043 32656 72202 10235 20095 82202 333 56909=
100900 48045 32960 61402 10250 20024 80006 333 56005=
100900 48048 32560 40901 10192 20163 40122 84800 333 56400 58007=
100900 48051 32559 43605 10324 20140 70222 82206 333 56909=
100900 48052 32470 42202 10360 20132 83801 333 56900=
100900 48053 31450 61802 10330 20151 40118 70522 82506 333 56509 58011=
100900 48055 32556 42705 10271 20099 40093 81102 333 56409 59005=
100900 48057 32457 72203 10240 20066 83836 333 56599=
100900 48060 32440 52203 10276 20098 40096 82172 333 56566 59019=
100900 48062 32556 52708 10290 20230 40138 70122 82531 333 56699 58004=
100900 48064 32970 40901 10314 20225 40093 80036 333 56099 59017=
100900 48065 32470 30000 10324 20116 80036 333 56099=
100900 48071 32560 63202 10257 20191 40138 83201 333 56909 58000=
100900 48072 32459 83202 10285 20215 70222 85830 333 56690=
100900 48074 32558 71801 10323 20163 40118 82407 333 56404 58000=
100900 48075 31457 52703 10285 20125 40100 70522 84501 333 56609 59012=
100900 48077 31558 80000 10330 20172 40111 70522 84801 333 56909 58002=
100900 48080 32459 62204 10300 20239 40123 84870 333 56490 58003=
100900 48085 32457 83205 10288 20179 40128 86820 333 56990 58002=
100900 48087 32558 62301 10330 20151 70322 84840 333 56990=
100900 48092 31457 73201 10318 20173 40104 70522 84816 333 56999 58002=
100900 48093 32556 60401 10321 20200 86800 333 56900=
100900 48094 32459 53201 10315 20200 40126 84901 333 56909 58001=
100900 48095 32458 70000 10325 20200 70322 83670 333 56990=
100900 48097 32557 72401 10320 20174 40123 70222 83836 333 56999 59005=
100900 48099 32557 60202 10318 20215 40120 82806 333 56109 59003=
100900 48101 32760 43201 10308 20189 70111 80025 333 56099=
100900 48103 32556 33201 10339 20184 40113 83800 333 56700 59007=
100900 48107 32950 00401 10318 20163 40109 333 59004=
100900 48108 32595 50505 10345 20193 40113 83806 333 56409 59007=
100900 48109 32497 30401 10314 20254 40133 70222 83500 333 56900 59003=
100900 48110 31596 43203 10345 20221 40111 70522 82306 333 56209 59004=
