10-JAN-2015 06 48004 3 2 4 60 6 22 01 10 180 20 165 3 0000 4 0000 5 0000 6 000 0 7 00 0 0 8 6 9 0 0 333 10 /// 58 000 6 000 0 7 0000 
10-JAN-2015 06 48008 3 2 4 57 6 04 01 10 197 20 130 3 0000 4 0159 5 0000 6 000 0 7 00 0 0 8 4 9 7 0 333 10 /// 58 047 6 000 0 7 0000 
10-JAN-2015 06 48010 3 2 5 60 3 18 01 10 195 20 168 3 0000 4 0160 5 0000 6 000 0 7 00 0 0 8 3 8 0 0 333 10 /// 58 017 6 000 0 7 0000 
10-JAN-2015 06 48018 3 2 5 60 6 04 01 10 230 20 163 3 0000 4 0169 5 0000 6 000 0 7 00 0 0 8 3 8 7 0 333 10 /// 58 052 6 000 0 7 0000 
10-JAN-2015 06 48019 3 2 4 60 7 04 03 10 210 20 175 3 0000 4 0143 5 0000 6 000 0 7 00 0 0 8 4 7 3 0 333 10 /// 58 037 6 000 0 7 0000 
10-JAN-2015 06 48020 3 2 2 58 5 36 04 10 200 20 166 3 0000 4 0000 5 0000 6 000 0 7 00 0 0 8 5 4 0 0 333 10 /// 58 000 6 000 0 7 0000 
10-JAN-2015 06 48025 3 2 4 56 1 32 01 10 220 20 156 3 0000 4 0160 5 0000 6 000 0 7 00 0 0 8 1 1 0 0 333 10 /// 58 027 6 000 0 7 0000 
10-JAN-2015 06 48030 3 2 9 56 0 04 04 10 134 20 044 3 0000 4 0000 5 0000 6 000 0 7 00 0 0 8 0 0 0 0 333 10 /// 58 000 6 000 0 7 0000 
10-JAN-2015 06 48031 3 2 9 68 0 36 01 10 160 20 059 3 0000 4 0000 5 0000 6 000 0 7 00 0 0 8 0 0 0 0 333 10 /// 58 000 6 000 0 7 0000 
10-JAN-2015 06 48033 3 2 9 63 0 32 01 10 250 20 126 3 0000 4 0135 5 0000 6 000 0 7 00 0 0 8 0 0 0 0 333 10 /// 58 045 6 000 0 7 0000 
10-JAN-2015 06 48034 3 2 4 56 6 18 02 10 180 20 086 3 0000 4 0000 5 0000 6 000 0 7 00 0 0 8 6 3 0 0 333 10 /// 58 000 6 000 0 7 0000 
10-JAN-2015 06 48035 3 1 5 60 5 27 02 10 202 20 109 3 0000 4 0122 5 0000 6 000 0 7 05 0 0 8 4 9 6 0 333 10 /// 58 024 6 000 0 7 0000 
10-JAN-2015 06 48037 3 2 9 60 0 04 01 10 240 20 114 3 0000 4 0145 5 0000 6 000 0 7 00 0 0 8 0 0 0 0 333 10 /// 58 048 6 000 0 7 0000 
10-JAN-2015 06 48039 3 2 9 60 2 22 01 10 239 20 136 3 0000 4 0000 5 0000 6 000 0 7 00 0 0 8 0 0 0 2 333 10 /// 58 000 6 000 0 7 0000 
10-JAN-2015 06 48042 3 2 9 57 0 27 01 10 265 20 126 3 0000 4 0147 5 0000 6 000 0 7 00 0 0 8 0 0 0 0 333 10 /// 58 038 6 000 0 7 0000 
10-JAN-2015 06 48043 3 2 6 57 1 32 03 10 180 20 056 3 0000 4 0000 5 0000 6 000 0 7 00 0 0 8 1 2 0 0 333 10 /// 58 000 6 000 0 7 0000 
10-JAN-2015 06 48045 3 2 9 62 0 14 05 10 170 20 000 3 0000 4 0000 5 0000 6 000 0 7 00 0 0 8 0 0 0 0 333 10 /// 58 000 6 000 0 7 0000 
10-JAN-2015 06 48048 3 2 5 60 4 04 01 10 245 20 155 3 0000 4 0150 5 0000 6 000 0 7 00 0 0 8 4 8 0 0 333 10 /// 58 034 6 000 0 7 0000 
10-JAN-2015 06 48051 3 2 9 59 0 31 02 10 220 20 110 3 0000 4 0000 5 0000 6 000 0 7 02 0 0 8 0 0 0 0 333 10 /// 58 000 6 000 0 7 0000 
10-JAN-2015 06 48052 3 2 4 70 0 32 03 10 250 20 150 3 0000 4 0000 5 0000 6 000 0 7 00 0 0 8 0 0 0 0 333 10 /// 58 000 6 000 0 7 0000 
10-JAN-2015 06 48053 3 2 9 56 0 18 03 10 240 20 136 3 0000 4 0149 5 0000 6 000 0 7 00 0 0 8 0 0 0 0 333 10 /// 58 041 6 000 0 7 0000 
10-JAN-2015 06 48055 3 2 5 56 4 23 02 10 203 20 109 3 0000 4 0118 5 0000 6 000 0 7 00 0 0 8 4 8 0 0 333 10 /// 58 017 6 000 0 7 0000 
10-JAN-2015 06 48057 3 2 4 58 2 22 02 10 178 20 086 3 0000 4 0000 5 0000 6 000 0 7 00 0 0 8 2 8 0 0 333 10 /// 58 000 6 000 0 7 0000 
10-JAN-2015 06 48060 2 1 4 20 8 00 00 10 140 20 124 3 0000 4 0168 5 0000 6 000 0 7 50 5 5 8 6 9 7 / 333 10 /// 58 038 6 000 0 7 0000 
10-JAN-2015 06 48062 3 2 9 57 0 36 02 10 235 20 170 3 0000 4 0150 5 0000 6 000 0 7 00 0 0 8 0 0 0 0 333 10 /// 58 005 6 000 0 7 0000 
10-JAN-2015 06 48064 3 2 9 70 0 14 01 10 247 20 167 3 0000 4 0131 5 0000 6 000 0 7 00 0 0 8 0 0 0 0 333 10 /// 58 032 6 000 0 7 0000 
10-JAN-2015 06 48065 3 2 9 70 0 04 08 10 258 20 138 3 0000 4 0000 5 0000 6 000 0 7 00 0 0 8 0 0 0 0 333 10 /// 58 000 6 000 0 7 0000 
10-JAN-2015 06 48071 3 1 9 60 0 05 01 10 245 20 150 3 0000 4 0148 5 0000 6 000 0 7 05 0 0 8 0 0 0 0 333 10 /// 58 004 6 000 0 7 0000 
10-JAN-2015 06 48072 3 2 9 59 0 04 01 10 250 20 186 3 0000 4 0000 5 0000 6 000 0 7 01 2 2 8 0 0 0 0 333 10 /// 58 000 6 000 0 7 0000 
10-JAN-2015 06 48074 3 2 9 60 0 14 01 10 240 20 114 3 0000 4 0143 5 0000 6 000 0 7 00 0 0 8 0 0 0 0 333 10 /// 58 025 6 000 0 7 0000 
10-JAN-2015 06 48075 3 2 9 58 0 14 01 10 220 20 160 3 0000 4 0136 5 0000 6 000 0 7 00 0 0 8 0 0 0 0 333 10 /// 58 006 6 000 0 7 0000 
10-JAN-2015 06 48077 3 2 9 59 0 04 01 10 270 20 085 3 0000 4 0135 5 0000 6 000 0 7 00 0 0 8 0 0 0 0 333 10 /// 58 015 6 000 0 7 0000 
10-JAN-2015 06 48078 3 1 5 56 2 04 03 10 245 20 110 3 0000 4 0143 5 0000 6 000 0 7 02 4 4 8 1 5 0 1 333 10 /// 58 008 6 000 0 7 0000 
10-JAN-2015 06 48080 3 2 4 60 2 32 04 10 263 20 229 3 0000 4 0145 5 0000 6 000 0 7 00 0 0 8 2 5 0 0 333 10 /// 58 007 6 000 0 7 0000 
10-JAN-2015 06 48085 3 1 4 58 1 32 07 10 278 20 146 3 0000 4 0135 5 0000 6 000 0 7 05 0 0 8 0 0 0 0 333 10 /// 58 002 6 000 0 7 0000 
10-JAN-2015 06 48087 3 2 9 60 0 00 00 10 264 20 229 3 0000 4 0000 5 0000 6 000 0 7 00 0 0 8 0 0 0 0 333 10 /// 58 000 6 000 0 7 0000 
10-JAN-2015 06 48092 3 2 4 56 1 05 01 10 265 20 166 3 0000 4 0125 5 0000 6 000 0 7 02 2 2 8 1 1 0 0 333 10 /// 58 022 6 000 0 7 0000 
10-JAN-2015 06 48093 3 2 6 57 6 27 02 10 250 20 205 3 0000 4 0000 5 0000 6 000 0 7 00 0 0 8 6 8 0 0 333 10 /// 58 000 6 000 0 7 0000 
10-JAN-2015 06 48094 3 2 9 60 0 04 02 10 285 20 150 3 0000 4 0139 5 0000 6 000 0 7 00 0 0 8 0 0 0 0 333 10 /// 58 012 6 000 0 7 0000 
10-JAN-2015 06 48095 3 2 9 58 0 04 01 10 260 20 119 3 0000 4 0000 5 0000 6 000 0 7 00 0 0 8 0 0 0 0 333 10 /// 58 000 6 000 0 7 0000 
10-JAN-2015 06 48097 3 2 4 57 5 14 01 10 265 20 157 3 0000 4 0134 5 0000 6 000 0 7 02 2 2 8 5 8 0 0 333 10 /// 58 006 6 000 0 7 0000 
10-JAN-2015 06 48099 3 2 4 50 5 13 04 10 250 20 205 3 0000 4 0144 5 0000 6 000 0 7 00 0 0 8 3 8 3 0 333 10 /// 58 013 6 000 0 7 0000 
10-JAN-2015 06 48101 3 2 9 60 0 32 02 10 268 20 133 3 0000 4 0000 5 0000 6 000 0 7 00 0 0 8 0 0 0 0 333 10 /// 58 000 6 000 0 7 0000 
10-JAN-2015 06 48103 3 2 5 56 6 04 01 10 247 20 205 3 0000 4 0140 5 0000 6 000 0 7 00 0 0 8 6 5 0 0 333 10 /// 58 009 6 000 0 7 0000 
10-JAN-2015 06 48107 3 2 3 30 7 13 01 10 220 20 173 3 0000 4 0126 5 0000 6 000 0 7 00 0 0 8 5 9 7 0 333 10 /// 58 013 6 000 0 7 0000 
10-JAN-2015 06 48108 2 1 4 95 8 32 02 10 245 20 230 3 0000 4 0137 5 0000 6 000 0 7 20 5 5 8 5 3 7 / 333 10 /// 58 015 6 000 0 7 0000 
10-JAN-2015 06 48109 3 2 4 97 4 04 01 10 300 20 207 3 0000 4 0146 5 0000 6 000 0 7 02 2 2 8 4 8 0 0 333 10 /// 58 013 6 000 0 7 0000 
10-JAN-2015 06 48110 3 2 5 96 8 32 05 10 285 20 240 3 0000 4 0126 5 0000 6 000 0 7 00 0 0 8 4 3 7 7 333 10 /// 58 005 6 000 0 7 0000 
