48001 21440 80000 10140 20135 40171 72055 887// 333 56499 59010=
48004 21110 80000 10148 20148 75055 8597/ 333 56559=
48008 21456 60401 10168 20154 40172 71799 84970 333 56340 58033=
48010 22430 80000 10160 20160 40177 887// 333 56599 58025=
48018 22558 41401 10163 20144 40154 83810 333 56320 58023=
48019 22457 73202 10164 20144 40154 85770 333 56450 58028=
48020 21140 80000 10160 20144 70522 889// 333 569//=
48025 31230 53601 10166 20135 40166 84840 333 56650 58027=
48030 32956 02202 10028 21028 333=
48031 32962 03201 10100 20018 333=
48033 32962 00402 10200 20150 40167 333 58067=
48034 31456 20000 10126 20086 71011 82500 333 56500=
48035 31560 10000 10137 20124 40167 70144 81200 333 56500 58019=
48037 32658 33601 10167 20135 40150 80079 333 56079 58029=
48039 31940 21401 10190 20139 74244 80002 333 56009=
48042 31950 01301 10197 20150 40163 71000 333 58046=
48043 32057 01802 10115 20081 333=
48045 32960 03202 10100 29028 333=
48048 32560 40901 10195 20130 40165 84800 333 56400 58033=
48051 32958 03601 10156 20140 333=
48052 32458 03202 10190 20096 333=
48053 NIL=
48055 21956 02302 10119 20092 40175 70511 333 58045=
48057 32458 11502 10143 20082 81500 333 56400=
48060 21420 80000 10130 20130 40209 75155 8597/ 333 56569 58043=
48062 31950 03601 10170 20140 40161 71044 333 58008=
48064 32960 13601 10280 20198 40159 80006 333 56009 58034=
48065 32968 00000 10194 20096 333=
48071 31958 00501 10215 20173 40160 70500 333 58007=
48072 31958 00402 10220 20156 71044 333=
48074 32958 03201 10160 20123 40173 333 58031=
48075 32958 00000 10140 20140 40178 333 58028=
48077 32958 20000 10184 20129 40152 80001 333 56009 58017=
48078 31540 23201 10170 20135 40166 70144 81501 333 56909 58021=
48080 31959 00401 10153 20134 40160 70244 333 58000=
48085 31957 02701 10205 20150 40153 70544 333 58009=
48087 32956 00000 10177 20147 333=
48092 31950 10502 10205 20164 40142 70522 80030 333 56090 58013=
48093 32450 82301 10244 20209 8687/ 333 56999=
48094 32959 03201 10200 20160 40158 333 58012=
48095 32958 00000 10195 20159 333=
48097 31440 23102 10220 20156 40159 70511 81410 333 56990 58004=
48099 22340 61302 10218 20185 40152 82850 333 56330 58012=
48101 32958 03201 10230 20143 333=
48103 22556 70401 10206 20195 40150 87500 333 56100 58018=
48107 21330 81301 10200 20185 40145 76065 8597/ 333 5693/ 58019=
48108 21495 83201 10220 20220 40152 75155 8537/ 333 5669/ 58006=
48109 32497 40401 10245 20205 40153 84900 333 56900 59000=
48110 22496 81302 10265 20234 40139 85377 333 56999 59006=
48112 32598 60402 10290 20230 40130 82216 333 56199=  