10-JAN-2015 00 48008 2 1 4 40 8 00 00 10 150 20 148 3 0000 4 0144 5 0000 6 000 0 7 50 9 9 8 4 9 7 / 333 20 137 58 015 6 000 0 7 0000 
10-JAN-2015 00 48010 2 2 4 20 8 00 00 10 150 20 150 3 0000 4 0139 5 0000 6 000 0 7 00 0 0 8 5 7 2 / 333 20 145 58 017 6 000 0 7 0000 
10-JAN-2015 00 48018 2 2 5 20 7 00 00 10 145 20 132 3 0000 4 0135 5 0000 6 000 0 7 00 0 0 8 4 3 7 0 333 20 140 58 013 6 000 0 7 0000 
10-JAN-2015 00 48019 2 2 4 40 7 00 00 10 155 20 150 3 0000 4 0129 5 0000 6 000 0 7 00 0 0 8 5 7 7 0 333 20 149 58 017 6 000 0 7 0000 
10-JAN-2015 00 48025 3 1 4 10 7 32 01 10 146 20 134 3 0000 4 0128 5 0000 6 000 0 7 40 4 4 8 4 6 4 0 333 20 131 58 013 6 000 0 7 0000 
10-JAN-2015 00 48030 3 2 0 50 0 22 02 10 000 20 000 3 0000 4 0000 5 0000 6 000 0 7 00 0 0 8 0 0 0 0 333 21 010 58 000 6 000 0 7 0000 
10-JAN-2015 00 48031 3 2 2 50 2 36 02 10 067 20 000 3 0000 4 0000 5 0000 6 000 0 7 00 0 0 8 0 0 0 0 333 10 /// 58 000 6 000 0 7 0000 
10-JAN-2015 00 48033 3 2 9 60 0 36 01 10 150 20 134 3 0000 4 0144 5 0000 6 000 0 7 00 0 0 8 0 0 0 0 333 20 105 58 043 6 000 0 7 0000 
10-JAN-2015 00 48034 3 2 4 56 6 00 00 10 078 20 068 3 0000 4 0000 5 0000 6 000 0 7 00 0 0 8 4 5 3 0 333 20 070 58 000 6 000 0 7 0000 
10-JAN-2015 00 48035 3 1 / 01 9 00 00 10 101 20 100 3 0000 4 0158 5 0000 6 000 0 7 47 9 4 8 0 0 0 0 333 20 095 58 031 6 000 0 7 0000 
10-JAN-2015 00 48037 3 2 9 10 0 00 00 10 150 20 134 3 0000 4 0132 5 0000 6 000 0 7 00 0 0 8 0 0 0 0 333 20 147 58 027 6 000 0 7 0000 
10-JAN-2015 00 48039 3 1 4 50 3 22 01 10 150 20 134 3 0000 4 0000 5 0000 6 000 0 7 10 1 1 8 3 4 0 0 333 20 149 58 000 6 000 0 7 0000 
10-JAN-2015 00 48042 3 2 5 56 1 00 00 10 150 20 134 3 0000 4 0137 5 0000 6 000 0 7 00 0 0 8 1 4 0 0 333 20 145 58 030 6 000 0 7 0000 
10-JAN-2015 00 48043 3 2 0 50 0 00 00 10 070 20 046 3 0000 4 0000 5 0000 6 000 0 7 00 0 0 8 0 0 0 0 333 20 030 58 000 6 000 0 7 0000 
10-JAN-2015 00 48048 3 2 5 40 3 04 01 10 134 20 113 3 0000 4 0136 5 0000 6 000 0 7 00 0 0 8 3 8 0 0 333 20 127 58 024 6 000 0 7 0000 
10-JAN-2015 00 48051 3 2 5 30 0 36 02 10 118 20 110 3 0000 4 0000 5 0000 6 000 0 7 00 0 0 8 0 0 0 0 333 20 109 58 000 6 000 0 7 0000 
10-JAN-2015 00 48052 3 2 4 50 4 00 00 10 132 20 086 3 0000 4 0000 5 0000 6 000 0 7 00 0 0 8 4 8 0 0 333 20 078 58 000 6 000 0 7 0000 
10-JAN-2015 00 48055 2 1 5 50 1 00 00 10 062 20 059 3 0000 4 0179 5 0000 6 000 0 7 10 1 1 8 1 5 0 0 333 20 058 58 054 6 000 0 7 0000 
10-JAN-2015 00 48057 3 1 9 56 1 00 00 10 080 20 055 3 0000 4 0000 5 0000 6 000 0 7 10 1 1 8 0 0 0 2 333 20 070 58 000 6 000 0 7 0000 
10-JAN-2015 00 48060 2 1 4 20 8 00 00 10 126 20 126 3 0000 4 0188 5 0000 6 000 0 7 51 5 5 8 5 9 7 / 333 20 118 58 048 6 000 0 7 0000 
10-JAN-2015 00 48062 3 1 5 30 2 00 00 10 150 20 150 3 0000 4 0144 5 0000 6 000 0 7 40 4 4 8 2 5 0 0 333 20 120 58 007 6 000 0 7 0000 
10-JAN-2015 00 48064 3 2 9 50 0 00 00 10 150 20 111 3 0000 4 0112 5 0000 6 000 0 7 00 0 0 8 0 0 0 0 333 20 112 58 007 6 000 0 7 0000 
10-JAN-2015 00 48065 3 2 9 50 0 00 00 10 135 20 107 3 0000 4 0000 5 0000 6 000 0 7 00 0 0 8 0 0 0 0 333 20 124 58 000 6 000 0 7 0000 
10-JAN-2015 00 48071 3 2 4 40 3 05 02 10 200 20 150 3 0000 4 0140 5 0000 6 000 0 7 00 0 0 8 3 8 0 0 333 20 180 58 016 6 000 0 7 0000 
10-JAN-2015 00 48074 3 1 9 50 0 00 00 10 136 20 124 3 0000 4 0131 5 0000 6 000 0 7 10 0 0 8 0 0 0 0 333 20 122 58 004 6 000 0 7 0000 
10-JAN-2015 00 48075 3 1 9 56 0 00 00 10 110 20 110 3 0000 4 0175 5 0000 6 000 0 7 10 2 2 8 0 0 0 0 333 20 100 58 046 6 000 0 7 0000 
10-JAN-2015 00 48077 3 1 9 56 2 00 00 10 146 20 130 3 0000 4 0126 5 0000 6 000 0 7 10 0 0 8 0 0 0 1 333 20 120 58 009 6 000 0 7 0000 
10-JAN-2015 00 48078 3 1 2 05 8 00 00 10 150 20 142 3 0000 4 0143 5 0000 6 000 0 7 46 4 4 8 8 6 / / 333 20 140 58 018 6 000 0 7 0000 
10-JAN-2015 00 48080 3 1 9 06 0 00 00 10 104 20 104 3 0000 4 0149 5 0000 6 000 0 7 41 4 4 8 0 0 0 0 333 20 100 58 006 6 000 0 7 0000 
10-JAN-2015 00 48085 3 1 9 40 0 14 02 10 130 20 113 3 0000 4 0135 5 0000 6 000 0 7 40 4 4 8 0 0 0 0 333 20 128 58 008 6 000 0 7 0000 
10-JAN-2015 00 48092 3 1 9 50 1 00 00 10 145 20 129 3 0000 4 0115 5 0000 6 000 0 7 05 2 2 8 0 0 0 2 333 20 130 58 008 6 000 0 7 0000 
10-JAN-2015 00 48093 3 2 9 20 9 23 01 10 194 20 175 3 0000 4 0000 5 0000 6 000 0 7 00 0 0 8 0 0 0 0 333 20 188 58 000 6 000 0 7 0000 
10-JAN-2015 00 48094 3 2 9 56 0 00 00 10 155 20 135 3 0000 4 0137 5 0000 6 000 0 7 00 0 0 8 0 0 0 0 333 20 130 58 010 6 000 0 7 0000 
10-JAN-2015 00 48097 3 1 4 20 3 20 01 10 160 20 144 3 0000 4 0136 5 0000 6 000 0 7 10 1 1 8 3 5 0 0 333 20 154 58 011 6 000 0 7 0000 
10-JAN-2015 00 48099 2 1 3 30 8 13 01 10 190 20 175 3 0000 4 0142 5 0000 6 000 0 7 10 6 6 8 6 7 7 / 333 20 175 58 017 6 000 0 7 0000 
10-JAN-2015 00 48101 3 1 9 56 1 00 00 10 167 20 154 3 0000 4 0000 5 0000 6 000 0 7 02 4 1 8 0 0 0 1 333 20 142 58 000 6 000 0 7 0000 
10-JAN-2015 00 48103 2 2 3 30 7 04 02 10 192 20 175 3 0000 4 0138 5 0000 6 000 0 7 00 0 0 8 2 7 0 0 333 20 182 58 010 6 000 0 7 0000 
10-JAN-2015 00 48107 2 1 3 30 8 09 01 10 190 20 190 3 0000 4 0133 5 0000 6 000 0 7 60 6 6 8 5 9 7 0 333 20 174 58 017 6 000 0 7 0000 
10-JAN-2015 00 48108 2 1 4 94 8 00 00 10 220 20 220 3 0000 4 0133 5 0000 6 000 0 7 50 6 5 8 5 3 7 / 333 20 203 58 000 6 000 0 7 0000 
10-JAN-2015 00 48109 3 2 4 96 2 00 00 10 234 20 198 3 0000 4 0139 5 0000 6 000 0 7 00 0 0 8 2 9 0 0 333 20 213 59 015 6 000 0 7 0000 
10-JAN-2015 00 48110 2 1 5 95 8 00 00 10 240 20 226 3 0000 4 0122 5 0000 6 000 0 7 05 2 2 8 3 5 0 7 333 20 240 59 010 6 000 0 7 0000 
10-JAN-2015 00 48112 3 2 5 96 6 04 02 10 250 20 219 3 0000 4 0114 5 0000 6 000 0 7 00 0 0 8 2 2 4 6 333 20 202 59 013 6 000 0 7 0000 
