101800 48008 21410 70000 10160 20144 40164 71055 84970 333 56340 58053=
101800 48010 32003 00000 10155 20152 40169 333 58040=
101800 48018 22910 00000 10175 20135 40171 333 58043=
101800 48025 32905 00000 10170 20154 40162 333 58024=
101800 48042 32950 00000 10178 20147 40139 333 58017=
101800 48053 32940 00000 10150 20092 40142 333 58009=
101800 48057 32439 10000 10114 20069 81500 333 56900=
101800 48060 21410 80000 10140 20124 40181 70255 8597/ 333 56569 58021=
101800 48062 31540 20000 10163 20160 40157 71022 82500 333 56900 58007=
101800 48071 32930 00000 10200 20168 40135 333 58007=
101800 48078 32950 10000 10160 20133 40153 80001 333 56009 58016=
101800 48080 31940 00000 10150 20134 40141 71011 333 59001=
101800 48094 32950 00000 10190 20160 40140 333 59005=
101800 48096 32456 32101 10200 20168 40146 70511 83500 333 56900 59003=
101800 48097 32456 22101 10190 20159 40140 70211 82500 333 56900 59004=
101800 48099 32320 60000 10210 20195 40130 83830 333 56990 59017=
101800 48103 32310 50401 10215 20205 40127 85300 333 56100 59009=
101800 48108 22494 80502 10230 20214 40138 84877 333 56999 59017=
101800 48109 32495 40000 10240 20209 40132 70222 84900 333 56900 59001=
101800 48110 31594 81302 10245 20229 40132 70522 84357 333 56999 58004=
101800 48112 32597 80402 10271 20240 40108 83876 333 56199 59006=  
