101200 48004 21110 83202 10241 20241 75065 8597/ 333 10270 56549 60322=
101200 48008 32456 70401 10290 20230 40032 84970 333 10305 56560 58013=
101200 48010 22430 81801 10270 20256 40025 8577/ 333 10284 56559 58025=
101200 48018 32558 70401 10305 20239 40041 8487/ 333 10325 56549 58029=
101200 48019 32950 33601 10305 20291 40024 80005 333 10328 56006 58023=
101200 48020 21356 60000 10270 20256 70165 83830 333 10360 56590 60152=
101200 48025 21440 80000 10248 20248 71796 8597/ 333 10367 56559 58045 60362=
101200 48030 31250 72202 10222 20173 70144 85940 333 10270 56560=
101200 48031 32258 80000 10230 20150 888// 333 10278 5699/=
101200 48033 32562 51801 10350 20237 49990 85900 333 10380 56900 59008=
101200 48034 32456 61801 10262 20215 86300 333 10284 56500=
101200 48035 32560 62703 10301 20223 49997 84960 333 10340 56370 58010=
101200 48037 32558 41401 10388 20253 40004 83830 333 10390  56550 58015=
101200 48039 32460 51401 10342 20240 82802 333 10357 56707=
101200 48042 32560 51801 10355 20243 40008 83802 333 10376 56409 59007=
101200 48043 32530 40000 10270 20211 82202 333 10290 56509=
101200 48045 21556 72302 10213 20160 76096 87300 333 10285 56500 60012=
101200 48048 32550 22201 10374 2022/  40002 82800 333 10390 56900 59005=
101200 48051 32558 71304 10297 20270 85930 333 10332 56490=
101200 48052 32450 41302 10360 20240 83801 333 10404 56909=
101200 48053 32558 51802 10320 20248 40023 83906 333 10340 56509 59014=
101200 48055 31556 60000 10275 20229 40009 70199 83946 333 10313 56559 59016=
101200 48057 32457 52202 10244 20191 83301 333 10265 56509=
101200 48060 32430 60000 10288 20196 40015 71792 84930 333 10344 56560 59002=
101200 48062 32456 71808 10290 20270 40040 85970 333 10305 56490 59010=
101200 48064 32450 70401 10315 20266 49999 84831 333 10387 56559 59011=
101200 48065 32450 61402 10350 20237 83870 333 10377 56990=
101200 48071 22456 82302 10265 20263 40055 8697/ 333 10270 5659/ 59003 60522=
101200 48072 32456 81802 10280 20268 70322 85930 333 10290 56490 60122=
101200 48074 32457 71401 10300 20253 40052 84910 333 10330 56590 59012=
101200 48075 32456 61401 10260 20229 84840 333 10295 56560 59003=
101200 48077 32556 82302 10290 20248 40040 85931 333 10342 56499 58005=
101200 48078 21556 61401 10282 20250 40056 70155 84331 333 10302 56599 59014 69902=
101200 48080 22457 81301 10260 20246 40062 85870 333 10310 56590 59001 60292=
101200 48085 21356 81402 10262 20246 40066 75055 86920 333 10315 56590 58001=
101200 48087 21450 82301 10260 20246 75065 8597/ 333 10334 5649/ 60042=
101200 48092 21357 70000 10250 20248 40048 75055 84971 333 10320 56999 59016 60052=
101200 48093 21430 81801 10256 20246 76065 8697/ 333 10314 5699/ 60232=
101200 48094 21456 82201 10256 20250 40068 79596 86920 333 10315 56590 59011 60102=
101200 48095 21456 80000 10270 20256 72055 84970 333 10315 56990 60022=
101200 48096 21456 83204 10270 20256 40072 8597/ 333 10322 5699/ 59016 69902=
101200 48097 21557 52401 10270 20256 40074 72052 83331 333 10332 56499 59018 69902=
101200 48099 22450 50000 10290 20259 40060 82830 333 10325 56990 59019 69902=
101200 48101 22556 80000 10283 20268 8497/ 333 10301 5649/ 60012=
101200 48103 32440 42202 10287 20248 40066 83730 333 10328 56550 59013=
101200 48107 32340 42301 10304 20253 40076 84900 333 10338 56500 59006=
101200 48108 32596 53201 10315 20251 40072 83806 333 10343 56309 59011=
101200 48110 31596 83202 10310 20267 40075 82257 333 10355 56599 59016=
101200 48112 32497 82201 10313 20267 40092 83876 333 10335 56599 58013=  
