10-JUN-2015 12 48008 3 2 4 56 7 04 01 10 290 20 230 3 0000 4 0032 5 0000 6 000 0 7 00 0 0 8 4 9 7 0 333 10 305 58 013 6 000 0 7 0000 
10-JUN-2015 12 48010 2 2 4 30 8 18 01 10 270 20 256 3 0000 4 0025 5 0000 6 000 0 7 00 0 0 8 5 7 7 / 333 10 284 58 025 6 000 0 7 0000 
10-JUN-2015 12 48018 3 2 5 58 7 04 01 10 305 20 239 3 0000 4 0041 5 0000 6 000 0 7 00 0 0 8 4 8 7 / 333 10 325 58 029 6 000 0 7 0000 
10-JUN-2015 12 48019 3 2 9 50 3 36 01 10 305 20 291 3 0000 4 0024 5 0000 6 000 0 7 00 0 0 8 0 0 0 5 333 10 328 58 023 6 000 0 7 0000 
10-JUN-2015 12 48025 2 1 4 40 8 00 00 10 248 20 248 3 0000 4 0000 5 0000 6 000 0 7 17 9 6 8 5 9 7 / 333 10 367 58 045 6 036 2 7 0000 
10-JUN-2015 12 48030 3 1 2 50 7 22 02 10 222 20 173 3 0000 4 0000 5 0000 6 000 0 7 01 4 4 8 5 9 4 0 333 10 270 58 000 6 000 0 7 0000 
10-JUN-2015 12 48031 3 2 2 58 8 00 00 10 230 20 150 3 0000 4 0000 5 0000 6 000 0 7 00 0 0 8 8 8 / / 333 10 278 58 000 6 000 0 7 0000 
10-JUN-2015 12 48033 3 2 5 62 5 18 01 10 350 20 237 3 0000 4 9990 5 0000 6 000 0 7 00 0 0 8 5 9 0 0 333 10 380 59 008 6 000 0 7 0000 
10-JUN-2015 12 48034 3 2 4 56 6 18 01 10 262 20 215 3 0000 4 0000 5 0000 6 000 0 7 00 0 0 8 6 3 0 0 333 10 284 58 000 6 000 0 7 0000 
10-JUN-2015 12 48035 3 2 5 60 6 27 03 10 301 20 223 3 0000 4 9997 5 0000 6 000 0 7 00 0 0 8 4 9 6 0 333 10 340 58 010 6 000 0 7 0000 
10-JUN-2015 12 48037 3 2 5 58 4 14 01 10 388 20 253 3 0000 4 0004 5 0000 6 000 0 7 00 0 0 8 3 8 3 0 333 10 390 58 000 6 000 0 7 0000 
10-JUN-2015 12 48039 3 2 4 60 5 14 01 10 342 20 240 3 0000 4 0000 5 0000 6 000 0 7 00 0 0 8 2 8 0 2 333 10 357 58 000 6 000 0 7 0000 
10-JUN-2015 12 48042 3 2 5 60 5 18 01 10 355 20 243 3 0000 4 0008 5 0000 6 000 0 7 00 0 0 8 3 8 0 2 333 10 376 59 007 6 000 0 7 0000 
10-JUN-2015 12 48043 3 2 5 30 4 00 00 10 270 20 211 3 0000 4 0000 5 0000 6 000 0 7 00 0 0 8 2 2 0 2 333 10 290 58 000 6 000 0 7 0000 
10-JUN-2015 12 48048 3 2 5 50 2 22 01 10 374 20 22/ 3 0000 4 0000 5 0000 6 000 0 7 00 0 0 8 0 0 0 0 333 10 /// 58 000 6 000 0 7 0000 
10-JUN-2015 12 48051 3 2 5 58 7 13 04 10 297 20 270 3 0000 4 0000 5 0000 6 000 0 7 00 0 0 8 5 9 3 0 333 10 332 58 000 6 000 0 7 0000 
10-JUN-2015 12 48052 3 2 4 50 4 13 02 10 360 20 240 3 0000 4 0000 5 0000 6 000 0 7 00 0 0 8 3 8 0 1 333 10 404 58 000 6 000 0 7 0000 
10-JUN-2015 12 48053 3 2 5 58 5 18 02 10 320 20 248 3 0000 4 0023 5 0000 6 000 0 7 00 0 0 8 3 9 0 6 333 10 340 59 014 6 000 0 7 0000 
10-JUN-2015 12 48055 3 1 5 56 6 00 00 10 275 20 229 3 0000 4 0009 5 0000 6 000 0 7 01 9 9 8 3 9 4 6 333 10 313 59 016 6 000 0 7 0000 
10-JUN-2015 12 48057 3 2 4 57 5 22 02 10 244 20 191 3 0000 4 0000 5 0000 6 000 0 7 00 0 0 8 3 3 0 1 333 10 265 58 000 6 000 0 7 0000 
10-JUN-2015 12 48060 3 2 4 30 6 00 00 10 288 20 196 3 0000 4 0015 5 0000 6 000 0 7 17 9 2 8 4 9 3 0 333 10 344 59 002 6 000 0 7 0000 
10-JUN-2015 12 48062 3 2 4 56 7 18 08 10 290 20 270 3 0000 4 0040 5 0000 6 000 0 7 00 0 0 8 5 9 7 0 333 10 305 59 010 6 000 0 7 0000 
10-JUN-2015 12 48064 3 2 4 50 7 04 01 10 315 20 266 3 0000 4 9999 5 0000 6 000 0 7 00 0 0 8 4 8 3 1 333 10 387 59 011 6 000 0 7 0000 
10-JUN-2015 12 48065 3 2 4 50 6 14 02 10 350 20 237 3 0000 4 0000 5 0000 6 000 0 7 00 0 0 8 3 8 7 0 333 10 377 58 000 6 000 0 7 0000 
10-JUN-2015 12 48071 2 2 4 56 8 23 02 10 265 20 263 3 0000 4 0055 5 0000 6 000 0 7 00 0 0 8 6 9 7 / 333 10 270 59 003 6 052 2 7 0000 
10-JUN-2015 12 48074 3 2 4 57 7 14 01 10 300 20 253 3 0000 4 0052 5 0000 6 000 0 7 00 0 0 8 4 9 1 0 333 10 330 59 012 6 000 0 7 0000 
10-JUN-2015 12 48075 3 2 4 56 6 14 01 10 260 20 229 3 0000 4 0000 5 0000 6 000 0 7 00 0 0 8 4 8 4 0 333 10 295 59 003 6 000 0 7 0000 
10-JUN-2015 12 48077 3 2 5 56 8 23 02 10 290 20 248 3 0000 4 0040 5 0000 6 000 0 7 00 0 0 8 5 9 3 1 333 10 342 58 005 6 000 0 7 0000 
10-JUN-2015 12 48078 2 1 5 56 6 14 01 10 282 20 250 3 0000 4 0056 5 0000 6 000 0 7 01 5 5 8 4 3 3 1 333 10 302 59 014 6 990 2 7 0000 
10-JUN-2015 12 48080 2 2 4 57 8 13 01 10 260 20 246 3 0000 4 0062 5 0000 6 000 0 7 00 0 0 8 5 8 7 0 333 10 310 59 001 6 029 2 7 0000 
10-JUN-2015 12 48085 2 1 3 56 8 14 02 10 262 20 246 3 0000 4 0066 5 0000 6 000 0 7 50 5 5 8 6 9 2 0 333 10 315 58 001 6 000 0 7 0000 
10-JUN-2015 12 48092 2 1 3 57 7 00 00 10 250 20 248 3 0000 4 0048 5 0000 6 000 0 7 50 5 5 8 4 9 7 1 333 10 320 59 016 6 005 2 7 0000 
10-JUN-2015 12 48094 2 1 4 56 8 22 01 10 256 20 250 3 0000 4 0068 5 0000 6 000 0 7 95 9 6 8 6 9 2 0 333 10 315 59 011 6 010 2 7 0000 
10-JUN-2015 12 48096 2 1 4 56 8 32 04 10 270 20 256 3 0000 4 0072 5 0000 6 000 0 7 00 0 0 8 5 9 7 / 333 10 322 59 016 6 990 2 7 0000 
10-JUN-2015 12 48097 2 1 5 57 5 24 01 10 270 20 256 3 0000 4 0074 5 0000 6 000 0 7 20 5 2 8 3 3 3 1 333 10 332 59 018 6 990 2 7 0000 
10-JUN-2015 12 48099 2 2 4 50 5 00 00 10 290 20 259 3 0000 4 0060 5 0000 6 000 0 7 00 0 0 8 2 8 3 0 333 10 325 59 019 6 990 2 7 0000 
10-JUN-2015 12 48103 3 2 4 40 4 22 02 10 287 20 248 3 0000 4 0066 5 0000 6 000 0 7 00 0 0 8 3 7 3 0 333 10 328 59 013 6 000 0 7 0000 
10-JUN-2015 12 48107 3 2 3 40 4 23 01 10 304 20 253 3 0000 4 0076 5 0000 6 000 0 7 00 0 0 8 4 9 0 0 333 10 338 59 006 6 000 0 7 0000 
10-JUN-2015 12 48108 3 2 5 96 5 32 01 10 315 20 251 3 0000 4 0072 5 0000 6 000 0 7 00 0 0 8 3 8 0 6 333 10 343 59 011 6 000 0 7 0000 
10-JUN-2015 12 48110 3 1 5 96 8 32 02 10 310 20 267 3 0000 4 0075 5 0000 6 000 0 7 00 0 0 8 2 2 5 7 333 10 355 59 016 6 000 0 7 0000 
10-JUN-2015 12 48112 3 2 4 97 8 22 01 10 313 20 267 3 0000 4 0092 5 0000 6 000 0 7 00 0 0 8 3 8 7 6 333 10 335 58 013 6 000 0 7 0000 
