10-JUN-2015 03 48001 2 1 4 40 8 22 01 10 245 20 219 3 0000 4 0074 5 0000 6 000 0 7 03 5 5 8 5 7 7 / 333 10 /// 58 000 6 000 0 7 0000 
10-JUN-2015 03 48004 3 1 1 10 8 00 00 10 255 20 255 3 0000 4 0000 5 0000 6 000 0 7 02 6 5 8 6 9 7 / 333 10 /// 58 000 6 000 0 7 0000 
10-JUN-2015 03 48008 3 1 4 10 8 00 00 10 239 20 226 3 0000 4 0078 5 0000 6 000 0 7 51 6 5 8 4 9 7 / 333 10 /// 58 024 6 000 0 7 0000 
10-JUN-2015 03 48010 2 1 4 40 8 00 00 10 255 20 255 3 0000 4 0072 5 0000 6 000 0 7 51 5 5 8 5 7 7 / 333 10 /// 58 030 6 000 0 7 0000 
10-JUN-2015 03 48018 2 1 5 58 7 04 01 10 273 20 240 3 0000 4 0076 5 0000 6 000 0 7 21 9 6 8 4 8 7 / 333 10 /// 58 022 6 000 0 7 0000 
10-JUN-2015 03 48019 2 2 4 57 7 36 01 10 252 20 250 3 0000 4 0066 5 0000 6 000 0 7 00 0 0 8 5 6 6 0 333 10 /// 58 013 6 000 0 7 0000 
10-JUN-2015 03 48020 3 2 3 58 6 36 04 10 310 20 254 3 0000 4 0000 5 0000 6 000 0 7 00 0 0 8 4 8 0 1 333 10 /// 58 000 6 000 0 7 0000 
10-JUN-2015 03 48025 2 2 3 20 8 04 01 10 299 20 253 3 0000 4 0057 5 0000 6 000 0 7 00 0 0 8 5 8 7 / 333 10 /// 58 022 6 000 0 7 0000 
10-JUN-2015 03 48030 3 1 2 56 4 22 03 10 193 20 159 3 0000 4 0000 5 0000 6 000 0 7 02 4 4 8 2 1 0 2 333 10 /// 58 000 6 000 0 7 0000 
10-JUN-2015 03 48031 3 2 9 60 0 04 01 10 235 20 155 3 0000 4 0000 5 0000 6 000 0 7 00 0 0 8 0 0 0 0 333 10 /// 58 000 6 000 0 7 0000 
10-JUN-2015 03 48033 3 2 5 62 4 18 01 10 310 20 225 3 0000 4 0037 5 0000 6 000 0 7 00 0 0 8 1 5 0 6 333 10 /// 59 020 6 000 0 7 0000 
10-JUN-2015 03 48034 3 2 4 56 7 18 02 10 235 20 198 3 0000 4 0000 5 0000 6 000 0 7 00 0 0 8 7 3 0 0 333 10 /// 58 000 6 000 0 7 0000 
10-JUN-2015 03 48035 3 2 5 60 7 22 02 10 281 20 220 3 0000 4 0057 5 0000 6 000 0 7 00 0 0 8 5 9 2 0 333 10 /// 58 007 6 000 0 7 0000 
10-JUN-2015 03 48037 2 2 5 58 5 18 01 10 308 20 237 3 0000 4 0048 5 0000 6 000 0 7 00 0 0 8 3 8 3 0 333 10 /// 58 005 6 000 0 7 0000 
10-JUN-2015 03 48039 3 2 4 60 6 22 01 10 310 20 225 3 0000 4 0000 5 0000 6 000 0 7 00 0 0 8 2 1 5 0 333 10 /// 58 000 6 000 0 7 0000 
10-JUN-2015 03 48042 3 2 5 58 2 18 03 10 317 20 236 3 0000 4 0058 5 0000 6 000 0 7 00 0 0 8 2 8 5 2 333 10 /// 58 007 6 000 0 7 0000 
10-JUN-2015 03 48043 3 2 5 56 5 18 05 10 260 20 203 3 0000 4 0000 5 0000 6 000 0 7 00 0 0 8 2 2 3 0 333 10 /// 58 000 6 000 0 7 0000 
10-JUN-2015 03 48045 3 2 5 60 5 14 02 10 249 20 150 3 0000 4 0000 5 0000 6 000 0 7 00 0 0 8 1 5 0 6 333 10 /// 58 000 6 000 0 7 0000 
10-JUN-2015 03 48048 3 2 5 60 2 18 03 10 320 20 236 3 0000 4 0051 5 0000 6 000 0 7 00 0 0 8 2 8 0 0 333 10 /// 58 007 6 000 0 7 0000 
10-JUN-2015 03 48051 2 2 5 58 7 13 02 10 293 20 260 3 0000 4 0000 5 0000 6 000 0 7 02 2 2 8 5 9 3 0 333 10 /// 58 000 6 000 0 7 0000 
10-JUN-2015 03 48052 3 2 4 58 2 22 02 10 334 20 244 3 0000 4 0000 5 0000 6 000 0 7 00 0 0 8 2 2 0 0 333 10 /// 58 000 6 000 0 7 0000 
10-JUN-2015 03 48053 2 2 4 56 4 18 05 10 280 20 233 3 0000 4 0069 5 0000 6 000 0 7 00 0 0 8 3 8 0 6 333 10 /// 59 008 6 000 0 7 0000 
10-JUN-2015 03 48055 3 2 5 57 2 23 03 10 272 20 211 3 0000 4 0062 5 0000 6 000 0 7 00 0 0 8 1 1 0 1 333 10 /// 58 005 6 000 0 7 0000 
10-JUN-2015 03 48057 2 2 4 58 5 22 02 10 220 20 185 3 0000 4 0000 5 0000 6 000 0 7 00 0 0 8 4 3 0 1 333 10 /// 58 000 6 000 0 7 0000 
10-JUN-2015 03 48062 2 2 4 56 7 18 02 10 276 20 270 3 0000 4 0067 5 0000 6 000 0 7 01 2 2 8 5 9 7 0 333 10 /// 59 019 6 000 0 7 0000 
10-JUN-2015 03 48064 3 2 4 60 3 04 01 10 300 20 253 3 0000 4 0046 5 0000 6 000 0 7 00 0 0 8 1 1 3 1 333 10 /// 58 005 6 000 0 7 0000 
10-JUN-2015 03 48065 3 2 5 57 4 00 00 10 300 20 265 3 0000 4 0000 5 0000 6 000 0 7 00 0 0 8 2 8 3 0 333 10 /// 58 000 6 000 0 7 0000 
10-JUN-2015 03 48071 2 1 3 56 8 00 00 10 245 20 245 3 0000 4 0081 5 0000 6 000 0 7 63 6 6 8 6 9 2 / 333 10 /// 59 010 6 000 0 7 0000 
10-JUN-2015 03 48072 2 1 4 58 8 18 05 10 285 20 259 3 0000 4 0000 5 0000 6 000 0 7 93 5 5 8 5 9 7 0 333 10 /// 58 000 6 000 0 7 0000 
10-JUN-2015 03 48074 2 2 3 58 8 14 02 10 275 20 250 3 0000 4 0092 5 0000 6 000 0 7 00 0 0 8 4 7 7 / 333 10 /// 59 008 6 000 0 7 0000 
10-JUN-2015 03 48075 2 2 4 57 7 14 01 10 250 20 205 3 0000 4 0011 5 0000 6 000 0 7 02 2 2 8 5 8 5 0 333 10 /// 58 020 6 000 0 7 0000 
10-JUN-2015 03 48077 3 2 5 59 7 23 01 10 290 20 248 3 0000 4 0073 5 0000 6 000 0 7 00 0 0 8 5 9 3 1 333 10 /// 59 000 6 000 0 7 0000 
10-JUN-2015 03 48078 2 2 5 50 7 18 01 10 255 20 247 3 0000 4 0101 5 0000 6 000 0 7 00 0 0 8 4 5 7 / 333 10 /// 58 004 6 000 0 7 0000 
10-JUN-2015 03 48080 2 2 4 59 6 13 03 10 291 20 240 3 0000 4 0088 5 0000 6 000 0 7 00 0 0 8 4 8 7 0 333 10 /// 59 014 6 000 0 7 0000 
10-JUN-2015 03 48085 2 1 3 57 8 14 03 10 254 20 233 3 0000 4 0080 5 0000 6 000 0 7 50 6 5 8 6 9 2 0 333 10 /// 59 004 6 000 0 7 0000 
10-JUN-2015 03 48087 2 2 4 50 8 00 00 10 268 20 256 3 0000 4 0000 5 0000 6 000 0 7 00 0 0 8 4 3 7 / 333 10 /// 58 000 6 000 0 7 0000 
10-JUN-2015 03 48092 2 2 3 57 8 13 01 10 270 20 256 3 0000 4 0073 5 0000 6 000 0 7 00 0 0 8 5 9 7 / 333 10 /// 59 003 6 000 0 7 0000 
10-JUN-2015 03 48093 2 2 5 56 8 14 01 10 275 20 250 3 0000 4 0000 5 0000 6 000 0 7 00 0 0 8 6 8 7 / 333 10 /// 58 000 6 000 0 7 0000 
10-JUN-2015 03 48094 2 2 4 57 7 00 00 10 270 20 265 3 0000 4 0095 5 0000 6 000 0 7 03 2 2 8 5 9 7 0 333 10 /// 58 007 6 000 0 7 0000 
10-JUN-2015 03 48095 2 2 4 58 8 00 00 10 290 20 274 3 0000 4 0000 5 0000 6 000 0 7 02 2 2 8 5 9 7 0 333 10 /// 58 000 6 000 0 7 0000 
10-JUN-2015 03 48097 2 2 5 57 7 16 01 10 280 20 233 3 0000 4 0105 5 0000 6 000 0 7 02 2 2 8 7 5 0 0 333 10 /// 58 005 6 000 0 7 0000 
10-JUN-2015 03 48099 2 2 4 50 7 13 02 10 270 20 240 3 0000 4 0096 5 0000 6 000 0 7 00 0 0 8 4 9 3 0 333 10 /// 58 003 6 000 0 7 0000 
10-JUN-2015 03 48101 2 1 5 58 7 00 00 10 288 20 274 3 0000 4 0000 5 0000 6 000 0 7 01 5 2 8 4 9 7 1 333 10 /// 58 000 6 000 0 7 0000 
10-JUN-2015 03 48103 2 2 3 50 5 32 01 10 273 20 240 3 0000 4 0092 5 0000 6 000 0 7 00 0 0 8 3 7 3 0 333 10 /// 59 001 6 000 0 7 0000 
10-JUN-2015 03 48107 2 2 4 50 4 32 01 10 276 20 250 3 0000 4 0092 5 0000 6 000 0 7 00 0 0 8 4 9 0 0 333 10 /// 59 003 6 000 0 7 0000 
10-JUN-2015 03 48108 2 2 5 96 5 23 01 10 300 20 246 3 0000 4 0097 5 0000 6 000 0 7 00 0 0 8 3 3 4 6 333 10 /// 59 004 6 000 0 7 0000 
10-JUN-2015 03 48109 2 2 4 97 4 23 03 10 310 20 267 3 0000 4 0091 5 0000 6 000 0 7 00 0 0 8 4 9 0 0 333 10 /// 59 002 6 000 0 7 0000 
10-JUN-2015 03 48110 2 2 5 96 5 23 01 10 315 20 266 3 0000 4 0093 5 0000 6 000 0 7 00 0 0 8 3 3 0 6 333 10 /// 59 007 6 000 0 7 0000 
10-JUN-2015 03 48112 2 1 5 98 6 22 01 10 308 20 267 3 0000 4 0098 5 0000 6 000 0 7 01 5 2 8 2 2 1 6 333 10 /// 59 010 6 000 0 7 0000 
