10-MAY-2015 09 48004 3 1 4 56 4 13 01 10 350 20 237 3 0000 4 0000 5 0000 6 000 0 7 05 1 1 8 4 3 0 0 333 10 /// 58 000 6 000 0 7 0000 
10-MAY-2015 09 48008 3 2 5 57 5 04 01 10 355 20 177 3 0000 4 0052 5 0000 6 000 0 7 00 0 0 8 2 4 3 0 333 10 /// 58 003 6 000 0 7 0000 
10-MAY-2015 09 48010 3 2 5 58 8 00 00 10 320 20 265 3 0000 4 0054 5 0000 6 000 0 7 00 0 0 8 4 4 7 / 333 10 /// 58 013 6 000 0 7 0000 
10-MAY-2015 09 48018 3 2 5 60 5 14 01 10 365 20 207 3 0000 4 0042 5 0000 6 000 0 7 01 2 2 8 2 8 7 1 333 10 /// 59 018 6 000 0 7 0000 
10-MAY-2015 09 48019 3 2 5 60 2 14 02 10 359 20 240 3 0000 4 0059 5 0000 6 000 0 7 00 0 0 8 0 0 0 2 333 10 /// 58 013 6 000 0 7 0000 
10-MAY-2015 09 48020 3 2 3 50 8 04 02 10 340 20 240 3 0000 4 0000 5 0000 6 000 0 7 00 0 0 8 8 7 0 0 333 10 /// 58 000 6 000 0 7 0000 
10-MAY-2015 09 48025 3 1 4 40 7 36 01 10 343 20 184 3 0000 4 0049 5 0000 6 000 0 7 04 4 4 8 5 8 4 0 333 10 /// 58 016 6 000 0 7 0000 
10-MAY-2015 09 48030 3 2 2 56 7 32 02 10 268 20 191 3 0000 4 0000 5 0000 6 000 0 7 00 0 0 8 5 9 4 0 333 10 /// 58 000 6 000 0 7 0000 
10-MAY-2015 09 48031 3 1 2 58 8 04 02 10 270 20 154 3 0000 4 0000 5 0000 6 000 0 7 05 4 4 8 8 8 / / 333 10 /// 58 000 6 000 0 7 0000 
10-MAY-2015 09 48033 3 2 5 63 6 18 01 10 383 20 240 3 0000 4 0018 5 0000 6 000 0 7 00 0 0 8 6 9 0 0 333 10 /// 59 015 6 000 0 7 0000 
10-MAY-2015 09 48034 2 1 4 56 6 14 02 10 278 20 167 3 0000 4 0000 5 0000 6 000 0 7 20 5 5 8 6 3 0 0 333 10 /// 58 000 6 000 0 7 0000 
10-MAY-2015 09 48035 3 1 5 50 3 22 02 10 321 20 163 3 0000 4 0015 5 0000 6 000 0 7 05 2 2 8 3 8 0 0 333 10 /// 59 018 6 000 0 7 0000 
10-MAY-2015 09 48037 3 2 5 62 3 18 02 10 406 20 240 3 0000 4 0024 5 0000 6 000 0 7 00 0 0 8 2 3 0 1 333 10 /// 59 002 6 000 0 7 0000 
10-MAY-2015 09 48039 3 2 4 60 5 04 01 10 379 20 255 3 0000 4 0000 5 0000 6 000 0 7 00 0 0 8 3 1 0 2 333 10 /// 58 000 6 000 0 7 0000 
10-MAY-2015 09 48042 3 2 5 57 3 27 01 10 400 20 230 3 0000 4 0029 5 0000 6 000 0 7 00 0 0 8 2 3 0 2 333 10 /// 59 004 6 000 0 7 0000 
10-MAY-2015 09 48043 3 2 7 57 4 18 07 10 310 20 203 3 0000 4 0000 5 0000 6 000 0 7 00 0 0 8 3 2 0 2 333 10 /// 58 000 6 000 0 7 0000 
10-MAY-2015 09 48045 3 1 5 56 6 04 03 10 290 20 140 3 0000 4 0000 5 0000 6 000 0 7 04 4 4 8 6 3 0 0 333 10 /// 58 000 6 000 0 7 0000 
10-MAY-2015 09 48048 3 2 5 60 3 09 01 10 424 20 226 3 0000 4 0018 5 0000 6 000 0 7 00 0 0 8 3 8 0 0 333 10 /// 59 014 6 000 0 7 0000 
10-MAY-2015 09 48051 3 2 5 60 4 23 02 10 387 20 230 3 0000 4 0000 5 0000 6 000 0 7 00 0 0 8 3 2 3 0 333 10 /// 58 000 6 000 0 7 0000 
10-MAY-2015 09 48052 3 2 4 70 2 22 02 10 440 20 214 3 0000 4 0000 5 0000 6 000 0 7 00 0 0 8 2 2 0 0 333 10 /// 58 000 6 000 0 7 0000 
10-MAY-2015 09 48053 3 2 4 56 6 18 01 10 400 20 269 3 0000 4 0036 5 0000 6 000 0 7 00 0 0 8 4 9 5 6 333 10 /// 58 014 6 000 0 7 0000 
10-MAY-2015 09 48055 3 2 5 56 4 23 03 10 350 20 182 3 0000 4 9998 5 0000 6 000 0 7 00 0 0 8 5 3 0 0 333 10 /// 59 008 6 000 0 7 0000 
10-MAY-2015 09 48057 3 2 4 58 4 22 01 10 280 20 184 3 0000 4 0000 5 0000 6 000 0 7 00 0 0 8 4 3 0 0 333 10 /// 58 000 6 000 0 7 0000 
10-MAY-2015 09 48060 3 2 4 50 5 22 02 10 350 20 182 3 0000 4 0009 5 0000 6 000 0 7 03 2 2 8 2 1 3 2 333 10 /// 59 015 6 000 0 7 0000 
10-MAY-2015 09 48062 3 2 5 58 3 27 08 10 340 20 290 3 0000 4 0057 5 0000 6 000 0 7 00 0 0 8 2 2 3 0 333 10 /// 59 003 6 000 0 7 0000 
10-MAY-2015 09 48064 3 2 5 70 2 36 01 10 428 20 250 3 0000 4 0030 5 0000 6 000 0 7 00 0 0 8 1 1 0 1 333 10 /// 59 004 6 000 0 7 0000 
10-MAY-2015 09 48065 3 2 5 70 4 22 04 10 422 20 240 3 0000 4 0000 5 0000 6 000 0 7 00 0 0 8 2 8 3 0 333 10 /// 58 000 6 000 0 7 0000 
10-MAY-2015 09 48071 3 2 9 60 0 32 04 10 348 20 266 3 0000 4 0066 5 0000 6 000 0 7 00 0 0 8 0 0 0 0 333 10 /// 58 003 6 000 0 7 0000 
10-MAY-2015 09 48072 3 2 4 60 1 27 05 10 345 20 266 3 0000 4 0000 5 0000 6 000 0 7 00 0 0 8 1 2 0 0 333 10 /// 58 000 6 000 0 7 0000 
10-MAY-2015 09 48074 3 2 9 60 0 32 01 10 390 20 253 3 0000 4 0036 5 0000 6 000 0 7 00 0 0 8 0 0 0 0 333 10 /// 58 000 6 000 0 7 0000 
10-MAY-2015 09 48075 3 2 5 58 5 14 01 10 350 20 220 3 0000 4 0029 5 0000 6 000 0 7 00 0 0 8 5 8 0 0 333 10 /// 58 009 6 000 0 7 0000 
10-MAY-2015 09 48077 3 2 5 59 4 00 00 10 387 20 233 3 0000 4 0026 5 0000 6 000 0 7 00 0 0 8 3 9 0 1 333 10 /// 59 003 6 000 0 7 0000 
10-MAY-2015 09 48078 3 2 5 59 3 14 01 10 391 20 253 3 0000 4 0040 5 0000 6 000 0 7 00 0 0 8 2 2 0 1 333 10 /// 58 002 6 000 0 7 0000 
10-MAY-2015 09 48080 3 2 4 61 3 22 07 10 360 20 264 3 0000 4 0057 5 0000 6 000 0 7 00 0 0 8 3 2 0 0 333 10 /// 58 000 6 000 0 7 0000 
10-MAY-2015 09 48085 3 2 9 58 0 27 07 10 338 20 270 3 0000 4 0059 5 0000 6 000 0 7 00 0 0 8 0 0 0 0 333 10 /// 58 003 6 000 0 7 0000 
10-MAY-2015 09 48087 3 2 5 60 4 23 01 10 388 20 233 3 0000 4 0000 5 0000 6 000 0 7 00 0 0 8 3 8 4 0 333 10 /// 58 000 6 000 0 7 0000 
10-MAY-2015 09 48092 3 2 4 58 3 23 04 10 390 20 223 3 0000 4 0026 5 0000 6 000 0 7 00 0 0 8 3 8 0 0 333 10 /// 58 006 6 000 0 7 0000 
10-MAY-2015 09 48093 3 2 6 58 3 23 01 10 377 20 221 3 0000 4 0000 5 0000 6 000 0 7 00 0 0 8 3 8 0 0 333 10 /// 58 000 6 000 0 7 0000 
10-MAY-2015 09 48094 3 2 4 62 2 32 03 10 370 20 270 3 0000 4 0061 5 0000 6 000 0 7 02 1 1 8 2 8 0 0 333 10 /// 58 010 6 000 0 7 0000 
10-MAY-2015 09 48095 3 2 4 58 6 00 00 10 390 20 253 3 0000 4 0000 5 0000 6 000 0 7 00 0 0 8 3 9 4 0 333 10 /// 58 000 6 000 0 7 0000 
10-MAY-2015 09 48097 3 2 5 57 7 32 01 10 380 20 240 3 0000 4 0056 5 0000 6 000 0 7 00 0 0 8 7 8 0 0 333 10 /// 58 006 6 000 0 7 0000 
10-MAY-2015 09 48099 3 2 4 58 4 23 03 10 376 20 255 3 0000 4 0053 5 0000 6 000 0 7 00 0 0 8 4 9 0 0 333 10 /// 58 011 6 000 0 7 0000 
10-MAY-2015 09 48101 3 2 5 60 4 14 02 10 348 20 266 3 0000 4 0000 5 0000 6 000 0 7 00 0 0 8 4 2 0 0 333 10 /// 58 000 6 000 0 7 0000 
10-MAY-2015 09 48103 3 2 4 57 3 14 02 10 363 20 235 3 0000 4 0056 5 0000 6 000 0 7 00 0 0 8 3 8 0 0 333 10 /// 58 006 6 000 0 7 0000 
10-MAY-2015 09 48107 3 2 3 50 5 27 02 10 360 20 249 3 0000 4 0062 5 0000 6 000 0 7 00 0 0 8 5 9 0 0 333 10 /// 58 004 6 000 0 7 0000 
10-MAY-2015 09 48108 3 2 5 96 5 32 05 10 355 20 265 3 0000 4 0062 5 0000 6 000 0 7 00 0 0 8 2 3 0 6 333 10 /// 58 002 6 000 0 7 0000 
10-MAY-2015 09 48110 3 2 5 96 5 32 05 10 345 20 261 3 0000 4 0067 5 0000 6 000 0 7 00 0 0 8 3 3 0 6 333 10 /// 59 006 6 000 0 7 0000 
10-MAY-2015 09 48112 3 2 5 97 8 04 03 10 300 20 253 3 0000 4 0081 5 0000 6 000 0 7 00 0 0 8 4 8 7 6 333 10 /// 58 011 6 000 0 7 0000 
