10-MAR-2015 12 48004 3 1 5 58 1 00 00 10 298 20 223 3 0000 4 0000 5 0000 6 000 0 7 05 1 1 8 1 1 0 0 333 10 339 58 000 6 000 0 7 0000 
10-MAR-2015 12 48008 3 1 5 58 3 14 01 10 308 20 203 3 0000 4 0086 5 0000 6 000 0 7 05 4 4 8 2 4 3 0 333 10 338 59 016 6 000 0 7 0000 
10-MAR-2015 12 48010 3 2 5 50 2 00 00 10 305 20 207 3 0000 4 0088 5 0000 6 000 0 7 00 0 0 8 0 0 3 0 333 10 350 59 040 6 000 0 7 0000 
10-MAR-2015 12 48018 3 1 5 58 3 00 00 10 310 20 189 3 0000 4 0094 5 0000 6 000 0 7 10 4 4 8 2 8 1 0 333 10 345 59 017 6 000 0 7 0000 
10-MAR-2015 12 48019 3 2 9 50 0 00 00 10 290 20 230 3 0000 4 0087 5 0000 6 000 0 7 00 0 0 8 0 0 0 0 333 10 328 59 030 6 000 0 7 0000 
10-MAR-2015 12 48020 3 1 9 40 0 00 00 10 300 20 207 3 0000 4 0000 5 0000 6 000 0 7 05 0 0 8 0 0 0 0 333 10 362 58 000 6 000 0 7 0000 
10-MAR-2015 12 48025 3 1 4 56 1 32 01 10 344 20 145 3 0000 4 0080 5 0000 6 000 0 7 05 4 4 8 1 5 0 0 333 10 367 59 020 6 000 0 7 0000 
10-MAR-2015 12 48030 3 2 2 56 1 22 05 10 224 20 000 3 0000 4 0000 5 0000 6 000 0 7 00 0 0 8 0 0 0 0 333 10 /// 58 000 6 000 0 7 0000 
10-MAR-2015 12 48031 3 1 9 60 3 18 01 10 235 20 000 3 0000 4 0000 5 0000 6 000 0 7 00 0 0 8 0 0 0 0 333 10 /// 58 000 6 000 0   8000 
10-MAR-2015 12 48033 3 2 9 62 0 00 00 10 350 20 237 3 0000 4 0084 5 0000 6 000 0 7 00 0 0 8 0 0 0 0 333 10 375 59 012 6 000 0 7 0000 
10-MAR-2015 12 48034 3 1 9 56 0 00 00 10 251 20 126 3 0000 4 0000 5 0000 6 000 0 7 05 0 0 8 0 0 0 0 333 10 315 58 000 6 000 0 7 0000 
10-MAR-2015 12 48035 3 1 9 30 0 00 00 10 297 20 185 3 0000 4 0063 5 0000 6 000 0 7 04 0 0 8 0 0 0 0 333 10 340 59 017 6 000 0 7 0000 
10-MAR-2015 12 48037 3 1 9 50 0 00 00 10 358 20 214 3 0000 4 0078 5 0000 6 000 0 7 05 4 4 8 0 0 0 0 333 10 395 59 001 6 000 0 7 0000 
10-MAR-2015 12 48039 3 2 4 59 3 00 00 10 340 20 206 3 0000 4 0000 5 0000 6 000 0 7 00 0 0 8 3 4 0 0 333 10 387 58 000 6 000 0 7 0000 
10-MAR-2015 12 48042 3 2 5 57 1 00 00 10 360 20 235 3 0000 4 0085 5 0000 6 000 0 7 00 0 0 8 1 4 0 0 333 10 400 59 029 6 000 0 7 0000 
10-MAR-2015 12 48043 3 2 0 30 0 00 00 10 275 20 146 3 0000 4 0000 5 0000 6 000 0 7 00 0 0 8 0 0 0 0 333 10 315 58 000 6 000 0 7 0000 
10-MAR-2015 12 48045 3 2 9 56 0 18 05 10 274 20 133 3 0000 4 0000 5 0000 6 000 0 7 00 0 0 8 0 0 0 0 333 10 317 58 000 6 000 0 7 0000 
10-MAR-2015 12 48048 3 2 9 50 0 18 01 10 374 20 207 3 0000 4 0088 5 0000 6 000 0 7 00 0 0 8 0 0 0 0 333 10 415 59 009 6 000 0 7 0000 
10-MAR-2015 12 48051 3 2 9 59 0 13 02 10 340 20 160 3 0000 4 0000 5 0000 6 000 0 7 00 0 0 8 0 0 0 0 333 10 384 58 000 6 000 0 7 0000 
10-MAR-2015 12 48052 3 2 9 58 0 22 01 10 382 20 112 3 0000 4 0000 5 0000 6 000 0 7 00 0 0 8 0 0 0 0 333 10 430 58 000 6 000 0 7 0000 
10-MAR-2015 12 48053 3 1 9 50 0 18 01 10 360 20 156 3 0000 4 0085 5 0000 6 000 0 7 05 0 0 8 0 0 0 0 333 10 395 59 001 6 000 0 7 0000 
10-MAR-2015 12 48055 3 1 5 48 2 00 00 10 285 20 208 3 0000 4 0066 5 0000 6 000 0 7 05 1 1 8 2 8 0 0 333 10 345 59 014 6 000 0 7 0000 
10-MAR-2015 12 48057 3 2 9 50 0 14 02 10 260 20 119 3 0000 4 0000 5 0000 6 000 0 7 00 0 0 8 0 0 0 0 333 10 310 58 000 6 000 0 7 0000 
10-MAR-2015 12 48060 3 2 9 20 0 00 00 10 272 20 154 3 0000 4 0079 5 0000 6 000 0 7 00 0 0 8 0 0 0 0 333 10 318 59 022 6 000 0 7 0000 
10-MAR-2015 12 48062 3 1 5 56 2 27 03 10 295 20 250 3 0000 4 0109 5 0000 6 000 0 7 05 0 0 8 2 5 0 0 333 10 325 59 011 6 000 0 7 0000 
10-MAR-2015 12 48064 3 2 9 50 0 04 01 10 365 20 177 3 0000 4 0056 5 0000 6 000 0 7 00 0 0 8 0 0 0 0 333 10 410 59 022 6 000 0 7 0000 
10-MAR-2015 12 48065 3 2 9 50 0 00 00 10 350 20 280 3 0000 4 0000 5 0000 6 000 0 7 00 0 0 8 0 0 0 0 333 10 420 58 000 6 000 0 7 0000 
10-MAR-2015 12 48071 3 2 9 56 0 27 02 10 295 20 223 3 0000 4 0109 5 0000 6 000 0 7 00 0 0 8 0 0 0 0 333 10 315 59 012 6 000 0 7 0000 
10-MAR-2015 12 48072 3 2 9 56 0 32 01 10 280 20 203 3 0000 4 0000 5 0000 6 000 0 7 00 0 0 8 0 0 0 0 333 10 350 58 000 6 000 0 7 0000 
10-MAR-2015 12 48074 3 2 9 58 0 00 00 10 346 20 219 3 0000 4 0082 5 0000 6 000 0 7 00 0 0 8 0 0 0 0 333 10 388 59 011 6 000 0 7 0000 
10-MAR-2015 12 48075 3 1 9 56 0 27 01 10 290 20 150 3 0000 4 0093 5 0000 6 000 0 7 05 1 1 8 0 0 0 0 333 10 350 59 010 6 000 0 7 0000 
10-MAR-2015 12 48077 3 2 9 56 0 23 01 10 360 20 132 3 0000 4 0080 5 0000 6 000 0 7 00 0 0 8 0 0 0 0 333 10 412 59 015 6 000 0 7 0000 
10-MAR-2015 12 48078 3 2 9 50 2 18 01 10 348 20 182 3 0000 4 0082 5 0000 6 000 0 7 00 0 0 8 0 0 0 2 333 10 390 59 018 6 000 0 7 0000 
10-MAR-2015 12 48080 3 2 4 57 1 22 01 10 315 20 243 3 0000 4 0110 5 0000 6 000 0 7 00 0 0 8 1 2 0 0 333 10 370 59 008 6 000 0 7 0000 
10-MAR-2015 12 48085 3 2 9 58 0 27 03 10 282 20 233 3 0000 4 0110 5 0000 6 000 0 7 00 0 0 8 0 0 0 0 333 10 314 59 008 6 000 0 7 0000 
10-MAR-2015 12 48087 3 2 9 50 0 23 01 10 330 20 151 3 0000 4 0000 5 0000 6 000 0 7 00 0 0 8 0 0 0 0 333 10 400 58 000 6 000 0 7 0000 
10-MAR-2015 12 48092 3 2 5 56 3 22 02 10 340 20 286 3 0000 4 0086 5 0000 6 000 0 7 03 2 2 8 1 5 3 0 333 10 380 59 017 6 000 0 7 0000 
10-MAR-2015 12 48093 3 2 9 50 1 23 01 10 321 20 200 3 0000 4 0000 5 0000 6 000 0 7 00 0 0 8 1 1 0 0 333 10 366 58 000 6 000 0 7 0000 
10-MAR-2015 12 48094 3 2 9 56 0 00 00 10 315 20 235 3 0000 4 0111 5 0000 6 000 0 7 00 0 0 8 0 0 0 0 333 10 386 59 005 6 000 0 7 0000 
10-MAR-2015 12 48095 3 2 9 56 0 22 01 10 325 20 236 3 0000 4 0000 5 0000 6 000 0 7 00 0 0 8 0 0 0 0 333 10 375 58 000 6 000 0 7 0000 
10-MAR-2015 12 48096 3 2 0 57 0 23 05 10 360 20 172 3 0000 4 0106 5 0000 6 000 0 7 00 0 0 8 0 0 0 0 333 10 368 59 014 6 000 0 7 0000 
10-MAR-2015 12 48097 3 2 5 56 4 31 01 10 325 20 200 3 0000 4 0111 5 0000 6 000 0 7 00 0 0 8 4 4 0 0 333 10 378 59 012 6 000 0 7 0000 
10-MAR-2015 12 48099 3 2 4 40 2 27 06 10 315 20 236 3 0000 4 0096 5 0000 6 000 0 7 00 0 0 8 2 8 0 0 333 10 375 59 005 6 000 0 7 0000 
10-MAR-2015 12 48101 3 2 9 56 2 00 00 10 290 20 230 3 0000 4 0000 5 0000 6 000 0 7 00 0 0 8 0 0 0 5 333 10 355 58 000 6 000 0 7 0000 
10-MAR-2015 12 48103 3 2 9 40 0 22 01 10 312 20 225 3 0000 4 0102 5 0000 6 000 0 7 00 0 0 8 0 0 0 0 333 10 368 59 006 6 000 0 7 0000 
10-MAR-2015 12 48107 3 2 9 40 0 27 01 10 290 20 258 3 0000 4 0101 5 0000 6 000 0 7 00 0 0 8 0 0 0 0 333 10 350 59 011 6 000 0 7 0000 
10-MAR-2015 12 48108 3 2 5 96 5 32 02 10 315 20 243 3 0000 4 0106 5 0000 6 000 0 7 00 0 0 8 2 4 0 6 333 10 360 59 010 6 000 0 7 0000 
10-MAR-2015 12 48109 3 2 9 97 0 00 00 10 298 20 239 3 0000 4 0122 5 0000 6 000 0 7 00 0 0 8 0 0 0 0 333 10 330 59 005 6 000 0 7 0000 
10-MAR-2015 12 48110 3 1 4 95 8 00 00 10 310 20 267 3 0000 4 0109 5 0000 6 000 0 7 05 2 2 8 4 3 0 7 333 10 360 59 005 6 000 0 7 0000 
10-MAR-2015 12 48112 3 2 5 98 6 27 01 10 315 20 254 3 0000 4 0110 5 0000 6 000 0 7 00 0 0 8 2 2 1 6 333 10 356 59 001 6 000 0 7 0000 
