10-MAY-2015 06 48004 3 1 4 56 3 04 01 10 330 20 212 3 0000 4 0000 5 0000 6 000 0 7 05 1 1 8 3 8 0 0 333 10 /// 58 000 6 000 0 7 0000 
10-MAY-2015 06 48008 3 2 5 57 3 00 00 10 338 20 184 3 0000 4 0063 5 0000 6 000 0 7 00 0 0 8 2 4 3 0 333 10 /// 59 009 6 000 0 7 0000 
10-MAY-2015 06 48010 3 2 5 58 8 00 00 10 312 20 237 3 0000 4 0067 5 0000 6 000 0 7 00 0 0 8 2 2 7 / 333 10 /// 59 007 6 000 0 7 0000 
10-MAY-2015 06 48018 3 2 5 60 2 14 02 10 335 20 206 3 0000 4 0068 5 0000 6 000 0 7 03 2 2 8 3 8 7 1 333 10 /// 59 016 6 000 0 7 0000 
10-MAY-2015 06 48019 3 2 9 60 0 27 02 10 337 20 212 3 0000 4 0067 5 0000 6 000 0 7 00 0 0 8 0 0 0 0 333 10 /// 59 011 6 000 0 7 0000 
10-MAY-2015 06 48020 3 2 3 50 8 04 02 10 330 20 234 3 0000 4 0000 5 0000 6 000 0 7 00 0 0 8 8 7 0 0 333 10 /// 58 000 6 000 0 7 0000 
10-MAY-2015 06 48025 3 1 4 40 3 32 01 10 358 20 214 3 0000 4 0085 5 0000 6 000 0 7 04 4 4 8 4 8 0 0 333 10 /// 58 015 6 000 0 7 0000 
10-MAY-2015 06 48030 3 2 2 56 5 22 02 10 250 20 150 3 0000 4 0000 5 0000 6 000 0 7 00 0 0 8 3 9 4 0 333 10 /// 58 000 6 000 0 7 0000 
10-MAY-2015 06 48031 3 1 2 58 8 14 02 10 254 20 167 3 0000 4 0000 5 0000 6 000 0 7 05 4 4 8 6 8 4 0 333 10 /// 58 000 6 000 0 7 0000 
10-MAY-2015 06 48033 3 2 5 63 1 18 01 10 360 20 249 3 0000 4 0048 5 0000 6 000 0 7 00 0 0 8 1 1 0 0 333 10 /// 59 007 6 000 0 7 0000 
10-MAY-2015 06 48034 3 2 4 57 6 23 01 10 288 20 196 3 0000 4 0000 5 0000 6 000 0 7 00 0 0 8 6 3 0 0 333 10 /// 58 000 6 000 0 7 0000 
10-MAY-2015 06 48035 3 1 5 30 5 27 02 10 313 20 189 3 0000 4 0053 5 0000 6 000 0 7 05 0 0 8 3 9 6 0 333 10 /// 59 015 6 000 0 7 0000 
10-MAY-2015 06 48037 3 2 6 60 3 18 02 10 382 20 203 3 0000 4 0055 5 0000 6 000 0 7 00 0 0 8 0 0 0 5 333 10 /// 59 013 6 000 0 7 0000 
10-MAY-2015 06 48039 3 2 4 60 2 22 01 10 362 20 235 3 0000 4 0000 5 0000 6 000 0 7 00 0 0 8 2 1 0 0 333 10 /// 58 000 6 000 0 7 0000 
10-MAY-2015 06 48042 3 2 5 57 1 18 02 10 375 20 233 3 0000 4 0058 5 0000 6 000 0 7 00 0 0 8 1 2 0 0 333 10 /// 58 004 6 000 0 7 0000 
10-MAY-2015 06 48043 3 2 7 57 4 18 05 10 290 20 215 3 0000 4 0000 5 0000 6 000 0 7 00 0 0 8 4 3 0 0 333 10 /// 58 000 6 000 0 7 0000 
10-MAY-2015 06 48045 3 1 5 56 6 04 02 10 280 20 146 3 0000 4 0000 5 0000 6 000 0 7 04 4 4 8 6 3 0 0 333 10 /// 58 000 6 000 0 7 0000 
10-MAY-2015 06 48048 3 2 9 60 0 09 01 10 395 20 230 3 0000 4 0056 5 0000 6 000 0 7 00 0 0 8 0 0 0 0 333 10 /// 59 009 6 000 0 7 0000 
10-MAY-2015 06 48051 3 2 5 59 4 04 02 10 370 20 250 3 0000 4 0000 5 0000 6 000 0 7 02 2 2 8 3 2 3 0 333 10 /// 58 000 6 000 0 7 0000 
10-MAY-2015 06 48052 3 2 4 70 2 04 02 10 400 20 214 3 0000 4 0000 5 0000 6 000 0 7 00 0 0 8 2 2 0 0 333 10 /// 58 000 6 000 0 7 0000 
10-MAY-2015 06 48053 3 2 4 56 4 18 02 10 370 20 246 3 0000 4 0062 5 0000 6 000 0 7 00 0 0 8 2 8 5 6 333 10 /// 58 011 6 000 0 7 0000 
10-MAY-2015 06 48055 3 2 5 56 4 32 03 10 328 20 191 3 0000 4 0032 5 0000 6 000 0 7 00 0 0 8 4 3 0 0 333 10 /// 59 012 6 000 0 7 0000 
10-MAY-2015 06 48057 3 2 4 58 5 22 02 10 270 20 191 3 0000 4 0000 5 0000 6 000 0 7 00 0 0 8 5 3 0 0 333 10 /// 58 000 6 000 0 7 0000 
10-MAY-2015 06 48060 3 1 4 50 3 22 04 10 340 20 184 3 0000 4 0024 5 0000 6 000 0 7 05 0 0 8 3 3 0 0 333 10 /// 59 022 6 000 0 7 0000 
10-MAY-2015 06 48062 3 2 5 58 4 27 05 10 340 20 300 3 0000 4 0084 5 0000 6 000 0 7 01 2 2 8 4 9 0 0 333 10 /// 58 003 6 000 0 7 0000 
10-MAY-2015 06 48064 3 2 5 70 1 14 01 10 410 20 278 3 0000 4 0050 5 0000 6 000 0 7 00 0 0 8 1 1 0 0 333 10 /// 58 006 6 000 0 7 0000 
10-MAY-2015 06 48065 3 2 4 70 2 00 00 10 390 20 233 3 0000 4 0000 5 0000 6 000 0 7 00 0 0 8 1 1 0 1 333 10 /// 58 000 6 000 0 7 0000 
10-MAY-2015 06 48071 3 2 4 60 1 32 02 10 330 20 258 3 0000 4 0094 5 0000 6 000 0 7 00 0 0 8 1 2 0 0 333 10 /// 58 008 6 000 0 7 0000 
10-MAY-2015 06 48072 3 2 4 60 1 27 04 10 350 20 280 3 0000 4 0000 5 0000 6 000 0 7 01 2 2 8 1 2 0 0 333 10 /// 58 000 6 000 0 7 0000 
10-MAY-2015 06 48074 3 2 5 60 1 04 01 10 360 20 249 3 0000 4 0072 5 0000 6 000 0 7 00 0 0 8 1 1 0 0 333 10 /// 58 010 6 000 0 7 0000 
10-MAY-2015 06 48075 3 2 5 57 3 14 01 10 320 20 220 3 0000 4 0066 5 0000 6 000 0 7 02 2 2 8 3 8 0 0 333 10 /// 58 005 6 000 0 7 0000 
10-MAY-2015 06 48077 3 2 9 59 0 00 00 10 360 20 249 3 0000 4 0062 5 0000 6 000 0 7 00 0 0 8 0 0 0 0 333 10 /// 58 002 6 000 0 7 0000 
10-MAY-2015 06 48078 3 2 5 58 3 14 03 10 372 20 236 3 0000 4 0072 5 0000 6 000 0 7 00 0 0 8 2 2 0 1 333 10 /// 58 002 6 000 0 7 0000 
10-MAY-2015 06 48080 3 2 4 61 4 27 05 10 362 20 264 3 0000 4 0064 5 0000 6 000 0 7 00 0 0 8 3 9 7 0 333 10 /// 59 011 6 000 0 7 0000 
10-MAY-2015 06 48085 3 2 4 58 2 32 08 10 344 20 270 3 0000 4 0083 5 0000 6 000 0 7 00 0 0 8 2 8 0 0 333 10 /// 58 009 6 000 0 7 0000 
10-MAY-2015 06 48087 3 2 5 60 3 23 03 10 373 20 227 3 0000 4 0000 5 0000 6 000 0 7 00 0 0 8 3 8 0 0 333 10 /// 58 000 6 000 0 7 0000 
10-MAY-2015 06 48092 3 2 4 57 3 20 03 10 370 20 227 3 0000 4 0051 5 0000 6 000 0 7 00 0 0 8 3 1 0 0 333 10 /// 59 001 6 000 0 7 0000 
10-MAY-2015 06 48093 3 2 6 58 1 23 01 10 362 20 235 3 0000 4 0000 5 0000 6 000 0 7 00 0 0 8 1 1 0 0 333 10 /// 58 000 6 000 0 7 0000 
10-MAY-2015 06 48094 3 2 4 62 2 32 02 10 370 20 250 3 0000 4 0079 5 0000 6 000 0 7 01 1 1 8 2 8 0 0 333 10 /// 58 008 6 000 0 7 0000 
10-MAY-2015 06 48095 3 2 4 58 5 22 02 10 370 20 246 3 0000 4 0000 5 0000 6 000 0 7 00 0 0 8 4 8 4 0 333 10 /// 58 000 6 000 0 7 0000 
10-MAY-2015 06 48097 3 2 5 57 6 23 02 10 360 20 235 3 0000 4 0087 5 0000 6 000 0 7 00 0 0 8 6 8 0 0 333 10 /// 58 005 6 000 0 7 0000 
10-MAY-2015 06 48099 3 2 4 57 4 23 03 10 367 20 246 3 0000 4 0068 5 0000 6 000 0 7 00 0 0 8 4 9 0 0 333 10 /// 59 003 6 000 0 7 0000 
10-MAY-2015 06 48101 3 2 5 60 4 32 02 10 352 20 240 3 0000 4 0000 5 0000 6 000 0 7 00 0 0 8 4 2 0 0 333 10 /// 58 000 6 000 0 7 0000 
10-MAY-2015 06 48103 3 2 4 57 4 22 01 10 361 20 235 3 0000 4 0075 5 0000 6 000 0 7 00 0 0 8 4 8 0 0 333 10 /// 58 000 6 000 0 7 0000 
10-MAY-2015 06 48107 3 2 3 50 5 27 02 10 331 20 258 3 0000 4 0072 5 0000 6 000 0 7 00 0 0 8 5 9 0 0 333 10 /// 59 006 6 000 0 7 0000 
10-MAY-2015 06 48108 3 2 5 96 6 32 02 10 355 20 244 3 0000 4 0080 5 0000 6 000 0 7 00 0 0 8 3 3 0 6 333 10 /// 59 004 6 000 0 7 0000 
10-MAY-2015 06 48109 3 2 4 97 4 00 00 10 345 20 266 3 0000 4 0095 5 0000 6 000 0 7 00 0 0 8 4 9 0 0 333 10 /// 58 004 6 000 0 7 0000 
10-MAY-2015 06 48110 3 2 5 96 4 32 04 10 340 20 257 3 0000 4 0086 5 0000 6 000 0 7 00 0 0 8 2 3 0 6 333 10 /// 59 001 6 000 0 7 0000 
10-MAY-2015 06 48112 3 2 5 97 8 04 02 10 330 20 275 3 0000 4 0096 5 0000 6 000 0 7 02 2 2 8 4 8 7 6 333 10 /// 58 004 6 000 0 7 0000 
