48001 32557 20401 10300 20166 40107 82200 333 56220 59007=
48004 31558 10401 10334 20191 70511 81100 333 56900=
48008 31557 42301 10330 20151 40098 70544 82230 333 56450 59023=
48010 32560 11801 10350 20158 40096 80001 333 56009 59012=
48018 32958 01401 10340 20164 40110 333 59020=
48019 32960 03601 10318 20200 40101 333 59018=
48020 NIL=
48025 31956 23602 10357 20156 40089 70544 82500 333 56900 59030=
48030 32956 02204 10257 29018 333=
48031 31960 00401 10285 20011 70500 333=
48033 32963 00000 10370 20227 40092 333 59021=
48034 31958 02302 10302 20098 70500 333=
48035 31940 02204 10339 20063 40052 70400 333 59020=
48037 31956 00401 10392 20157 40080 70544 333 59004=
48039 32959 30000 10380 20187 80002 333 56009=
48042 32957 01302 10395 20187 40074 333 59022=
48043 32059 03205 10305 20146 333=
48045 32958 01402 10310 20146 333=
48048 32962 01401 10410 20171 40077 333 59029=
48051 32961 03603 10378 20150 333=
48052 32970 02202 10430 20123 333=
48053 31950 01803 10390 20198 40078 70500 333 59020=
48055 31548 20904 10337 20168 40046 70511 82800 333 56500 59017=
48057 32458 22702 10300 20098 82800 333 56600=
48060 32940 00000 10312 20169 40069 333 59019=
48062 32958 02706 10315 20250 40118 333 59004=
48064 32970 00901 10405 20230 40067 333 59022=
48065 32970 00000 10415 20189 333=
48071 32960 03203 10308 20237 40114 333 59015=
48072 32960 00405 10330 20218 333=
48074 32961 00403 10385 20203 40090 333 59026=
48075 31457 23201 10350 20140 40059 70511 82200 333 56500 59027=
48077 32950 00000 10210 20189 40084 333 59011=
48078 32958 11802 10388 20198 40094 80001 333 56009 59012=
48080 32960 02207 10361 20249 40099 333 59011=
48085 32958 02704 10312 20237 40110 333 59007=
48087 32960 02301 10390 20131 333=
48092 32959 02306 10370 20199 40084 333 59011=
48093 32958 03201 10366 20227 333=
48094 32960 03202 10370 20220 40105 333 59007=
48095 32960 01802 10375 20227 333=
48096 32959 42505 10360 20215 40107 80030 333 56090 59001=
48097 32557 42302 10370 20181 40108 84400 333 56900 59013=
48099 32560 22303 10375 20221 40097 82500 333 56900 59009=
48101 32960 00000 10345 20206 333=
48103 32556 12201 10354 20219 40103 81500 333 56500 59005=
48107 32350 33202 10338 20240 40100 82900 333 56500 59004=
48108 32596 53205 10350 20238 40110 83806 333 56209 59006=
48109 32997 00401 10318 20236 40139 333 58002=
48110 31596 43204 10360 20249 40107 70522 82305 333 56209 59007=  