101800 48008 31510 40000 10240 20191 40104 71044 82430 333 56450 58002=
101800 48010 32002 00000 10180 20165 40120 333 59004=
101800 48018 32930 01401 10215 20160 40143 333 59006=
101800 48025 31905 03201 10250 20150 40128 70544 333 59014=
101800 48042 32950 00000 10263 20203 40098 333 59002=
101800 48053 32940 01803 10250 20126 40124 333 59001=
101800 48057 32958 01802 10198 20150 333=
101800 48060 32910 00000 10150 20111 40144 333 59008=
101800 48071 32930 00000 10230 20214 40133 333 58020=
101800 48080 32950 00000 10260 20229 40140 333 59008=
101800 48094 32950 00000 10240 20230 40134 333 58005=
101800 48097 32956 02701 10255 20210 40135 333 58003=
101800 48108 32595 41401 10270 20218 40143 82406 333 56909 58003=
101800 48109 32995 00000 10250 20219 40128 333 59002=
101800 48110 31595 80000 10285 20254 40138 70522 84307 333 56909 58007=
101800 48112 32597 60401 10282 20233 40124 82246 333 56199 58006=  
