10-MAR-2015 06 48001 3 2 4 40 4 04 01 10 266 20 154 3 0000 4 0137 5 0000 6 000 0 7 00 0 0 8 4 7 0 0 333 10 /// 59 030 6 000 0 7 0000 
10-MAR-2015 06 48008 3 1 9 57 0 04 01 10 293 20 159 3 0000 4 0121 5 0000 6 000 0 7 05 4 4 8 0 0 0 0 333 10 /// 59 029 6 000 0 7 0000 
10-MAR-2015 06 48010 3 2 5 60 3 00 00 10 305 20 166 3 0000 4 0126 5 0000 6 000 0 7 00 0 0 8 1 1 3 0 333 10 /// 59 019 6 000 0 7 0000 
10-MAR-2015 06 48018 3 2 5 60 0 14 02 10 295 20 159 3 0000 4 0141 5 0000 6 000 0 7 03 1 1 8 2 8 0 0 333 10 /// 59 015 6 000 0 7 0000 
10-MAR-2015 06 48019 3 2 9 60 0 36 02 10 280 20 158 3 0000 4 0128 5 0000 6 000 0 7 00 0 0 8 0 0 0 0 333 10 /// 59 009 6 000 0 7 0000 
10-MAR-2015 06 48020 3 1 4 50 2 32 03 10 310 20 203 3 0000 4 0000 5 0000 6 000 0 7 05 1 1 8 2 4 0 0 333 10 /// 58 000 6 000 0 7 0000 
10-MAR-2015 06 48025 3 1 9 40 0 32 03 10 320 20 140 3 0000 4 0136 5 0000 6 000 0 7 05 4 4 8 0 0 0 0 333 10 /// 59 015 6 000 0 7 0000 
10-MAR-2015 06 48030 3 2 9 56 0 22 03 10 244 20 105 3 0000 4 0000 5 0000 6 000 0 7 00 0 0 8 0 0 0 0 333 10 /// 58 000 6 000 0 7 0000 
10-MAR-2015 06 48031 3 1 9 59 0 04 02 10 262 20 000 3 0000 4 0000 5 0000 6 000 0 7 00 0 0 8 0 0 0 0 333 10 /// 58 000 6 000 0   333= 
10-MAR-2015 06 48033 3 2 9 56 0 32 01 10 340 20 225 3 0000 4 0120 5 0000 6 000 0 7 00 0 0 8 0 0 0 0 333 10 /// 59 021 6 000 0 7 0000 
10-MAR-2015 06 48034 3 1 9 58 0 18 02 10 295 20 092 3 0000 4 0000 5 0000 6 000 0 7 05 0 0 8 0 0 0 0 333 10 /// 58 000 6 000 0 7 0000 
10-MAR-2015 06 48035 3 1 9 50 0 22 03 10 299 20 098 3 0000 4 0090 5 0000 6 000 0 7 05 0 0 8 0 0 0 0 333 10 /// 59 002 6 000 0 7 0000 
10-MAR-2015 06 48037 3 1 9 56 0 32 01 10 333 20 151 3 0000 4 0115 5 0000 6 000 0 7 05 4 4 8 0 0 0 0 333 10 /// 59 016 6 000 0 7 0000 
10-MAR-2015 06 48042 3 1 9 56 0 18 02 10 360 20 177 3 0000 4 0107 5 0000 6 000 0 7 05 0 0 8 0 0 0 0 333 10 /// 59 029 6 000 0 7 0000 
10-MAR-2015 06 48048 3 2 9 62 0 22 01 10 340 20 145 3 0000 4 0124 5 0000 6 000 0 7 00 0 0 8 0 0 0 0 333 10 /// 59 010 6 000 0 7 0000 
10-MAR-2015 06 48051 3 2 9 60 0 36 01 10 346 20 140 3 0000 4 0000 5 0000 6 000 0 7 00 0 0 8 0 0 0 0 333 10 /// 58 000 6 000 0 7 0000 
10-MAR-2015 06 48052 3 2 9 70 0 22 02 10 300 20 185 3 0000 4 0000 5 0000 6 000 0 7 00 0 0 8 0 0 0 0 333 10 /// 58 000 6 000 0 7 0000 
10-MAR-2015 06 48053 3 1 9 50 0 18 03 10 370 20 171 3 0000 4 0116 5 0000 6 000 0 7 05 0 0 8 0 0 0 0 333 10 /// 59 018 6 000 0 7 0000 
10-MAR-2015 06 48055 3 1 9 56 0 04 04 10 330 20 124 3 0000 4 0088 5 0000 6 000 0 7 05 0 0 8 0 0 0 0 333 10 /// 59 017 6 000 0 7 0000 
10-MAR-2015 06 48057 3 2 4 57 1 18 03 10 280 20 098 3 0000 4 0000 5 0000 6 000 0 7 00 0 0 8 1 5 0 0 333 10 /// 58 000 6 000 0 7 0000 
10-MAR-2015 06 48060 3 2 9 40 0 00 00 10 273 20 154 3 0000 4 0118 5 0000 6 000 0 7 00 0 0 8 0 0 0 0 333 10 /// 59 013 6 000 0 7 0000 
10-MAR-2015 06 48062 3 2 9 58 0 13 02 10 300 20 250 3 0000 4 0141 5 0000 6 000 0 7 00 0 0 8 0 0 0 0 333 10 /// 59 007 6 000 0 7 0000 
10-MAR-2015 06 48064 3 2 9 70 0 14 01 10 365 20 195 3 0000 4 0099 5 0000 6 000 0 7 00 0 0 8 0 0 0 0 333 10 /// 59 022 6 000 0 7 0000 
10-MAR-2015 06 48065 3 2 9 70 0 22 07 10 370 20 148 3 0000 4 0000 5 0000 6 000 0 7 00 0 0 8 0 0 0 0 333 10 /// 58 000 6 000 0 7 0000 
10-MAR-2015 06 48071 3 2 9 60 0 32 02 10 285 20 215 3 0000 4 0141 5 0000 6 000 0 7 00 0 0 8 0 0 0 0 333 10 /// 59 008 6 000 0 7 0000 
10-MAR-2015 06 48072 3 2 9 60 0 27 01 10 295 20 185 3 0000 4 0000 5 0000 6 000 0 7 00 0 0 8 0 0 0 0 333 10 /// 58 000 6 000 0 7 0000 
10-MAR-2015 06 48074 3 2 9 60 0 14 02 10 345 20 184 3 0000 4 0140 5 0000 6 000 0 7 00 0 0 8 0 0 0 0 333 10 /// 59 014 6 000 0 7 0000 
10-MAR-2015 06 48075 3 1 9 57 0 14 01 10 320 20 140 3 0000 4 0114 5 0000 6 000 0 7 05 0 0 8 0 0 0 0 333 10 /// 59 003 6 000 0 7 0000 
10-MAR-2015 06 48077 3 2 9 59 0 00 00 10 340 20 184 3 0000 4 0113 5 0000 6 000 0 7 00 0 0 8 0 0 0 0 333 10 /// 59 016 6 000 0 7 0000 
10-MAR-2015 06 48078 3 2 9 57 1 14 02 10 354 20 168 3 0000 4 0129 5 0000 6 000 0 7 00 0 0 8 0 0 0 1 333 10 /// 59 004 6 000 0 7 0000 
10-MAR-2015 06 48080 3 2 9 61 0 22 04 10 350 20 240 3 0000 4 0123 5 0000 6 000 0 7 00 0 0 8 0 0 0 0 333 10 /// 59 004 6 000 0 7 0000 
10-MAR-2015 06 48085 3 1 9 58 0 27 03 10 298 20 230 3 0000 4 0133 5 0000 6 000 0 7 05 0 0 8 0 0 0 0 333 10 /// 59 009 6 000 0 7 0000 
10-MAR-2015 06 48087 3 2 9 60 0 23 01 10 366 20 148 3 0000 4 0000 5 0000 6 000 0 7 00 0 0 8 0 0 0 0 333 10 /// 58 000 6 000 0 7 0000 
10-MAR-2015 06 48092 3 2 9 58 0 23 05 10 360 20 186 3 0000 4 0121 5 0000 6 000 0 7 00 0 0 8 0 0 0 0 333 10 /// 59 001 6 000 0 7 0000 
10-MAR-2015 06 48093 3 2 9 58 0 04 01 10 340 20 225 3 0000 4 0000 5 0000 6 000 0 7 00 0 0 8 0 0 0 0 333 10 /// 58 000 6 000 0 7 0000 
10-MAR-2015 06 48094 3 2 9 60 0 32 02 10 360 20 212 3 0000 4 0121 5 0000 6 000 0 7 00 0 0 8 0 0 0 0 333 10 /// 59 009 6 000 0 7 0000 
10-MAR-2015 06 48095 3 2 9 60 0 22 01 10 360 20 195 3 0000 4 0000 5 0000 6 000 0 7 00 0 0 8 0 0 0 0 333 10 /// 58 000 6 000 0 7 0000 
10-MAR-2015 06 48096 3 2 0 59 0 22 05 10 350 20 158 3 0000 4 0135 5 0000 6 000 0 7 00 0 0 8 0 0 0 0 333 10 /// 59 008 6 000 0 7 0000 
10-MAR-2015 06 48097 3 2 5 57 2 13 01 10 365 20 144 3 0000 4 0142 5 0000 6 000 0 7 00 0 0 8 2 4 0 0 333 10 /// 58 005 6 000 0 7 0000 
10-MAR-2015 06 48099 3 2 5 58 2 23 03 10 345 20 184 3 0000 4 0129 5 0000 6 000 0 7 00 0 0 8 2 5 0 0 333 10 /// 59 009 6 000 0 7 0000 
10-MAR-2015 06 48101 3 2 9 60 0 00 00 10 337 20 184 3 0000 4 0000 5 0000 6 000 0 7 00 0 0 8 0 0 0 0 333 10 /// 58 000 6 000 0 7 0000 
10-MAR-2015 06 48103 3 2 5 56 1 04 01 10 348 20 237 3 0000 4 0132 5 0000 6 000 0 7 00 0 0 8 1 5 0 0 333 10 /// 59 001 6 000 0 7 0000 
10-MAR-2015 06 48107 3 2 9 50 0 27 02 10 348 20 237 3 0000 4 0112 5 0000 6 000 0 7 00 0 0 8 0 0 0 0 333 10 /// 59 009 6 000 0 7 0000 
10-MAR-2015 06 48108 3 2 5 96 6 32 02 10 350 20 228 3 0000 4 0132 5 0000 6 000 0 7 00 0 0 8 3 3 6 6 333 10 /// 59 004 6 000 0 7 0000 
10-MAR-2015 06 48109 3 2 9 97 0 04 01 10 315 20 236 3 0000 4 0149 5 0000 6 000 0 7 00 0 0 8 0 0 0 0 333 10 /// 59 003 6 000 0 7 0000 
10-MAR-2015 06 48110 3 1 5 96 4 32 03 10 340 20 257 3 0000 4 0130 5 0000 6 000 0 7 05 2 2 8 2 3 0 6 333 10 /// 59 011 6 000 0 7 0000 
