48001 32440 40401 10266 20154 40137 84700 333 56110 59030=
48004 NIL=
48008 31957 00401 10293 20159 40121 70544 333 59029=
48010 32560 30000 10305 20166 40126 81130 333 56990 59019=
48018 32560 01402 10295 20159 40141 70311 82800 333 56500 59015=
48019 32960 03602 10280 20158 40128 333 59009=
48020 31450 23203 10310 20203 70511 82400 333 56500=
48025 31940 03203 10320 20140 40136 70544 333 59015=
48035 31950 02203 10299 20098 40090 70500 333 59002=
48037 31956 03201 10333 20151 40115 70544 333 59016=
48042 31956 01802 10360 20177 40107 70500 333 59029=
48045 NIL=
48048 32962 02201 10340 20145 40124 333 59010=
48053 31950 01803 10370 20171 40116 70500 333 59018=
48057 32457 11803 10280 20098 81500 333 56500=
48060 32940 00000 10273 20154 40118 333 59013=
48062 32958 01302 10300 20250 40141 333 59007=
48071 32960 03202 10285 20215 40141 333 59008=
48077 32959 00000 10340 20184 40113 333 59016=
48078 32957 11402 10354 20168 40129 80001 333 56009 59004=
48080 32961 02204 10350 20240 40123 333 59004=
48094 32960 03202 10360 20212 40121 333 59009=
48096 32059 02205 10350 20158 40135 333 59008=
48097 32557 21301 10365 20144 40142 82400 333 56900 58005=
48107 32950 02702 10348 20237 40112 333 59009=
48108 32596 63202 10350 20228 40132 83366 333 56699 59004=
48109 32997 00401 10315 20236 40149 333 59003=
48110 31596 43203 10340 20257 40130 70522 82306 333 56209 59011=
48112 NIL=
48030 32956 02203 10244 20105 333=
48031 31959 00402 10262 29018 70500 333=
48033 32956 03201 10340 20225 40120 333 59021=
48034 31958 01802 10295 20092 70500 333=
48051 32960 03601 10346 20140 333=
48052 32970 02202 10300 20185 333=
48055 31956 00404 10330 20124 40088 70500 333 59017=
48064 32970 01401 10365 20195 40099 333 59022=
48065 32970 02207 10370 20148 333=
48072 32960 02701 10295 20185 333=
48074 32960 01402 10345 20184 40140 333 59014=
48075 31957 01401 10320 20140 40114 70500 333 59003=
48085 31958 02703 10298 20230 40133 70500 333 59009=
48087 32960 02301 10366 20148 333=
48092 32958 02305 10360 20186 40121 333 59001=
48093 32958 00401 10340 20225 333=
48095 32960 02201 10360 20195 333=
48099 32558 22303 10345 20184 40129 82500 333 56400 59009=
48101 32960 00000 10337 20184 333=
48103 32556 10401 10348 20237 40132 81500 333 56100 59001=  