101200 48004 31558 10000 10298 20223 70511 81100 333 10339 56900=
101200 48008 31558 31401 10308 20203 40086 70544 82430 333 10338 56330 59016=
101200 48010 32550 20000 10305 20207 40088 80030 333 10350 56050 59040=
101200 48018 31558 30000 10310 20189 40094 71044 82810 333 10345 56550 59017=
101200 48019 32950 00000 10290 20230 40087 333 10328 59030=
101200 48020 31940 00000 10300 20207 70500 333 10362=
101200 48025 31456 13201 10344 20145 40080 70544 81500 333 10367 56900 59020=
101200 48030 32256 12205 10224 29023 81100 333 10262 56500=
101200 48031 31960 31801 10235 29020 70544 80004 333 10290 56004=
101200 48033 32962 00000 10350 20237 40084 333 10375 59012=
101200 48034 31956 00000 10251 20126 70500 333 10315=
101200 48035 31930 00000 10297 20185 40063 70400 333 10340 59017=
101200 48037 31950 00000 10358 20214 40078 70544 333 10395 59001=
101200 48039 32459 30000 10340 20206 83400 333 10387 56900=
101200 48042 32557 10000 10360 20235 40085 81400 333 10400 56900 59029=
101200 48043 32030 00000 10275 20146 333 10315=
101200 48045 32956 01805 10274 20133 333 10317=
101200 48048 32950 01801 10374 20207 40088 333 10415 59009=
101200 48051 32959 01302 10340 20160 333 10384=
101200 48052 32958 02201 10382 20112 333 10430=
101200 48053 31950 01801 10360 20156 40085 70500 333 10395 59001=
101200 48055 31548 20000 10285 20208 40066 70511 82800 333 10345 56500 59014=
101200 48057 32950 01402 10260 20119 333 10310=
101200 48060 32920 00000 10272 20154 40079 333 10318 59022=
101200 48062 31556 22703 10295 20250 40109 70500 82500 333 10325 56900 59011=
101200 48064 32950 00401 10365 20177 40056 333 10410 59022=
101200 48065 32950 00000 10350 20280 333 10420=
101200 48071 32956 02702 10295 20223 40109 333 10315 59012=
101200 48072 32956 03201 10280 20203 333 10350=
101200 48074 32958 00000 10346 20219 40082 333 10388 59011=
101200 48075 31956 02701 10290 20150 40093 70511 333 10350 59010=
101200 48077 32956 02301 10360 20132 40080 333 10412 59015=
101200 48078 32950 21801 10348 20182 40082 80002 333 10390 56009 59018=
101200 48080 32457 12201 10315 20243 40110 81200 333 10370 56900 59008=
101200 48085 32958 02703 10282 20233 40110 333 10314 59008=
101200 48087 32950 02301 10330 20151 333 10400=
101200 48092 32556 32202 10340 20286 40086 70322 81530 333 10380 56990 59017=
101200 48093 32950 12301 10321 20200 81100 333 10366 56500=
101200 48094 32956 00000 10315 20235 40111 333 10386 59005=
101200 48095 32956 02201 10325 20236 333 10375=
101200 48096 32057 02305 10360 20172 40106 333 10368 59014=
101200 48097 32556 43101 10325 20200 40111 84400 333 10378 56900 59012=
101200 48099 32440 22706 10315 20236 40096 82800 333 10375 56900 59005=
101200 48101 32956 20000 10290 20230 80005 333 10355 56009=
101200 48103 32940 02201 10312 20225 40102 333 10368 59006=
101200 48107 32940 02701 10290 20258 40101 333 10350 59011=  48097 32556 43101 10325 20200 40111 81100 333 10378 56900 59012=  
101200 48108 32596 53202 10315 20243 40106 82406 333 10360 56909 59010=
101200 48109 32997 00000 10298 20239 40122 333 10330 59005=
101200 48110 31495 80000 10310 20267 40109 70522 84307 333 10360 56909 59005=
101200 48112 32598 62701 10315 20254 40110 82216 333 10356 56699 59001=
