10-MAR-2015 09 48001 3 2 5 57 2 04 01 10 300 20 166 3 0000 4 0107 5 0000 6 000 0 7 00 0 0 8 2 2 0 0 333 10 /// 59 007 6 000 0 7 0000 
10-MAR-2015 09 48004 3 1 5 58 1 04 01 10 334 20 191 3 0000 4 0000 5 0000 6 000 0 7 05 1 1 8 1 1 0 0 333 10 /// 58 000 6 000 0 7 0000 
10-MAR-2015 09 48008 3 1 5 57 4 23 01 10 330 20 151 3 0000 4 0098 5 0000 6 000 0 7 05 4 4 8 2 2 3 0 333 10 /// 59 023 6 000 0 7 0000 
10-MAR-2015 09 48010 3 2 5 60 1 18 01 10 350 20 158 3 0000 4 0096 5 0000 6 000 0 7 00 0 0 8 0 0 0 1 333 10 /// 59 012 6 000 0 7 0000 
10-MAR-2015 09 48018 3 2 9 58 0 14 01 10 340 20 164 3 0000 4 0110 5 0000 6 000 0 7 00 0 0 8 0 0 0 0 333 10 /// 59 020 6 000 0 7 0000 
10-MAR-2015 09 48019 3 2 9 60 0 36 01 10 318 20 200 3 0000 4 0101 5 0000 6 000 0 7 00 0 0 8 0 0 0 0 333 10 /// 59 018 6 000 0 7 0000 
10-MAR-2015 09 48025 3 1 9 56 2 36 02 10 357 20 156 3 0000 4 0089 5 0000 6 000 0 7 05 4 4 8 2 5 0 0 333 10 /// 59 030 6 000 0 7 0000 
10-MAR-2015 09 48030 3 2 9 56 0 22 04 10 257 20 000 3 0000 4 0000 5 0000 6 000 0 7 00 0 0 8 0 0 0 0 333 10 /// 58 000 6 000 0 7 0000 
10-MAR-2015 09 48031 3 1 9 60 0 04 01 10 285 20 011 3 0000 4 0000 5 0000 6 000 0 7 05 0 0 8 0 0 0 0 333 10 /// 58 000 6 000 0 7 0000 
10-MAR-2015 09 48033 3 2 9 63 0 00 00 10 370 20 227 3 0000 4 0092 5 0000 6 000 0 7 00 0 0 8 0 0 0 0 333 10 /// 59 021 6 000 0 7 0000 
10-MAR-2015 09 48034 3 1 9 58 0 23 02 10 302 20 098 3 0000 4 0000 5 0000 6 000 0 7 05 0 0 8 0 0 0 0 333 10 /// 58 000 6 000 0 7 0000 
10-MAR-2015 09 48035 3 1 9 40 0 22 04 10 339 20 063 3 0000 4 0052 5 0000 6 000 0 7 04 0 0 8 0 0 0 0 333 10 /// 59 020 6 000 0 7 0000 
10-MAR-2015 09 48037 3 1 9 56 0 04 01 10 392 20 157 3 0000 4 0080 5 0000 6 000 0 7 05 4 4 8 0 0 0 0 333 10 /// 59 004 6 000 0 7 0000 
10-MAR-2015 09 48039 3 2 9 59 3 00 00 10 380 20 187 3 0000 4 0000 5 0000 6 000 0 7 00 0 0 8 0 0 0 2 333 10 /// 58 000 6 000 0 7 0000 
10-MAR-2015 09 48042 3 2 9 57 0 13 02 10 395 20 187 3 0000 4 0074 5 0000 6 000 0 7 00 0 0 8 0 0 0 0 333 10 /// 59 022 6 000 0 7 0000 
10-MAR-2015 09 48043 3 2 0 59 0 32 05 10 305 20 146 3 0000 4 0000 5 0000 6 000 0 7 00 0 0 8 0 0 0 0 333 10 /// 58 000 6 000 0 7 0000 
10-MAR-2015 09 48045 3 2 9 58 0 14 02 10 310 20 146 3 0000 4 0000 5 0000 6 000 0 7 00 0 0 8 0 0 0 0 333 10 /// 58 000 6 000 0 7 0000 
10-MAR-2015 09 48048 3 2 9 62 0 14 01 10 410 20 171 3 0000 4 0077 5 0000 6 000 0 7 00 0 0 8 0 0 0 0 333 10 /// 59 029 6 000 0 7 0000 
10-MAR-2015 09 48051 3 2 9 61 0 36 03 10 378 20 150 3 0000 4 0000 5 0000 6 000 0 7 00 0 0 8 0 0 0 0 333 10 /// 58 000 6 000 0 7 0000 
10-MAR-2015 09 48052 3 2 9 70 0 22 02 10 430 20 123 3 0000 4 0000 5 0000 6 000 0 7 00 0 0 8 0 0 0 0 333 10 /// 58 000 6 000 0 7 0000 
10-MAR-2015 09 48053 3 1 9 50 0 18 03 10 390 20 198 3 0000 4 0078 5 0000 6 000 0 7 05 0 0 8 0 0 0 0 333 10 /// 59 020 6 000 0 7 0000 
10-MAR-2015 09 48055 3 1 5 48 2 09 04 10 337 20 168 3 0000 4 0046 5 0000 6 000 0 7 05 1 1 8 2 8 0 0 333 10 /// 59 017 6 000 0 7 0000 
10-MAR-2015 09 48057 3 2 4 58 2 27 02 10 300 20 098 3 0000 4 0000 5 0000 6 000 0 7 00 0 0 8 2 8 0 0 333 10 /// 58 000 6 000 0 7 0000 
10-MAR-2015 09 48060 3 2 9 40 0 00 00 10 312 20 169 3 0000 4 0069 5 0000 6 000 0 7 00 0 0 8 0 0 0 0 333 10 /// 59 019 6 000 0 7 0000 
10-MAR-2015 09 48062 3 2 9 58 0 27 06 10 315 20 250 3 0000 4 0118 5 0000 6 000 0 7 00 0 0 8 0 0 0 0 333 10 /// 59 004 6 000 0 7 0000 
10-MAR-2015 09 48064 3 2 9 70 0 09 01 10 405 20 230 3 0000 4 0067 5 0000 6 000 0 7 00 0 0 8 0 0 0 0 333 10 /// 59 022 6 000 0 7 0000 
10-MAR-2015 09 48065 3 2 9 70 0 00 00 10 415 20 189 3 0000 4 0000 5 0000 6 000 0 7 00 0 0 8 0 0 0 0 333 10 /// 58 000 6 000 0 7 0000 
10-MAR-2015 09 48071 3 2 9 60 0 32 03 10 308 20 237 3 0000 4 0114 5 0000 6 000 0 7 00 0 0 8 0 0 0 0 333 10 /// 59 015 6 000 0 7 0000 
10-MAR-2015 09 48072 3 2 9 60 0 04 05 10 330 20 218 3 0000 4 0000 5 0000 6 000 0 7 00 0 0 8 0 0 0 0 333 10 /// 58 000 6 000 0 7 0000 
10-MAR-2015 09 48074 3 2 9 61 0 04 03 10 385 20 203 3 0000 4 0090 5 0000 6 000 0 7 00 0 0 8 0 0 0 0 333 10 /// 59 026 6 000 0 7 0000 
10-MAR-2015 09 48075 3 1 4 57 2 32 01 10 350 20 140 3 0000 4 0059 5 0000 6 000 0 7 05 1 1 8 2 2 0 0 333 10 /// 59 027 6 000 0 7 0000 
10-MAR-2015 09 48077 3 2 9 50 0 00 00 10 210 20 189 3 0000 4 0084 5 0000 6 000 0 7 00 0 0 8 0 0 0 0 333 10 /// 59 011 6 000 0 7 0000 
10-MAR-2015 09 48078 3 2 9 58 1 18 02 10 388 20 198 3 0000 4 0094 5 0000 6 000 0 7 00 0 0 8 0 0 0 1 333 10 /// 59 012 6 000 0 7 0000 
10-MAR-2015 09 48080 3 2 9 60 0 22 07 10 361 20 249 3 0000 4 0099 5 0000 6 000 0 7 00 0 0 8 0 0 0 0 333 10 /// 59 011 6 000 0 7 0000 
10-MAR-2015 09 48085 3 2 9 58 0 27 04 10 312 20 237 3 0000 4 0110 5 0000 6 000 0 7 00 0 0 8 0 0 0 0 333 10 /// 59 007 6 000 0 7 0000 
10-MAR-2015 09 48087 3 2 9 60 0 23 01 10 390 20 131 3 0000 4 0000 5 0000 6 000 0 7 00 0 0 8 0 0 0 0 333 10 /// 58 000 6 000 0 7 0000 
10-MAR-2015 09 48092 3 2 9 59 0 23 06 10 370 20 199 3 0000 4 0084 5 0000 6 000 0 7 00 0 0 8 0 0 0 0 333 10 /// 59 011 6 000 0 7 0000 
10-MAR-2015 09 48093 3 2 9 58 0 32 01 10 366 20 227 3 0000 4 0000 5 0000 6 000 0 7 00 0 0 8 0 0 0 0 333 10 /// 58 000 6 000 0 7 0000 
10-MAR-2015 09 48094 3 2 9 60 0 32 02 10 370 20 220 3 0000 4 0105 5 0000 6 000 0 7 00 0 0 8 0 0 0 0 333 10 /// 59 007 6 000 0 7 0000 
10-MAR-2015 09 48095 3 2 9 60 0 18 02 10 375 20 227 3 0000 4 0000 5 0000 6 000 0 7 00 0 0 8 0 0 0 0 333 10 /// 58 000 6 000 0 7 0000 
10-MAR-2015 09 48096 3 2 9 59 4 25 05 10 360 20 215 3 0000 4 0107 5 0000 6 000 0 7 00 0 0 8 0 0 3 0 333 10 /// 59 001 6 000 0 7 0000 
10-MAR-2015 09 48097 3 2 5 57 4 23 02 10 370 20 181 3 0000 4 0108 5 0000 6 000 0 7 00 0 0 8 4 4 0 0 333 10 /// 59 013 6 000 0 7 0000 
10-MAR-2015 09 48099 3 2 5 60 2 23 03 10 375 20 221 3 0000 4 0097 5 0000 6 000 0 7 00 0 0 8 2 5 0 0 333 10 /// 59 009 6 000 0 7 0000 
10-MAR-2015 09 48101 3 2 9 60 0 00 00 10 345 20 206 3 0000 4 0000 5 0000 6 000 0 7 00 0 0 8 0 0 0 0 333 10 /// 58 000 6 000 0 7 0000 
10-MAR-2015 09 48103 3 2 5 56 1 22 01 10 354 20 219 3 0000 4 0103 5 0000 6 000 0 7 00 0 0 8 1 5 0 0 333 10 /// 59 005 6 000 0 7 0000 
10-MAR-2015 09 48107 3 2 3 50 3 32 02 10 338 20 240 3 0000 4 0100 5 0000 6 000 0 7 00 0 0 8 2 9 0 0 333 10 /// 59 004 6 000 0 7 0000 
10-MAR-2015 09 48108 3 2 5 96 5 32 05 10 350 20 238 3 0000 4 0110 5 0000 6 000 0 7 00 0 0 8 3 8 0 6 333 10 /// 59 006 6 000 0 7 0000 
10-MAR-2015 09 48109 3 2 9 97 0 04 01 10 318 20 236 3 0000 4 0139 5 0000 6 000 0 7 00 0 0 8 0 0 0 0 333 10 /// 58 002 6 000 0 7 0000 
10-MAR-2015 09 48110 3 1 5 96 4 32 04 10 360 20 249 3 0000 4 0107 5 0000 6 000 0 7 05 2 2 8 2 3 0 5 333 10 /// 59 007 6 000 0 7 0000 
