48001 NIL=
48004 31456 41301 10350 20237 70511 84300 333 56500=
48008 32557 50401 10355 20177 40052 82430 333 56110 58003=
48010 32558 80000 10320 20265 40054 8447/ 333 56699 58013=
48018 32560 51401 10365 20207 40042 70122 82871 333 56329 59018=
48019 32560 21402 10359 20240 40059 80002 333 56006 58013=
48020 32350 80402 10340 20240 88700 333 56500=
48025 31440 73601 10343 20184 40049 70444 85840 333 56550 58016=
48030 32256 73202 10268 20191 85940 333 56760=
48031 31258 80402 10270 20154 70544 888// 333 56899=
48033 32563 61801 10383 20240 40018 86900 333 56900 59015=
48034 21456 61402 10278 20167 72055 86300 333 56500=
48035 31550 32202 10321 20163 40015 70522 83800 333 56900 59018=
48037 32562 31802 10406 20240 40024 82301 333 56606 59002=
48039 32460 50401 10379 20255 83102 333 56707=
48042 32557 32701 10400 20230 40029 82302 333 56409 59004=
48043 32757 41807 10310 20203 83202 333 56509=
48045 31556 60403 10290 20140 70444 86300 333 56500=
48048 32560 30901 10424 20226 40018 83800 333 56900 59014=
48051 32560 42302 10387 20230 83230 333 56590=
48052 32470 22202 10440 20214 82200 333 56900=
48053 32456 61801 10400 20269 40036 84956 333 56599 58014=
48055 32556 42303 10350 20182 49998 85300 333 56600 59008=
48057 32458 42201 10280 20184 84300 333 56500=
48060 32450 52202 10350 20182 40009 70322 82132 333 56599 59015=
48062 32558 32708 10340 20290 40057 82230 333 56690 59003=
48064 32570 23601 10428 20250 40030 81101 333 56409 59004=
48065 32570 42204 10422 20240 82830 333 56990=
48071 32960 03204 10348 20266 40066 333 58003=
48072 32460 12705 10345 20266 81200 333 56900=
48074 32960 03201 10390 20253 40036 333 58000=
48075 32558 51401 10350 20220 40029 85800 333 56500 58009=
48077 32559 40000 10387 20233 40026 83901 333 56909 59003=
48078 32559 31401 10391 20253 40040 82201 333 56509 58002=
48080 32461 32207 10360 20264 40057 83200 333 56900 58000=
48085 32958 02707 10338 20270 40059 333 58003=
48087 32560 42301 10388 20233 83840 333 56990=
48092 32458 32304 10390 20223 40026 83800 333 56900 58006=
48093 32658 32301 10377 20221 83800 333 56500=
48094 32462 23203 10370 20270 40061 70211 82800 333 56900 58010=
48095 32458 60000 10390 20253 83940 333 56990=
48097 32557 73201 10380 20240 40056 87800 333 56900 58006=
48099 32458 42303 10376 20255 40053 84900 333 56500 58011=
48101 32560 41402 10348 20266 84200 333 56600=
48103 32457 31402 10363 20235 40056 83800 333 56300 58006=
48107 32350 52702 10360 20249 40062 85900 333 56700 58004=
48108 32596 53205 10355 20265 40062 82306 333 56809 58002=
48109 NIL=
48110 32596 53205 10345 20261 40067 83306 333 56909 59006=
48112 32597 80403 10300 20253 40081 84876 333 56199 58011=  48053 32456 61801 10400 20269 40036 84956 333 56599 58014=  