10-NOV-2015 00 48008 3 2 5 50 5 00 00 10 157 20 155 3 0000 4 0141 5 0000 6 000 0 7 00 0 0 8 1 4 3 1 333 20 140 59 017 6 000 2 7 0000 
10-NOV-2015 00 48010 3 2 5 40 5 00 00 10 175 20 172 3 0000 4 0139 5 0000 6 000 0 7 00 0 0 8 2 4 3 0 333 20 170 59 015 6 000 2 7 0000 
10-NOV-2015 00 48018 3 1 9 50 0 00 00 10 175 20 170 3 0000 4 0129 5 0000 6 000 0 7 10 4 4 8 0 0 0 0 333 20 155 59 019 6 000 2 7 0000 
10-NOV-2015 00 48019 3 2 9 40 1 00 00 10 170 20 135 3 0000 4 0128 5 0000 6 000 0 7 00 0 0 8 0 0 0 1 333 20 168 59 020 6 000 2 7 0000 
10-NOV-2015 00 48025 3 1 0 05 8 00 00 10 200 20 185 3 0000 4 0135 5 0000 6 000 0 7 47 4 4 8 8 6 / / 333 20 194 59 019 6 000 2 7 0000 
10-NOV-2015 00 48033 3 2 5 59 3 36 01 10 200 20 200 3 0000 4 0121 5 0000 6 000 0 7 00 0 0 8 2 5 0 0 333 20 190 59 001 6 000 2 7 0000 
10-NOV-2015 00 48035 3 1 5 60 8 00 00 10 183 20 180 3 0000 4 0131 5 0000 6 000 0 7 05 0 0 8 5 9 6 / 333 20 176 59 031 6 000 2 7 0000 
10-NOV-2015 00 48037 3 2 4 30 4 32 01 10 218 20 205 3 0000 4 0134 5 0000 6 000 0 7 00 0 0 8 2 8 3 0 333 20 215 59 003 6 000 2 7 0000 
10-NOV-2015 00 48042 3 2 5 56 7 00 00 10 232 20 214 3 0000 4 0115 5 0000 6 000 0 7 00 0 0 8 3 8 5 0 333 20 218 59 017 6 000 2 7 0000 
10-NOV-2015 00 48048 3 2 5 50 3 00 00 10 220 20 205 3 0000 4 0120 5 0000 6 000 0 7 00 0 0 8 3 8 0 0 333 20 213 59 017 6 000 2 7 0000 
10-NOV-2015 00 48053 3 2 4 50 5 36 02 10 210 20 195 3 0000 4 0115 5 0000 6 000 0 7 00 0 0 8 3 5 5 0 333 20 206 59 015 6 000 2 7 0000 
10-NOV-2015 00 48055 3 1 4 10 7 00 00 10 155 20 152 3 0000 4 0147 5 0000 6 000 0 7 44 4 4 8 4 9 3 0 333 20 148 59 020 6 000 2 7 0000 
10-NOV-2015 00 48057 2 1 4 40 6 14 01 10 163 20 163 3 0000 4 0000 5 0000 6 000 0 7 10 2 2 8 2 8 4 6 333 20 158 58 000 6 000 0 7 0000 
10-NOV-2015 00 48060 3 2 4 30 7 00 00 10 192 20 175 3 0000 4 0140 5 0000 6 000 0 7 00 0 0 8 3 1 7 0 333 20 174 59 018 6 000 2 7 0000 
10-NOV-2015 00 48062 3 1 4 40 6 00 00 10 237 20 230 3 0000 4 0108 5 0000 6 000 0 7 10 2 2 8 3 8 3 0 333 20 213 59 011 6 000 0 7 0000 
10-NOV-2015 00 48064 3 2 9 50 1 00 00 10 233 20 198 3 0000 4 0108 5 0000 6 000 0 7 00 0 0 8 0 0 0 1 333 20 194 59 003 6 000 2 7 0000 
10-NOV-2015 00 48071 3 2 4 56 4 00 00 10 268 20 256 3 0000 4 0101 5 0000 6 000 0 7 00 0 0 8 3 8 3 0 333 20 255 59 012 6 000 0 7 0000 
10-NOV-2015 00 48074 3 2 4 57 4 36 02 10 240 20 209 3 0000 4 0113 5 0000 6 000 0 7 00 0 0 8 2 5 4 0 333 20 230 59 028 6 000 2 7 0000 
10-NOV-2015 00 48075 3 2 4 56 7 00 00 10 200 20 185 3 0000 4 0142 5 0000 6 000 0 7 00 0 0 8 5 7 7 0 333 20 195 59 005 6 000 0 7 0000 
10-NOV-2015 00 48077 3 2 5 56 2 00 00 10 250 20 219 3 0000 4 0107 5 0000 6 000 0 7 00 0 0 8 1 1 0 1 333 20 224 59 007 6 000 0 7 0000 
10-NOV-2015 00 48080 3 2 4 56 4 00 00 10 235 20 228 3 0000 4 0108 5 0000 6 000 0 7 00 0 0 8 2 8 3 0 333 20 226 59 002 6 000 0 7 0000 
10-NOV-2015 00 48085 3 2 9 56 3 14 01 10 234 20 230 3 0000 4 0101 5 0000 6 000 0 7 00 0 0 8 0 0 7 6 333 20 230 59 017 6 000 0 7 0000 
10-NOV-2015 00 48092 2 2 4 50 2 00 00 10 250 20 233 3 0000 4 0085 5 0000 6 000 0 7 00 0 0 8 2 4 0 0 333 20 240 59 016 6 000 0 7 0000 
10-NOV-2015 00 48093 2 2 9 50 1 04 01 10 249 20 233 3 0000 4 0000 5 0000 6 000 0 7 00 0 0 8 0 0 0 1 333 20 244 58 000 6 000 0 7 0000 
10-NOV-2015 00 48094 3 2 4 56 5 00 00 10 262 20 250 3 0000 4 0100 5 0000 6 000 0 7 00 0 0 8 3 8 7 0 333 20 194 59 027 6 000 0 7 0000 
10-NOV-2015 00 48096 2 1 4 50 7 24 02 10 250 20 233 3 0000 4 0104 5 0000 6 000 0 7 10 2 2 8 5 8 3 0 333 20 246 59 017 6 000 0 7 0000 
10-NOV-2015 00 48097 2 2 5 57 7 05 02 10 250 20 250 3 0000 4 0115 5 0000 6 000 0 7 00 0 0 8 5 5 5 1 333 20 230 59 004 6 000 0 7 0000 
10-NOV-2015 00 48099 3 1 3 30 6 00 00 10 260 20 246 3 0000 4 0094 5 0000 6 000 0 7 40 4 4 8 4 8 7 0 333 20 250 59 030 6 000 0 7 0000 
10-NOV-2015 00 48103 2 1 4 56 8 13 01 10 257 20 246 3 0000 4 0103 5 0000 6 000 0 7 03 9 5 8 5 8 3 / 333 20 250 59 013 6 000 0 7 0000 
10-NOV-2015 00 48107 2 1 3 30 7 00 00 10 250 20 250 3 0000 4 0106 5 0000 6 000 0 7 01 9 5 8 4 9 7 0 333 20 243 59 009 6 000 0 7 0000 
10-NOV-2015 00 48108 2 1 4 94 8 00 00 10 248 20 233 3 0000 4 0107 5 0000 6 000 0 7 10 2 2 8 4 3 7 7 333 20 230 59 013 6 000 0 7 0000 
10-NOV-2015 00 48109 3 2 4 96 5 00 00 10 256 20 246 3 0000 4 0113 5 0000 6 000 0 7 00 0 0 8 5 9 0 0 333 20 202 58 002 6 000 0 7 0000 
10-NOV-2015 00 48110 2 1 5 92 4 18 01 10 240 20 240 3 0000 4 0110 5 0000 6 000 0 7 42 4 4 8 2 5 0 6 333 20 240 59 002 6 000 0 7 0000 
10-NOV-2015 00 48112 2 2 5 97 6 04 08 10 251 20 233 3 0000 4 0101 5 0000 6 000 0 7 00 0 0 8 2 2 4 6 333 20 195 59 010 6 000 0 7 0000 
