10-NOV-2015 12 48001 3 2 4 20 1 00 00 10 215 20 215 3 0000 4 0114 5 0000 6 000 0 7 00 0 0 8 1 4 0 0 333 10 260 59 028 6 000 2 7 0000 
10-NOV-2015 12 48008 3 2 4 56 7 00 00 10 240 20 191 3 0000 4 0109 5 0000 6 000 0 7 00 0 0 8 4 9 7 0 333 10 286 59 014 6 000 2 7 0000 
10-NOV-2015 12 48010 3 2 5 30 4 00 00 10 250 20 219 3 0000 4 0102 5 0000 6 000 0 7 00 0 0 8 2 4 0 1 333 10 290 59 019 6 000 2 7 0000 
10-NOV-2015 12 48018 3 2 5 50 5 00 00 10 256 20 203 3 0000 4 0106 5 0000 6 000 0 7 03 2 2 8 2 8 7 1 333 10 317 59 014 6 000 2 7 0000 
10-NOV-2015 12 48019 3 2 5 40 4 04 01 10 252 20 186 3 0000 4 0096 5 0000 6 000 0 7 00 0 0 8 0 0 3 1 333 10 312 59 020 6 000 2 7 0000 
10-NOV-2015 12 48025 3 2 4 56 6 00 00 10 262 20 215 3 0000 4 0105 5 0000 6 000 0 7 00 0 0 8 3 8 4 0 333 10 288 59 020 6 000 2 7 0000 
10-NOV-2015 12 48033 3 2 5 59 5 36 01 10 270 20 240 3 0000 4 0094 5 0000 6 000 0 7 01 2 2 8 4 9 3 0 333 10 320 59 017 6 000 2 7 0000 
10-NOV-2015 12 48035 3 1 5 10 6 00 00 10 232 20 198 3 0000 4 0087 5 0000 6 000 0 7 05 2 2 8 4 9 6 0 333 10 264 59 011 6 000 2 7 0000 
10-NOV-2015 12 48037 3 2 4 30 6 32 01 10 275 20 211 3 0000 4 0083 5 0000 6 000 0 7 01 1 1 8 3 8 7 0 333 10 305 58 014 6 000 2 7 0000 
10-NOV-2015 12 48042 3 2 5 56 8 00 00 10 280 20 233 3 0000 4 0087 5 0000 6 000 0 7 00 0 0 8 4 9 7 / 333 10 297 59 011 6 000 2 7 0000 
10-NOV-2015 12 48048 3 2 5 50 4 00 00 10 265 20 229 3 0000 4 0093 5 0000 6 000 0 7 00 0 0 8 4 8 0 0 333 10 295 59 010 6 000 2 7 0000 
10-NOV-2015 12 48053 3 2 5 50 5 23 01 10 270 20 211 3 0000 4 0107 5 0000 6 000 0 7 00 0 0 8 3 5 1 0 333 10 305 58 002 6 000 2 7 0000 
10-NOV-2015 12 48055 2 2 4 56 7 00 00 10 208 20 203 3 0000 4 0124 5 0000 6 000 0 7 02 9 6 8 4 9 3 9 333 10 280 58 023 6 034 2 7 0000 
10-NOV-2015 12 48060 2 1 3 10 8 00 00 10 212 20 195 3 0000 4 0124 5 0000 6 000 0 7 95 9 6 8 5 9 7 / 333 10 297 58 005 6 022 2 7 0000 
10-NOV-2015 12 48062 3 2 4 50 8 27 01 10 290 20 270 3 0000 4 0089 5 0000 6 000 0 7 00 0 0 8 6 9 7 0 333 10 328 59 011 6 000 2 7 0000 
10-NOV-2015 12 48064 3 2 5 50 5 00 00 10 274 20 226 3 0000 4 0091 5 0000 6 000 0 7 01 2 2 8 2 8 3 1 333 10 316 58 004 6 000 2 7 0000 
10-NOV-2015 12 48071 3 2 4 50 7 32 01 10 292 20 248 3 0000 4 0087 5 0000 6 000 0 7 00 0 0 8 4 8 7 0 333 10 318 59 015 6 000 2 7 0000 
10-NOV-2015 12 48074 3 2 5 57 2 00 00 10 290 20 248 3 0000 4 0090 5 0000 6 000 0 7 00 0 0 8 1 5 4 0 333 10 329 59 007 6 000 2 7 0000 
10-NOV-2015 12 48075 3 1 4 56 6 00 00 10 250 20 205 3 0000 4 0117 5 0000 6 000 0 7 01 9 9 8 4 8 4 0 333 10 290 58 007 6 000 2 7 0000 
10-NOV-2015 12 48077 3 2 5 56 3 00 00 10 300 20 223 3 0000 4 0085 5 0000 6 000 0 7 00 0 0 8 2 8 0 1 333 10 312 59 007 6 000 2 7 0000 
10-NOV-2015 12 48078 3 2 5 57 5 14 03 10 288 20 239 3 0000 4 0103 5 0000 6 000 0 7 00 0 0 8 2 3 3 1 333 10 335 58 002 6 000 2 7 0000 
10-NOV-2015 12 48080 3 2 4 56 4 00 00 10 312 20 255 3 0000 4 0086 5 0000 6 000 0 7 00 0 0 8 2 8 3 0 333 10 345 59 010 6 000 2 7 0000 
10-NOV-2015 12 48092 2 2 4 56 8 00 00 10 250 20 233 3 0000 4 0073 5 0000 6 000 0 7 00 0 0 8 5 9 7 / 333 10 325 59 007 6 000 0 7 0000 
10-NOV-2015 12 48094 3 2 4 56 7 00 00 10 310 20 250 3 0000 4 0095 5 0000 6 000 0 7 03 2 2 8 5 9 4 0 333 10 340 58 001 6 000 2 7 0000 
10-NOV-2015 12 48097 2 1 5 56 4 13 02 10 250 20 233 3 0000 4 0110 5 0000 6 000 0 7 02 6 5 8 4 5 0 0 333 10 310 59 006 6 005 2 7 0000 
10-NOV-2015 12 48099 2 2 2 20 8 36 02 10 256 20 246 3 0000 4 0091 5 0000 6 000 0 7 00 0 0 8 6 9 3 / 333 10 334 58 001 6 008 2 7 0000 
10-NOV-2015 12 48103 3 2 3 40 7 04 03 10 270 20 240 3 0000 4 0093 5 0000 6 000 0 7 03 2 2 8 7 7 0 0 333 10 333 59 004 6 000 2 7 0000 
10-NOV-2015 12 48107 2 1 3 30 6 09 01 10 280 20 250 3 0000 4 0092 5 0000 6 000 0 7 00 0 0 8 4 9 7 0 333 10 300 59 016 6 990 2 7 0000 
10-NOV-2015 12 48108 2 2 4 95 6 32 01 10 295 20 256 3 0000 4 0083 5 0000 6 000 0 7 00 0 0 8 3 3 0 6 333 10 332 59 015 6 990 2 7 0000 
10-NOV-2015 12 48109 3 2 4 96 7 00 00 10 287 20 259 3 0000 4 0098 5 0000 6 000 0 7 02 2 2 8 5 9 7 0 333 10 325 59 001 6 000 2 7 0000 
10-NOV-2015 12 48110 2 1 5 95 8 18 02 10 280 20 268 3 0000 4 0090 5 0000 6 000 0 7 02 5 5 8 2 3 0 7 333 10 310 59 010 6 002 2 7 0000 
10-NOV-2015 12 48112 2 1 5 97 8 04 05 10 270 20 240 3 0000 4 0083 5 0000 6 000 0 7 01 5 2 8 4 8 7 6 333 10 296 59 015 6 002 2 7 0000 
