



*-*-*


<!--
.style2 {
	font-family:"Courier New", Courier, monospace;
	font-size: 14px;
}
-->






SIBM20 VBRR 100300

AAXX 10034

48001 31110 80000 10142 20124 40169 74344 886// 333

56599 59027=

48004 NIL=

48008 32556 43601 10200 20185 40161 82430 333 56810

59018=

48010 32558 60000 10210 20175 40157 84801 333 56505

59020=

48018 32560 51401 10205 20185 40159 70344 82465 333

56566 59015=

48019 32556 20402 10223 20185 40148 80005 333 56005

59021=

48020 32358 23601 10215 20175 82200 333 56500=

48025 NIL=

48035 31558 70000 10213 20175 40138 70522 85960 333

56290 59024=

48037 32450 73201 10234 20198 40141 83830 333 56550

59004=

48042 32557 73201 10265 20221 40127 82850 333 56940

59023=

48045 32556 62302 10176 20165 83870 333 56560=

48048 32560 60401 10260 20203 40140 85950 333 56890

59019=

48051 32559 73102 10247 20220 85930 333 56790=

48053 32450 73603 10250 20205 40132 83556 333 56699

59021=

48060 32440 50000 10217 20185 40162 82130 333 56440

59007=

48062 32456 80402 10265 20240 40126 86970 333 56990

59011=

48071 32458 53201 10293 20248 40126 83830 333 56990

59016=

48075 32457 60000 10230 20214 40143 84840 333 56590

59021=

48077 32559 20000 10284 20220 40130 81101 333 56909

59007=

48078 32556 23202 10272 20226 40134 81501 333 56909

59013=

48080 32459 63201 10272 20240 40121 84830 333 56490

59012=

48085 32958 13201 10290 20259 40126 80070 333 56090

59006=

48095 32458 50402 10280 20220 83640 333 56990=

48108 22596 63202 10275 20253 40128 83306 333 56609

59006=

48109 32497 50000 10290 20259 40128 85900 333 56900

59003=

48110 21596 71301 10290 20259 40122 70544 82336 333

56999 59008=

48112 21496 80405 10250 20250 40116 72152 8677/ 333

5619/ 59009=

48030 31256 62201 10097 20079 70344 84802 333 56509=

48072 32460 61302 10310 20267 84830 333 56690=

48087 32960 20403 10280 20230 80041 333 56099=

48099 31440 60402 10295 20266 40125 74044 84830 333

56190 59006=

48101 22557 80000 10273 20256 8577/ 333 5699/=

48103 22457 50401 10297 20253 40133 83830 333 56110

59001=

48057 22457 31402 10238 20174 82540 333 56990=

48094 32459 40402 10308 20250 40129 82540 333 56990

59010=

48097 22557 70501 10280 20268 40146 86851 333 56999

59004=

48031 22260 41801 10190 20139 84800 333 56400=

48033 32562 63601 10230 20198 40142 85930 333 56440

58012=

48034 32456 60000 10188 20159 85330 333 56550=

48039 31450 73201 10255 20215 74044 83850 333 56550=

48043 NIL=

48052 32458 53601 10270 20226 85900 333 56900=

48055 32456 30402 10220 20185 40140 70144 81130 333

56550 59018=

48064 32556 32301 10260 20215 40136 81131 333 56599

59013=

48065 32958 13203 10271 20211 80030 333 56090=

48074 NIL=

48092 22456 60000 10280 20250 40118 82830 333 56990

59001=

48093 22957 10401 10290 20259 80001 333 56009=

48107 21330 81301 10242 20242 40121 76196 8597/ 333

5622/ 58004=

48096 22458 50302 10270 20240 40134 83830 333 59011=  
SIBM20 VBRR 100300 RRA

AAXX 10034

48025 31105 80000 10208 20195 40157 74744 886// 333

56999 59018=

48043 32658 20000 10220 20205 81230 333 56390=

48074 32459 63203 10260 20215 40142 82560 333 56990

59020=  
SIBM20 VBRR 100300 RRA

AAXX 10034

48025 31105 80000 10208 20195 40157 74744 886// 333

56999 59018=

48043 32658 20000 10220 20205 81230 333 56390=

48074 32459 63203 10260 20215 40142 82560 333 56990

59020=  





