



*-*-*


<!--
.style2 {
	font-family:"Courier New", Courier, monospace;
	font-size: 14px;
}
-->






SMBM01 VBRR 101200

AAXX 10124

48001 NIL=

48004 NIL=

48008 NIL=

48010 NIL=

48018 NIL=

48019 NIL=

48020 NIL=

48025 NIL=

48035 NIL=

48037 NIL=

48042 NIL=

48045 NIL=

48048 NIL=

48051 32559 61302 10280 20270 70122 84920 333 10307

56690=

48053 NIL=

48060 NIL=

48062 22350 81801 10270 20260 40064 70222 86970 333

10295 56990 58023 60062=

48071 32456 60000 10262 20260 40070 85970 333 10273

56990 58020 60002=

48075 22456 60000 10240 20226 40060 70195 83841 333

10295 56599 59003 69902=

48077 32556 70000 10284 20250 40056 85931 333 10320

56499 58010 60002=

48078 21440 61401 10247 20237 40086 75096 84371 333

10290 56499 58014 60212=

48080 22456 60000 10255 20246 40074 84870 333 10265

56590 58007 60332=

48085 22450 82201 10262 20260 40075 86970 333 10265

56990 58005 60402=

48095 32450 80000 10280 20268 8697/ 333 10297 5699/

60002=

48108 21494 82301 10260 20246 40119 70355 84377 333

10310 56999 58023 60162=

48109 21396 82701 10260 20246 40098 75066 8697/ 333

10295 5699/ 58009 60022=

48110 21495 80000 10270 20256 40113 70255 84307 333

10320 56909 58018 60012=

48112 22597 82202 10265 20246 40092 70222 83876 333

10300 56599 59005 60032=

48030 NIL=

48072 21456 86000 10260 20260 70155 85870 333 10280

56590 60092=

48087 22450 70000 10260 20246 70322 8597/ 333 10278

5649/ 60012=

48099 21440 80902 10250 20250 40091 75065 8697/ 333

10265 5639/ 58001 60182=

48101 21450 80000 10263 20246 70255 8597/ 333 10281

5659/ 60072=

48103 21320 81402 10253 20233 40096 70255 8577/ 333

10265 5639/ 58007 60602=

48057 NIL=

48094 32456 70000 10275 20250 40081 85970 333 10295

56690 59001=

48097 22557 71302 10250 20242 40093 70222 85531 333

10302 56999 59005 60042=

48031 NIL=

48033 NIL=

48034 NIL=

48039 NIL=

48043 NIL=

48052 NIL=

48055 NIL=

48064 NIL=

48065 NIL=

48074 NIL=

48092 21450 80000 10240 20240 40069 70266 8597/ 333

10295 5699/ 58006 60321=

48093 21430 82301 10252 20250 75155 8697/ 333 10288

56999 60102=

48107 21330 80000 10264 20264 40103 70166 8597/ 333

10310 5655/ 58008 60032=

48096 22456 81504 10250 20233 40090 70222 8597/ 333

10295 5699/ 58002=  
SMBM01 VBRR 101200 RRA

AAXX 10124

48004 21230 62201 10249 20233 70365 86900 333 10300

56500 60012=

48008 32456 60000 10268 20226 40067 83970 333 10314

56450 58044 60002=

48010 22540 40000 10270 20263 40054 82530 333 10295

56550 58029 60002=

48018 22558 60000 10265 20229 40077 83862 333 10280

56566 58068 69902=

48019 32440 50000 10258 20246 40065 80065 333 10284

56056 58005 60002=

48020 32440 40000 10280 20229 82401 333 10315 56509

60002=

48025 32458 62201 10288 20259 40059 82841 333 10305

56559 58042 60002=

48035 22556 80000 10229 20198 40071 8597/ 333 10242

56129 58060 60032=

48037 32458 70000 10298 20253 40055 82121 333 10320

56559 58040 60002=

48042 32556 30000 10298 20253 40053 83900 333 10322

56900 58027 60002=

48045 31310 62202 10202 20168 84870 333 10252 56560

60002=

48048 32550 42701 10297 20239 40052 84800 333 10327

56400 58040 60002=

48053 32450 50000 10300 20253 40057 83956 333 10320

56569 58024 60002=

48060 21310 82702 10230 20214 40068 75055 8677/ 333

10308 5659/ 58039 60022=

48030 32256 70401 10188 20175 85940 333 10229 56180

60002=

48057 21456 81402 10214 20195 70355 8697/ 333 10260

5659/ 69902=

48031 32256 81401 10190 20175 858// 333 10235 56499

60002=

48033 32562 40000 10290 20259 40068 82901 333 10310

56909 58048 60002=

48034 21456 70902 10213 20193 70355 87300 333 10245

56500 69902=

48039 32460 20000 10290 20256 82802 333 10327 56404

60002=

48043 32520 20000 10215 20215 82200 333 10340 56500

60002=

48052 32450 60000 10314 20262 85920 333 10330 56990

60002=

48055 31356 70403 10253 20219 40046 71799 86940 333

10325 56390 58016 60002=

48064 32950 30000 10275 20250 40044 80001 333 10320

56009 58019 60002=

48065 32450 40000 10290 20259 82570 333 10330 56990

60002=

48074 32457 70000 10270 20256 40074 85970 333 10327

56990 58019 60002=  





