100300 48051 32559 73102 10267 20240 85930 333 56890=
100300 48057 22458 71502 10210 20175 86330 333 56690=
100300 48062 22457 70000 10270 20260 40085 85970 333 56990 58030=
100300 48071 21458 71302 10260 20258 40096 72996 85970 333 56990 58021=
100300 48072 21458 81301 10260 20246 70355 86970 333 56990=
100300 48075 22457 50000 10250 20219 40103 84830 333 56590 59013=
100300 48077 22458 82303 10270 20256 40064 85970 333 56490 58014=
100300 48078 21456 81803 10266 20251 40113 75055 8572/ 333 56299 58008=
100300 48085 21320 81401 10246 20245 40111 76396 86720 333 56990 58015=
100300 48087 22450 82302 10262 20262 75355 8497/ 333 5649/=
100300 48092 22458 72303 10280 20268 40094 84371 333 56599 58001=
100300 48093 22556 82301 10272 20256 8697/ 333 56999=
100300 48094 22457 80000 10260 20255 40111 8597/ 333 5649/ 58013=
100300 48095 21458 82202 10270 20270 75053 84970 333 56990=
100300 48097 21457 82402 10275 20262 40116 70265 8533/ 333 5659/ 59004=
100300 48099 21330 81301 10248 20248 40117 76366 8692/ 333 5699/ 58008=
100300 48101 22557 81802 10280 20268 8497/ 333 5699/=
100300 48103 21340 83204 10255 20246 40121 75165 8477/ 333 5659/ 58012=
100300 48107 22350 80000 10278 20250 40116 84970 333 56550 58006=
100300 48108 21495 83201 10265 20251 40133 75055 85377 333 56799 58011=
100300 48109 22496 83203 10270 20256 40120 8697/ 333 5699/ 58008=
100300 48110 22496 81803 10290 20259 40134 84357 333 56999 58007=
100300 48112 21496 82203 10255 20255 40153 70152 8477/ 333 5659/ 58022=
