100900 48001 32556 30901 10314 20253 40061 82230 333 56740 58026=
100900 48004 21110 81301 10258 20258 79596 8697/ 333 56559=
100900 48008 32457 60000 10337 20275 40052 83970 333 56450 58012=
100900 48010 22440 80000 10270 20256 40082 8597/ 333 56599 58033=
100900 48018 32558 60401 10330 20258 40065 83870 333 56330 58019=
100900 48019 32458 72301 10320 20265 40056 84960 333 56450 58014=
100900 48020 22358 60403 10305 20260 84830 333 56590=
100900 48025 22458 53601 10298 20253 40080 84841 333 56569 58024=
100900 48035 21360 80000 10252 20246 40070 70396 8597/ 333 56439 58035=
100900 48037 22560 53201 10290 20259 40062 83830 333 56440 58032=
100900 48042 32558 61801 10325 20270 40059 84902 333 56809 58038=
100900 48045 31130 60404 10250 20219 71794 86300 333 56100=
100900 48048 21558 81801 10277 20268 40081 72996 8697/ 333 56499 58040=
100900 48051 31458 71306 10298 20250 71799 86970 333 56490=
100900 48053 31456 83603 10300 20253 40071 71799 8597/ 333 56499 58034=
100900 48060 22340 80000 10290 20230 40063 84830 333 56440 58012=
100900 48062 32458 51806 10330 20290 40057 84930 333 56990 58015=
100900 48071 32458 62304 10315 20254 40055 84970 333 56490 58020=
100900 48075 21456 50901 10280 20233 40066 72162 83331 333 56599 58025=
100900 48077 32559 72302 10320 20265 40049 85931 333 56499 58015=
100900 48078 21558 61801 10317 20274 40062 72095 84933 333 56499 59002=
100900 48080 31459 81301 10321 20265 40056 75022 85870 333 56390 58012=
100900 48085 21458 51403 10302 20266 40053 70395 83906 333 56209 58008=
100900 48095 32558 62203 10310 20282 82940 333 56590=
100900 48108 32595 82303 10285 20240 40092 84377 333 56599 59005=
100900 48110 21494 82301 10265 20251 40096 75165 86377 333 56599 58008=
100900 48112 21496 82202 10255 20255 40104 75055 8677/ 333 5659/ 58012=
100900 48030 21256 80401 10213 20195 70255 8694/ 333 56189=
100900 48072 32460 81804 10315 20265 70122 83830 333 56590=
100900 48087 22458 72301 10316 20265 70355 84371 333 56499=
100900 48099 32456 51302 10310 20267 40060 85900 333 56400 58006=
100900 48101 32559 71402 10300 20253 84331 333 56399=
100900 48103 32456 72201 10292 20248 40070 85770 333 56550 58013=
100900 48057 21458 71403 10220 20205 70155 85950 333 56990=
100900 48094 21458 82202 10270 20270 40063 76066 8597/ 333 56399 58010=
100900 48097 32557 72303 10310 20282 40083 85801 333 56909 58018=
100900 48031 21/05 91801 10215 20195 74744 89/// 333 56999=
100900 48033 22563 60000 10310 20267 40078 85930 333 56490 58045=
100900 48034 22456 60402 10260 20222 86300 333 56500=
100900 48039 32460 70000 10310 20254 84860 333 56550=
100900 48043 32557 72303 10260 20229 8487/ 333 56599=
100900 48052 22468 50000 10348 20266 85900 333 56900=
100900 48055 21356 63202 10235 20212 40082 70296 84931 333 56499 58052=
100900 48064 32560 43601 10348 20266 40050 82831 333 56339 58021=
100900 48065 32558 63201 10360 20249 83870 333 56590=
100900 48074 32460 70404 10330 20275 40072 85362 333 56449 58021=
100900 48092 32458 71304 10305 20260 40044 84736 333 56399 58006=
100900 48093 32557 62301 10311 20254 70322 85840 333 56390=
100900 48107 32350 62302 10286 20248 40075 84970 333 56550 58004=
100900 48096 32458 71708 10310 20254 40065 85940 333 56990 59005=  
