10-SEP-2015 06 48001 3 2 4 40 8 27 01 10 285 20 250 3 0000 4 0100 5 0000 6 000 0 7 00 0 0 8 4 8 3 0 333 10 /// 58 028 6 000 0 7 0000 
10-SEP-2015 06 48004 3 2 5 60 4 13 01 10 320 20 265 3 0000 4 0000 5 0000 6 000 0 7 00 0 0 8 4 9 0 0 333 10 /// 58 000 6 000 0 7 0000 
10-SEP-2015 06 48008 3 2 4 57 6 36 01 10 318 20 265 3 0000 4 0088 5 0000 6 000 0 7 00 0 0 8 3 9 7 0 333 10 /// 58 022 6 000 0 7 0000 
10-SEP-2015 06 48010 2 1 4 40 7 00 00 10 265 20 265 3 0000 4 0103 5 0000 6 000 0 7 50 9 5 8 4 9 7 0 333 10 /// 58 032 6 000 0 7 0000 
10-SEP-2015 06 48018 3 2 5 60 4 14 01 10 320 20 265 3 0000 4 0094 5 0000 6 000 0 7 00 0 0 8 2 8 3 0 333 10 /// 59 034 6 000 0 7 0000 
10-SEP-2015 06 48019 3 2 5 60 4 23 02 10 327 20 248 3 0000 4 0084 5 0000 6 000 0 7 00 0 0 8 2 2 5 0 333 10 /// 58 017 6 000 0 7 0000 
10-SEP-2015 06 48020 2 1 2 56 7 00 00 10 290 20 259 3 0000 4 0000 5 0000 6 000 0 7 02 6 5 8 7 7 0 0 333 10 /// 58 000 6 000 0 7 0000 
10-SEP-2015 06 48025 2 1 1 40 8 04 01 10 267 20 256 3 0000 4 0112 5 0000 6 000 0 7 02 5 5 8 5 7 7 / 333 10 /// 58 049 6 000 0 7 0000 
10-SEP-2015 06 48030 2 1 / 09 9 04 01 10 188 20 188 3 0000 4 0000 5 0000 6 000 0 7 50 5 5 8 9 / / / 333 10 /// 58 000 6 000 0 7 0000 
10-SEP-2015 06 48031 2 1 / 05 9 18 01 10 210 20 195 3 0000 4 0000 5 0000 6 000 0 7 47 6 4 8 9 / / / 333 10 /// 58 000 6 000 0 7 0000 
10-SEP-2015 06 48033 2 2 5 62 6 09 01 10 280 20 250 3 0000 4 0101 5 0000 6 000 0 7 01 5 5 8 5 9 3 0 333 10 /// 58 011 6 000 0 7 0000 
10-SEP-2015 06 48034 2 1 3 56 7 04 01 10 230 20 214 3 0000 4 0000 5 0000 6 000 0 7 20 6 5 8 7 3 0 0 333 10 /// 58 000 6 000 0 7 0000 
10-SEP-2015 06 48035 3 2 5 60 6 14 01 10 274 20 226 3 0000 4 0086 5 0000 6 000 0 7 00 0 0 8 4 9 6 0 333 10 /// 58 015 6 000 0 7 0000 
10-SEP-2015 06 48037 2 1 4 60 7 00 00 10 262 20 262 3 0000 4 0093 5 0000 6 000 0 7 61 9 6 8 5 3 7 0 333 10 /// 58 027 6 000 0 7 0000 
10-SEP-2015 06 48039 3 2 4 60 7 04 01 10 286 20 256 3 0000 4 0000 5 0000 6 000 0 7 00 0 0 8 4 8 6 0 333 10 /// 58 000 6 000 0 7 0000 
10-SEP-2015 06 48042 3 2 5 57 7 13 01 10 300 20 253 3 0000 4 0095 5 0000 6 000 0 7 00 0 0 8 4 9 5 2 333 10 /// 58 038 6 000 0 7 0000 
10-SEP-2015 06 48043 2 2 5 56 8 05 01 10 225 20 225 3 0000 4 0000 5 0000 6 000 0 7 00 0 0 8 5 8 7 / 333 10 /// 58 000 6 000 0 7 0000 
10-SEP-2015 06 48045 3 1 4 20 7 14 09 10 256 20 179 3 0000 4 0000 5 0000 6 000 0 7 40 4 4 8 5 8 7 0 333 10 /// 58 000 6 000 0 7 0000 
10-SEP-2015 06 48048 3 2 5 58 7 18 01 10 310 20 267 3 0000 4 0098 5 0000 6 000 0 7 00 0 0 8 5 9 5 0 333 10 /// 58 034 6 000 0 7 0000 
10-SEP-2015 06 48051 3 2 5 60 4 04 02 10 326 20 260 3 0000 4 0000 5 0000 6 000 0 7 00 0 0 8 1 2 3 1 333 10 /// 58 000 6 000 0 7 0000 
10-SEP-2015 06 48052 3 2 4 68 5 00 00 10 322 20 265 3 0000 4 0000 5 0000 6 000 0 7 00 0 0 8 5 9 0 0 333 10 /// 58 000 6 000 0 7 0000 
10-SEP-2015 06 48053 3 2 4 56 7 04 01 10 310 20 254 3 0000 4 0096 5 0000 6 000 0 7 00 0 0 8 4 9 5 6 333 10 /// 58 026 6 000 0 7 0000 
10-SEP-2015 06 48055 2 2 3 56 6 09 05 10 272 20 240 3 0000 4 0086 5 0000 6 000 0 7 02 9 6 8 4 3 0 1 333 10 /// 58 036 6 000 0 7 0000 
10-SEP-2015 06 48057 2 1 4 58 8 14 05 10 217 20 205 3 0000 4 0000 5 0000 6 000 0 7 50 5 5 8 6 9 7 / 333 10 /// 58 000 6 000 0 7 0000 
10-SEP-2015 06 48060 2 1 3 40 4 00 00 10 272 20 226 3 0000 4 0114 5 0000 6 000 0 7 00 0 0 8 2 1 3 0 333 10 /// 58 038 6 000 0 7 0000 
10-SEP-2015 06 48062 3 2 4 58 5 13 05 10 300 20 290 3 0000 4 0080 5 0000 6 000 0 7 00 0 0 8 3 9 3 0 333 10 /// 58 018 6 000 0 7 0000 
10-SEP-2015 06 48064 3 2 5 60 5 36 01 10 337 20 270 3 0000 4 0074 5 0000 6 000 0 7 00 0 0 8 3 8 3 1 333 10 /// 58 023 6 000 0 7 0000 
10-SEP-2015 06 48065 3 2 5 57 5 22 01 10 342 20 257 3 0000 4 0000 5 0000 6 000 0 7 00 0 0 8 2 8 7 1 333 10 /// 58 000 6 000 0 7 0000 
10-SEP-2015 06 48071 3 2 4 59 7 18 03 10 285 20 265 3 0000 4 0083 5 0000 6 000 0 7 00 0 0 8 4 9 7 0 333 10 /// 58 018 6 000 0 7 0000 
10-SEP-2015 06 48072 3 2 4 60 7 18 02 10 310 20 267 3 0000 4 0000 5 0000 6 000 0 7 00 0 0 8 5 8 3 0 333 10 /// 58 000 6 000 0 7 0000 
10-SEP-2015 06 48074 3 2 4 60 7 14 03 10 310 20 267 3 0000 4 0105 5 0000 6 000 0 7 00 0 0 8 3 8 6 2 333 10 /// 58 036 6 000 0 7 0000 
10-SEP-2015 06 48075 3 2 4 57 6 22 01 10 290 20 230 3 0000 4 0094 5 0000 6 000 0 7 00 0 0 8 5 8 0 1 333 10 /// 59 005 6 000 0 7 0000 
10-SEP-2015 06 48077 3 2 5 59 7 23 02 10 290 20 254 3 0000 4 0084 5 0000 6 000 0 7 00 0 0 8 5 9 3 1 333 10 /// 58 021 6 000 0 7 0000 
10-SEP-2015 06 48078 3 2 5 58 4 18 01 10 325 20 270 3 0000 4 0095 5 0000 6 000 0 7 00 0 0 8 3 8 0 1 333 10 /// 58 021 6 000 0 7 0000 
10-SEP-2015 06 48080 3 2 4 60 7 22 02 10 314 20 267 3 0000 4 0082 5 0000 6 000 0 7 00 0 0 8 5 9 7 0 333 10 /// 58 026 6 000 0 7 0000 
10-SEP-2015 06 48085 3 2 4 58 4 14 05 10 310 20 254 3 0000 4 0082 5 0000 6 000 0 7 00 0 0 8 3 9 0 6 333 10 /// 58 017 6 000 0 7 0000 
10-SEP-2015 06 48087 3 2 5 58 6 23 02 10 318 20 265 3 0000 4 0000 5 0000 6 000 0 7 00 0 0 8 3 3 7 1 333 10 /// 58 000 6 000 0 7 0000 
10-SEP-2015 06 48092 3 2 4 58 7 13 04 10 300 20 260 3 0000 4 0079 5 0000 6 000 0 7 00 0 0 8 4 7 3 6 333 10 /// 58 025 6 000 0 7 0000 
10-SEP-2015 06 48093 3 2 5 58 5 23 01 10 312 20 267 3 0000 4 0000 5 0000 6 000 0 7 00 0 0 8 4 8 4 0 333 10 /// 58 000 6 000 0 7 0000 
10-SEP-2015 06 48094 2 1 4 58 7 22 01 10 275 20 260 3 0000 4 0092 5 0000 6 000 0 7 60 6 5 8 5 9 7 / 333 10 /// 58 024 6 000 0 7 0000 
10-SEP-2015 06 48095 3 2 4 58 5 04 02 10 300 20 266 3 0000 4 0000 5 0000 6 000 0 7 00 0 0 8 3 8 4 0 333 10 /// 58 000 6 000 0 7 0000 
10-SEP-2015 06 48096 3 2 4 58 7 14 10 10 310 20 254 3 0000 4 0101 5 0000 6 000 0 7 00 0 0 8 5 9 4 0 333 10 /// 58 020 6 000 0 7 0000 
10-SEP-2015 06 48097 3 2 5 57 7 24 04 10 300 20 282 3 0000 4 0105 5 0000 6 000 0 7 00 0 0 8 4 3 1 1 333 10 /// 58 020 6 000 0 7 0000 
10-SEP-2015 06 48099 3 2 4 50 8 23 01 10 300 20 266 3 0000 4 0097 5 0000 6 000 0 7 00 0 0 8 6 9 3 / 333 10 /// 58 018 6 000 0 7 0000 
10-SEP-2015 06 48101 3 2 5 59 7 14 02 10 292 20 259 3 0000 4 0000 5 0000 6 000 0 7 00 0 0 8 4 3 7 0 333 10 /// 58 000 6 000 0 7 0000 
10-SEP-2015 06 48103 3 2 4 56 7 22 01 10 307 20 254 3 0000 4 0100 5 0000 6 000 0 7 00 0 0 8 7 7 0 0 333 10 /// 58 021 6 000 0 7 0000 
10-SEP-2015 06 48107 3 2 3 50 4 18 01 10 300 20 253 3 0000 4 0101 5 0000 6 000 0 7 00 0 0 8 4 9 0 0 333 10 /// 58 011 6 000 0 7 0000 
10-SEP-2015 06 48108 3 2 5 96 7 23 05 10 295 20 244 3 0000 4 0112 5 0000 6 000 0 7 00 0 0 8 4 3 6 6 333 10 /// 58 015 6 000 0 7 0000 
10-SEP-2015 06 48109 3 2 4 97 7 23 02 10 272 20 256 3 0000 4 0099 5 0000 6 000 0 7 00 0 0 8 5 9 7 0 333 10 /// 58 014 6 000 0 7 0000 
10-SEP-2015 06 48110 2 1 4 94 8 18 01 10 265 20 242 3 0000 4 0117 5 0000 6 000 0 7 51 6 5 8 6 3 7 7 333 10 /// 58 011 6 000 0 7 0000 
10-SEP-2015 06 48112 2 1 4 96 8 22 02 10 252 20 252 3 0000 4 0132 5 0000 6 000 0 7 50 5 5 8 6 7 7 / 333 10 /// 58 015 6 000 0 7 0000 
