10-SEP-2015 12 48001 3 2 4 57 6 00 00 10 300 20 266 3 0000 4 0058 5 0000 6 000 0 7 00 0 0 8 3 9 0 6 333 10 320 58 018 6 000 0 7 0000 
10-SEP-2015 12 48008 2 1 4 50 8 00 00 10 257 20 246 3 0000 4 0077 5 0000 6 000 0 7 95 9 6 8 5 9 7 / 333 10 344 58 035 6 006 2 7 0000 
10-SEP-2015 12 48010 2 2 4 40 8 00 00 10 273 20 256 3 0000 4 0067 5 0000 6 000 0 7 00 0 0 8 5 7 7 / 333 10 297 58 031 6 002 2 7 0000 
10-SEP-2015 12 48018 2 1 5 56 7 14 01 10 295 20 248 3 0000 4 0062 5 0000 6 000 0 7 03 9 5 8 4 9 7 0 333 10 333 58 002 6 990 2 7 0000 
10-SEP-2015 12 48019 3 2 4 50 7 00 00 10 285 20 250 3 0000 4 0067 5 0000 6 000 0 7 00 0 0 8 6 7 7 0 333 10 330 58 031 6 000 2 7 0000 
10-SEP-2015 12 48025 2 2 4 56 6 00 00 10 294 20 259 3 0000 4 0069 5 0000 6 000 0 7 00 0 0 8 3 8 4 1 333 10 301 58 016 6 001 2 7 0000 
10-SEP-2015 12 48033 2 2 5 62 5 00 00 10 300 20 253 3 0000 4 0077 5 0000 6 000 0 7 00 0 0 8 5 9 0 6 333 10 320 58 041 6 040 2 7 0000 
10-SEP-2015 12 48037 2 2 5 58 6 32 01 10 296 20 266 3 0000 4 0056 5 0000 6 000 0 7 00 0 0 8 4 8 7 0 333 10 358 58 027 6 041 2 7 0000 
10-SEP-2015 12 48042 3 2 5 58 7 32 01 10 312 20 254 3 0000 4 0068 5 0000 6 000 0 7 00 0 0 8 4 9 5 0 333 10 330 58 040 6 990 2 7 0000 
10-SEP-2015 12 48048 2 1 5 50 8 04 01 10 272 20 256 3 0000 4 0059 5 0000 6 000 0 7 20 5 5 8 6 9 7 / 333 10 320 58 027 6 005 2 7 0000 
10-SEP-2015 12 48053 2 1 4 50 7 00 00 10 270 20 270 3 0000 4 0070 5 0000 6 000 0 7 17 9 5 8 4 9 7 0 333 10 325 58 033 6 001 2 7 0000 
10-SEP-2015 12 48055 2 1 3 56 7 00 00 10 208 20 203 3 0000 4 0090 5 0000 6 000 0 7 95 9 6 8 4 9 7 0 333 10 292 58 039 6 028 2 7 0000 
10-SEP-2015 12 48060 2 1 3 30 7 00 00 10 243 20 191 3 0000 4 0087 5 0000 6 000 0 7 03 2 2 8 4 8 3 2 333 10 303 58 006 6 001 2 7 0000 
10-SEP-2015 12 48062 3 2 4 56 8 18 04 10 305 20 280 3 0000 4 0053 5 0000 6 000 0 7 03 2 2 8 4 9 3 2 333 10 335 58 006 6 000 0 7 0000 
10-SEP-2015 12 48064 3 2 4 50 7 00 00 10 318 20 265 3 0000 4 0044 5 0000 6 000 0 7 00 0 0 8 4 8 3 1 333 10 350 58 030 6 000 0 7 0000 
10-SEP-2015 12 48065 3 2 4 50 6 00 00 10 330 20 258 3 0000 4 0000 5 0000 6 000 0 7 00 0 0 8 3 5 7 1 333 10 370 58 000 6 000 0 7 0000 
10-SEP-2015 12 48071 3 2 4 56 4 23 02 10 315 20 265 3 0000 4 0053 5 0000 6 000 0 7 00 0 0 8 4 9 0 0 333 10 320 58 005 6 000 0 7 0000 
10-SEP-2015 12 48074 2 1 2 50 8 14 01 10 280 20 280 3 0000 4 0070 5 0000 6 000 0 7 17 9 6 8 6 9 2 / 333 10 342 58 018 6 002 2 7 0000 
10-SEP-2015 12 48075 2 2 4 56 6 14 01 10 260 20 229 3 0000 4 0079 5 0000 6 000 0 7 03 2 2 8 5 3 7 0 333 10 300 58 023 6 000 2 7 0000 
10-SEP-2015 12 48077 3 2 5 56 8 23 04 10 310 20 254 3 0000 4 0044 5 0000 6 000 0 7 00 0 0 8 5 9 3 1 333 10 325 58 003 6 000 0 7 0000 
10-SEP-2015 12 48078 2 1 4 40 8 23 04 10 292 20 254 3 0000 4 0079 5 0000 6 000 0 7 95 9 5 8 5 9 2 / 333 10 328 58 023 6 990 2 7 0000 
10-SEP-2015 12 48080 3 1 4 56 6 22 01 10 300 20 253 3 0000 4 0061 5 0000 6 000 0 7 17 9 9 8 4 9 7 0 333 10 332 58 009 6 000 0 7 0000 
10-SEP-2015 12 48085 2 1 4 58 6 14 01 10 266 20 260 3 0000 4 0064 5 0000 6 000 0 7 95 9 6 8 6 9 7 6 333 10 310 58 016 6 013 2 7 0000 
10-SEP-2015 12 48092 2 1 4 57 7 13 02 10 280 20 250 3 0000 4 0055 5 0000 6 000 0 7 02 2 2 8 4 9 3 0 333 10 320 58 016 6 000 0 7 0000 
10-SEP-2015 12 48093 3 2 5 40 5 23 01 10 272 20 256 3 0000 4 0000 5 0000 6 000 0 7 01 2 2 8 4 8 4 0 333 10 317 58 000 6 000 0 7 0000 
10-SEP-2015 12 48094 2 1 4 56 8 00 00 10 268 20 260 3 0000 4 0061 5 0000 6 000 0 7 60 6 5 8 6 9 7 0 333 10 315 58 005 6 018 2 7 0000 
10-SEP-2015 12 48096 3 2 4 57 7 12 08 10 280 20 268 3 0000 4 0080 5 0000 6 000 0 7 00 0 0 8 5 9 4 0 333 10 315 58 009 6 000 0 7 0000 
10-SEP-2015 12 48097 3 2 5 57 7 13 03 10 285 20 271 3 0000 4 0086 5 0000 6 000 0 7 02 2 2 8 5 8 0 1 333 10 315 58 011 6 000 0 7 0000 
10-SEP-2015 12 48099 3 1 3 30 7 13 04 10 280 20 250 3 0000 4 0086 5 0000 6 000 0 7 17 9 9 8 6 9 3 0 333 10 312 58 025 6 000 0 7 0000 
10-SEP-2015 12 48101 3 2 5 50 8 14 01 10 285 20 250 3 0000 4 0000 5 0000 6 000 0 7 03 2 2 8 5 9 7 / 333 10 305 58 000 6 000 0 7 0000 
10-SEP-2015 12 48108 3 2 4 95 8 23 05 10 270 20 240 3 0000 4 0095 5 0000 6 000 0 7 00 0 0 8 4 3 7 7 333 10 300 58 014 6 000 0 7 0000 
10-SEP-2015 12 48109 3 2 4 96 8 23 02 10 264 20 246 3 0000 4 0077 5 0000 6 000 0 7 03 2 2 8 6 9 7 / 333 10 290 58 011 6 000 2 7 0000 
10-SEP-2015 12 48110 2 1 4 93 8 18 02 10 250 20 241 3 0000 4 0100 5 0000 6 000 0 7 51 5 5 8 6 3 7 7 333 10 265 58 013 6 022 2 7 0000 
10-SEP-2015 12 48112 2 1 4 96 8 18 01 10 255 20 255 3 0000 4 0104 5 0000 6 000 0 7 01 5 2 8 6 7 7 / 333 10 260 59 005 6 025 2 7 0000 
