10-SEP-2015 09 48001 3 2 5 56 3 09 01 10 314 20 253 3 0000 4 0061 5 0000 6 000 0 7 00 0 0 8 2 2 3 0 333 10 /// 58 026 6 000 0 7 0000 
10-SEP-2015 09 48004 2 1 1 10 8 13 01 10 258 20 258 3 0000 4 0000 5 0000 6 000 0 7 95 9 6 8 6 9 7 / 333 10 /// 58 000 6 000 0 7 0000 
10-SEP-2015 09 48008 3 2 4 57 6 00 00 10 337 20 275 3 0000 4 0052 5 0000 6 000 0 7 00 0 0 8 3 9 7 0 333 10 /// 58 012 6 000 0 7 0000 
10-SEP-2015 09 48010 2 2 4 40 8 00 00 10 270 20 256 3 0000 4 0082 5 0000 6 000 0 7 00 0 0 8 5 9 7 / 333 10 /// 58 033 6 000 0 7 0000 
10-SEP-2015 09 48018 3 2 5 58 6 04 01 10 330 20 258 3 0000 4 0065 5 0000 6 000 0 7 00 0 0 8 3 8 7 0 333 10 /// 58 019 6 000 0 7 0000 
10-SEP-2015 09 48019 3 2 4 58 7 23 01 10 320 20 265 3 0000 4 0056 5 0000 6 000 0 7 00 0 0 8 4 9 6 0 333 10 /// 58 014 6 000 0 7 0000 
10-SEP-2015 09 48020 2 2 3 58 6 04 03 10 305 20 260 3 0000 4 0000 5 0000 6 000 0 7 00 0 0 8 4 8 3 0 333 10 /// 58 000 6 000 0 7 0000 
10-SEP-2015 09 48025 2 2 4 58 5 36 01 10 298 20 253 3 0000 4 0080 5 0000 6 000 0 7 00 0 0 8 4 8 4 1 333 10 /// 58 024 6 000 0 7 0000 
10-SEP-2015 09 48030 2 1 2 56 8 04 01 10 213 20 195 3 0000 4 0000 5 0000 6 000 0 7 02 5 5 8 6 9 4 / 333 10 /// 58 000 6 000 0 7 0000 
10-SEP-2015 09 48031 2 1 / 05 9 18 01 10 215 20 195 3 0000 4 0000 5 0000 6 000 0 7 47 4 4 8 9 / / / 333 10 /// 58 000 6 000 0 7 0000 
10-SEP-2015 09 48033 2 2 5 63 6 00 00 10 310 20 267 3 0000 4 0078 5 0000 6 000 0 7 00 0 0 8 5 9 3 0 333 10 /// 58 045 6 000 0 7 0000 
10-SEP-2015 09 48034 2 2 4 56 6 04 02 10 260 20 222 3 0000 4 0000 5 0000 6 000 0 7 00 0 0 8 6 3 0 0 333 10 /// 58 000 6 000 0 7 0000 
10-SEP-2015 09 48035 2 1 3 60 8 00 00 10 252 20 246 3 0000 4 0070 5 0000 6 000 0 7 03 9 6 8 5 9 7 / 333 10 /// 58 035 6 000 0 7 0000 
10-SEP-2015 09 48037 2 2 5 60 5 32 01 10 290 20 259 3 0000 4 0062 5 0000 6 000 0 7 00 0 0 8 3 8 3 0 333 10 /// 58 032 6 000 0 7 0000 
10-SEP-2015 09 48039 3 2 4 60 7 00 00 10 310 20 254 3 0000 4 0000 5 0000 6 000 0 7 00 0 0 8 4 8 6 0 333 10 /// 58 000 6 000 0 7 0000 
10-SEP-2015 09 48042 3 2 5 58 6 18 01 10 325 20 270 3 0000 4 0059 5 0000 6 000 0 7 00 0 0 8 4 9 0 2 333 10 /// 58 038 6 000 0 7 0000 
10-SEP-2015 09 48043 3 2 5 57 7 23 03 10 260 20 229 3 0000 4 0000 5 0000 6 000 0 7 00 0 0 8 4 8 7 / 333 10 /// 58 000 6 000 0 7 0000 
10-SEP-2015 09 48045 3 1 1 30 6 04 04 10 250 20 219 3 0000 4 0000 5 0000 6 000 0 7 17 9 4 8 6 3 0 0 333 10 /// 58 000 6 000 0 7 0000 
10-SEP-2015 09 48048 2 1 5 58 8 18 01 10 277 20 268 3 0000 4 0081 5 0000 6 000 0 7 29 9 6 8 6 9 7 / 333 10 /// 58 040 6 000 0 7 0000 
10-SEP-2015 09 48051 3 1 4 58 7 13 06 10 298 20 250 3 0000 4 0000 5 0000 6 000 0 7 17 9 9 8 6 9 7 0 333 10 /// 58 000 6 000 0 7 0000 
10-SEP-2015 09 48052 2 2 4 68 5 00 00 10 348 20 266 3 0000 4 0000 5 0000 6 000 0 7 00 0 0 8 5 9 0 0 333 10 /// 58 000 6 000 0 7 0000 
10-SEP-2015 09 48053 3 1 4 56 8 36 03 10 300 20 253 3 0000 4 0071 5 0000 6 000 0 7 17 9 9 8 5 9 7 / 333 10 /// 58 034 6 000 0 7 0000 
10-SEP-2015 09 48055 2 1 3 56 6 32 02 10 235 20 212 3 0000 4 0082 5 0000 6 000 0 7 02 9 6 8 4 9 3 1 333 10 /// 58 052 6 000 0 7 0000 
10-SEP-2015 09 48057 2 1 4 58 7 14 03 10 220 20 205 3 0000 4 0000 5 0000 6 000 0 7 01 5 5 8 5 9 5 0 333 10 /// 58 000 6 000 0 7 0000 
10-SEP-2015 09 48060 2 2 3 40 8 00 00 10 290 20 230 3 0000 4 0063 5 0000 6 000 0 7 00 0 0 8 4 8 3 0 333 10 /// 58 012 6 000 0 7 0000 
10-SEP-2015 09 48062 3 2 4 58 5 18 06 10 330 20 290 3 0000 4 0057 5 0000 6 000 0 7 00 0 0 8 4 9 3 0 333 10 /// 58 015 6 000 0 7 0000 
10-SEP-2015 09 48064 3 2 5 60 4 36 01 10 348 20 266 3 0000 4 0050 5 0000 6 000 0 7 00 0 0 8 2 8 3 1 333 10 /// 58 021 6 000 0 7 0000 
10-SEP-2015 09 48065 3 2 5 58 6 32 01 10 360 20 249 3 0000 4 0000 5 0000 6 000 0 7 00 0 0 8 3 8 7 0 333 10 /// 58 000 6 000 0 7 0000 
10-SEP-2015 09 48071 3 2 4 58 6 23 04 10 315 20 254 3 0000 4 0055 5 0000 6 000 0 7 00 0 0 8 4 9 7 0 333 10 /// 58 020 6 000 0 7 0000 
10-SEP-2015 09 48072 3 2 4 60 8 18 04 10 315 20 265 3 0000 4 0000 5 0000 6 000 0 7 01 2 2 8 3 8 3 0 333 10 /// 58 000 6 000 0 7 0000 
10-SEP-2015 09 48074 3 2 4 60 7 04 04 10 330 20 275 3 0000 4 0072 5 0000 6 000 0 7 00 0 0 8 5 3 6 2 333 10 /// 58 021 6 000 0 7 0000 
10-SEP-2015 09 48075 2 1 4 56 5 09 01 10 280 20 233 3 0000 4 0066 5 0000 6 000 0 7 21 6 2 8 3 3 3 1 333 10 /// 58 025 6 000 0 7 0000 
10-SEP-2015 09 48077 3 2 5 59 7 23 02 10 320 20 265 3 0000 4 0049 5 0000 6 000 0 7 00 0 0 8 5 9 3 1 333 10 /// 58 015 6 000 0 7 0000 
10-SEP-2015 09 48078 2 1 5 58 6 18 01 10 317 20 274 3 0000 4 0062 5 0000 6 000 0 7 20 9 5 8 4 9 3 3 333 10 /// 59 002 6 000 0 7 0000 
10-SEP-2015 09 48080 3 1 4 59 8 13 01 10 321 20 265 3 0000 4 0056 5 0000 6 000 0 7 50 2 2 8 5 8 7 0 333 10 /// 58 012 6 000 0 7 0000 
10-SEP-2015 09 48085 2 1 4 58 5 14 03 10 302 20 266 3 0000 4 0053 5 0000 6 000 0 7 03 9 5 8 3 9 0 6 333 10 /// 58 008 6 000 0 7 0000 
10-SEP-2015 09 48087 2 2 4 58 7 23 01 10 316 20 265 3 0000 4 0000 5 0000 6 000 0 7 03 5 5 8 4 3 7 1 333 10 /// 58 000 6 000 0 7 0000 
10-SEP-2015 09 48092 3 2 4 58 7 13 04 10 305 20 260 3 0000 4 0044 5 0000 6 000 0 7 00 0 0 8 4 7 3 6 333 10 /// 58 006 6 000 0 7 0000 
10-SEP-2015 09 48093 3 2 5 57 6 23 01 10 311 20 254 3 0000 4 0000 5 0000 6 000 0 7 03 2 2 8 5 8 4 0 333 10 /// 58 000 6 000 0 7 0000 
10-SEP-2015 09 48094 2 1 4 58 8 22 02 10 270 20 270 3 0000 4 0063 5 0000 6 000 0 7 60 6 6 8 5 9 7 / 333 10 /// 58 010 6 000 0 7 0000 
10-SEP-2015 09 48095 3 2 5 58 6 22 03 10 310 20 282 3 0000 4 0000 5 0000 6 000 0 7 00 0 0 8 2 9 4 0 333 10 /// 58 000 6 000 0 7 0000 
10-SEP-2015 09 48096 3 2 4 58 7 17 08 10 310 20 254 3 0000 4 0065 5 0000 6 000 0 7 00 0 0 8 5 9 4 0 333 10 /// 59 005 6 000 0 7 0000 
10-SEP-2015 09 48097 3 2 5 57 7 23 03 10 310 20 282 3 0000 4 0083 5 0000 6 000 0 7 00 0 0 8 5 8 0 1 333 10 /// 58 018 6 000 0 7 0000 
10-SEP-2015 09 48099 3 2 4 56 5 13 02 10 310 20 267 3 0000 4 0060 5 0000 6 000 0 7 00 0 0 8 5 9 0 0 333 10 /// 58 006 6 000 0 7 0000 
10-SEP-2015 09 48101 3 2 5 59 7 14 02 10 300 20 253 3 0000 4 0000 5 0000 6 000 0 7 00 0 0 8 4 3 3 1 333 10 /// 58 000 6 000 0 7 0000 
10-SEP-2015 09 48103 3 2 4 56 7 22 01 10 292 20 248 3 0000 4 0070 5 0000 6 000 0 7 00 0 0 8 5 7 7 0 333 10 /// 58 013 6 000 0 7 0000 
10-SEP-2015 09 48107 3 2 3 50 6 23 02 10 286 20 248 3 0000 4 0075 5 0000 6 000 0 7 00 0 0 8 4 9 7 0 333 10 /// 58 004 6 000 0 7 0000 
10-SEP-2015 09 48108 3 2 5 95 8 23 03 10 285 20 240 3 0000 4 0092 5 0000 6 000 0 7 00 0 0 8 4 3 7 7 333 10 /// 59 005 6 000 0 7 0000 
10-SEP-2015 09 48110 2 1 4 94 8 23 01 10 265 20 251 3 0000 4 0096 5 0000 6 000 0 7 51 6 5 8 6 3 7 7 333 10 /// 58 008 6 000 0 7 0000 
10-SEP-2015 09 48112 2 1 4 96 8 22 02 10 255 20 255 3 0000 4 0104 5 0000 6 000 0 7 50 5 5 8 6 7 7 / 333 10 /// 58 012 6 000 0 7 0000 
