



*-*-*


<!--
.style2 {
	font-family:"Courier New", Courier, monospace;
	font-size: 14px;
}
-->






SIBM20 VBRR 110900

AAXX 11094

48001 31440 72301 10210 20195 40141 70322 84950 333 56810 58004=

48004 31458 53202 10319 20184 70352 85900 333 56500=

48008 32558 30000 10332 20151 40097 82430 333 56450 58007=

48010 32560 20000 10330 20212 40084 81101 333 56505 59020=

48018 32560 21402 10345 20158 40087 70311 82800 333 56300 58023=

48019 32960 00401 10348 20202 40092 333 58019=

48020 NIL=

48025 31440 23601 10390 20083 40079 70544 82500 333 56900 58015=

48030 32256 32202 10247 20024 83800 333 56500=

48031 31260 40401 10265 20070 70544 83802 333 56409=

48033 32563 13601 10390 20131 40080 81100 333 56900 58024=

48034 32457 41802 10309 20108 84800 333 56500=

48035 31550 32202 10331 20234 40042 70511 83800 333 56700 59009=

48037 32556 43201 10391 20254 40075 81120 333 56650 58028=

48039 32960 00401 10380 20159 333 /////=

48042 32558 13601 10395 20165 40074 81200 333 56900 58015=

48043 32759 13205 10305 20189 81200 333 56900=

48045 32558 31402 10290 20060 70444 83800 333 56500=

48048 32960 00401 10400 20176 40077 333 58027=

48051 31559 52303 10372 20210 71799 84930 333 56690=

48052 32970 03202 10410 20189 333 /////=

48053 32550 41801 10390 20295 40063 84900 333 56599 58013=

48055 31656 60407 10322 20140 40048 70511 86300 333 56500 59011=

48057 32460 42204 10290 20115 84300 333 56600=

48060 22440 60000 10276 20184 40078 84930 333 56560 59007=

48062 32558 42704 10325 20290 40109 70311 83930 333 56690 58013=

48064 32970 01401 10407 20240 40063 333 58013=

48065 32470 43203 10413 20171 83801 333 56909=

48071 32960 02707 10323 20248 40104 333 58003=

48072 32960 00404 10340 20288 70122 333 /////=

48074 31560 22303 10395 20196 40075 70500 82100 333 56400 59004=

48075 32457 52701 10350 20113 40066 70222 85300 333 56500 58003=

48077 32559 52301 10390 20198 40071 84901 333 56909 58010=

48078 32556 31802 10400 20217 40082 82501 333 56409 58010=

48080 31458 22703 10345 20240 40101 70511 82200 333 56900 58020=

48085 32458 23206 10322 20248 40102 82800 333 56900 58000=

48087 NIL=

48092 32958 01802 10385 20182 40063 333 59002=

48093 32958 01801 10384 20203 70211 333 /////=

48094 32962 03305 10370 20240 40096 333 58005=

48095 32458 12203 10385 20221 70200 81100 333 56900=

48097 32557 10000 10380 20221 40093 81800 333 56900 59002=

48099 32457 42302 10372 20246 40085 84300 333 56500 58010=

48101 32960 01403 10338 20240 333 /////=

48103 32457 21401 10362 20214 40088 82800 333 56300 58006=

48107 32350 23202 10362 20195 40093 82900 333 56300 58005=

48108 32596 53205 10350 20240 40098 83366 333 56819 58005=

48109 NIL=

48110 31596 43203 10350 20237 40105 70522 82306 333 56909 58017=

48112 32598 63203 10350 20240 40093 70122 82216 333 56799 58010=  
SIBM20 VBRR 110900

AAXX 11094
48001 31440 72301 10210 20195 40141 70322 84950 333 56810 58004=
48004 31458 53202 10319 20184 70352 85900 333 56500=
48008 32558 30000 10332 20151 40097 82430 333 56450 58007=
48010 32560 20000 10330 20212 40084 81101 333 56505 59020=
48018 32560 21402 10345 20158 40087 70311 82800 333 56300 58023=
48019 32960 00401 10348 20202 40092 333 58019=
48020 NIL=
48025 31440 23601 10390 20083 40079 70544 82500 333 56900 58015=
48030 32256 32202 10247 20024 83800 333 56500=
48031 31260 40401 10265 20070 70544 83802 333 56409=
48033 32563 13601 10390 20131 40080 81100 333 56900 58024=
48034 32457 41802 10309 20108 84800 333 56500=
48035 31550 32202 10331 20234 40042 70511 83800 333 56700 59009=
48037 32556 43201 10391 20254 40075 81120 333 56650 58028=
48039 32960 00401 10380 20159 333 /////=
48042 32558 13601 10395 20165 40074 81200 333 56900 58015=
48043 32759 13205 10305 20189 81200 333 56900=
48045 32558 31402 10290 20060 70444 83800 333 56500=
48048 32960 00401 10400 20176 40077 333 58027=
48051 31559 52303 10372 20210 71799 84930 333 56690=
48052 32970 03202 10410 20189 333 /////=
48053 32550 41801 10390 20295 40063 84900 333 56599 58013=
48055 31656 60407 10322 20140 40048 70511 86300 333 56500 59011=
48057 32460 42204 10290 20115 84300 333 56600=
48060 22440 60000 10276 20184 40078 84930 333 56560 59007=
48062 32558 42704 10325 20290 40109 70311 83930 333 56690 58013=
48064 32970 01401 10407 20240 40063 333 58013=
48065 32470 43203 10413 20171 83801 333 56909=
48071 32960 02707 10323 20248 40104 333 58003=
48072 32960 00404 10340 20288 70122 333 /////=
48074 31560 22303 10395 20196 40075 70500 82100 333 56400 59004=
48075 32457 52701 10350 20113 40066 70222 85300 333 56500 58003=
48077 32559 52301 10390 20198 40071 84901 333 56909 58010=
48078 32556 31802 10400 20217 40082 82501 333 56409 58010=
48080 31458 22703 10345 20240 40101 70511 82200 333 56900 58020=
48085 32458 23206 10322 20248 40102 82800 333 56900 58000=
48087 NIL=
48092 32958 01802 10385 20182 40063 333 59002=
48093 32958 01801 10384 20203 70211 333 /////=
48094 32962 03305 10370 20240 40096 333 58005=
48095 32458 12203 10385 20221 70200 81100 333 56900=
48097 32557 10000 10380 20221 40093 81800 333 56900 59002=
48099 32457 42302 10372 20246 40085 84300 333 56500 58010=
48101 32960 01403 10338 20240 333 /////=
48103 32457 21401 10362 20214 40088 82800 333 56300 58006=
48107 32350 23202 10362 20195 40093 82900 333 56300 58005=
48108 32596 53205 10350 20240 40098 83366 333 56819 58005=
48109 NIL=
48110 31596 43203 10350 20237 40105 70522 82306 333 56909 58017=
48112 32598 63203 10350 20240 40093 70122 82216 333 56799 58010=  
SIBM20 VBRR 110900

AAXX 11094

48001 31440 72301 10210 20195 40141 70322 84950 333

56810 58004=

48004 31458 53202 10319 20184 70352 85900 333 56500=

48008 32558 30000 10332 20151 40097 82430 333 56150

58007=

48010 32560 20000 10330 20212 40084 81101 333 56505

59020=

48018 32560 21402 10345 20158 40087 70311 82800 333

56300 58023=

48019 32960 00401 10348 20202 40092 333 58019=

48020 NIL=

48025 31440 23601 10390 20083 40079 70544 82500 333

56900 58015=

48035 31550 32202 10331 20234 40042 70511 86800 333

56700 59009=

48037 32556 43201 10391 20154 40075 81120 333 56650

58028=

48042 32558 13601 10395 20165 40074 81200 333 56900

58015=

48045 32558 31402 10290 20060 70444 83800 333 56500=

48048 32960 00401 10400 20176 40077 333 58027=

48051 31559 54303 10373 20210 71799 84930 333 56690=

48053 32556 61801 10390 20295 40063 84900 333 56599

58013=

48060 22440 60000 10276 20184 40078 84930 333 56560

59007=

48062 32558 42706 10325 20290 40109 70311 83930 333

56690 58013=

48071 32960 02707 10323 20248 40104 333 58003=

48075 32457 52701 10350 20113 40066 70222 85300 333

56500 58003=

48077 32559 52301 10390 20198 40071 84901 333 56909

58010=

48078 32556 31802 10400 20217 40082 82501 333 56409

58010=

48080 31458 22703 10345 20240 40101 70511 82200 333

56900 58020=

48085 32458 23206 10322 20248 40102 82800 333 56900

58000=

48095 32458 12203 10385 20221 70200 81100 333 56900=

48108 32596 53205 10350 20240 40098 83366 333 56819

58005=

48109 NIL=

48110 31596 43203 10350 20237 40105 70522 82306 333

56909 58017=

48112 32598 63203 10350 20240 40093 70122 82216 333

56799 58010=

48030 32256 32202 10247 20024 83800 333 56500=

48072 32960 00404 10340 20288 70122 80000 333 56000=

48087 NIL=

48099 32457 42302 10370 20246 40085 84300 333 56500

58010=

48101 32960 01403 10338 20240 333 /////=

48103 32457 21401 10362 20214 40088 82800 333 56300

58006=

48057 32460 42204 10290 20115 84300 333 56600=

48094 32962 03305 10370 20240 40096 333 58005=

48097 32557 10000 10380 20221 40093 81800 333 56900

59002=

48031 31260 40401 10265 20070 70544 83802 333 56409=

48033 32563 13601 10390 20131 40080 81100 333 56900

58024=

48034 32457 41802 10309 20108 84800 333 56500=

48039 32960 00401 10380 20159 333 /////=

48043 32759 13206 10305 20189 81200 333 56900=

48052 32970 03202 10410 20189 333 /////=

48055 31656 60407 10322 20140 40048 70511 86300 333

56500 59011=

48064 32970 01401 10407 20240 40063 333 58013=

48065 32470 43203 10413 20171 83801 333 56909=

48074 31560 22303 10395 20196 40075 70500 82900 333

56400 59004=

48092 32958 01802 10385 20182 40063 333 59002=

48093 32958 01801 10384 20203 70211 80000 333 56000=

48107 32350 23202 10362 20195 40093 82900 333 56300

58005=  





