48001 32556 31302 10340 20242 40019 83200 333 56900 59004=
48004 32562 40402 10356 20264 84900 333 56500=
48008 32558 52301 10345 20266 40041 83970 333 56450 58017=
48010 32560 50000 10320 20281 40044 83831 333 56559 58018=
48018 21556 62301 10300 20253 40054 79595 84970 333 56450 58018=
48019 31458 62302 10333 20258 40047 71799 86900 333 56500 58000=
48020 32356 63402 10300 20239 86700 333 56800=
48025 22340 70401 10280 20250 40064 85770 333 56550 58027=
48035 21457 80000 10246 20233 40058 76266 8597/ 333 56799 58045=
48037 32560 61801 10310 20267 40048 83332 333 56439 58039=
48042 32559 50000 10330 20258 40038 84902 333 56309 58024=
48045 22005 90904 10208 20208 74364 89/// 333 56999=
48048 21560 72201 10315 20265 40052 75065 85950 333 56490 58035=
48051 32559 60403 10341 20270 70322 85930 333 56490=
48053 32458 51802 10320 20258 40059 83956 333 56499 58037=
48060 32350 62201 10280 20227 40007 84370 333 56490 59001=
48062 32458 41306 10320 20290 40038 70122 84930 333 56590 58033=
48071 21460 42303 10322 20265 40045 72162 83930 333 56490 58034=
48075 22558 51403 10310 20225 40033 70222 85300 333 56500 58022=
48077 21559 72303 10304 20253 40046 70166 85931 333 56499 58022=
48078 22560 51801 10322 20248 40059 84301 333 56409 58030=
48080 32460 42205 10332 20258 40049 83830 333 56390 58031=
48085 21457 81404 10292 20259 40052 75095 86970 333 56590 58029=
48095 21458 72203 10303 20282 75022 86970 333 56690=
48108 21494 83203 10290 20259 40076 75055 85377 333 56899 58025=
48109 NIL=
48110 32596 83604 10325 20261 40076 83347 333 56999 58016=
48112 32597 82202 10280 20250 40088 70222 83876 999 56599 58028=
48030 21/09 90402 10188 20188 75064 89/// 333 56999=
48072 22460 51805 10295 20266 70122 83830 333 56590=
48087 22456 70000 10308 20267 70322 85971 333 5649/=
48099 32558 32303 10326 20244 40058 83800 333 56500 58029=
48101 32458 72302 10307 20267 70322 85970 333 56490=
48103 32457 42202 10320 20265 40058 82230 333 56550 58025=
48057 32458 62202 10270 20211 85901 333 56509=
48094 32459 71803 10305 20260 40054 85940 333 56590 58027=
48097 22557 71303 10320 20292 40061 70222 87300 333 56900 58031=
48031 21/07 51801 10200 20200 74764 89/// 333 56999=
48033 32563 31801 10320 20265 40051 83900 333 56400 58027=
48034 22456 52302 10265 20220 85300 333 56500=
48039 32460 60000 10320 20265 84560 333 56550=
48043 32556 51805 10260 20229 83230 333 56599=
48052 32468 50000 10335 20270 85900 333 56900=
48055 32556 50302 10305 20230 40030 84801 333 56409 58017=
48064 32460 53202 10330 20275 40039 82331 333 56449 58010=
48065 22557 62202 10315 20265 83871 333 56999=
48074 32459 71402 10330 20275 40059 85961 333 56779 58045=
48092 22458 71303 10320 20265 40039 85731 333 56499 58033=
48093 21457 62601 10309 20267 75055 85301 333 56309=
48107 32350 52302 10310 20267 40068 85900 333 56600 58021=  