110900 48001 32450 73601 10200 20185 40113 85750 333 56220 59006=
110900 48008 32557 40000 10250 20150 40106 82930 333 56770 59013=
110900 48010 32560 50000 10250 20186 40114 85800 333 56100 59020=
110900 48018 32559 31401 10270 20172 40105 82840 333 56330 59011=
110900 48020 32358 23602 10250 20186 82200 333 56400=
110900 48025 31440 43601 10250 20186 40111 83840 333 56690 59013=
110900 48035 31557 43202 10227 20143 40081 70522 83960 333 56590 59015=
110900 48037 32558 13601 10284 20184 40093 82100 333 56800 59023=
110900 48042 32557 10000 10287 20179 40096 81100 333 56900 59013=
110900 48045 32561 62305 10202 20168 86600 333 56500=
110900 48048 32960 03201 10300 20166 40107 333 58001=
110900 48051 32959 03601 10282 20180 333=
110900 48053 32956 03601 10300 20166 40090 333 59021=
110900 48060 32440 20401 10250 20126 40080 82100 333 56500 59007=
110900 48062 32957 02704 10290 20240 40106 333 59007=
110900 48071 31958 03204 10278 20220 40111 70500 333 58001=
110900 48075 32956 02301 10280 20126 40093 333 59003=
110900 48077 32959 00000 10318 20184 40098 333 59006=
110900 48078 32560 22701 10309 20189 40100 81101 333 56909 59009=
110900 48080 32960 02206 10280 20184 40108 333 58001=
110900 48085 32958 02703 10296 20207 40098 333 59004=
110900 48095 32960 00401 10295 20215 333=
110900 48108 32596 23202 10325 20224 40098 82800 333 56900 59003=
110900 48109 32497 00902 10305 20225 40097 333 59021=
110900 48110 31596 23203 10310 20254 40094 70511 81306 333 56909 59006=
110900 48112 32597 82704 10335 20264 40085 83876 333 56699 59007=
110900 48030 32960 03304 10203 20085 333=
110900 48072 32960 02704 10280 20220 333=
110900 48087 32960 00401 10312 20225 333=
110900 48099 32556 22301 10327 20212 40090 82800 333 56900 59007=
110900 48101 32960 03202 10308 20203 333=
110900 48103 32457 12203 10327 20163 40090 81500 333 56500 59011=
110900 48057 32956 02201 10229 20097 333=
110900 48094 32459 23202 10310 20230 40102 82800 333 56900 59005=
110900 48097 32557 20901 10320 20248 40101 333 56900 59002=
110900 48031 32960 01401 10215 20065 333=
110900 48033 32563 22701 10280 20184 40089 82500 333 56100 59001=
110900 48034 32456 32302 10234 20130 83800 333 56500=
110900 48039 32458 30000 10278 20203 81102 333 56509=
110900 48043 32057 01805 10220 20173 333=
110900 48052 32958 01802 10320 20184 333=
110900 48055 32956 00406 10245 20161 40074 333 59013=
110900 48064 32960 00000 10257 20215 40088 333 59000=
110900 48065 32958 00401 10305 20178 333=
110900 48074 32958 01401 10300 20185 40109 333 59009=
110900 48092 32959 01402 10315 20186 40076 333 59012=
110900 48093 32958 01401 10309 20232 333=
110900 48107 32950 00401 10332 20212 40092 333 59005=
110900 48096 32059 03004 10310 20189 40097 333 59005=  
