11-FEB-2015 18 48008 3 1 5 10 5 00 00 10 200 20 168 3 0000 4 0120 5 0000 6 000 0 7 10 4 4 8 3 9 3 0 333 10 /// 59 006 6 000 0 7 0000 
11-FEB-2015 18 48010 3 2 5 01 3 00 00 10 160 20 152 3 0000 4 0149 5 0000 6 000 0 7 00 0 0 8 0 0 3 2 333 10 /// 58 005 6 000 0 7 0000 
11-FEB-2015 18 48018 3 2 9 20 0 00 00 10 175 20 154 3 0000 4 0151 5 0000 6 000 0 7 00 0 0 8 0 0 0 0 333 10 /// 59 017 6 000 0 7 0000 
11-FEB-2015 18 48025 3 2 9 05 0 27 01 10 196 20 139 3 0000 4 0145 5 0000 6 000 0 7 00 0 0 8 0 0 0 0 333 10 /// 59 001 6 000 0 7 0000 
11-FEB-2015 18 48042 3 2 5 50 4 00 00 10 205 20 155 3 0000 4 0113 5 0000 6 000 0 7 00 0 0 8 2 4 5 0 333 10 /// 59 006 6 000 0 7 0000 
11-FEB-2015 18 48053 3 2 5 40 6 32 01 10 190 20 118 3 0000 4 0138 5 0000 6 000 0 7 00 0 0 8 3 5 5 6 333 10 /// 59 011 6 000 0 7 0000 
11-FEB-2015 18 48057 3 2 9 39 4 00 00 10 146 20 111 3 0000 4 0000 5 0000 6 000 0 7 00 0 0 8 0 0 0 6 333 10 /// 58 000 6 000 0 7 0000 
11-FEB-2015 18 48060 3 2 4 10 5 00 00 10 146 20 111 3 0000 4 0137 5 0000 6 000 0 7 00 0 0 8 2 1 3 2 333 10 /// 59 017 6 000 0 7 0000 
11-FEB-2015 18 48071 3 2 9 20 0 32 40 10 235 20 191 3 0000 4 0135 5 0000 6 000 0 7 00 0 0 8 0 0 0 0 333 10 /// 59 001 6 000 0 7 0000 
11-FEB-2015 18 48078 3 2 5 40 2 00 00 10 230 20 172 3 0000 4 0123 5 0000 6 000 0 7 00 0 0 8 1 5 0 1 333 10 /// 59 019 6 000 0 7 0000 
11-FEB-2015 18 48094 3 2 4 50 6 00 00 10 232 20 210 3 0000 4 0136 5 0000 6 000 0 7 00 0 0 8 2 5 4 0 333 10 /// 59 001 6 000 0 7 0000 
11-FEB-2015 18 48097 3 2 5 56 2 36 01 10 210 20 175 3 0000 4 0143 5 0000 6 000 0 7 00 0 0 8 2 4 0 0 333 10 /// 58 005 6 000 0 7 0000 
11-FEB-2015 18 48108 3 1 5 94 5 05 01 10 240 20 209 3 0000 4 0140 5 0000 6 000 0 7 10 2 2 8 2 4 0 7 333 10 /// 58 000 6 000 0 7 0000 
11-FEB-2015 18 48109 3 2 4 95 7 00 00 10 270 20 226 3 0000 4 0126 5 0000 6 000 0 7 00 0 0 8 4 9 7 0 333 10 /// 59 005 6 000 0 7 0000 
11-FEB-2015 18 48110 3 1 9 94 7 32 03 10 250 20 219 3 0000 4 0137 5 0000 6 000 0 7 05 1 1 8 0 0 0 6 333 10 /// 59 002 6 000 0 7 0000 
11-FEB-2015 18 48112 3 2 5 97 7 04 02 10 251 20 219 3 0000 4 0114 5 0000 6 000 0 7 00 0 0 8 3 8 7 6 333 10 /// 59 014 6 000 0 7 0000 
