11-FEB-2015 03 48001 3 1 9 20 9 23 01 10 150 20 134 3 0000 4 0170 5 0000 6 000 0 7 42 4 4 8 0 0 0 0 333 10 /// 59 024 6 000 0 7 0000 
11-FEB-2015 03 48004 3 1 4 58 4 22 01 10 158 20 123 3 0000 4 0000 5 0000 6 000 0 7 01 4 4 8 4 8 0 0 333 10 /// 58 000 6 000 0 7 0000 
11-FEB-2015 03 48008 3 1 5 57 6 14 01 10 180 20 147 3 0000 4 0158 5 0000 6 000 0 7 01 4 4 8 3 9 3 0 333 10 /// 59 027 6 000 0 7 0000 
11-FEB-2015 03 48010 3 1 5 40 3 00 00 10 170 20 135 3 0000 4 0167 5 0000 6 000 0 7 40 4 4 8 3 6 0 0 333 10 /// 59 023 6 000 0 7 0000 
11-FEB-2015 03 48018 3 2 5 58 7 14 01 10 175 20 154 3 0000 4 0153 5 0000 6 000 0 7 00 0 0 8 4 8 7 0 333 10 /// 59 020 6 000 0 7 0000 
11-FEB-2015 03 48019 3 2 4 58 5 04 01 10 190 20 159 3 0000 4 0158 5 0000 6 000 0 7 00 0 0 8 0 0 3 5 333 10 /// 59 020 6 000 0 7 0000 
11-FEB-2015 03 48020 3 1 4 56 6 00 00 10 155 20 139 3 0000 4 0000 5 0000 6 000 0 7 03 4 4 8 3 7 3 0 333 10 /// 58 000 6 000 0 7 0000 
11-FEB-2015 03 48025 3 1 2 20 6 22 01 10 163 20 121 3 0000 4 0156 5 0000 6 000 0 7 40 4 4 8 4 8 4 0 333 10 /// 59 032 6 000 0 7 0000 
11-FEB-2015 03 48030 3 2 2 56 7 22 02 10 090 20 044 3 0000 4 0000 5 0000 6 000 0 7 00 0 0 8 2 5 5 6 333 10 /// 58 000 6 000 0 7 0000 
11-FEB-2015 03 48031 3 1 2 50 8 04 01 10 115 20 030 3 0000 4 0000 5 0000 6 000 0 7 05 2 2 8 4 8 0 8 333 10 /// 58 000 6 000 0 7 0000 
11-FEB-2015 03 48033 3 2 5 62 4 32 01 10 200 20 168 3 0000 4 0126 5 0000 6 000 0 7 00 0 0 8 2 5 0 1 333 10 /// 59 046 6 000 0 7 0000 
11-FEB-2015 03 48034 3 1 4 56 5 23 02 10 148 20 092 3 0000 4 0000 5 0000 6 000 0 7 10 2 2 8 5 5 0 0 333 10 /// 58 000 6 000 0 7 0000 
11-FEB-2015 03 48035 3 1 5 60 3 32 02 10 141 20 124 3 0000 4 0167 5 0000 6 000 0 7 05 0 0 8 2 8 0 1 333 10 /// 59 026 6 000 0 7 0000 
11-FEB-2015 03 48037 3 2 5 57 6 32 01 10 204 20 130 3 0000 4 0143 5 0000 6 000 0 7 00 0 0 8 1 1 3 9 333 10 /// 59 017 6 000 0 7 0000 
11-FEB-2015 03 48039 3 1 4 40 7 14 01 10 212 20 143 3 0000 4 0000 5 0000 6 000 0 7 40 4 4 8 4 8 0 2 333 10 /// 58 000 6 000 0 7 0000 
11-FEB-2015 03 48042 3 1 5 50 5 00 00 10 217 20 156 3 0000 4 0150 5 0000 6 000 0 7 05 1 1 8 2 4 0 6 333 10 /// 59 017 6 000 0 7 0000 
11-FEB-2015 03 48043 3 2 6 56 6 00 00 10 165 20 117 3 0000 4 0000 5 0000 6 000 0 7 00 0 0 8 4 2 0 2 333 10 /// 58 000 6 000 0 7 0000 
11-FEB-2015 03 48045 3 2 5 59 7 14 04 10 160 20 000 3 0000 4 0000 5 0000 6 000 0 7 00 0 0 8 0 0 0 0 333 10 /// 58 000 6 000 0 7 0000 
11-FEB-2015 03 48048 3 2 5 58 6 04 01 10 250 20 170 3 0000 4 0150 5 0000 6 000 0 7 00 0 0 8 5 9 5 0 333 10 /// 59 014 6 000 0 7 0000 
11-FEB-2015 03 48051 3 2 5 58 7 31 03 10 210 20 160 3 0000 4 0000 5 0000 6 000 0 7 00 0 0 8 4 8 3 1 333 10 /// 58 000 6 000 0 7 0000 
11-FEB-2015 03 48052 3 2 4 58 3 04 01 10 220 20 156 3 0000 4 0000 5 0000 6 000 0 7 00 0 0 8 3 8 0 0 333 10 /// 58 000 6 000 0 7 0000 
11-FEB-2015 03 48053 3 1 4 40 6 36 01 10 220 20 136 3 0000 4 0145 5 0000 6 000 0 7 10 2 2 8 3 5 5 6 333 10 /// 59 030 6 000 0 7 0000 
11-FEB-2015 03 48055 3 1 5 48 5 14 01 10 130 20 086 3 0000 4 0174 5 0000 6 000 0 7 05 1 1 8 3 5 3 1 333 10 /// 59 026 6 000 0 7 0000 
11-FEB-2015 03 48057 3 2 9 58 5 22 02 10 186 20 096 3 0000 4 0000 5 0000 6 000 0 7 00 0 0 8 0 0 5 6 333 10 /// 58 000 6 000 0 7 0000 
11-FEB-2015 03 48060 3 2 4 40 5 00 00 10 170 20 117 3 0000 4 0179 5 0000 6 000 0 7 00 0 0 8 1 1 7 2 333 10 /// 59 025 6 000 0 7 0000 
11-FEB-2015 03 48062 3 1 5 56 6 09 02 10 200 20 170 3 0000 4 0144 5 0000 6 000 0 7 05 1 1 8 4 8 3 0 333 10 /// 59 028 6 000 0 7 0000 
11-FEB-2015 03 48064 3 2 9 60 4 14 01 10 193 20 139 3 0000 4 0136 5 0000 6 000 0 7 00 0 0 8 0 0 3 1 333 10 /// 59 025 6 000 0 7 0000 
11-FEB-2015 03 48065 3 2 9 60 2 22 04 10 217 20 143 3 0000 4 0000 5 0000 6 000 0 7 00 0 0 8 0 0 3 1 333 10 /// 58 000 6 000 0 7 0000 
11-FEB-2015 03 48071 3 2 4 58 3 00 00 10 235 20 209 3 0000 4 0146 5 0000 6 000 0 7 00 0 0 8 3 8 0 0 333 10 /// 59 029 6 000 0 7 0000 
11-FEB-2015 03 48072 3 1 4 58 2 00 00 10 225 20 198 3 0000 4 0000 5 0000 6 000 0 7 05 2 2 8 2 3 0 0 333 10 /// 58 000 6 000 0 7 0000 
11-FEB-2015 03 48074 3 2 5 58 4 14 05 10 226 20 163 3 0000 4 0144 5 0000 6 000 0 7 00 0 0 8 2 4 0 2 333 10 /// 59 040 6 000 0 7 0000 
11-FEB-2015 03 48075 3 1 4 58 5 00 00 10 190 20 160 3 0000 4 0169 5 0000 6 000 0 7 05 4 4 8 3 8 0 5 333 10 /// 59 000 6 000 0 7 0000 
11-FEB-2015 03 48077 3 1 5 58 8 00 00 10 200 20 168 3 0000 4 0135 5 0000 6 000 0 7 05 2 2 8 4 8 0 1 333 10 /// 59 026 6 000 0 7 0000 
11-FEB-2015 03 48078 3 2 5 56 4 23 01 10 235 20 183 3 0000 4 0145 5 0000 6 000 0 7 00 0 0 8 1 5 3 1 333 10 /// 59 030 6 000 0 7 0000 
11-FEB-2015 03 48080 3 1 4 60 7 04 02 10 182 20 160 3 0000 4 0153 5 0000 6 000 0 7 03 4 4 8 5 8 7 0 333 10 /// 59 026 6 000 0 7 0000 
11-FEB-2015 03 48085 3 2 4 58 6 32 02 10 224 20 185 3 0000 4 0141 5 0000 6 000 0 7 00 0 0 8 3 8 7 6 333 10 /// 59 019 6 000 0 7 0000 
11-FEB-2015 03 48087 3 2 5 50 6 00 00 10 208 20 160 3 0000 4 0000 5 0000 6 000 0 7 00 0 0 8 3 8 4 0 333 10 /// 58 000 6 000 0 7 0000 
11-FEB-2015 03 48092 3 1 5 56 6 36 01 10 240 20 200 3 0000 4 0123 5 0000 6 000 0 7 05 2 2 8 2 4 7 0 333 10 /// 59 033 6 000 0 7 0000 
11-FEB-2015 03 48093 3 2 5 50 6 04 01 10 236 20 191 3 0000 4 0000 5 0000 6 000 0 7 00 0 0 8 4 8 7 0 333 10 /// 58 000 6 000 0 7 0000 
11-FEB-2015 03 48094 3 2 4 57 7 32 02 10 255 20 225 3 0000 4 0143 5 0000 6 000 0 7 00 0 0 8 5 9 4 0 333 10 /// 59 028 6 000 0 7 0000 
11-FEB-2015 03 48095 3 2 5 58 4 22 01 10 230 20 198 3 0000 4 0000 5 0000 6 000 0 7 00 0 0 8 3 6 4 0 333 10 /// 58 000 6 000 0 7 0000 
11-FEB-2015 03 48096 3 2 9 57 4 25 04 10 240 20 209 3 0000 4 0146 5 0000 6 000 0 7 00 0 0 8 0 0 4 0 333 10 /// 59 035 6 000 0 7 0000 
11-FEB-2015 03 48097 3 1 5 57 5 23 01 10 250 20 205 3 0000 4 0143 5 0000 6 000 0 7 05 2 2 8 1 5 3 1 333 10 /// 59 030 6 000 0 7 0000 
11-FEB-2015 03 48099 3 1 4 40 3 13 02 10 250 20 205 3 0000 4 0145 5 0000 6 000 0 7 05 4 4 8 3 8 0 0 333 10 /// 59 026 6 000 0 7 0000 
11-FEB-2015 03 48101 3 2 6 58 4 32 01 10 242 20 209 3 0000 4 0000 5 0000 6 000 0 7 00 0 0 8 1 1 3 1 333 10 /// 58 000 6 000 0 7 0000 
11-FEB-2015 03 48103 3 2 9 50 0 04 01 10 263 20 203 3 0000 4 0143 5 0000 6 000 0 7 00 0 0 8 0 0 0 0 333 10 /// 59 030 6 000 0 7 0000 
11-FEB-2015 03 48107 3 1 9 50 0 04 01 10 246 20 186 3 0000 4 0134 5 0000 6 000 0 7 01 4 4 8 0 0 0 0 333 10 /// 59 019 6 000 0 7 0000 
11-FEB-2015 03 48108 3 2 5 96 4 14 01 10 250 20 200 3 0000 4 0145 5 0000 6 000 0 7 00 0 0 8 2 4 0 7 333 10 /// 59 020 6 000 0 7 0000 
11-FEB-2015 03 48109 3 2 5 97 1 04 01 10 272 20 226 3 0000 4 0149 5 0000 6 000 0 7 00 0 0 8 1 5 0 0 333 10 /// 59 024 6 000 0 7 0000 
11-FEB-2015 03 48110 3 1 9 96 2 00 00 10 270 20 226 3 0000 4 0147 5 0000 6 000 0 7 05 4 4 8 0 0 0 5 333 10 /// 59 013 6 000 0 7 0000 
11-FEB-2015 03 48112 3 2 5 98 6 04 03 10 260 20 229 3 0000 4 0142 5 0000 6 000 0 7 00 0 0 8 2 2 1 6 333 10 /// 59 015 6 000 0 7 0000 
