48001 NIL=
48004 32356 60000 10222 20173 86900 333 10270 56500=
48008 32550 71401 10248 20167 40119 84370 333 10275 56330 59004=
48010 32540 40000 10235 20191 40117 80032 333 10270 56056 59007=
48018 32556 71401 10245 20167 40101 84870 333 10280 56320 59006=
48019 32540 50000 10238 20209 40110 80025 333 10270 56056 59017=
48020 32350 60000 10255 20195 83540 333 10292 56550=
48025 32456 53201 10270 20133 40113 83840 333 10294 56550 59003=
48030 32256 32204 10158 20106 80006 333 10220 56009=
48031 NIL=
48033 32960 53301 10290 20159 40101 80006 333 10320 56006 59007=
48034 32456 41801 10202 20085 84500 333 10265 56500=
48035 31557 60000 10227 20124 40089 70522 84961 333 10268 56599 59008=
48037 32520 70000 10290 20140 40108 81171 333 10322 56659 58000=
48039 32460 60000 10280 20184 84850 333 10324 56550=
48042 32557 30000 10295 20182 40100 81452 333 10317 56969 59004=
48043 32010 50000 10200 20130 80032 333 10245 56099=
48045 NIL=
48048 32550 30401 10276 20158 40101 83800 333 10315 56900 59013=
48051 32558 63602 10263 20140 84831 333 10314 56699=
48052 32450 33202 10320 20140 83800 333 10350 56900=
48053 32550 60000 10280 20168 40098 83556 333 10305 56699 59014=
48055 32556 50902 10220 20173 40095 83506 333 10279 56509 59001=
48057 32457 53202 10190 20096 82556 333 10226 56559=
48060 32420 50000 10218 20087 40122 81132 333 10280 56569 59011=
48062 31450 83205 10260 20200 40116 70522 83936 333 10297 56599 59015=
48064 32550 51401 10265 20160 40088 81506 333 10320 56409 59007=
48065 32450 40000 10275 20146 83801 333 10326 56909=
48071 32456 63204 10258 20179 40118 84830 333 10280 56990 59017=
48072 32456 53201 10250 20186 84830 333 10290 56690=
48074 32457 70000 10294 20196 40102 84452 333 10326 56559 59017=
48075 31456 72201 10245 20170 40100 70522 85840 333 10290 56590 59030=
48077 31556 60000 10310 20092 40096 70522 84801 333 10352 56909 59011=
48078 32540 61401 10294 20154 40101 82532 333 10340 56559 59017=
48080 32457 80000 10265 20240 40120 85870 333 10325 56490 59007=
48085 32456 73205 10256 20215 40105 84876 333 10295 56599 59010=
48087 32550 40000 10260 20203 80041 333 10330 56099=
48092 31556 40000 10280 20233 40089 70522 82430 333 10335 56990 59012=
48093 32530 52301 10286 20179 83841 333 10322 56599=
48094 32456 43201 10275 20210 40114 82840 333 10324 56990 59015=
48095 32456 40000 10280 20203 82202 333 10325 56909=
48097 32556 62301 10265 20176 40125 81436 333 10342 56999 58005=
48099 32440 62302 10294 20196 40097 82830 333 10343 56550 59014=
48101 32650 40000 10268 20226 81130 333 10313 56990=
48103 32440 50000 10288 20215 40104 83530 333 10346 56110 59014=
48107 32940 23201 10280 20203 40108 80006 333 10338 56009 59008=
48108 32596 63201 10290 20230 40110 82406 333 10340 56909 59015=
48109 32496 70401 10283 20203 40122 84970 333 10325 56990 59008=
48110 31596 33205 10295 20226 40107 70511 81206 333 10340 56909 59006=
48112 32598 63601 10290 20230 40109 82216 333 10326 56899 59003=  48001 NIL=
48004 32356 60000 10222 20173 86900 333 10270 56500=
48008 32550 71401 10248 20167 40119 84370 333 10275 56330 59004=
48010 32540 40000 10235 20191 40117 80032 333 10270 56056 59007=
48018 32556 71401 10245 20167 40101 84870 333 10280 56320 59006=
48019 32540 50000 10238 20209 40110 80025 333 10270 56056 59017=
48020 32350 60000 10255 20195 83540 333 10292 56550=
48025 32456 53201 10270 20133 40113 83840 333 10294 56550 59003=
48035 31557 60000 10227 20124 40089 70522 84961 333 10268 56599 59008=
48037 32520 70000 10290 20140 40108 81171 333 10322 56659 58000=
48042 32557 30000 10295 20182 40100 81452 333 10317 56969 59004=
48045 NIL=
48048 32550 30401 10276 20158 40101 83800 333 10315 56900 59013=
48051 32558 63602 10263 20140 84831 333 10314 56699=
48053 32550 60000 10280 20168 40098 83556 333 10305 56699 59014=
48060 32420 50000 10218 20087 40122 81132 333 10280 56569 59011=
48062 31450 83205 10260 20200 40116 70522 83936 333 10297 56599 59015=
48071 32456 63204 10258 20179 40118 84830 333 10280 56990 59017=
48075 31456 72201 10245 20170 40100 70522 85840 333 10290 56590 59030=
48077 31556 60000 10310 20092 40096 70522 84801 333 10352 56909 59011=
48078 32540 61401 10294 20154 40101 82532 333 10340 56559 59017=
48080 32457 80000 10265 20240 40120 85870 333 10325 56490 59007=
48085 32456 73205 10256 20215 40105 84876 333 10295 56599 59010=
48095 32456 40000 10280 20203 82202 333 10325 56909=
48108 32596 63201 10290 20230 40110 82406 333 10340 56909 59015=
48109 32496 70401 10283 20203 40122 84970 333 10325 56990 59008=
48110 31596 33205 10295 20226 40107 70511 81206 333 10340 56909 59006=
48112 32598 63601 10290 20230 40109 82216 333 10326 56899 59003=
48030 32256 32204 10158 20106 80006 333 10220 56009=
48072 32456 53201 10250 20186 84830 333 10290 56690=
48087 32550 40000 10260 20203 80041 333 10330 56099=
48099 32440 62302 10294 20196 40097 82830 333 10343 56550 59014=
48101 32650 40000 10268 20226 81130 333 10313 56990=
48103 32440 50000 10288 20215 40104 83530 333 10346 56110 59014=
48057 32457 53202 10190 20096 82556 333 10226 56559=
48094 32456 43201 10275 20210 40114 82840 333 10324 56990 59015=
48097 32556 62301 10265 20176 40125 81436 333 10342 56999 58005=
48031 NIL=
48033 32960 53301 10290 20159 40101 80006 333 10320 56006 59007=
48034 NIL=
48039 32460 60000 10280 20184 84850 333 10324 56550=
48043 32010 50000 10200 20130 80032 333 10245 56099=
48052 32450 33202 10320 20140 83800 333 10350 56900=
48055 32556 50902 10220 20173 40095 83506 333 10279 56509 59001=
48064 32550 51401 10265 20160 40088 81506 333 10320 56409 59007=
48065 32450 40000 10275 20146 83801 333 10326 56909=
48074 32457 70000 10294 20196 40102 84452 333 10326 56559 59017=
48092 31556 40000 10280 20233 40089 70522 82430 333 10335 56990 59012=
48093 32530 52301 10286 20179 83841 333 10322 56599=
48107 32940 23201 10280 20203 40108 80006 333 10338 56009 59008=  48001 NIL=
48004 32356 60000 10222 20173 86900 333 10270 56500=
48008 32550 71401 10248 20167 40119 84370 333 10275 56330 59004=
48010 32540 40000 10235 20191 40117 80032 333 10270 56056 59007=
48018 32556 71401 10245 20167 40101 84870 333 10280 56320 59006=
48019 32540 50000 10238 20209 40110 80025 333 10270 56056 59017=
48020 32350 60000 10255 20195 83540 333 10292 56550=
48025 32456 53201 10270 20133 40113 83840 333 10294 56550 59003=
48030 32256 32204 10158 20106 80006 333 10220 56009=
48031 NIL=
48033 32960 53301 10290 20159 40101 80006 333 10320 56006 59007=
48034 32456 41801 10202 20085 84500 333 10265 56500=
48035 31557 60000 10227 20124 40089 70522 84961 333 10268 56599 59008=
48037 32520 70000 10290 20140 40108 81171 333 10322 56659 58000=
48039 32460 60000 10280 20184 84850 333 10324 56550=
48042 32557 30000 10295 20182 40100 81452 333 10317 56969 59004=
48043 32010 50000 10200 20130 80032 333 10245 56099=
48045 NIL=
48048 32550 30401 10276 20158 40101 83800 333 10315 56900 59013=
48051 32558 63602 10263 20140 84831 333 10314 56699=
48052 32450 33202 10320 20140 83800 333 10350 56900=
48053 32550 60000 10280 20168 40098 83556 333 10305 56699 59014=
48055 32556 50902 10220 20173 40095 83506 333 10279 56509 59001=
48057 32457 53202 10190 20096 82556 333 10226 56559=
48060 32420 50000 10218 20087 40122 81132 333 10280 56569 59011=
48062 31450 83205 10260 20200 40116 70522 83936 333 10297 56599 59015=
48064 32550 51401 10265 20160 40088 81506 333 10320 56409 59007=
48065 32450 40000 10275 20146 83801 333 10326 56909=
48071 32456 63204 10258 20179 40118 84830 333 10280 56990 59017=
48072 32456 53201 10250 20186 84830 333 10290 56690=
48074 32457 70000 10294 20196 40102 84452 333 10326 56559 59017=
48075 31456 72201 10245 20170 40100 70522 85840 333 10290 56590 59030=
48077 31556 60000 10310 20092 40096 70522 84801 333 10352 56909 59011=
48078 32540 61401 10294 20154 40101 82532 333 10340 56559 59017=
48080 32457 80000 10265 20240 40120 85870 333 10325 56490 59007=
48085 32456 73205 10256 20215 40105 84876 333 10295 56599 59010=
48087 32550 40000 10260 20203 80041 333 10330 56099=
48092 31556 40000 10280 20233 40089 70522 82430 333 10335 56990 59012=
48093 32530 52301 10286 20179 83841 333 10322 56599=
48094 32456 43201 10275 20210 40114 82840 333 10324 56990 59015=
48095 32456 40000 10280 20203 82202 333 10325 56909=
48097 32556 62301 10265 20176 40125 81436 333 10342 56999 58005=
48099 32440 62302 10294 20196 40097 82830 333 10343 56550 59014=
48101 32650 40000 10268 20226 81130 333 10313 56990=
48103 32440 50000 10288 20215 40104 83530 333 10346 56110 59014=
48107 32940 23201 10280 20203 40108 80006 333 10338 56009 59008=
48108 32596 63201 10290 20230 40110 82406 333 10340 56909 59015=
48109 32496 70401 10283 20203 40122 84970 333 10325 56990 59008=
48110 31596 33205 10295 20226 40107 70511 81206 333 10340 56909 59006=
48112 32598 63601 10290 20230 40109 82216 333 10326 56899 59003=  