111800 48008 31510 10000 10150 20134 40179 71044 81400 333 56400 58015=
111800 48010 32003 00000 10150 20142 40184 333 58015=
111800 48018 32910 00000 10180 20147 40178 333 58007=
111800 48025 32905 02201 10170 20154 40180 333 58018=
111800 48042 32950 00000 10173 20135 40152 333 58013=
111800 48053 32940 00000 10180 20129 40164 333 58022=
111800 48057 32957 01401 10094 20068 333=
111800 48060 32410 30000 10142 20124 40188 83100 333 56500 58007=
111800 48071 32920 03203 10220 20173 40132 333 59003=
111800 48080 32940 00000 10160 20144 40138 333 59002=
111800 48094 32950 00000 10190 20160 40136 333 59004=
111800 48097 32456 11301 10200 20168 40134 70211 81500 333 56900 59006=
111800 48099 31340 20000 10208 20195 40131 71044 82800 333 56900 58001=
111800 48103 32510 40402 10225 20156 40125 84500 333 56100 59002=
111800 48108 22495 70502 10230 20214 40130 83876 333 56999 59008=
111800 48109 32495 30402 10260 20203 40120 70322 83900 333 56900 59012=
111800 48110 21494 80000 10220 20220 40125 70265 84377 333 56999 59007=
111800 48112 32597 70403 10272 20240 40100 83876 333 56199 59008=  
