11-JAN-2015 09 48004 3 2 5 62 2 04 01 10 225 20 163 3 0000 4 0000 5 0000 6 000 0 7 00 0 0 8 2 8 0 0 333 10 /// 58 000 6 000 0 7 0000 
11-JAN-2015 09 48008 3 2 5 57 4 14 01 10 242 20 136 3 0000 4 0151 5 0000 6 000 0 7 00 0 0 8 2 9 7 0 333 10 /// 58 017 6 000 0 7 0000 
11-JAN-2015 09 48010 3 2 5 60 2 00 00 10 255 20 203 3 0000 4 0154 5 0000 6 000 0 7 00 0 0 8 2 8 0 0 333 10 /// 58 017 6 000 0 7 0000 
11-JAN-2015 09 48018 3 2 5 60 1 14 01 10 260 20 160 3 0000 4 0154 5 0000 6 000 0 7 02 1 1 8 1 1 0 0 333 10 /// 58 016 6 000 0 7 0000 
11-JAN-2015 09 48025 3 2 4 58 4 36 01 10 250 20 150 3 0000 4 0145 5 0000 6 000 0 7 00 0 0 8 3 8 4 0 333 10 /// 58 001 6 000 0 7 0000 
11-JAN-2015 09 48030 3 2 9 56 0 04 04 10 160 20 059 3 0000 4 0000 5 0000 6 000 0 7 00 0 0 8 0 0 0 0 333 10 /// 58 000 6 000 0 7 0000 
11-JAN-2015 09 48031 3 2 9 68 0 22 01 10 190 20 047 3 0000 4 0000 5 0000 6 000 0 7 00 0 0 8 0 0 0 0 333 10 /// 58 000 6 000 0 7 0000 
11-JAN-2015 09 48033 3 2 5 63 1 32 01 10 288 20 146 3 0000 4 0099 5 0000 6 000 0 7 00 0 0 8 1 1 0 0 333 10 /// 59 030 6 000 0 7 0000 
11-JAN-2015 09 48034 3 2 4 57 2 04 02 10 205 20 033 3 0000 4 0000 5 0000 6 000 0 7 00 0 0 8 2 8 0 0 333 10 /// 58 000 6 000 0 7 0000 
11-JAN-2015 09 48035 3 2 5 60 1 18 02 10 227 20 034 3 0000 4 0103 5 0000 6 000 0 7 00 0 0 8 1 1 0 0 333 10 /// 59 002 6 000 0 7 0000 
11-JAN-2015 09 48037 3 2 5 58 2 36 01 10 277 20 146 3 0000 4 0123 5 0000 6 000 0 7 00 0 0 8 2 1 0 0 333 10 /// 58 003 6 000 0 7 0000 
11-JAN-2015 09 48039 3 2 9 60 0 32 01 10 287 20 140 3 0000 4 0000 5 0000 6 000 0 7 00 0 0 8 0 0 0 0 333 10 /// 58 000 6 000 0 7 0000 
11-JAN-2015 09 48042 3 2 5 59 1 32 03 10 276 20 126 3 0000 4 0121 5 0000 6 000 0 7 00 0 0 8 1 2 0 0 333 10 /// 58 000 6 000 0 7 0000 
11-JAN-2015 09 48043 3 2 6 57 1 05 04 10 210 20 072 3 0000 4 0000 5 0000 6 000 0 7 00 0 0 8 1 2 0 0 333 10 /// 58 000 6 000 0 7 0000 
11-JAN-2015 09 48045 3 2 5 62 2 14 03 10 183 20 056 3 0000 4 0000 5 0000 6 000 0 7 00 0 0 8 2 8 0 0 333 10 /// 58 000 6 000 0 7 0000 
11-JAN-2015 09 48048 3 2 5 60 2 04 02 10 280 20 146 3 0000 4 0140 5 0000 6 000 0 7 00 0 0 8 2 8 0 0 333 10 /// 58 016 6 000 0 7 0000 
11-JAN-2015 09 48051 3 2 9 60 0 23 02 10 282 20 150 3 0000 4 0000 5 0000 6 000 0 7 02 0 0 8 0 0 0 0 333 10 /// 58 000 6 000 0 7 0000 
11-JAN-2015 09 48052 3 2 9 70 0 04 01 10 288 20 140 3 0000 4 0000 5 0000 6 000 0 7 00 0 0 8 0 0 0 0 333 10 /// 58 000 6 000 0 7 0000 
11-JAN-2015 09 48053 3 2 9 56 0 36 04 10 280 20 146 3 0000 4 0118 5 0000 6 000 0 7 00 0 0 8 0 0 0 0 333 10 /// 59 000 6 000 0 7 0000 
11-JAN-2015 09 48055 3 2 5 57 2 04 02 10 221 20 124 3 0000 4 0115 5 0000 6 000 0 7 00 0 0 8 2 1 0 0 333 10 /// 58 032 6 000 0 7 0000 
11-JAN-2015 09 48057 3 2 4 56 1 14 01 10 192 20 072 3 0000 4 0000 5 0000 6 000 0 7 00 0 0 8 1 5 0 0 333 10 /// 58 000 6 000 0 7 0000 
11-JAN-2015 09 48060 3 2 4 40 3 00 00 10 203 20 091 3 0000 4 0125 5 0000 6 000 0 7 00 0 0 8 3 1 0 0 333 10 /// 59 027 6 000 0 7 0000 
11-JAN-2015 09 48062 3 1 5 56 3 27 06 10 280 20 220 3 0000 4 0120 5 0000 6 000 0 7 05 2 2 8 2 5 0 2 333 10 /// 59 005 6 000 0 7 0000 
11-JAN-2015 09 48064 3 2 9 70 0 14 01 10 268 20 172 3 0000 4 0097 5 0000 6 000 0 7 00 0 0 8 0 0 0 0 333 10 /// 59 001 6 000 0 7 0000 
11-JAN-2015 09 48065 3 2 9 70 0 00 00 10 300 20 166 3 0000 4 0000 5 0000 6 000 0 7 00 0 0 8 0 0 0 0 333 10 /// 58 000 6 000 0 7 0000 
11-JAN-2015 09 48071 3 2 9 60 0 05 05 10 280 20 184 3 0000 4 0123 5 0000 6 000 0 7 00 0 0 8 0 0 0 0 333 10 /// 59 009 6 000 0 7 0000 
11-JAN-2015 09 48072 3 2 9 60 0 04 01 10 280 20 220 3 0000 4 0000 5 0000 6 000 0 7 05 2 2 8 0 0 0 0 333 10 /// 58 000 6 000 0 7 0000 
11-JAN-2015 09 48074 3 2 9 60 0 04 02 10 295 20 098 3 0000 4 0122 5 0000 6 000 0 7 00 0 0 8 0 0 0 0 333 10 /// 58 007 6 000 0 7 0000 
11-JAN-2015 09 48075 3 2 5 60 2 14 01 10 240 20 110 3 0000 4 0118 5 0000 6 000 0 7 00 0 0 8 2 1 0 0 333 10 /// 58 009 6 000 0 7 0000 
11-JAN-2015 09 48077 3 2 9 59 0 04 02 10 300 20 124 3 0000 4 0109 5 0000 6 000 0 7 00 0 0 8 0 0 0 0 333 10 /// 59 004 6 000 0 7 0000 
11-JAN-2015 09 48078 3 2 9 58 1 32 02 10 294 20 064 3 0000 4 0110 5 0000 6 000 0 7 00 0 0 8 0 0 0 1 333 10 /// 59 010 6 000 0 7 0000 
11-JAN-2015 09 48080 3 2 9 59 0 04 04 10 293 20 248 3 0000 4 0109 5 0000 6 000 0 7 00 0 0 8 0 0 0 0 333 10 /// 59 012 6 000 0 7 0000 
11-JAN-2015 09 48085 3 2 9 58 0 32 05 10 280 20 126 3 0000 4 0105 5 0000 6 000 0 7 00 0 0 8 0 0 0 0 333 10 /// 59 010 6 000 0 7 0000 
11-JAN-2015 09 48092 3 2 5 58 2 04 01 10 300 20 149 3 0000 4 0089 5 0000 6 000 0 7 03 2 2 8 1 4 3 0 333 10 /// 59 013 6 000 0 7 0000 
11-JAN-2015 09 48093 3 2 9 58 0 14 01 10 292 20 159 3 0000 4 0000 5 0000 6 000 0 7 02 1 1 8 0 0 0 0 333 10 /// 58 000 6 000 0 7 0000 
11-JAN-2015 09 48094 3 2 9 60 0 04 02 10 300 20 120 3 0000 4 0129 5 0000 6 000 0 7 00 0 0 8 0 0 0 0 333 10 /// 59 005 6 000 0 7 0000 
11-JAN-2015 09 48095 3 2 9 60 2 04 01 10 280 20 146 3 0000 4 0000 5 0000 6 000 0 7 03 1 1 8 0 0 0 2 333 10 /// 58 000 6 000 0 7 0000 
11-JAN-2015 09 48097 3 2 4 57 5 33 02 10 300 20 136 3 0000 4 0120 5 0000 6 000 0 7 00 0 0 8 1 5 5 1 333 10 /// 59 008 6 000 0 7 0000 
11-JAN-2015 09 48099 3 2 4 56 4 04 02 10 300 20 207 3 0000 4 0101 5 0000 6 000 0 7 00 0 0 8 3 9 3 0 333 10 /// 59 011 6 000 0 7 0000 
11-JAN-2015 09 48101 3 2 6 60 1 36 01 10 283 20 146 3 0000 4 0000 5 0000 6 000 0 7 00 0 0 8 1 1 0 0 333 10 /// 58 000 6 000 0 7 0000 
11-JAN-2015 09 48103 3 2 5 57 4 04 02 10 302 20 185 3 0000 4 0099 5 0000 6 000 0 7 00 0 0 8 4 8 0 0 333 10 /// 59 018 6 000 0 7 0000 
11-JAN-2015 09 48107 2 1 3 50 6 04 01 10 272 20 226 3 0000 4 0096 5 0000 6 000 0 7 01 5 5 8 4 9 7 0 333 10 /// 59 019 6 000 0 7 0000 
11-JAN-2015 09 48108 2 1 4 95 8 32 03 10 280 20 220 3 0000 4 0099 5 0000 6 000 0 7 50 5 5 8 2 3 7 / 333 10 /// 59 019 6 000 0 7 0000 
11-JAN-2015 09 48109 3 2 4 97 3 04 01 10 300 20 207 3 0000 4 0108 5 0000 6 000 0 7 00 0 0 8 3 5 0 0 333 10 /// 59 011 6 000 0 7 0000 
11-JAN-2015 09 48110 3 1 5 96 7 36 02 10 310 20 254 3 0000 4 0091 5 0000 6 000 0 7 05 2 2 8 4 3 5 6 333 10 /// 59 014 6 000 0 7 0000 
11-JAN-2015 09 48112 3 2 5 98 6 04 01 10 325 20 248 3 0000 4 0092 5 0000 6 000 0 7 00 0 0 8 2 2 1 6 333 10 /// 59 008 6 000 0 7 0000 
