48001 NIL=
48004 NIL=
48008 22440 40000 10117 20114 40179 82970 333 20108 56340 58036=
48010 32020 00000 10130 20130 40175 333 20125 58036=
48018 22920 00000 10130 20113 40176 333 20124 58041=
48019 32540 10000 10135 20130 40165 80005 333 20125 56006 58036=
48020 NIL=
48025 31010 30000 10136 20124 40177 74044 83600 333 20128 56500 58011=
48030 32009 32204 10005 20005 83700 333 21004 56500=
48031 32950 03201 10064 20035 333 20052=
48033 32960 03601 10160 20144 40163 333 20110 58020=
48034 31948 00000 10055 20040 71000 333 20045=
48035 31/01 90000 10081 20080 40191 74744 333 20075 58032=
48037 32910 00000 10140 20124 40159 333 20133 58028=
48039 31450 33202 10140 20124 71011 83400 333 20139 56900=
48042 32956 00000 10145 20124 40152 333 20140 58015=
48043 21056 00000 10060 20035 71022 333 20023=
48045 NIL=
48048 32940 00401 10127 20086 40160 333 20120 58024=
48051 31940 00000 10123 20120 71000 333 20117=
48052 32950 00401 10128 20086 333 20072=
48053 32940 03602 10150 20134 40153 333 20128 58012=
48055 31440 80000 10074 20074 40199 71022 8697/ 333 20052 56299 58020=
48057 31439 00000 10067 20067 71000 333 20065=
48060 21410 80000 10126 20126 40199 75055 8597/ 333 20120 56569 58012=
48062 31530 20401 10152 20150 40142 74011 82500 333 20125 56900 59002=
48064 32950 01401 10140 20107 40140 333 20106 58028=
48065 32950 00000 10140 20124 333 20125=
48071 31940 00000 10195 20168 40140 74044 333 20160 58000=
48072 NIL=
48074 31956 00000 10128 20113 40152 71000 333 20115 58010=
48075 31956 00000 10085 20085 40194 71022 333 20075 58018=
48077 31956 00401 10170 20154 40136 71000 333 20140 58011=
48078 32950 12701 10130 20100 40152 80001 333 20113 56009 58009=
48080 31908 00000 10110 20091 40147 74144 333 20098 59002=
48085 31930 01401 10114 20112 40137 74244 333 20113 58002=
48087 32940 00000 10126 20113 333 20115=
48092 31540 10000 10130 20121 40121 71011 81400 333 20120 56900 58006=
48093 32920 00401 10158 20144 333 20154=
48094 31956 00000 10160 20140 40138 71000 333 20122 58001=
48095 NIL=
48096 32456 20103 10170 20154 40141 70222 81401 333 20168 56909 58001=
48097 31456 40000 10160 20144 40135 71011 84500 333 20150 56900 59001=
48099 31340 60401 10200 20185 40131 70266 83840 333 20182 56110 59011=
48101 31956 10000 10175 20147 70241 80001 333 20150 56009=
48103 32340 50402 10206 20195 40127 85300 333 20186 56100 59012=
48107 32330 60901 10210 20195 40122 84970 333 20199 56330 59011=
48108 21594 70000 10220 20212 40109 74022 83876 333 20200 56999 59024=
48109 31496 70000 10212 20195 40129 71022 85970 333 20193 56990 59010=
48110 31595 80000 10235 20227 40120 70522 84557 333 20235 56999 59002=
48112 32597 80401 10250 20190 40110 83876 333 20204 56199 59004=  