110900 48004 32562 20401 10225 20163 82800 333 56900=
110900 48008 32557 41401 10242 20136 40151 82970 333 56430 58017=
110900 48010 32560 20000 10255 20203 40154 82800 333 56100 58017=
110900 48018 32560 11401 10260 20160 40154 70211 81100 333 56600 58016=
110900 48025 32458 43601 10250 20150 40145 83840 333 56540 58001=
110900 48030 32956 00404 10160 20059 333=
110900 48031 32968 02201 10190 20047 333=
110900 48033 32563 13201 10288 20146 40099 81100 333 56900 59030=
110900 48034 32457 20402 10205 20033 82800 333 56500=
110900 48035 32560 11802 10227 20034 40103 81100 333 56900 59002=
110900 48037 32558 23601 10277 20146 40123 82100 333 56500 58003=
110900 48039 32960 03201 10287 20140 333=
110900 48042 32559 13203 10276 20126 40121 81200 333 56900 58000=
110900 48043 32657 10504 10210 20072 81200 333 56900=
110900 48045 32562 21403 10183 20056 82800 333 56600=
110900 48048 32560 20402 10280 20146 40140 82800 333 56900 58016=
110900 48051 32960 02302 10282 20150 70200 333=
110900 48052 32970 00401 10288 20140 333=
110900 48053 32956 03604 10280 20146 40118 333 59000=
110900 48055 32557 20402 10221 20124 40115 82100 333 56500 58032=
110900 48057 32456 11401 10192 20072 81500 333 56300=
110900 48060 32440 30000 10203 20091 40125 83100 333 56500 59027=
110900 48062 31556 32706 10280 20220 40120 70522 82502 333 56909 59005=
110900 48064 32970 01401 10268 20172 40097 333 59001=
110900 48065 32970 00000 10300 20166 333=
110900 48071 32960 00505 10280 20184 40123 333 59009=
110900 48072 32960 00401 10280 20220 70522 333=
110900 48074 32960 00402 10295 20098 40122 333 58007=
110900 48075 32560 21401 10240 20110 40118 82100 333 56500 58009=
110900 48077 32959 00402 10300 20124 40109 333 59004=
110900 48078 32958 13202 10294 20064 40110 80001 333 56009 59010=
110900 48080 32959 00404 10293 20248 40109 333 59012=
110900 48085 32958 03205 10280 20126 40105 333 59010=
110900 48092 32558 20401 10300 20149 40089 70322 81430 333 56990 59013=
110900 48093 32958 01401 10292 20159 70211 333=
110900 48094 32960 00402 10300 20120 40129 333 59005=
110900 48095 32960 20401 10280 20146 70311 80002 333 56009=
110900 48097 32457 53302 10300 20136 40120 81551 333 56990 59008=
110900 48099 32456 40402 10300 20207 40101 83930 333 56110 59011=
110900 48101 32660 13601 10283 20146 81100 333 56400=
110900 48103 32557 40402 10302 20185 40099 84800 333 56100 59018=
110900 48107 21350 60401 10272 20226 40096 70155 84970 333 56550 59019=
110900 48108 21495 83203 10280 20220 40099 75055 8237/ 333 5649/ 59019=
110900 48109 32497 30401 10300 20207 40108 83500 333 56900 59011=
110900 48110 31596 73602 10310 20254 40091 70522 84356 333 56299 59014=
110900 48112 32598 60401 10325 20248 40092 82216 333 56199 59008=  48001 NIL=
110900 48004 32562 20401 10225 20163 82800 333 56900=
110900 48008 32557 41401 10242 20136 40151 82970 333 56430 58017=
110900 48010 32560 20000 10255 20203 40154 82800 333 56100 58017=
110900 48018 32560 11401 10260 20160 40154 70211 81100 333 56600 58016=
110900 48025 32458 43601 10250 20150 40145 83840 333 56540 58001=
110900 48035 32560 11802 10227 20034 40103 81100 333 56900 59002=
110900 48037 32558 23601 10277 20146 40123 82100 333 56500 58003=
110900 48042 32559 13203 10276 20126 40121 81200 333 56900 58000=
110900 48045 32562 21403 10183 20056 82800 333 56600=
110900 48048 32560 20402 10280 20146 40140 82800 333 56900 58016=
110900 48051 32960 02302 10282 20150 70200 333=
110900 48053 32956 03604 10280 20146 40118 333 59000=
110900 48060 32440 30000 10203 20091 40125 83100 333 56500 59027=
110900 48062 31556 32706 10280 20220 40120 70522 82502 333 56909 59005=
110900 48071 32960 00505 10280 20184 40123 333 59009=
110900 48075 32560 21401 10240 20110 40118 82100 333 56500 58009=
110900 48077 32959 00402 10300 20124 40109 333 59004=
110900 48078 32958 13202 10294 20064 40110 80001 333 56009 59010=
110900 48080 32959 00404 10293 20248 40109 333 59012=
110900 48085 32958 03205 10280 20126 40105 333 59010=
110900 48095 32960 20401 10280 20146 70311 80002 333 56009=
110900 48108 21495 83203 10280 20220 40099 75055 8237/ 333 5649/ 59019=
110900 48109 32497 30401 10300 20207 40108 83500 333 56900 59011=
110900 48110 31596 73602 10310 20254 40091 70522 84356 333 56299 59014=
110900 48112 32598 60401 10325 20248 40092 82216 333 56199 59008=
110900 48030 32956 00404 10160 20059 333=
110900 48072 32960 00401 10280 20220 70522 333=
110900 48099 32456 40402 10300 20207 40101 83930 333 56110 59011=
110900 48101 32660 13601 10283 20146 81100 333 56400=
110900 48103 32557 40402 10302 20185 40099 84800 333 56100 59018=
110900 48057 32456 11401 10192 20072 81500 333 56300=
110900 48094 32960 00402 10300 20120 40129 333 59005=
110900 48097 32457 53302 10300 20136 40120 81551 333 56990 59008=
110900 48031 32968 02201 10190 20047 333=
110900 48033 32563 13201 10288 20146 40099 81100 333 56900 59030=
110900 48034 32457 20402 10205 20033 82800 333 56500=
110900 48039 32960 03201 10287 20140 333=
110900 48043 32657 10504 10210 20072 81200 333 56900=
110900 48052 32970 00401 10288 20140 333=
110900 48055 32557 20402 10221 20124 40115 82100 333 56500 58032=
110900 48064 32970 01401 10268 20172 40097 333 59001=
110900 48065 32970 00000 10300 20166 333=
110900 48074 32960 00402 10295 20098 40122 333 58007=
110900 48092 32558 20401 10300 20149 40089 70322 81430 333 56990 59013=
110900 48093 32958 01401 10292 20159 70211 333=
110900 48107 21350 60401 10272 20226 40096 70155 84970 333 56550 59019=  
