



*-*-*


<!--
.style2 {
	font-family:"Courier New", Courier, monospace;
	font-size: 14px;
}
-->






SMBM01 VBRR 111200

AAXX 11124

48001 32457 20000 10176 20147 40162 82300 333 10210 56500 58006= 

48004 32560 13201 10194 20159 81500 333 10242 56900=

48008 32540 10000 10197 20150 40158 81400 333 10247 56400 58012=

48010 32540 20000 10210 20195 40150 81440 333 10261  58012=

48018 32558 20401 10215 20160 40156 82800 333 10265 56800 58014=

48019 32940 00401 10193 20139 40148 333 10251 58010=

48020 31230 20000 10215 20175 70511 82800 333 10255 56400=

48025 32458 23201 10228 20143 40152 81540 333 10255 56590 59014=

48030 32256 22204 10120 20102 80001 333 10165 56009=

48031 32268 11801 10125 20054 80002 333 10195 56009=

48033 32962 03302 10250 20167 40138 333 10280 59003=

48034 32456 10404 10150 20092 81500 333 10215 56500=

48035 32560 10000 10155 20106 40143 81200 333 10230 56900 58012=

48037 32010 00000 10254 20150 40138 333 10283 58013=

48039 32460 22201 10245 20114 82400 333 10291 56500=

48042 32956 00000 10240 20136 40129 333 10281 58005=

48043 32010 00000 10180 20108 333 10215=

48045 32957 11402 10151 40047 80001 333 10202 56009=

48048 32950 03601 10252 20167 40140 333 10290 58026=

48051 32958 03101 10252 20190 70200 333 10290=

48052 32450 30403 10262 20128 82200 333 10290 56900=

48053 32950 03601 10240 20136 40129 333 10280 59003=

48055 32556 10402 10190 20145 40133 81500 333 10230 56500 58012=

48057 32439 00000 10148 20073 333 10205=

48060 32410 30000 10163 20106 40162 83100 333 10212 56500 59021=

48062 NIL=

48064 32950 00000 10250 20167 40110 333 10284 58000=

48065 32950 10000 10254 20167 80001 333 10302 56009=

48071 32956 03204 10253 20150 40130 333 10285 59002=

48072 32956 00401 10250 20233 333 10295=

48074 32956 00000 10250 20167 40118 333 10300 59021=

48075 32456 20000 10200 20170 40156 82500 333 10240 56500 58017=

48077 32956 00000 10260 20138 40108 333 10302 59007=

48078 32950 10000 10244 20152 40124 80001 333 10297 56009 58001=

48080 32957 01801 10251 20219 40119 333 10303 59012=

48085 32956 00402 10248 20167 40118 333 10282 59005=

48087 32940 10000 10242 20174 80001 333 10285 56009=

48092 32550 20000 10260 20160 40094 81500 333 10305 56900 59020=

48093 32930 01401 10252 20167 333 10297=

48094 32956 00000 10250 20170 40119 333 10306 59003=

48095 32956 00401 10250 20205 333 10285=

48096 32958 23602 10270 20154 40127 70222 80030 333 10295 56090 59007=

48097 32456 62301 10250 20186 40130 82550 333 10310 56990 59002=

48099 NIL=

48101 21540 50000 10237 20191 70322 82130 333 10288 56990=

48103 32540 30403 10250 20186 40114 83500 333 10304 56100 59014=

48107 22330 41802 10256 20215 40104 84900 333 10290 56500 59015=

48108 21495 70502 10245 20214 40112 70155 83366 333 10300 56999 59017=

48109 32996 00401 10266 20211 40121 70122 333 10305 59011=

48110 32495 80404 10280 20250 40104 85307 333 10310 56209 59016=

48112 32598 60401 10298 20239 40097 70122 82216 333 10331 56199 59010=  
SMBM01 VBRR 111200

AAXX 11124

48001 32457 20000 10176 20147 40162 82300 333 10210

56500 58006=

48004 32560 13201 10194 20159 81500 333 10242 56900=

48008 32540 10000 10197 20150 40158 81400 333 10247

56400 58012=

48010 32540 20000 10210 20195 40150 81440 333 10261

58012=

48018 32558 20401 10215 20160 40156 82800 333 10265

56800 58014=

48019 32940 00401 10193 20139 40148 333 10251 58010=

48020 31230 20000 10215 20175 70511 82800 333 10255

56400=

48025 32458 23201 10228 20143 40152 81540 333 10255

56590 59014=

48035 32560 10000 10155 20106 40143 81200 333 10230

56900 58012= 

48037 32010 00000 10254 20150 40138 333

10283 58013=

48037 NIL=

48042 32956 00000 10240 20136 40129 333 10281 58005=

48045 32957 11402 10151 40047 80001 333 10202 56009=

48048 32950 03601 10252 20167 40140 333 10290 58026=

48051 32958 03101 10252 20190 70200 333 10290=

48053 32950 03601 10240 20136 40129 333 10280 59003=

48060 32410 30000 10163 20106 40162 83100 333 10212

56500 59021=

48062 NIL=

48071 32956 03204 10253 20150 40130 333 10285 59002=

48075 32456 20000 10200 20170 40156 82500 333 10240

56500 58017=

48077 32956 00000 10260 20138 40108 333 10302 59007=

48078 32950 10000 10244 20152 40124 80001 333 10297

56009 58001=

48080 32957 01801 10251 20219 40119 333 10303 59012=

48085 32956 00402 10248 20167 40118 333 10282 59005=

48095 32956 00401 10250 20205 333 10285=

48108 21495 70502 10245 20214 40112 70155 83366 333

10300 56999 59017=

48109 32996 00401 10266 20211 40121 70122 333 10305

59011=

48110 32495 80404 10280 20250 40104 85307 333 10310

56209 59016=

48112 32598 60401 10298 20239 40097 70122 82216 333

10331 56199 59010=

48030 32256 22204 10120 20102 80001 333 10165 56009=

48072 32956 00401 10250 20233 333 10295=

48087 32940 10000 10242 20174 80001 333 10285 56009=

48099 NIL=

48101 21540 50000 10237 20191 70322 82130 333 10288

56990=

48103 32540 30403 10250 20186 40114 83500 333 10304

56100 59014=

48057 32439 00000 10148 20073 333 10205=

48094 32956 00000 10250 20170 40119 333 10306 59003=

48097 32456 62301 10250 20186 40130 82550 333 10310

56990 59002=

48031 32268 11801 10125 20054 80002 333 10195 56009=

48033 32962 03302 10250 20167 40138 333 10280 59003=

48034 32456 10404 10150 20092 81500 333 10215 56500=

48039 32460 22201 10245 20114 82400 333 10291 56500=

48043 32010 00000 10180 20108 333 10215=

48052 32450 30403 10262 20128 82200 333 10290 56900=

48055 32556 10402 10190 20145 40133 81500 333 10230

56500 58012=

48064 32950 00000 10250 20167 40110 333 10284 58000=

48065 32950 10000 10254 20167 80001 333 10302 56009=

48074 32956 00000 10250 20167 40118 333 10300 59021=

48092 32550 20000 10260 20160 40094 81500 333 10305

56900 59020=

48093 32930 01401 10252 20167 333 10297=

48107 22330 41802 10256 20215 40104 84900 333 10290

56500 59015=  





