110900 48001 32456 72201 10268 20240 40047 84860 333 56680 58001=
110900 48004 31110 81301 10268 20256 75065 8697/ 333 56559=
110900 48010 32558 61801 10300 20239 40044 85830 333 56660 58005=
110900 48018 22560 72201 10302 20253 40054 83872 333 56569 58005=
110900 48019 22460 43202 10287 20259 40044 82660 333 56760 58029=
110900 48020 32458 70403 10310 20246 85330 333 56490=
110900 48025 21330 80000 10310 20254 40044 76095 8537/ 333 56559 58028=
110900 48030 21250 70402 10220 20185 75055 86940 333 56180=
110900 48031 21/05 92201 10195 20168 79596 89/// 333 56999=
110900 48033 32563 41801 10340 20240 40033 84800 333 56500 58027=
110900 48034 22457 61802 10252 20219 76055 86300 333 56500=
110900 48035 31556 63202 10256 20229 40016 70166 84961 333 56199 58026=
110900 48037 32560 41802 10357 20235 40017 83201 333 56404 59001=
110900 48039 32460 70000 10340 20240 85960 333 56550=
110900 48042 32560 81803 10366 20246 40023 83252 333 56449 58005=
110900 48043 32656 61807 10280 20203 84830 333 56590=
110900 48045 21/15 80403 10218 20218 76096 887// 333 56999=
110900 48048 32558 71801 10365 20249 40034 85950 333 56490 58014=
110900 48051 32559 61303 10318 20280 84930 333 56490=
110900 48052 32465 61301 10385 20253 85930 333 56990=
110900 48053 32456 61802 10340 20240 40041 84956 333 56599 58015=
110900 48055 21557 72302 10282 20212 40026 71796 86902 333 56509 58014=
110900 48057 32458 72302 10248 20186 85950 333 56590=
110900 48060 21340 82202 10270 20219 40040 71722 8597/ 333 5659/ 58041=
110900 48064 32568 71401 10356 20278 40011 84831 333 56559 58004=
110900 48065 32558 72202 10360 20249 84570 333 56990=
110900 48071 32460 72302 10292 20274 40056 85970 333 56590 58000=
110900 48072 32460 61805 10310 20267 84930 333 56590=
110900 48074 32459 62304 10320 20265 40056 84360 333 56590 58003=
110900 48075 32558 72201 10295 20240 40040 85840 333 56590 58003=
110900 48077 32559 72302 10338 20240 40044 85931 333 56499 58004=
110900 48078 32557 61801 10310 20261 40064 84331 333 56499 58008=
110900 48080 32460 52207 10320 20265 40061 83830 333 56490 59006=
110900 48085 32458 62203 10322 20248 40058 83336 333 56999 59007=
110900 48087 32458 72301 10310 20254 8497/ 333 5649/=
110900 48092 32458 71301 10310 20261 40048 84871 333 56999 58009=
110900 48093 32658 52301 10314 20282 84840 333 56590=
110900 48094 21458 82201 10250 20250 40073 76066 8597/ 333 56599 58010=
110900 48095 21458 80000 10320 20292 72022 84970 333 56990=
110900 48097 32557 73601 10315 20216 40078 84830 333 56990 58007=
110900 48099 21440 73203 10275 20268 40068 70155 85930 333 56790 58007=
110900 48101 32458 81302 10310 20267 8597/ 333 5659/=
110900 48103 32456 73201 10312 20267 40066 87800 333 56700 58006=
110900 48107 32350 42301 10336 20270 40068 84900 333 56500 59001=  
110900 48108 21592 73205 10315 20260 40072 71795 84977 333 56879 58002=
110900 48110 31596 73204 10365 20261 40076 70299 84306 333 56509 58002=
