11-JUN-2015 00 48008 2 1 4 56 7 00 00 10 242 20 236 3 0000 4 0059 5 0000 6 000 0 7 01 6 6 8 4 9 7 0 333 20 229 58 010 6 005 2 7 0000 
11-JUN-2015 00 48010 2 2 4 30 8 00 00 10 250 20 242 3 0000 4 0047 5 0000 6 000 0 7 00 0 0 8 8 7 / / 333 20 243 58 010 6 000 2 7 0000 
11-JUN-2015 00 48018 3 1 4 56 8 04 01 10 265 20 229 3 0000 4 0066 5 0000 6 000 0 7 17 9 5 8 4 9 7 / 333 20 245 58 002 6 000 0 7 0000 
11-JUN-2015 00 48019 3 2 4 56 8 00 00 10 251 20 236 3 0000 4 0052 5 0000 6 000 0 7 00 0 0 8 5 7 7 / 333 20 246 59 001 6 000 0 7 0000 
11-JUN-2015 00 48020 3 2 2 40 6 00 00 10 255 20 238 3 0000 4 0000 5 0000 6 000 0 7 00 0 0 8 6 7 0 0 333 20 245 58 000 6 000 0 7 0000 
11-JUN-2015 00 48025 2 2 3 10 7 00 00 10 254 20 254 3 0000 4 0057 5 0000 6 000 0 7 00 0 0 8 5 7 7 0 333 20 240 58 017 6 051 2 7 0000 
11-JUN-2015 00 48031 3 1 / 50 7 14 01 10 180 20 178 3 0000 4 0000 5 0000 6 000 0 7 05 4 4 8 7 8 0 0 333 20 175 58 000 6 000 0 7 0000 
11-JUN-2015 00 48033 2 1 5 59 7 00 00 10 270 20 256 3 0000 4 0041 5 0000 6 000 0 7 01 5 5 8 6 9 3 0 333 20 250 58 015 6 003 2 7 0000 
11-JUN-2015 00 48035 3 1 5 50 7 32 01 10 237 20 226 3 0000 4 0059 5 0000 6 000 0 7 05 2 2 8 5 9 3 0 333 20 230 58 014 6 000 0 7 0000 
11-JUN-2015 00 48037 2 1 4 40 8 00 00 10 273 20 240 3 0000 4 0047 5 0000 6 000 0 7 21 5 2 8 5 8 2 / 333 20 269 58 019 6 990 2 7 0000 
11-JUN-2015 00 48039 3 2 4 56 7 22 01 10 270 20 225 3 0000 4 0000 5 0000 6 000 0 7 00 0 0 8 3 5 5 0 333 20 269 58 000 6 000 0 7 0000 
11-JUN-2015 00 48042 3 2 5 58 6 18 02 10 280 20 233 3 0000 4 0054 5 0000 6 000 0 7 00 0 0 8 3 8 5 0 333 20 260 58 008 6 000 0 7 0000 
11-JUN-2015 00 48043 3 2 5 30 6 00 00 10 210 20 210 3 0000 4 0000 5 0000 6 000 0 7 00 0 0 8 4 8 7 / 333 20 180 58 000 6 000 0 7 0000 
11-JUN-2015 00 48048 3 2 5 50 5 18 01 10 284 20 233 3 0000 4 0049 5 0000 6 000 0 7 00 0 0 8 4 8 5 0 333 20 278 58 012 6 000 0 7 0000 
11-JUN-2015 00 48052 3 2 4 50 7 13 03 10 280 20 233 3 0000 4 0000 5 0000 6 000 0 7 00 0 0 8 5 9 3 0 333 20 275 58 000 6 000 0 7 0000 
11-JUN-2015 00 48053 3 2 5 50 5 18 01 10 250 20 219 3 0000 4 0056 5 0000 6 000 0 7 00 0 0 8 3 5 5 0 333 20 239 59 013 6 000 0 7 0000 
11-JUN-2015 00 48055 3 2 4 56 6 00 00 10 208 20 203 3 0000 4 0077 5 0000 6 000 0 7 00 0 0 8 3 9 4 6 333 20 202 58 005 6 000 0 7 0000 
11-JUN-2015 00 48057 3 2 4 56 7 14 01 10 194 20 194 3 0000 4 0000 5 0000 6 000 0 7 00 0 0 8 5 3 5 0 333 20 185 58 000 6 000 0 7 0000 
11-JUN-2015 00 48060 3 2 3 40 5 00 00 10 233 20 214 3 0000 4 0082 5 0000 6 000 0 7 00 0 0 8 2 1 3 2 333 20 218 58 015 6 000 0 7 0000 
11-JUN-2015 00 48062 2 1 4 56 8 18 09 10 280 20 270 3 0000 4 0056 5 0000 6 000 0 7 03 5 2 8 6 9 7 / 333 20 250 59 002 6 001 2 7 0000 
11-JUN-2015 00 48064 3 2 4 50 4 32 02 10 272 20 240 3 0000 4 0036 5 0000 6 000 0 7 00 0 0 8 2 8 0 6 333 20 240 59 003 6 000 0 7 0000 
11-JUN-2015 00 48065 3 2 9 50 2 14 01 10 268 20 240 3 0000 4 0000 5 0000 6 000 0 7 00 0 0 8 0 0 0 1 333 20 238 58 000 6 000 0 7 0000 
11-JUN-2015 00 48071 2 2 4 56 7 23 01 10 252 20 252 3 0000 4 0061 5 0000 6 000 0 7 00 0 0 8 5 9 7 2 333 20 248 58 000 6 000 0 7 0000 
11-JUN-2015 00 48074 3 2 3 57 5 00 00 10 250 20 233 3 0000 4 0079 5 0000 6 000 0 7 00 0 0 8 2 6 2 1 333 20 240 59 014 6 000 0 7 0000 
11-JUN-2015 00 48075 3 2 4 56 6 00 00 10 215 20 215 3 0000 4 0099 5 0000 6 000 0 7 00 0 0 8 4 8 5 0 333 20 190 58 013 6 000 0 7 0000 
11-JUN-2015 00 48077 3 2 5 56 8 00 00 10 260 20 229 3 0000 4 0064 5 0000 6 000 0 7 00 0 0 8 5 9 3 1 333 20 240 58 004 6 000 0 7 0000 
11-JUN-2015 00 48080 2 2 4 56 8 04 01 10 250 20 233 3 0000 4 0080 5 0000 6 000 0 7 00 0 0 8 5 8 7 0 333 20 238 58 002 6 000 0 7 0000 
11-JUN-2015 00 48085 2 2 4 56 7 00 00 10 246 20 245 3 0000 4 0066 5 0000 6 000 0 7 00 0 0 8 5 9 7 0 333 20 245 59 011 6 001 2 7 0000 
11-JUN-2015 00 48087 2 2 5 50 5 23 01 10 254 20 233 3 0000 4 0000 5 0000 6 000 0 7 00 0 0 8 3 3 7 0 333 20 242 58 000 6 000 0 7 0000 
11-JUN-2015 00 48092 2 1 4 57 8 00 00 10 250 20 250 3 0000 4 0062 5 0000 6 000 0 7 05 2 2 8 5 9 7 / 333 20 245 59 002 6 000 0 7 0000 
11-JUN-2015 00 48094 2 2 4 56 8 00 00 10 252 20 240 3 0000 4 0068 5 0000 6 000 0 7 00 0 0 8 6 9 7 0 333 20 200 59 009 6 003 2 7 0000 
11-JUN-2015 00 48096 2 2 4 56 8 08 02 10 250 20 250 3 0000 4 0082 5 0000 6 000 0 7 00 0 0 8 5 9 7 / 333 20 246 58 000 6 005 2 7 0000 
11-JUN-2015 00 48097 2 2 5 57 7 13 01 10 255 20 248 3 0000 4 0085 5 0000 6 000 0 7 00 0 0 8 3 5 3 1 333 20 248 58 001 6 005 2 7 0000 
11-JUN-2015 00 48099 2 1 4 40 8 18 01 10 254 20 254 3 0000 4 0072 5 0000 6 000 0 7 02 6 2 8 6 9 4 / 333 20 248 59 009 6 004 2 7 0000 
11-JUN-2015 00 48101 2 2 5 56 7 00 00 10 263 20 263 3 0000 4 0000 5 0000 6 000 0 7 00 0 0 8 4 9 7 0 333 20 222 58 000 6 000 0 7 0000 
11-JUN-2015 00 48103 2 1 3 40 7 04 02 10 262 20 229 3 0000 4 0072 5 0000 6 000 0 7 03 6 6 8 3 8 3 0 333 20 243 59 011 6 002 2 7 0000 
11-JUN-2015 00 48107 2 1 3 30 5 23 01 10 245 20 245 3 0000 4 0075 5 0000 6 000 0 7 01 9 6 8 3 9 7 0 333 20 237 59 013 6 011 2 7 0000 
11-JUN-2015 00 48108 2 1 5 96 5 00 00 10 250 20 242 3 0000 4 0084 5 0000 6 000 0 7 02 5 5 8 3 3 0 6 333 20 230 59 009 6 005 2 7 0000 
11-JUN-2015 00 48109 2 2 4 96 5 00 00 10 270 20 256 3 0000 4 0074 5 0000 6 000 0 7 00 0 0 8 4 9 3 0 333 20 197 59 006 6 010 2 7 0000 
11-JUN-2015 00 48110 3 2 4 96 4 18 02 10 265 20 258 3 0000 4 0089 5 0000 6 000 0 7 00 0 0 8 3 2 5 6 333 20 260 59 004 6 000 2 7 0000 
11-JUN-2015 00 48112 2 1 4 96 8 04 01 10 205 20 205 3 0000 4 0095 5 0000 6 000 0 7 21 5 0 8 6 7 7 / 333 20 195 59 001 6 033 2 7 0000 
