11-JUN-2015 18 48008 3 2 5 10 6 00 00 10 270 20 240 3 0000 4 0042 5 0000 6 000 0 7 00 0 0 8 3 9 7 0 333 10 /// 59 001 6 000 0 7 0000 
11-JUN-2015 18 48010 2 1 4 01 8 00 00 10 245 20 245 3 0000 4 0043 5 0000 6 000 0 7 95 9 6 8 8 7 / / 333 10 /// 59 009 6 000 0 7 0000 
11-JUN-2015 18 48018 2 2 5 10 3 18 01 10 265 20 246 3 0000 4 0064 5 0000 6 000 0 7 00 0 0 8 2 8 6 0 333 10 /// 58 012 6 000 0 7 0000 
11-JUN-2015 18 48025 2 2 4 05 5 04 01 10 275 20 256 3 0000 4 0067 5 0000 6 000 0 7 00 0 0 8 2 8 7 0 333 10 /// 58 005 6 000 0 7 0000 
11-JUN-2015 18 48042 3 2 5 50 6 18 04 10 315 20 259 3 0000 4 0050 5 0000 6 000 0 7 00 0 0 8 4 8 5 0 333 10 /// 58 015 6 000 0 7 0000 
11-JUN-2015 18 48053 3 2 4 40 5 18 04 10 290 20 248 3 0000 4 0061 5 0000 6 000 0 7 00 0 0 8 3 5 5 0 333 10 /// 59 000 6 000 0 7 0000 
11-JUN-2015 18 48057 2 1 4 40 7 22 01 10 215 20 173 3 0000 4 0000 5 0000 6 000 0 7 02 5 3 8 5 3 5 0 333 10 /// 58 000 6 000 0 7 0000 
11-JUN-2015 18 48060 2 2 3 20 7 00 00 10 240 20 226 3 0000 4 0052 5 0000 6 000 0 7 01 2 2 8 5 7 7 0 333 10 /// 58 012 6 000 0 7 0000 
11-JUN-2015 18 48062 2 2 4 50 7 18 02 10 290 20 270 3 0000 4 0066 5 0000 6 000 0 7 00 0 0 8 5 9 7 0 333 10 /// 58 005 6 000 0 7 0000 
11-JUN-2015 18 48071 2 1 4 20 7 23 03 10 263 20 263 3 0000 4 0058 5 0000 6 000 0 7 01 9 2 8 5 9 7 0 333 10 /// 58 003 6 000 0 7 0000 
11-JUN-2015 18 48078 2 1 4 40 6 14 01 10 263 20 251 3 0000 4 0084 5 0000 6 000 0 7 50 5 5 8 4 9 7 3 333 10 /// 58 002 6 000 0 7 0000 
11-JUN-2015 18 48080 3 2 4 50 6 00 00 10 270 20 240 3 0000 4 0076 5 0000 6 000 0 7 00 0 0 8 4 8 7 0 333 10 /// 59 008 6 000 0 7 0000 
11-JUN-2015 18 48094 2 2 4 50 7 00 00 10 250 20 250 3 0000 4 0082 5 0000 6 000 0 7 00 0 0 8 5 9 7 0 333 10 /// 58 008 6 000 0 7 0000 
11-JUN-2015 18 48097 2 1 5 56 4 14 01 10 255 20 248 3 0000 4 0092 5 0000 6 000 0 7 02 9 6 8 4 5 0 0 333 10 /// 59 003 6 000 0 7 0000 
11-JUN-2015 18 48099 2 2 3 30 4 00 00 10 260 20 246 3 0000 4 0083 5 0000 6 000 0 7 00 0 0 8 4 8 0 0 333 10 /// 59 002 6 000 0 7 0000 
11-JUN-2015 18 48103 3 2 3 10 7 04 02 10 280 20 250 3 0000 4 0080 5 0000 6 000 0 7 00 0 0 8 5 7 3 0 333 10 /// 58 007 6 000 0 7 0000 
11-JUN-2015 18 48108 2 1 4 96 7 05 01 10 260 20 253 3 0000 4 0097 5 0000 6 000 0 7 13 9 9 8 4 9 7 6 333 10 /// 58 002 6 000 0 7 0000 
11-JUN-2015 18 48110 2 1 4 95 8 00 00 10 255 20 247 3 0000 4 0097 5 0000 6 000 0 7 02 9 9 8 4 3 0 7 333 10 /// 58 003 6 000 0 7 0000 
11-JUN-2015 18 48112 3 2 5 97 8 22 02 10 270 20 256 3 0000 4 0081 5 0000 6 000 0 7 00 0 0 8 3 8 7 6 333 10 /// 59 004 6 000 0 7 0000 
