11-JUN-2015 12 48001 3 2 4 40 8 00 00 10 260 20 246 3 0000 4 0064 5 0000 6 000 0 7 00 0 0 8 4 5 6 / 333 10 279 59 002 6 000 2 7 0000 
11-JUN-2015 12 48008 2 2 5 56 5 04 01 10 292 20 243 3 0000 4 0038 5 0000 6 000 0 7 00 0 0 8 3 9 7 0 333 10 299 58 006 6 005 2 7 0000 
11-JUN-2015 12 48010 2 1 5 40 7 00 00 10 270 20 263 3 0000 4 0030 5 0000 6 000 0 7 03 5 5 8 4 9 7 0 333 10 307 58 005 6 000 2 7 0000 
11-JUN-2015 12 48018 2 2 5 58 7 14 01 10 295 20 248 3 0000 4 0043 5 0000 6 000 0 7 00 0 0 8 4 3 7 / 333 10 302 58 002 6 019 2 7 0000 
11-JUN-2015 12 48019 2 2 4 56 4 00 00 10 296 20 259 3 0000 4 0034 5 0000 6 000 0 7 00 0 0 8 2 2 3 0 333 10 300 58 010 6 000 2 7 0000 
11-JUN-2015 12 48025 2 2 3 40 7 22 01 10 292 20 248 3 0000 4 0042 5 0000 6 000 0 7 00 0 0 8 5 3 7 0 333 10 320 58 011 6 001 2 7 0000 
11-JUN-2015 12 48033 3 2 5 62 4 18 01 10 330 20 244 3 0000 4 0020 5 0000 6 000 0 7 00 0 0 8 4 8 0 0 333 10 340 58 030 6 000 2 7 0000 
11-JUN-2015 12 48035 2 1 1 20 8 27 02 10 231 20 230 3 0000 4 0041 5 0000 6 000 0 7 95 9 6 8 6 9 2 / 333 10 279 59 043 6 012 2 7 0000 
11-JUN-2015 12 48037 3 2 5 56 4 18 01 10 355 20 264 3 0000 4 0016 5 0000 6 000 0 7 00 0 0 8 2 2 3 0 333 10 362 58 013 6 000 2 7 0000 
11-JUN-2015 12 48042 3 2 5 59 6 18 01 10 346 20 240 3 0000 4 0019 5 0000 6 000 0 7 00 0 0 8 3 9 5 0 333 10 370 58 011 6 000 2 7 0000 
11-JUN-2015 12 48048 3 2 5 50 3 18 01 10 346 20 219 3 0000 4 0022 5 0000 6 000 0 7 00 0 0 8 3 8 0 0 333 10 370 58 020 6 000 2 7 0000 
11-JUN-2015 12 48053 3 2 4 56 7 18 02 10 320 20 248 3 0000 4 0033 5 0000 6 000 0 7 00 0 0 8 4 9 5 6 333 10 340 58 010 6 000 2 7 0000 
11-JUN-2015 12 48055 2 2 5 56 8 00 00 10 245 20 230 3 0000 4 0037 5 0000 6 000 0 7 02 9 6 8 4 9 7 7 333 10 302 58 028 6 015 2 7 0000 
11-JUN-2015 12 48060 2 1 3 20 8 00 00 10 250 20 233 3 0000 4 0040 5 0000 6 000 0 7 50 6 5 8 5 9 7 / 333 10 315 58 025 6 006 2 7 0000 
11-JUN-2015 12 48062 2 2 4 56 7 18 03 10 290 20 270 3 0000 4 0039 5 0000 6 000 0 7 03 2 2 8 5 9 7 0 333 10 297 59 901 6 000 2 7 0000 
11-JUN-2015 12 48064 3 2 4 50 7 14 01 10 337 20 270 3 0000 4 0011 5 0000 6 000 0 7 00 0 0 8 4 8 3 1 333 10 358 58 011 6 000 2 7 0000 
11-JUN-2015 12 48071 2 1 4 56 7 23 02 10 268 20 268 3 0000 4 0058 5 0000 6 000 0 7 17 9 6 8 5 9 7 0 333 10 300 58 003 6 000 2 7 0000 
11-JUN-2015 12 48072 3 2 4 58 5 23 02 10 295 20 253 3 0000 4 0000 5 0000 6 000 0 7 01 2 2 8 3 5 3 0 333 10 315 58 000 6 000 0 7 0000 
11-JUN-2015 12 48074 3 2 5 58 3 04 02 10 310 20 254 3 0000 4 0058 5 0000 6 000 0 7 00 0 0 8 2 5 0 1 333 10 323 58 006 6 000 2 7 0000 
11-JUN-2015 12 48075 3 2 4 56 6 00 00 10 270 20 240 3 0000 4 0071 5 0000 6 000 0 7 02 2 2 8 4 8 3 0 333 10 295 58 018 6 000 2 7 0000 
11-JUN-2015 12 48077 3 2 5 56 8 23 04 10 304 20 253 3 0000 4 0042 5 0000 6 000 0 7 00 0 0 8 5 9 3 1 333 10 340 58 001 6 000 2 7 0000 
11-JUN-2015 12 48078 3 2 5 58 6 14 01 10 299 20 253 3 0000 4 0061 5 0000 6 000 0 7 00 0 0 8 3 3 3 1 333 10 313 58 005 6 000 2 7 0000 
11-JUN-2015 12 48080 3 2 4 58 5 22 02 10 295 20 253 3 0000 4 0058 5 0000 6 000 0 7 00 0 0 8 2 8 7 0 333 10 325 59 004 6 000 2 7 0000 
11-JUN-2015 12 48085 2 1 4 56 8 22 02 10 270 20 256 3 0000 4 0065 5 0000 6 000 0 7 50 6 5 8 6 9 7 0 333 10 325 59 001 6 001 2 7 0000 
11-JUN-2015 12 48092 2 1 4 56 7 13 01 10 290 20 259 3 0000 4 0047 5 0000 6 000 0 7 17 2 2 8 4 9 7 / 333 10 325 59 001 6 000 2 7 0000 
11-JUN-2015 12 48094 2 1 4 56 8 00 00 10 255 20 255 3 0000 4 0068 5 0000 6 000 0 7 21 6 6 8 5 9 7 / 333 10 315 58 000 6 000 2 7 0000 
11-JUN-2015 12 48095 2 1 4 56 8 22 02 10 290 20 274 3 0000 4 0000 5 0000 6 000 0 7 20 2 2 8 5 9 7 0 333 10 323 58 000 6 000 2 7 0000 
11-JUN-2015 12 48096 2 1 4 50 8 12 04 10 260 20 260 3 0000 4 0073 5 0000 6 000 0 7 95 6 6 8 5 9 7 / 333 10 320 58 000 6 020 2 7 0000 
11-JUN-2015 12 48097 2 1 5 56 8 14 01 10 260 20 260 3 0000 4 0082 5 0000 6 000 0 7 95 9 9 8 4 9 9 / 333 10 330 58 008 6 018 2 7 0000 
11-JUN-2015 12 48099 2 2 4 50 5 00 00 10 268 20 256 3 0000 4 0074 5 0000 6 000 0 7 00 0 0 8 2 8 3 0 333 10 325 58 014 6 005 2 7 0000 
11-JUN-2015 12 48103 3 2 4 50 5 22 01 10 300 20 253 3 0000 4 0067 5 0000 6 000 0 7 00 0 0 8 4 8 3 0 333 10 338 58 002 6 000 2 7 0000 
11-JUN-2015 12 48107 3 2 3 30 6 00 00 10 298 20 253 3 0000 4 0071 5 0000 6 000 0 7 00 0 0 8 4 9 7 0 333 10 340 59 005 6 000 2 7 0000 
11-JUN-2015 12 48108 2 2 5 95 7 14 01 10 275 20 245 3 0000 4 0075 5 0000 6 000 0 7 00 0 0 8 4 3 6 6 333 10 340 58 003 6 990 2 7 0000 
11-JUN-2015 12 48109 2 2 4 96 6 00 00 10 298 20 266 3 0000 4 0073 5 0000 6 000 0 7 00 0 0 8 6 9 0 0 333 10 321 58 000 6 000 0 7 0000 
11-JUN-2015 12 48110 2 1 4 96 8 13 03 10 300 20 266 3 0000 4 0077 5 0000 6 000 0 7 17 9 6 8 5 3 5 7 333 10 365 58 002 6 000 2 7 0000 
11-JUN-2015 12 48112 3 2 5 97 8 22 01 10 300 20 253 3 0000 4 0069 5 0000 6 000 0 7 02 2 2 8 3 8 7 6 333 10 325 59 003 6 000 2 7 0000 
