11-JUL-2015 00 48010 2 1 4 30 8 00 00 10 250 20 250 3 0000 4 0054 5 0000 6 000 0 7 02 5 5 8 5 7 7 / 333 20 240 58 015 6 005 2 7 0000 
11-JUL-2015 00 48018 2 1 5 56 8 00 00 10 250 20 248 3 0000 4 0057 5 0000 6 000 0 7 50 5 5 8 5 9 7 / 333 20 248 58 021 6 990 2 7 0000 
11-JUL-2015 00 48019 2 2 4 50 6 00 00 10 256 20 250 3 0000 4 0048 5 0000 6 000 0 7 00 0 0 8 4 6 6 0 333 20 250 58 011 6 000 0 7 0000 
11-JUL-2015 00 48025 2 1 1 10 8 32 01 10 250 20 250 3 0000 4 0056 5 0000 6 000 0 7 51 6 5 8 5 7 7 / 333 20 246 58 010 6 027 2 7 0000 
11-JUL-2015 00 48031 2 2 / 56 8 32 01 10 184 20 184 3 0000 4 0000 5 0000 6 000 0 7 00 0 0 8 8 8 / / 333 20 172 58 000 6 000 0 7 0000 
11-JUL-2015 00 48033 2 2 5 60 8 13 01 10 254 20 250 3 0000 4 0057 5 0000 6 000 0 7 00 0 0 8 6 9 7 0 333 20 250 58 011 6 004 2 7 0000 
11-JUL-2015 00 48035 2 1 2 58 8 00 00 10 227 20 214 3 0000 4 0056 5 0000 6 000 0 7 02 5 5 8 5 9 7 / 333 20 220 58 012 6 990 2 7 0000 
11-JUL-2015 00 48037 2 2 5 56 8 00 00 10 264 20 246 3 0000 4 0042 5 0000 6 000 0 7 00 0 0 8 4 8 7 / 333 20 253 58 008 6 001 2 7 0000 
11-JUL-2015 00 48042 2 1 5 57 8 00 00 10 265 20 251 3 0000 4 0047 5 0000 6 000 0 7 03 5 5 8 5 9 7 / 333 20 250 58 011 6 990 2 7 0000 
11-JUL-2015 00 48048 2 1 5 50 7 00 00 10 262 20 246 3 0000 4 0045 5 0000 6 000 0 7 21 6 5 8 5 9 5 0 333 20 257 58 008 6 032 2 7 0000 
11-JUL-2015 00 48052 3 2 4 50 5 00 00 10 272 20 256 3 0000 4 0000 5 0000 6 000 0 7 00 0 0 8 5 9 0 0 333 20 266 58 000 6 000 0 7 0000 
11-JUL-2015 00 48053 2 2 4 50 8 18 01 10 250 20 250 3 0000 4 0054 5 0000 6 000 0 7 00 0 0 8 5 5 5 / 333 20 244 58 007 6 002 2 7 0000 
11-JUL-2015 00 48055 2 1 1 56 8 00 00 10 208 20 205 3 0000 4 0062 5 0000 6 000 0 7 50 6 6 8 5 9 7 / 333 20 204 58 006 6 018 2 7 0000 
11-JUL-2015 00 48060 3 2 4 30 8 00 00 10 240 20 226 3 0000 4 0034 5 0000 6 000 0 7 00 0 0 8 5 8 7 / 333 20 228 59 003 6 000 0 7 0000 
11-JUL-2015 00 48062 2 1 4 50 8 09 02 10 260 20 260 3 0000 4 0040 5 0000 6 000 0 7 20 6 6 8 6 9 7 0 333 20 240 58 006 6 030 2 7 0000 
11-JUL-2015 00 48064 2 2 4 50 7 32 01 10 262 20 260 3 0000 4 0023 5 0000 6 000 0 7 00 0 0 8 4 8 3 1 333 20 233 58 003 6 022 2 7 0000 
11-JUL-2015 00 48071 3 2 4 56 4 00 00 10 263 20 260 3 0000 4 0040 5 0000 6 000 0 7 00 0 0 8 3 9 3 0 333 20 252 58 000 6 000 0 7 0000 
11-JUL-2015 00 48074 3 2 3 56 7 00 00 10 250 20 233 3 0000 4 0067 5 0000 6 000 0 7 00 0 0 8 3 7 6 0 333 20 240 58 002 6 000 0 7 0000 
11-JUL-2015 00 48075 2 1 4 56 5 00 00 10 220 20 175 3 0000 4 0083 5 0000 6 000 0 7 02 6 5 8 3 8 3 0 333 10 /// 58 008 6 005 2 7 0000 
11-JUL-2015 00 48077 3 2 5 56 8 00 00 10 270 20 256 3 0000 4 0043 5 0000 6 000 0 7 00 0 0 8 5 9 3 1 333 20 250 58 002 6 000 0 7 0000 
11-JUL-2015 00 48078 2 1 5 56 5 00 00 10 250 20 233 3 0000 4 0063 5 0000 6 000 0 7 01 5 5 8 3 5 3 1 333 20 238 58 003 6 002 2 7 0000 
11-JUL-2015 00 48080 2 1 4 56 5 04 01 10 251 20 233 3 0000 4 0059 5 0000 6 000 0 7 01 6 5 8 4 8 3 0 333 20 240 58 006 6 003 2 7 0000 
11-JUL-2015 00 48085 3 2 4 56 8 14 03 10 266 20 256 3 0000 4 0052 5 0000 6 000 0 7 00 0 0 8 6 9 7 0 333 20 265 58 002 6 000 0 7 0000 
11-JUL-2015 00 48092 3 1 9 03 0 00 00 10 260 20 253 3 0000 4 0035 5 0000 6 000 0 7 43 4 4 8 0 0 0 0 333 20 250 59 004 6 000 0 7 0000 
11-JUL-2015 00 48093 3 2 6 50 4 00 00 10 269 20 246 3 0000 4 0000 5 0000 6 000 0 7 00 0 0 8 2 8 4 0 333 20 262 58 000 6 000 0 7 0000 
11-JUL-2015 00 48094 2 2 4 56 6 00 00 10 270 20 260 3 0000 4 0048 5 0000 6 000 0 7 00 0 0 8 4 8 7 0 333 20 218 59 017 6 000 0 7 0000 
11-JUL-2015 00 48097 2 2 5 57 3 32 01 10 260 20 253 3 0000 4 0060 5 0000 6 000 0 7 00 0 0 8 2 8 0 1 333 20 250 59 008 6 990 2 7 0000 
11-JUL-2015 00 48099 2 2 3 40 7 09 01 10 260 20 246 3 0000 4 0063 5 0000 6 000 0 7 00 0 0 8 4 8 4 0 333 20 248 58 001 6 000 0 7 0000 
11-JUL-2015 00 48103 2 1 4 50 4 04 01 10 252 20 252 3 0000 4 0059 5 0000 6 000 0 7 01 5 5 8 3 8 3 0 333 20 248 59 001 6 990 2 7 0000 
11-JUL-2015 00 48107 2 1 3 30 6 00 00 10 242 20 242 3 0000 4 0071 5 0000 6 000 0 7 02 6 6 8 4 9 7 0 333 20 235 59 004 6 010 2 7 0000 
11-JUL-2015 00 48108 2 2 4 94 8 05 01 10 240 20 226 3 0000 4 0075 5 0000 6 000 0 7 00 0 0 8 4 3 7 7 333 20 220 58 000 6 000 0 7 0000 
11-JUL-2015 00 48109 2 1 4 96 8 23 02 10 274 20 270 3 0000 4 0063 5 0000 6 000 0 7 63 6 6 8 6 9 7 / 333 20 195 59 001 6 084 2 7 0000 
11-JUL-2015 00 48110 2 1 5 95 5 00 00 10 250 20 241 3 0000 4 0077 5 0000 6 000 0 7 05 2 2 8 3 3 5 6 333 20 245 59 002 6 000 0 7 0000 
11-JUL-2015 00 48112 2 1 4 96 8 22 07 10 255 20 255 3 0000 4 0080 5 0000 6 000 0 7 21 5 2 8 6 7 7 / 333 20 205 58 000 6 007 2 7 0000 
