



*-*-*


<!--
.style2 {
	font-family:"Courier New", Courier, monospace;
	font-size: 14px;
}
-->






SMBM01 VBRR 110000

AAXX 11004
48001 NIL=
48004 NIL=
48008 32556 40000 10238 20209 40053 82430 333 20225 56110 59019=
48010 32040 00000 10235 20209 40071 333 20220 58018=
48018 32556 40000 10245 20219 40054 70311 82870 333 20230 56550
 58008=
48019 32556 20000 10232 20214 40063 80002 333 20230 56006 58000=
48020 NIL=
48025 31410 62701 10272 20226 40068 70444 85840 333 20266 56690
 58013=
48030 21256 42201 10168 20454 82840 333 20160 56560 69902=
48031 31258 40401 10186 20175 70544 82870 333 20180 56899=
48033 32560 80402 10290 20248 40064 85971 333 20280 56695 58011=
48034 21456 82301 10187 20175 72055 8697/ 333 20180 5659/ 60012=
48035 31920 00000 10197 20185 40086 71000 333 20190 58002=
48037 32540 83601 10306 20225 40060 8587/ 333 20295 56669 58024=
48039 32456 73201 10301 20223 83460 333 20297 56550=
48042 32556 61803 10313 20225 40052 83850 333 20290 56990 58003=
48043 32030 00000 10210 20195 333 20180=
48045 NIL=
48048 32550 20000 10287 20196 40063 82800 333 20280 56900 58015=
48051 32558 21301 10276 20270 70311 81230 333 20262 56990=
48052 32450 30000 10298 20253 83800 333 20292 56900=
48053 32950 01802 10290 20248 40063 80006 333 20283 56009 59008=
48055 32556 10000 10182 20179 40092 81500 333 20174 56500 58011=
48057 31939 01801 10190 20175 71000 333 20178=
48060 31930 00000 10220 20185 40085 70444 333 20195 59013=
48062 32450 60000 10275 20270 40082 84970 333 20250 56990 58006=
48064 32950 00000 10298 20239 40054 333 20250 58006=
48065 32950 00000 10295 20239 333 20270=
48071 32450 73201 10290 20259 40086 87800 333 20285 56600 58010=
48072 NIL=
48074 32458 21401 10286 20259 40091 82500 333 20271 56900 58010=
48075 32456 20000 10235 20230 40110 82100 333 20200 56500 58019=
48077 32556 20000 10270 20240 40075 81201 333 20262 56909 58020=
48078 32550 21801 10295 20256 40083 81501 333 20275 56909 58005=
48080 32456 60000 10262 20229 40099 84870 333 20242 56690 58006=
48085 32356 40000 10278 20250 40078 83306 333 20276 56709 58005=
48087 32950 00000 10266 20240 333 20246=
48092 31550 10000 10270 20256 40058 70522 81400 333 20255 56900
 59003=
48093 32950 00000 10280 20268 333 20274=
48094 32956 00000 10275 20250 40086 333 20235 58012=
48095 NIL=
48097 32557 22301 10270 20240 40078 82500 333 20250 56900 58004=
48099 32440 32701 10270 20240 40077 82830 333 20245 56590 58004=
48101 32956 00000 10268 20256 333 20233=
48103 32440 31401 10277 20250 40082 83500 333 20256 56300 58000=
48107 32340 41301 10250 20233 40089 84900 333 20242 56700 58000=
48108 31593 50000 10255 20248 40085 71022 82306 333 20240 56909
 59004=
48109 32496 30000 10273 20256 40085 70222 83900 333 20217 56900
 58000=
48110 21595 81301 10250 20250 40092 70522 81307 333 20245 56909 58007
 60082=
48112 21597 80401 10265 20256 40098 70252 83876 333 20218 56199 58014
 60052=  





