11-MAY-2015 03 48001 3 2 4 50 3 04 01 10 265 20 191 3 0000 4 0083 5 0000 6 000 0 7 00 0 0 8 3 7 0 0 333 10 /// 58 000 6 000 0 7 0000 
11-MAY-2015 03 48004 3 2 4 58 2 04 01 10 286 20 230 3 0000 4 0000 5 0000 6 000 0 7 00 0 0 8 4 9 0 0 333 10 /// 58 000 6 000 0 7 0000 
11-MAY-2015 03 48008 3 2 5 57 6 32 01 10 299 20 207 3 0000 4 0081 5 0000 6 000 0 7 00 0 0 8 2 4 3 1 333 10 /// 58 003 6 000 0 7 0000 
11-MAY-2015 03 48010 3 2 5 50 7 00 00 10 270 20 211 3 0000 4 0095 5 0000 6 000 0 7 00 0 0 8 4 8 2 1 333 10 /// 58 016 6 000 0 7 0000 
11-MAY-2015 03 48018 3 2 5 58 5 04 01 10 300 20 223 3 0000 4 0071 5 0000 6 000 0 7 00 0 0 8 2 8 7 1 333 10 /// 58 006 6 000 0 7 0000 
11-MAY-2015 03 48019 3 2 9 60 0 32 01 10 300 20 228 3 0000 4 0082 5 0000 6 000 0 7 00 0 0 8 0 0 0 0 333 10 /// 58 010 6 000 0 7 0000 
11-MAY-2015 03 48020 3 2 9 58 0 36 02 10 315 20 248 3 0000 4 0000 5 0000 6 000 0 7 00 0 0 8 0 0 0 0 333 10 /// 58 000 6 000 0 7 0000 
11-MAY-2015 03 48025 3 1 4 30 6 04 01 10 315 20 236 3 0000 4 0089 5 0000 6 000 0 7 04 4 4 8 4 8 4 0 333 10 /// 58 018 6 000 0 7 0000 
11-MAY-2015 03 48030 2 2 2 56 4 22 01 10 197 20 168 3 0000 4 0000 5 0000 6 000 0 7 00 0 0 8 4 8 0 0 333 10 /// 58 000 6 000 0 7 0000 
11-MAY-2015 03 48031 3 1 2 60 2 14 01 10 225 20 156 3 0000 4 0000 5 0000 6 000 0 7 05 4 4 8 1 2 4 0 333 10 /// 58 000 6 000 0 7 0000 
11-MAY-2015 03 48033 3 2 5 62 7 36 01 10 310 20 254 3 0000 4 0085 5 0000 6 000 0 7 00 0 0 8 6 9 3 0 333 10 /// 58 028 6 000 0 7 0000 
11-MAY-2015 03 48034 2 1 4 56 8 00 00 10 210 20 195 3 0000 4 0000 5 0000 6 000 0 7 50 5 5 8 6 9 2 / 333 10 /// 58 000 6 000 0 7 0000 
11-MAY-2015 03 48035 3 1 9 30 0 00 00 10 270 20 184 3 0000 4 0072 5 0000 6 000 0 7 05 0 0 8 0 0 0 0 333 10 /// 59 003 6 000 0 7 0000 
11-MAY-2015 03 48037 2 1 5 56 8 32 01 10 260 20 246 3 0000 4 0084 5 0000 6 000 0 7 02 9 6 8 5 7 7 / 333 10 /// 58 015 6 000 0 7 0000 
11-MAY-2015 03 48039 3 2 9 59 3 14 01 10 332 20 234 3 0000 4 0000 5 0000 6 000 0 7 00 0 0 8 0 0 0 2 333 10 /// 58 000 6 000 0 7 0000 
11-MAY-2015 03 48042 2 1 5 57 2 22 02 10 340 20 225 3 0000 4 0075 5 0000 6 000 0 7 01 5 5 8 2 2 0 0 333 10 /// 58 011 6 000 0 7 0000 
11-MAY-2015 03 48043 3 2 6 56 2 18 07 10 280 20 203 3 0000 4 0000 5 0000 6 000 0 7 00 0 0 8 1 2 3 0 333 10 /// 58 000 6 000 0 7 0000 
11-MAY-2015 03 48045 3 1 5 56 7 14 02 10 220 20 173 3 0000 4 0000 5 0000 6 000 0 7 04 4 4 8 6 6 4 0 333 10 /// 58 000 6 000 0 7 0000 
11-MAY-2015 03 48048 3 2 5 60 2 04 01 10 355 20 235 3 0000 4 0092 5 0000 6 000 0 7 00 0 0 8 2 8 0 0 333 10 /// 58 028 6 000 0 7 0000 
11-MAY-2015 03 48051 3 2 5 59 4 13 01 10 330 20 260 3 0000 4 0000 5 0000 6 000 0 7 03 2 2 8 4 8 0 0 333 10 /// 58 000 6 000 0 7 0000 
11-MAY-2015 03 48052 3 2 9 70 0 04 01 10 348 20 237 3 0000 4 0000 5 0000 6 000 0 7 00 0 0 8 0 0 0 0 333 10 /// 58 000 6 000 0 7 0000 
11-MAY-2015 03 48053 3 2 5 56 2 18 02 10 330 20 244 3 0000 4 0088 5 0000 6 000 0 7 00 0 0 8 2 5 0 0 333 10 /// 58 019 6 000 0 7 0000 
11-MAY-2015 03 48055 3 2 9 56 0 18 03 10 295 20 192 3 0000 4 0069 5 0000 6 000 0 7 00 0 0 8 0 0 0 0 333 10 /// 58 004 6 000 0 7 0000 
11-MAY-2015 03 48057 3 2 4 58 1 22 02 10 246 20 186 3 0000 4 0000 5 0000 6 000 0 7 00 0 0 8 1 5 0 0 333 10 /// 58 000 6 000 0 7 0000 
11-MAY-2015 03 48060 3 1 4 40 1 00 00 10 282 20 194 3 0000 4 0074 5 0000 6 000 0 7 10 1 1 8 1 1 0 0 333 10 /// 58 006 6 000 0 7 0000 
11-MAY-2015 03 48062 3 2 5 57 7 13 02 10 320 20 280 3 0000 4 0095 5 0000 6 000 0 7 02 4 2 8 4 9 7 0 333 10 /// 58 008 6 000 0 7 0000 
11-MAY-2015 03 48064 3 2 9 60 0 14 01 10 350 20 240 3 0000 4 0072 5 0000 6 000 0 7 00 0 0 8 0 0 0 0 333 10 /// 58 008 6 000 0 7 0000 
11-MAY-2015 03 48065 3 2 9 70 2 23 03 10 360 20 249 3 0000 4 0000 5 0000 6 000 0 7 00 0 0 8 0 0 0 0 333 10 /// 58 000 6 000 0 7 0000 
11-MAY-2015 03 48071 3 2 4 58 6 32 01 10 310 20 267 3 0000 4 0099 5 0000 6 000 0 7 00 0 0 8 6 9 0 0 333 10 /// 58 013 6 000 0 7 0000 
11-MAY-2015 03 48072 3 2 4 59 6 32 04 10 325 20 258 3 0000 4 0000 5 0000 6 000 0 7 03 2 2 8 4 8 3 0 333 10 /// 58 000 6 000 0 7 0000 
11-MAY-2015 03 48074 3 2 5 59 1 14 02 10 320 20 265 3 0000 4 0103 5 0000 6 000 0 7 00 0 0 8 1 1 0 0 333 10 /// 58 009 6 000 0 7 0000 
11-MAY-2015 03 48075 3 2 4 57 1 22 01 10 280 20 203 3 0000 4 0090 5 0000 6 000 0 7 00 0 0 8 1 1 0 0 333 10 /// 58 003 6 000 0 7 0000 
11-MAY-2015 03 48077 3 2 9 59 0 00 00 10 316 20 248 3 0000 4 0083 5 0000 6 000 0 7 00 0 0 8 0 0 0 0 333 10 /// 58 008 6 000 0 7 0000 
11-MAY-2015 03 48078 3 2 5 57 3 18 01 10 328 20 266 3 0000 4 0097 5 0000 6 000 0 7 00 0 0 8 2 5 0 1 333 10 /// 58 011 6 000 0 7 0000 
11-MAY-2015 03 48080 3 2 4 60 6 13 02 10 321 20 281 3 0000 4 0108 5 0000 6 000 0 7 00 0 0 8 4 8 7 0 333 10 /// 58 012 6 000 0 7 0000 
11-MAY-2015 03 48085 3 2 4 58 3 32 03 10 324 20 265 3 0000 4 0094 5 0000 6 000 0 7 00 0 0 8 3 3 0 0 333 10 /// 58 013 6 000 0 7 0000 
11-MAY-2015 03 48087 3 2 9 60 0 14 02 10 342 20 257 3 0000 4 0000 5 0000 6 000 0 7 00 0 0 8 0 0 0 0 333 10 /// 58 000 6 000 0 7 0000 
11-MAY-2015 03 48092 3 2 4 57 3 27 03 10 320 20 248 3 0000 4 0075 5 0000 6 000 0 7 03 2 2 8 3 1 0 0 333 10 /// 58 011 6 000 0 7 0000 
11-MAY-2015 03 48093 3 2 9 58 0 23 01 10 324 20 248 3 0000 4 0000 5 0000 6 000 0 7 00 0 0 8 0 0 0 0 333 10 /// 58 000 6 000 0 7 0000 
11-MAY-2015 03 48094 3 2 4 59 3 32 02 10 325 20 275 3 0000 4 0101 5 0000 6 000 0 7 02 2 2 8 3 9 0 0 333 10 /// 58 021 6 000 0 7 0000 
11-MAY-2015 03 48095 3 2 9 60 0 22 01 10 330 20 258 3 0000 4 0000 5 0000 6 000 0 7 00 0 0 8 0 0 0 0 333 10 /// 58 000 6 000 0 7 0000 
11-MAY-2015 03 48097 3 2 5 57 2 23 01 10 320 20 248 3 0000 4 0104 5 0000 6 000 0 7 02 1 1 8 2 5 0 0 333 10 /// 58 008 6 000 0 7 0000 
11-MAY-2015 03 48099 3 2 4 56 3 04 01 10 325 20 248 3 0000 4 0102 5 0000 6 000 0 7 00 0 0 8 3 3 0 0 333 10 /// 58 016 6 000 0 7 0000 
11-MAY-2015 03 48101 3 2 5 59 5 32 02 10 312 20 267 3 0000 4 0000 5 0000 6 000 0 7 03 2 2 8 4 2 3 0 333 10 /// 58 000 6 000 0 7 0000 
11-MAY-2015 03 48103 3 2 4 56 3 14 01 10 328 20 258 3 0000 4 0100 5 0000 6 000 0 7 00 0 0 8 3 8 0 0 333 10 /// 58 012 6 000 0 7 0000 
11-MAY-2015 03 48107 3 2 3 50 4 23 01 10 314 20 254 3 0000 4 0101 5 0000 6 000 0 7 00 0 0 8 4 9 0 0 333 10 /// 58 013 6 000 0 7 0000 
11-MAY-2015 03 48108 3 2 5 96 6 32 03 10 320 20 248 3 0000 4 0109 5 0000 6 000 0 7 00 0 0 8 4 3 0 6 333 10 /// 58 012 6 000 0 7 0000 
11-MAY-2015 03 48109 3 2 4 97 5 04 01 10 316 20 265 3 0000 4 0103 5 0000 6 000 0 7 03 2 2 8 5 9 0 0 333 10 /// 58 003 6 000 0 7 0000 
11-MAY-2015 03 48110 2 1 4 96 8 13 01 10 300 20 259 3 0000 4 0111 5 0000 6 000 0 7 05 2 2 8 4 3 5 7 333 10 /// 58 013 6 000 0 7 0000 
11-MAY-2015 03 48112 2 2 5 97 8 04 01 10 290 20 259 3 0000 4 0110 5 0000 6 000 0 7 00 0 0 8 3 8 7 6 333 10 /// 58 007 6 000 0 7 0000 
