111800 48008 32410 60000 10300 20223 40057 83970 333 56560 58010=
111800 48010 32501 30000 10270 20240 40060 81430 333 56660 58010=
111800 48018 22910 00000 10270 20240 40060 333 59002=
111800 48025 31405 50000 10320 20236 40078 70444 83840 333 56590 58001=
111800 48042 32550 20000 10313 20237 40058 82800 333 56900 58016=
111800 48053 32540 31801 10310 20237 40059 82550 333 56690 58006=
111800 48057 22439 41501 10218 20173 83330 333 56590=
111800 48060 32420 10000 10230 20206 40075 81100 333 56500 58012=
111800 48062 32550 32704 10300 20270 40083 83800 333 56600 58002=
111800 48071 32930 03203 10300 20253 40070 333 58005=
111800 48078 32550 50000 10313 20230 40080 84301 333 56509 58009=
111800 48080 31450 60000 10283 20250 40093 70255 84970 333 56690 58004=
111800 48094 32450 10000 10290 20260 40093 81500 333 56900 58005=
111800 48097 32956 01301 10290 20280 40074 333 59005=
111800 48099 32940 00000 10293 20248 40085 333 58009=
111800 48103 32510 22201 10301 20239 40075 82500 333 56500 58008=
111800 48108 32595 73201 10260 20229 40104 84306 333 56909 58017=
111800 48109 32495 40000 10298 20266 40086 84900 333 56900 58004=
111800 48110 32595 40000 10285 20262 40098 81306 333 56909 58007=
111800 48112 32597 70402 10281 20250 40088 83876 333 56199 59006=  
