48001 NIL=
48004 31558 10000 10330 20258 70521 81100 333 10339 56900=
48008 32556 60000 10345 20237 40045 82531 333 10366 56566 58015=
48010 32540 60000 10325 20265 40042 82530 333 10336 56660 58007=
48018 21556 80000 10330 20244 40023 72055 8487/ 333 10370 56569 58001 69902=
48019 32450 61401 10334 20258 40043 82240 333 10370 56650 58014=
48020 32350 53602 10350 20240 84230 333 10380 56550=
48025 31440 70000 10374 20227 40045 70444 85840 333 10395 56550 58012=
48035 31530 50000 10284 20203 40042 70522 83960 333 10321 56560 58020=
48037 32557 83201 10328 20234 40041 8487/ 333 10365 56669 58034=
48042 32558 73601 10360 20235 40035 84950 333 10410 56990 58023=
48045 21450 70403 10220 20173 72196 87300 333 10308 56500 60042=
48048 32550 52201 10352 20237 40039 84850 333 10415 56590 58033=
48051 32559 51301 10308 20250 70122 84830 333 10385 56590=
48053 NIL=
48060 32430 70000 10280 20184 40049 84370 333 10365 56560 58026=
48062 32556 32705 10325 20290 40061 70122 83300 333 10347 56600 58013=
48071 32456 13204 10325 20275 40068 81200 333 10353 56900 58015=
48075 NIL=
48077 32556 42302 10360 20214 40033 83901 333 10394 56909 58011=
48078 32556 61401 10374 20273 40048 83933 333 10405 56669 58015=
48080 32457 62703 10320 20248 40060 84870 333 10376 56690 58004=
48085 32456 43203 10316 20254 40063 83800 333 10345 56700 58009=
48095 32456 22204 10350 20266 70222 82800 333 10405 56900=
48108 32596 63201 10320 20248 40081 84306 333 10360 56609 58007=
48109 32497 40000 10340 20288 40077 70222 84900 333 10355 56900 58001=
48110 32596 83202 10315 20266 40074 81307 333 10365 56909 59011=
48112 32597 80401 10305 20266 40079 70222 83876 333 10338 56199 59002=
48030 31256 42201 10228 20143 70544 84900 333 10259 56500=
48072 NIL=
48087 32950 32301 10346 20219 80041 333 10400 56099=
48099 32450 30000 10342 20240 40054 82801 333 10390 56909 58013=
48101 32656 22302 10323 20265 70211 81230 333 10367 56690=
48103 32440 22201 10327 20244 40057 82500 333 10384 56500 58008=
48057 21457 61801 10242 20174 70299 85901 333 10290 56909 69902=
48094 32457 23202 10325 20250 40059 82900 333 10390 56900 58002=
48097 32557 31402 10345 20248 40071 70211 83500 333 10398 56900 58011=
48031 21457 40401 10220 20173 70544 82870 333 10253 56499 60032=
48033 32562 70401 10330 20258 40052 85970 333 10346 56660 58026=
48034 22456 70000 10235 20203 87300 333 10240 56500 60072=
48039 32459 71401 10350 20240 85960 333 10391 56770=
48043 32620 60000 10290 20215 82230 333 10315 56599=
48052 32450 50000 10355 20235 85900 333 10448 56900=
48055 22556 73601 10250 20167 40054 70296 85941 333 10367 56559 58041 60122=
48064 32550 62702 10370 20205 40020 83831 333 10430 56449 58022=
48065 32450 60000 10268 20227 84831 333 10430 56999=
48074 32457 70406 10374 20246 40053 84970 333 10402 56440 58028=
48092 32556 11801 10365 20211 40028 81400 333 10395 56900 58008=
48093 32950 11402 10336 20240 80001 333 10390 56009=
48107 32340 42701 10323 20265 40071 84900 333 10360 56700 58005=  48001 NIL=
48004 31558 10000 10330 20258 70521 81100 333 10339 56900=
48008 32556 60000 10345 20237 40045 82531 333 10366 56566 58015=
48010 32540 60000 10325 20265 40042 82530 333 10336 56660 58007=
48018 21556 80000 10330 20244 40023 72055 8487/ 333 10370 56569 58001 69902=
48019 32450 61401 10334 20258 40043 82240 333 10370 56650 58014=
48020 32350 53602 10350 20240 84230 333 10380 56550=
48025 31440 70000 10374 20227 40045 70444 85840 333 10395 56550 58012=
48030 31256 42201 10228 20143 70544 84900 333 10259 56500=
48031 21457 40401 10220 20173 70544 82870 333 10253 56499 60032=
48033 32562 70401 10330 20258 40052 85970 333 10346 56660 58026=
48034 22456 70000 10235 20203 87300 333 10240 56500 60072=
48035 31530 50000 10284 20203 40042 70522 83960 333 10321 56560 58020=
48037 32557 83201 10328 20234 40041 8487/ 333 10365 56669 58034=
48039 32459 71401 10350 20240 85960 333 10391 56770=
48042 32558 73601 10360 20235 40035 84950 333 10410 56990 58023=
48043 32620 60000 10290 20215 82230 333 10315 56599=
48045 21450 70403 10220 20173 72196 87300 333 10308 56500 60042=
48048 32550 52201 10352 20237 40039 84850 333 10415 56590 58033=
48051 32559 51301 10308 20250 70122 84830 333 10385 56590=
48052 32450 50000 10355 20235 85900 333 10448 56900=
48053 32556 50000 10380 20240 40021 84950 333 10410 56690 58005=
48055 22556 73601 10250 20167 40054 70296 85941 333 10367 56559 58041 60122=
48057 21457 61801 10242 20174 70299 85901 333 10290 56909 69902=
48060 32430 70000 10280 20184 40049 84370 333 10365 56560 58026=
48062 32556 32705 10325 20290 40061 70122 83300 333 10347 56600 58013=
48064 32550 62702 10370 20205 40020 83831 333 10430 56449 58022=
48065 32450 60000 10268 20227 84831 333 10430 56999=
48071 32456 13204 10325 20275 40068 81200 333 10353 56900 58015=
48072 32458 12704 10320 20265 70222 81200 333 10365 56700=
48074 32457 70406 10374 20246 40053 84970 333 10402 56440 58028=
48075 32456 72201 10295 20020 40059 70322 85370 333 10337 56590 58038=
48077 32556 42302 10360 20214 40033 83901 333 10394 56909 58011=
48078 32556 61401 10374 20273 40048 83933 333 10405 56669 58015=
48080 32457 62703 10320 20248 40060 84870 333 10376 56690 58004=
48085 32456 43203 10316 20254 40063 83800 333 10345 56700 58009=
48087 32950 32301 10346 20219 80041 333 10400 56099=
48092 32556 11801 10365 20211 40028 81400 333 10395 56900 58008=
48093 32950 11402 10336 20240 80001 333 10390 56009=
48094 32457 23202 10325 20250 40059 82900 333 10390 56900 58002=
48095 32456 22204 10350 20266 70222 82800 333 10405 56900=
48097 32557 31402 10345 20248 40071 70211 83500 333 10398 56900 58011=
48099 32450 30000 10342 20240 40054 82801 333 10390 56909 58013=
48101 32656 22302 10323 20265 70211 81230 333 10367 56690=
48103 32440 22201 10327 20244 40057 82500 333 10384 56500 58008=
48107 32340 42701 10323 20265 40071 84900 333 10360 56700 58005=
48108 32596 63201 10320 20248 40081 84306 333 10360 56609 58007=
48109 32497 40000 10340 20288 40077 70222 84900 333 10355 56900 58001=
48110 32596 83202 10315 20266 40074 81307 333 10365 56909 59011=
48112 32597 80401 10305 20266 40079 70222 83876 333 10338 56199 59002=  