110900 48001 32557 10401 10295 20253 40096 81100 333 56900 59011=
110900 48004 31558 12201 10341 20164 70511 81100 333 56900=
110900 48008 31057 02301 10345 20143 40095 70544 333 58003=
110900 48010 32060 00000 10345 20206 40107 333 58010=
110900 48018 32960 01402 10355 20158 40110 333 59000=
110900 48019 32960 03201 10330 20212 40100 333 59001=
110900 48025 31456 10401 10369 20125 40095 70544 81500 333 56900 58010=
110900 48030 32956 02204 10253 29011 333=
110900 48031 31960 00401 10260 29018 70500 333=
110900 48033 32963 03601 10370 20207 40117 333 58025=
110900 48034 31958 02302 10300 20098 70500 333=
110900 48035 31930 02204 10329 20106 40067 70400 333 58014=
110900 48037 31956 03601 10380 20112 40088 70544 333 58006=
110900 48039 32959 33201 10363 20132 80002 333 56009=
110900 48042 32957 03201 10365 20164 40090 333 58016=
110900 48043 32059 03205 10300 20149 333=
110900 48045 32956 01403 10285 20159 333=
110900 48048 32962 00401 10375 20112 40102 333 58025=
110900 48052 32970 02303 10390 20131 333=
110900 48053 32950 02702 10380 20159 40087 333 58010=
110900 48055 31956 02308 10346 20116 40053 70500 333 58007=
110900 48057 32430 03203 10296 20149 333=
110900 48060 32450 12202 10340 20125 40061 81100 333 56500 59008=
110900 48064 32970 01401 10396 20214 40079 333 58004=
110900 48065 32970 00000 10393 20177 333=
110900 48071 32960 03203 10307 20225 40120 333 58006=
110900 48072 32960 02702 10330 20218 333=
110900 48074 32961 00403 10290 20177 40100 333 58011=
110900 48075 32556 22204 10350 20083 40085 82100 333 56500 58026=
110900 48077 32959 00000 10400 20176 40086 333 58002=
110900 48078 32958 10902 10392 20103 40096 80001 333 56009 58003=
110900 48080 32960 02207 10352 20237 40107 333 58008=
110900 48085 31957 02704 10309 20253 40107 70500 333 59003=
110900 48087 32960 20000 10294 20131 80041 333 56099=
110900 48092 32959 02006 10380 20165 40092 333 58008=
110900 48093 32958 02301 10380 20221 333=
110900 48094 32960 03202 10380 20195 40112 333 58007=
110900 48095 32960 02202 10370 20207 333=
110900 48097 32557 33102 10370 20125 40112 83500 333 56900 58005=
110900 48099 32560 42304 10375 20240 40104 83830 333 56590 58007=
110900 48101 32961 01402 10348 20182 333=
110900 48103 32556 12201 10360 20235 40111 81500 333 56500 58007=
110900 48107 32950 02702 10358 20202 40102 333 58002=
110900 48108 32596 43204 10360 20242 40116 82806 333 56709 58006=
110900 48110 32596 82302 10360 20249 40115 83307 333 56209 58008=
110900 48112 32598 60403 10367 20204 40106 82216 333 56199 59002=  48001 32557 10401 10295 20253 40096 81100 333 56900 59011=
110900 48004 31558 12201 10341 20164 70511 81100 333 56900=
110900 48008 31057 02301 10345 20143 40095 70544 333 58003=
110900 48010 32060 00000 10345 20206 40107 333 58010=
110900 48018 32960 01402 10355 20158 40110 333 59000=
110900 48019 32960 03201 10330 20212 40100 333 59001=
110900 48025 31456 10401 10369 20125 40095 70544 81500 333 56900 58010=
110900 48035 31930 02204 10329 20106 40067 70400 333 58014=
110900 48037 31956 03601 10380 20112 40088 70544 333 58006=
110900 48042 32957 03201 10365 20164 40090 333 58016=
110900 48045 32956 01403 10285 20159 333=
110900 48048 32962 00401 10375 20112 40102 333 58025=
110900 48053 32950 02702 10380 20159 40087 333 58010=
110900 48060 32450 12202 10340 20125 40061 81100 333 56500 59008=
110900 48071 32960 03203 10307 20225 40120 333 58006=
110900 48075 32556 22204 10350 20083 40085 82100 333 56500 58026=
110900 48077 32959 00000 10400 20176 40086 333 58002=
110900 48078 32958 10902 10392 20103 40096 80001 333 56009 58003=
110900 48080 32960 02207 10352 20237 40107 333 58008=
110900 48085 31957 02704 10309 20253 40107 70500 333 59003=
110900 48095 32960 02202 10370 20207 333=
110900 48108 32596 43204 10360 20242 40116 82806 333 56709 58006=
110900 48110 32596 82302 10360 20249 40115 83307 333 56209 58008=
110900 48112 32598 60403 10367 20204 40106 82216 333 56199 59002=
110900 48030 32956 02204 10253 29011 333=
110900 48072 32960 02702 10330 20218 333=
110900 48087 32960 20000 10294 20131 80041 333 56099=
110900 48099 32560 42304 10375 20240 40104 83830 333 56590 58007=
110900 48101 32961 01402 10348 20182 333=
110900 48103 32556 12201 10360 20235 40111 81500 333 56500 58007=
110900 48057 32430 03203 10296 20149 333=
110900 48094 32960 03202 10380 20195 40112 333 58007=
110900 48097 32557 33102 10370 20125 40112 83500 333 56900 58005=
110900 48031 31960 00401 10260 29018 70500 333=
110900 48033 32963 03601 10370 20207 40117 333 58025=
110900 48034 31958 02302 10300 20098 70500 333=
110900 48039 32959 33201 10363 20132 80002 333 56009=
110900 48043 32059 03205 10300 20149 333=
110900 48052 32970 02303 10390 20131 333=
110900 48055 31956 02308 10346 20116 40053 70500 333 58007=
110900 48064 32970 01401 10396 20214 40079 333 58004=
110900 48065 32970 00000 10393 20177 333=
110900 48074 32961 00403 10290 20177 40100 333 58011=
110900 48092 32959 02006 10380 20165 40092 333 58008=
110900 48093 32958 02301 10380 20221 333=
110900 48107 32950 02702 10358 20202 40102 333 58002=  
