11-MAY-2015 09 48001 3 2 4 50 5 14 01 10 330 20 212 3 0000 4 0048 5 0000 6 000 0 7 00 0 0 8 3 8 3 0 333 10 /// 59 025 6 000 0 7 0000 
11-MAY-2015 09 48004 3 1 4 56 5 13 01 10 335 20 240 3 0000 4 0000 5 0000 6 000 0 7 05 2 2 8 5 9 0 0 333 10 /// 58 000 6 000 0 7 0000 
11-MAY-2015 09 48008 3 2 5 57 8 23 01 10 364 20 214 3 0000 4 0052 5 0000 6 000 0 7 00 0 0 8 4 9 7 / 333 10 /// 58 001 6 000 0 7 0000 
11-MAY-2015 09 48010 3 2 5 57 8 00 00 10 334 20 244 3 0000 4 0052 5 0000 6 000 0 7 00 0 0 8 4 9 7 / 333 10 /// 59 003 6 000 0 7 0000 
11-MAY-2015 09 48018 3 2 5 60 7 14 02 10 365 20 227 3 0000 4 0041 5 0000 6 000 0 7 03 2 2 8 3 8 7 1 333 10 /// 59 001 6 000 0 7 0000 
11-MAY-2015 09 48019 3 1 4 58 6 23 01 10 367 20 246 3 0000 4 0054 5 0000 6 000 0 7 05 2 2 8 2 2 6 0 333 10 /// 59 005 6 000 0 7 0000 
11-MAY-2015 09 48020 3 2 3 50 7 36 02 10 365 20 246 3 0000 4 0000 5 0000 6 000 0 7 00 0 0 8 7 8 0 0 333 10 /// 58 000 6 000 0 7 0000 
11-MAY-2015 09 48025 3 1 4 40 6 09 01 10 374 20 246 3 0000 4 0054 5 0000 6 000 0 7 04 4 4 8 5 8 7 0 333 10 /// 58 005 6 000 0 7 0000 
11-MAY-2015 09 48030 3 1 6 50 8 22 03 10 207 20 160 3 0000 4 0000 5 0000 6 000 0 7 05 4 4 8 8 9 / / 333 10 /// 58 000 6 000 0 7 0000 
11-MAY-2015 09 48031 3 1 2 58 8 04 01 10 220 20 185 3 0000 4 0000 5 0000 6 000 0 7 17 9 6 8 8 3 / / 333 10 /// 58 000 6 000 0 7 0000 
11-MAY-2015 09 48033 3 2 5 63 7 32 01 10 335 20 270 3 0000 4 0052 5 0000 6 000 0 7 00 0 0 8 6 9 3 0 333 10 /// 58 034 6 000 0 7 0000 
11-MAY-2015 09 48034 2 1 4 56 7 00 00 10 216 20 200 3 0000 4 0000 5 0000 6 000 0 7 20 9 6 8 7 3 0 0 333 10 /// 58 000 6 000 0 7 0000 
11-MAY-2015 09 48035 3 1 5 30 8 27 03 10 297 20 185 3 0000 4 0048 5 0000 6 000 0 7 05 2 2 8 5 9 7 / 333 10 /// 58 032 6 000 0 7 0000 
11-MAY-2015 09 48037 3 2 5 60 3 04 01 10 351 20 219 3 0000 4 0052 5 0000 6 000 0 7 00 0 0 8 1 1 3 2 333 10 /// 58 029 6 000 0 7 0000 
11-MAY-2015 09 48039 3 2 4 60 3 22 01 10 389 20 233 3 0000 4 0000 5 0000 6 000 0 7 00 0 0 8 2 1 0 2 333 10 /// 58 000 6 000 0 7 0000 
11-MAY-2015 09 48042 3 2 5 57 3 36 02 10 395 20 222 3 0000 4 0037 5 0000 6 000 0 7 00 0 0 8 1 2 5 0 333 10 /// 58 008 6 000 0 7 0000 
11-MAY-2015 09 48043 3 2 7 57 3 18 07 10 310 20 225 3 0000 4 0000 5 0000 6 000 0 7 00 0 0 8 1 2 3 0 333 10 /// 58 000 6 000 0 7 0000 
11-MAY-2015 09 48045 2 1 5 56 7 14 02 10 250 20 186 3 0000 4 0000 5 0000 6 000 0 7 17 9 6 8 7 3 0 0 333 10 /// 58 000 6 000 0 7 0000 
11-MAY-2015 09 48048 3 2 5 60 4 04 01 10 410 20 263 3 0000 4 0043 5 0000 6 000 0 7 00 0 0 8 4 8 0 0 333 10 /// 58 025 6 000 0 7 0000 
11-MAY-2015 09 48051 3 1 5 59 6 31 03 10 337 20 220 3 0000 4 0000 5 0000 6 000 0 7 17 9 9 8 4 9 3 0 333 10 /// 58 000 6 000 0 7 0000 
11-MAY-2015 09 48052 3 2 4 68 3 04 02 10 448 20 244 3 0000 4 0000 5 0000 6 000 0 7 00 0 0 8 3 8 0 0 333 10 /// 58 000 6 000 0 7 0000 
11-MAY-2015 09 48053 3 2 4 56 5 27 02 10 410 20 263 3 0000 4 0028 5 0000 6 000 0 7 00 0 0 8 3 9 5 6 333 10 /// 58 008 6 000 0 7 0000 
11-MAY-2015 09 48055 3 1 5 56 6 04 05 10 337 20 177 3 0000 4 0003 5 0000 6 000 0 7 17 9 9 8 6 9 0 0 333 10 /// 58 005 6 000 0 7 0000 
11-MAY-2015 09 48057 2 1 4 58 6 18 02 10 286 20 140 3 0000 4 0000 5 0000 6 000 0 7 17 9 5 8 3 9 7 1 333 10 /// 58 000 6 000 0 7 0000 
11-MAY-2015 09 48060 3 2 4 50 5 00 00 10 355 20 243 3 0000 4 0006 5 0000 6 000 0 7 03 2 2 8 5 3 0 0 333 10 /// 58 007 6 000 0 7 0000 
11-MAY-2015 09 48062 3 2 5 58 4 27 01 10 345 20 300 3 0000 4 0077 5 0000 6 000 0 7 02 2 2 8 3 9 0 0 333 10 /// 58 020 6 000 0 7 0000 
11-MAY-2015 09 48064 3 2 5 70 1 14 01 10 427 20 250 3 0000 4 0016 5 0000 6 000 0 7 00 0 0 8 1 1 0 0 333 10 /// 59 013 6 000 0 7 0000 
11-MAY-2015 09 48065 3 2 5 70 2 22 05 10 420 20 240 3 0000 4 0000 5 0000 6 000 0 7 00 0 0 8 1 1 0 1 333 10 /// 58 000 6 000 0 7 0000 
11-MAY-2015 09 48071 3 2 9 60 0 27 04 10 350 20 266 3 0000 4 0076 5 0000 6 000 0 7 00 0 0 8 0 0 0 0 333 10 /// 58 010 6 000 0 7 0000 
11-MAY-2015 09 48072 3 2 4 60 1 27 06 10 358 20 294 3 0000 4 0000 5 0000 6 000 0 7 02 2 2 8 1 2 0 0 333 10 /// 58 000 6 000 0 7 0000 
11-MAY-2015 09 48074 3 2 5 61 2 36 03 10 396 20 246 3 0000 4 0044 5 0000 6 000 0 7 00 0 0 8 2 1 0 0 333 10 /// 58 008 6 000 0 7 0000 
11-MAY-2015 09 48075 3 2 4 57 6 32 01 10 335 20 220 3 0000 4 0025 5 0000 6 000 0 7 02 2 2 8 5 8 3 0 333 10 /// 59 004 6 000 0 7 0000 
11-MAY-2015 09 48077 3 2 5 59 4 00 00 10 390 20 233 3 0000 4 0040 5 0000 6 000 0 7 00 0 0 8 3 9 0 1 333 10 /// 58 014 6 000 0 7 0000 
11-MAY-2015 09 48078 3 2 5 60 4 14 01 10 402 20 269 3 0000 4 0049 5 0000 6 000 0 7 00 0 0 8 3 3 0 1 333 10 /// 58 009 6 000 0 7 0000 
11-MAY-2015 09 48080 3 2 4 60 2 22 11 10 360 20 264 3 0000 4 0062 5 0000 6 000 0 7 00 0 0 8 2 2 0 0 333 10 /// 58 005 6 000 0 7 0000 
11-MAY-2015 09 48085 3 2 4 58 2 32 03 10 344 20 270 3 0000 4 0069 5 0000 6 000 0 7 00 0 0 8 2 3 0 0 333 10 /// 58 010 6 000 0 7 0000 
11-MAY-2015 09 48087 3 2 5 60 4 23 01 10 397 20 214 3 0000 4 0000 5 0000 6 000 0 7 00 0 0 8 3 8 4 0 333 10 /// 58 000 6 000 0 7 0000 
11-MAY-2015 09 48092 3 2 4 58 1 18 04 10 392 20 198 3 0000 4 0035 5 0000 6 000 0 7 00 0 0 8 1 1 0 0 333 10 /// 58 009 6 000 0 7 0000 
11-MAY-2015 09 48093 3 2 5 58 3 32 01 10 390 20 233 3 0000 4 0000 5 0000 6 000 0 7 00 0 0 8 3 8 0 0 333 10 /// 58 000 6 000 0 7 0000 
11-MAY-2015 09 48094 3 2 4 60 3 27 02 10 385 20 275 3 0000 4 0064 5 0000 6 000 0 7 00 0 0 8 3 9 0 0 333 10 /// 58 003 6 000 0 7 0000 
11-MAY-2015 09 48095 3 2 5 60 2 00 00 10 405 20 269 3 0000 4 0000 5 0000 6 000 0 7 01 2 2 8 2 2 0 0 333 10 /// 58 000 6 000 0 7 0000 
11-MAY-2015 09 48097 3 2 5 57 2 22 02 10 390 20 253 3 0000 4 0068 5 0000 6 000 0 7 00 0 0 8 2 8 0 0 333 10 /// 58 012 6 000 0 7 0000 
11-MAY-2015 09 48099 3 2 5 60 4 23 03 10 382 20 240 3 0000 4 0053 5 0000 6 000 0 7 00 0 0 8 4 9 0 0 333 10 /// 58 000 6 000 0 7 0000 
11-MAY-2015 09 48101 3 2 6 60 2 14 02 10 355 20 264 3 0000 4 0000 5 0000 6 000 0 7 02 1 1 8 2 2 0 0 333 10 /// 58 000 6 000 0 7 0000 
11-MAY-2015 09 48103 3 2 4 57 2 22 01 10 377 20 240 3 0000 4 0058 5 0000 6 000 0 7 00 0 0 8 2 8 0 0 333 10 /// 58 001 6 000 0 7 0000 
11-MAY-2015 09 48107 3 2 3 50 5 32 02 10 348 20 240 3 0000 4 0064 5 0000 6 000 0 7 00 0 0 8 5 9 0 0 333 10 /// 58 002 6 000 0 7 0000 
11-MAY-2015 09 48108 3 2 5 96 7 32 02 10 350 20 266 3 0000 4 0068 5 0000 6 000 0 7 00 0 0 8 4 3 6 6 333 10 /// 58 007 6 000 0 7 0000 
11-MAY-2015 09 48110 3 2 5 96 5 32 02 10 360 20 264 3 0000 4 0074 5 0000 6 000 0 7 00 0 0 8 2 3 0 6 333 10 /// 58 007 6 000 0 7 0000 
11-MAY-2015 09 48112 3 2 5 97 8 04 01 10 317 20 264 3 0000 4 0077 5 0000 6 000 0 7 02 2 2 8 3 8 7 6 333 10 /// 59 004 6 000 0 7 0000 
