11-MAR-2015 03 48001 3 1 9 30 9 00 00 10 170 20 135 3 0000 4 0162 5 0000 6 000 0 7 42 4 4 8 0 0 0 0 333 10 /// 59 001 6 000 0 7 0000 
11-MAR-2015 03 48004 3 1 5 58 1 32 01 10 205 20 143 3 0000 4 0000 5 0000 6 000 0 7 05 4 4 8 1 1 0 0 333 10 /// 58 000 6 000 0 7 0000 
11-MAR-2015 03 48008 3 1 0 57 0 32 01 10 220 20 156 3 0000 4 0153 5 0000 6 000 0 7 01 4 4 8 0 0 0 0 333 10 /// 58 014 6 000 0 7 0000 
11-MAR-2015 03 48010 3 1 0 40 0 00 00 10 185 20 165 3 0000 4 0162 5 0000 6 000 0 7 40 4 4 8 0 0 0 0 333 10 /// 58 015 6 000 0 7 0000 
11-MAR-2015 03 48018 3 1 9 57 0 32 01 10 210 20 160 3 0000 4 0159 5 0000 6 000 0 7 10 4 4 8 0 0 0 0 333 10 /// 58 008 6 000 0 7 0000 
11-MAR-2015 03 48019 3 1 9 60 0 32 01 10 200 20 168 3 0000 4 0144 5 0000 6 000 0 7 00 0 0 8 0 0 0 0 333 10 /// 59 004 6 000 0 7 0000 
11-MAR-2015 03 48020 3 2 9 50 0 00 00 10 250 20 150 3 0000 4 0000 5 0000 6 000 0 7 00 0 0 8 0 0 0 0 333 10 /// 58 000 6 000 0 7 0000 
11-MAR-2015 03 48025 3 1 4 20 1 22 01 10 214 20 120 3 0000 4 0148 5 0000 6 000 0 7 05 4 4 8 1 5 0 0 333 10 /// 58 004 6 000 0 7 0000 
11-MAR-2015 03 48030 3 2 9 57 0 22 03 10 168 20 000 3 0000 4 0000 5 0000 6 000 0 7 00 0 0 8 0 0 0 0 333 10 /// 58 000 6 000 0 7 0000 
11-MAR-2015 03 48031 3 1 9 60 0 04 01 10 195 20 060 3 0000 4 0000 5 0000 6 000 0 7 05 0 0 8 0 0 0 0 333 10 /// 58 000 6 000 0 7 0000 
11-MAR-2015 03 48033 3 2 9 62 0 36 01 10 280 20 126 3 0000 4 0144 5 0000 6 000 0 7 00 0 0 8 0 0 0 0 333 10 /// 58 026 6 000 0 7 0000 
11-MAR-2015 03 48034 3 1 9 56 0 00 00 10 187 20 139 3 0000 4 0000 5 0000 6 000 0 7 10 0 0 8 0 0 0 0 333 10 /// 58 000 6 000 0 7 0000 
11-MAR-2015 03 48035 3 1 9 20 0 00 00 10 181 20 129 3 0000 4 0152 5 0000 6 000 0 7 04 0 0 8 0 0 0 0 333 10 /// 59 003 6 000 0 7 0000 
11-MAR-2015 03 48037 3 1 9 56 0 36 01 10 262 20 102 3 0000 4 0145 5 0000 6 000 0 7 05 4 4 8 0 0 0 0 333 10 /// 58 018 6 000 0 7 0000 
11-MAR-2015 03 48039 3 1 9 50 2 32 01 10 245 20 155 3 0000 4 0000 5 0000 6 000 0 7 05 1 1 8 0 0 0 2 333 10 /// 58 000 6 000 0 7 0000 
11-MAR-2015 03 48042 3 1 9 56 0 13 03 10 287 20 179 3 0000 4 0123 5 0000 6 000 0 7 05 0 0 8 0 0 0 0 333 10 /// 58 006 6 000 0 7 0000 
11-MAR-2015 03 48043 3 2 0 58 0 18 05 10 245 20 126 3 0000 4 0000 5 0000 6 000 0 7 00 0 0 8 0 0 0 0 333 10 /// 58 000 6 000 0 7 0000 
11-MAR-2015 03 48045 3 2 9 60 0 09 04 10 225 20 074 3 0000 4 0000 5 0000 6 000 0 7 00 0 0 8 0 0 0 0 333 10 /// 58 000 6 000 0 7 0000 
11-MAR-2015 03 48048 3 2 9 58 0 04 01 10 290 20 140 3 0000 4 0145 5 0000 6 000 0 7 00 0 0 8 0 0 0 0 333 10 /// 58 012 6 000 0 7 0000 
11-MAR-2015 03 48051 3 2 9 58 0 04 02 10 264 20 120 3 0000 4 0000 5 0000 6 000 0 7 00 0 0 8 0 0 0 0 333 10 /// 58 000 6 000 0 7 0000 
11-MAR-2015 03 48052 3 2 9 58 0 32 02 10 252 20 150 3 0000 4 0000 5 0000 6 000 0 7 00 0 0 8 0 0 0 0 333 10 /// 58 000 6 000 0 7 0000 
11-MAR-2015 03 48053 3 2 9 50 0 18 01 10 280 20 184 3 0000 4 0149 5 0000 6 000 0 7 05 0 0 8 0 0 0 0 333 10 /// 58 008 6 000 0 7 0000 
11-MAR-2015 03 48055 3 1 9 58 0 00 00 10 210 20 120 3 0000 4 0151 5 0000 6 000 0 7 05 0 0 8 0 0 0 0 333 10 /// 59 008 6 000 0 7 0000 
11-MAR-2015 03 48057 3 2 9 60 0 14 02 10 250 20 105 3 0000 4 0000 5 0000 6 000 0 7 00 0 0 8 0 0 0 0 333 10 /// 58 000 6 000 0 7 0000 
11-MAR-2015 03 48060 3 1 9 30 0 00 00 10 205 20 147 3 0000 4 0168 5 0000 6 000 0 7 10 1 1 8 0 0 0 0 333 10 /// 59 005 6 000 0 7 0000 
11-MAR-2015 03 48062 3 1 9 50 0 36 02 10 220 20 190 3 0000 4 0150 5 0000 6 000 0 7 10 4 2 8 0 0 0 0 333 10 /// 58 005 6 000 0 7 0000 
11-MAR-2015 03 48064 3 2 9 60 0 14 01 10 240 20 155 3 0000 4 0127 5 0000 6 000 0 7 00 0 0 8 0 0 0 0 333 10 /// 58 012 6 000 0 7 0000 
11-MAR-2015 03 48065 3 2 9 60 0 00 00 10 265 20 172 3 0000 4 0000 5 0000 6 000 0 7 00 0 0 8 0 0 0 0 333 10 /// 58 000 6 000 0 7 0000 
11-MAR-2015 03 48071 3 1 9 58 0 00 00 10 260 20 229 3 0000 4 0153 5 0000 6 000 0 7 10 4 0 8 0 0 0 0 333 10 /// 58 013 6 000 0 7 0000 
11-MAR-2015 03 48072 3 1 9 59 0 13 02 10 290 20 230 3 0000 4 0000 5 0000 6 000 0 7 05 2 2 8 0 0 0 0 333 10 /// 58 000 6 000 0 7 0000 
11-MAR-2015 03 48074 3 1 9 60 0 09 02 10 275 20 184 3 0000 4 0159 5 0000 6 000 0 7 05 0 0 8 0 0 0 0 333 10 /// 58 013 6 000 0 7 0000 
11-MAR-2015 03 48075 3 1 9 57 0 00 00 10 260 20 180 3 0000 4 0144 5 0000 6 000 0 7 05 1 1 8 0 0 0 0 333 10 /// 59 027 6 000 0 7 0000 
11-MAR-2015 03 48077 3 2 9 58 0 00 00 10 270 20 172 3 0000 4 0126 5 0000 6 000 0 7 00 0 0 8 0 0 0 0 333 10 /// 59 001 6 000 0 7 0000 
11-MAR-2015 03 48078 3 2 9 56 1 18 01 10 271 20 201 3 0000 4 0149 5 0000 6 000 0 7 00 0 0 8 0 0 0 1 333 10 /// 58 004 6 000 0 7 0000 
11-MAR-2015 03 48080 3 2 9 60 0 04 02 10 241 20 209 3 0000 4 0153 5 0000 6 000 0 7 00 0 0 8 0 0 0 0 333 10 /// 58 009 6 000 0 7 0000 
11-MAR-2015 03 48085 3 1 9 57 0 27 02 10 246 20 209 3 0000 4 0142 5 0000 6 000 0 7 05 0 0 8 0 0 0 0 333 10 /// 58 002 6 000 0 7 0000 
11-MAR-2015 03 48087 3 2 9 60 0 00 00 10 278 20 184 3 0000 4 0000 5 0000 6 000 0 7 00 0 0 8 0 0 0 0 333 10 /// 58 000 6 000 0 7 0000 
11-MAR-2015 03 48092 3 1 9 50 0 13 02 10 280 20 203 3 0000 4 0133 5 0000 6 000 0 7 05 0 0 8 0 0 0 0 333 10 /// 58 005 6 000 0 7 0000 
11-MAR-2015 03 48093 3 2 9 56 0 23 01 10 254 20 219 3 0000 4 0000 5 0000 6 000 0 7 00 0 0 8 0 0 0 0 333 10 /// 58 000 6 000 0 7 0000 
11-MAR-2015 03 48094 3 2 9 59 0 32 02 10 280 20 250 3 0000 4 0145 5 0000 6 000 0 7 00 0 0 8 0 0 0 0 333 10 /// 58 004 6 000 0 7 0000 
11-MAR-2015 03 48095 3 2 9 58 0 22 01 10 280 20 220 3 0000 4 0000 5 0000 6 000 0 7 00 0 0 8 0 0 0 0 333 10 /// 58 000 6 000 0 7 0000 
11-MAR-2015 03 48097 3 2 5 57 1 31 02 10 300 20 158 3 0000 4 0164 5 0000 6 000 0 7 14 0 0 8 0 0 0 0 333 10 /// 58 010 6 000 0 7 0000 
11-MAR-2015 03 48099 3 1 4 50 2 32 01 10 290 20 230 3 0000 4 0152 5 0000 6 000 0 7 05 1 1 8 2 5 0 0 333 10 /// 58 011 6 000 0 7 0000 
11-MAR-2015 03 48101 3 2 9 58 0 27 01 10 275 20 220 3 0000 4 0000 5 0000 6 000 0 7 00 0 0 8 0 0 0 0 333 10 /// 58 000 6 000 0 7 0000 
11-MAR-2015 03 48103 3 2 9 56 0 32 01 10 297 20 239 3 0000 4 0157 5 0000 6 000 0 7 00 0 0 8 0 0 0 0 333 10 /// 58 011 6 000 0 7 0000 
11-MAR-2015 03 48107 3 1 9 50 0 23 01 10 264 20 229 3 0000 4 0141 5 0000 6 000 0 7 01 4 4 8 0 0 0 0 333 10 /// 58 011 6 000 0 7 0000 
11-MAR-2015 03 48108 3 2 9 96 3 13 05 10 290 20 239 3 0000 4 0152 5 0000 6 000 0 7 00 0 0 8 0 0 0 6 333 10 /// 58 004 6 000 0 7 0000 
11-MAR-2015 03 48109 3 2 9 97 0 00 00 10 281 20 220 3 0000 4 0159 5 0000 6 000 0 7 00 0 0 8 0 0 0 0 333 10 /// 58 004 6 000 0 7 0000 
11-MAR-2015 03 48110 3 1 5 96 5 13 02 10 300 20 239 3 0000 4 0154 5 0000 6 000 0 7 05 2 2 8 3 3 0 6 333 10 /// 58 013 6 000 0 7 0000 
11-MAR-2015 03 48112 3 2 9 58 6 04 02 10 310 20 237 3 0000 4 0148 5 0000 6 000 0 7 00 0 0 8 2 2 1 6 333 10 /// 58 010 6 000 0 7 0000 
