48001 31930 90000 10170 20135 40162 74244 333 59001=
48004 31558 13201 10205 20143 70544 81100 333 56900=
48008 31057 03201 10220 20156 40153 70144 333 58014=
48010 31040 00000 10185 20165 40162 74044 333 58015=
48018 31957 03201 10210 20160 40159 71044 333 58008=
48019 31960 03201 10200 20168 40144 333 59004=
48020 32950 00000 10250 20150 333=
48025 31420 12201 10214 20120 40148 70544 81500 333 56900 58004=
48030 32957 02203 10168 29018 333=
48031 31960 00401 10195 20060 70500 333=
48033 32962 03601 10280 20126 40144 333 58026=
48034 31956 00000 10187 20139 71000 333=
48035 31920 00000 10181 20129 40152 70400 333 59003=
48037 31956 03601 10262 20102 40145 70544 333 58018=
48039 31950 23201 10245 20155 70511 80002 333 56005=
48042 31956 01303 10287 20179 40123 70500 333 58006=
48043 32058 01805 10245 20126 333=
48045 32960 00904 10225 20074 333=
48048 32958 00401 10290 20140 40145 333 58012=
48051 32958 00402 10264 20120 333=
48052 32958 03202 10252 20150 333=
48053 32950 01801 10280 20184 40149 70500 333 58008=
48055 31958 00000 10210 20120 40151 70500 333 59008=
48057 32960 01402 10250 20105 333=
48060 31930 00000 10205 20147 40168 71011 333 59005=
48062 31950 03602 10220 20190 40150 71042 333 58005=
48064 32960 01401 10240 20155 40127 333 58012=
48065 32960 00000 10265 20172 333=
48071 31958 00000 10260 20229 40153 71040 333 58013=
48072 31959 01302 10290 20230 70522 333=
48074 31960 00902 10275 20184 40159 70500 333 58013=
48075 31957 00000 10260 20180 40144 70511 333 59027=
48077 32958 00000 10270 20172 40126 333 59001=
48078 32956 11801 10271 20201 40149 80001 333 56009 58004=
48080 32960 00402 10241 20209 40153 333 58009=
48085 31957 02702 10246 20209 40142 70500 333 58002=
48087 32960 00000 10278 20184 333=
48092 31950 01302 10280 20203 40133 70500 333 58005=
48093 32956 02301 10254 20219 333=
48094 32959 03202 10280 20250 40145 333 58004=
48095 32958 02201 10280 20220 333=
48097 32557 13102 10300 20158 40164 71400 333 56900 58010=
48099 31450 23201 10290 20230 40152 70511 82500 333 56900 58011=
48101 32958 02701 10275 20220 333=
48103 32956 03201 10297 20239 40157 333 58011=
48107 31950 02301 10264 20229 40141 70144 333 58011=
48108 32996 31305 10290 20239 40152 80006 333 56009 58004=
48109 32997 00000 10281 20220 40159 333 58004=
48110 31596 51302 10300 20239 40154 70522 83306 333 56209 58013=
48112 32958 60402 10310 20237 40148 82216 333 56199 58010=  