11-MAY-2015 06 48001 3 2 5 56 3 04 01 10 320 20 215 3 0000 4 0066 5 0000 6 000 0 7 00 0 0 8 3 7 0 0 333 10 /// 58 029 6 000 0 7 0000 
11-MAY-2015 06 48004 3 1 4 58 5 04 01 10 325 20 244 3 0000 4 0000 5 0000 6 000 0 7 05 1 2 8 5 9 0 0 333 10 /// 58 000 6 000 0 7 0000 
11-MAY-2015 06 48008 3 2 5 57 6 23 01 10 352 20 143 3 0000 4 0072 5 0000 6 000 0 7 00 0 0 8 2 5 3 1 333 10 /// 58 009 6 000 0 7 0000 
11-MAY-2015 06 48010 3 2 5 58 6 00 00 10 325 20 236 3 0000 4 0074 5 0000 6 000 0 7 00 0 0 8 4 4 7 0 333 10 /// 58 007 6 000 0 7 0000 
11-MAY-2015 06 48018 3 2 5 60 6 14 02 10 355 20 214 3 0000 4 0074 5 0000 6 000 0 7 00 0 0 8 2 8 7 1 333 10 /// 58 006 6 000 0 7 0000 
11-MAY-2015 06 48019 3 2 9 60 2 04 02 10 355 20 249 3 0000 4 0069 5 0000 6 000 0 7 00 0 0 8 0 0 0 6 333 10 /// 58 003 6 000 0 7 0000 
11-MAY-2015 06 48020 3 2 3 57 5 36 02 10 370 20 258 3 0000 4 0000 5 0000 6 000 0 7 00 0 0 8 5 8 0 0 333 10 /// 58 000 6 000 0 7 0000 
11-MAY-2015 06 48025 3 1 4 40 5 32 01 10 364 20 235 3 0000 4 0080 5 0000 6 000 0 7 04 4 4 8 4 8 4 0 333 10 /// 59 005 6 000 0 7 0000 
11-MAY-2015 06 48030 3 2 2 56 6 22 02 10 240 20 174 3 0000 4 0000 5 0000 6 000 0 7 00 0 0 8 4 9 4 0 333 10 /// 58 000 6 000 0 7 0000 
11-MAY-2015 06 48031 3 1 2 60 2 18 01 10 250 20 165 3 0000 4 0000 5 0000 6 000 0 7 05 4 4 8 2 8 0 0 333 10 /// 58 000 6 000 0 7 0000 
11-MAY-2015 06 48033 3 2 5 63 7 00 00 10 315 20 265 3 0000 4 0075 5 0000 6 000 0 7 00 0 0 8 6 9 3 0 333 10 /// 58 027 6 000 0 7 0000 
11-MAY-2015 06 48034 2 1 4 56 8 00 00 10 232 20 214 3 0000 4 0000 5 0000 6 000 0 7 02 5 5 8 6 9 2 / 333 10 /// 58 000 6 000 0 7 0000 
11-MAY-2015 06 48035 3 1 5 30 7 27 04 10 287 20 196 3 0000 4 0057 5 0000 6 000 0 7 05 0 0 8 5 9 6 0 333 10 /// 58 004 6 000 0 7 0000 
11-MAY-2015 06 48037 3 2 4 58 7 32 01 10 300 20 239 3 0000 4 0071 5 0000 6 000 0 7 00 0 0 8 3 8 7 0 333 10 /// 58 016 6 000 0 7 0000 
11-MAY-2015 06 48039 3 2 4 60 3 22 01 10 369 20 258 3 0000 4 0000 5 0000 6 000 0 7 00 0 0 8 2 1 5 0 333 10 /// 58 000 6 000 0 7 0000 
11-MAY-2015 06 48042 3 2 5 57 3 27 02 10 380 20 240 3 0000 4 0061 5 0000 6 000 0 7 00 0 0 8 1 2 5 0 333 10 /// 58 003 6 000 0 7 0000 
11-MAY-2015 06 48043 3 2 7 57 2 18 06 10 300 20 207 3 0000 4 0000 5 0000 6 000 0 7 00 0 0 8 2 2 0 0 333 10 /// 58 000 6 000 0 7 0000 
11-MAY-2015 06 48045 3 1 5 59 5 14 03 10 288 20 179 3 0000 4 0000 5 0000 6 000 0 7 04 4 4 8 5 3 0 0 333 10 /// 58 000 6 000 0 7 0000 
11-MAY-2015 06 48048 3 2 5 60 5 04 01 10 375 20 240 3 0000 4 0070 5 0000 6 000 0 7 00 0 0 8 4 8 5 0 333 10 /// 58 014 6 000 0 7 0000 
11-MAY-2015 06 48051 3 2 5 59 4 04 02 10 377 20 260 3 0000 4 0000 5 0000 6 000 0 7 02 2 2 8 4 3 0 0 333 10 /// 58 000 6 000 0 7 0000 
11-MAY-2015 06 48052 3 2 4 68 2 04 02 10 395 20 230 3 0000 4 0000 5 0000 6 000 0 7 00 0 0 8 2 2 0 0 333 10 /// 58 000 6 000 0 7 0000 
11-MAY-2015 06 48053 3 2 4 56 5 27 02 10 370 20 258 3 0000 4 0063 5 0000 6 000 0 7 00 0 0 8 3 9 5 6 333 10 /// 58 001 6 000 0 7 0000 
11-MAY-2015 06 48055 3 2 6 56 3 04 04 10 338 20 184 3 0000 4 0031 5 0000 6 000 0 7 00 0 0 8 3 8 0 0 333 10 /// 59 001 6 000 0 7 0000 
11-MAY-2015 06 48057 3 2 4 58 5 14 02 10 286 20 159 3 0000 4 0000 5 0000 6 000 0 7 00 0 0 8 5 3 0 0 333 10 /// 58 000 6 000 0 7 0000 
11-MAY-2015 06 48060 3 1 4 50 3 23 01 10 345 20 183 3 0000 4 0048 5 0000 6 000 0 7 05 2 2 8 2 1 3 0 333 10 /// 58 024 6 000 0 7 0000 
11-MAY-2015 06 48062 3 2 5 58 6 23 05 10 362 20 244 3 0000 4 0091 5 0000 6 000 0 7 01 2 2 8 2 9 3 0 333 10 /// 59 003 6 000 0 7 0000 
11-MAY-2015 06 48064 3 2 5 70 1 14 01 10 406 20 278 3 0000 4 0050 5 0000 6 000 0 7 00 0 0 8 1 1 0 0 333 10 /// 58 000 6 000 0 7 0000 
11-MAY-2015 06 48065 3 2 5 70 1 00 00 10 392 20 233 3 0000 4 0000 5 0000 6 000 0 7 00 0 0 8 1 1 0 0 333 10 /// 58 000 6 000 0 7 0000 
11-MAY-2015 06 48071 3 2 4 60 4 32 03 10 335 20 270 3 0000 4 0093 5 0000 6 000 0 7 00 0 0 8 4 8 0 0 333 10 /// 59 001 6 000 0 7 0000 
11-MAY-2015 06 48072 3 2 4 60 1 27 05 10 350 20 280 3 0000 4 0000 5 0000 6 000 0 7 01 2 2 8 1 2 0 0 333 10 /// 58 000 6 000 0 7 0000 
11-MAY-2015 06 48074 3 2 5 60 2 32 01 10 370 20 246 3 0000 4 0076 5 0000 6 000 0 7 00 0 0 8 2 1 0 0 333 10 /// 58 004 6 000 0 7 0000 
11-MAY-2015 06 48075 3 2 4 57 4 13 01 10 330 20 201 3 0000 4 0070 5 0000 6 000 0 7 00 0 0 8 3 8 3 0 333 10 /// 58 004 6 000 0 7 0000 
11-MAY-2015 06 48077 3 2 5 59 2 00 00 10 340 20 249 3 0000 4 0068 5 0000 6 000 0 7 00 0 0 8 1 2 0 1 333 10 /// 58 006 6 000 0 7 0000 
11-MAY-2015 06 48078 3 2 5 59 3 18 01 10 375 20 242 3 0000 4 0071 5 0000 6 000 0 7 00 0 0 8 2 8 0 1 333 10 /// 59 002 6 000 0 7 0000 
11-MAY-2015 06 48080 3 2 4 61 4 22 12 10 370 20 258 3 0000 4 0076 5 0000 6 000 0 7 00 0 0 8 3 8 3 0 333 10 /// 58 012 6 000 0 7 0000 
11-MAY-2015 06 48085 3 2 4 58 2 27 05 10 342 20 270 3 0000 4 0089 5 0000 6 000 0 7 00 0 0 8 2 8 0 0 333 10 /// 58 006 6 000 0 7 0000 
11-MAY-2015 06 48087 3 2 5 60 4 04 03 10 376 20 240 3 0000 4 0000 5 0000 6 000 0 7 00 0 0 8 4 8 0 0 333 10 /// 58 000 6 000 0 7 0000 
11-MAY-2015 06 48092 3 2 4 58 3 26 04 10 375 20 205 3 0000 4 0059 5 0000 6 000 0 7 00 0 0 8 3 2 0 0 333 10 /// 58 008 6 000 0 7 0000 
11-MAY-2015 06 48093 3 2 5 58 4 32 01 10 368 20 246 3 0000 4 0000 5 0000 6 000 0 7 00 0 0 8 4 8 0 0 333 10 /// 58 000 6 000 0 7 0000 
11-MAY-2015 06 48094 3 2 4 60 5 32 02 10 360 20 270 3 0000 4 0083 5 0000 6 000 0 7 00 0 0 8 5 9 0 0 333 10 /// 58 004 6 000 0 7 0000 
11-MAY-2015 06 48095 3 2 5 60 3 04 01 10 380 20 255 3 0000 4 0000 5 0000 6 000 0 7 03 1 1 8 3 8 0 0 333 10 /// 58 000 6 000 0 7 0000 
11-MAY-2015 06 48096 3 2 5 59 3 18 06 10 360 20 235 3 0000 4 0094 5 0000 6 000 0 7 02 2 2 8 3 8 0 0 333 10 /// 58 023 6 000 0 7 0000 
11-MAY-2015 06 48097 3 2 5 57 3 04 02 10 365 20 248 3 0000 4 0091 5 0000 6 000 0 7 00 0 0 8 3 8 0 0 333 10 /// 58 004 6 000 0 7 0000 
11-MAY-2015 06 48099 3 2 5 57 3 23 02 10 368 20 246 3 0000 4 0081 5 0000 6 000 0 7 00 0 0 8 3 9 0 0 333 10 /// 58 012 6 000 0 7 0000 
11-MAY-2015 06 48101 3 2 5 60 2 32 02 10 350 20 240 3 0000 4 0000 5 0000 6 000 0 7 01 1 1 8 2 2 0 0 333 10 /// 58 000 6 000 0 7 0000 
11-MAY-2015 06 48103 3 2 4 57 3 22 01 10 369 20 246 3 0000 4 0085 5 0000 6 000 0 7 00 0 0 8 3 8 0 0 333 10 /// 58 010 6 000 0 7 0000 
11-MAY-2015 06 48107 3 2 3 50 6 23 01 10 342 20 257 3 0000 4 0087 5 0000 6 000 0 7 00 0 0 8 4 9 7 0 333 10 /// 58 015 6 000 0 7 0000 
11-MAY-2015 06 48108 3 2 5 96 7 32 04 10 350 20 240 3 0000 4 0092 5 0000 6 000 0 7 00 0 0 8 4 3 6 6 333 10 /// 58 012 6 000 0 7 0000 
11-MAY-2015 06 48110 3 1 5 96 5 32 03 10 350 20 255 3 0000 4 0096 5 0000 6 000 0 7 05 2 2 8 3 3 0 6 333 10 /// 58 010 6 000 0 7 0000 
