11-MAR-2015 06 48008 3 1 0 57 0 04 01 10 304 20 149 3 0000 4 0128 5 0000 6 000 0 7 05 4 4 8 0 0 0 0 333 10 /// 58 007 6 000 0 7 0000 
11-MAR-2015 06 48010 3 1 0 60 0 00 00 10 300 20 185 3 0000 4 0140 5 0000 6 000 0 7 02 4 4 8 0 0 0 0 333 10 /// 58 014 6 000 0 7 0000 
11-MAR-2015 06 48018 3 2 9 58 0 14 01 10 305 20 166 3 0000 4 0146 5 0000 6 000 0 7 00 0 0 8 0 0 0 0 333 10 /// 58 005 6 000 0 7 0000 
11-MAR-2015 06 48019 3 2 9 60 0 32 01 10 293 20 196 3 0000 4 0134 5 0000 6 000 0 7 00 0 0 8 0 0 0 0 333 10 /// 58 006 6 000 0 7 0000 
11-MAR-2015 06 48020 3 2 9 58 0 36 03 10 345 20 202 3 0000 4 0000 5 0000 6 000 0 7 00 0 0 8 0 0 0 0 333 10 /// 58 000 6 000 0 7 0000 
11-MAR-2015 06 48025 3 1 4 40 1 04 02 10 330 20 106 3 0000 4 0144 5 0000 6 000 0 7 05 4 4 8 1 5 0 0 333 10 /// 58 018 6 000 0 7 0000 
11-MAR-2015 06 48030 3 2 9 57 0 22 04 10 226 20 000 3 0000 4 0000 5 0000 6 000 0 7 00 0 0 8 0 0 0 0 333 10 /// 58 000 6 000 0 7 0000 
11-MAR-2015 06 48031 3 1 9 60 0 36 01 10 250 20 024 3 0000 4 0000 5 0000 6 000 0 7 05 0 0 8 0 0 0 0 333 10 /// 58 000 6 000 0 7 0000 
11-MAR-2015 06 48033 3 2 9 63 0 36 01 10 340 20 164 3 0000 4 0129 5 0000 6 000 0 7 00 0 0 8 0 0 0 0 333 10 /// 58 009 6 000 0 7 0000 
11-MAR-2015 06 48034 3 1 9 58 0 18 02 10 282 20 097 3 0000 4 0000 5 0000 6 000 0 7 05 0 0 8 0 0 0 0 333 10 /// 58 000 6 000 0 7 0000 
11-MAR-2015 06 48035 3 1 9 30 0 00 00 10 299 20 069 3 0000 4 0100 5 0000 6 000 0 7 04 0 0 8 0 0 0 0 333 10 /// 58 010 6 000 0 7 0000 
11-MAR-2015 06 48037 3 1 9 50 0 36 02 10 335 20 098 3 0000 4 0129 5 0000 6 000 0 7 05 4 4 8 0 0 0 0 333 10 /// 58 015 6 000 0 7 0000 
11-MAR-2015 06 48039 3 1 9 50 2 14 01 10 311 20 146 3 0000 4 0000 5 0000 6 000 0 7 05 1 1 8 0 0 0 2 333 10 /// 58 000 6 000 0 7 0000 
11-MAR-2015 06 48042 3 1 9 57 0 27 02 10 342 20 164 3 0000 4 0124 5 0000 6 000 0 7 05 0 0 8 0 0 0 0 333 10 /// 58 017 6 000 0 7 0000 
11-MAR-2015 06 48043 3 2 0 59 0 32 05 10 285 20 140 3 0000 4 0000 5 0000 6 000 0 7 00 0 0 8 0 0 0 0 333 10 /// 58 000 6 000 0 7 0000 
11-MAR-2015 06 48045 3 2 9 58 0 14 05 10 279 20 126 3 0000 4 0000 5 0000 6 000 0 7 00 0 0 8 0 0 0 0 333 10 /// 58 000 6 000 0 7 0000 
11-MAR-2015 06 48048 3 2 9 62 0 04 01 10 345 20 126 3 0000 4 0136 5 0000 6 000 0 7 00 0 0 8 0 0 0 0 333 10 /// 58 012 6 000 0 7 0000 
11-MAR-2015 06 48051 3 2 9 60 0 04 02 10 356 20 110 3 0000 4 0000 5 0000 6 000 0 7 00 0 0 8 0 0 0 0 333 10 /// 58 000 6 000 0 7 0000 
11-MAR-2015 06 48052 3 2 9 70 0 32 03 10 340 20 125 3 0000 4 0000 5 0000 6 000 0 7 00 0 0 8 0 0 0 0 333 10 /// 58 000 6 000 0 7 0000 
11-MAR-2015 06 48053 3 1 9 50 0 27 03 10 350 20 185 3 0000 4 0126 5 0000 6 000 0 7 05 0 0 8 0 0 0 0 333 10 /// 58 010 6 000 0 7 0000 
11-MAR-2015 06 48055 3 1 9 56 0 32 07 10 329 20 106 3 0000 4 0088 5 0000 6 000 0 7 05 0 0 8 0 0 0 0 333 10 /// 58 000 6 000 0 7 0000 
11-MAR-2015 06 48057 3 2 9 60 0 22 03 10 310 20 115 3 0000 4 0000 5 0000 6 000 0 7 00 0 0 8 0 0 0 0 333 10 /// 58 000 6 000 0 7 0000 
11-MAR-2015 06 48060 3 2 9 40 0 00 00 10 285 20 159 3 0000 4 0114 5 0000 6 000 0 7 00 0 0 8 0 0 0 0 333 10 /// 59 004 6 000 0 7 0000 
11-MAR-2015 06 48062 3 2 9 56 0 32 03 10 330 20 240 3 0000 4 0144 5 0000 6 000 0 7 00 0 0 8 0 0 0 0 333 10 /// 58 003 6 000 0 7 0000 
11-MAR-2015 06 48064 3 2 9 70 0 27 01 10 350 20 184 3 0000 4 0124 5 0000 6 000 0 7 00 0 0 8 0 0 0 0 333 10 /// 58 024 6 000 0 7 0000 
11-MAR-2015 06 48065 3 2 9 70 0 22 07 10 340 20 240 3 0000 4 0000 5 0000 6 000 0 7 00 0 0 8 0 0 0 0 333 10 /// 58 000 6 000 0 7 0000 
11-MAR-2015 06 48071 3 2 9 60 0 32 02 10 292 20 230 3 0000 4 0129 5 0000 6 000 0 7 00 0 0 8 0 0 0 0 333 10 /// 59 012 6 000 0 7 0000 
11-MAR-2015 06 48072 3 2 9 60 0 04 01 10 310 20 225 3 0000 4 0000 5 0000 6 000 0 7 00 0 0 8 0 0 0 0 333 10 /// 58 000 6 000 0 7 0000 
11-MAR-2015 06 48074 3 2 9 61 0 36 05 10 355 20 195 3 0000 4 0133 5 0000 6 000 0 7 00 0 0 8 0 0 0 0 333 10 /// 59 007 6 000 0 7 0000 
11-MAR-2015 06 48075 3 2 5 57 2 14 01 10 320 20 140 3 0000 4 0123 5 0000 6 000 0 7 00 0 0 8 2 1 0 0 333 10 /// 58 009 6 000 0 7 0000 
11-MAR-2015 06 48077 3 2 9 59 0 00 00 10 357 20 156 3 0000 4 0129 5 0000 6 000 0 7 00 0 0 8 0 0 0 0 333 10 /// 58 008 6 000 0 7 0000 
11-MAR-2015 06 48078 3 2 9 59 1 18 03 10 363 20 177 3 0000 4 0134 5 0000 6 000 0 7 00 0 0 8 0 0 0 1 333 10 /// 58 006 6 000 0 7 0000 
11-MAR-2015 06 48080 3 2 9 61 0 32 01 10 352 20 219 3 0000 4 0130 5 0000 6 000 0 7 00 0 0 8 0 0 0 0 333 10 /// 58 007 6 000 0 7 0000 
11-MAR-2015 06 48085 3 1 9 57 0 27 04 10 302 20 239 3 0000 4 0138 5 0000 6 000 0 7 05 0 0 8 0 0 0 0 333 10 /// 58 005 6 000 0 7 0000 
11-MAR-2015 06 48087 3 2 9 60 0 23 01 10 360 20 156 3 0000 4 0000 5 0000 6 000 0 7 00 0 0 8 0 0 0 0 333 10 /// 58 000 6 000 0 7 0000 
11-MAR-2015 06 48092 3 2 9 58 0 18 04 10 370 20 159 3 0000 4 0121 5 0000 6 000 0 7 00 0 0 8 0 0 0 0 333 10 /// 58 001 6 000 0 7 0000 
11-MAR-2015 06 48093 3 2 9 58 0 23 01 10 341 20 225 3 0000 4 0000 5 0000 6 000 0 7 00 0 0 8 0 0 0 0 333 10 /// 58 000 6 000 0 7 0000 
11-MAR-2015 06 48094 3 2 9 60 0 32 02 10 355 20 205 3 0000 4 0138 5 0000 6 000 0 7 00 0 0 8 0 0 0 0 333 10 /// 58 007 6 000 0 7 0000 
11-MAR-2015 06 48095 3 2 9 60 0 22 01 10 360 20 214 3 0000 4 0000 5 0000 6 000 0 7 00 0 0 8 0 0 0 0 333 10 /// 58 000 6 000 0 7 0000 
11-MAR-2015 06 48097 3 2 5 57 3 23 01 10 365 20 152 3 0000 4 0136 5 0000 6 000 0 7 02 1 1 8 3 5 0 0 333 10 /// 59 006 6 000 0 7 0000 
11-MAR-2015 06 48099 3 2 4 56 2 32 02 10 258 20 219 3 0000 4 0124 5 0000 6 000 0 7 00 0 0 8 2 8 0 0 333 10 /// 58 005 6 000 0 7 0000 
11-MAR-2015 06 48101 3 2 9 60 0 00 00 10 335 20 145 3 0000 4 0000 5 0000 6 000 0 7 00 0 0 8 0 0 0 0 333 10 /// 58 000 6 000 0 7 0000 
11-MAR-2015 06 48103 3 2 5 56 1 22 01 10 353 20 237 3 0000 4 0141 5 0000 6 000 0 7 00 0 0 8 1 5 0 0 333 10 /// 58 008 6 000 0 7 0000 
11-MAR-2015 06 48107 3 2 9 50 0 27 01 10 354 20 219 3 0000 4 0123 5 0000 6 000 0 7 00 0 0 8 0 0 0 0 333 10 /// 58 011 6 000 0 7 0000 
11-MAR-2015 06 48108 3 2 5 96 5 32 03 10 360 20 235 3 0000 4 0140 5 0000 6 000 0 7 00 0 0 8 3 8 6 6 333 10 /// 58 008 6 000 0 7 0000 
11-MAR-2015 06 48110 3 2 5 96 5 32 03 10 345 20 245 3 0000 4 0143 5 0000 6 000 0 7 00 0 0 8 3 3 0 6 333 10 /// 58 013 6 000 0 7 0000 
11-MAR-2015 06 48112 3 2 5 97 8 04 03 10 365 20 240 3 0000 4 0135 5 0000 6 000 0 7 03 2 2 8 3 8 7 6 333 10 /// 58 003 6 000 0 7 0000 
