110000 48001 31907 90000 10124 20123 40164 74244 333 20115 58011=
110000 48008 31550 31401 10170 20154 40122 71044 82430 333 20160 56330 59000=
110000 48010 32020 00000 10150 20142 40128 333 20145 59001=
110000 48018 32940 01401 10170 20154 40129 333 20155 59001=
110000 48019 32940 00000 10155 20150 40125 333 20152 58003=
110000 48025 31410 12201 10178 20147 40130 70544 81500 333 20174 56900 58005=
110000 48030 32950 02201 10128 29035 333 20140=
110000 48031 31950 02201 10140 20137 70500 333 20110=
110000 48033 32960 00401 10230 20198 40116 333 20210 58003=
110000 48034 32956 00000 10120 20102 333 20110=
110000 48035 31910 00000 10124 20102 40150 71000 333 20118 59012=
110000 48037 31920 03601 10228 20143 40109 70544 333 20218 58012=
110000 48039 31450 30000 10195 20139 71011 82400 333 20194 56900=
110000 48042 31956 00000 10210 20160 40111 333 20200 58000=
110000 48043 32030 00000 10160 20123 333 20122=
110000 48048 32940 00401 10197 20130 40114 333 20190 59004=
110000 48051 31930 00000 10150 20130 71000 333 20144=
110000 48052 32950 00402 10200 20150 333 20200=
110000 48053 32950 01803 10230 20123 40121 333 20228 58004=
110000 48055 31940 00000 10107 20100 40168 71000 333 20100 59009=
110000 48057 32956 00000 10160 20123 333 20146=
110000 48060 31920 00000 10157 20144 40170 74044 333 20132 59000=
110000 48062 31530 20000 10190 20160 40127 74042 82500 333 20150 56900 58000=
110000 48064 32950 00000 10204 20150 40092 333 20165 58000=
110000 48065 32950 00000 10188 20139 333 20174=
110000 48071 31910 00000 10200 20185 40120 74044 333 20200 59007=
110000 48074 31950 00000 10225 20185 40125 70500 333 20212 59009=
110000 48075 31456 20000 10165 20150 40165 70522 82500 333 20150 56500 59006=
110000 48077 32956 00000 10220 20185 40110 333 20190 59000=
110000 48078 32950 11801 10231 20198 40124 80001 333 20218 56009 59001=
110000 48080 31950 00000 10172 20154 40133 71044 333 20155 58005=
110000 48085 31950 01402 10176 20175 40129 74244 333 20175 58004=
110000 48092 31930 03201 10210 20202 40105 71011 333 20185 58001=
110000 48093 32930 00000 10228 20214 333 20218=
110000 48094 32956 00000 10230 20210 40126 333 20194 58006=
110000 48097 32556 21801 10230 20214 40132 82400 333 20225 56900 58002=
110000 48101 31940 00000 10215 20205 74244 333 20188=
110000 48103 32530 12201 10232 20214 40133 81500 333 20217 56500 58008=
110000 48107 31920 02301 10230 20214 40123 74144 333 20218 58002=
110000 48108 31594 50000 10225 20217 40140 71022 82406 333 20215 56909 58010=
110000 48109 31496 00000 10220 20205 40126 71022 333 20212 59006=
110000 48110 31595 81302 10260 20246 40133 70522 82206 333 20255 56109 58003=
110000 48112 32597 60401 10256 20229 40130 82246 333 20211 56199 58010=  
