11-MAY-2015 00 48008 3 2 5 56 4 00 00 10 238 20 209 3 0000 4 0053 5 0000 6 000 0 7 00 0 0 8 2 4 3 0 333 20 225 59 019 6 000 0 7 0000 
11-MAY-2015 00 48010 3 2 0 40 0 00 00 10 235 20 209 3 0000 4 0071 5 0000 6 000 0 7 00 0 0 8 0 0 0 0 333 20 220 58 018 6 000 0 7 0000 
11-MAY-2015 00 48018 3 2 5 56 4 00 00 10 245 20 219 3 0000 4 0054 5 0000 6 000 0 7 03 1 1 8 2 8 7 0 333 20 230 58 008 6 000 0 7 0000 
11-MAY-2015 00 48019 3 2 5 56 2 00 00 10 232 20 214 3 0000 4 0063 5 0000 6 000 0 7 00 0 0 8 0 0 0 2 333 20 230 58 000 6 000 0 7 0000 
11-MAY-2015 00 48025 3 1 4 10 6 27 01 10 272 20 226 3 0000 4 0068 5 0000 6 000 0 7 04 4 4 8 5 8 4 0 333 20 266 58 013 6 000 0 7 0000 
11-MAY-2015 00 48031 3 1 2 58 4 04 01 10 186 20 175 3 0000 4 0000 5 0000 6 000 0 7 05 4 4 8 2 8 7 0 333 20 180 58 000 6 000 0 7 0000 
11-MAY-2015 00 48033 3 2 5 60 8 04 02 10 290 20 248 3 0000 4 0064 5 0000 6 000 0 7 00 0 0 8 5 9 7 1 333 20 280 58 011 6 000 0 7 0000 
11-MAY-2015 00 48035 3 1 9 20 0 00 00 10 197 20 185 3 0000 4 0086 5 0000 6 000 0 7 10 0 0 8 0 0 0 0 333 20 190 58 002 6 000 0 7 0000 
11-MAY-2015 00 48037 3 2 5 40 8 36 01 10 306 20 225 3 0000 4 0060 5 0000 6 000 0 7 00 0 0 8 5 8 7 / 333 20 295 58 024 6 000 0 7 0000 
11-MAY-2015 00 48039 3 2 4 56 7 32 01 10 301 20 223 3 0000 4 0000 5 0000 6 000 0 7 00 0 0 8 3 4 6 0 333 20 297 58 000 6 000 0 7 0000 
11-MAY-2015 00 48042 3 2 5 56 6 18 03 10 313 20 225 3 0000 4 0052 5 0000 6 000 0 7 00 0 0 8 3 8 5 0 333 20 290 58 003 6 000 0 7 0000 
11-MAY-2015 00 48043 3 2 0 30 0 00 00 10 210 20 195 3 0000 4 0000 5 0000 6 000 0 7 00 0 0 8 0 0 0 0 333 20 180 58 000 6 000 0 7 0000 
11-MAY-2015 00 48048 3 2 5 50 2 00 00 10 287 20 196 3 0000 4 0063 5 0000 6 000 0 7 00 0 0 8 2 8 0 0 333 20 280 58 015 6 000 0 7 0000 
11-MAY-2015 00 48051 3 2 5 58 2 13 01 10 276 20 270 3 0000 4 0000 5 0000 6 000 0 7 03 1 1 8 1 2 3 0 333 20 262 58 000 6 000 0 7 0000 
11-MAY-2015 00 48052 3 2 4 50 3 00 00 10 298 20 253 3 0000 4 0000 5 0000 6 000 0 7 00 0 0 8 3 8 0 0 333 20 292 58 000 6 000 0 7 0000 
11-MAY-2015 00 48053 3 2 9 50 0 18 02 10 290 20 248 3 0000 4 0063 5 0000 6 000 0 7 00 0 0 8 0 0 0 6 333 20 283 59 008 6 000 0 7 0000 
11-MAY-2015 00 48055 3 2 5 56 1 00 00 10 182 20 179 3 0000 4 0092 5 0000 6 000 0 7 00 0 0 8 1 5 0 0 333 20 174 58 011 6 000 0 7 0000 
11-MAY-2015 00 48057 3 1 9 39 0 18 01 10 190 20 175 3 0000 4 0000 5 0000 6 000 0 7 10 0 0 8 0 0 0 0 333 20 178 58 000 6 000 0 7 0000 
11-MAY-2015 00 48060 3 1 9 30 0 00 00 10 220 20 185 3 0000 4 0085 5 0000 6 000 0 7 04 4 4 8 0 0 0 0 333 20 195 59 013 6 000 0 7 0000 
11-MAY-2015 00 48062 3 2 4 50 6 00 00 10 275 20 270 3 0000 4 0082 5 0000 6 000 0 7 00 0 0 8 4 9 7 0 333 20 250 58 006 6 000 0 7 0000 
11-MAY-2015 00 48064 3 2 9 50 0 00 00 10 298 20 239 3 0000 4 0054 5 0000 6 000 0 7 00 0 0 8 0 0 0 0 333 20 250 58 006 6 000 0 7 0000 
11-MAY-2015 00 48065 3 2 9 50 0 00 00 10 295 20 239 3 0000 4 0000 5 0000 6 000 0 7 00 0 0 8 0 0 0 0 333 20 270 58 000 6 000 0 7 0000 
11-MAY-2015 00 48071 3 2 4 50 7 32 01 10 290 20 259 3 0000 4 0086 5 0000 6 000 0 7 00 0 0 8 7 8 0 0 333 20 285 58 010 6 000 0 7 0000 
11-MAY-2015 00 48074 3 2 4 58 2 14 01 10 286 20 259 3 0000 4 0091 5 0000 6 000 0 7 00 0 0 8 2 5 0 0 333 20 271 58 010 6 000 0 7 0000 
11-MAY-2015 00 48075 3 2 4 56 2 00 00 10 235 20 230 3 0000 4 0110 5 0000 6 000 0 7 00 0 0 8 2 1 0 0 333 20 200 58 019 6 000 0 7 0000 
11-MAY-2015 00 48077 3 2 5 56 2 00 00 10 270 20 240 3 0000 4 0075 5 0000 6 000 0 7 00 0 0 8 1 2 0 1 333 20 262 58 020 6 000 0 7 0000 
11-MAY-2015 00 48078 3 2 5 50 2 18 01 10 295 20 256 3 0000 4 0083 5 0000 6 000 0 7 00 0 0 8 1 5 0 1 333 20 275 58 005 6 000 0 7 0000 
11-MAY-2015 00 48080 3 2 4 56 6 00 00 10 262 20 229 3 0000 4 0099 5 0000 6 000 0 7 00 0 0 8 4 8 7 0 333 20 242 58 006 6 000 0 7 0000 
11-MAY-2015 00 48085 3 2 3 56 4 00 00 10 278 20 250 3 0000 4 0078 5 0000 6 000 0 7 00 0 0 8 3 3 0 6 333 20 276 58 005 6 000 0 7 0000 
11-MAY-2015 00 48087 3 2 9 50 0 00 00 10 266 20 240 3 0000 4 0000 5 0000 6 000 0 7 00 0 0 8 0 0 0 0 333 20 246 58 000 6 000 0 7 0000 
11-MAY-2015 00 48092 3 1 5 50 1 00 00 10 270 20 256 3 0000 4 0058 5 0000 6 000 0 7 05 2 2 8 1 4 0 0 333 20 255 59 003 6 000 0 7 0000 
11-MAY-2015 00 48093 3 2 9 50 0 00 00 10 280 20 268 3 0000 4 0000 5 0000 6 000 0 7 00 0 0 8 0 0 0 0 333 20 274 58 000 6 000 0 7 0000 
11-MAY-2015 00 48094 3 2 9 56 0 00 00 10 275 20 250 3 0000 4 0086 5 0000 6 000 0 7 00 0 0 8 0 0 0 0 333 20 235 58 012 6 000 0 7 0000 
11-MAY-2015 00 48097 3 2 5 57 2 23 01 10 270 20 240 3 0000 4 0078 5 0000 6 000 0 7 00 0 0 8 2 5 0 0 333 20 250 58 004 6 000 0 7 0000 
11-MAY-2015 00 48099 3 2 4 40 3 27 01 10 270 20 240 3 0000 4 0077 5 0000 6 000 0 7 00 0 0 8 2 8 3 0 333 20 245 58 004 6 000 0 7 0000 
11-MAY-2015 00 48101 3 2 9 56 0 00 00 10 268 20 256 3 0000 4 0000 5 0000 6 000 0 7 00 0 0 8 0 0 0 0 333 20 233 58 000 6 000 0 7 0000 
11-MAY-2015 00 48103 3 2 4 40 3 14 01 10 277 20 250 3 0000 4 0082 5 0000 6 000 0 7 00 0 0 8 3 5 0 0 333 20 256 58 000 6 000 0 7 0000 
11-MAY-2015 00 48107 3 2 3 40 4 13 01 10 250 20 233 3 0000 4 0089 5 0000 6 000 0 7 00 0 0 8 4 9 0 0 333 20 242 58 000 6 000 0 7 0000 
11-MAY-2015 00 48108 3 1 5 93 5 00 00 10 255 20 248 3 0000 4 0085 5 0000 6 000 0 7 10 2 2 8 2 3 0 6 333 20 240 59 004 6 000 0 7 0000 
11-MAY-2015 00 48109 3 2 4 96 3 00 00 10 273 20 256 3 0000 4 0085 5 0000 6 000 0 7 02 2 2 8 3 9 0 0 333 20 217 58 000 6 000 0 7 0000 
11-MAY-2015 00 48110 2 1 5 95 8 13 01 10 250 20 250 3 0000 4 0092 5 0000 6 000 0 7 05 2 2 8 1 3 0 7 333 20 245 58 007 6 008 2 7 0000 
11-MAY-2015 00 48112 2 1 5 97 8 04 01 10 265 20 256 3 0000 4 0098 5 0000 6 000 0 7 02 5 2 8 3 8 7 6 333 20 218 58 014 6 005 2 7 0000 
