11-NOV-2015 00 48008 3 2 5 56 5 04 01 10 180 20 131 3 0000 4 0000 5 0000 6 000 0 7 00 0 0 8 3 9 7 0 333 20 155 59 011 6 000 2 7 0000 
11-NOV-2015 00 48010 3 2 5 40 7 00 00 10 180 20 180 3 0000 4 0172 5 0000 6 000 0 7 00 0 0 8 3 8 2 0 333 20 175 59 015 6 000 2 7 0000 
11-NOV-2015 00 48018 3 2 5 50 6 00 00 10 200 20 185 3 0000 4 0118 5 0000 6 000 0 7 03 2 2 8 3 8 7 0 333 20 190 59 031 6 000 2 7 0000 
11-NOV-2015 00 48019 3 2 4 40 7 04 01 10 200 20 185 3 0000 4 0118 5 0000 6 000 0 7 00 0 0 8 3 2 6 0 333 20 192 59 010 6 000 2 7 0000 
11-NOV-2015 00 48025 3 1 1 10 5 27 01 10 220 20 205 3 0000 4 0123 5 0000 6 000 0 7 40 4 4 8 4 8 4 0 333 20 214 59 012 6 000 2 7 0000 
11-NOV-2015 00 48033 2 2 5 58 7 09 01 10 230 20 198 3 0000 4 0109 5 0000 6 000 0 7 03 5 5 8 6 9 7 0 333 20 210 59 012 6 990 2 7 0000 
11-NOV-2015 00 48035 2 1 1 20 8 00 00 10 201 20 200 3 0000 4 0106 5 0000 6 000 0 7 62 6 6 8 6 9 2 / 333 20 194 59 024 6 009 2 7 0000 
11-NOV-2015 00 48037 2 1 4 20 8 00 00 10 238 20 226 3 0000 4 0107 5 0000 6 000 0 7 50 2 2 8 5 8 7 / 333 20 236 59 028 6 990 2 7 0000 
11-NOV-2015 00 48042 2 1 4 56 8 00 00 10 245 20 239 3 0000 4 0110 5 0000 6 000 0 7 02 5 5 8 4 8 7 / 333 20 232 59 005 6 990 2 7 0000 
11-NOV-2015 00 48048 3 2 5 50 6 00 00 10 237 20 209 3 0000 4 0114 5 0000 6 000 0 7 00 0 0 8 4 9 5 0 333 20 230 59 006 6 000 2 7 0000 
11-NOV-2015 00 48053 3 2 4 50 7 00 00 10 230 20 214 3 0000 4 0111 5 0000 6 000 0 7 00 0 0 8 5 5 5 0 333 20 228 59 004 6 000 2 7 0000 
11-NOV-2015 00 48055 2 2 2 48 8 13 02 10 185 20 185 3 0000 4 0000 5 0000 6 000 0 7 00 0 0 8 0 0 0 0 333 20 129 58 000 6 000 0 7 0000 
11-NOV-2015 00 48060 2 2 4 30 7 00 00 10 200 20 185 3 0000 4 0146 5 0000 6 000 0 7 00 0 0 8 4 9 7 0 333 20 178 58 007 6 005 2 7 0000 
11-NOV-2015 00 48064 3 2 4 50 8 00 00 10 240 20 226 3 0000 4 0107 5 0000 6 000 0 7 03 2 2 8 4 8 7 0 333 20 200 59 001 6 000 2 7 0000 
11-NOV-2015 00 48074 3 2 4 57 7 00 00 10 240 20 226 3 0000 4 0106 5 0000 6 000 0 7 00 0 0 8 4 5 7 0 333 20 233 59 007 6 000 2 7 0000 
11-NOV-2015 00 48080 3 2 4 56 4 00 00 10 240 20 226 3 0000 4 0107 5 0000 6 000 0 7 00 0 0 8 2 8 3 0 333 20 225 59 001 6 000 2 7 0000 
11-NOV-2015 00 48094 3 2 4 56 3 00 00 10 250 20 240 3 0000 4 0109 5 0000 6 000 0 7 00 0 0 8 2 5 0 1 333 20 185 58 009 6 000 2 7 0000 
11-NOV-2015 00 48103 3 2 3 30 3 04 05 10 249 20 233 3 0000 4 0107 5 0000 6 000 0 7 00 0 0 8 3 7 0 0 333 20 235 58 004 6 000 2 7 0000 
11-NOV-2015 00 48107 2 1 3 30 6 00 00 10 242 20 242 3 0000 4 0105 5 0000 6 000 0 7 41 4 4 8 4 9 0 6 333 20 237 59 001 6 000 2 7 0000 
11-NOV-2015 00 48109 3 1 4 96 3 00 00 10 250 20 233 3 0000 4 0100 5 0000 6 000 0 7 10 2 2 8 3 8 0 0 333 10 198 59 013 6 000 2 7 0000 
