111200 48051 32558 70000 10240 20230 85970 333 10264 56790=
111200 48004 32456 10000 10242 20226 81800 333 10285 56900 60002=
111200 48008 32550 40000 10220 20185 40118 82430 333 10262 56450 58010 60002=
111200 48010 32530 40000 10270 20226 40102 83830 333 10304 56440 58000 60002=
111200 48018 22540 63201 10230 20198 40117 83870 333 10261 56760 58011 69902=
111200 48019 32440 60000 10224 20205 40109 84660 333 10250 56450 58013 60002=
111200 48020 32950 00000 10235 20209 333 10280 60002=
111200 48025 22456 52201 10244 20209 40112 84840 333 10260 56550 58015 69902=
111200 48035 21110 80401 10171 20170 40137 76266 8692/ 333 10205 56999 58050 60162=
111200 48037 21420 83601 10223 20213 40105 75165 8572/ 333 10275 56669 58022 60032=
111200 48042 22440 80000 10235 20220 40106 8597/ 333 10260 56999 58019 60032=
111200 48045 21002 90403 10168 20168 76365 89/// 333 10181 56999 60162=
111200 48048 32550 80401 10252 20219 40114 8697/ 333 10285 5649/ 58021 60002=
111200 48053 22450 83601 10250 20219 40111 8595/ 333 10280 56699 58003 69902=
111200 48060 32420 50000 10240 20218 40094 85800 333 10260 56300 59030 60002=
111200 48095 32450 70000 10285 20250 85970 333 10325 56990 60002=
111200 48030 21150 72201 10144 20124 70155 879// 333 10170 56599 60012=
111200 48031 31/07 92701 10155 20123 74744 89/// 333 10185 56999 60042=
111200 48033 22458 73601 10230 20230 40121 75055 86970 333 10250 56590 58027 60012=
111200 48034 21456 80401 10268 20154 75165 8692/ 333 10204 5659/ 60202=
111200 48039 22458 80401 10235 20228 889// 333 10259 56799 60032=
111200 48043 32510 80000 10190 20190 8687/ 333 10210 56599 60062=
111200 48052 22450 80000 10260 20222 75025 85970 333 10314 56990 69902=
111200 48055 21330 83103 10220 20220 40104 79596 8692/ 333 10270 5659/ 59020 60102=
111200 48064 32450 62701 10277 20233 40093 84831 333 10315 56449 58002 60002=
111200 48065 32450 80301 10280 20220 85870 333 10315 56990 60002=
111200 48074 32957 00000 10290 20248 40095 333 10330 58005 60002=  
