110900 48004 21220 80000 10226 20210 75165 8697/ 333 56559=
110900 48008 21450 80000 10250 20219 40126 75055 8497/ 333 56559 58065=
110900 48010 22440 80000 10280 20280 40118 8577/ 333 56339 58056=
110900 48018 32560 73201 10286 20233 40116 8437/ 333 56569 58039=
110900 48019 32457 72302 10284 20248 40100 84660 333 56560 58039=
110900 48025 21120 82701 10238 20238 40117 76366 8572/ 333 56999 58058=
110900 48030 21/09 90404 10163 20163 75064 859// 333 56999=
110900 48031 21/05 92201 10173 20173 76264 89/// 333 56999=
110900 48033 22560 70000 10260 20246 40105 85970 333 56560 58056=
110900 48034 21456 81802 10194 20139 75055 8637/ 333 56599=
110900 48035 32558 80000 10217 20173 40127 8597/ 333 56189 58067=
110900 48037 21457 82201 10238 20238 40104 76365 8582/ 333 56399 58047=
110900 48039 21450 80000 10240 20240 75166 889// 333 56499=
110900 48042 21450 80000 10250 20240 40090 75066 8592/ 333 56399 58034=
110900 48043 22540 83205 10175 20175 8587/ 333 56399=
110900 48045 21130 90406 10195 20185 75054 89/// 333 56999=
110900 48048 21458 80401 10262 20229 40094 72055 8697/ 333 5619/ 58046=
110900 48051 32559 61302 10313 20270 70322 84930 333 56690=
110900 48052 32456 33602 10294 20248 83800 333 56900=
110900 48053 21430 83601 10240 20226 40102 79796 8597/ 333 56299 58051=
110900 48055 21156 80705 10183 20178 40139 70255 8692/ 333 56299 58112=
110900 48057 21457 81405 10184 20165 75055 86950 333 56590=
110900 48060 32440 80000 10220 20173 40132 8587/ 333 56699 58102=
110900 48062 32457 61805 10310 20280 40075 70122 83936 333 56599 58011=
110900 48064 32560 20401 10320 20265 40060 82300 333 56440 58015=
110900 48065 32558 50402 10335 20282 84530 333 56990=
110900 48071 32458 22303 10300 20253 40076 82300 333 56900 58001=
110900 48072 32460 41804 10310 20267 70222 83830 333 56590=
110900 48074 32459 71406 10300 20239 40096 85970 333 56490 58033=
110900 48075 21456 80000 10210 20195 40122 72165 8677/ 333 5659/ 58065=
110900 48077 32559 70000 10332 20244 40076 85931 333 56499 58031=
110900 48078 32560 51801 10306 20260 40086 84301 333 56409 58007=
110900 48080 32459 52203 10300 20265 40078 83870 333 56590 58008=
110900 48085 22458 71402 10284 20268 40085 84976 333 56599 58012=
110900 48092 21450 82304 10250 20250 40073 79596 8597/ 333 5699/ 58009=
110900 48093 21456 82301 10300 20266 76066 8697/ 333 56999=
110900 48094 22457 82202 10265 20265 40092 70322 8597/ 333 5649/ 58018=
110900 48096 21456 82205 10260 20246 40098 75095 8597/ 333 5699/ 58016=  
110900 48097 21557 82703 10260 20246 40100 75152 8637/ 333 5699/ 58020=
110900 48099 22456 52302 10288 20259 40096 84970 333 56990 58012=
110900 48101 21457 70000 10254 20254 76166 85920 333 56990=
110900 48103 22456 42203 10277 20250 40094 84800 333 56500 58009=
110900 48107 22350 61301 10302 20253 40094 84970 333 56550 58005=
110900 48108 32596 62302 10294 20256 40107 84366 333 56699 58003=
110900 48110 22596 51802 10325 20261 40105 83306 333 56609 58005=
110900 48112 32597 82703 10312 20267 40108 70322 83876 333 56699 58003=
