48001 32450 60401 10268 20256 40076 83720 333 56840 58015=
48004 32562 42202 10320 20265 84900 333 56500=
48008 32557 52301 10340 20257 40079 83970 333 56450 58027=
48010 32558 60000 10310 20254 40066 83831 333 56444 59016=
48018 32560 21401 10322 20265 40076 82870 333 56330 58011=
48019 32460 22302 10340 20240 40059 82200 333 56500 58003=
48020 32460 10403 10320 20281 81200 333 56900=
48025 32458 51801 10315 20250 40070 83841 333 56569 59009=
48035 32560 60000 10317 20215 40034 84960 333 56690 59035=
48037 32460 43201 10325 20236 40063 84800 333 56400 58001=
48042 32560 32202 10355 20243 40043 82250 333 56350 59016=
48045 31350 60404 10252 20219 70144 86300 333 56100=
48048 32560 62701 10330 20258 40063 85950 333 56490 58018=
48051 32560 32302 10340 20270 70211 82201 333 56900=
48053 32556 53601 10340 20240 40056 84950 333 56490 59014=
48060 32356 43201 10310 20214 40040 82106 333 56609 59023=
48062 32458 52304 10325 20290 40055 83932 333 56699 59002=
48071 NIL=
48075 NIL=
48077 NIL=
48078 NIL=
48080 NIL=
48085 NIL=
48095 NIL=
48108 NIL=
48109 NIL=
48110 NIL=
48112 NIL=
48030 32357 70401 10220 20181 86940 333 56180=
48072 NIL=
48087 NIL=
48099 NIL=
48101 NIL=
48103 NIL=
48057 32458 51801 10250 20205 85900 333 56200=
48094 NIL=
48097 NIL=
48031 32260 51801 10245 20185 85300 333 56400=
48033 32563 21801 10330 20258 40065 82500 333 56900 59013=
48034 32456 43602 10270 20211 84300 333 56500=
48039 32460 22201 10325 20265 82100 333 56400=
48043 32558 20503 10285 20230 82200 333 56900=
48052 32468 30000 10360 20264 83800 333 56900=
48055 32557 40903 10295 20202 40049 84300 333 56300 59034=
48064 32560 50401 10337 20270 40043 83801 333 56309 59007=
48065 NIL=
48074 NIL=
48092 NIL=
48093 NIL=
48107 NIL=
48096 NIL=  48071 32460 52302 10310 20254 40048 85900 333 56400 59007=
48075 32558 61401 10300 20223 40055 85301 333 56509 59011=
48077 32559 70000 10320 20248 40053 85931 333 56499 58004=
48078 32559 41801 10326 20270 40068 83801 333 56409 58006=
48080 32460 52204 10321 20265 40050 83830 333 56390 59006=
48085 31458 61404 10320 20265 40051 71799 84976 333 56299 59002=
48095 21458 62202 10315 20282 72122 82940 333 56990=
48108 21494 81401 10250 20250 40087 75165 8527/ 333 5669/ 59005=
48110 21495 81802 10280 20250 40089 70255 84357 333 56999 59007=
48112 21597 83203 10250 20250 40102 72152 84876 333 56799 59002=
48072 32561 12705 10320 20265 70122 81200 333 56900=
48087 21456 72301 10280 20268 72165 8597/ 333 5649/=
48099 21330 80000 10297 20253 40058 71795 8697/ 333 5699/ 59002=
48101 32560 51402 10307 20254 70222 82335 333 56499=
48103 21350 82202 10294 20248 40062 79596 8697/ 333 5655/ 59008=
48094 21458 82201 10265 20260 40065 70396 8597/ 333 56399 58002=
48097 22557 61804 10315 20287 40072 84801 333 56309 59011=
48065 32558 60401 10338 20257 83870 333 56990=
48074 32458 71402 10330 20275 40056 84960 333 56330 59016=
48092 22458 60905 10322 20248 40041 70222 85930 333 56290 59003=
48093 32458 51401 10322 20265 84801 333 56509=
48107 21330 82301 10270 20256 40071 70166 8597/ 333 5655/ 59004=
48096 32458 71206 10310 20254 40059 84930 333 56990 59005=  