48001 32440 82701 10255 20240 40107 8683/ 333 56439 58007=
48004 32562 40401 10294 20248 84900 333 56500=
48008 32557 42301 10320 20265 40091 83930 333 56450 58004=
48010 32558 60000 10290 20259 40102 84830 333 56440 59002=
48018 32558 51401 10304 20239 40100 83830 333 56330 58007=
48019 32560 42702 10325 20236 40097 83360 333 56660 58012=
48020 32358 50402 10305 20267 85830 333 56880=
48025 32456 50402 10298 20248 40102 84841 333 56459 59010=
48035 32560 32201 10301 20207 40078 83900 333 56900 59007=
48037 32460 53201 10273 20270 40055 83870 333 56440 59033=
48042 32558 43203 10335 20237 40077 84800 333 56700 59018=
48045 31340 70405 10248 20205 74044 87300 333 56100=
48048 32560 61801 10295 20253 40104 85950 333 56450 58006=
48051 32559 33202 10318 20270 83900 333 56490=
48053 32556 51801 10320 20248 40096 82901 333 56509 58000=
48060 32450 30000 10292 20215 40047 83100 333 56600 59040=
48062 32458 71304 10330 20290 40083 83932 333 56299 58003=
48071 32460 32302 10330 20258 40083 83200 333 56300 58000=
48075 32558 71401 10280 20220 40104 85360 333 56590 58009=
48077 32559 70000 10300 20253 40092 85931 333 56499 58008=
48078 32558 51801 10307 20260 40095 84801 333 56409 59000=
48080 32460 52206 10321 20281 40081 83836 333 56399 59001=
48085 32458 50903 10315 20267 40084 84906 333 56209 58002=
48095 32458 71402 10315 20282 84970 333 56990=
48108 21494 82302 10255 20255 40112 76165 8532/ 333 5669/ 58000=
48109 32497 72302 10280 20250 40087 86930 333 56990 59012=
48110 21495 81801 10285 20262 40115 70265 86377 333 56699 59002=
48112 21496 82701 10275 20245 40120 70152 8677/ 333 5669/ 59012=
48030 NIL=
48072 32460 20404 10315 20265 82200 333 56900=
48087 32558 60000 10315 20265 83371 333 56399=
48099 32450 61301 10310 20267 40089 84930 333 56390 59008=
48101 32560 51401 10312 20267 83331 333 56399=
48103 32456 72202 10300 20253 40092 86730 333 56550 59008=
48057 32458 51501 10233 20214 85900 333 56200=
48094 32459 62201 10305 20250 40084 85940 333 56990 59008=
48097 21557 72304 10315 20287 40099 70252 85431 333 56699 59006=
48031 31/58 81401 10230 20214 70144 888// 333 56499=
48033 32563 21801 10320 20265 40097 82500 333 56400 59004=
48034 32456 40402 10265 20213 84300 333 56500=
48039 32460 11401 10320 20236 81100 333 56500=
48043 32557 30503 10270 20226 83200 333 56900=
48052 32468 32201 10334 20258 83800 333 56900=
48055 32557 40403 10272 20211 40097 83301 333 56309 58011=
48064 32560 40401 10320 20265 40092 82831 333 56999 58017=
48065 32557 83201 10325 20248 82831 333 56499=
48074 32460 63202 10310 20267 40104 83861 333 56449 59001=
48092 21458 61205 10310 20267 40076 85930 333 56290 59003=
48093 32558 32301 10315 20265 83800 333 56300=
48107 32356 41301 10308 20254 40097 84900 333 56400 59004=
48096 32457 71010 10300 20253 40094 84970 333 56990 59006=  