48001 NIL=
48004 31458 41301 10332 20191 70521 84300 333 56500=
48008 32556 60401 10340 20164 40127 84530 333 56110 58031=
48010 32558 70000 10320 20236 40108 84770 333 56660 58026=
48018 31960 90402 10350 20182 40105 70500 333 58018=
48019 32560 32701 10350 20219 40106 80041 333 56066 58015=
48020 32460 33601 10360 20249 83800 333 56500=
48025 31440 20401 10375 20171 40111 70544 82400 333 56600 58032=
48030 32256 62202 10260 20119 85940 333 56560=
48031 31259 71401 10278 20098 70544 85840 333 56490=
48033 32963 13601 10390 20131 40083 80001 333 56009 58027=
48034 32456 13604 10285 20094 81500 333 56500=
48035 31530 30000 10331 20106 40074 70400 83800 333 56900 58032=
48037 31550 43602 10385 20159 40097 70544 80040 333 56060 58022=
48039 32460 61401 10395 20176 83150 333 56550=
48042 32557 43602 10392 20177 40090 82850 333 56969 58020=
48043 32758 43205 10310 20146 84300 333 56600=
48045 32559 61403 10284 20073 86300 333 56500=
48048 32960 00402 10397 20196 40096 333 58019=
48051 32559 23102 10377 20220 82200 333 56900=
48052 32470 22203 10400 20176 82200 333 56900=
48053 32556 63602 10390 20298 40081 85950 333 56690 58017=
48055 31656 30404 10332 20126 40067 70511 83800 333 56500 58019=
48057 32458 63202 10284 20098 85350 333 56490=
48060 22450 41801 10250 20186 40144 84300 333 56500 58066=
48062 32558 22710 10330 20290 40112 82200 333 56900 58003=
48064 32570 21401 10406 20240 40075 81100 333 56409 58012=
48065 32570 41405 10408 20189 81101 333 56909=
48071 32960 03204 10320 20265 40116 333 58012=
48074 32561 10401 10385 20187 40100 81100 333 56900 58025=
48075 31557 71401 10280 20200 40103 70299 85350 333 56590 58037=
48077 32559 60000 10390 20198 40089 85901 333 56909 58018=
48078 32950 11801 10400 20217 40092 80001 333 56009 58010=
48080 32460 52206 10345 20240 40113 83970 333 56690 58012=
48085 32458 12705 10324 20248 40110 81800 333 56900 58008=
48087 NIL=
48092 32458 11302 10385 20193 40078 81100 333 56900 58015=
48094 32962 03204 10380 20240 40109 333 58013=
48097 32557 43301 10380 20240 40102 84800 333 56900 58002=
48099 32458 32302 10370 20227 40103 82801 333 56909 58018=
48101 32660 21402 10345 20240 81101 333 56909=
48103 32557 13201 10371 20246 40100 81500 333 56700 58013=
48107 32350 62302 10354 20237 40101 84906 333 56309 58008=
48108 32596 63208 10358 20265 40107 83366 333 56769 58009=
48109 NIL=
48110 31596 83203 10340 20240 40105 70522 83307 333 56909 58000=
48112 21496 83608 10270 20240 40104 79595 8697/ 333 5689/ 58011=  48001 NIL=
48004 31458 41301 10332 20191 70521 84300 333 56500=
48008 32556 60401 10340 20164 40127 84530 333 56110 58031=
48010 32558 70000 10320 20236 40108 84770 333 56660 58026=
48018 31960 90402 10350 20182 40105 70500 333 58018=
48019 32560 32701 10350 20219 40106 80041 333 56066 58015=
48020 32460 33601 10360 20249 83800 333 56500=
48025 31440 20401 10375 20171 40111 70544 82400 333 56600 58032=
48030 32256 62202 10260 20119 85940 333 56560=
48031 31259 71401 10278 20098 70544 85840 333 56490=
48033 32963 13601 10390 20131 40083 80001 333 56009 58027=
48034 32456 13604 10285 20094 81500 333 56500=
48035 31530 30000 10331 20106 40074 70400 83800 333 56900 58032=
48037 31550 43602 10385 20159 40097 70544 80040 333 56060 58022=
48039 32460 61401 10395 20176 83150 333 56550=
48042 32557 43602 10392 20177 40090 82850 333 56969 58020=
48043 32758 43205 10310 20146 84300 333 56600=
48045 32559 61403 10284 20073 86300 333 56500=
48048 32960 00402 10397 20196 40096 333 58019=
48051 32559 23102 10377 20220 82200 333 56900=
48052 32470 22203 10400 20176 82200 333 56900=
48053 32556 63602 10390 20298 40081 85950 333 56690 58017=
48055 31656 30404 10332 20126 40067 70511 83800 333 56500 58019=
48057 32458 63202 10284 20098 85350 333 56490=
48060 22450 41801 10250 20186 40144 84300 333 56500 58066=
48062 32558 22710 10330 20290 40112 82200 333 56900 58003=
48064 32570 21401 10406 20240 40075 81100 333 56409 58012=
48065 32570 41405 10408 20189 81101 333 56909=
48071 32960 03204 10320 20265 40116 333 58012=
48074 32561 10401 10385 20187 40100 81100 333 56900 58025=
48075 31557 71401 10280 20200 40103 70299 85350 333 56590 58037=
48077 32559 60000 10390 20198 40089 85901 333 56909 58018=
48078 32950 11801 10400 20217 40092 80001 333 56009 58010=
48080 32460 52206 10345 20240 40113 83970 333 56690 58012=
48085 32458 12705 10324 20248 40110 81800 333 56900 58008=
48087 NIL=
48092 32458 11302 10385 20193 40078 81100 333 56900 58015=
48094 32962 03204 10380 20240 40109 333 58013=
48097 32557 43301 10380 20240 40102 84800 333 56900 58002=
48099 32458 32302 10370 20227 40103 82801 333 56909 58018=
48101 32660 21402 10345 20240 81101 333 56909=
48103 32557 13201 10371 20246 40100 81500 333 56700 58013=
48107 32350 62302 10354 20237 40101 84906 333 56309 58008=
48108 32596 63208 10358 20265 40107 83366 333 56769 58009=
48109 NIL=
48110 31596 83203 10340 20240 40105 70522 83307 333 56909 58000=
48112 21496 83608 10270 20240 40104 79595 8697/ 333 5689/ 58011=  