120600 48004 31458 61301 10299 20207 70522 86900 333 56500=
120600 48008 32557 43601 10310 20169 40155 82430 333 56810 58026=
120600 48010 32657 40000 10305 20207 40147 80006 333 56006 58036=
120600 48018 32560 50402 10335 20164 40147 83870 333 56120 58026=
120600 48019 32560 20402 10324 20184 40145 80060 333 56060 58020=
120600 48020 32458 63604 10330 20244 84710 333 56590=
120600 48025 31440 30901 10340 20184 40087 70544 82540 333 56690 58030=
120600 48035 31530 23204 10321 20116 40100 70400 82800 333 56900 58024=
120600 48037 31550 53602 10357 20177 40128 70544 80070 333 56060 59013=
120600 48042 31556 22701 10375 20179 40127 70511 81150 333 56960 58034=
120600 48045 32560 42303 10275 20098 82340 333 56550=
120600 48048 32960 00401 10380 20187 40127 333 58015=
120600 48051 32559 33601 10336 20240 81230 333 56690=
120600 48060 31440 72202 10260 20179 40146 71722 85370 333 56690 58008=
120600 48062 32558 43210 10340 20290 40108 84900 333 56700 58013=
120600 48071 32460 13204 10320 20265 40146 81800 333 56900 58020=
120600 48075 32557 63201 10310 20200 40117 86300 333 56500 58025=
120600 48077 32559 20000 10360 20214 40122 82200 333 56900 58022=
120600 48078 32556 21401 10376 20196 40128 81201 333 56909 58017=
120600 48080 32460 42207 10340 20257 40133 82870 333 56690 58012=
120600 48085 32459 13208 10330 20258 40135 81100 333 56800 58014=
120600 48095 32960 00401 10365 20214 333 /////=
120600 48108 32596 61303 10355 20236 40133 83866 333 56349 58015=
120600 48109 32597 60401 10327 20258 40452 86900 333 56900 58020=
120600 48110 31596 72303 10340 20240 40132 70522 82206 333 56909 58010=
120600 48112 32597 83602 10340 20257 40130 83876 333 56899 58013=
120600 48030 32256 52202 10234 20097 84940 333 56560=
120600 48072 32560 12704 10340 20270 81200 333 56900=
120600 48087 32960 00401 10363 20214 333 /////=
120600 48099 32457 32303 10335 20249 40127 83300 333 56500 58012=
120600 48101 32960 32301 10337 20225 80005 333 56009=
120600 48103 32557 30401 10352 20219 40133 83500 333 56100 58020=
120600 48057 32460 42402 10290 20115 84300 333 56400=
120600 48094 32562 23203 10364 20240 40136 82800 333 56900 58010=
120600 48097 32557 02302 10355 20216 40130 333 58010=
120600 48031 31258 61401 10266 20113 70544 84870 333 56490=
120600 48033 32963 13601 10370 20148 40110 80001 333 56009 58020=
120600 48034 32456 60403 10279 20073 86800 333 56100=
120600 48039 32860 32201 10360 20177 80002 333 56009=
120600 48043 32758 23205 10300 20069 82200 333 56600=
120600 48052 32970 03205 10380 20159 333 /////=
120600 48055 31556 20408 10320 20116 40101 70511 82800 333 56500 58035=
120600 48064 32970 01401 10385 20255 40097 333 58014=
120600 48065 32970 00000 10380 20187 333 /////=
120600 48074 31960 01403 10361 20214 40131 70500 333 58023=
120600 48092 32958 00000 10360 20195 40105 333 58018=
120600 48093 32958 01401 10367 20207 333 /////=
120600 48107 32950 02701 10360 20195 40103 333 59007=  48001 NIL=
120600 48004 31458 61301 10299 20207 70522 86900 333 56500=
120600 48008 32557 43601 10310 20169 40155 82430 333 56810 58026=
120600 48010 32657 40000 10305 20207 40147 80006 333 56006 58036=
120600 48018 32560 50402 10335 20164 40147 83870 333 56120 58026=
120600 48019 32560 20402 10324 20184 40145 80060 333 56060 58020=
120600 48020 32458 63604 10330 20244 84710 333 56590=
120600 48025 31440 30901 10340 20184 40087 70544 82540 333 56690 58030=
120600 48030 32256 52202 10234 20097 84940 333 56560=
120600 48031 31258 61401 10266 20113 70544 84870 333 56490=
120600 48033 32963 13601 10370 20148 40110 80001 333 56009 58020=
120600 48034 32456 60403 10279 20073 86800 333 56100=
120600 48035 31530 23204 10321 20116 40100 70400 82800 333 56900 58024=
120600 48037 31550 53602 10357 20177 40128 70544 80070 333 56060 59013=
120600 48039 32860 32201 10360 20177 80002 333 56009=
120600 48042 31556 22701 10375 20179 40127 70511 81150 333 56960 58034=
120600 48043 32758 23205 10300 20069 82200 333 56600=
120600 48045 32560 42303 10275 20098 82340 333 56550=
120600 48048 32960 00401 10380 20187 40127 333 58015=
120600 48051 32559 33601 10336 20240 81230 333 56690=
120600 48052 32970 03205 10380 20159 333 /////=
120600 48055 31556 20408 10320 20116 40101 70511 82800 333 56500 58035=
120600 48057 32460 42402 10290 20115 84300 333 56400=
120600 48060 31440 72202 10260 20179 40146 71722 85370 333 56690 58008=
120600 48062 32558 43210 10340 20290 40108 84900 333 56700 58013=
120600 48064 32970 01401 10385 20255 40097 333 58014=
120600 48065 32970 00000 10380 20187 333 /////=
120600 48071 32460 13204 10320 20265 40146 81800 333 56900 58020=
120600 48072 32560 12704 10340 20270 81200 333 56900=
120600 48074 31960 01403 10361 20214 40131 70500 333 58023=
120600 48075 32557 63201 10310 20200 40117 86300 333 56500 58025=
120600 48077 32559 20000 10360 20214 40122 82200 333 56900 58022=
120600 48078 32556 21401 10376 20196 40128 81201 333 56909 58017=
120600 48080 32460 42207 10340 20257 40133 82870 333 56690 58012=
120600 48085 32459 13208 10330 20258 40135 81100 333 56800 58014=
120600 48087 32960 00401 10363 20214 333 /////=
120600 48092 32958 00000 10360 20195 40105 333 58018=
120600 48093 32958 01401 10367 20207 333 /////=
120600 48094 32562 23203 10364 20240 40136 82800 333 56900 58010=
120600 48095 32960 00401 10365 20214 333 /////=
120600 48096 32959 13306 10350 20202 40133 80001 333 56009 58029=
120600 48097 32557 02302 10355 20216 40130 333 58010=
120600 48099 32457 32303 10335 20249 40127 83300 333 56500 58012=
120600 48101 32960 32301 10337 20225 80005 333 56009=
120600 48103 32557 30401 10352 20219 40133 83500 333 56100 58020=
120600 48107 32950 02701 10360 20195 40103 333 59007=
120600 48108 32596 61303 10355 20236 40133 83866 333 56349 58015=
120600 48109 32597 60401 10327 20258 40452 86900 333 56900 58020=
120600 48110 31596 72303 10340 20240 40132 70522 82206 333 56909 58010=
120600 48112 32597 83602 10340 20257 40130 83876 333 56899 58013=  48001 NIL=
120600 48004 31458 61301 10299 20207 70522 86900 333 56500=
120600 48008 32557 43601 10310 20169 40155 82430 333 56810 58026=
120600 48010 32657 40000 10305 20207 40147 80006 333 56006 58036=
120600 48018 32560 50402 10335 20164 40147 83870 333 56120 58026=
120600 48019 32560 20402 10324 20184 40145 80060 333 56060 58020=
120600 48020 32458 63604 10330 20244 84710 333 56590=
120600 48025 31440 30901 10340 20184 40087 70544 82540 333 56690 58030=
120600 48035 31530 23204 10321 20116 40100 70400 82800 333 56900 58024=
120600 48037 31550 53602 10357 20177 40128 70544 80070 333 56060 59013=
120600 48042 31556 22701 10375 20179 40127 70511 81150 333 56960 58034=
120600 48045 32560 42303 10275 20098 82340 333 56550=
120600 48048 32960 00401 10380 20187 40127 333 58015=
120600 48051 32559 33601 10336 20240 81230 333 56690=
120600 48060 31440 72202 10260 20179 40146 71722 85370 333 56690 58008=
120600 48062 32558 43210 10340 20290 40108 84900 333 56700 58013=
120600 48071 32460 13204 10320 20265 40146 81800 333 56900 58020=
120600 48075 32557 63201 10310 20200 40117 86300 333 56500 58025=
120600 48077 32559 20000 10360 20214 40122 82200 333 56900 58022=
120600 48078 32556 21401 10376 20196 40128 81201 333 56909 58017=
120600 48080 32460 42207 10340 20257 40133 82870 333 56690 58012=
120600 48085 32459 13208 10330 20258 40135 81100 333 56800 58014=
120600 48095 32960 00401 10365 20214 333 /////=
120600 48108 32596 61303 10355 20236 40133 83866 333 56349 58015=
120600 48109 32597 60401 10327 20258 40452 86900 333 56900 58020=
120600 48110 31596 72303 10340 20240 40132 70522 82206 333 56909 58010=
120600 48112 32597 83602 10340 20257 40130 83876 333 56899 58013=
120600 48030 32256 52202 10234 20097 84940 333 56560=
120600 48072 32560 12704 10340 20270 81200 333 56900=
120600 48087 32960 00401 10363 20214 333 /////=
120600 48099 32457 32303 10335 20249 40127 83300 333 56500 58012=
120600 48101 32960 32301 10337 20225 80005 333 56009=
120600 48103 32557 30401 10352 20219 40133 83500 333 56100 58020=
120600 48057 32460 42402 10290 20115 84300 333 56400=
120600 48094 32562 23203 10364 20240 40136 82800 333 56900 58010=
120600 48097 32557 02302 10355 20216 40130 333 58010=
120600 48031 31258 61401 10266 20113 70544 84870 333 56490=
120600 48033 32963 13601 10370 20148 40110 80001 333 56009 58020=
120600 48034 32456 60403 10279 20073 86800 333 56100=
120600 48039 32860 32201 10360 20177 80002 333 56009=
120600 48043 32758 23205 10300 20069 82200 333 56600=
120600 48052 32970 03205 10380 20159 333 /////=
120600 48055 31556 20408 10320 20116 40101 70511 82800 333 56500 58035=
120600 48064 32970 01401 10385 20255 40097 333 58014=
120600 48065 32970 00000 10380 20187 333 /////=
120600 48074 31960 01403 10361 20214 40131 70500 333 58023=
120600 48092 32958 00000 10360 20195 40105 333 58018=
120600 48093 32958 01401 10367 20207 333 /////=
120600 48107 32950 02701 10360 20195 40103 333 59007=  
