12-APR-2015 09 48004 3 1 4 58 4 13 01 10 332 20 191 3 0000 4 0000 5 0000 6 000 0 7 05 2 1 8 4 3 0 0 333 10 /// 58 000 6 000 0 7 0000 
12-APR-2015 09 48008 3 2 5 56 6 04 01 10 340 20 164 3 0000 4 0127 5 0000 6 000 0 7 00 0 0 8 4 5 3 0 333 10 /// 58 031 6 000 0 7 0000 
12-APR-2015 09 48010 3 2 5 58 7 00 00 10 320 20 236 3 0000 4 0108 5 0000 6 000 0 7 00 0 0 8 4 7 7 0 333 10 /// 58 026 6 000 0 7 0000 
12-APR-2015 09 48018 3 1 9 60 9 04 02 10 350 20 182 3 0000 4 0105 5 0000 6 000 0 7 05 0 0 8 0 0 0 0 333 10 /// 58 018 6 000 0 7 0000 
12-APR-2015 09 48019 3 2 5 60 3 27 01 10 350 20 219 3 0000 4 0106 5 0000 6 000 0 7 00 0 0 8 0 0 4 1 333 10 /// 58 015 6 000 0 7 0000 
12-APR-2015 09 48020 3 2 4 60 3 36 01 10 360 20 249 3 0000 4 0000 5 0000 6 000 0 7 00 0 0 8 3 8 0 0 333 10 /// 58 000 6 000 0 7 0000 
12-APR-2015 09 48025 3 1 4 40 2 04 01 10 375 20 171 3 0000 4 0111 5 0000 6 000 0 7 05 4 4 8 2 4 0 0 333 10 /// 58 032 6 000 0 7 0000 
12-APR-2015 09 48030 3 2 2 56 6 22 02 10 260 20 119 3 0000 4 0000 5 0000 6 000 0 7 00 0 0 8 5 9 4 0 333 10 /// 58 000 6 000 0 7 0000 
12-APR-2015 09 48031 3 1 2 59 7 14 01 10 278 20 098 3 0000 4 0000 5 0000 6 000 0 7 05 4 4 8 5 8 4 0 333 10 /// 58 000 6 000 0 7 0000 
12-APR-2015 09 48033 3 2 9 63 1 36 01 10 390 20 131 3 0000 4 0083 5 0000 6 000 0 7 00 0 0 8 0 0 0 1 333 10 /// 58 027 6 000 0 7 0000 
12-APR-2015 09 48034 3 2 4 56 1 36 04 10 285 20 094 3 0000 4 0000 5 0000 6 000 0 7 00 0 0 8 1 5 0 0 333 10 /// 58 000 6 000 0 7 0000 
12-APR-2015 09 48035 3 1 5 30 3 00 00 10 331 20 106 3 0000 4 0074 5 0000 6 000 0 7 04 0 0 8 3 8 0 0 333 10 /// 58 032 6 000 0 7 0000 
12-APR-2015 09 48037 3 1 5 50 4 36 02 10 385 20 159 3 0000 4 0097 5 0000 6 000 0 7 05 4 4 8 0 0 4 0 333 10 /// 58 022 6 000 0 7 0000 
12-APR-2015 09 48039 3 2 4 60 6 14 01 10 395 20 176 3 0000 4 0000 5 0000 6 000 0 7 00 0 0 8 3 1 5 0 333 10 /// 58 000 6 000 0 7 0000 
12-APR-2015 09 48042 3 2 5 57 4 36 02 10 392 20 177 3 0000 4 0090 5 0000 6 000 0 7 00 0 0 8 2 8 5 0 333 10 /// 58 020 6 000 0 7 0000 
12-APR-2015 09 48043 3 2 7 58 4 32 05 10 310 20 146 3 0000 4 0000 5 0000 6 000 0 7 00 0 0 8 4 3 0 0 333 10 /// 58 000 6 000 0 7 0000 
12-APR-2015 09 48045 3 2 5 59 6 14 03 10 284 20 073 3 0000 4 0000 5 0000 6 000 0 7 00 0 0 8 6 3 0 0 333 10 /// 58 000 6 000 0 7 0000 
12-APR-2015 09 48048 3 2 9 60 0 04 02 10 397 20 196 3 0000 4 0096 5 0000 6 000 0 7 00 0 0 8 0 0 0 0 333 10 /// 58 019 6 000 0 7 0000 
12-APR-2015 09 48051 3 2 5 59 2 31 02 10 377 20 220 3 0000 4 0000 5 0000 6 000 0 7 00 0 0 8 2 2 0 0 333 10 /// 58 000 6 000 0 7 0000 
12-APR-2015 09 48052 3 2 4 70 2 22 03 10 400 20 176 3 0000 4 0000 5 0000 6 000 0 7 00 0 0 8 2 2 0 0 333 10 /// 58 000 6 000 0 7 0000 
12-APR-2015 09 48053 3 2 5 56 6 36 02 10 390 20 298 3 0000 4 0081 5 0000 6 000 0 7 00 0 0 8 5 9 5 0 333 10 /// 58 017 6 000 0 7 0000 
12-APR-2015 09 48055 3 1 6 56 3 04 04 10 332 20 126 3 0000 4 0067 5 0000 6 000 0 7 05 1 1 8 3 8 0 0 333 10 /// 58 019 6 000 0 7 0000 
12-APR-2015 09 48057 3 2 4 58 6 32 02 10 284 20 098 3 0000 4 0000 5 0000 6 000 0 7 00 0 0 8 5 3 5 0 333 10 /// 58 000 6 000 0 7 0000 
12-APR-2015 09 48060 2 2 4 50 4 18 01 10 250 20 186 3 0000 4 0144 5 0000 6 000 0 7 00 0 0 8 4 3 0 0 333 10 /// 58 066 6 000 0 7 0000 
12-APR-2015 09 48062 3 2 5 58 2 27 10 10 330 20 290 3 0000 4 0112 5 0000 6 000 0 7 00 0 0 8 2 2 0 0 333 10 /// 58 003 6 000 0 7 0000 
12-APR-2015 09 48064 3 2 5 70 2 14 01 10 406 20 240 3 0000 4 0075 5 0000 6 000 0 7 00 0 0 8 1 1 0 0 333 10 /// 58 012 6 000 0 7 0000 
12-APR-2015 09 48065 3 2 5 70 4 14 05 10 408 20 189 3 0000 4 0000 5 0000 6 000 0 7 00 0 0 8 1 1 0 1 333 10 /// 58 000 6 000 0 7 0000 
12-APR-2015 09 48071 3 2 9 60 0 32 04 10 320 20 265 3 0000 4 0116 5 0000 6 000 0 7 00 0 0 8 0 0 0 0 333 10 /// 58 012 6 000 0 7 0000 
12-APR-2015 09 48074 3 2 5 61 1 04 01 10 385 20 187 3 0000 4 0100 5 0000 6 000 0 7 00 0 0 8 1 1 0 0 333 10 /// 58 025 6 000 0 7 0000 
12-APR-2015 09 48075 3 1 5 57 7 14 01 10 280 20 200 3 0000 4 0103 5 0000 6 000 0 7 02 9 9 8 5 3 5 0 333 10 /// 58 037 6 000 0 7 0000 
12-APR-2015 09 48077 3 2 5 59 6 00 00 10 390 20 198 3 0000 4 0089 5 0000 6 000 0 7 00 0 0 8 5 9 0 1 333 10 /// 58 018 6 000 0 7 0000 
12-APR-2015 09 48078 3 2 9 50 1 18 01 10 400 20 217 3 0000 4 0092 5 0000 6 000 0 7 00 0 0 8 0 0 0 1 333 10 /// 58 010 6 000 0 7 0000 
12-APR-2015 09 48080 3 2 4 60 5 22 06 10 345 20 240 3 0000 4 0113 5 0000 6 000 0 7 00 0 0 8 3 9 7 0 333 10 /// 58 012 6 000 0 7 0000 
12-APR-2015 09 48085 3 2 4 58 1 27 05 10 324 20 248 3 0000 4 0110 5 0000 6 000 0 7 00 0 0 8 1 8 0 0 333 10 /// 58 008 6 000 0 7 0000 
12-APR-2015 09 48092 3 2 4 58 1 13 02 10 385 20 193 3 0000 4 0078 5 0000 6 000 0 7 00 0 0 8 1 1 0 0 333 10 /// 58 015 6 000 0 7 0000 
12-APR-2015 09 48094 3 2 9 62 0 32 04 10 380 20 240 3 0000 4 0109 5 0000 6 000 0 7 00 0 0 8 0 0 0 0 333 10 /// 58 013 6 000 0 7 0000 
12-APR-2015 09 48097 3 2 5 57 4 33 01 10 380 20 240 3 0000 4 0102 5 0000 6 000 0 7 00 0 0 8 4 8 0 0 333 10 /// 58 002 6 000 0 7 0000 
12-APR-2015 09 48099 3 2 4 58 3 23 02 10 370 20 227 3 0000 4 0103 5 0000 6 000 0 7 00 0 0 8 2 8 0 1 333 10 /// 58 018 6 000 0 7 0000 
12-APR-2015 09 48101 3 2 6 60 2 14 02 10 345 20 240 3 0000 4 0000 5 0000 6 000 0 7 00 0 0 8 1 1 0 1 333 10 /// 58 000 6 000 0 7 0000 
12-APR-2015 09 48103 3 2 5 57 1 32 01 10 371 20 246 3 0000 4 0100 5 0000 6 000 0 7 00 0 0 8 1 5 0 0 333 10 /// 58 013 6 000 0 7 0000 
12-APR-2015 09 48107 3 2 3 50 6 23 02 10 354 20 237 3 0000 4 0101 5 0000 6 000 0 7 00 0 0 8 4 9 0 6 333 10 /// 58 008 6 000 0 7 0000 
12-APR-2015 09 48108 3 2 5 96 6 32 08 10 358 20 265 3 0000 4 0107 5 0000 6 000 0 7 00 0 0 8 3 3 6 6 333 10 /// 58 009 6 000 0 7 0000 
12-APR-2015 09 48110 3 1 5 96 8 32 03 10 340 20 240 3 0000 4 0105 5 0000 6 000 0 7 05 2 2 8 3 3 0 7 333 10 /// 58 000 6 000 0 7 0000 
12-APR-2015 09 48112 2 1 4 96 8 36 08 10 270 20 240 3 0000 4 0104 5 0000 6 000 0 7 95 9 5 8 6 9 7 / 333 10 /// 58 011 6 000 0 7 0000 
