12-AUG-2015 06 48001 3 2 5 57 5 13 01 10 288 20 248 3 0000 4 0073 5 0000 6 000 0 7 00 0 0 8 4 2 3 0 333 10 /// 58 075 6 000 0 7 0000 
12-AUG-2015 06 48004 2 1 2 20 7 13 01 10 291 20 274 3 0000 4 0000 5 0000 6 000 0 7 50 9 5 8 7 9 0 0 333 10 /// 58 000 6 000 0 7 0000 
12-AUG-2015 06 48008 3 1 4 57 7 18 01 10 290 20 248 3 0000 4 0083 5 0000 6 000 0 7 50 5 5 8 4 9 7 0 333 10 /// 58 014 6 000 0 7 0000 
12-AUG-2015 06 48010 3 2 5 57 6 00 00 10 310 20 267 3 0000 4 0074 5 0000 6 000 0 7 00 0 0 8 3 8 3 0 333 10 /// 59 004 6 000 0 7 0000 
12-AUG-2015 06 48018 3 2 5 60 5 23 01 10 330 20 258 3 0000 4 0070 5 0000 6 000 0 7 00 0 0 8 3 8 3 0 333 10 /// 59 006 6 000 0 7 0000 
12-AUG-2015 06 48019 2 1 4 58 6 23 01 10 300 20 266 3 0000 4 0075 5 0000 6 000 0 7 20 5 5 8 5 7 2 0 333 10 /// 58 006 6 000 0 7 0000 
12-AUG-2015 06 48020 3 2 3 57 5 36 02 10 330 20 258 3 0000 4 0000 5 0000 6 000 0 7 00 0 0 8 5 8 0 0 333 10 /// 58 000 6 000 0 7 0000 
12-AUG-2015 06 48025 3 2 3 40 7 04 01 10 320 20 281 3 0000 4 0077 5 0000 6 000 0 7 00 0 0 8 4 8 7 0 333 10 /// 59 011 6 000 0 7 0000 
12-AUG-2015 06 48030 3 2 3 57 4 04 03 10 233 20 198 3 0000 4 0000 5 0000 6 000 0 7 01 5 5 8 4 9 0 0 333 10 /// 58 000 6 000 0 7 0000 
12-AUG-2015 06 48031 3 2 2 57 7 22 01 10 220 20 209 3 0000 4 0000 5 0000 6 000 0 7 00 0 0 8 7 8 0 0 333 10 /// 58 000 6 000 0 7 0000 
12-AUG-2015 06 48033 3 2 5 63 4 18 01 10 320 20 265 3 0000 4 0076 5 0000 6 000 0 7 00 0 0 8 4 8 0 0 333 10 /// 59 012 6 000 0 7 0000 
12-AUG-2015 06 48034 2 1 3 56 8 23 02 10 235 20 203 3 0000 4 0000 5 0000 6 000 0 7 20 9 5 8 6 3 3 / 333 10 /// 58 000 6 000 0 7 0000 
12-AUG-2015 06 48037 3 2 4 60 6 14 01 10 320 20 236 3 0000 4 0085 5 0000 6 000 0 7 00 0 0 8 5 8 3 0 333 10 /// 58 003 6 000 0 7 0000 
12-AUG-2015 06 48039 3 2 4 60 7 00 00 10 319 20 265 3 0000 4 0000 5 0000 6 000 0 7 00 0 0 8 4 9 6 0 333 10 /// 58 000 6 000 0 7 0000 
12-AUG-2015 06 48042 3 2 5 59 5 13 02 10 337 20 257 3 0000 4 0059 5 0000 6 000 0 7 00 0 0 8 3 8 5 0 333 10 /// 59 009 6 000 0 7 0000 
12-AUG-2015 06 48043 2 2 5 56 5 18 05 10 235 20 226 3 0000 4 0000 5 0000 6 000 0 7 00 0 0 8 3 2 3 0 333 10 /// 58 000 6 000 0 7 0000 
12-AUG-2015 06 48045 3 1 3 40 8 14 05 10 229 20 214 3 0000 4 0000 5 0000 6 000 0 7 40 4 4 8 8 7 / / 333 10 /// 58 000 6 000 0 7 0000 
12-AUG-2015 06 48048 3 2 5 60 6 18 01 10 315 20 265 3 0000 4 0081 5 0000 6 000 0 7 00 0 0 8 5 9 5 0 333 10 /// 58 003 6 000 0 7 0000 
12-AUG-2015 06 48051 3 2 5 58 7 13 02 10 300 20 270 3 0000 4 0000 5 0000 6 000 0 7 02 2 2 8 5 9 3 0 333 10 /// 58 000 6 000 0 7 0000 
12-AUG-2015 06 48052 3 2 4 68 5 13 01 10 318 20 265 3 0000 4 0000 5 0000 6 000 0 7 00 0 0 8 5 9 0 0 333 10 /// 58 000 6 000 0 7 0000 
12-AUG-2015 06 48053 3 2 4 56 6 18 01 10 310 20 254 3 0000 4 0078 5 0000 6 000 0 7 00 0 0 8 4 9 5 1 333 10 /// 59 003 6 000 0 7 0000 
12-AUG-2015 06 48055 2 1 2 56 7 14 03 10 242 20 226 3 0000 4 0089 5 0000 6 000 0 7 02 5 5 8 5 9 7 0 333 10 /// 58 029 6 000 0 7 0000 
12-AUG-2015 06 48057 3 2 4 58 7 22 02 10 230 20 198 3 0000 4 0000 5 0000 6 000 0 7 00 0 0 8 5 9 5 0 333 10 /// 58 000 6 000 0 7 0000 
12-AUG-2015 06 48060 2 1 3 40 8 00 00 10 220 20 205 3 0000 4 0101 5 0000 6 000 0 7 02 6 6 8 5 9 7 0 333 10 /// 58 068 6 000 0 7 0000 
12-AUG-2015 06 48062 3 2 4 58 8 13 05 10 310 20 280 3 0000 4 0075 5 0000 6 000 0 7 02 2 2 8 6 9 7 0 333 10 /// 58 012 6 000 0 7 0000 
12-AUG-2015 06 48064 3 2 4 58 7 04 01 10 318 20 265 3 0000 4 0058 5 0000 6 000 0 7 00 0 0 8 4 8 3 1 333 10 /// 59 004 6 000 0 7 0000 
12-AUG-2015 06 48065 3 2 4 57 7 22 02 10 322 20 265 3 0000 4 0000 5 0000 6 000 0 7 00 0 0 8 3 8 7 0 333 10 /// 58 000 6 000 0 7 0000 
12-AUG-2015 06 48071 3 2 4 58 7 23 03 10 320 20 265 3 0000 4 0077 5 0000 6 000 0 7 00 0 0 8 5 9 7 0 333 10 /// 58 008 6 000 0 7 0000 
12-AUG-2015 06 48072 3 2 4 60 6 13 02 10 310 20 267 3 0000 4 0000 5 0000 6 000 0 7 02 2 2 8 4 8 3 0 333 10 /// 58 000 6 000 0 7 0000 
12-AUG-2015 06 48074 3 2 4 59 7 14 01 10 320 20 265 3 0000 4 0089 5 0000 6 000 0 7 00 0 0 8 4 8 6 0 333 10 /// 59 005 6 000 0 7 0000 
12-AUG-2015 06 48075 3 2 5 58 7 04 01 10 282 20 233 3 0000 4 0093 5 0000 6 000 0 7 00 0 0 8 5 8 4 0 333 10 /// 58 015 6 000 0 7 0000 
12-AUG-2015 06 48077 2 1 5 59 8 00 00 10 302 20 253 3 0000 4 0078 5 0000 6 000 0 7 00 0 0 8 5 9 3 1 333 10 /// 58 009 6 000 0 7 0000 
12-AUG-2015 06 48078 3 2 5 59 4 18 01 10 304 20 260 3 0000 4 0092 5 0000 6 000 0 7 00 0 0 8 3 8 0 1 333 10 /// 58 017 6 000 0 7 0000 
12-AUG-2015 06 48080 3 2 4 60 7 22 03 10 321 20 265 3 0000 4 0081 5 0000 6 000 0 7 00 0 0 8 5 8 7 0 333 10 /// 58 014 6 000 0 7 0000 
12-AUG-2015 06 48085 3 2 4 58 6 22 04 10 318 20 265 3 0000 4 0078 5 0000 6 000 0 7 00 0 0 8 2 3 3 9 333 10 /// 58 011 6 000 0 7 0000 
12-AUG-2015 06 48087 3 2 4 58 6 23 02 10 316 20 281 3 0000 4 0000 5 0000 6 000 0 7 00 0 0 8 3 3 4 1 333 10 /// 58 000 6 000 0 7 0000 
12-AUG-2015 06 48092 3 2 4 57 5 18 01 10 310 20 267 3 0000 4 0071 5 0000 6 000 0 7 00 0 0 8 5 9 0 0 333 10 /// 58 009 6 000 0 7 0000 
12-AUG-2015 06 48093 2 1 5 57 5 04 01 10 306 20 267 3 0000 4 0000 5 0000 6 000 0 7 01 6 6 8 4 3 0 1 333 10 /// 58 000 6 000 0 7 0000 
12-AUG-2015 06 48094 3 2 4 58 7 22 02 10 290 20 260 3 0000 4 0085 5 0000 6 000 0 7 00 0 0 8 5 9 4 0 333 10 /// 58 009 6 000 0 7 0000 
12-AUG-2015 06 48095 2 1 4 58 7 00 00 10 290 20 274 3 0000 4 0000 5 0000 6 000 0 7 50 5 5 8 3 9 4 0 333 10 /// 58 000 6 000 0 7 0000 
12-AUG-2015 06 48097 2 1 5 57 6 27 01 10 270 20 263 3 0000 4 0094 5 0000 6 000 0 7 50 6 5 8 4 3 3 / 333 10 /// 58 029 6 000 0 7 0000 
12-AUG-2015 06 48099 3 2 4 56 7 23 03 10 320 20 265 3 0000 4 0087 5 0000 6 000 0 7 00 0 0 8 5 9 3 0 333 10 /// 58 007 6 000 0 7 0000 
12-AUG-2015 06 48101 3 2 4 58 7 18 03 10 322 20 281 3 0000 4 0000 5 0000 6 000 0 7 03 2 2 8 5 9 7 0 333 10 /// 58 000 6 000 0 7 0000 
12-AUG-2015 06 48103 2 1 4 50 8 22 02 10 280 20 268 3 0000 4 0092 5 0000 6 000 0 7 50 6 5 8 6 7 7 / 333 10 /// 58 012 6 000 0 7 0000 
12-AUG-2015 06 48107 3 2 3 50 5 13 01 10 314 20 267 3 0000 4 0091 5 0000 6 000 0 7 00 0 0 8 5 9 0 0 333 10 /// 58 002 6 000 0 7 0000 
12-AUG-2015 06 48108 3 2 5 96 7 23 02 10 310 20 267 3 0000 4 0098 5 0000 6 000 0 7 00 0 0 8 4 3 7 6 333 10 /// 58 006 6 000 0 7 0000 
12-AUG-2015 06 48110 2 1 5 96 7 32 02 10 330 20 275 3 0000 4 0103 5 0000 6 000 0 7 02 5 5 8 5 3 5 6 333 10 /// 58 010 6 000 0 7 0000 
12-AUG-2015 06 48112 2 1 4 96 8 04 02 10 245 20 245 3 0000 4 0120 5 0000 6 000 0 7 50 5 5 8 6 7 7 / 333 10 /// 58 015 6 000 0 7 0000 
