48001 21330 80000 10150 20145 40144 70344 887// 333 56499 59017=
48004 NIL=
48008 NIL=
48010 NIL=
48018 NIL=
48019 NIL=
48020 NIL=
48025 NIL=
48035 NIL=
48037 NIL=
48042 NIL=
48045 NIL=
48048 NIL=
48051 32958 03602 10193 20160 333=
48053 NIL=
48060 NIL=
48062 32956 00401 10210 20180 40135 333 59001=
48071 31958 03201 10241 20209 40135 70144 333 59006=
48075 31956 00000 10180 20147 40158 70144 333 59029=
48077 32959 00000 10220 20185 40122 333 59012=
48078 32956 10401 10207 20181 40141 80001 333 56009 59006=
48080 32959 00401 10192 20159 40132 70244 333 58001=
48085 31957 10000 10224 20205 40132 70544 80005 333 56009 59001=
48095 32958 00401 10230 20198 333=
48108 31596 30902 10270 20223 40129 70144 82406 333 56909 59012=
48109 32997 00000 10275 20203 40137 333 59002=
48110 31996 10901 10295 20250 40125 70511 80005 333 56009 59003=
48112 32598 60403 10282 20250 40122 82216 333 56199 58002=
48030 NIL=
48072 31458 11301 10250 20205 70522 81200 333 56600=
48087 31450 30000 10222 20185 74244 82501 333 56909=
48099 31430 23201 10240 20191 40132 74044 82500 333 56900 59004=
48101 31957 00000 10251 20205 70044 333=
48103 31440 20403 10244 20191 40134 70344 82500 333 56100 59000=
48057 NIL=
48094 32459 23201 10242 20210 40132 81540 333 56990 59008=
48097 31556 30201 10240 20200 40148 70544 83508 333 56900 58005=
48031 NIL=
48033 NIL=
48034 NIL=
48039 NIL=
48043 NIL=
48052 NIL=
48055 NIL=
48064 NIL=
48065 NIL=
48074 NIL=
48092 31950 00402 10240 20200 40116 70500 333 59001=
48093 32958 00401 10240 20209 333=
48107 31950 00901 10250 20233 40124 7//44 333 58003=
48096 32957 10404 10240 20209 40140 80001 333 56009 59000=  