48001 21320 80000 10180 20175 40117 75055 8672/ 333 56459 58001=
48004 32356 61301 10225 20181 86900 333 56500=
48008 32557 40000 10250 20167 40112 82430 333 56870 58007=
48010 32560 20000 10230 20198 40117 82400 333 56500 58003=
48018 32559 41401 10260 20179 40106 81564 333 56433 58001=
48019 32960 01401 10280 20146 40101 333 59002=
48020 32358 23602 10255 20215 82200 333 56400=
48025 32440 40000 10264 20179 40110 83840 333 56590 59002=
48035 31958 02202 10247 20105 40083 70500 333 58002=
48037 32960 01801 10300 20185 40090 333 59003=
48042 32557 12201 10310 20189 40095 81100 333 56900 59001=
48045 32558 62303 10206 20160 84670 333 56550=
48048 32960 03201 10302 20185 40100 333 59007=
48051 32960 03601 10281 20180 333=
48053 32556 11301 10300 20185 40090 81500 333 56600 58000=
48060 32440 10000 10270 20191 40066 81100 333 56500 59015=
48062 32456 22702 10295 20250 40101 70100 82500 333 56900 59006=
48071 32958 03203 10277 20220 40104 333 59007=
48075 32958 03201 10280 20146 40078 333 59015=
48077 32959 10000 10320 20184 40088 80001 333 56009 59010=
48078 NIL=
48080 32960 12204 10300 20223 40094 80001 333 56009 59014=
48085 32958 12705 10296 20207 40093 80001 333 56009 59005=
48095 32458 20401 10300 20223 81402 333 56909=
48108 32596 53202 10330 20234 40098 83306 333 56609 58000=
48109 32457 10000 10304 20223 40107 81500 333 56900 58010=
48110 31596 23204 10315 20242 40089 70511 81305 333 56909 59005=
48112 32598 63203 10342 20270 40083 82216 333 56799 59002=
48030 32357 22204 10200 20085 82800 333 56500=
48072 32960 02705 10290 20215 333=
48087 32960 00401 10320 20215 333=
48099 32457 30000 10330 20191 40089 82201 333 56909 59001=
48101 32960 00000 10303 20207 333=
48103 32456 23203 10327 20212 40089 81530 333 56770 59001=
48057 32457 32202 10224 20136 83800 333 56600=
48094 32560 23202 10315 20235 40096 82800 333 56900 59006=
48097 32557 21401 10315 20202 40104 82500 333 56900 58003=
48031 32258 53601 10195 20085 85800 333 56400=
48033 32963 01801 10300 20185 40095 333 59014=
48034 32457 21802 10252 20068 82800 333 56500=
48039 32958 20000 10295 20185 80002 333 56009=
48043 32657 41803 10230 20181 84200 333 56600=
48052 32958 01301 10328 20172 333=
48055 32557 10403 10256 20173 40074 81100 333 56500 58000=
48064 32960 00000 10260 20203 40090 333 58002=
48065 32960 00000 10310 20203 70211 333 56000=
48074 32958 00401 10305 20207 40096 333 59013=
48092 32958 10402 10320 20192 40078 80001 333 56009 58002=
48093 32958 01401 10314 20254 333=
48107 32950 00901 10290 20230 40094 333 58002=
48096 32959 10205 10310 20203 40095 80001 333 56009 59003=  