12-DEC-2015 03 48001 2 1 3 30 8 00 00 10 150 20 145 3 0000 4 0144 5 0000 6 000 0 7 03 4 4 8 8 7 / / 333 10 /// 59 017 6 000 0 7 0000 
12-DEC-2015 03 48051 3 2 9 58 0 36 02 10 193 20 160 3 0000 4 0000 5 0000 6 000 0 7 00 0 0 8 0 0 0 0 333 10 /// 58 000 6 000 0 7 0000 
12-DEC-2015 03 48062 3 2 9 56 0 04 01 10 210 20 180 3 0000 4 0135 5 0000 6 000 0 7 00 0 0 8 0 0 0 0 333 10 /// 59 001 6 000 0 7 0000 
12-DEC-2015 03 48071 3 1 9 58 0 32 01 10 241 20 209 3 0000 4 0135 5 0000 6 000 0 7 01 4 4 8 0 0 0 0 333 10 /// 59 006 6 000 0 7 0000 
12-DEC-2015 03 48072 3 1 4 58 1 13 01 10 250 20 205 3 0000 4 0000 5 0000 6 000 0 7 05 2 2 8 1 2 0 0 333 10 /// 58 000 6 000 0 7 0000 
12-DEC-2015 03 48075 3 1 9 56 0 00 00 10 180 20 147 3 0000 4 0158 5 0000 6 000 0 7 01 4 4 8 0 0 0 0 333 10 /// 59 029 6 000 0 7 0000 
12-DEC-2015 03 48077 3 2 9 59 0 00 00 10 220 20 185 3 0000 4 0122 5 0000 6 000 0 7 00 0 0 8 0 0 0 0 333 10 /// 59 012 6 000 0 7 0000 
12-DEC-2015 03 48078 3 2 9 56 1 04 01 10 207 20 181 3 0000 4 0141 5 0000 6 000 0 7 00 0 0 8 0 0 0 1 333 10 /// 59 006 6 000 0 7 0000 
12-DEC-2015 03 48080 3 2 9 59 0 04 01 10 192 20 159 3 0000 4 0132 5 0000 6 000 0 7 02 4 4 8 0 0 0 0 333 10 /// 58 001 6 000 0 7 0000 
12-DEC-2015 03 48085 3 1 9 57 1 00 00 10 224 20 205 3 0000 4 0132 5 0000 6 000 0 7 05 4 4 8 0 0 0 5 333 10 /// 59 001 6 000 0 7 0000 
12-DEC-2015 03 48087 3 1 4 50 3 00 00 10 222 20 185 3 0000 4 0000 5 0000 6 000 0 7 42 4 4 8 2 5 0 1 333 10 /// 58 000 6 000 0 7 0000 
12-DEC-2015 03 48092 3 1 9 50 0 04 02 10 240 20 200 3 0000 4 0116 5 0000 6 000 0 7 05 0 0 8 0 0 0 0 333 10 /// 59 001 6 000 0 7 0000 
12-DEC-2015 03 48093 3 2 9 58 0 04 01 10 240 20 209 3 0000 4 0000 5 0000 6 000 0 7 00 0 0 8 0 0 0 0 333 10 /// 58 000 6 000 0 7 0000 
12-DEC-2015 03 48094 3 2 4 59 2 32 01 10 242 20 210 3 0000 4 0132 5 0000 6 000 0 7 00 0 0 8 1 5 4 0 333 10 /// 59 008 6 000 0 7 0000 
12-DEC-2015 03 48095 3 2 9 58 0 04 01 10 230 20 198 3 0000 4 0000 5 0000 6 000 0 7 00 0 0 8 0 0 0 0 333 10 /// 58 000 6 000 0 7 0000 
12-DEC-2015 03 48096 3 2 9 57 1 04 04 10 240 20 209 3 0000 4 0140 5 0000 6 000 0 7 00 0 0 8 0 0 0 1 333 10 /// 59 000 6 000 0 7 0000 
12-DEC-2015 03 48097 3 1 5 56 3 02 01 10 240 20 200 3 0000 4 0148 5 0000 6 000 0 7 05 4 4 8 3 5 0 8 333 10 /// 58 005 6 000 0 7 0000 
12-DEC-2015 03 48099 3 1 4 30 2 32 01 10 240 20 191 3 0000 4 0132 5 0000 6 000 0 7 40 4 4 8 2 5 0 0 333 10 /// 59 004 6 000 0 7 0000 
12-DEC-2015 03 48101 3 1 9 57 0 00 00 10 251 20 205 3 0000 4 0000 5 0000 6 000 0 7 00 4 4 8 0 0 0 0 333 10 /// 58 000 6 000 0 7 0000 
12-DEC-2015 03 48103 3 1 4 40 2 04 03 10 244 20 191 3 0000 4 0134 5 0000 6 000 0 7 03 4 4 8 2 5 0 0 333 10 /// 59 000 6 000 0 7 0000 
12-DEC-2015 03 48107 3 1 9 50 0 09 01 10 250 20 233 3 0000 4 0124 5 0000 6 000 0 7 // 4 4 8 0 0 0 0 333 10 /// 58 003 6 000 0 7 0000 
12-DEC-2015 03 48108 3 1 5 96 3 09 02 10 270 20 223 3 0000 4 0129 5 0000 6 000 0 7 01 4 4 8 2 4 0 6 333 10 /// 59 012 6 000 0 7 0000 
12-DEC-2015 03 48109 3 2 9 97 0 00 00 10 275 20 203 3 0000 4 0137 5 0000 6 000 0 7 00 0 0 8 0 0 0 0 333 10 /// 59 002 6 000 0 7 0000 
12-DEC-2015 03 48110 3 1 9 96 1 09 01 10 295 20 250 3 0000 4 0125 5 0000 6 000 0 7 05 1 1 8 0 0 0 5 333 10 /// 59 003 6 000 0 7 0000 
12-DEC-2015 03 48112 3 2 5 98 6 04 03 10 282 20 250 3 0000 4 0122 5 0000 6 000 0 7 00 0 0 8 2 2 1 6 333 10 /// 58 002 6 000 0 7 0000 
