48008 31510 40000 10190 20159 40091 71044 82430 333 56560 59030=
48010 32001 00000 10155 20152 40110 333 59039=
48018 32920 00000 10180 20165 40119 333 59032=
48025 32905 03601 10195 20139 40154 333 58009=
48042 32550 10000 10205 20155 40092 81400 333 56900 59021=
48053 32940 00000 10180 20129 40111 333 59027=
48057 32939 32201 10124 20102 80006 333 56009=
48060 32410 40000 10150 20134 40121 83830 333 56590 59014=
48062 31540 43602 10210 20180 40124 74044 83830 333 56990 59021=
48071 32930 03202 10220 20173 40146 333 58011=
48080 32450 30000 10200 20185 40121 82870 333 56990 59026=
48094 32450 30000 10220 20190 40126 82540 333 56990 59010=
48097 32556 72301 10200 20168 40124 84550 333 56990 59019=
48099 32230 72302 10250 20233 40110 85830 333 56990 59012=
48103 21410 62201 10244 20209 40099 70255 84730 333 56550 59011=
48108 32595 41401 10240 20209 40128 82406 333 56909 59012=
48109 32495 50000 10260 20215 40117 85900 333 56900 59009=
48110 31594 40000 10260 20237 40120 70522 81306 333 56909 59017=
48112 32597 80402 10261 20215 40126 83876 333 56199 58012=  