12-FEB-2015 12 48004 3 1 4 58 1 00 00 10 231 20 181 3 0000 4 0000 5 0000 6 000 0 7 05 1 1 8 1 5 0 0 333 10 272 58 000 6 000 0 7 0000 
12-FEB-2015 12 48008 3 1 5 56 2 00 00 10 236 20 155 3 0000 4 0088 5 0000 6 000 0 7 10 4 4 8 1 4 3 0 333 10 295 59 031 6 000 0 7 0000 
12-FEB-2015 12 48010 3 2 0 50 0 00 00 10 250 20 186 3 0000 4 0089 5 0000 6 000 0 7 00 0 0 8 0 0 0 0 333 10 293 59 028 6 000 0 7 0000 
12-FEB-2015 12 48018 3 1 9 56 0 00 00 10 255 20 160 3 0000 4 0069 5 0000 6 000 0 7 10 4 4 8 0 0 0 0 333 10 295 59 032 6 000 0 7 0000 
12-FEB-2015 12 48019 3 2 9 40 0 00 00 10 243 20 209 3 0000 4 0087 5 0000 6 000 0 7 00 0 0 8 0 0 0 0 333 10 294 59 023 6 000 0 7 0000 
12-FEB-2015 12 48020 3 1 9 40 0 00 00 10 250 20 186 3 0000 4 0000 5 0000 6 000 0 7 05 0 0 8 0 0 0 0 333 10 295 58 000 6 000 0 7 0000 
12-FEB-2015 12 48025 3 2 4 58 1 32 01 10 270 20 113 3 0000 4 0084 5 0000 6 000 0 7 00 0 0 8 1 5 0 0 333 10 300 59 029 6 000 0 7 0000 
12-FEB-2015 12 48030 3 2 9 56 0 22 04 10 174 20 074 3 0000 4 0000 5 0000 6 000 0 7 00 0 0 8 0 0 0 0 333 10 213 58 000 6 000 0 7 0000 
12-FEB-2015 12 48031 3 1 9 60 0 32 01 10 160 20 059 3 0000 4 0000 5 0000 6 000 0 7 05 0 0 8 0 0 0 0 333 10 215 58 000 6 000 0 7 0000 
12-FEB-2015 12 48033 3 2 9 62 0 00 00 10 290 20 159 3 0000 4 0062 5 0000 6 000 0 7 00 0 0 8 0 0 0 0 333 10 332 59 039 6 000 0 7 0000 
12-FEB-2015 12 48034 3 2 9 56 0 00 00 10 205 20 066 3 0000 4 0000 5 0000 6 000 0 7 00 0 0 8 0 0 0 0 333 10 260 58 000 6 000 0 7 0000 
12-FEB-2015 12 48035 3 1 5 56 2 32 01 10 222 20 087 3 0000 4 0072 5 0000 6 000 0 7 05 0 0 8 1 5 0 1 333 10 274 59 017 6 000 0 7 0000 
12-FEB-2015 12 48037 3 2 5 50 2 00 00 10 280 20 146 3 0000 4 0068 5 0000 6 000 0 7 00 0 0 8 2 1 0 0 333 10 326 59 040 6 000 0 7 0000 
12-FEB-2015 12 48039 3 2 4 60 3 00 00 10 275 20 158 3 0000 4 0000 5 0000 6 000 0 7 00 0 0 8 1 1 0 2 333 10 325 58 000 6 000 0 7 0000 
12-FEB-2015 12 48042 3 2 5 57 1 00 00 10 295 20 163 3 0000 4 0072 5 0000 6 000 0 7 00 0 0 8 1 4 0 0 333 10 330 59 028 6 000 0 7 0000 
12-FEB-2015 12 48043 3 2 0 10 0 00 00 10 200 20 109 3 0000 4 0000 5 0000 6 000 0 7 00 0 0 8 0 0 0 0 333 10 250 58 000 6 000 0 7 0000 
12-FEB-2015 12 48045 3 2 9 58 2 14 03 10 191 20 047 3 0000 4 0000 5 0000 6 000 0 7 00 0 0 8 0 0 0 6 333 10 240 58 000 6 000 0 7 0000 
12-FEB-2015 12 48048 3 2 5 50 2 04 01 10 276 20 184 3 0000 4 0074 5 0000 6 000 0 7 00 0 0 8 2 8 0 0 333 10 325 59 027 6 000 0 7 0000 
12-FEB-2015 12 48051 3 2 5 56 2 00 00 10 258 20 140 3 0000 4 0000 5 0000 6 000 0 7 00 0 0 8 2 2 0 0 333 10 314 58 000 6 000 0 7 0000 
12-FEB-2015 12 48052 3 2 4 50 2 23 02 10 320 20 200 3 0000 4 0000 5 0000 6 000 0 7 00 0 0 8 3 8 0 0 333 10 350 58 000 6 000 0 7 0000 
12-FEB-2015 12 48053 3 2 9 50 2 00 00 10 290 20 159 3 0000 4 0079 5 0000 6 000 0 7 00 0 0 8 0 0 0 6 333 10 325 59 021 6 000 0 7 0000 
12-FEB-2015 12 48055 3 2 5 56 6 14 03 10 232 20 143 3 0000 4 0072 5 0000 6 000 0 7 00 0 0 8 4 8 0 6 333 10 280 59 023 6 000 0 7 0000 
12-FEB-2015 12 48057 3 2 4 56 5 22 01 10 200 20 085 3 0000 4 0000 5 0000 6 000 0 7 00 0 0 8 1 5 3 6 333 10 245 58 000 6 000 0 7 0000 
12-FEB-2015 12 48060 3 2 4 20 4 00 00 10 230 20 111 3 0000 4 0097 5 0000 6 000 0 7 00 0 0 8 2 1 3 0 333 10 282 59 023 6 000 0 7 0000 
12-FEB-2015 12 48062 3 2 5 50 3 32 05 10 260 20 220 3 0000 4 0094 5 0000 6 000 0 7 10 1 1 8 2 5 0 3 333 10 285 59 022 6 000 0 7 0000 
12-FEB-2015 12 48064 3 2 9 50 1 00 00 10 270 20 172 3 0000 4 0065 5 0000 6 000 0 7 00 0 0 8 0 0 0 1 333 10 332 59 023 6 000 0 7 0000 
12-FEB-2015 12 48065 3 2 9 50 1 00 00 10 280 20 158 3 0000 4 0000 5 0000 6 000 0 7 00 0 0 8 0 0 0 1 333 10 332 58 000 6 000 0 7 0000 
12-FEB-2015 12 48071 3 2 4 56 3 32 03 10 250 20 167 3 0000 4 0105 5 0000 6 000 0 7 00 0 0 8 2 2 0 1 333 10 275 59 013 6 000 0 7 0000 
12-FEB-2015 12 48072 3 2 4 57 1 27 02 10 250 20 186 3 0000 4 0000 5 0000 6 000 0 7 00 0 0 8 1 2 0 0 333 10 290 58 000 6 000 0 7 0000 
12-FEB-2015 12 48074 3 2 4 57 4 00 00 10 282 20 146 3 0000 4 0088 5 0000 6 000 0 7 00 0 0 8 2 4 0 2 333 10 330 59 014 6 000 0 7 0000 
12-FEB-2015 12 48075 3 1 4 56 6 27 01 10 235 20 115 3 0000 4 0088 5 0000 6 000 0 7 05 2 2 8 4 5 3 1 333 10 285 59 012 6 000 0 7 0000 
12-FEB-2015 12 48077 3 1 5 56 6 00 00 10 290 20 140 3 0000 4 0080 5 0000 6 000 0 7 05 2 2 8 4 8 0 1 333 10 326 59 016 6 000 0 7 0000 
12-FEB-2015 12 48078 3 2 5 50 6 18 01 10 282 20 136 3 0000 4 0090 5 0000 6 000 0 7 00 0 0 8 3 5 3 1 333 10 335 59 011 6 000 0 7 0000 
12-FEB-2015 12 48080 3 2 4 57 4 00 00 10 265 20 240 3 0000 4 0100 5 0000 6 000 0 7 00 0 0 8 2 8 7 0 333 10 305 59 020 6 000 0 7 0000 
12-FEB-2015 12 48085 3 2 4 58 3 36 05 10 254 20 150 3 0000 4 0099 5 0000 6 000 0 7 00 0 0 8 1 8 3 6 333 10 305 59 016 6 000 0 7 0000 
12-FEB-2015 12 48087 3 2 5 50 6 00 00 10 260 20 203 3 0000 4 0000 5 0000 6 000 0 7 00 0 0 8 4 8 4 0 333 10 334 58 000 6 000 0 7 0000 
12-FEB-2015 12 48092 3 1 4 56 8 00 00 10 280 20 146 3 0000 4 0072 5 0000 6 000 0 7 05 2 2 8 2 4 7 / 333 10 325 59 017 6 000 0 7 0000 
12-FEB-2015 12 48093 3 2 5 20 8 04 01 10 274 20 172 3 0000 4 0000 5 0000 6 000 0 7 00 0 0 8 5 8 7 0 333 10 310 58 000 6 000 0 7 0000 
12-FEB-2015 12 48094 3 2 4 56 4 00 00 10 255 20 175 3 0000 4 0105 5 0000 6 000 0 7 00 0 0 8 3 9 4 0 333 10 305 59 009 6 000 0 7 0000 
12-FEB-2015 12 48095 3 2 4 56 8 00 00 10 260 20 138 3 0000 4 0000 5 0000 6 000 0 7 00 0 0 8 4 9 7 0 333 10 335 58 000 6 000 0 7 0000 
12-FEB-2015 12 48097 3 2 5 56 7 23 01 10 260 20 138 3 0000 4 0108 5 0000 6 000 0 7 00 0 0 8 4 5 5 0 333 10 340 59 017 6 000 0 7 0000 
12-FEB-2015 12 48099 3 2 3 40 7 23 03 10 286 20 215 3 0000 4 0094 5 0000 6 000 0 7 00 0 0 8 4 8 3 0 333 10 323 59 003 6 000 0 7 0000 
12-FEB-2015 12 48101 3 2 5 50 7 27 01 10 255 20 160 3 0000 4 0000 5 0000 6 000 0 7 00 0 0 8 1 1 7 0 333 10 306 58 000 6 000 0 7 0000 
12-FEB-2015 12 48103 3 2 5 40 6 22 01 10 278 20 233 3 0000 4 0090 5 0000 6 000 0 7 00 0 0 8 4 8 3 0 333 10 334 59 013 6 000 0 7 0000 
12-FEB-2015 12 48107 3 2 3 30 6 00 00 10 280 20 203 3 0000 4 0096 5 0000 6 000 0 7 00 0 0 8 4 9 5 0 333 10 340 59 012 6 000 0 7 0000 
12-FEB-2015 12 48108 3 2 5 96 6 32 01 10 285 20 232 3 0000 4 0105 5 0000 6 000 0 7 00 0 0 8 2 4 4 6 333 10 335 59 005 6 000 0 7 0000 
12-FEB-2015 12 48109 3 2 4 96 5 00 00 10 278 20 164 3 0000 4 0111 5 0000 6 000 0 7 00 0 0 8 5 9 0 0 333 10 332 59 011 6 000 0 7 0000 
12-FEB-2015 12 48110 3 1 5 95 6 32 04 10 295 20 234 3 0000 4 0098 5 0000 6 000 0 7 05 2 2 8 2 3 0 6 333 10 345 59 009 6 000 0 7 0000 
12-FEB-2015 12 48112 3 2 5 98 3 36 02 10 290 20 230 3 0000 4 0097 5 0000 6 000 0 7 00 0 0 8 2 2 1 6 333 10 325 59 012 6 000 0 7 0000 
