12-FEB-2015 00 48008 3 1 5 50 5 00 00 10 135 20 130 3 0000 4 0136 5 0000 6 000 0 7 10 4 4 8 3 9 3 0 333 20 125 59 007 6 000 0 7 0000 
12-FEB-2015 00 48010 3 1 0 10 0 00 00 10 135 20 135 3 0000 4 0139 5 0000 6 000 0 7 42 4 4 8 0 0 0 0 333 20 130 58 005 6 000 0 7 0000 
12-FEB-2015 00 48018 3 2 9 56 0 00 00 10 145 20 134 3 0000 4 0122 5 0000 6 000 0 7 00 0 0 8 0 0 0 0 333 20 140 59 030 6 000 0 7 0000 
12-FEB-2015 00 48019 3 2 5 40 1 00 00 10 125 20 120 3 0000 4 0132 5 0000 6 000 0 7 00 0 0 8 0 0 0 2 333 20 122 58 000 6 000 0 7 0000 
12-FEB-2015 00 48025 3 1 1 10 5 00 00 10 150 20 134 3 0000 4 0140 5 0000 6 000 0 7 40 4 4 8 2 6 4 0 333 20 144 59 005 6 000 0 7 0000 
12-FEB-2015 00 48030 3 2 2 50 3 22 01 10 034 20 004 3 0000 4 0000 5 0000 6 000 0 7 00 0 0 8 0 0 5 0 333 20 020 58 000 6 000 0 7 0000 
12-FEB-2015 00 48031 3 1 2 50 7 36 02 10 092 20 042 3 0000 4 0000 5 0000 6 000 0 7 05 2 2 8 0 0 5 6 333 20 084 58 000 6 000 0 7 0000 
12-FEB-2015 00 48033 3 2 9 60 0 00 00 10 150 20 134 3 0000 4 0111 5 0000 6 000 0 7 00 0 0 8 0 0 0 0 333 20 140 59 049 6 000 0 7 0000 
12-FEB-2015 00 48034 3 1 9 48 0 00 00 10 070 20 060 3 0000 4 0000 5 0000 6 000 0 7 10 0 0 8 0 0 0 0 333 20 058 58 000 6 000 0 7 0000 
12-FEB-2015 00 48035 3 1 / 02 9 00 00 10 087 20 068 3 0000 4 0153 5 0000 6 000 0 7 47 4 4 8 0 0 0 0 333 20 080 59 019 6 000 0 7 0000 
12-FEB-2015 00 48037 3 2 9 10 1 36 01 10 168 20 135 3 0000 4 0124 5 0000 6 000 0 7 00 0 0 8 0 0 0 1 333 20 162 59 004 6 000 0 7 0000 
12-FEB-2015 00 48039 3 1 4 50 7 00 00 10 165 20 106 3 0000 4 0000 5 0000 6 000 0 7 10 2 2 8 3 4 6 0 333 20 164 58 000 6 000 0 7 0000 
12-FEB-2015 00 48042 3 2 5 56 5 00 00 10 170 20 135 3 0000 4 0121 5 0000 6 000 0 7 00 0 0 8 3 8 5 0 333 20 155 59 006 6 000 0 7 0000 
12-FEB-2015 00 48048 3 2 5 40 3 00 00 10 147 20 111 3 0000 4 0123 5 0000 6 000 0 7 00 0 0 8 3 8 0 0 333 20 140 59 001 6 000 0 7 0000 
12-FEB-2015 00 48051 3 2 5 56 2 32 01 10 120 20 100 3 0000 4 0000 5 0000 6 000 0 7 00 0 0 8 1 2 3 6 333 20 110 58 000 6 000 0 7 0000 
12-FEB-2015 00 48052 3 2 4 50 3 00 00 10 185 20 139 3 0000 4 0000 5 0000 6 000 0 7 00 0 0 8 3 8 0 0 333 20 175 58 000 6 000 0 7 0000 
12-FEB-2015 00 48053 3 2 4 50 7 32 02 10 180 20 108 3 0000 4 0109 5 0000 6 000 0 7 00 0 0 8 4 5 5 6 333 20 172 59 021 6 000 0 7 0000 
12-FEB-2015 00 48055 3 1 5 30 4 00 00 10 097 20 094 3 0000 4 0161 5 0000 6 000 0 7 10 1 1 8 3 5 0 1 333 20 090 59 017 6 000 0 7 0000 
12-FEB-2015 00 48057 3 1 4 39 7 14 01 10 120 20 102 3 0000 4 0000 5 0000 6 000 0 7 10 2 2 8 1 5 0 6 333 20 108 58 000 6 000 0 7 0000 
12-FEB-2015 00 48060 3 2 4 20 6 00 00 10 138 20 107 3 0000 4 0143 5 0000 6 000 0 7 00 0 0 8 2 1 7 2 333 20 112 59 039 6 000 0 7 0000 
12-FEB-2015 00 48062 3 1 4 40 5 00 00 10 150 20 130 3 0000 4 0130 5 0000 6 000 0 7 10 2 2 8 3 8 3 0 333 20 128 58 002 6 000 0 7 0000 
12-FEB-2015 00 48064 3 2 9 50 2 00 00 10 174 20 135 3 0000 4 0105 5 0000 6 000 0 7 00 0 0 8 0 0 0 6 333 20 136 58 003 6 000 0 7 0000 
12-FEB-2015 00 48065 3 2 4 50 5 00 00 10 164 20 144 3 0000 4 0000 5 0000 6 000 0 7 00 0 0 8 3 8 3 1 333 20 151 58 000 6 000 0 7 0000 
12-FEB-2015 00 48071 3 1 4 50 6 32 02 10 210 20 160 3 0000 4 0127 5 0000 6 000 0 7 10 0 0 8 2 2 0 0 333 20 190 59 003 6 000 0 7 0000 
12-FEB-2015 00 48074 3 2 4 50 2 00 00 10 190 20 159 3 0000 4 0129 5 0000 6 000 0 7 00 0 0 8 1 4 0 1 333 20 175 58 005 6 000 0 7 0000 
12-FEB-2015 00 48075 3 1 4 56 5 00 00 10 130 20 130 3 0000 4 0163 5 0000 6 000 0 7 10 2 2 8 3 8 3 0 333 20 125 59 019 6 000 0 7 0000 
12-FEB-2015 00 48077 3 1 5 56 4 00 00 10 180 20 147 3 0000 4 0105 5 0000 6 000 0 7 10 2 2 8 3 8 0 1 333 20 150 59 016 6 000 0 7 0000 
12-FEB-2015 00 48078 3 2 5 50 4 18 01 10 188 20 167 3 0000 4 0113 5 0000 6 000 0 7 00 0 0 8 2 5 3 1 333 20 175 59 015 6 000 0 7 0000 
12-FEB-2015 00 48080 3 1 4 50 8 04 01 10 153 20 134 3 0000 4 0127 5 0000 6 000 0 7 01 2 2 8 5 8 7 0 333 20 143 58 001 6 000 0 7 0000 
12-FEB-2015 00 48085 3 1 4 50 6 09 02 10 166 20 154 3 0000 4 0120 5 0000 6 000 0 7 40 4 4 8 3 8 7 6 333 20 164 59 008 6 000 0 7 0000 
12-FEB-2015 00 48092 3 1 5 20 7 00 00 10 185 20 168 3 0000 4 0102 5 0000 6 000 0 7 10 2 2 8 3 5 7 1 333 20 170 59 003 6 000 0 7 0000 
12-FEB-2015 00 48093 3 2 5 30 4 09 01 10 199 20 185 3 0000 4 0000 5 0000 6 000 0 7 00 0 0 8 2 8 4 1 333 20 195 58 000 6 000 0 7 0000 
12-FEB-2015 00 48094 3 2 4 56 6 00 00 10 220 20 190 3 0000 4 0121 5 0000 6 000 0 7 00 0 0 8 4 8 7 0 333 20 184 59 005 6 000 0 7 0000 
12-FEB-2015 00 48097 3 1 5 56 7 31 01 10 210 20 195 3 0000 4 0140 5 0000 6 000 0 7 10 2 1 8 2 8 5 0 333 20 200 58 005 6 000 0 7 0000 
12-FEB-2015 00 48099 3 1 3 30 7 32 01 10 206 20 195 3 0000 4 0111 5 0000 6 000 0 7 10 4 4 8 3 8 3 0 333 20 200 59 011 6 000 0 7 0000 
12-FEB-2015 00 48103 3 2 5 30 5 00 00 10 201 20 185 3 0000 4 0117 5 0000 6 000 0 7 00 0 0 8 3 5 3 0 333 20 190 59 007 6 000 0 7 0000 
12-FEB-2015 00 48107 3 1 3 30 4 04 01 10 200 20 185 3 0000 4 0119 5 0000 6 000 0 7 41 4 4 8 2 8 0 6 333 20 190 59 007 6 000 0 7 0000 
12-FEB-2015 00 48108 3 1 5 93 5 00 00 10 200 20 193 3 0000 4 0128 5 0000 6 000 0 7 42 4 4 8 2 4 0 7 333 20 185 59 007 6 000 0 7 0000 
12-FEB-2015 00 48109 3 2 4 96 7 00 00 10 255 20 203 3 0000 4 0131 5 0000 6 000 0 7 00 0 0 8 4 9 7 0 333 20 235 59 005 6 000 0 7 0000 
12-FEB-2015 00 48110 3 1 5 93 8 00 00 10 225 20 217 3 0000 4 0129 5 0000 6 000 0 7 42 4 4 8 4 5 0 7 333 20 225 59 006 6 000 0 7 0000 
12-FEB-2015 00 48112 3 2 5 97 8 04 01 10 235 20 209 3 0000 4 0130 5 0000 6 000 0 7 00 0 0 8 3 8 7 6 333 20 189 59 004 6 000 0 7 0000 
