48001 NIL=
48004 NIL=
48008 31540 20000 10107 20105 40200 71044 81430 333 20100 56430 58021=
48010 31520 30000 10125 20125 40185 74244 81401 333 20120 56909 58010=
48018 32920 00000 10120 20177 333 20115 58001=
48019 32440 30000 10112 20110 40183 333 80005 20107 56006 58018=
48020 NIL=
48025 31005 62701 10134 20134 40191 74244 86600 333 20128 56600 58014=
48035 31940 00000 10053 20050 40222 71000 333 20046 58031=
48037 32010 03601 10142 20134 40171 333 20137 58012=
48042 32956 00000 10145 20124 40163 333 20140 58011=
48045 NIL=
48048 32940 00401 10134 20113 40166 333 20127 58006=
48051 32956 33601 10121 20110 70311 80006 333 20116 56009=
48053 32950 03602 10150 20134 40151 333 20144 59002=
48060 32420 70000 10124 20102 40215 85830 333 20112 56560 58016=
48062 NIL=
48071 32550 10501 10185 20159 40143 81200 333 20165 56900 58003=
48075 31956 00000 10085 20085 40206 71022 333 20075 58013=
48077 31956 00000 10164 20144 40136 71000 333 20130 59000=
48078 NIL=
48080 31950 01301 10111 20091 40140 71044 333 20098 59007=
48085 31940 22702 10132 20130 40126 74244 80036 333 20130 56099 59011=
48095 NIL=
48108 22495 80000 10220 20205 40130 83876 333 20200 56999 58021=
48109 32496 70402 10255 20203 40121 70322 85970 333 20225 56990 59008=
48110 21592 51302 10215 20200 40118 74244 81406 333 20210 56909 59002=
48112 32597 80402 10255 20229 40108 83876 333 20208 56199 59002=
48030 32950 02204 10023 20023 333 20002=
48072 NIL=
48087 32940 10402 10154 20134 80001 333 20120 56009=
48099 31340 30000 10188 20175 40129 71044 83700 333 20175 56900 59002=
48101 32956 00000 10198 20168 333 20170=
48103 32440 30402 10203 20168 40128 83800 333 20186 56100 58001=
48057 31939 01401 10088 20068 71000 333 20070=
48094 32456 10000 10160 20140 40134 70111 81500 333 20138 56900 59004=
48097 32456 63601 10185 20157 40132 82550 333 20173 56990 59003=
48031 32950 02201 10076 20056 333 20056=
48033 32960 03301 10140 20124 40165 333 20090 58002=
48034 31948 00000 10047 20030 71000 333 20035=
48039 31450 23201 10141 20124 71011 82400 333 20140 56900=
48043 21010 00000 10075 20055 71022 333 20037=
48052 32950 00403 10168 20117 333 20110=
48055 31410 10000 10043 20043 40224 81500 333 20034 56900 58025=
48064 32950 01401 10168 20135 40148 333 20121 58008=
48065 32950 01403 10167 20160 333 20148=
48074 32950 00404 10165 20123 40150 333 20152 59002=
48092 32450 40000 10180 20138 40115 84600 333 20160 56200 59006=
48093 32430 10401 10177 20155 81100 333 20172 56300=
48107 22330 60903 10230 20181 40119 84970 333 20220 56550 59003=  48001 NIL=
48004 NIL=
48008 31540 20000 10107 20105 40200 71044 81430 333 20100 56430 58021=
48010 31520 30000 10125 20125 40185 74244 81401 333 20120 56909 58010=
48018 32920 00000 10120 20177 333 20115 58001=
48019 32440 30000 10112 20110 40183 80005 333 20107 56006 58018=
48020 NIL=
48025 31005 62701 10134 20134 40191 74244 86600 333 20128 56600 58014=
48030 32950 02204 10023 20023 333 20002=
48031 32950 02201 10076 20056 333 20056=
48033 32960 03301 10140 20124 40165 333 20090 58002=
48034 31948 00000 10047 20030 71000 333 20035=
48035 31940 00000 10053 20050 40222 71000 333 20046 58031=
48037 32010 03601 10142 20134 40171 333 20137 58012=
48039 31450 23201 10141 20124 71011 82400 333 20140 56900=
48042 32956 00000 10145 20124 40163 333 20140 58011=
48043 21010 00000 10075 20055 71022 333 20037=
48045 NIL=
48048 32940 00401 10134 20113 40166 333 20127 58006=
48051 32956 33601 10121 20110 70311 80006 333 20116 56009=
48052 32950 00403 10168 20117 333 20110=
48053 32950 03602 10150 20134 40151 333 20144 59002=
48055 31410 10000 10043 20043 40224 81500 333 20034 56900 58025=
48057 31939 01401 10088 20068 71000 333 20070=
48060 32420 70000 10124 20102 40215 85830 333 20112 56560 58016=
48062 NIL=
48064 32950 01401 10168 20135 40148 333 20121 58008=
48065 32950 01403 10167 20160 333 20148=
48071 32550 10501 10185 20159 40143 81200 333 20165 56900 58003=
48072 NIL=
48074 32950 00404 10165 20123 40150 333 20152 59002=
48075 31956 00000 10085 20085 40206 71022 333 20075 58013=
48077 31956 00000 10164 20144 40136 71000 333 20130 59000=
48078 NIL=
48080 31950 01301 10111 20091 40140 71044 333 20098 59007=
48085 31940 22702 10132 20130 40126 74244 80036 333 20130 56099 59011=
48087 32940 10402 10154 20134 80001 333 20120 56009=
48092 32450 40000 10180 20138 40115 84600 333 20160 56200 59006=
48093 32430 10401 10177 20155 81100 333 20172 56300=
48094 32456 10000 10160 20140 40134 70111 81500 333 20138 56900 59004=
48095 NIL=
48096 31950 23503 10184 20155 40142 71010 80040 333 20175 56090 58001=
48097 32456 63601 10185 20157 40132 82550 333 20173 56990 59003=
48099 31340 30000 10188 20175 40129 71044 83700 333 20175 56900 59002=
48101 32956 00000 10198 20168 333 20170=
48103 32440 30402 10203 20168 40128 83800 333 20186 56100 58001=
48107 22330 60903 10230 20181 40119 84970 333 20220 56550 59003=
48108 22495 80000 10220 20205 40130 83876 333 20200 56999 58021=
48109 32496 70402 10255 20203 40121 70322 85970 333 20225 56990 59008=
48110 21592 51302 10215 20200 40118 74244 81406 333 20210 56909 59002=
48112 32597 80402 10255 20229 40108 83876 333 20208 56199 59002=  