



*-*-*


<!--
.style2 {
	font-family:"Courier New", Courier, monospace;
	font-size: 14px;
}
-->






SIBM20 VBRR 120900

AAXX 12094

48001 NIL=

48004 32460 41402 10230 20163 85900 333 56500=

48008 32558 60401 10235 20114 40159 83970 333 56450 58008=

48010 32560 23601 10260 20179 40162 82800 333 56100 58008=

48018 32960 01401 10265 20119 40164 333 58010=

48019 32560 30402 10244 20136 40153 80006 333 56099 58009=

48020 NIL=

48025 32458 30401 10250 20126 40163 83800 333 56900 58018=

48030 32256 20404 10137 20056 81101 333 56109=

48031 32258 31801 10170 20044 82840 333 56490=

48033 NIL=

48034 32457 21803 10234 20074 82800 333 56500=

48035 32560 11801 10229 20045 40129 81100 333 56900 58026=

48037 32562 13602 10276 20126 40138 81100 333 56800 58016=

48039 32960 03203 10292 20115 333=

48042 32956 03201 10280 20126 40136 333 58015=

48043 32058 00000 10210 20072 333=

48045 32563 41402 10190 20072 82806 333 56509=

48048 32960 00401 10300 20149 40137 333 59003=

48051 32960 02301 10287 20140 70211 80006 333 56009=

48052 32470 20406 10288 20155 82200 333 56900=

48053 32956 03604 10280 20146 40125 333 58007=

48055 32557 40408 10212 20106 40130 83830 333 56220 58015=

48057 32460 31402 10192 20072 83800 333 56900=

48060 32456 20000 10213 20072 40157 82100 333 56500 58031=

48062 32958 22703 10290 20230 40121 80002 333 56009 58001=

48064 32970 01401 10272 20172 40104 333 58007=

48065 32970 12209 10300 20166 80001 333 56009=

48071 32960 00502 10290 20179 40123 333 58000=

48072 32560 10401 10310 20255 70122 81200 333 56900=

48074 32560 23203 10310 20146 40120 81101 333 56404 59002=

48075 32558 41401 10220 20110 40137 84200 333 56500 58019=

48077 32959 00401 10310 20124 40114 333 58005=

48078 32559 23204 10313 20117 40110 81501 333 56909 58003=

48080 32960 20401 10310 20255 40101 80006 333 56009 59008=

48085 32458 23205 10294 20179 40106 81106 333 56209 58001=

48087 NIL=

48092 32459 20901 10310 20169 40090 81130 333 56990 58001=

48093 32958 00401 10296 20185 333=

48094 32960 00402 10305 20160 40108 333 59001=

48095 32960 00401 10295 20179 333=

48096 32059 00604 10300 20166 40112 333 58006=

48097 32457 31406 10305 20168 40112 70211 83500 333 56900 59008=

48099 32558 32305 10310 20189 40094 83830 333 56550 59007=

48101 32660 33601 10293 20196 70311 82230 333 56390=

48103 32457 30403 10306 20169 40103 83800 333 56100 58004=

48107 32950 01301 10300 20185 40093 333 59003=

48108 32494 70510 10280 20194 40104 83376 333 56299 58005=

48109 32497 70402 10292 20242 40108 85950 333 56009 59006=

48110 31596 81305 10315 20219 40094 70522 84357 333 56299 58003=

48112 32597 80405 10285 20225 40091 83876 333 56199 59001=  





