120900 48001 21340 82701 10250 20219 40056 75065 8477/ 333 56559 58010=
120900 48004 31110 81301 10253 20253 8597/ 333 56549=
120900 48010 32558 61801 10280 20250 40041 85830 333 56560 59004=
120900 48018 32560 70901 10305 20253 40054 79122 8487/ 333 56559 58000=
120900 48019 22458 80402 10287 20250 40038 85970 333 56560 59006=
120900 48020 32460 60903 10350 20273 84330 333 56440=
120900 48025 32456 71801 10338 20257 40030 84870 333 56450 59014=
120900 48030 31256 72201 10238 20174 70544 85940 333 56560=
120900 48031 32257 81801 10250 20205 889// 333 56499=
120900 48033 32563 61801 10360 20235 40028 86900 333 56500 59005=
120900 48034 21456 62032 10258 20203 75055 86300 333 56500=
120900 48035 32560 70000 10302 20223 40011 85960 333 56190 59004=
120900 48037 32560 61401 10355 20249 40022 85330 333 56690 58005=
120900 48039 32460 72201 10340 20225 85960 333 56550=
120900 48042 32559 72204 10355 20243 40032 84850 333 56440 58009=
120900 48043 32659 41807 10285 20195 83830 333 56590=
120900 48045 32556 61804 10261 20203 86300 333 56600=
120900 48048 32560 42202 10370 20227 40028 84850 333 56490 59006=
120900 48051 21456 81302 10266 20266 76166 86930 333 56490=
120900 48052 32468 41301 10390 20233 83800 333 56900=
120900 48053 32458 61802 10340 20240 40036 85950 333 56490 59005=
120900 48055 32457 61805 10307 20205 40006 84806 333 56509 59020=
120900 48057 32458 61403 10265 20191 83306 333 56509=
120900 48060 32356 50000 10320 20215 40003 70122 85800 333 56500 59037=
120900 48062 21356 81802 10290 20270 40046 75055 86920 333 56490 59005=
120900 48064 32468 80401 10310 20282 40036 84870 333 56440 59028=
120900 48065 21456 80000 10275 20230 76322 85970 333 56990=
120900 48071 22458 82303 10280 20268 40058 8692/ 333 5699/ 58002=
120900 48072 21462 81804 10290 20259 75065 86970 333 56590=
120900 48074 32461 61804 10340 20257 40059 83301 333 56509 58003=
120900 48075 32457 52201 10325 20200 40035 84801 333 56309 59005=
120900 48078 32558 41801 10331 20251 40053 83301 333 56409 59010=
120900 48080 21459 82205 10300 20253 40068 70365 85870 333 56490 58007=
120900 48085 31457 82202 10302 20223 40069 71799 86970 333 56590 58005=
120900 48087 32558 62301 10336 20257 70322 83370 333 56490=
120900 48092 32458 60000 10295 20256 40046 84339 333 56999 58002=
120900 48093 22650 42301 10322 20265 70122 83801 333 56509=
120900 48094 21458 73202 10297 20280 40062 70366 85970 333 56590 59005=
120900 48095 32460 52201 10340 20270 70311 83940 333 56990=
120900 48097 32557 72302 10335 20251 40074 86301 333 56909 59004=
120900 48099 32557 42303 10334 20270 40062 84900 333 56500 59006=
120900 48101 21458 62301 10300 20253 71765 85970 333 56590=
120900 48103 32356 42202 10337 20257 40061 84900 333 56500 59005=
120900 48107 32350 22701 10324 20265 40070 82900 333 56500 58002=  48062 21356 81802 10290 20270 40046 75055 86920 333 56490 59005=  
120900 48108 31596 63204 10340 20257 40072 71799 84906 333 56609 58001=
120900 48110 32596 62302 10360 20278 40070 84306 333 56509 59006=
120900 48112 32597 82201 10307 20267 40082 70322 83876 333 56599 58008=
