120300 48001 21420 83201 10235 20226 40080 76066 887// 333 56599 58003=
120300 48004 31110 81301 10245 20245 75055 8597/ 333 56559=
120300 48008 21456 80000 10260 20246 40065 72055 8497/ 333 56569 59005=
120300 48010 22440 80000 10250 20250 40061 887// 333 56599 59021=
120300 48018 21558 80401 10252 20250 40068 72166 8597/ 333 56449 59019=
120300 48019 22457 83202 10287 20250 40060 85977 333 56459 59017=
120300 48020 32357 73603 10275 20253 85730 333 56490=
120300 48025 22420 82701 10288 20248 40058 8587/ 333 56549 59017=
120300 48030 21256 62201 10188 20159 70144 83840 333 56560=
120300 48031 32/60 50401 10230 20163 85800 333 56400=
120300 48033 32562 61801 10305 20237 40055 85901 333 56409 59015=
120300 48034 22356 72302 10224 20185 87300 333 56500=
120300 48035 32560 70000 10254 20233 40063 84961 333 56199 58004=
120300 48037 22456 61802 10309 20237 40052 82270 333 56450 58021=
120300 48039 22460 61401 10310 20225 82150 333 56550=
120300 48042 32559 51807 10330 20244 40054 83852 333 56449 59007=
120300 48043 32556 51807 10250 20205 83230 333 56490=
120300 48045 22556 52304 10235 20174 74144 85800 333 56500=
120300 48048 32558 62202 10305 20237 40055 84850 333 56490 59016=
120300 48051 22559 73602 10271 20260 85970 333 56390=
120300 48052 32458 41301 10318 20248 84800 333 56900=
120300 48053 32450 71805 10290 20230 40072 85850 333 56590 59008=
120300 48055 22556 41804 10257 20217 40073 83801 333 56509 58004=
120300 48057 22457 72202 10222 20185 86350 333 56590=
120300 48060 22440 70000 10252 20219 40070 85830 333 56590 58013=
120300 48062 21356 51802 10265 20260 40066 76022 8692/ 333 5699/ 59005=
120300 48064 32460 40401 10318 20265 40050 81131 333 56449 59003=
120300 48065 32557 31404 10328 20248 82801 333 56409=
120300 48071 21458 72302 10280 20268 40073 72162 85970 333 56990 59007=
120300 48072 22459 61303 10305 20267 84930 333 56590=
120300 48074 32458 52303 10290 20259 40094 83851 333 56499 58000=
120300 48075 32457 51402 10270 20211 40084 83830 333 56960 59017=
120300 48077 32559 52301 10290 20248 40070 84801 333 56409 59011=
120300 48078 22557 51801 10295 20257 40094 84531 333 56499 59007=
120300 48080 32459 41301 10300 20239 40080 82830 333 56490 59015=
120300 48085 22458 41803 10300 20253 40084 82806 333 56409 59006=
120300 48087 22560 50000 10300 20253  82841 333 56999=
120300 48092 22458 51301 10300 20260 40068 84601 333 56309 59009=
120300 48093 22658 41401 10289 20259 83801 333 56509=
120300 48094 22459 42201 10275 20265 40093 82570 333 56990 58004=
120300 48095 22558 20000 10315 20267 70122 81202 333 56909=
120300 48097 22557 51401 10300 20253 40106 85800 333 56900 58000=
120300 48099 22450 43202 10305 20253 40095 83901 333 56709 59001=
120300 48101 22559 40000 10305 20266 82321 333 56599=
120300 48103 32356 30402 10308 20267 40093 83700 333 56100 58001=
120300 48107 22350 23201 10310 20254 40088 82900 333 56500 58003=
120300 48108 22596 60501 10290 20230 40099 83336 333 56899 58009=
120300 48109 21490 62301 10283 20268 40094 75066 86900 333 56900 58001=
120300 48110 22596 41302 10305 20267 40099 82306 333 56509 58007=
120300 48112 32598 62201 10315 20282 40098 82216 333 56599 59002=  
