12-JUN-2015 00 48008 3 2 5 50 8 00 00 10 250 20 233 3 0000 4 0047 5 0000 6 000 0 7 00 0 0 8 4 9 7 / 333 20 240 59 012 6 000 2 7 0000 
12-JUN-2015 00 48010 2 1 4 30 8 00 00 10 240 20 240 3 0000 4 0041 5 0000 6 000 0 7 02 9 6 8 8 7 / / 333 20 235 59 006 6 055 2 7 0000 
12-JUN-2015 00 48018 2 1 5 56 8 18 01 10 260 20 246 3 0000 4 0057 5 0000 6 000 0 7 20 5 5 8 4 9 7 / 333 20 250 59 009 6 990 2 7 0000 
12-JUN-2015 00 48019 2 2 4 56 6 00 00 10 255 20 233 3 0000 4 0045 5 0000 6 000 0 7 00 0 0 8 3 7 7 0 333 20 251 59 007 6 007 2 7 0000 
12-JUN-2015 00 48025 2 2 4 10 8 00 00 10 266 20 256 3 0000 4 0044 5 0000 6 000 0 7 03 5 5 8 5 7 7 / 333 20 260 59 014 6 001 2 7 0000 
12-JUN-2015 00 48033 3 2 5 60 7 13 01 10 280 20 233 3 0000 4 0051 5 0000 6 000 0 7 00 0 0 8 5 5 0 6 333 20 260 58 004 6 000 2 7 0000 
12-JUN-2015 00 48035 2 1 2 20 8 00 00 10 227 20 214 3 0000 4 0064 5 0000 6 000 0 7 02 9 6 8 5 9 7 / 333 20 220 58 004 6 006 2 7 0000 
12-JUN-2015 00 48037 2 2 5 40 5 18 02 10 279 20 250 3 0000 4 0035 5 0000 6 000 0 7 03 5 2 8 2 5 3 1 333 20 270 59 013 6 990 2 7 0000 
12-JUN-2015 00 48042 3 2 5 58 7 22 06 10 295 20 234 3 0000 4 0051 5 0000 6 000 0 7 00 0 0 8 4 8 7 0 333 20 275 59 003 6 000 2 7 0000 
12-JUN-2015 00 48048 3 2 5 50 3 22 01 10 286 20 248 3 0000 4 0049 5 0000 6 000 0 7 00 0 0 8 3 8 0 0 333 20 280 58 000 6 000 2 7 0000 
12-JUN-2015 00 48053 3 2 5 50 5 18 03 10 260 20 229 3 0000 4 0064 5 0000 6 000 0 7 00 0 0 8 2 5 5 6 333 20 256 58 007 6 000 2 7 0000 
12-JUN-2015 00 48055 2 1 / 01 9 00 00 10 208 20 208 3 0000 4 0078 5 0000 6 000 0 7 47 4 4 8 / / / / 333 20 198 58 001 6 006 2 7 0000 
12-JUN-2015 00 48060 2 2 3 20 8 00 00 10 230 20 214 3 0000 4 0066 5 0000 6 000 0 7 03 2 2 8 5 9 7 / 333 20 213 59 016 6 012 2 7 0000 
12-JUN-2015 00 48062 2 1 3 56 8 13 01 10 255 20 270 3 0000 4 0051 5 0000 6 000 0 7 51 6 3 8 6 9 2 / 333 20 230 59 005 6 006 2 7 0000 
12-JUN-2015 00 48071 2 1 3 50 8 13 02 10 255 20 255 3 0000 4 0063 5 0000 6 000 0 7 62 6 6 8 6 9 2 / 333 20 250 58 002 6 008 2 7 0000 
12-JUN-2015 00 48074 3 2 3 56 8 18 02 10 260 20 246 3 0000 4 0083 5 0000 6 000 0 7 00 0 0 8 5 7 7 / 333 20 247 58 004 6 000 2 7 0000 
12-JUN-2015 00 48075 3 2 5 58 5 00 00 10 230 20 210 3 0000 4 0093 5 0000 6 000 0 7 00 0 0 8 4 8 3 0 333 20 200 59 006 6 000 2 7 0000 
12-JUN-2015 00 48077 3 2 5 56 7 00 00 10 258 20 246 3 0000 4 0056 5 0000 6 000 0 7 00 0 0 8 5 9 3 1 333 20 240 59 009 6 000 2 7 0000 
12-JUN-2015 00 48078 2 1 5 50 7 18 01 10 264 20 251 3 0000 4 0079 5 0000 6 000 0 7 03 5 5 8 4 5 7 1 333 20 247 59 000 6 990 2 7 0000 
12-JUN-2015 00 48080 3 2 4 57 5 04 01 10 250 20 219 3 0000 4 0074 5 0000 6 000 0 7 00 0 0 8 3 8 3 0 333 20 233 59 006 6 000 2 7 0000 
12-JUN-2015 00 48085 2 2 4 56 4 14 02 10 246 20 245 3 0000 4 0070 5 0000 6 000 0 7 00 0 0 8 1 3 3 9 333 20 245 58 004 6 000 2 7 0000 
12-JUN-2015 00 48092 2 1 4 56 4 00 00 10 255 20 248 3 0000 4 0062 5 0000 6 000 0 7 05 2 2 8 2 8 3 1 333 20 245 58 000 6 002 2 7 0000 
12-JUN-2015 00 48094 2 2 4 56 4 00 00 10 245 20 245 3 0000 4 0077 5 0000 6 000 0 7 00 0 0 8 2 5 7 0 333 20 196 58 009 6 000 2 7 0000 
12-JUN-2015 00 48096 3 2 4 57 1 03 03 10 250 20 250 3 0000 4 0086 5 0000 6 000 0 7 00 0 0 8 1 1 0 0 333 20 250 58 004 6 000 2 7 0000 
12-JUN-2015 00 48097 2 2 5 57 4 33 01 10 250 20 233 3 0000 4 0086 5 0000 6 000 0 7 00 0 0 8 2 8 0 6 333 20 248 58 001 6 000 2 7 0000 
12-JUN-2015 00 48099 2 2 3 30 6 09 01 10 250 20 250 3 0000 4 0082 5 0000 6 000 0 7 00 0 0 8 4 9 7 0 333 20 230 58 010 6 000 2 7 0000 
12-JUN-2015 00 48103 3 2 3 40 6 04 03 10 260 20 246 3 0000 4 0075 5 0000 6 000 0 7 00 0 0 8 6 7 0 0 333 20 252 58 004 6 000 2 7 0000 
12-JUN-2015 00 48107 2 1 3 40 4 32 01 10 250 20 250 3 0000 4 0081 5 0000 6 000 0 7 01 9 6 8 4 9 0 0 333 20 244 58 006 6 002 2 7 0000 
12-JUN-2015 00 48108 2 2 5 95 6 00 00 10 250 20 242 3 0000 4 0084 5 0000 6 000 0 7 00 0 0 8 3 3 6 6 333 20 227 58 000 6 000 0 7 0000 
12-JUN-2015 00 48110 2 2 5 96 4 00 00 10 250 20 241 3 0000 4 0085 5 0000 6 000 0 7 00 0 0 8 1 3 0 6 333 20 245 59 004 6 002 2 7 0000 
12-JUN-2015 00 48112 3 2 5 97 8 22 01 10 275 20 256 3 0000 4 0088 5 0000 6 000 0 7 00 0 0 8 3 8 7 6 333 20 212 59 007 6 000 2 7 0000 
