



*-*-*


<!--
.style2 {
	font-family:"Courier New", Courier, monospace;
	font-size: 14px;
}
-->






SIBM20 VBRR 120900

AAXX 12094

48001 22456 62701 10310 20267 49998 84830 333 56250

58008=

48004 32458 50401 10348 20280 85900 333 56500=

48008 32558 41401 10335 20257 49997 82970 333 56450

59020=

48010 32557 70000 10320 20292 40013 85870 333 56880

59021=

48018 22558 60000 10334 20275 40006 70222 83870 333

56440 59025=

48019 32460 33202 10336 20288 40005 82200 333 56400

59016=

48020 32458 53602 10345 20235 85800 333 56500=

48025 32456 40401 10347 20240 40001 84800 333 56500

59033=

48035 32560 32703 10331 20212 49970 83900 333 56500

59023=

48037 NIL=

48042 NIL=

48045 NIL=

48048 NIL=

48051 NIL=

48053 NIL=

48060 NIL=

48062 NIL=

48071 NIL=

48075 NIL=

48077 NIL=

48078 NIL=

48080 NIL=

48085 NIL=

48095 NIL=

48108 NIL=

48109 NIL=

48110 NIL=

48112 NIL=

48030 32356 72202 10243 20191 86940 333 56560=

48072 NIL=

48087 NIL=

48099 NIL=

48101 NIL=

48103 NIL=

48057 NIL=

48094 NIL=

48097 NIL=

48031 32256 61402 10258 20203 84840 333 56490=

48033 32563 30901 10330 20258 40012 82530 333 56990

59016=

48034 21456 82302 10255 20231 72065 8692/ 333 5659/=

48039 NIL=

48043 NIL=

48052 NIL=

48055 NIL=

48064 NIL=

48065 NIL=

48074 NIL=

48092 NIL=

48093 NIL=

48107 NIL=  
SIBM20 VBRR 120900 RRA

AAXX 12094

48037 32560 61401 10382 20240 40011 84801 333 56506

59070=

48042 31559 60902 10330 20258 49994 70199 83952 333

56449 59028=

48045 31556 83204 10253 20219 71799 889// 333 56799=

48048 32560 70000 10352 20237 49999 85950 333 56490

59026=

48051 22560 42301 10326 20280 70122 84900 333 56400=

48053 32456 61801 10350 20297 40011 83956 333 56499

59010=

48060 32456 32701 10320 20236 49973 82130 333 56560

59028=

48062 32458 52303 10310 20280 40035 70122 83932 333

56999 59003=

48071 32460 33203 10320 20281 40035 83900 333 56500

59007=

48075 31457 61401 10300 20223 40005 75022 85940 333

56590 59028=

48077 32559 72301 10332 20258 40015 85931 333 56499

59018=

48078 32562 51801 10340 20264 40023 84801 333 56409

59017=

48080 32461 52027 10322 20265 40050 83230 333 56590

59003=

48085 32456 23203 10320 20281 40032 81806 333 56909

59002=

48095 32558 42202 10340 20288 83802 333 56909=

48108 21495 70501 10265 20258 40049 75096 84377 333

56699 59010=

48110 22596 83204 10335 20257 40052 84357 333 56599

59018=

48112 21597 82207 10287 20259 40063 75055 84876 333

56599 59019=

48072 32460 40404 10330 20275 83830 333 56590=

48087 32560 42301 10344 20270 82841 333 56999=

48099 32450 50000 10326 20258 40024 85900 333 56900

59012=

48101 32558 62702 10334 20258 70322 84331 333 56599=

48103 22456 62201 10302 20266 40026 84770 333 56550

59012=

48057 32458 62302 10250 20205 85950 333 56690=

48094 32461 62202 10335 20290 40031 84970 333 56590

59012=

48097 32557 72303 10330 20258 40040 85301 333 56509

59025=

48039 32460 60401 10330 20258 83952 333 56555=

48043 22556 70000 10250 20235 8487/ 333 56999=

48052 32468 42201 10386 20233 84800 333 56900=

48055 21556 63603 10264 20229 49980 72165 85330 333

56550 59022=

48064 32562 33601 10347 20280 49996 82801 333 56490

59013=

48065 32558 62201 10360 20278 83871 333 56909=

48074 32462 50401 10340 20270 40020 83361 333 56559

59022=

48092 32458 52702 10335 20264 40004 84830 333 56999

59022=

48093 22658 60401 10306 20254 86300 333 56500=

48107 21330 82701 10268 20268 40043 76166 8597/ 333

5655/ 59018=  





