12-JUL-2015 06 48004 3 2 4 60 4 04 01 10 330 20 275 3 0000 4 0000 5 0000 6 000 0 7 00 0 0 8 4 9 0 0 333 10 /// 58 000 6 000 0 7 0000 
12-JUL-2015 06 48008 3 2 4 58 6 14 02 10 330 20 267 3 0000 4 0023 5 0000 6 000 0 7 00 0 0 8 3 9 7 0 333 10 /// 59 027 6 000 0 7 0000 
12-JUL-2015 06 48010 3 2 5 60 4 18 01 10 305 20 266 3 0000 4 0025 5 0000 6 000 0 7 00 0 0 8 3 8 3 0 333 10 /// 59 024 6 000 0 7 0000 
12-JUL-2015 06 48018 2 2 5 58 6 14 01 10 320 20 265 3 0000 4 0026 5 0000 6 000 0 7 00 0 0 8 3 8 7 0 333 10 /// 59 027 6 000 0 7 0000 
12-JUL-2015 06 48019 3 2 4 60 5 23 02 10 318 20 265 3 0000 4 0031 5 0000 6 000 0 7 00 0 0 8 2 2 6 0 333 10 /// 59 015 6 000 0 7 0000 
12-JUL-2015 06 48020 3 2 4 58 4 36 02 10 345 20 280 3 0000 4 0000 5 0000 6 000 0 7 00 0 0 8 4 8 0 0 333 10 /// 58 000 6 000 0 7 0000 
12-JUL-2015 06 48025 3 2 4 60 4 14 01 10 332 20 275 3 0000 4 0028 5 0000 6 000 0 7 00 0 0 8 4 8 0 0 333 10 /// 59 034 6 000 0 7 0000 
12-JUL-2015 06 48030 3 2 3 56 7 22 01 10 233 20 181 3 0000 4 0000 5 0000 6 000 0 7 00 0 0 8 5 9 4 0 333 10 /// 58 000 6 000 0 7 0000 
12-JUL-2015 06 48031 3 2 2 58 5 04 01 10 250 20 186 3 0000 4 0000 5 0000 6 000 0 7 02 4 4 8 3 8 4 0 333 10 /// 58 000 6 000 0 7 0000 
12-JUL-2015 06 48033 3 2 5 63 5 18 01 10 300 20 253 3 0000 4 0027 5 0000 6 000 0 7 00 0 0 8 5 9 0 0 333 10 /// 59 035 6 000 0 7 0000 
12-JUL-2015 06 48034 3 2 4 56 7 18 02 10 260 20 222 3 0000 4 0000 5 0000 6 000 0 7 02 2 2 8 7 3 0 0 333 10 /// 58 000 6 000 0 7 0000 
12-JUL-2015 06 48035 3 2 5 60 3 22 02 10 302 20 207 3 0000 4 0002 5 0000 6 000 0 7 00 0 0 8 3 9 0 0 333 10 /// 59 018 6 000 0 7 0000 
12-JUL-2015 06 48037 3 2 5 60 7 14 01 10 345 20 259 3 0000 4 0033 5 0000 6 000 0 7 00 0 0 8 5 8 3 0 333 10 /// 59 021 6 000 0 7 0000 
12-JUL-2015 06 48039 3 2 4 60 7 14 01 10 325 20 248 3 0000 4 0000 5 0000 6 000 0 7 00 0 0 8 5 9 6 0 333 10 /// 58 000 6 000 0 7 0000 
12-JUL-2015 06 48042 3 2 5 59 7 22 04 10 340 20 257 3 0000 4 0022 5 0000 6 000 0 7 00 0 0 8 4 9 5 0 333 10 /// 59 019 6 000 0 7 0000 
12-JUL-2015 06 48043 2 1 5 40 8 00 00 10 225 20 225 3 0000 4 0000 5 0000 6 000 0 7 00 0 0 8 6 7 2 / 333 10 /// 58 000 6 000 0 7 0000 
12-JUL-2015 06 48045 3 2 5 57 6 14 02 10 264 20 203 3 0000 4 0000 5 0000 6 000 0 7 00 0 0 8 4 8 4 0 333 10 /// 58 000 6 000 0 7 0000 
12-JUL-2015 06 48048 3 2 5 60 5 27 01 10 330 20 244 3 0000 4 0024 5 0000 6 000 0 7 00 0 0 8 3 2 5 1 333 10 /// 59 022 6 000 0 7 0000 
12-JUL-2015 06 48051 3 2 5 59 5 04 02 10 326 20 280 3 0000 4 0000 5 0000 6 000 0 7 01 2 2 8 4 9 3 0 333 10 /// 58 000 6 000 0 7 0000 
12-JUL-2015 06 48052 3 2 4 68 4 27 01 10 362 20 245 3 0000 4 0000 5 0000 6 000 0 7 00 0 0 8 4 8 0 0 333 10 /// 58 000 6 000 0 7 0000 
12-JUL-2015 06 48055 3 2 5 56 5 18 04 10 288 20 223 3 0000 4 0017 5 0000 6 000 0 7 00 0 0 8 5 3 0 0 333 10 /// 59 018 6 000 0 7 0000 
12-JUL-2015 06 48057 3 2 4 58 4 15 01 10 250 20 205 3 0000 4 0000 5 0000 6 000 0 7 00 0 0 8 4 3 0 0 333 10 /// 58 000 6 000 0 7 0000 
12-JUL-2015 06 48060 3 2 4 50 3 00 00 10 320 20 236 3 0000 4 9999 5 0000 6 000 0 7 00 0 0 8 3 1 0 0 333 10 /// 59 021 6 000 0 7 0000 
12-JUL-2015 06 48062 3 2 4 58 7 23 04 10 295 20 280 3 0000 4 0053 5 0000 6 000 0 7 02 2 2 8 5 9 7 0 333 10 /// 59 008 6 000 0 7 0000 
12-JUL-2015 06 48064 3 2 5 60 5 36 01 10 336 20 270 3 0000 4 0021 5 0000 6 000 0 7 00 0 0 8 3 8 3 1 333 10 /// 59 022 6 000 0 7 0000 
12-JUL-2015 06 48065 3 2 5 57 5 32 01 10 340 20 225 3 0000 4 0000 5 0000 6 000 0 7 00 0 0 8 3 8 7 0 333 10 /// 58 000 6 000 0 7 0000 
12-JUL-2015 06 48071 3 2 4 60 2 32 02 10 305 20 254 3 0000 4 0051 5 0000 6 000 0 7 00 0 0 8 2 3 3 0 333 10 /// 59 015 6 000 0 7 0000 
12-JUL-2015 06 48072 3 2 5 60 5 18 04 10 310 20 267 3 0000 4 0000 5 0000 6 000 0 7 01 2 2 8 3 8 3 0 333 10 /// 58 000 6 000 0 7 0000 
12-JUL-2015 06 48074 3 2 4 61 4 18 01 10 320 20 265 3 0000 4 0038 5 0000 6 000 0 7 00 0 0 8 3 8 5 0 333 10 /// 59 029 6 000 0 7 0000 
12-JUL-2015 06 48077 3 2 5 59 7 23 02 10 328 20 258 3 0000 4 0031 5 0000 6 000 0 7 00 0 0 8 5 9 3 1 333 10 /// 59 018 6 000 0 7 0000 
12-JUL-2015 06 48078 3 2 5 60 4 18 03 10 318 20 265 3 0000 4 0046 5 0000 6 000 0 7 00 0 0 8 3 8 0 1 333 10 /// 59 017 6 000 0 7 0000 
12-JUL-2015 06 48080 3 2 4 61 5 04 02 10 321 20 281 3 0000 4 0055 5 0000 6 000 0 7 00 0 0 8 3 8 3 0 333 10 /// 59 020 6 000 0 7 0000 
12-JUL-2015 06 48085 3 2 4 58 2 32 04 10 308 20 266 3 0000 4 0048 5 0000 6 000 0 7 00 0 0 8 1 8 0 1 333 10 /// 58 018 6 000 0 7 0000 
12-JUL-2015 06 48087 3 2 5 60 5 23 02 10 332 20 258 3 0000 4 0000 5 0000 6 000 0 7 00 0 0 8 3 8 4 1 333 10 /// 58 000 6 000 0 7 0000 
12-JUL-2015 06 48092 3 2 4 58 7 27 01 10 310 20 267 3 0000 4 0026 5 0000 6 000 0 7 00 0 0 8 4 8 3 6 333 10 /// 59 021 6 000 0 7 0000 
12-JUL-2015 06 48093 2 1 6 58 6 04 01 10 324 20 281 3 0000 4 0000 5 0000 6 000 0 7 03 5 5 8 6 8 0 0 333 10 /// 58 000 6 000 0 7 0000 
12-JUL-2015 06 48094 3 2 4 60 6 22 03 10 320 20 280 3 0000 4 0047 5 0000 6 000 0 7 00 0 0 8 4 9 7 0 333 10 /// 59 019 6 000 0 7 0000 
12-JUL-2015 06 48095 3 2 5 58 4 22 03 10 330 20 275 3 0000 4 0000 5 0000 6 000 0 7 01 2 2 8 2 2 0 2 333 10 /// 58 000 6 000 0 7 0000 
12-JUL-2015 06 48097 3 2 5 57 6 32 02 10 325 20 262 3 0000 4 0054 5 0000 6 000 0 7 00 0 0 8 5 3 1 0 333 10 /// 59 014 6 000 0 7 0000 
12-JUL-2015 06 48099 3 2 5 57 6 23 01 10 303 20 253 3 0000 4 0043 5 0000 6 000 0 7 00 0 0 8 4 9 3 0 333 10 /// 59 022 6 000 0 7 0000 
12-JUL-2015 06 48101 3 2 6 60 4 27 02 10 320 20 265 3 0000 4 0000 5 0000 6 000 0 7 01 2 2 8 1 1 3 5 333 10 /// 58 000 6 000 0 7 0000 
12-JUL-2015 06 48103 2 1 4 58 7 22 01 10 302 20 266 3 0000 4 0043 5 0000 6 000 0 7 02 5 5 8 5 7 7 0 333 10 /// 59 022 6 000 0 7 0000 
12-JUL-2015 06 48107 2 1 3 50 8 23 01 10 280 20 280 3 0000 4 0056 5 0000 6 000 0 7 01 6 6 8 5 9 7 / 333 10 /// 59 009 6 000 0 7 0000 
12-JUL-2015 06 48108 3 2 5 96 7 32 02 10 310 20 261 3 0000 4 0065 5 0000 6 000 0 7 00 0 0 8 0 0 0 0 333 10 /// 58 000 6 000 0 7 0000 
12-JUL-2015 06 48110 2 1 5 96 7 23 04 10 310 20 274 3 0000 4 0066 5 0000 6 000 0 7 02 6 5 8 3 3 0 6 333 10 /// 59 014 6 000 0 7 0000 
12-JUL-2015 06 48112 2 1 5 97 8 22 02 10 293 20 274 3 0000 4 0078 5 0000 6 000 0 7 01 5 2 8 3 8 7 6 333 10 /// 59 022 6 000 0 7 0000 
