12-MAY-2015 03 48001 2 2 4 50 7 00 00 10 270 20 211 3 0000 4 0086 5 0000 6 000 0 7 00 0 0 8 4 8 6 0 333 10 /// 58 000 6 000 0 7 0000 
12-MAY-2015 03 48004 3 2 4 58 6 32 01 10 281 20 233 3 0000 4 0000 5 0000 6 000 0 7 00 0 0 8 6 9 0 0 333 10 /// 58 000 6 000 0 7 0000 
12-MAY-2015 03 48008 3 2 5 56 6 04 01 10 273 20 226 3 0000 4 0070 5 0000 6 000 0 7 00 0 0 8 4 9 7 0 333 10 /// 59 011 6 000 0 7 0000 
12-MAY-2015 03 48010 3 2 5 50 7 00 00 10 280 20 250 3 0000 4 0078 5 0000 6 000 0 7 00 0 0 8 7 8 0 0 333 10 /// 59 016 6 000 0 7 0000 
12-MAY-2015 03 48018 2 2 5 57 4 32 02 10 303 20 239 3 0000 4 0071 5 0000 6 000 0 7 00 0 0 8 2 8 1 1 333 10 /// 58 000 6 000 0 7 0000 
12-MAY-2015 03 48019 3 2 4 57 3 32 01 10 298 20 239 3 0000 4 0070 5 0000 6 000 0 7 00 0 0 8 0 0 0 2 333 10 /// 59 012 6 000 0 7 0000 
12-MAY-2015 03 48020 3 2 3 58 2 36 02 10 330 20 244 3 0000 4 0000 5 0000 6 000 0 7 00 0 0 8 2 2 0 0 333 10 /// 58 000 6 000 0 7 0000 
12-MAY-2015 03 48025 3 1 4 20 5 36 01 10 329 20 126 3 0000 4 0074 5 0000 6 000 0 7 04 4 4 8 4 8 4 0 333 10 /// 59 014 6 000 0 7 0000 
12-MAY-2015 03 48030 3 2 3 57 3 22 01 10 198 20 109 3 0000 4 0000 5 0000 6 000 0 7 00 0 0 8 2 8 4 0 333 10 /// 58 000 6 000 0 7 0000 
12-MAY-2015 03 48031 2 1 2 60 2 04 01 10 215 20 156 3 0000 4 0000 5 0000 6 000 0 7 05 4 4 8 0 0 0 2 333 10 /// 58 000 6 000 0 7 0000 
12-MAY-2015 03 48033 3 2 5 63 6 00 00 10 310 20 254 3 0000 4 0078 5 0000 6 000 0 7 00 0 0 8 4 8 0 6 333 10 /// 59 007 6 000 0 7 0000 
12-MAY-2015 03 48034 2 2 4 56 3 00 00 10 242 20 191 3 0000 4 0000 5 0000 6 000 0 7 00 0 0 8 3 8 0 0 333 10 /// 58 000 6 000 0 7 0000 
12-MAY-2015 03 48035 3 1 9 57 1 00 00 10 370 20 191 3 0000 4 0088 5 0000 6 000 0 7 05 2 2 8 0 0 0 1 333 10 /// 58 016 6 000 0 7 0000 
12-MAY-2015 03 48037 3 2 9 57 0 00 00 10 308 20 237 3 0000 4 0070 5 0000 6 000 0 7 00 0 0 8 0 0 0 0 333 10 /// 59 014 6 000 0 7 0000 
12-MAY-2015 03 48039 3 2 9 59 3 00 00 10 322 20 236 3 0000 4 0000 5 0000 6 000 0 7 00 0 0 8 0 0 0 2 333 10 /// 58 000 6 000 0 7 0000 
12-MAY-2015 03 48042 3 2 9 57 1 18 03 10 340 20 225 3 0000 4 0077 5 0000 6 000 0 7 00 0 0 8 0 0 0 2 333 10 /// 58 002 6 000 0 7 0000 
12-MAY-2015 03 48043 3 2 0 57 0 18 05 10 275 20 184 3 0000 4 0000 5 0000 6 000 0 7 00 0 0 8 0 0 0 0 333 10 /// 58 000 6 000 0 7 0000 
12-MAY-2015 03 48045 2 1 5 57 1 14 01 10 251 20 150 3 0000 4 0000 5 0000 6 000 0 7 04 4 4 8 0 0 0 1 333 10 /// 58 000 6 000 0 7 0000 
12-MAY-2015 03 48048 3 2 5 60 2 18 01 10 350 20 219 3 0000 4 0072 5 0000 6 000 0 7 00 0 0 8 2 8 0 0 333 10 /// 59 020 6 000 0 7 0000 
12-MAY-2015 03 48051 3 2 9 59 0 36 02 10 310 20 230 3 0000 4 0000 5 0000 6 000 0 7 00 0 0 8 0 0 0 0 333 10 /// 58 000 6 000 0 7 0000 
12-MAY-2015 03 48052 3 2 9 58 0 22 01 10 354 20 240 3 0000 4 0000 5 0000 6 000 0 7 00 0 0 8 0 0 0 0 333 10 /// 58 000 6 000 0 7 0000 
12-MAY-2015 03 48053 3 2 9 56 0 22 02 10 330 20 258 3 0000 4 0077 5 0000 6 000 0 7 00 0 0 8 0 0 0 0 333 10 /// 59 011 6 000 0 7 0000 
12-MAY-2015 03 48055 2 2 5 56 2 14 06 10 283 20 203 3 0000 4 0086 5 0000 6 000 0 7 00 0 0 8 2 8 0 0 333 10 /// 58 017 6 000 0 7 0000 
12-MAY-2015 03 48057 2 2 4 58 3 22 02 10 250 20 186 3 0000 4 0000 5 0000 6 000 0 7 00 0 0 8 3 3 0 0 333 10 /// 58 000 6 000 0 7 0000 
12-MAY-2015 03 48060 3 1 4 40 4 00 00 10 290 20 215 3 0000 4 0084 5 0000 6 000 0 7 40 4 4 8 3 8 3 0 333 10 /// 58 010 6 000 0 7 0000 
12-MAY-2015 03 48062 3 2 5 57 4 04 03 10 310 20 280 3 0000 4 0097 5 0000 6 000 0 7 00 0 0 8 3 9 3 0 333 10 /// 58 002 6 000 0 7 0000 
12-MAY-2015 03 48064 3 2 9 60 0 27 01 10 355 20 249 3 0000 4 0072 5 0000 6 000 0 7 00 0 0 8 0 0 0 0 333 10 /// 58 000 6 000 0 7 0000 
12-MAY-2015 03 48065 3 2 9 70 0 32 02 10 363 20 249 3 0000 4 0000 5 0000 6 000 0 7 00 0 0 8 0 0 0 0 333 10 /// 58 000 6 000 0 7 0000 
12-MAY-2015 03 48071 3 2 4 58 4 32 02 10 330 20 275 3 0000 4 0093 5 0000 6 000 0 7 00 0 0 8 4 9 0 0 333 10 /// 59 006 6 000 0 7 0000 
12-MAY-2015 03 48072 3 2 4 60 4 32 04 10 330 20 258 3 0000 4 0000 5 0000 6 000 0 7 00 0 0 8 3 8 3 0 333 10 /// 58 000 6 000 0 7 0000 
12-MAY-2015 03 48074 3 2 5 59 0 14 03 10 320 20 248 3 0000 4 0094 5 0000 6 000 0 7 00 0 0 8 0 0 0 0 333 10 /// 59 009 6 000 0 7 0000 
12-MAY-2015 03 48075 3 2 4 57 2 00 00 10 300 20 240 3 0000 4 0095 5 0000 6 000 0 7 00 0 0 8 2 1 0 0 333 10 /// 58 005 6 000 0 7 0000 
12-MAY-2015 03 48077 3 2 9 59 0 23 01 10 320 20 236 3 0000 4 0080 5 0000 6 000 0 7 00 0 0 8 0 0 0 0 333 10 /// 59 003 6 000 0 7 0000 
12-MAY-2015 03 48080 3 2 4 60 6 32 03 10 321 20 281 3 0000 4 0118 5 0000 6 000 0 7 00 0 0 8 4 8 7 0 333 10 /// 58 010 6 000 0 7 0000 
12-MAY-2015 03 48085 3 2 4 56 3 32 03 10 328 20 258 3 0000 4 0096 5 0000 6 000 0 7 00 0 0 8 3 8 0 0 333 10 /// 58 002 6 000 0 7 0000 
12-MAY-2015 03 48087 3 2 9 60 0 14 02 10 338 20 257 3 0000 4 0000 5 0000 6 000 0 7 00 0 0 8 0 0 0 0 333 10 /// 58 000 6 000 0 7 0000 
12-MAY-2015 03 48092 3 2 9 58 0 00 00 10 320 20 248 3 0000 4 0081 5 0000 6 000 0 7 00 0 0 8 0 0 0 0 333 10 /// 58 006 6 000 0 7 0000 
12-MAY-2015 03 48093 3 2 9 58 0 27 01 10 332 20 258 3 0000 4 0000 5 0000 6 000 0 7 00 0 0 8 0 0 0 0 333 10 /// 58 000 6 000 0 7 0000 
12-MAY-2015 03 48094 3 2 4 59 3 32 02 10 330 20 260 3 0000 4 0097 5 0000 6 000 0 7 00 0 0 8 3 9 0 0 333 10 /// 59 004 6 000 0 7 0000 
12-MAY-2015 03 48097 3 2 5 57 2 23 01 10 330 20 244 3 0000 4 0098 5 0000 6 000 0 7 00 0 0 8 2 8 0 0 333 10 /// 59 006 6 000 0 7 0000 
12-MAY-2015 03 48099 3 2 4 56 5 23 01 10 335 20 270 3 0000 4 0099 5 0000 6 000 0 7 00 0 0 8 5 9 0 0 333 10 /// 59 006 6 000 0 7 0000 
12-MAY-2015 03 48101 3 2 9 59 0 32 02 10 320 20 265 3 0000 4 0000 5 0000 6 000 0 7 00 0 0 8 0 0 0 0 333 10 /// 58 000 6 000 0 7 0000 
12-MAY-2015 03 48103 3 2 4 57 4 14 01 10 332 20 258 3 0000 4 0105 5 0000 6 000 0 7 00 0 0 8 4 8 0 0 333 10 /// 58 005 6 000 0 7 0000 
12-MAY-2015 03 48107 3 2 3 50 3 09 01 10 312 20 254 3 0000 4 0101 5 0000 6 000 0 7 00 0 0 8 3 9 0 0 333 10 /// 59 000 6 000 0 7 0000 
12-MAY-2015 03 48108 2 2 5 96 7 05 03 10 320 20 273 3 0000 4 0106 5 0000 6 000 0 7 00 0 0 8 3 3 6 6 333 10 /// 59 004 6 000 0 7 0000 
12-MAY-2015 03 48110 3 1 5 96 4 32 01 10 325 20 253 3 0000 4 0111 5 0000 6 000 0 7 05 2 2 8 2 3 0 6 333 10 /// 58 000 6 000 0 7 0000 
12-MAY-2015 03 48112 3 2 5 98 6 04 02 10 330 20 275 3 0000 4 0113 5 0000 6 000 0 7 00 0 0 8 2 2 1 6 333 10 /// 58 003 6 000 0 7 0000 
