12-MAY-2015 09 48004 3 1 4 58 6 04 02 10 268 20 226 3 0000 4 0000 5 0000 6 000 0 7 01 6 5 8 6 9 0 0 333 10 /// 58 000 6 000 0 7 0000 
12-MAY-2015 09 48008 3 2 5 56 6 14 01 10 348 20 219 3 0000 4 0028 5 0000 6 000 0 7 17 2 2 8 3 9 7 0 333 10 /// 59 024 6 000 0 7 0000 
12-MAY-2015 09 48010 3 2 5 60 7 18 01 10 355 20 249 3 0000 4 0038 5 0000 6 000 0 7 00 0 0 8 4 7 7 0 333 10 /// 59 004 6 000 0 7 0000 
12-MAY-2015 09 48018 2 1 5 59 6 32 02 10 285 20 248 3 0000 4 0029 5 0000 6 000 0 7 96 9 7 8 4 9 7 0 333 10 /// 59 012 6 000 0 7 0000 
12-MAY-2015 09 48019 3 2 4 58 4 23 01 10 356 20 278 3 0000 4 0033 5 0000 6 000 0 7 00 0 0 8 1 2 2 0 333 10 /// 59 021 6 000 0 7 0000 
12-MAY-2015 09 48020 3 2 3 58 8 36 02 10 370 20 246 3 0000 4 0000 5 0000 6 000 0 7 00 0 0 8 8 8 0 0 333 10 /// 58 000 6 000 0 7 0000 
12-MAY-2015 09 48025 3 1 4 30 8 18 02 10 380 20 203 3 0000 4 0034 5 0000 6 000 0 7 04 4 4 8 5 8 7 0 333 10 /// 59 020 6 000 0 7 0000 
12-MAY-2015 09 48030 3 2 2 56 7 22 04 10 210 20 120 3 0000 4 0000 5 0000 6 000 0 7 00 0 0 8 6 9 4 0 333 10 /// 58 000 6 000 0 7 0000 
12-MAY-2015 09 48031 3 1 2 60 4 14 01 10 230 20 124 3 0000 4 0000 5 0000 6 000 0 7 03 4 4 8 4 8 0 0 333 10 /// 58 000 6 000 0 7 0000 
12-MAY-2015 09 48033 3 2 5 63 3 18 01 10 390 20 233 3 0000 4 0021 5 0000 6 000 0 7 00 0 0 8 2 5 0 1 333 10 /// 59 031 6 000 0 7 0000 
12-MAY-2015 09 48034 3 2 4 57 3 23 02 10 310 20 189 3 0000 4 0000 5 0000 6 000 0 7 00 0 0 8 3 8 0 0 333 10 /// 58 000 6 000 0 7 0000 
12-MAY-2015 09 48035 3 1 5 56 7 22 05 10 288 20 179 3 0000 4 0033 5 0000 6 000 0 7 17 9 9 8 5 9 7 0 333 10 /// 59 015 6 000 0 7 0000 
12-MAY-2015 09 48037 3 2 5 60 3 18 01 10 401 20 230 3 0000 4 0017 5 0000 6 000 0 7 00 0 0 8 2 8 1 0 333 10 /// 59 035 6 000 0 7 0000 
12-MAY-2015 09 48039 3 2 4 60 6 14 01 10 400 20 214 3 0000 4 0000 5 0000 6 000 0 7 00 0 0 8 4 9 6 0 333 10 /// 58 000 6 000 0 7 0000 
12-MAY-2015 09 48042 3 2 5 58 4 36 01 10 410 20 230 3 0000 4 0022 5 0000 6 000 0 7 00 0 0 8 4 9 0 0 333 10 /// 59 015 6 000 0 7 0000 
12-MAY-2015 09 48043 3 2 7 58 1 32 07 10 315 20 184 3 0000 4 0000 5 0000 6 000 0 7 00 0 0 8 1 2 0 0 333 10 /// 58 000 6 000 0 7 0000 
12-MAY-2015 09 48045 3 1 5 56 7 14 04 10 278 20 146 3 0000 4 0000 5 0000 6 000 0 7 04 4 4 8 7 3 0 0 333 10 /// 58 000 6 000 0 7 0000 
12-MAY-2015 09 48048 3 2 5 60 5 22 01 10 425 20 226 3 0000 4 0015 5 0000 6 000 0 7 00 0 0 8 5 9 0 0 333 10 /// 59 028 6 000 0 7 0000 
12-MAY-2015 09 48051 2 1 4 58 6 31 02 10 253 20 250 3 0000 4 0000 5 0000 6 000 0 7 96 9 6 8 6 9 2 0 333 10 /// 58 000 6 000 0 7 0000 
12-MAY-2015 09 48052 3 2 4 68 2 27 02 10 430 20 194 3 0000 4 0000 5 0000 6 000 0 7 00 0 0 8 2 2 0 0 333 10 /// 58 000 6 000 0 7 0000 
12-MAY-2015 09 48053 3 2 4 56 5 18 02 10 400 20 269 3 0000 4 0020 5 0000 6 000 0 7 00 0 0 8 4 9 5 0 333 10 /// 59 008 6 000 0 7 0000 
12-MAY-2015 09 48055 2 1 5 56 6 14 04 10 312 20 203 3 0000 4 0028 5 0000 6 000 0 7 03 9 6 8 6 9 0 0 333 10 /// 58 025 6 000 0 7 0000 
12-MAY-2015 09 48057 3 2 4 58 6 27 02 10 266 20 172 3 0000 4 0000 5 0000 6 000 0 7 00 0 0 8 5 3 3 0 333 10 /// 58 000 6 000 0 7 0000 
12-MAY-2015 09 48060 3 1 4 40 6 14 02 10 330 20 191 3 0000 4 0014 5 0000 6 000 0 7 05 4 4 8 4 9 3 0 333 10 /// 58 007 6 000 0 7 0000 
12-MAY-2015 09 48062 3 2 5 58 3 27 10 10 340 20 300 3 0000 4 0074 5 0000 6 000 0 7 00 0 0 8 3 8 0 0 333 10 /// 59 003 6 000 0 7 0000 
12-MAY-2015 09 48064 3 2 5 70 5 09 01 10 427 20 264 3 0000 4 0001 5 0000 6 000 0 7 00 0 0 8 4 8 0 1 333 10 /// 59 015 6 000 0 7 0000 
12-MAY-2015 09 48065 3 2 5 70 6 14 02 10 420 20 226 3 0000 4 0000 5 0000 6 000 0 7 00 0 0 8 4 9 3 0 333 10 /// 58 000 6 000 0 7 0000 
12-MAY-2015 09 48071 3 2 9 60 0 32 03 10 350 20 266 3 0000 4 0071 5 0000 6 000 0 7 00 0 0 8 0 0 0 0 333 10 /// 59 005 6 000 0 7 0000 
12-MAY-2015 09 48072 3 2 9 60 0 27 06 10 360 20 278 3 0000 4 0000 5 0000 6 000 0 7 00 0 0 8 0 0 0 0 333 10 /// 58 000 6 000 0 7 0000 
12-MAY-2015 09 48074 3 2 5 61 3 36 03 10 400 20 246 3 0000 4 0034 5 0000 6 000 0 7 00 0 0 8 3 1 0 0 333 10 /// 59 010 6 000 0 7 0000 
12-MAY-2015 09 48075 3 2 5 57 5 14 01 10 330 20 230 3 0000 4 0045 5 0000 6 000 0 7 00 0 0 8 5 3 0 0 333 10 /// 58 020 6 000 0 7 0000 
12-MAY-2015 09 48077 3 2 5 59 4 23 02 10 398 20 230 3 0000 4 0030 5 0000 6 000 0 7 00 0 0 8 4 9 0 0 333 10 /// 59 010 6 000 0 7 0000 
12-MAY-2015 09 48078 3 2 5 58 4 09 01 10 408 20 285 3 0000 4 0042 5 0000 6 000 0 7 00 0 0 8 3 8 0 1 333 10 /// 59 007 6 000 0 7 0000 
12-MAY-2015 09 48080 3 2 9 60 0 22 07 10 363 20 264 3 0000 4 0050 5 0000 6 000 0 7 00 0 0 8 0 0 0 0 333 10 /// 59 012 6 000 0 7 0000 
12-MAY-2015 09 48085 3 2 4 58 3 32 03 10 344 20 308 3 0000 4 0060 5 0000 6 000 0 7 00 0 0 8 3 3 0 0 333 10 /// 59 009 6 000 0 7 0000 
12-MAY-2015 09 48087 3 2 9 60 0 23 01 10 400 20 230 3 0000 4 0000 5 0000 6 000 0 7 00 0 0 8 0 0 0 0 333 10 /// 58 000 6 000 0 7 0000 
12-MAY-2015 09 48092 3 2 4 59 1 23 03 10 395 20 187 3 0000 4 0027 5 0000 6 000 0 7 00 0 0 8 1 1 0 0 333 10 /// 59 008 6 000 0 7 0000 
12-MAY-2015 09 48093 3 2 6 58 5 18 01 10 392 20 233 3 0000 4 0000 5 0000 6 000 0 7 00 0 0 8 5 8 0 0 333 10 /// 58 000 6 000 0 7 0000 
12-MAY-2015 09 48094 3 2 4 60 1 32 01 10 395 20 260 3 0000 4 0046 5 0000 6 000 0 7 00 0 0 8 1 1 0 0 333 10 /// 59 018 6 000 0 7 0000 
12-MAY-2015 09 48095 3 2 5 60 1 27 02 10 395 20 233 3 0000 4 0000 5 0000 6 000 0 7 00 0 0 8 1 2 0 0 333 10 /// 58 000 6 000 0 7 0000 
12-MAY-2015 09 48097 3 2 5 57 4 13 02 10 380 20 255 3 0000 4 0064 5 0000 6 000 0 7 00 0 0 8 4 8 0 0 333 10 /// 59 004 6 000 0 7 0000 
12-MAY-2015 09 48099 3 2 4 58 4 23 04 10 387 20 253 3 0000 4 0050 5 0000 6 000 0 7 00 0 0 8 4 9 0 0 333 10 /// 59 003 6 000 0 7 0000 
12-MAY-2015 09 48101 3 2 5 60 3 18 02 10 350 20 266 3 0000 4 0000 5 0000 6 000 0 7 00 0 0 8 3 3 0 0 333 10 /// 58 000 6 000 0 7 0000 
12-MAY-2015 09 48103 3 2 4 57 2 22 01 10 378 20 240 3 0000 4 0055 5 0000 6 000 0 7 00 0 0 8 2 8 0 0 333 10 /// 59 002 6 000 0 7 0000 
12-MAY-2015 09 48107 3 2 3 50 4 27 02 10 360 20 249 3 0000 4 0062 5 0000 6 000 0 7 00 0 0 8 4 9 0 0 333 10 /// 59 002 6 000 0 7 0000 
12-MAY-2015 09 48108 3 2 5 96 6 32 05 10 360 20 271 3 0000 4 0064 5 0000 6 000 0 7 00 0 0 8 3 3 6 6 333 10 /// 59 005 6 000 0 7 0000 
12-MAY-2015 09 48109 3 2 4 97 5 23 01 10 353 20 280 3 0000 4 0086 5 0000 6 000 0 7 00 0 0 8 5 9 0 0 333 10 /// 58 003 6 000 0 7 0000 
12-MAY-2015 09 48110 3 2 5 96 5 32 02 10 365 20 253 3 0000 4 0082 5 0000 6 000 0 7 00 0 0 8 2 3 0 6 333 10 /// 58 008 6 000 0 7 0000 
12-MAY-2015 09 48112 3 2 5 97 8 22 03 10 355 20 287 3 0000 4 0078 5 0000 6 000 0 7 00 0 0 8 3 8 7 6 333 10 /// 58 001 6 000 0 7 0000 
