120300 48001 31920 93601 10166 20135 40163 70144 89//0 333 56990 58002=
120300 48008 31057 00401 10220 20156 40151 70144 333 59002=
120300 48010 31030 00000 10185 20165 40156 74044 333 59006=
120300 48018 31958 03201 10220 20173 40158 71044 333 59001=
120300 48019 32960 00901 10220 20156 40145 333 58001=
120300 48020 31950 03602 10200 20130 70500 333=
120300 48025 31410 12702 10180 20129 40139 70544 81500 333 56900 59009=
120300 48030 31956 02203 10090 29035 70544 333=
120300 48031 31960 03601 10220 29016 70500 333=
120300 48033 32962 03601 10230 20163 40132 333 59012=
120300 48034 31956 00000 10172 20074 70500 333=
120300 48035 31920 00000 10181 20108 40160 70444 333 58008=
120300 48037 31930 03601 10226 20097 40146 70400 333 58001=
120300 48039 31940 20000 10243 20174 70511 80002 333 56009=
120300 48042 31950 01801 10260 20160 40135 70500 333 58003=
120300 48043 32058 00000 10215 20136 333=
120300 48045 32957 01402 10212 20051 333=
120300 48048 32958 00401 10265 20119 40144 333 59001=
120300 48051 32958 03601 10244 20100 70200 333=
120300 48052 32958 03202 10242 20236 333=
120300 48053 31940 01801 10270 20191 40141 70500 333 59008=
120300 48055 31950 02301 10205 20101 40160 70500 333 58009=
120300 48057 32958 01501 10250 20105 333=
120300 48060 31910 00000 10210 20120 40172 71011 333 59004=
120300 48062 32556 20401 10242 20170 40157 82500 333 56900 58007=
120300 48064 32960 01401 10226 20163 40123 333 59004=
120300 48065 32968 00000 10258 20119 333=
120300 48071 31958 00000 10250 20205 40149 71040 333 59004=
120300 48072 31959 00402 10260 20215 70222 333 56000=
120300 48074 32958 01802 10270 20172 40146 333 59013=
120300 48075 31957 02201 10230 20150 40174 70511 333 58030=
120300 48077 32959 00000 10260 20179 40138 333 58012=
120300 48078 32956 11801 10267 20175 40145 80001 333 56009 58024=
120300 48080 31959 00402 10232 20198 40147 70244 333 59006=
120300 48085 31458 70401 10256 20233 40147 70342 86870 333 56990 58005=
120300 48087 32450 40000 10244 20209 84500 333 56900=
120300 48092 31950 01302 10265 20207 40139 70500 333 58006=
120300 48093 32957 02301 10277 20220 333=
120300 48094 32959 03202 10285 20250 40144 333 59001=
120300 48095 32958 02201 10280 20233 333=
120300 48097 31557 31301 10280 20203 40155 70511 83500 333 56900 59009=
120300 48099 31330 40402 10270 20240 40152 74044 84800 333 56100 59000=
120300 48101 32958 02702 10265 20229 333=
120300 48103 31540 42201 10296 20253 40151 70322 84500 333 56500 59006=
120300 48107 31950 20901 10283 20220 40144 70144 80006 333 56009 58003=
120300 48108 32996 40501 10285 20225 40164 80006 333 56009 58012=
120300 48109 32997 00401 10285 20218 40160 333 56000 58001=
120300 48110 31596 31304 10300 20231 40163 70511 81305 333 56909 58009=
120300 48112 32598 60401 10293 20230 40158 82216 333 56199 58010=  
