48001 NIL=
48004 31556 20000 10285 20179 70511 82800 333 10334 56900=
48008 31550 41401 10313 20225 40081 70544 82430 333 10343 56330 59008=
48010 31940 00000 10300 20207 40084 70544 333 10350 59012=
48018 31956 00000 10315 20184 40077 71044 333 10355 59022=
48019 32950 00000 10306 20239 40081 333 10355 59017=
48020 31940 00000 10290 20196 70500 333 10360=
48025 31940 10000 10340 20145 40069 70544 81500 333 10365 56900 59022=
48030 31956 02202 10230 29013 70544 333 10267=
48031 31950 00401 10230 29018 70500 333 10280=
48033 32962 00000 10340 20225 40084 333 10375 59001=
48034 31956 00000 10240 20114 70500 333 10318=
48035 31940 00000 10273 20172 40074 70400 333 10322 59003=
48037 31940 00000 10350 20202 40069 70544 333 10390 59012=
48039 32459 30000 10319 20200 83400 333 10368 56900=
48042 32957 00000 10345 20213 40074 333 10373 59013=
48043 32930 00000 10260 20160 333 10312=
48045 31956 01403 10254 20105 70400 333 10298=
48048 32950 03601 10327 20191 40076 333 10385 59015=
48051 32959 03602 10317 20120 70200 80000 333 10384 56000=
48052 32958 00402 10370 20190 333 10405 60002=
48053 31950 00000 10340 20164 40076 70500 333 10395 59024=
48055 31556 10000 10282 20158 40064 70511 81500 333 10348 56500 59005=
48057 32956 01401 10250 20105 80000 333 10300 56000=
48060 32920 10000 10280 20098 40083 80002 333 10340 56009 59013=
48062 32956 02704 10290 20210 40101 70522 80000 333 10325 56000 59006=
48064 32950 01401 10325 20163 40056 333 10388 59019=
48065 32950 00000 10349 20143 333 10395=
48071 32956 03203 10290 20196 40110 333 10318 59005=
48072 32957 03202 10280 20203 70000 80000 333 10335 56000=
48074 32458 20000 10244 20206 40080 82800 333 10385 56900 59019=
48075 31956 02201 10290 20130 40097 70511 333 10350 59035=
48077 32956 00000 10350 20143 40078 333 10394 59002=
48078 32950 11801 10348 20162 40087 80001 333 10392 56009 59011=
48080 31957 02201 10300 20253 40111 70500 333 10350 58010=
48085 32956 03203 10282 20233 40105 333 10310 59010 60002=
48087 32950 02301 10322 20140 80000 333 10396 56000=
48092 31556 12302 10330 20275 40072 70500 81500 333 10390 56900 59017=
48093 32950 01401 10342 20164 333 10383 =
48094 32956 03202 10305 20230 40105 333 10385 59010=
48095 32956 02201 10330 20244 70000 80000 333 10380 56000=
48097 32556 22301 10330 20186 40114 82500 333 10385 56900 59007=
48099 32450 31305 10322 20200 40094 82801 333 10377 56909 59012=
48101 32956 01402 10292 20230 70000 80000 333 10363 56000=
48103 32540 22201 10296 20207 40106 82500 333 10373 56500 59007=
48107 32940 22301 10288 20196 40108 80006 333 10364 56009 59001=
48108 32596 63202 10310 20225 40116 84306 333 10365 56609 59003=
48109 32997 00000 10303 20253 40119 333 10330 59010=
48110 32596 83204 10310 20267 40107 81307 333 10350 56909 59006=
48112 32598 60402 10320 20215 40108 82216 333 10350 56199 59008=  