12-MAR-2015 12 48004 3 1 5 56 2 00 00 10 285 20 179 3 0000 4 0000 5 0000 6 000 0 7 05 1 1 8 2 8 0 0 333 10 334 58 000 6 000 0 7 0000 
12-MAR-2015 12 48008 3 1 5 50 4 14 01 10 313 20 225 3 0000 4 0081 5 0000 6 000 0 7 05 4 4 8 2 4 3 0 333 10 343 59 008 6 000 0 7 0000 
12-MAR-2015 12 48010 3 1 9 40 0 00 00 10 300 20 207 3 0000 4 0084 5 0000 6 000 0 7 05 4 4 8 0 0 0 0 333 10 350 59 012 6 000 0 7 0000 
12-MAR-2015 12 48018 3 1 9 56 0 00 00 10 315 20 184 3 0000 4 0077 5 0000 6 000 0 7 10 4 4 8 0 0 0 0 333 10 355 59 022 6 000 0 7 0000 
12-MAR-2015 12 48019 3 2 9 50 0 00 00 10 306 20 239 3 0000 4 0081 5 0000 6 000 0 7 00 0 0 8 0 0 0 0 333 10 355 59 017 6 000 0 7 0000 
12-MAR-2015 12 48020 3 1 9 40 0 00 00 10 290 20 196 3 0000 4 0000 5 0000 6 000 0 7 05 0 0 8 0 0 0 0 333 10 360 58 000 6 000 0 7 0000 
12-MAR-2015 12 48025 3 1 9 40 1 00 00 10 340 20 145 3 0000 4 0069 5 0000 6 000 0 7 05 4 4 8 1 5 0 0 333 10 365 59 022 6 000 0 7 0000 
12-MAR-2015 12 48030 3 1 9 56 0 22 02 10 230 20 000 3 0000 4 0000 5 0000 6 000 0 7 00 0 0 8 0 0 0 0 333 10 /// 58 000 6 000 0   333  
12-MAR-2015 12 48031 3 1 9 50 0 04 01 10 230 20 000 3 0000 4 0000 5 0000 6 000 0 7 00 0 0 8 0 0 0 0 333 10 /// 58 000 6 000 0   333  
12-MAR-2015 12 48033 3 2 9 62 0 00 00 10 340 20 225 3 0000 4 0084 5 0000 6 000 0 7 00 0 0 8 0 0 0 0 333 10 375 59 001 6 000 0 7 0000 
12-MAR-2015 12 48034 3 1 9 56 0 00 00 10 240 20 114 3 0000 4 0000 5 0000 6 000 0 7 05 0 0 8 0 0 0 0 333 10 318 58 000 6 000 0 7 0000 
12-MAR-2015 12 48035 3 1 9 40 0 00 00 10 273 20 172 3 0000 4 0074 5 0000 6 000 0 7 04 0 0 8 0 0 0 0 333 10 322 59 003 6 000 0 7 0000 
12-MAR-2015 12 48037 3 1 9 40 0 00 00 10 350 20 202 3 0000 4 0069 5 0000 6 000 0 7 05 4 4 8 0 0 0 0 333 10 390 59 012 6 000 0 7 0000 
12-MAR-2015 12 48039 3 2 4 59 3 00 00 10 319 20 200 3 0000 4 0000 5 0000 6 000 0 7 00 0 0 8 3 4 0 0 333 10 368 58 000 6 000 0 7 0000 
12-MAR-2015 12 48042 3 2 9 57 0 00 00 10 345 20 213 3 0000 4 0074 5 0000 6 000 0 7 00 0 0 8 0 0 0 0 333 10 373 59 013 6 000 0 7 0000 
12-MAR-2015 12 48043 3 2 9 30 0 00 00 10 260 20 160 3 0000 4 0000 5 0000 6 000 0 7 00 0 0 8 0 0 0 0 333 10 312 58 000 6 000 0 7 0000 
12-MAR-2015 12 48045 3 1 9 56 0 14 03 10 254 20 105 3 0000 4 0000 5 0000 6 000 0 7 04 0 0 8 0 0 0 0 333 10 298 58 000 6 000 0 7 0000 
12-MAR-2015 12 48048 3 2 9 50 0 36 01 10 327 20 191 3 0000 4 0076 5 0000 6 000 0 7 00 0 0 8 0 0 0 0 333 10 385 59 015 6 000 0 7 0000 
12-MAR-2015 12 48051 3 2 9 59 0 36 02 10 317 20 120 3 0000 4 0000 5 0000 6 000 0 7 02 0 0 8 0 0 0 0 333 10 384 58 000 6 000 0 7 0000 
12-MAR-2015 12 48053 3 1 9 50 0 00 00 10 340 20 164 3 0000 4 0076 5 0000 6 000 0 7 05 0 0 8 0 0 0 0 333 10 395 59 024 6 000 0 7 0000 
12-MAR-2015 12 48055 3 1 5 56 1 00 00 10 282 20 158 3 0000 4 0064 5 0000 6 000 0 7 05 1 1 8 1 5 0 0 333 10 348 59 005 6 000 0 7 0000 
12-MAR-2015 12 48057 3 2 9 56 0 14 01 10 250 20 105 3 0000 4 0000 5 0000 6 000 0 7 00 0 0 8 0 0 0 0 333 10 300 58 000 6 000 0 7 0000 
12-MAR-2015 12 48060 3 2 9 20 1 00 00 10 280 20 098 3 0000 4 0083 5 0000 6 000 0 7 00 0 0 8 0 0 0 2 333 10 340 59 013 6 000 0 7 0000 
12-MAR-2015 12 48062 3 2 9 56 0 27 04 10 290 20 210 3 0000 4 0101 5 0000 6 000 0 7 05 2 2 8 0 0 0 0 333 10 325 59 006 6 000 0 7 0000 
12-MAR-2015 12 48064 3 2 9 50 0 14 01 10 325 20 163 3 0000 4 0056 5 0000 6 000 0 7 00 0 0 8 0 0 0 0 333 10 388 59 019 6 000 0 7 0000 
12-MAR-2015 12 48065 3 2 9 50 0 00 00 10 349 20 143 3 0000 4 0000 5 0000 6 000 0 7 00 0 0 8 0 0 0 0 333 10 395 58 000 6 000 0 7 0000 
12-MAR-2015 12 48071 3 2 9 56 0 32 03 10 290 20 196 3 0000 4 0110 5 0000 6 000 0 7 00 0 0 8 0 0 0 0 333 10 318 59 005 6 000 0 7 0000 
12-MAR-2015 12 48072 3 2 9 57 0 32 02 10 280 20 203 3 0000 4 0000 5 0000 6 000 0 7 00 0 0 8 0 0 0 0 333 10 335 58 000 6 000 0 7 0000 
12-MAR-2015 12 48074 3 2 4 58 2 00 00 10 244 20 206 3 0000 4 0080 5 0000 6 000 0 7 00 0 0 8 2 8 0 0 333 10 385 59 019 6 000 0 7 0000 
12-MAR-2015 12 48075 3 1 9 56 0 22 01 10 290 20 130 3 0000 4 0097 5 0000 6 000 0 7 05 1 1 8 0 0 0 0 333 10 350 59 035 6 000 0 7 0000 
12-MAR-2015 12 48077 3 2 9 56 0 00 00 10 350 20 143 3 0000 4 0078 5 0000 6 000 0 7 00 0 0 8 0 0 0 0 333 10 394 59 002 6 000 0 7 0000 
12-MAR-2015 12 48078 3 2 9 50 1 18 01 10 348 20 162 3 0000 4 0087 5 0000 6 000 0 7 00 0 0 8 0 0 0 1 333 10 392 59 011 6 000 0 7 0000 
12-MAR-2015 12 48080 3 1 9 57 0 22 01 10 300 20 253 3 0000 4 0111 5 0000 6 000 0 7 05 0 0 8 0 0 0 0 333 10 350 58 010 6 000 0 7 0000 
12-MAR-2015 12 48085 3 2 9 56 0 32 03 10 282 20 233 3 0000 4 0105 5 0000 6 000 0 7 00 0 0 8 0 0 0 0 333 10 310 59 010 6 000 2 7 0000 
12-MAR-2015 12 48087 3 2 9 50 0 23 01 10 322 20 140 3 0000 4 0000 5 0000 6 000 0 7 00 0 0 8 0 0 0 0 333 10 396 58 000 6 000 0 7 0000 
12-MAR-2015 12 48092 3 1 5 56 1 23 02 10 330 20 275 3 0000 4 0072 5 0000 6 000 0 7 05 0 0 8 1 5 0 0 333 10 390 59 017 6 000 0 7 0000 
12-MAR-2015 12 48094 3 2 9 56 0 32 02 10 305 20 230 3 0000 4 0105 5 0000 6 000 0 7 00 0 0 8 0 0 0 0 333 10 385 59 010 6 000 0 7 0000 
12-MAR-2015 12 48095 3 2 9 56 0 22 01 10 330 20 244 3 0000 4 0000 5 0000 6 000 0 7 00 0 0 8 0 0 0 0 333 10 380 58 000 6 000 0 7 0000 
12-MAR-2015 12 48097 3 2 5 56 2 23 01 10 330 20 186 3 0000 4 0114 5 0000 6 000 0 7 00 0 0 8 2 5 0 0 333 10 385 59 007 6 000 0 7 0000 
12-MAR-2015 12 48099 3 2 4 50 3 13 05 10 322 20 200 3 0000 4 0094 5 0000 6 000 0 7 00 0 0 8 2 8 0 1 333 10 377 59 012 6 000 0 7 0000 
12-MAR-2015 12 48101 3 2 9 56 0 14 02 10 292 20 230 3 0000 4 0000 5 0000 6 000 0 7 00 0 0 8 0 0 0 0 333 10 363 58 000 6 000 0 7 0000 
12-MAR-2015 12 48103 3 2 5 40 2 22 01 10 296 20 207 3 0000 4 0106 5 0000 6 000 0 7 00 0 0 8 2 5 0 0 333 10 373 59 007 6 000 0 7 0000 
12-MAR-2015 12 48107 3 2 9 40 2 23 01 10 288 20 196 3 0000 4 0108 5 0000 6 000 0 7 00 0 0 8 0 0 0 6 333 10 364 59 001 6 000 0 7 0000 
12-MAR-2015 12 48108 3 2 5 96 6 32 02 10 310 20 225 3 0000 4 0116 5 0000 6 000 0 7 00 0 0 8 4 3 0 6 333 10 365 59 003 6 000 0 7 0000 
12-MAR-2015 12 48109 3 2 9 97 0 00 00 10 303 20 253 3 0000 4 0119 5 0000 6 000 0 7 00 0 0 8 0 0 0 0 333 10 330 59 010 6 000 0 7 0000 
12-MAR-2015 12 48110 3 2 5 96 8 32 04 10 310 20 267 3 0000 4 0107 5 0000 6 000 0 7 00 0 0 8 1 3 0 7 333 10 350 59 006 6 000 0 7 0000 
12-MAR-2015 12 48112 3 2 5 98 6 04 02 10 320 20 215 3 0000 4 0108 5 0000 6 000 0 7 00 0 0 8 2 2 1 6 333 10 350 59 008 6 000 0 7 0000 
