120600 48001 32440 61401 10255 20233 40133 82150 333 56110 59012=
120600 48004 32560 60401 10269 20240 86900 333 56500=
120600 48008 21456 80000 10237 20209 40157 75055 8497/ 333 56459 58022=
120600 48010 32456 70000 10285 20268 40148 85770 333 56330 58017=
120600 48018 32560 73201 10245 20209 40163 84870 333 56560 58027=
120600 48019 32457 80000 10238 20226 40149 85770 333 56560 58027=
120600 48020 32358 82703 10225 20210 85770 333 56890=
120600 48025 32230 83201 10215 20215 40166 8572/ 333 56779 58030=
120600 48035 21256 80000 10189 20159 40168 76066 8597/ 333 56219 58039=
120600 48037 21450 83601 10212 20210 40152 75155 888// 333 56599 58004=
120600 48042 21450 80000 10212 20212 40127 76322 8592/ 333 56999 58039=
120600 48045 31001 90406 10160 20160 74344 89/// 333 56999=
120600 48048 21458 80401 10230 20214 40147 76165 8697/ 333 5689/ 58031=
120600 48051 21458 83202 10266 20260 76066 86970 333 56490=
120600 48053 32456 83603 10240 20209 40139 85771 333 56599 58038=
120600 48062 21350 80902 10250 20250 40116 76566 86970 333 56990 58017=
120600 48075 21456 81401 10190 20175 40163 72052 8677/ 333 5659/ 58026=
120600 48077 21458 80000 10260 20246 40123 76066 85970 333 56490 58023=
120600 48078 21556 81801 10257 20247 40134 75055 8587/ 333 56499 58020=
120600 48080 21460 81302 10262 20246 40115 75065 86770 333 56590 58015=
120600 48085 21456 81403 10266 20256 40117 75065 86970 333 56490 58007=
120600 48095 21458 80000 10280 20268 75153 85970 333 56990=
120600 48108 32596 62303 10300 20253 40129 83356 333 56599 58002=
120600 48109 32497 62701 10302 20253 40122 84930 333 56990 58001=
120600 48110 32596 62702 10315 20263 40125 83956 333 56399 59008=
120600 48112 32598 60403 10320 20265 70122 82216 333 56199 59005=
120600 48030 21/05 90405 10140 20140 75154 89/// 333 56999=
120600 48072 21459 71304 10280 20250 70355 8597/ 333 5659/=
120600 48099 21456 73202 10290 20248 40123 75055 8597/ 333 5679/ 58010=
120600 48101 21558 70000 10268 20256 70165 85970 333 56590=
120600 48103 21456 60403 10280 20250 40124 75055 84730 333 56110 58009=
120600 48057 21456 81402 10170 20154 75055 86970 333 56490=
120600 48094 21485 81802 10250 20250 40124 70366 8597/ 333 56499 58017=
120600 48097 21557 81204 10270 20240 40135 75065 8437/ 333 5639/ 58018=
120600 48031 21/07 91401 10165 20165 74764 89/// 333 56999=
120600 48034 32456 80903 10182 20138 8637/ 333 5659/=
120600 48039 21450 80000 10225 20225 76355 889// 333 56599=
120600 48043 22540 80507 10170 20170 8687/ 333 56199=
120600 48052 22450 83601 10215 20215 85970 333 56990=
120600 48055 21148 80404 10167 20160 40178 75165 8692/ 333 5619/ 58020=
120600 48064 21458 81401 10230 20230 40120 76066 84720 333 56440 58037=
120600 48065 21450 80402 10232 20230 75365 8597/ 333 5699/=
120600 48074 21358 81401 10260 20246 40142 75055 8677/ 333 56499 58031=
120600 48092 21450 81405 10270 20240 40107 70255 8597/ 333 5699/ 58019=
120600 48093 21556 82301 10266 20240 70355 8637/ 333 56999=
120600 48107 32350 42302 10328 20275 40109 84900 333 56500 59007=
120600 48004 32560 60401 10269 20240 86900 333 56500=
120600 48008 21456 80000 10237 20209 40157 75055 8497/ 333 56459 58022=
120600 48010 32456 70000 10285 20268 40148 85770 333 56330 58017=
120600 48018 32560 73201 10245 20209 40163 84870 333 56560 58027=
120600 48019 32457 80000 10238 20226 40149 85770 333 56560 58027=
120600 48020 32358 82703 10225 20210 85770 333 56890=
120600 48025 32230 83201 10215 20215 40166 8572/ 333 56779 58030=
120600 48035 21256 80000 10189 20159 40168 76066 8597/ 333 56219 58039=
120600 48037 21450 83601 10212 20210 40152 75155 888// 333 56599 58004=
120600 48042 21450 80000 10212 20212 40127 76322 8592/ 333 56999 58039=
120600 48045 31001 90406 10160 20160 74344 89/// 333 56999=
120600 48048 21458 80401 10230 20214 40147 76165 8697/ 333 5689/ 58031=
120600 48051 21458 83202 10266 20260 76066 86970 333 56490=
120600 48053 32456 83603 10240 20209 40139 85771 333 56599 58038=
120600 48062 21350 80902 10250 20250 40116 76566 86970 333 56990 58017=
120600 48075 21456 81401 10190 20175 40163 72052 8677/ 333 5659/ 58026=
120600 48077 21458 80000 10260 20246 40123 76066 85970 333 56490 58023=
120600 48078 21556 81801 10257 20247 40134 75055 8587/ 333 56499 58020=
120600 48080 21460 81302 10262 20246 40115 75065 86770 333 56590 58015=
120600 48085 21456 81403 10266 20256 40117 75065 86970 333 56490 58007=
120600 48095 21458 80000 10280 20268 75153 85970 333 56990=
120600 48108 32596 62303 10300 20253 40129 83356 333 56599 58002=
120600 48109 32497 62701 10302 20253 40122 84930 333 56990 58001=
120600 48110 32596 62702 10315 20263 40125 83956 333 56399 59008=
120600 48112 32598 60403 10320 20265 70122 82216 333 56199 59005=
120600 48030 21/05 90405 10140 20140 75154 89/// 333 56999=
120600 48072 21459 71304 10280 20250 70355 8597/ 333 5659/=
120600 48099 21456 73202 10290 20248 40123 75055 8597/ 333 5679/ 58010=
120600 48101 21558 70000 10268 20256 70165 85970 333 56590=
120600 48103 21456 60403 10280 20250 40124 75055 84730 333 56110 58009=
120600 48057 21456 81402 10170 20154 75055 86970 333 56490=
120600 48094 21485 81802 10250 20250 40124 70366 8597/ 333 56499 58017=
120600 48097 21557 81204 10270 20240 40135 75065 8437/ 333 5639/ 58018=
120600 48031 21/07 91401 10165 20165 74764 89/// 333 56999=
120600 48034 32456 80903 10182 20138 8637/ 333 5659/=
120600 48039 21450 80000 10225 20225 76355 889// 333 56599=
120600 48043 22540 80507 10170 20170 8687/ 333 56199=
120600 48052 22450 83601 10215 20215 85970 333 56990=
120600 48055 21148 80404 10167 20160 40178 75165 8692/ 333 5619/ 58020=
120600 48064 21458 81401 10230 20230 40120 76066 84720 333 56440 58037=
120600 48065 21450 80402 10232 20230 75365 8597/ 333 5699/=
120600 48074 21358 81401 10260 20246 40142 75055 8677/ 333 56499 58031=
120600 48092 21450 81405 10270 20240 40107 70255 8597/ 333 5699/ 58019=
120600 48093 21556 82301 10266 20240 70355 8637/ 333 56999=
120600 48107 32350 42302 10328 20275 40109 84900 333 56500 59007=
