48001 NIL=
48004 32456 60000 10258 20246 86900 333 20226 56500=
48008 32456 60000 10260 20246 40081 83970 333 20245 56450 59013=
48010 32540 30000 10257 20246 40082 81440 333 20250 56550 59007=
48018 32556 50000 10258 20246 40076 83830 333 20250 56450 59015=
48019 32550 40000 10258 20246 40078 80059 333 20255 56059 59008=
48020 32340 70000 10252 20233 87600 333 20230 56900=
48025 31005 53201 10256 20246 40086 74044 84640 333 20250 56790 59007=
48035 32560 60000 10227 20214 40081 84920 333 20220 56190 59018=
48037 32556 30000 10270 20256 40074 82730 333 20268 56490 58027=
48042 32557 30000 10275 20245 40071 82802 333 20261 56409 59018=
48045 NIL=
48048 32550 50000 10267 20256 40072 84950 333 20260 56490 59019=
48051 32558 50402 10263 20260 82206 333 20260 56490=
48053 21450 81801 10250 20250 40086 71799 8597/ 333 20244 5659/ 59008 60092=
48060 31420 50000 10210 20203 40101 71011 85800 333 20200 56600 59040=
48062 21450 70902 10255 20250 40073 70196 85970 333 20230 56990 58001 60542=
48071 22456 60000 10268 20256 40068 85930 333 20255 56990 59005 60082=
48075 32456 40000 10215 20190 40099 81501 333 20210 56409 59020=
48077 21556 80000 10260 20246 40074 70262 85931 333 20240 56499 59011 60052=
48078 22556 50000 10262 20246 40084 82531 333 20249 56449 59006=
48080 32456 80401 10250 20233 40074 85870 333 20240 56390 59003=
48085 32458 62201 10246 20246 40070 84970 333 20245 56990 59006=
48095 NIL=
48108 NIL=
48109 21396 82307 10262 20246 40088 75366 8697/ 333 20202 5699/ 58015 60042=
48110 21493 81304 10240 20240 40108 75165 8632/ 333 20235 5669/ 58001 60452=
48112 21496 83607 10245 20245 40110 72152 8677/ 333 20190 5689/ 58006 60052=
48030 32/03 92201 10160 20160 333 20152=
48072 NIL=
48087 22450 70000 10260 20246 84971 333 20244 56499 60052=
48099 22450 51301 10250 20250 40077 83831 333 20240 56499 59004 60022=
48101 21550 80000 10260 20260 70265 8437/ 333 20217 5639/ 60022=
48103 22450 51402 10252 20233 40077 84730 333 20248 56330 59010 60042=
48057 32456 60000 10190 20190 84350 333 20176 56290=
48094 22456 60000 10250 20250 40071 84970 333 20196 56590 59007=
48097 21457 81301 10250 20250 40082 75566 8672/ 333 20235 5639/ 59016 60202=
48031 NIL=
48033 32960 00000 10270 20256 40096 333 20260 58002=
48034 21148 90000 10185 20180 74251 333 20178 60012=
48039 32456 20000 10270 20256 82500 333 20266 56400=
48043 NIL=
48052 32450 70000 10282 20268 85930 333 20276 56990=
48055 31448 50000 10195 20192 40105 74044 84530 333 20185 56330 59006=
48064 32450 70000 10275 20250 40072 84831 333 20230 56449 59010=
48065 32450 50000 10270 20256 82570 333 20240 56990=
48074 NIL=
48092 22450 80000 10260 20246 40057 8597/ 333 20245 5699/ 59008=
48093 21440 81401 10259 20256 75065 84841 333 20256 56499 60042=
48107 21330 80000 10240 20240 40087 70166 84970 333 20234 56550 59000 60022=
48096 21430 81802 10260 20246 40079 76166 8597/ 333 20240 5699/ 59011=  