12-SEP-2015 06 48004 3 2 5 62 4 04 01 10 335 20 257 3 0000 4 0000 5 0000 6 000 0 7 00 0 0 8 4 9 0 0 333 10 /// 58 000 6 000 0 7 0000 
12-SEP-2015 06 48008 3 2 4 58 5 00 00 10 320 20 265 3 0000 4 0082 5 0000 6 000 0 7 00 0 0 8 2 9 7 0 333 10 /// 59 010 6 000 0 7 0000 
12-SEP-2015 06 48010 3 2 5 60 3 18 01 10 310 20 267 3 0000 4 0086 5 0000 6 000 0 7 00 0 0 8 2 8 0 1 333 10 /// 59 015 6 000 0 7 0000 
12-SEP-2015 06 48018 3 2 5 60 3 23 01 10 330 20 275 3 0000 4 0088 5 0000 6 000 0 7 00 0 0 8 3 8 2 0 333 10 /// 59 012 6 000 0 7 0000 
12-SEP-2015 06 48019 3 2 4 60 3 04 02 10 338 20 257 3 0000 4 0072 5 0000 6 000 0 7 00 0 0 8 2 2 0 1 333 10 /// 59 025 6 000 0 7 0000 
12-SEP-2015 06 48020 3 2 3 58 3 04 02 10 340 20 288 3 0000 4 0000 5 0000 6 000 0 7 00 0 0 8 3 8 0 0 333 10 /// 58 000 6 000 0 7 0000 
12-SEP-2015 06 48025 3 2 4 58 4 36 01 10 330 20 258 3 0000 4 0089 5 0000 6 000 0 7 00 0 0 8 3 8 4 0 333 10 /// 59 014 6 000 0 7 0000 
12-SEP-2015 06 48030 3 2 3 56 5 04 02 10 221 20 173 3 0000 4 0000 5 0000 6 000 0 7 00 0 0 8 4 8 4 0 333 10 /// 58 000 6 000 0 7 0000 
12-SEP-2015 06 48031 3 2 2 60 3 22 01 10 255 20 203 3 0000 4 0000 5 0000 6 000 0 7 00 0 0 8 2 8 4 0 333 10 /// 58 000 6 000 0 7 0000 
12-SEP-2015 06 48033 3 2 5 63 3 00 00 10 340 20 270 3 0000 4 0084 5 0000 6 000 0 7 00 0 0 8 3 5 0 0 333 10 /// 59 013 6 000 0 7 0000 
12-SEP-2015 06 48034 3 2 4 56 4 04 02 10 280 20 226 3 0000 4 0000 5 0000 6 000 0 7 00 0 0 8 4 3 0 0 333 10 /// 58 000 6 000 0 7 0000 
12-SEP-2015 06 48035 3 2 5 60 6 04 01 10 317 20 237 3 0000 4 0050 5 0000 6 000 0 7 00 0 0 8 4 9 6 0 333 10 /// 59 027 6 000 0 7 0000 
12-SEP-2015 06 48037 3 2 5 62 4 36 01 10 330 20 258 3 0000 4 0076 5 0000 6 000 0 7 00 0 0 8 4 3 0 0 333 10 /// 58 021 6 000 0 7 0000 
12-SEP-2015 06 48039 3 2 4 60 5 00 00 10 330 20 258 3 0000 4 0000 5 0000 6 000 0 7 00 0 0 8 2 1 0 2 333 10 /// 58 000 6 000 0 7 0000 
12-SEP-2015 06 48042 3 2 5 59 5 32 02 10 348 20 240 3 0000 4 0070 5 0000 6 000 0 7 00 0 0 8 3 8 0 2 333 10 /// 59 007 6 000 0 7 0000 
12-SEP-2015 06 48043 2 2 5 56 6 05 04 10 270 20 240 3 0000 4 0000 5 0000 6 000 0 7 00 0 0 8 4 8 7 / 333 10 /// 58 000 6 000 0 7 0000 
12-SEP-2015 06 48045 3 2 4 56 6 04 02 10 240 20 191 3 0000 4 0000 5 0000 6 000 0 7 00 0 0 8 6 8 0 0 333 10 /// 58 000 6 000 0 7 0000 
12-SEP-2015 06 48048 3 2 5 60 4 32 01 10 320 20 265 3 0000 4 0084 5 0000 6 000 0 7 00 0 0 8 3 8 0 1 333 10 /// 59 020 6 000 0 7 0000 
12-SEP-2015 06 48051 3 2 5 60 4 31 03 10 320 20 270 3 0000 4 0000 5 0000 6 000 0 7 00 0 0 8 6 9 3 1 333 10 /// 58 000 6 000 0 7 0000 
12-SEP-2015 06 48052 2 2 4 68 3 00 00 10 282 20 280 3 0000 4 0000 5 0000 6 000 0 7 00 0 0 8 3 8 0 0 333 10 /// 58 000 6 000 0 7 0000 
12-SEP-2015 06 48053 3 2 4 56 5 36 01 10 330 20 258 3 0000 4 0082 5 0000 6 000 0 7 00 0 0 8 3 9 5 6 333 10 /// 59 014 6 000 0 7 0000 
12-SEP-2015 06 48055 3 2 4 57 5 04 04 10 290 20 229 3 0000 4 0067 5 0000 6 000 0 7 00 0 0 8 4 3 0 1 333 10 /// 59 030 6 000 0 7 0000 
12-SEP-2015 06 48057 3 2 4 56 6 14 02 10 263 20 203 3 0000 4 0000 5 0000 6 000 0 7 00 0 0 8 5 3 0 1 333 10 /// 58 000 6 000 0 7 0000 
12-SEP-2015 06 48060 3 2 3 40 6 00 00 10 282 20 227 3 0000 4 0071 5 0000 6 000 0 7 00 0 0 8 5 8 3 0 333 10 /// 59 003 6 000 0 7 0000 
12-SEP-2015 06 48062 3 2 4 58 5 13 02 10 320 20 260 3 0000 4 0078 5 0000 6 000 0 7 00 0 0 8 4 3 3 0 333 10 /// 59 005 6 000 0 7 0000 
12-SEP-2015 06 48064 3 2 4 60 2 04 01 10 335 20 288 3 0000 4 0067 5 0000 6 000 0 7 00 0 0 8 1 1 0 1 333 10 /// 59 024 6 000 0 7 0000 
12-SEP-2015 06 48065 3 2 5 57 4 22 01 10 328 20 258 3 0000 4 0000 5 0000 6 000 0 7 00 0 0 8 3 8 0 1 333 10 /// 58 000 6 000 0 7 0000 
12-SEP-2015 06 48071 3 2 4 60 4 27 02 10 320 20 268 3 0000 4 0080 5 0000 6 000 0 7 00 0 0 8 4 9 0 0 333 10 /// 59 003 6 000 0 7 0000 
12-SEP-2015 06 48072 3 2 4 60 1 04 02 10 320 20 265 3 0000 4 0000 5 0000 6 000 0 7 00 0 0 8 1 2 0 0 333 10 /// 58 000 6 000 0 7 0000 
12-SEP-2015 06 48074 3 2 4 61 5 14 02 10 310 20 267 3 0000 4 0080 5 0000 6 000 0 7 00 0 0 8 4 8 0 1 333 10 /// 59 024 6 000 0 7 0000 
12-SEP-2015 06 48075 3 2 4 57 6 14 01 10 290 20 215 3 0000 4 0080 5 0000 6 000 0 7 00 0 0 8 4 8 3 0 333 10 /// 59 025 6 000 0 7 0000 
12-SEP-2015 06 48077 3 2 5 59 8 23 02 10 310 20 267 3 0000 4 0084 5 0000 6 000 0 7 00 0 0 8 5 9 3 1 333 10 /// 59 008 6 000 0 7 0000 
12-SEP-2015 06 48078 3 2 5 59 5 23 02 10 322 20 273 3 0000 4 0083 5 0000 6 000 0 7 00 0 0 8 4 8 0 1 333 10 /// 59 012 6 000 0 7 0000 
12-SEP-2015 06 48080 3 2 4 59 6 04 05 10 320 20 281 3 0000 4 0076 5 0000 6 000 0 7 00 0 0 8 4 9 7 0 333 10 /// 59 005 6 000 0 7 0000 
12-SEP-2015 06 48085 2 1 4 58 7 14 02 10 302 20 253 3 0000 4 0077 5 0000 6 000 0 7 50 5 2 8 4 9 7 0 333 10 /// 59 007 6 000 0 7 0000 
12-SEP-2015 06 48087 2 1 5 58 6 14 02 10 300 20 266 3 0000 4 0000 5 0000 6 000 0 7 03 6 5 8 3 3 7 1 333 10 /// 58 000 6 000 0 7 0000 
12-SEP-2015 06 48092 3 2 4 57 7 09 05 10 310 20 254 3 0000 4 0067 5 0000 6 000 0 7 00 0 0 8 5 9 3 0 333 10 /// 59 009 6 000 0 7 0000 
12-SEP-2015 06 48093 3 2 6 58 4 23 01 10 308 20 254 3 0000 4 0000 5 0000 6 000 0 7 00 0 0 8 3 8 0 1 333 10 /// 58 000 6 000 0 7 0000 
12-SEP-2015 06 48094 2 1 4 59 8 13 01 10 275 20 260 3 0000 4 0084 5 0000 6 000 0 7 51 6 5 8 6 9 7 0 333 10 /// 58 000 6 000 0 7 0000 
12-SEP-2015 06 48095 2 1 4 58 8 00 00 10 300 20 266 3 0000 4 0000 5 0000 6 000 0 7 53 5 5 8 3 9 7 0 333 10 /// 58 000 6 000 0 7 0000 
12-SEP-2015 06 48097 2 1 5 57 8 13 04 10 255 20 250 3 0000 4 0097 5 0000 6 000 0 7 60 6 6 8 6 9 7 / 333 10 /// 59 002 6 000 0 7 0000 
12-SEP-2015 06 48099 3 2 5 57 4 13 03 10 310 20 254 3 0000 4 0083 5 0000 6 000 0 7 00 0 0 8 3 9 3 0 333 10 /// 59 008 6 000 0 7 0000 
12-SEP-2015 06 48101 2 1 5 57 8 14 01 10 272 20 256 3 0000 4 0000 5 0000 6 000 0 7 02 6 5 8 5 9 7 / 333 10 /// 58 000 6 000 0 7 0000 
12-SEP-2015 06 48103 3 2 4 57 6 22 02 10 308 20 267 3 0000 4 0081 5 0000 6 000 0 7 00 0 0 8 4 7 3 0 333 10 /// 59 011 6 000 0 7 0000 
12-SEP-2015 06 48107 2 1 3 30 8 18 02 10 260 20 260 3 0000 4 0100 5 0000 6 000 0 7 61 6 6 8 5 9 7 / 333 10 /// 58 003 6 000 0 7 0000 
12-SEP-2015 06 48108 2 1 4 94 8 23 01 10 260 20 253 3 0000 4 0122 5 0000 6 000 0 7 51 6 5 8 5 3 2 / 333 10 /// 58 010 6 000 0 7 0000 
12-SEP-2015 06 48109 3 2 4 97 7 23 02 10 280 20 250 3 0000 4 0098 5 0000 6 000 0 7 00 0 0 8 5 9 7 0 333 10 /// 58 011 6 000 0 7 0000 
12-SEP-2015 06 48110 2 1 4 95 8 32 02 10 270 20 256 3 0000 4 0118 5 0000 6 000 0 7 02 5 5 8 5 3 7 7 333 10 /// 58 003 6 000 0 7 0000 
12-SEP-2015 06 48112 3 2 5 97 8 27 02 10 280 20 250 3 0000 4 0120 5 0000 6 000 0 7 00 0 0 8 4 8 7 6 333 10 /// 58 000 6 000 0 7 0000 
