120600 48004 32562 40401 10335 20257 84900 333 56500=
120600 48008 32458 50000 10320 20265 40082 82970 333 56340 59010=
120600 48010 32560 31801 10310 20267 40086 82801 333 56505 59015=
120600 48018 32560 32301 10330 20275 40088 83820 333 56450 59012=
120600 48019 32460 30402 10338 20257 40072 82201 333 56706 59025=
120600 48020 32358 30402 10340 20288 83800 333 56800=
120600 48025 32458 43601 10330 20258 40089 83840 333 56560 59014=
120600 48030 32356 50402 10221 20173 84840 333 56180=
120600 48031 32260 32201 10255 20203 82840 333 56460=
120600 48033 32563 30000 10340 20270 40084 83500 333 56900 59013=
120600 48034 32456 40402 10280 20226 84300 333 56500=
120600 48035 32560 60401 10317 20237 40050 84960 333 56890 59027=
120600 48037 32562 43601 10330 20258 40076 84300 333 56400 58021=
120600 48039 32460 50000 10330 20258 82102 333 56404=
120600 48042 32559 53202 10348 20240 40070 83802 333 56709 59007=
120600 48043 22556 60504 10270 20240 8487/ 333 56399=
120600 48045 32456 60402 10240 20191 86800 333 56100=
120600 48048 32560 43201 10320 20265 40084 83801 333 56109 59020=
120600 48051 32560 43103 10320 20270 86931 333 56499=
120600 48052 22468 30000 10282 20280 83800 333 56900=
120600 48053 32456 53601 10330 20258 40082 83956 333 56599 59014=
120600 48055 32457 50404 10290 20229 40067 84301 333 56309 59030=
120600 48057 32456 61402 10263 20203 85301 333 56209=
120600 48060 32340 60000 10282 20227 40071 85830 333 56590 59003=
120600 48062 32458 51302 10320 20260 40078 84330 333 56340 59005=
120600 48064 32460 20401 10335 20288 40067 81101 333 56409 59024=
120600 48065 32557 42201 10328 20258 83801 333 56909=
120600 48071 32460 42702 10320 20268 40080 84900 333 56400 59003=
120600 48072 32460 10402 10320 20265 81200 333 56900=
120600 48074 32461 51402 10310 20267 40080 84801 333 56309 59024=
120600 48075 32457 61401 10290 20215 40080 84830 333 56390 59025=
120600 48077 32559 82302 10310 20267 40084 85931 333 56499 59008=
120600 48078 32559 52302 10322 20273 40083 84801 333 56109 59012=
120600 48080 32459 60405 10320 20281 40076 84970 333 56390 59005=
120600 48085 21458 71402 10302 20253 40077 75052 84970 333 56490 59007=
120600 48087 21558 61402 10300 20266 70365 83371 333 56399=
120600 48092 32457 70905 10310 20254 40067 85930 333 56990 59009=
120600 48093 32658 42301 10308 20254 83801 333 56509=
120600 48094 21459 81301 10275 20260 40084 75165 86970 333 56390 58000=
120600 48095 21458 80000 10300 20266 75355 83970 333 56990=
120600 48097 21557 81304 10255 20250 40097 76066 8697/ 333 5649/ 59002=
120600 48099 32557 41303 10310 20254 40083 83930 333 56390 59008=
120600 48101 21557 81401 10272 20256 70265 8597/ 333 5639/=
120600 48103 32457 62202 10308 20267 40081 84730 333 56550 59011=
120600 48107 21330 81802 10260 20260 40100 76166 8597/ 333 5644/ 58003=
120600 48108 21494 82301 10260 20253 40122 75165 8532/ 333 5669/ 58010=
120600 48109 32497 72302 10280 20250 40098 85970 333 56990 58011=
120600 48110 21495 83202 10270 20256 40118 70255 85377 333 56999 58003=
120600 48112 32597 82702 10280 20250 40120 84876 333 56699 58000=
