13-APR-2015 18 48008 3 1 5 10 7 00 00 10 266 20 191 3 0000 4 0094 5 0000 6 000 0 7 05 4 4 8 4 9 7 0 333 10 /// 59 043 6 000 0 7 0000 
13-APR-2015 18 48010 3 2 0 01 0 00 00 10 240 20 226 3 0000 4 0128 5 0000 6 000 0 7 00 0 0 8 0 0 0 0 333 10 /// 59 016 6 000 0 7 0000 
13-APR-2015 18 48018 2 2 5 30 6 00 00 10 225 20 205 3 0000 4 0127 5 0000 6 000 0 7 00 0 0 8 3 8 7 0 333 10 /// 58 004 6 000 0 7 0000 
13-APR-2015 18 48025 2 1 4 05 6 04 01 10 300 20 207 3 0000 4 0135 5 0000 6 000 0 7 50 5 5 8 3 8 7 0 333 10 /// 59 008 6 000 0 7 0000 
13-APR-2015 18 48042 3 2 5 50 1 00 00 10 293 20 196 3 0000 4 0100 5 0000 6 000 0 7 00 0 0 8 1 4 0 0 333 10 /// 58 000 6 000 0 7 0000 
13-APR-2015 18 48053 2 2 4 40 8 18 03 10 260 20 229 3 0000 4 0113 5 0000 6 000 0 7 00 0 0 8 5 9 5 / 333 10 /// 59 001 6 000 0 7 0000 
13-APR-2015 18 48057 2 2 4 39 6 15 01 10 172 20 135 3 0000 4 0000 5 0000 6 000 0 7 00 0 0 8 4 3 5 0 333 10 /// 58 000 6 000 0 7 0000 
13-APR-2015 18 48060 3 2 4 20 1 00 00 10 220 20 173 3 0000 4 0139 5 0000 6 000 0 7 00 0 0 8 1 1 0 0 333 10 /// 59 043 6 000 0 7 0000 
13-APR-2015 18 48062 3 2 3 30 0 00 00 10 282 20 220 3 0000 4 0122 5 0000 6 000 0 7 00 0 0 8 1 5 3 0 333 10 /// 59 016 6 000 0 7 0000 
13-APR-2015 18 48071 3 2 9 30 0 00 00 10 290 20 259 3 0000 4 0101 5 0000 6 000 0 7 00 0 0 8 0 0 0 0 333 10 /// 59 015 6 000 0 7 0000 
13-APR-2015 18 48078 3 2 9 50 4 14 01 10 263 20 193 3 0000 4 0130 5 0000 6 000 0 7 00 0 0 8 3 3 0 1 333 10 /// 59 008 6 000 0 7 0000 
13-APR-2015 18 48080 3 2 4 40 5 00 00 10 272 20 240 3 0000 4 0145 5 0000 6 000 0 7 00 0 0 8 3 8 7 0 333 10 /// 59 001 6 000 0 7 0000 
13-APR-2015 18 48094 3 2 4 56 6 00 00 10 275 20 235 3 0000 4 0112 5 0000 6 000 0 7 00 0 0 8 4 9 4 0 333 10 /// 59 009 6 000 0 7 0000 
13-APR-2015 18 48097 3 2 9 56 0 18 01 10 280 20 220 3 0000 4 0120 5 0000 6 000 0 7 00 0 0 8 0 0 0 0 333 10 /// 59 007 6 000 0 7 0000 
13-APR-2015 18 48099 3 2 3 30 0 00 00 10 280 20 220 3 0000 4 0122 5 0000 6 000 0 7 00 0 0 8 1 5 3 0 333 10 /// 59 016 6 000 0 7 0000 
13-APR-2015 18 48103 3 2 4 10 4 12 01 10 302 20 207 3 0000 4 0107 5 0000 6 000 0 7 00 0 0 8 4 5 0 0 333 10 /// 59 013 6 000 0 7 0000 
13-APR-2015 18 48108 3 2 5 96 5 23 01 10 270 20 240 3 0000 4 0137 5 0000 6 000 0 7 00 0 0 8 3 4 0 6 333 10 /// 59 008 6 000 0 7 0000 
13-APR-2015 18 48109 3 2 4 95 6 00 00 10 285 20 248 3 0000 4 0115 5 0000 6 000 0 7 00 0 0 8 4 9 0 1 333 10 /// 59 003 6 000 0 7 0000 
13-APR-2015 18 48110 3 1 5 95 4 18 03 10 255 20 217 3 0000 4 0114 5 0000 6 000 0 7 05 2 2 8 1 3 0 6 333 10 /// 59 025 6 000 0 7 0000 
13-APR-2015 18 48112 2 1 5 97 8 04 03 10 256 20 246 3 0000 4 0100 5 0000 6 000 0 7 02 5 2 8 3 8 7 6 333 10 /// 59 018 6 000 0 7 0000 
