131200 48001 21340 82301 10280 20233 40111 75022 8592/ 333 10315 56459 59012 69902=
131200 48004 32356 60402 10293 20179 86900 333 10341 56500=
131200 48008 31540 70000 10332 20191 40093 70544 84970 333 10366 56450 59022=
131200 48010 32556 70000 10305 20253 40094 83731 333 10318 56566 59001=
131200 48018 21556 71401 10300 20207 40101 71044 84870 333 10335 56550 58006 69902=
131200 48019 32450 80000 10315 20237 40088 85640 333 10352 56560 59011=
131200 48020 32356 70000 10315 20243 85530 333 10358 56550=
131200 48025 31440 50401 10328 20191 40094 70544 83840 333 10363 56550 58004=
131200 48030 21140 82204 10150 20150 72196 889// 333 10257 56599 60352=
131200 48031 21250 82201 10195 20109 70544 883// 333 10248 56499 69902=
131200 48033 32562 70402 10350 20158 40088 85906 333 10373 56909 59007=
131200 48034 32956 03602 10251 20136 333 10287=
131200 48035 31530 60000 10280 20158 40088 70422 84960 333 10312 56560 58009=
131200 48037 31550 43601 10350 20182 40076 70411 82330 333 10380 56660 59003=
131200 48039 32459 40000 10345 20266 83802 333 10375 56109=
131200 48042 32557 43601 10360 20195 40077 82952 333 10385 56999 59001=
131200 48043 32620 60000 10270 20154 84830 333 10305 56990=
131200 48045 32556 73605 10238 20095 87700 333 10294 56200=
131200 48048 32550 40401 10358 20235 40078 84800 333 10410 56400 59002=
131200 48051 32558 50402 10347 20240 84930 333 10390 56790=
131200 48052 32450 40401 10368 20190 84800 333 10414 56900=
131200 48053 21450 70000 10280 20233 40080 79595 84956 333 10392 56799 58008 69902=
131200 48055 21450 82312 10200 20195 40128 75096 8697/ 333 10311 5649/ 58056 60042=
131200 48057 21456 72302 10178 20147 70195 85950 333 10270 56590 60372=
131200 48060 32430 30000 10270 20154 40102 82130 333 10305 56590 59049=
131200 48062 32556 42705 10310 20280 40096 83930 333 10345 56990 59008=
131200 48064 32950 31401 10360 20249 40064 80036 333 10406 56099 59004=
131200 48065 32450 30000 10368 20190 81106 333 10410 56909=
131200 48071 32458 22703 10312 20267 40099 82200 333 10347 56600 59007=
131200 48072 32457 13202 10310 20254 81200 333 10358 56900=
131200 48074 32456 61405 10315 20184 40099 85960 333 10386 56440 58007=
131200 48075 21456 83201 10200 20200 40144 79595 86920 333 10320 56560 58052 60222=
131200 48077 32556 62301 10340 20184 40075 85901 333 10390 56909 59006=
131200 48078 31550 61802 10320 20248 40094 70399 84933 333 10392 56449 59008=
131200 48080 32457 53202 10314 20255 40086 83870 333 10370 56590 59027=
131200 48085 32456 62703 10307 20254 40096 83306 333 10338 56909 59012=
131200 48087 21440 72303 10270 20270 75365 8597/ 333 10390 5699/ 60062=
131200 48092 32550 52303 10336 20212 40075 83831 333 10385 56559 58003=
131200 48093 32650 42301 10327 20212 82801 333 10382 56509=
131200 48094 32456 23201 10340 20250 40095 82900 333 10387 56900 59006=
131200 48095 32456 10000 10325 20248 81100 333 10380 56900=
131200 48097 32556 62202 10320 20236 40116 82506 333 10382 56909 58011=
131200 48099 32450 41302 10315 20236 40088 83930 333 10352 56390 58007=
131200 48101 32556 41402 10307 20237 82305 333 10345 56909=
131200 48103 32440 31402 10339 20206 40096 82830 333 10380 56330 59006=
131200 48107 22340 73201 10290 20230 40100 85970 333 10368 56330 59006=
131200 48108 32596 62301 10330 20234 40110 83366 333 10365 56699 59007=
131200 48109 32496 60401 10314 20267 40107 84901 333 10348 56909 59014=
131200 48110 31596 80000 10300 20223 40107 70522 83307 333 10325 56909 58017=
131200 48112 21597 80402 10245 20226 40095 70152 83876 333 10300 56199 59015 60082=  48110 31596 80000 10300 20223 40107 70522 83307 333 10325 56909 58017=  48001 21340 82301 10280 20233 40111 75022 8592/ 333 10315 56459 59012 69902=
131200 48004 32356 60402 10293 20179 86900 333 10341 56500=
131200 48008 31540 70000 10332 20191 40093 70544 84970 333 10366 56450 59022=
131200 48010 32556 70000 10305 20253 40094 83731 333 10318 56566 59001=
131200 48018 21556 71401 10300 20207 40101 71044 84870 333 10335 56550 58006 69902=
131200 48019 32450 80000 10315 20237 40088 85640 333 10352 56560 59011=
131200 48020 32356 70000 10315 20243 85530 333 10358 56550=
131200 48025 31440 50401 10328 20191 40094 70544 83840 333 10363 56550 58004=
131200 48030 21140 82204 10150 20150 72196 889// 333 10257 56599 60352=
131200 48031 21250 82201 10195 20109 70544 883// 333 10248 56499 69902=
131200 48033 32562 70402 10350 20158 40088 85906 333 10373 56909 59007=
131200 48034 32956 03602 10251 20136 333 10287=
131200 48035 31530 60000 10280 20158 40088 70422 84960 333 10312 56560 58009=
131200 48037 31550 43601 10350 20182 40076 70411 82330 333 10380 56660 59003=
131200 48039 32459 40000 10345 20266 83802 333 10375 56109=
131200 48042 32557 43601 10360 20195 40077 82952 333 10385 56999 59001=
131200 48043 32620 60000 10270 20154 84830 333 10305 56990=
131200 48045 32556 73605 10238 20095 87700 333 10294 56200=
131200 48048 32550 40401 10358 20235 40078 84800 333 10410 56400 59002=
131200 48051 32558 50402 10347 20240 84930 333 10390 56790=
131200 48052 32450 40401 10368 20190 84800 333 10414 56900=
131200 48053 21450 70000 10280 20233 40080 79595 84956 333 10392 56799 58008 69902=
131200 48055 21450 82312 10200 20195 40128 75096 8697/ 333 10311 5649/ 58056 60042=
131200 48057 21456 72302 10178 20147 70195 85950 333 10270 56590 60372=
131200 48060 32430 30000 10270 20154 40102 82130 333 10305 56590 59049=
131200 48062 32556 42705 10310 20280 40096 83930 333 10345 56990 59008=
131200 48064 32950 31401 10360 20249 40064 80036 333 10406 56099 59004=
131200 48065 32450 30000 10368 20190 81106 333 10410 56909=
131200 48071 32458 22703 10312 20267 40099 82200 333 10347 56600 59007=
131200 48072 32457 13202 10310 20254 81200 333 10358 56900=
131200 48074 32456 61405 10315 20184 40099 85960 333 10386 56440 58007=
131200 48075 21456 83201 10200 20200 40144 79595 86920 333 10320 56560 58052 60222=
131200 48077 32556 62301 10340 20184 40075 85901 333 10390 56909 59006=
131200 48078 31550 61802 10320 20248 40094 70399 84933 333 10392 56449 59008=
131200 48080 32457 53202 10314 20255 40086 83870 333 10370 56590 59027=
131200 48085 32456 62703 10307 20254 40096 83306 333 10338 56909 59012=
131200 48087 21440 72303 10270 20270 75365 8597/ 333 10390 5699/ 60062=
131200 48092 32550 52303 10336 20212 40075 83831 333 10385 56559 58003=
131200 48093 32650 42301 10327 20212 82801 333 10382 56509=
131200 48094 32456 23201 10340 20250 40095 82900 333 10387 56900 59006=
131200 48095 32456 10000 10325 20248 81100 333 10380 56900=
131200 48097 32556 62202 10320 20236 40116 82506 333 10382 56909 58011=
131200 48099 32450 41302 10315 20236 40088 83930 333 10352 56390 58007=
131200 48101 32556 41402 10307 20237 82305 333 10345 56909=
131200 48103 32440 31402 10339 20206 40096 82830 333 10380 56330 59006=
131200 48107 22340 73201 10290 20230 40100 85970 333 10368 56330 59006=
131200 48108 32596 62301 10330 20234 40110 83366 333 10365 56699 59007=
131200 48109 32496 60401 10314 20267 40107 84901 333 10348 56909 59014=
131200 48110 31596 80000 10300 20223 40107 70522 83307 333 10325 56909 58017=
131200 48112 21597 80402 10245 20226 40095 70152 83876 333 10300 56199 59015 60082=  
