131800 48008 31510 70000 10266 20191 40094 70544 84970 333 56450 59043=
131800 48010 32001 00000 10240 20226 40128 333 59016=
131800 48018 22530 60000 10225 20205 40127 83870 333 56440 58004=
131800 48025 21405 60401 10300 20207 40135 75055 83870 333 56990 59008=
131800 48042 32550 10000 10293 20196 40100 81400 333 56900 58000=
131800 48053 22440 81803 10260 20229 40113 8595/ 333 56599 59001=
131800 48057 22439 61501 10172 20135 84350 333 56590=
131800 48060 32420 10000 10220 20173 40139 81100 333 56500 59043=
131800 48062 32330 00000 10282 20220 40122 81530 333 56990 59016=
131800 48071 32930 00000 10290 20259 40101 333 59015=
131800 48078 32950 41401 10263 20193 40130 83301 333 56909 59008=
131800 48080 32440 50000 10272 20240 40145 83870 333 56590 59001=
131800 48094 32456 60000 10275 20235 40112 84940 333 56990 59009=
131800 48097 32956 01801 10280 20220 40120 333 59007=
131800 48099 32330 00000 10280 20220 40122 81530 333 56990 59016=
131800 48103 32410 41201 10302 20207 40107 84500 333 56300 59013=
131800 48108 32596 52301 10270 20240 40137 83406 333 56909 59008=
131800 48109 32495 60000 10285 20248 40115 84901 333 56909 59003=
131800 48110 31595 41803 10255 20217 40114 70522 81306 333 56909 59025=
131800 48112 21597 80403 10256 20246 40100 70252 83876 333 56199 59018=  
