13-APR-2015 00 48008 3 2 5 56 6 00 00 10 228 20 181 3 0000 4 0152 5 0000 6 000 0 7 00 0 0 8 2 4 7 0 333 20 222 58 009 6 000 0 7 0000 
13-APR-2015 00 48010 3 2 5 30 7 00 00 10 225 20 214 3 0000 4 0152 5 0000 6 000 0 7 00 0 0 8 2 4 7 0 333 20 210 58 005 6 000 0 7 0000 
13-APR-2015 00 48018 3 2 5 56 5 14 01 10 220 20 173 3 0000 4 0137 5 0000 6 000 0 7 00 0 0 8 3 8 7 0 333 20 190 58 050 6 000 0 7 0000 
13-APR-2015 00 48019 3 2 4 50 2 23 01 10 210 20 175 3 0000 4 0136 5 0000 6 000 0 7 00 0 0 8 0 0 3 0 333 20 208 58 002 6 000 0 7 0000 
13-APR-2015 00 48025 3 1 4 10 8 27 01 10 270 20 191 3 0000 4 0142 5 0000 6 000 0 7 05 4 4 8 6 8 4 / 333 20 264 58 007 6 000 0 7 0000 
13-APR-2015 00 48030 2 2 2 50 7 22 01 10 143 20 124 3 0000 4 0000 5 0000 6 000 0 7 00 0 0 8 2 9 4 0 333 20 134 58 000 6 000 0 7 0000 
13-APR-2015 00 48031 3 1 2 57 8 22 01 10 190 20 118 3 0000 4 0000 5 0000 6 000 0 7 05 4 4 8 6 8 4 / 333 20 185 58 000 6 000 0 7 0000 
13-APR-2015 00 48033 3 2 5 60 7 00 00 10 270 20 191 3 0000 4 0123 5 0000 6 000 0 7 00 0 0 8 5 9 7 0 333 20 260 58 003 6 000 0 7 0000 
13-APR-2015 00 48034 3 2 4 56 6 00 00 10 163 20 123 3 0000 4 0000 5 0000 6 000 0 7 00 0 0 8 3 5 3 0 333 20 142 58 000 6 000 0 7 0000 
13-APR-2015 00 48035 3 1 5 20 4 00 00 10 176 20 165 3 0000 4 0169 5 0000 6 000 0 7 10 0 0 8 3 8 6 0 333 20 165 58 017 6 000 0 7 0000 
13-APR-2015 00 48037 3 2 5 30 8 00 00 10 264 20 203 3 0000 4 0129 5 0000 6 000 0 7 00 0 0 8 1 1 7 / 333 20 256 58 018 6 000 0 7 0000 
13-APR-2015 00 48039 3 2 4 56 7 00 00 10 259 20 203 3 0000 4 0000 5 0000 6 000 0 7 00 0 0 8 4 5 6 0 333 20 257 58 000 6 000 0 7 0000 
13-APR-2015 00 48042 3 1 5 56 6 18 01 10 278 20 203 3 0000 4 0122 5 0000 6 000 0 7 05 2 2 8 3 8 5 0 333 20 266 58 008 6 000 0 7 0000 
13-APR-2015 00 48043 3 2 6 20 8 00 00 10 200 20 150 3 0000 4 0000 5 0000 6 000 0 7 00 0 0 8 6 8 3 0 333 20 151 58 000 6 000 0 7 0000 
13-APR-2015 00 48048 3 2 5 50 2 32 01 10 256 20 179 3 0000 4 0127 5 0000 6 000 0 7 00 0 0 8 2 8 0 0 333 20 250 58 016 6 000 0 7 0000 
13-APR-2015 00 48051 3 2 5 56 6 36 01 10 230 20 210 3 0000 4 0000 5 0000 6 000 0 7 00 0 0 8 5 8 0 1 333 20 219 58 000 6 000 0 7 0000 
13-APR-2015 00 48052 3 2 4 50 5 00 00 10 288 20 179 3 0000 4 0000 5 0000 6 000 0 7 00 0 0 8 5 9 0 0 333 20 280 58 000 6 000 0 7 0000 
13-APR-2015 00 48053 3 2 4 50 7 00 00 10 280 20 233 3 0000 4 0117 5 0000 6 000 0 7 00 0 0 8 5 8 5 0 333 20 261 58 007 6 000 0 7 0000 
13-APR-2015 00 48055 3 1 5 56 8 00 00 10 188 20 167 3 0000 4 0180 5 0000 6 000 0 7 05 2 2 8 6 9 7 / 333 20 182 58 017 6 000 0 7 0000 
13-APR-2015 00 48060 2 1 4 30 2 00 00 10 180 20 165 3 0000 4 0200 5 0000 6 000 0 7 10 1 1 8 2 8 0 0 333 20 165 58 028 6 990 2 7 0000 
13-APR-2015 00 48062 3 1 5 30 7 00 00 10 250 20 230 3 0000 4 0130 5 0000 6 000 0 7 10 2 2 8 5 9 3 0 333 20 222 58 002 6 000 0 7 0000 
13-APR-2015 00 48064 3 2 5 50 3 00 00 10 287 20 230 3 0000 4 0101 5 0000 6 000 0 7 00 0 0 8 1 1 3 1 333 20 230 58 003 6 000 0 7 0000 
13-APR-2015 00 48065 3 2 9 50 1 00 00 10 275 20 203 3 0000 4 0000 5 0000 6 000 0 7 00 0 0 8 0 0 0 1 333 20 255 58 000 6 000 0 7 0000 
13-APR-2015 00 48071 3 2 4 50 2 32 04 10 280 20 250 3 0000 4 0128 5 0000 6 000 0 7 00 0 0 8 2 8 0 0 333 20 260 58 010 6 000 0 7 0000 
13-APR-2015 00 48074 3 1 4 56 1 00 00 10 272 20 226 3 0000 4 0120 5 0000 6 000 0 7 05 0 0 8 1 5 0 0 333 20 256 58 056 6 000 0 7 0000 
13-APR-2015 00 48075 3 2 4 56 5 00 00 10 210 20 200 3 0000 4 0172 5 0000 6 000 0 7 00 0 0 8 5 8 0 0 333 20 190 58 016 6 000 0 7 0000 
13-APR-2015 00 48080 3 1 9 09 0 00 00 10 231 20 214 3 0000 4 0148 5 0000 6 000 0 7 10 1 1 8 0 0 0 0 333 20 218 58 014 6 000 0 7 0000 
13-APR-2015 00 48085 3 1 9 50 0 00 00 10 238 20 226 3 0000 4 0129 5 0000 6 000 0 7 40 4 4 8 0 0 0 0 333 20 236 58 008 6 000 0 7 0000 
13-APR-2015 00 48087 3 2 9 40 3 00 00 10 246 20 233 3 0000 4 0000 5 0000 6 000 0 7 00 0 0 8 0 0 4 1 333 20 234 58 000 6 000 0 7 0000 
13-APR-2015 00 48092 3 1 5 30 1 13 01 10 245 20 236 3 0000 4 0121 5 0000 6 000 0 7 10 1 1 8 1 4 0 0 333 20 235 58 009 6 000 0 7 0000 
13-APR-2015 00 48094 3 1 4 56 2 00 00 10 255 20 240 3 0000 4 0127 5 0000 6 000 0 7 10 0 0 8 2 5 0 0 333 20 218 58 004 6 000 0 7 0000 
13-APR-2015 00 48097 3 2 5 56 2 14 01 10 250 20 242 3 0000 4 0122 5 0000 6 000 0 7 00 0 0 8 2 5 0 0 333 20 240 58 008 6 000 0 7 0000 
13-APR-2015 00 48099 2 1 3 40 4 23 01 10 243 20 226 3 0000 4 0131 5 0000 6 000 0 7 01 5 5 8 3 7 3 0 333 20 207 58 009 6 038 2 7 0000 
13-APR-2015 00 48103 3 2 4 40 3 14 02 10 266 20 211 3 0000 4 0136 5 0000 6 000 0 7 00 0 0 8 3 7 0 0 333 20 240 58 006 6 000 0 7 0000 
13-APR-2015 00 48107 3 1 3 40 4 09 01 10 240 20 226 3 0000 4 0125 5 0000 6 000 0 7 41 4 4 8 2 9 0 6 333 20 230 58 006 6 000 0 7 0000 
13-APR-2015 00 48108 3 1 5 94 5 00 00 10 240 20 233 3 0000 4 0131 5 0000 6 000 0 7 10 2 2 8 2 4 0 6 333 20 225 59 005 6 000 0 7 0000 
13-APR-2015 00 48109 3 2 4 96 5 00 00 10 267 20 240 3 0000 4 0122 5 0000 6 000 0 7 00 0 0 8 5 9 0 0 333 20 185 58 007 6 000 0 7 0000 
13-APR-2015 00 48110 2 1 5 95 8 00 00 10 250 20 233 3 0000 4 0130 5 0000 6 000 0 7 05 2 2 8 1 4 0 7 333 20 245 58 000 6 990 2 7 0000 
13-APR-2015 00 48112 2 2 5 97 8 36 01 10 267 20 240 3 0000 4 0120 5 0000 6 000 0 7 00 0 0 8 3 8 7 6 333 20 215 58 000 6 000 0 7 0000 
