48001 NIL=
48004 31456 12201 10258 20179 70511 81500 333 56900=
48008 32557 62301 10280 20184 40098 83930 333 56459 59020=
48010 32560 20000 10285 20146 40079 82100 333 56500 59018=
48018 32560 51402 10285 20140 40108 70322 83870 333 56320 58008=
48019 32560 13601 10278 20184 40073 80001 333 56006 59017=
48020 NIL=
48025 32456 40901 10303 20098 40080 83840 333 56550 59018=
48030 32256 52205 10160 20059 85900 333 56500=
48031 NIL=
48033 32963 20000 10310 20124 40063 80001 333 56009 59020=
48034 32456 62302 10235 20074 86800 333 56500=
48035 31556 62702 10233 20045 40059 70500 84960 333 56490 58001=
48037 32660 53601 10321 20116 40058 81171 333 56766 59022=
48039 32460 33201 10320 20140 81102 333 56505=
48042 32558 22201 10325 20145 40071 81202 333 56909 59002=
48043 32657 31805 10235 20114 83200 333 56900=
48045 32560 61812 10228 20016 84806 333 56505=
48048 32560 41801 10322 20116 40081 83850 333 56490 59005=
48051 32559 43104 10302 20120 70222 83201 333 56609=
48052 32470 33201 10355 20132 83800 333 56900=
48053 32956 01703 10330 20126 40064 333 59023=
48055 32556 53203 10256 20112 40047 85300 333 56500 59004=
48057 32457 41403 10230 20045 84300 333 56400=
48060 32450 42203 10285 20121 40048 70322 83130 333 56590 59017=
48062 32557 62709 10279 20200 40111 70322 80036 333 56699 58007=
48064 32970 01401 10330 20212 40051 333 59015=
48065 32970 10404 10340 20145 80001 333 56009=
48071 32960 02703 10268 20172 40120 333 58012=
48072 32960 02704 10280 20184 333=
48074 32959 01401 10330 20151 40077 333 59017=
48075 31560 22203 10290 20090 40067 70511 82100 333 56500 59017=
48077 31558 30000 10350 20113 40076 70511 83800 333 56900 59008=
48078 32558 22301 10326 20109 40085 81101 333 56909 59009=
48080 32959 02206 10293 20230 40094 333 59007=
48085 32958 03207 10288 20230 40106 333 58005=
48087 NIL=
48092 32958 03101 10335 20116 40067 333 59008=
48093 32957 02301 10330 20172 333=
48094 32960 03202 10310 20180 40121 333 59003=
48095 32960 02203 10335 20151 333=
48097 32957 03203 10330 20116 40095 333 59009=
48099 32457 21303 10306 20151 40083 82800 333 56300 59010=
48101 32960 02702 10311 20169 333=
48103 32457 10401 10317 20140 40091 81500 333 56100 58000=
48107 32350 23201 10320 20163 40097 82900 333 56500 58006=
48108 32596 53208 10335 20178 40102 82836 333 56999 58007=
48109 32997 00402 10304 20223 40115 70122 333 59002=
48110 31596 83207 10320 20248 40099 70522 83357 333 56999 58002=
48112 NIL=  