



*-*-*


<!--
.style2 {
	font-family:"Courier New", Courier, monospace;
	font-size: 14px;
}
-->






SMBM01 VBRR 131800

NIL=  
SMBM01 VBRR 131800 RRA

AAXX 13184

48008 21510 83201 10200 20168 40110 79595 8497/ 333 5643/ 58020=

48010 32901 00000 10145 20132 40102 333 59008=

48018 32920 01401 10165 20144 40110 333 59008=

48025 32905 03201 10218 20120 40104 333 59001=

48042 21550 60000 10198 20168 40096 70395 84950 333 56990 58004=

48053 32940 02201 10200 20150 40101 333 59010=

48057 32957 01801 10110 20069 333=

48060 21410 60000 10130 20113 40121 70355 83870 333 56590 58000=

48062 31540 33202 10215 20190 40124 71022 82530 333 56990 58000=

48071 32920 03204 10240 20191 40130 333 59016=

48078 32950 20000 10232 20198 40107 80001 333 56009 59012=

48080 32940 02201 10195 20175 40131 333 58010=

48094 32950 00000 10208 20180 40118 333 59008=

48097 32956 02401 10240 20136 40122 333 59002=

48099 32430 21302 10216 20205 40121 82500 333 56900 58011=

48103 32450 20401 10200 20168 40105 82500 333 56100 58006=

48108 31594 50501 10230 20198 40110 71022 82407 333 56909 59002=

48109 32995 00000 10250 20219 40119 333 58002=

48110 31592 40182 10250 20226 40122 70522 81246 333 56909 58002=

48112 32597 70402 10251 20219 40108 83876 333 56199 59018=  





