13-JAN-2015 09 48004 3 2 5 63 2 04 01 10 231 20 124 3 0000 4 0000 5 0000 6 000 0 7 00 0 0 8 2 8 0 0 333 10 /// 58 000 6 000 0 7 0000 
13-JAN-2015 09 48008 3 2 5 58 2 04 01 10 246 20 106 3 0000 4 0158 5 0000 6 000 0 7 00 0 0 8 1 4 3 0 333 10 /// 59 002 6 000 0 7 0000 
13-JAN-2015 09 48010 3 2 5 60 3 18 01 10 270 20 172 3 0000 4 0152 5 0000 6 000 0 7 00 0 0 8 3 4 0 0 333 10 /// 59 010 6 000 0 7 0000 
13-JAN-2015 09 48018 3 2 5 60 3 04 02 10 265 20 133 3 0000 4 0143 5 0000 6 000 0 7 02 1 1 8 3 8 0 0 333 10 /// 59 022 6 000 0 7 0000 
13-JAN-2015 09 48019 3 2 5 60 2 04 02 10 250 20 150 3 0000 4 0151 5 0000 6 000 0 7 00 0 0 8 0 0 0 1 333 10 /// 59 002 6 000 0 7 0000 
13-JAN-2015 09 48025 3 2 4 58 4 14 02 10 240 20 136 3 0000 4 0152 5 0000 6 000 0 7 00 0 0 8 3 8 4 0 333 10 /// 59 010 6 000 0 7 0000 
13-JAN-2015 09 48030 3 2 2 56 6 04 04 10 140 20 056 3 0000 4 0000 5 0000 6 000 0 7 00 0 0 8 5 8 0 1 333 10 /// 58 000 6 000 0 7 0000 
13-JAN-2015 09 48031 3 2 2 62 3 18 01 10 135 20 056 3 0000 4 0000 5 0000 6 000 0 7 00 0 0 8 2 8 4 0 333 10 /// 58 000 6 000 0 7 0000 
13-JAN-2015 09 48033 3 2 5 63 3 36 01 10 280 20 126 3 0000 4 0118 5 0000 6 000 0 7 00 0 0 8 3 5 0 0 333 10 /// 59 011 6 000 0 7 0000 
13-JAN-2015 09 48034 3 2 4 57 2 18 02 10 216 20 065 3 0000 4 0000 5 0000 6 000 0 7 00 0 0 8 2 5 0 0 333 10 /// 58 000 6 000 0 7 0000 
13-JAN-2015 09 48035 3 2 5 60 2 14 01 10 223 20 087 3 0000 4 0130 5 0000 6 000 0 7 00 0 0 8 1 1 0 1 333 10 /// 58 000 6 000 0 7 0000 
13-JAN-2015 09 48037 3 2 5 60 6 36 01 10 278 20 126 3 0000 4 0120 5 0000 6 000 0 7 00 0 0 8 2 1 1 1 333 10 /// 59 018 6 000 0 7 0000 
13-JAN-2015 09 48039 3 2 4 70 6 14 01 10 290 20 115 3 0000 4 0000 5 0000 6 000 0 7 00 0 0 8 1 1 0 2 333 10 /// 58 000 6 000 0 7 0000 
13-JAN-2015 09 48042 3 2 5 59 4 32 06 10 290 20 115 3 0000 4 0115 5 0000 6 000 0 7 00 0 0 8 1 4 0 2 333 10 /// 59 021 6 000 0 7 0000 
13-JAN-2015 09 48043 3 2 0 57 5 32 05 10 215 20 087 3 0000 4 0000 5 0000 6 000 0 7 00 0 0 8 0 0 0 2 333 10 /// 58 000 6 000 0 7 0000 
13-JAN-2015 09 48045 3 2 5 60 6 14 02 10 173 20 075 3 0000 4 0000 5 0000 6 000 0 7 00 0 0 8 5 8 0 1 333 10 /// 58 000 6 000 0 7 0000 
13-JAN-2015 09 48048 3 2 5 60 2 04 01 10 300 20 149 3 0000 4 0132 5 0000 6 000 0 7 00 0 0 8 2 8 0 0 333 10 /// 59 005 6 000 0 7 0000 
13-JAN-2015 09 48051 3 2 5 59 5 36 01 10 207 20 150 3 0000 4 0000 5 0000 6 000 0 7 02 2 2 8 4 9 3 0 333 10 /// 58 000 6 000 0 7 0000 
13-JAN-2015 09 48052 3 2 4 70 2 04 05 10 295 20 124 3 0000 4 0000 5 0000 6 000 0 7 00 0 0 8 2 2 0 0 333 10 /// 58 000 6 000 0 7 0000 
13-JAN-2015 09 48053 3 2 9 56 0 36 02 10 290 20 140 3 0000 4 0121 5 0000 6 000 0 7 00 0 0 8 0 0 0 0 333 10 /// 59 004 6 000 0 7 0000 
13-JAN-2015 09 48055 3 2 9 57 1 04 01 10 212 20 091 3 0000 4 0132 5 0000 6 000 0 7 00 0 0 8 0 0 0 1 333 10 /// 58 002 6 000 0 7 0000 
13-JAN-2015 09 48057 3 2 4 58 2 14 01 10 212 20 091 3 0000 4 0000 5 0000 6 000 0 7 00 0 0 8 2 8 0 0 333 10 /// 58 000 6 000 0 7 0000 
13-JAN-2015 09 48060 3 2 4 40 2 00 00 10 197 20 085 3 0000 4 0153 5 0000 6 000 0 7 00 0 0 8 2 1 0 0 333 10 /// 59 004 6 000 0 7 0000 
13-JAN-2015 09 48062 3 2 5 56 7 32 02 10 280 20 220 3 0000 4 0123 5 0000 6 000 0 7 02 2 2 8 5 9 3 0 333 10 /// 58 002 6 000 0 7 0000 
13-JAN-2015 09 48064 3 2 5 70 6 14 01 10 275 20 158 3 0000 4 0113 5 0000 6 000 0 7 00 0 0 8 4 8 3 0 333 10 /// 58 009 6 000 0 7 0000 
13-JAN-2015 09 48065 3 2 5 70 4 32 02 10 290 20 215 3 0000 4 0000 5 0000 6 000 0 7 00 0 0 8 2 8 4 0 333 10 /// 58 000 6 000 0 7 0000 
13-JAN-2015 09 48071 3 2 4 58 6 32 03 10 285 20 196 3 0000 4 0116 5 0000 6 000 0 7 00 0 0 8 6 8 0 0 333 10 /// 59 007 6 000 0 7 0000 
13-JAN-2015 09 48072 3 2 5 60 1 04 01 10 290 20 248 3 0000 4 0000 5 0000 6 000 0 7 01 2 2 8 1 2 0 0 333 10 /// 58 000 6 000 0 7 0000 
13-JAN-2015 09 48074 3 2 9 62 2 32 02 10 305 20 124 3 0000 4 0112 5 0000 6 000 0 7 00 0 0 8 0 0 5 0 333 10 /// 59 008 6 000 0 7 0000 
13-JAN-2015 09 48075 3 2 5 58 2 00 00 10 235 20 110 3 0000 4 0128 5 0000 6 000 0 7 00 0 0 8 2 1 0 0 333 10 /// 59 009 6 000 0 7 0000 
13-JAN-2015 09 48077 3 2 5 59 4 00 00 10 320 20 140 3 0000 4 0112 5 0000 6 000 0 7 00 0 0 8 3 8 0 1 333 10 /// 59 002 6 000 0 7 0000 
13-JAN-2015 09 48078 3 2 5 58 4 27 01 10 302 20 136 3 0000 4 0119 5 0000 6 000 0 7 00 0 0 8 2 5 3 1 333 10 /// 58 009 6 000 0 7 0000 
13-JAN-2015 09 48080 3 2 9 60 0 32 01 10 310 20 237 3 0000 4 0106 5 0000 6 000 0 7 00 0 0 8 0 0 0 0 333 10 /// 58 005 6 000 0 7 0000 
13-JAN-2015 09 48085 3 2 4 58 3 14 03 10 298 20 159 3 0000 4 0107 5 0000 6 000 0 7 00 0 0 8 1 8 3 6 333 10 /// 58 001 6 000 0 7 0000 
13-JAN-2015 09 48092 3 2 5 59 3 13 01 10 290 20 140 3 0000 4 0094 5 0000 6 000 0 7 00 0 0 8 1 4 3 0 333 10 /// 58 004 6 000 0 7 0000 
13-JAN-2015 09 48093 3 2 6 58 4 14 01 10 293 20 159 3 0000 4 0000 5 0000 6 000 0 7 03 1 1 8 2 1 4 0 333 10 /// 58 000 6 000 0 7 0000 
13-JAN-2015 09 48094 3 2 4 59 6 04 02 10 290 20 170 3 0000 4 0115 5 0000 6 000 0 7 00 0 0 8 3 9 4 1 333 10 /// 58 007 6 000 0 7 0000 
13-JAN-2015 09 48095 3 2 9 60 0 04 02 10 295 20 178 3 0000 4 0000 5 0000 6 000 0 7 00 0 0 8 0 0 0 0 333 10 /// 58 000 6 000 0 7 0000 
13-JAN-2015 09 48097 3 2 4 57 6 14 02 10 300 20 136 3 0000 4 0122 5 0000 6 000 0 7 02 2 2 8 4 8 3 0 333 10 /// 58 010 6 000 0 7 0000 
13-JAN-2015 09 48099 3 2 5 60 6 32 02 10 290 20 159 3 0000 4 0115 5 0000 6 000 0 7 00 0 0 8 3 8 3 0 333 10 /// 58 021 6 000 0 7 0000 
13-JAN-2015 09 48101 3 2 7 60 4 09 02 10 290 20 179 3 0000 4 0000 5 0000 6 000 0 7 02 2 2 8 0 0 3 5 333 10 /// 58 000 6 000 0 7 0000 
13-JAN-2015 09 48103 3 2 4 56 4 04 03 10 287 20 196 3 0000 4 0109 5 0000 6 000 0 7 00 0 0 8 3 8 3 0 333 10 /// 58 005 6 000 0 7 0000 
13-JAN-2015 09 48107 3 2 3 50 4 04 02 10 290 20 179 3 0000 4 0100 5 0000 6 000 0 7 00 0 0 8 4 9 0 0 333 10 /// 58 007 6 000 0 7 0000 
13-JAN-2015 09 48108 3 2 5 96 2 14 05 10 310 20 189 3 0000 4 0105 5 0000 6 000 0 7 00 0 0 8 2 4 4 6 333 10 /// 58 001 6 000 0 7 0000 
13-JAN-2015 09 48109 2 1 4 96 8 04 01 10 265 20 240 3 0000 4 0098 5 0000 6 000 0 7 50 6 6 8 6 9 7 / 333 10 /// 59 004 6 000 0 7 0000 
13-JAN-2015 09 48110 3 1 5 96 3 13 04 10 320 20 200 3 0000 4 0098 5 0000 6 000 0 7 05 1 1 8 1 1 0 5 333 10 /// 58 004 6 000 0 7 0000 
13-JAN-2015 09 48112 3 2 5 98 6 04 12 10 275 20 226 3 0000 4 0098 5 0000 6 000 0 7 01 2 2 8 2 2 1 6 333 10 /// 58 007 6 000 0 7 0000 
