13-JAN-2015 18 48008 3 1 5 10 2 00 00 10 160 20 144 3 0000 4 0159 5 0000 6 000 0 7 10 4 4 8 1 4 3 0 333 10 /// 59 010 6 000 0 7 0000 
13-JAN-2015 18 48010 3 2 5 01 5 00 00 10 155 20 152 3 0000 4 0174 5 0000 6 000 0 7 00 0 0 8 2 4 3 0 333 10 /// 59 010 6 000 0 7 0000 
13-JAN-2015 18 48018 3 2 4 30 4 22 01 10 165 20 135 3 0000 4 0151 5 0000 6 000 0 7 00 0 0 8 2 8 7 0 333 10 /// 59 040 6 000 0 7 0000 
13-JAN-2015 18 48025 3 2 9 05 0 32 01 10 170 20 135 3 0000 4 0178 5 0000 6 000 0 7 00 0 0 8 0 0 0 0 333 10 /// 59 014 6 000 0 7 0000 
13-JAN-2015 18 48042 3 2 5 50 5 00 00 10 210 20 175 3 0000 4 0143 5 0000 6 000 0 7 00 0 0 8 2 4 5 0 333 10 /// 59 008 6 000 0 7 0000 
13-JAN-2015 18 48053 3 2 5 40 5 00 00 10 200 20 168 3 0000 4 0143 5 0000 6 000 0 7 00 0 0 8 3 5 5 0 333 10 /// 59 015 6 000 0 7 0000 
13-JAN-2015 18 48057 3 2 4 39 1 14 01 10 137 20 082 3 0000 4 0000 5 0000 6 000 0 7 00 0 0 8 1 5 0 0 333 10 /// 58 000 6 000 0 7 0000 
13-JAN-2015 18 48060 3 2 9 10 0 00 00 10 106 20 091 3 0000 4 0205 5 0000 6 000 0 7 00 0 0 8 0 0 0 0 333 10 /// 59 014 6 000 0 7 0000 
13-JAN-2015 18 48062 3 2 5 50 5 00 00 10 220 20 190 3 0000 4 0138 5 0000 6 000 0 7 01 2 2 8 3 8 3 0 333 10 /// 59 010 6 000 0 7 0000 
13-JAN-2015 18 48071 3 2 9 20 0 00 00 10 240 20 191 3 0000 4 0127 5 0000 6 000 0 7 00 0 0 8 0 0 0 0 333 10 /// 59 019 6 000 0 7 0000 
13-JAN-2015 18 48078 3 2 5 50 4 00 00 10 207 20 185 3 0000 4 0149 5 0000 6 000 0 7 00 0 0 8 2 5 3 1 333 10 /// 59 001 6 000 0 7 0000 
13-JAN-2015 18 48080 3 2 4 40 5 22 01 10 210 20 185 3 0000 4 0144 5 0000 6 000 0 7 00 0 0 8 3 8 7 0 333 10 /// 58 002 6 000 0 7 0000 
13-JAN-2015 18 48094 3 2 4 50 6 00 00 10 220 20 190 3 0000 4 0142 5 0000 6 000 0 7 03 2 2 8 5 9 4 0 333 10 /// 58 003 6 000 0 7 0000 
13-JAN-2015 18 48097 3 2 4 56 7 23 01 10 230 20 143 3 0000 4 0154 5 0000 6 000 0 7 02 2 2 8 4 5 5 0 333 10 /// 58 008 6 000 0 7 0000 
13-JAN-2015 18 48099 3 2 4 40 2 00 00 10 200 20 185 3 0000 4 0144 5 0000 6 000 0 7 00 0 0 8 2 5 0 0 333 10 /// 58 007 6 000 0 7 0000 
13-JAN-2015 18 48103 3 2 5 10 6 04 02 10 226 20 181 3 0000 4 0130 5 0000 6 000 0 7 00 0 0 8 4 8 3 0 333 10 /// 58 003 6 000 0 7 0000 
13-JAN-2015 18 48108 3 2 5 95 4 14 01 10 200 20 185 3 0000 4 0139 5 0000 6 000 0 7 00 0 0 8 3 4 0 6 333 10 /// 59 001 6 000 0 7 0000 
13-JAN-2015 18 48109 2 2 4 95 8 04 03 10 258 20 246 3 0000 4 0109 5 0000 6 000 0 7 02 2 2 8 6 9 7 / 333 10 /// 59 002 6 000 0 7 0000 
13-JAN-2015 18 48110 3 1 9 94 2 00 00 10 230 20 163 3 0000 4 0133 5 0000 6 000 0 7 05 1 1 8 0 0 0 5 333 10 /// 59 001 6 000 0 7 0000 
13-JAN-2015 18 48112 3 2 5 97 7 04 08 10 255 20 215 3 0000 4 0110 5 0000 6 000 0 7 00 0 0 8 3 8 7 6 333 10 /// 58 003 6 000 0 7 0000 
