13-JUL-2015 06 48001 2 1 3 30 8 32 01 10 265 20 256 3 0000 4 0018 5 0000 6 000 0 7 50 5 5 8 4 7 7 / 333 10 /// 59 007 6 000 0 7 0000 
13-JUL-2015 06 48004 2 1 3 56 7 04 01 10 280 20 280 3 0000 4 0000 5 0000 6 000 0 7 02 5 6 8 7 9 0 0 333 10 /// 58 000 6 000 0 7 0000 
13-JUL-2015 06 48008 3 2 5 57 4 00 00 10 330 20 275 3 0000 4 0022 5 0000 6 000 0 7 00 0 0 8 2 9 7 0 333 10 /// 59 001 6 000 0 7 0000 
13-JUL-2015 06 48010 3 2 5 57 6 00 00 10 300 20 266 3 0000 4 0018 5 0000 6 000 0 7 00 0 0 8 5 8 3 0 333 10 /// 59 007 6 000 0 7 0000 
13-JUL-2015 06 48018 3 2 5 60 7 04 01 10 310 20 267 3 0000 4 0030 5 0000 6 000 0 7 00 0 0 8 3 8 7 0 333 10 /// 58 003 6 000 0 7 0000 
13-JUL-2015 06 48019 2 1 4 58 6 23 01 10 296 20 266 3 0000 4 0021 5 0000 6 000 0 7 21 6 6 8 4 7 6 0 333 10 /// 59 010 6 000 0 7 0000 
13-JUL-2015 06 48020 3 2 4 58 5 36 02 10 345 20 297 3 0000 4 0000 5 0000 6 000 0 7 00 0 0 8 5 8 0 0 333 10 /// 58 000 6 000 0 7 0000 
13-JUL-2015 06 48025 3 2 4 56 5 09 01 10 345 20 270 3 0000 4 0016 5 0000 6 000 0 7 00 0 0 8 3 8 4 1 333 10 /// 59 012 6 000 0 7 0000 
13-JUL-2015 06 48030 3 2 2 56 6 22 02 10 253 20 186 3 0000 4 0000 5 0000 6 000 0 7 00 0 0 8 4 8 4 0 333 10 /// 58 000 6 000 0 7 0000 
13-JUL-2015 06 48031 3 2 2 57 6 04 01 10 265 20 203 3 0000 4 0000 5 0000 6 000 0 7 00 0 0 8 6 8 0 0 333 10 /// 58 000 6 000 0 7 0000 
13-JUL-2015 06 48033 3 2 5 63 4 18 01 10 350 20 266 3 0000 4 0012 5 0000 6 000 0 7 00 0 0 8 4 8 0 0 333 10 /// 59 005 6 000 0 7 0000 
13-JUL-2015 06 48034 2 1 4 56 8 23 02 10 285 20 232 3 0000 4 0000 5 0000 6 000 0 7 53 5 5 8 6 9 2 / 333 10 /// 58 000 6 000 0 7 0000 
13-JUL-2015 06 48035 3 2 5 60 3 27 02 10 319 20 236 3 0000 4 9987 5 0000 6 000 0 7 00 0 0 8 3 9 0 0 333 10 /// 59 015 6 000 0 7 0000 
13-JUL-2015 06 48037 3 2 5 60 3 18 01 10 370 20 258 3 0000 4 0005 5 0000 6 000 0 7 00 0 0 8 2 3 3 0 333 10 /// 59 028 6 000 0 7 0000 
13-JUL-2015 06 48039 3 2 4 60 4 14 01 10 336 20 257 3 0000 4 0000 5 0000 6 000 0 7 00 0 0 8 2 8 5 0 333 10 /// 58 000 6 000 0 7 0000 
13-JUL-2015 06 48042 3 2 5 58 5 13 02 10 355 20 252 3 0000 4 0005 5 0000 6 000 0 7 00 0 0 8 3 8 5 0 333 10 /// 59 017 6 000 0 7 0000 
13-JUL-2015 06 48043 2 1 5 40 8 18 03 10 255 20 246 3 0000 4 0000 5 0000 6 000 0 7 61 6 6 8 6 7 2 / 333 10 /// 58 000 6 000 0 7 0000 
13-JUL-2015 06 48045 3 2 5 57 5 14 03 10 270 20 211 3 0000 4 0000 5 0000 6 000 0 7 00 0 0 8 4 3 3 0 333 10 /// 58 000 6 000 0 7 0000 
13-JUL-2015 06 48048 3 2 5 60 5 22 01 10 345 20 240 3 0000 4 0009 5 0000 6 000 0 7 00 0 0 8 4 9 5 0 333 10 /// 59 015 6 000 0 7 0000 
13-JUL-2015 06 48051 3 2 5 59 4 13 01 10 330 20 280 3 0000 4 0000 5 0000 6 000 0 7 01 2 2 8 4 8 0 0 333 10 /// 58 000 6 000 0 7 0000 
13-JUL-2015 06 48052 3 2 4 68 4 22 01 10 366 20 227 3 0000 4 0000 5 0000 6 000 0 7 00 0 0 8 4 8 0 0 333 10 /// 58 000 6 000 0 7 0000 
13-JUL-2015 06 48053 3 2 4 56 5 18 02 10 330 20 275 3 0000 4 0016 5 0000 6 000 0 7 00 0 0 8 4 8 5 0 333 10 /// 59 017 6 000 0 7 0000 
13-JUL-2015 06 48055 3 2 5 56 4 04 02 10 295 20 228 3 0000 4 9997 5 0000 6 000 0 7 00 0 0 8 4 3 0 0 333 10 /// 59 020 6 000 0 7 0000 
13-JUL-2015 06 48057 3 2 4 58 6 22 02 10 264 20 203 3 0000 4 0000 5 0000 6 000 0 7 00 0 0 8 5 9 5 0 333 10 /// 58 000 6 000 0 7 0000 
13-JUL-2015 06 48060 3 2 3 56 3 00 00 10 315 20 231 3 0000 4 9983 5 0000 6 000 0 7 00 0 0 8 3 1 0 0 333 10 /// 59 016 6 000 0 7 0000 
13-JUL-2015 06 48062 3 2 4 58 5 18 02 10 310 20 280 3 0000 4 0035 5 0000 6 000 0 7 01 2 2 8 3 9 3 2 333 10 /// 59 018 6 000 0 7 0000 
13-JUL-2015 06 48064 3 2 5 60 8 04 01 10 310 20 267 3 0000 4 0010 5 0000 6 000 0 7 00 0 0 8 4 8 3 1 333 10 /// 59 011 6 000 0 7 0000 
13-JUL-2015 06 48065 3 2 5 57 6 14 03 10 337 20 257 3 0000 4 0000 5 0000 6 000 0 7 00 0 0 8 3 8 7 0 333 10 /// 58 000 6 000 0 7 0000 
13-JUL-2015 06 48071 3 2 4 60 3 36 03 10 310 20 267 3 0000 4 0040 5 0000 6 000 0 7 00 0 0 8 3 3 0 0 333 10 /// 59 011 6 000 0 7 0000 
13-JUL-2015 06 48072 3 2 4 60 4 27 02 10 315 20 281 3 0000 4 0000 5 0000 6 000 0 7 02 2 2 8 3 8 3 0 333 10 /// 58 000 6 000 0 7 0000 
13-JUL-2015 06 48074 3 2 4 57 7 14 02 10 320 20 265 3 0000 4 0026 5 0000 6 000 0 7 00 0 0 8 3 8 6 0 333 10 /// 59 012 6 000 0 7 0000 
13-JUL-2015 06 48075 3 2 5 58 7 32 01 10 290 20 230 3 0000 4 0018 5 0000 6 000 0 7 00 0 0 8 5 3 6 0 333 10 /// 59 020 6 000 0 7 0000 
13-JUL-2015 06 48077 3 2 5 59 6 00 00 10 330 20 244 3 0000 4 0025 5 0000 6 000 0 7 00 0 0 8 4 9 3 1 333 10 /// 59 006 6 000 0 7 0000 
13-JUL-2015 06 48078 3 2 5 57 5 18 01 10 327 20 266 3 0000 4 0039 5 0000 6 000 0 7 00 0 0 8 3 8 3 1 333 10 /// 59 007 6 000 0 7 0000 
13-JUL-2015 06 48080 3 2 4 60 5 22 04 10 324 20 265 3 0000 4 0043 5 0000 6 000 0 7 00 0 0 8 3 8 7 0 333 10 /// 59 012 6 000 0 7 0000 
13-JUL-2015 06 48085 3 2 4 58 7 36 04 10 320 20 281 3 0000 4 0035 5 0000 6 000 0 7 00 0 0 8 4 8 7 6 333 10 /// 59 013 6 000 0 7 0000 
13-JUL-2015 06 48087 3 2 5 60 5 00 00 10 338 20 257 3 0000 4 0000 5 0000 6 000 0 7 00 0 0 8 3 8 4 1 333 10 /// 58 000 6 000 0 7 0000 
13-JUL-2015 06 48092 3 2 4 58 8 23 02 10 305 20 267 3 0000 4 0024 5 0000 6 000 0 7 03 6 6 8 6 7 7 0 333 10 /// 59 002 6 000 0 7 0000 
13-JUL-2015 06 48093 3 2 5 58 6 36 01 10 324 20 265 3 0000 4 0000 5 0000 6 000 0 7 00 0 0 8 6 3 0 0 333 10 /// 58 000 6 000 0 7 0000 
13-JUL-2015 06 48094 3 2 4 60 6 27 02 10 330 20 280 3 0000 4 0040 5 0000 6 000 0 7 00 0 0 8 6 9 0 0 333 10 /// 59 007 6 000 0 7 0000 
13-JUL-2015 06 48095 3 2 4 58 8 00 00 10 300 20 275 3 0000 4 0000 5 0000 6 000 0 7 03 2 2 8 4 8 7 0 333 10 /// 58 000 6 000 0 7 0000 
13-JUL-2015 06 48097 3 2 5 57 6 23 02 10 305 20 266 3 0000 4 0046 5 0000 6 000 0 7 00 0 0 8 3 8 3 0 333 10 /// 59 008 6 000 0 7 0000 
13-JUL-2015 06 48099 2 1 4 57 5 23 02 10 298 20 266 3 0000 4 0038 5 0000 6 000 0 7 01 5 5 8 4 9 3 0 333 10 /// 59 004 6 000 0 7 0000 
13-JUL-2015 06 48101 3 2 5 59 8 27 03 10 308 20 267 3 0000 4 0000 5 0000 6 000 0 7 02 2 2 8 4 7 2 / 333 10 /// 58 000 6 000 0 7 0000 
13-JUL-2015 06 48103 2 1 4 57 6 22 02 10 296 20 266 3 0000 4 0037 5 0000 6 000 0 7 01 6 5 8 6 7 0 0 333 10 /// 59 006 6 000 0 7 0000 
13-JUL-2015 06 48107 2 1 3 30 8 27 01 10 250 20 250 3 0000 4 0059 5 0000 6 000 0 7 60 6 6 8 5 9 7 / 333 10 /// 58 003 6 000 0 7 0000 
13-JUL-2015 06 48108 2 1 5 95 7 23 03 10 280 20 268 3 0000 4 0059 5 0000 6 000 0 7 21 9 6 8 4 3 7 7 333 10 /// 59 006 6 000 0 7 0000 
13-JUL-2015 06 48110 2 1 4 96 8 32 03 10 270 20 256 3 0000 4 0066 5 0000 6 000 0 7 02 6 5 8 5 3 6 7 333 10 /// 58 000 6 000 0 7 0000 
13-JUL-2015 06 48112 2 1 5 97 8 22 01 10 288 20 274 3 0000 4 0070 5 0000 6 000 0 7 01 5 2 8 4 8 7 6 333 10 /// 59 008 6 000 0 7 0000 
