



*-*-*


<!--
.style2 {
	font-family:"Courier New", Courier, monospace;
	font-size: 14px;
}
-->






SMBM01 VBRR 130600

AAXX 13064

48001 21330 83201 10265 20256 40018 75055 8477/ 333

56269 59007=

48004 21356 70401 10280 20280 70256 87900 333 56500=

48008 32557 40000 10330 20275 40022 82970 333 56450

59001=

48010 32557 60000 10300 20266 40018 85830 333 56880

59007=

48018 32560 70401 10310 20267 40030 83870 333 56560

58003=

48019 21458 62301 10296 20266 40021 72166 84760 333

56450 59010=

48020 32458 53602 10345 20297 85800 333 56500=

48025 32456 50901 10345 20270 40016 83841 333 56559

59012=

48035 32560 32702 10319 20236 49987 83900 333 56400

59015=

48037 32560 31801 10370 20258 40005 82330 333 56690

59028=

48042 32558 51302 10355 20252 40005 83850 333 56490

59017=

48045 32557 51403 10270 20211 84330 333 56500=

48048 32560 52201 10345 20240 40009 84950 333 56490

59015=

48051 32559 41301 10330 20280 70122 84800 333 56400=

48053 32456 51802 10330 20275 40016 84850 333 56590

59017=

48060 32356 30000 10315 20231 49983 83100 333 56600

59016=

48062 32458 51802 10310 20280 40035 70122 83932 333

56755 59018=

48071 32460 33603 10310 20267 40040 83300 333 56900

59011=

48075 32558 73201 10290 20230 40018 85360 333 56590

59020=

48077 32559 60000 10330 20244 40025 84931 333 56999

59006=

48078 32557 51801 10327 20266 40039 83831 333 56499

59007=

48080 32460 52204 10324 20265 40043 83870 333 56690

59012=

48085 32458 73604 10320 20281 40035 84876 333 56799

59013=

48095 32458 80000 10300 20275 70322 84870 333 56990=

48108 21595 72303 10280 20268 40059 72196 84377 333

56699 59006=

48109 NIL=

48110 21496 83203 10270 20256 40066 70265 85367 333

56599 58000=

48112 21597 82201 10288 20274 40070 70152 84876 333

56599 59008=

48030 32256 62202 10253 20186 84840 333 56560=

48072 32460 42702 10315 20281 70222 83830 333 56690=

48087 32560 50000 10338 20257 83841 333 56499=

48099 21457 52302 10298 20266 40038 70155 84930 333

56590 59004=

48101 32559 82703 10308 20267 70222 8472/ 333 56599=

48103 21457 62202 10296 20266 40037 70165 86700 333

56500 59006=

48057 32458 62202 10264 20203 85950 333 56590=

48094 32460 62702 10330 20280 40040 86900 333 56600

59007=

48097 32557 62302 10305 20266 40046 83830 333 56990

59008=

48031 32257 60401 10265 20203 86800 333 56400=

48033 32563 41801 10350 20266 40012 84800 333 56400

59005=

48034 21456 82302 10285 20232 75355 8692/ 333 56599=

48039 32460 41401 10336 20257 82850 333 56110=

48043 21540 81803 10255 20246 76166 8672/ 333 56999=

48052 32468 42201 10366 20227 84800 333 56900=

48055 32556 40402 10295 20228 49997 84300 333 56100

59020=

48064 32560 80401 10310 20267 40010 84831 333 56449

59011=

48065 32557 61403 10337 20257 83870 333 56490=

48074 32457 71402 10320 20265 40026 83860 333 56440

59012=

48092 32458 82302 10305 20267 40024 70366 86770 333

56590 59002=

48093 32558 63601 10324 20265 86300 333 56300=

48107 21330 82701 10250 20250 40059 76066 8597/ 333

5677/ 58003=  





