13-MAY-2015 03 48001 3 2 4 50 6 09 01 10 250 20 205 3 0000 4 0092 5 0000 6 000 0 7 00 0 0 8 4 8 3 0 333 10 /// 58 005 6 000 0 7 0000 
13-MAY-2015 03 48004 3 2 5 60 4 22 01 10 270 20 226 3 0000 4 0000 5 0000 6 000 0 7 00 0 0 8 4 9 0 0 333 10 /// 58 000 6 000 0 7 0000 
13-MAY-2015 03 48008 2 2 5 56 6 04 01 10 288 20 215 3 0000 4 0085 5 0000 6 000 0 7 00 0 0 8 3 9 7 0 333 10 /// 58 015 6 000 0 7 0000 
13-MAY-2015 03 48010 3 2 5 56 6 13 01 10 290 20 230 3 0000 4 0088 5 0000 6 000 0 7 00 0 0 8 4 8 3 0 333 10 /// 58 010 6 000 0 7 0000 
13-MAY-2015 03 48018 2 2 5 58 5 14 01 10 280 20 220 3 0000 4 0073 5 0000 6 000 0 7 00 0 0 8 2 8 7 1 333 10 /// 58 002 6 000 0 7 0000 
13-MAY-2015 03 48019 3 2 9 60 0 04 01 10 285 20 220 3 0000 4 0084 5 0000 6 000 0 7 00 0 0 8 0 0 0 0 333 10 /// 58 014 6 000 0 7 0000 
13-MAY-2015 03 48020 3 2 9 58 0 36 02 10 320 20 236 3 0000 4 0000 5 0000 6 000 0 7 00 0 0 8 0 0 0 0 333 10 /// 58 000 6 000 0 7 0000 
13-MAY-2015 03 48025 3 1 9 30 0 14 01 10 320 20 215 3 0000 4 0097 5 0000 6 000 0 7 04 4 4 8 0 0 0 0 333 10 /// 58 023 6 000 0 7 0000 
13-MAY-2015 03 48030 3 2 9 57 0 22 02 10 188 20 096 3 0000 4 0000 5 0000 6 000 0 7 00 0 0 8 0 0 0 0 333 10 /// 58 000 6 000 0 7 0000 
13-MAY-2015 03 48031 3 1 9 60 0 04 01 10 240 20 095 3 0000 4 0000 5 0000 6 000 0 7 05 4 4 8 0 0 0 0 333 10 /// 58 000 6 000 0 7 0000 
13-MAY-2015 03 48033 3 2 9 62 0 09 01 10 340 20 240 3 0000 4 0064 5 0000 6 000 0 7 00 0 0 8 0 0 0 0 333 10 /// 59 014 6 000 0 7 0000 
13-MAY-2015 03 48034 3 2 4 57 1 23 02 10 250 20 205 3 0000 4 0000 5 0000 6 000 0 7 00 0 0 8 1 5 0 0 333 10 /// 58 000 6 000 0 7 0000 
13-MAY-2015 03 48035 3 2 5 60 4 12 02 10 265 20 191 3 0000 4 0088 5 0000 6 000 0 7 00 0 0 8 3 8 6 0 333 10 /// 58 000 6 000 0 7 0000 
13-MAY-2015 03 48037 3 2 9 57 0 36 01 10 321 20 236 3 0000 4 0053 5 0000 6 000 0 7 00 0 0 8 0 0 0 0 333 10 /// 59 018 6 000 0 7 0000 
13-MAY-2015 03 48039 2 2 4 59 3 22 01 10 325 20 236 3 0000 4 0000 5 0000 6 000 0 7 00 0 0 8 1 1 0 2 333 10 /// 58 000 6 000 0 7 0000 
13-MAY-2015 03 48042 2 2 5 57 1 18 03 10 345 20 240 3 0000 4 0073 5 0000 6 000 0 7 00 0 0 8 1 1 0 0 333 10 /// 59 004 6 000 0 7 0000 
13-MAY-2015 03 48043 3 2 6 56 1 18 06 10 275 20 203 3 0000 4 0000 5 0000 6 000 0 7 00 0 0 8 1 2 0 0 333 10 /// 58 000 6 000 0 7 0000 
13-MAY-2015 03 48045 2 1 9 56 0 14 01 10 250 20 126 3 0000 4 0000 5 0000 6 000 0 7 04 4 4 8 0 0 0 0 333 10 /// 58 000 6 000 0 7 0000 
13-MAY-2015 03 48048 3 2 5 58 6 18 01 10 350 20 219 3 0000 4 0074 5 0000 6 000 0 7 00 0 0 8 5 9 5 0 333 10 /// 58 002 6 000 0 7 0000 
13-MAY-2015 03 48051 2 2 5 59 1 36 01 10 300 20 250 3 0000 4 0000 5 0000 6 000 0 7 00 0 0 8 1 2 0 0 333 10 /// 58 000 6 000 0 7 0000 
13-MAY-2015 03 48052 3 2 4 70 2 22 01 10 350 20 219 3 0000 4 0000 5 0000 6 000 0 7 00 0 0 8 2 2 0 0 333 10 /// 58 000 6 000 0 7 0000 
13-MAY-2015 03 48053 3 2 4 50 6 18 05 10 320 20 248 3 0000 4 0095 5 0000 6 000 0 7 00 0 0 8 3 5 5 6 333 10 /// 58 018 6 000 0 7 0000 
13-MAY-2015 03 48055 2 2 5 56 2 04 02 10 258 20 215 3 0000 4 0088 5 0000 6 000 0 7 00 0 0 8 2 8 0 0 333 10 /// 58 002 6 000 0 7 0000 
13-MAY-2015 03 48057 2 2 4 58 5 14 01 10 240 20 191 3 0000 4 0000 5 0000 6 000 0 7 00 0 0 8 3 3 5 0 333 10 /// 58 000 6 000 0 7 0000 
13-MAY-2015 03 48060 2 1 4 40 6 00 00 10 267 20 226 3 0000 4 0105 5 0000 6 000 0 7 40 4 4 8 4 9 7 0 333 10 /// 58 021 6 000 0 7 0000 
13-MAY-2015 03 48062 3 2 5 58 6 00 00 10 320 20 280 3 0000 4 0100 5 0000 6 000 0 7 00 0 0 8 4 9 7 0 333 10 /// 58 003 6 000 0 7 0000 
13-MAY-2015 03 48064 3 2 9 60 0 04 01 10 350 20 240 3 0000 4 0074 5 0000 6 000 0 7 00 0 0 8 0 0 0 0 333 10 /// 58 001 6 000 0 7 0000 
13-MAY-2015 03 48065 3 2 9 60 1 22 04 10 358 20 235 3 0000 4 0000 5 0000 6 000 0 7 00 0 0 8 0 0 0 1 333 10 /// 58 000 6 000 0 7 0000 
13-MAY-2015 03 48071 3 2 4 58 3 32 03 10 320 20 281 3 0000 4 0097 5 0000 6 000 0 7 00 0 0 8 3 8 0 0 333 10 /// 58 004 6 000 0 7 0000 
13-MAY-2015 03 48072 3 2 4 59 4 00 00 10 325 20 258 3 0000 4 0000 5 0000 6 000 0 7 00 0 0 8 3 8 3 0 333 10 /// 58 000 6 000 0 7 0000 
13-MAY-2015 03 48074 3 2 5 59 1 14 02 10 320 20 265 3 0000 4 0102 5 0000 6 000 0 7 00 0 0 8 1 1 0 0 333 10 /// 58 008 6 000 0 7 0000 
13-MAY-2015 03 48075 3 2 9 57 0 22 01 10 280 20 220 3 0000 4 0092 5 0000 6 000 0 7 00 0 0 8 0 0 0 0 333 10 /// 59 003 6 000 0 7 0000 
13-MAY-2015 03 48077 3 2 9 59 0 23 01 10 320 20 236 3 0000 4 0077 5 0000 6 000 0 7 00 0 0 8 0 0 0 0 333 10 /// 59 003 6 000 0 7 0000 
13-MAY-2015 03 48078 3 2 5 56 2 18 01 10 332 20 258 3 0000 4 0098 5 0000 6 000 0 7 00 0 0 8 1 5 0 1 333 10 /// 59 000 6 000 0 7 0000 
13-MAY-2015 03 48080 2 2 4 59 6 04 05 10 301 20 266 3 0000 4 0111 5 0000 6 000 0 7 00 0 0 8 4 8 7 0 333 10 /// 59 007 6 000 0 7 0000 
13-MAY-2015 03 48085 3 2 4 58 3 32 04 10 325 20 265 3 0000 4 0098 5 0000 6 000 0 7 00 0 0 8 3 3 0 0 333 10 /// 58 002 6 000 0 7 0000 
13-MAY-2015 03 48087 3 2 9 60 0 23 01 10 327 20 224 3 0000 4 0000 5 0000 6 000 0 7 00 0 0 8 0 0 0 0 333 10 /// 58 000 6 000 0 7 0000 
13-MAY-2015 03 48092 3 2 4 58 2 27 02 10 325 20 246 3 0000 4 0080 5 0000 6 000 0 7 00 0 0 8 2 1 0 0 333 10 /// 59 001 6 000 0 7 0000 
13-MAY-2015 03 48093 3 2 6 58 2 23 01 10 327 20 258 3 0000 4 0000 5 0000 6 000 0 7 00 0 0 8 2 8 0 0 333 10 /// 58 000 6 000 0 7 0000 
13-MAY-2015 03 48094 3 2 4 59 3 32 02 10 330 20 260 3 0000 4 0098 5 0000 6 000 0 7 00 0 0 8 3 9 0 0 333 10 /// 58 001 6 000 0 7 0000 
13-MAY-2015 03 48095 3 2 4 58 4 22 01 10 330 20 258 3 0000 4 0000 5 0000 6 000 0 7 00 0 0 8 2 9 4 0 333 10 /// 58 000 6 000 0 7 0000 
13-MAY-2015 03 48097 3 2 5 57 6 15 02 10 325 20 246 3 0000 4 0103 5 0000 6 000 0 7 00 0 0 8 6 8 0 0 333 10 /// 58 005 6 000 0 7 0000 
13-MAY-2015 03 48099 3 2 4 56 6 23 01 10 330 20 258 3 0000 4 0097 5 0000 6 000 0 7 00 0 0 8 4 9 3 1 333 10 /// 59 002 6 000 0 7 0000 
13-MAY-2015 03 48101 3 2 5 59 4 32 02 10 320 20 265 3 0000 4 0000 5 0000 6 000 0 7 00 0 0 8 4 2 0 0 333 10 /// 58 000 6 000 0 7 0000 
13-MAY-2015 03 48103 3 2 5 57 6 22 01 10 332 20 258 3 0000 4 0096 5 0000 6 000 0 7 00 0 0 8 6 9 0 0 333 10 /// 59 009 6 000 0 7 0000 
13-MAY-2015 03 48107 3 2 3 50 4 27 01 10 314 20 254 3 0000 4 0097 5 0000 6 000 0 7 00 0 0 8 4 9 0 0 333 10 /// 59 004 6 000 0 7 0000 
13-MAY-2015 03 48108 3 2 5 98 7 14 03 10 325 20 262 3 0000 4 0109 5 0000 6 000 0 7 00 0 0 8 3 3 6 6 333 10 /// 58 003 6 000 0 7 0000 
13-MAY-2015 03 48110 3 1 5 96 6 18 02 10 315 20 259 3 0000 4 0108 5 0000 6 000 0 7 05 2 2 8 3 3 0 6 333 10 /// 59 003 6 000 0 7 0000 
13-MAY-2015 03 48112 3 2 5 97 8 27 01 10 318 20 265 3 0000 4 0108 5 0000 6 000 0 7 00 0 0 8 3 8 7 6 333 10 /// 59 005 6 000 0 7 0000 
