13-MAR-2015 06 48004 3 1 0 56 0 13 01 10 291 20 159 3 0000 4 0000 5 0000 6 000 0 7 05 1 1 8 0 0 0 0 333 10 /// 58 000 6 000 0 7 0000 
13-MAR-2015 06 48008 3 1 0 57 0 04 01 10 310 20 146 3 0000 4 0106 5 0000 6 000 0 7 05 4 4 8 0 0 0 0 333 10 /// 59 015 6 000 0 7 0000 
13-MAR-2015 06 48010 3 1 0 60 0 18 01 10 290 20 159 3 0000 4 0119 5 0000 6 000 0 7 02 4 4 8 0 0 0 0 333 10 /// 59 017 6 000 0 7 0000 
13-MAR-2015 06 48018 3 1 9 60 0 22 02 10 305 20 149 3 0000 4 0144 5 0000 6 000 0 7 02 4 4 8 0 0 0 0 333 10 /// 59 016 6 000 0 7 0000 
13-MAR-2015 06 48019 3 1 9 58 0 32 02 10 283 20 184 3 0000 4 0114 5 0000 6 000 0 7 05 0 0 8 0 0 0 0 333 10 /// 59 020 6 000 0 7 0000 
13-MAR-2015 06 48020 3 1 9 58 0 04 02 10 320 20 184 3 0000 4 0000 5 0000 6 000 0 7 05 0 0 8 0 0 0 0 333 10 /// 58 000 6 000 0 7 0000 
13-MAR-2015 06 48025 3 1 4 30 1 32 01 10 300 20 069 3 0000 4 0212 5 0000 6 000 0 7 05 4 4 8 1 1 0 0 333 10 /// 59 014 6 000 0 7 0000 
13-MAR-2015 06 48030 3 1 9 56 0 04 02 10 247 20 000 3 0000 4 0000 5 0000 6 000 0 7 00 0 0 8 0 0 0 0 333 10 /// 58 000 6 000 0   333= 
13-MAR-2015 06 48031 3 1 9 60 0 04 01 10 265 20 000 3 0000 4 0000 5 0000 6 000 0 7 00 0 0 8 0 0 0 0 333 10 /// 58 000 6 000 0   333= 
13-MAR-2015 06 48033 3 2 9 63 0 18 01 10 320 20 215 3 0000 4 0102 5 0000 6 000 0 7 00 0 0 8 0 0 0 0 333 10 /// 59 010 6 000 0 7 0000 
13-MAR-2015 06 48034 3 1 9 58 0 18 02 10 298 20 098 3 0000 4 0000 5 0000 6 000 0 7 05 0 0 8 0 0 0 0 333 10 /// 58 000 6 000 0 7 0000 
13-MAR-2015 06 48035 3 1 9 10 0 00 00 10 296 20 069 3 0000 4 0081 5 0000 6 000 0 7 04 0 0 8 0 0 0 0 333 10 /// 59 030 6 000 0 7 0000 
13-MAR-2015 06 48037 3 1 9 50 0 36 01 10 336 20 098 3 0000 4 0097 5 0000 6 000 0 7 04 0 0 8 0 0 0 0 333 10 /// 59 027 6 000 0 7 0000 
13-MAR-2015 06 48039 3 1 9 50 3 14 01 10 340 20 164 3 0000 4 0000 5 0000 6 000 0 7 05 1 1 8 0 0 0 2 333 10 /// 58 000 6 000 0 7 0000 
13-MAR-2015 06 48042 3 1 9 56 0 18 02 10 350 20 182 3 0000 4 0109 5 0000 6 000 0 7 05 0 0 8 0 0 0 0 333 10 /// 59 007 6 000 0 7 0000 
13-MAR-2015 06 48043 3 2 0 95 0 18 05 10 300 20 149 3 0000 4 0000 5 0000 6 000 0 7 00 0 0 8 0 0 0 0 333 10 /// 58 000 6 000 0 7 0000 
13-MAR-2015 06 48045 3 1 9 58 0 14 03 10 265 20 113 3 0000 4 0000 5 0000 6 000 0 7 04 0 0 8 0 0 0 0 333 10 /// 58 000 6 000 0 7 0000 
13-MAR-2015 06 48048 3 2 9 62 0 36 01 10 335 20 145 3 0000 4 0115 5 0000 6 000 0 7 00 0 0 8 0 0 0 0 333 10 /// 59 027 6 000 0 7 0000 
13-MAR-2015 06 48051 3 2 9 59 0 04 01 10 330 20 110 3 0000 4 0000 5 0000 6 000 0 7 02 0 0 8 0 0 0 0 333 10 /// 58 000 6 000 0 7 0000 
13-MAR-2015 06 48052 3 2 9 70 0 32 03 10 330 20 106 3 0000 4 0000 5 0000 6 000 0 7 00 0 0 8 0 0 0 0 333 10 /// 58 000 6 000 0 7 0000 
13-MAR-2015 06 48053 3 2 9 50 0 18 03 10 360 20 195 3 0000 4 0108 5 0000 6 000 0 7 00 0 0 8 0 0 0 0 333 10 /// 59 016 6 000 0 7 0000 
13-MAR-2015 06 48055 3 1 9 56 0 23 03 10 325 20 212 3 0000 4 0078 5 0000 6 000 0 7 05 0 0 8 0 0 0 0 333 10 /// 59 015 6 000 0 7 0000 
13-MAR-2015 06 48057 3 2 9 57 0 18 03 10 290 20 115 3 0000 4 0000 5 0000 6 000 0 7 00 0 0 8 0 0 0 0 333 10 /// 58 000 6 000 0 7 0000 
13-MAR-2015 06 48060 3 2 9 40 0 00 00 10 283 20 146 3 0000 4 0106 5 0000 6 000 0 7 00 0 0 8 0 0 0 0 333 10 /// 59 001 6 000 0 7 0000 
13-MAR-2015 06 48062 3 2 9 57 0 27 02 10 320 20 250 3 0000 4 0136 5 0000 6 000 0 7 00 0 0 8 0 0 0 0 333 10 /// 59 005 6 000 0 7 0000 
13-MAR-2015 06 48064 3 2 9 70 0 14 01 10 355 20 195 3 0000 4 0104 5 0000 6 000 0 7 00 0 0 8 0 0 0 0 333 10 /// 59 010 6 000 0 7 0000 
13-MAR-2015 06 48065 3 2 9 70 0 00 00 10 340 20 125 3 0000 4 0000 5 0000 6 000 0 7 00 0 0 8 0 0 0 0 333 10 /// 58 000 6 000 0 7 0000 
13-MAR-2015 06 48071 3 2 9 60 0 32 02 10 285 20 215 3 0000 4 0136 5 0000 6 000 0 7 00 0 0 8 0 0 0 0 333 10 /// 59 005 6 000 0 7 0000 
13-MAR-2015 06 48072 3 2 9 60 0 27 02 10 295 20 215 3 0000 4 0000 5 0000 6 000 0 7 01 2 2 8 0 0 0 0 333 10 /// 58 000 6 000 0 7 0000 
13-MAR-2015 06 48074 3 2 9 61 0 23 05 10 350 20 182 3 0000 4 0114 5 0000 6 000 0 7 00 0 0 8 0 0 0 0 333 10 /// 59 026 6 000 0 7 0000 
13-MAR-2015 06 48075 3 1 9 57 0 27 01 10 320 20 089 3 0000 4 0091 5 0000 6 000 0 7 05 0 0 8 0 0 0 0 333 10 /// 59 014 6 000 0 7 0000 
13-MAR-2015 06 48077 3 2 9 58 0 23 01 10 357 20 156 3 0000 4 0107 5 0000 6 000 0 7 00 0 0 8 0 0 0 0 333 10 /// 59 013 6 000 0 7 0000 
13-MAR-2015 06 48078 3 2 9 57 1 18 01 10 360 20 195 3 0000 4 0119 5 0000 6 000 0 7 00 0 0 8 0 0 0 1 333 10 /// 59 013 6 000 0 7 0000 
13-MAR-2015 06 48080 3 2 9 61 0 22 04 10 332 20 212 3 0000 4 0113 5 0000 6 000 0 7 00 0 0 8 0 0 0 0 333 10 /// 59 010 6 000 0 7 0000 
13-MAR-2015 06 48085 3 2 9 58 0 27 06 10 304 20 223 3 0000 4 0125 5 0000 6 000 0 7 00 0 0 8 0 0 0 0 333 10 /// 59 015 6 000 0 7 0000 
13-MAR-2015 06 48087 3 2 9 60 0 23 01 10 356 20 156 3 0000 4 0000 5 0000 6 000 0 7 00 0 0 8 0 0 0 0 333 10 /// 58 000 6 000 0 7 0000 
13-MAR-2015 06 48092 3 2 9 59 0 18 02 10 320 20 200 3 0000 4 0094 5 0000 6 000 0 7 00 0 0 8 0 0 0 0 333 10 /// 59 022 6 000 0 7 0000 
13-MAR-2015 06 48093 3 2 9 58 0 32 01 10 344 20 206 3 0000 4 0000 5 0000 6 000 0 7 00 0 0 8 0 0 0 0 333 10 /// 58 000 6 000 0 7 0000 
13-MAR-2015 06 48094 3 2 9 60 0 32 02 10 355 20 230 3 0000 4 0122 5 0000 6 000 0 7 00 0 0 8 0 0 0 0 333 10 /// 59 010 6 000 0 7 0000 
13-MAR-2015 06 48095 3 2 9 60 0 22 01 10 360 20 195 3 0000 4 0000 5 0000 6 000 0 7 00 0 0 8 0 0 0 0 333 10 /// 58 000 6 000 0 7 0000 
13-MAR-2015 06 48096 3 2 0 59 0 18 05 10 360 20 156 3 0000 4 0123 5 0000 6 000 0 7 00 0 0 8 0 0 0 0 333 10 /// 59 012 6 000 0 7 0000 
13-MAR-2015 06 48097 3 2 9 57 0 23 02 10 365 20 110 3 0000 4 0131 5 0000 6 000 0 7 00 0 0 8 0 0 0 0 333 10 /// 59 003 6 000 0 7 0000 
13-MAR-2015 06 48099 3 2 4 56 2 23 04 10 353 20 219 3 0000 4 0121 5 0000 6 000 0 7 00 0 0 8 2 5 0 0 333 10 /// 59 013 6 000 0 7 0000 
13-MAR-2015 06 48101 3 2 9 60 0 27 01 10 326 20 201 3 0000 4 0000 5 0000 6 000 0 7 00 0 0 8 0 0 0 0 333 10 /// 58 000 6 000 0 7 0000 
13-MAR-2015 06 48103 3 2 4 57 3 13 01 10 349 20 219 3 0000 4 0126 5 0000 6 000 0 7 00 0 0 8 3 8 0 0 333 10 /// 59 006 6 000 0 7 0000 
13-MAR-2015 06 48107 3 2 9 50 0 27 01 10 350 20 182 3 0000 4 0115 5 0000 6 000 0 7 00 0 0 8 0 0 0 0 333 10 /// 59 012 6 000 0 7 0000 
13-MAR-2015 06 48108 3 2 5 96 6 23 08 10 355 20 217 3 0000 4 0131 5 0000 6 000 0 7 00 0 0 8 3 3 6 6 333 10 /// 59 019 6 000 0 7 0000 
13-MAR-2015 06 48109 3 2 9 97 0 04 01 10 318 20 236 3 0000 4 0149 5 0000 6 000 0 7 02 2 2 8 0 0 0 0 333 10 /// 59 008 6 000 0 7 0000 
13-MAR-2015 06 48110 3 2 5 96 8 32 02 10 330 20 244 3 0000 4 0134 5 0000 6 000 0 7 00 0 0 8 4 3 0 7 333 10 /// 59 006 6 000 0 7 0000 
13-MAR-2015 06 48112 3 2 5 97 8 04 02 10 330 20 234 3 0000 4 0130 5 0000 6 000 0 7 03 2 2 8 3 8 7 6 333 10 /// 59 012 6 000 0 7 0000 
