130900 48004 31556 11301 10322 20184 70511 81100 333 56900=
130900 48008 31057 00401 10340 20125 40080 70544 333 59010=
130900 48010 32060 03601 10340 20184 40078 333 59010=
130900 48018 32960 03601 10350 20158 40090 333 58002=
130900 48019 31958 03201 10328 20191 40084 70500 333 59007=
130900 48025 31430 10401 10302 20149 40072 70544 81500 333 56900 59017=
130900 48030 31956 02203 10260 29015 70544 333=
130900 48031 31960 00401 10260 29015 70500 333=
130900 48033 32963 02701 10350 20202 40076 333 58002=
130900 48034 31958 02304 10317 20089 70500 333=
130900 48035 31920 02201 10330 20041 40044 70400 333 59021=
130900 48037 31950 03601 10380 20150 40064 70400 333 59016=
130900 48039 32956 32201 10378 20150 80002 333 56009=
130900 48042 32957 02202 10387 20131 40069 333 59008=
130900 48043 32059 03205 10310 20169 333=
130900 48045 31957 01402 10292 20140 70400 333=
130900 48048 32962 03601 10375 20159 40086 333 59004=
130900 48051 32960 03101 10378 20110 70200 333=
130900 48052 32970 02202 10400 20176 333=
130900 48053 32950 01803 10390 20198 40065 333 58018=
130900 48055 31956 02704 10342 20105 40032 70500 333 59008=
130900 48057 32457 11402 10298 20098 81500 333 56500=
130900 48060 32940 02201 10338 20125 40056 333 59014=
130900 48062 32957 02708 10310 20240 40105 333 59006=
130900 48064 32970 00901 10368 20207 40055 333 59007=
130900 48065 32970 00401 10385 20112 333=
130900 48071 32960 02703 10305 20225 40109 333 59011=
130900 48072 32960 00404 10330 20258 70222 333=
130900 48074 32961 00901 10390 20177 40076 333 59010=
130900 48075 31957 02204 10350 20047 40066 70500 333 58003=
130900 48077 32958 02301 10400 20176 40070 333 59015=
130900 48078 32958 11401 10397 20217 40078 80001 333 56009 59003=
130900 48080 32960 02206 10334 20234 40090 333 59007=
130900 48085 32958 03205 10310 20225 40105 333 59004=
130900 48092 32960 02303 10380 20255 40070 333 59016=
130900 48093 32958 02301 10379 20159 333=
130900 48094 32960 03203 10360 20200 40101 333 59005=
130900 48095 32960 02702 10375 20207 333=
130900 48096 32059 02610 10380 20079 40097 333 59004=
130900 48097 32957 02305 10375 20088 40111 333 59009=
130900 48099 32560 42305 10375 20240 40089 84800 333 56500 59006=
130900 48101 32961 02302 10343 20225 333=
130900 48103 32457 21301 10355 20214 40096 82800 333 56300 59008=
130900 48107 32950 02302 10340 20184 40098 333 59007=
130900 48108 32596 73210 10355 20236 40107 83866 333 56799 59010=
130900 48109 32997 00401 10328 20234 40122 70222 333 59001=
130900 48110 32596 63203 10340 20263 40109 83306 333 56909 59008=
130900 48112 32597 83602 10350 20240 40110 70222 83876 333 56899 58002=  48001 NIL=
130900 48004 31556 11301 10322 20184 70511 81100 333 56900=
130900 48008 31057 00401 10340 20125 40080 70544 333 59010=
130900 48010 32060 03601 10340 20184 40078 333 59010=
130900 48018 32960 03601 10350 20158 40090 333 58002=
130900 48019 31958 03201 10328 20191 40084 70500 333 59007=
130900 48025 31430 10401 10302 20149 40072 70544 81500 333 56900 59017=
130900 48035 31920 02201 10330 20041 40044 70400 333 59021=
130900 48037 31950 03601 10380 20150 40064 70400 333 59016=
130900 48042 32957 02202 10387 20131 40069 333 59008=
130900 48045 31957 01402 10292 20140 70400 333=
130900 48048 32962 03601 10375 20159 40086 333 59004=
130900 48051 32960 03101 10378 20110 70200 333=
130900 48053 32950 01803 10390 20198 40065 333 58018=
130900 48060 32940 02201 10338 20125 40056 333 59014=
130900 48062 32957 02708 10310 20240 40105 333 59006=
130900 48071 32960 02703 10305 20225 40109 333 59011=
130900 48075 31957 02204 10350 20047 40066 70500 333 58003=
130900 48077 32958 02301 10400 20176 40070 333 59015=
130900 48078 32958 11401 10397 20217 40078 80001 333 56009 59003=
130900 48080 32960 02206 10334 20234 40090 333 59007=
130900 48085 32958 03205 10310 20225 40105 333 59004=
130900 48095 32960 02702 10375 20207 333=
130900 48108 32596 73210 10355 20236 40107 83866 333 56799 59010=
130900 48109 32997 00401 10328 20234 40122 70222 333 59001=
130900 48110 32596 63203 10340 20263 40109 83306 333 56909 59008=
130900 48112 32597 83602 10350 20240 40110 70222 83876 333 56899 58002=
130900 48030 31956 02203 10260 29015 70544 333=
130900 48072 32960 00404 10330 20258 70222 333=
130900 48099 32560 42305 10375 20240 40089 84800 333 56500 59006=
130900 48101 32961 02302 10343 20225 333=
130900 48103 32457 21301 10355 20214 40096 82800 333 56300 59008=
130900 48057 32457 11402 10298 20098 81500 333 56500=
130900 48094 32960 03203 10360 20200 40101 333 59005=
130900 48097 32957 02305 10375 20088 40111 333 59009=
130900 48031 31960 00401 10260 29015 70500 333=
130900 48033 32963 02701 10350 20202 40076 333 58002=
130900 48034 31958 02304 10317 20089 70500 333=
130900 48039 32956 32201 10378 20150 80002 333 56009=
130900 48043 32059 03205 10310 20169 333=
130900 48052 32970 02202 10400 20176 333=
130900 48055 31956 02704 10342 20105 40032 70500 333 59008=
130900 48064 32970 00901 10368 20207 40055 333 59007=
130900 48065 32970 00401 10385 20112 333=
130900 48074 32961 00901 10390 20177 40076 333 59010=
130900 48092 32960 02303 10380 20255 40070 333 59016=
130900 48093 32958 02301 10379 20159 333=
130900 48107 32950 02302 10340 20184 40098 333 59007=  
