131800 48008 31510 10000 10240 20191 40103 71044 81400 333 56400 58008=
131800 48010 31001 00000 10195 20185 40110 70244 333 59005=
131800 48018 32920 01401 10210 20175 40110 333 59011=
131800 48025 31905 02201 10240 20095 40101 70544 333 59014=
131800 48042 32950 00000 10267 20191 40096 333 58004=
131800 48053 32940 00000 10250 20105 40105 333 59007=
131800 48057 32957 01401 10210 20160 333=
131800 48060 32910 00000 10162 20123 40141 333 59002=
131800 48062 32940 03206 10240 20210 40128 70500 333 58008=
131800 48071 32920 03203 10260 20203 40121 333 58010=
131800 48078 32950 11803 10275 20206 40130 80001 333 56009 58004=
131800 48080 31950 00000 10175 20135 40152 70500 333 58022=
131800 48094 32950 00000 10238 20210 40136 333 58012=
131800 48097 32956 02305 10250 20186 40133 333 58003=
131800 48108 32595 43201 10275 20236 40152 82406 333 56909 58009=
131800 48109 32995 00000 10250 20219 40138 70222 333 58014=
131800 48110 31594 81302 10270 20226 40148 71399 84307 333 56209 58018=
131800 48112 32597 80402 10272 20226 40136 83876 333 56199 58012=
131800 48099 32930 00000 10270 20240 40136 333 58015=
131800 48103 32510 22201 10253 20219 40119 82500 333 56500 58003=  
