13-MAR-2015 09 48004 3 1 5 56 1 13 01 10 322 20 184 3 0000 4 0000 5 0000 6 000 0 7 05 1 1 8 1 1 0 0 333 10 /// 58 000 6 000 0 7 0000 
13-MAR-2015 09 48008 3 1 0 57 0 04 01 10 340 20 125 3 0000 4 0080 5 0000 6 000 0 7 05 4 4 8 0 0 0 0 333 10 /// 59 010 6 000 0 7 0000 
13-MAR-2015 09 48010 3 2 0 60 0 36 01 10 340 20 184 3 0000 4 0078 5 0000 6 000 0 7 00 0 0 8 0 0 0 0 333 10 /// 59 010 6 000 0 7 0000 
13-MAR-2015 09 48018 3 2 9 60 0 36 01 10 350 20 158 3 0000 4 0090 5 0000 6 000 0 7 00 0 0 8 0 0 0 0 333 10 /// 58 002 6 000 0 7 0000 
13-MAR-2015 09 48019 3 1 9 58 0 32 01 10 328 20 191 3 0000 4 0084 5 0000 6 000 0 7 05 0 0 8 0 0 0 0 333 10 /// 59 007 6 000 0 7 0000 
13-MAR-2015 09 48025 3 1 4 30 1 04 01 10 302 20 149 3 0000 4 0072 5 0000 6 000 0 7 05 4 4 8 1 5 0 0 333 10 /// 59 017 6 000 0 7 0000 
13-MAR-2015 09 48030 3 1 9 56 0 22 03 10 260 20 000 3 0000 4 0000 5 0000 6 000 0 7 00 0 0 8 0 0 0 0 333 10 /// 58 000 6 000 0   333= 
13-MAR-2015 09 48031 3 1 9 60 0 04 01 10 260 20 000 3 0000 4 0000 5 0000 6 000 0 7 00 0 0 8 0 0 0 0 333 10 /// 58 000 6 000 0   333= 
13-MAR-2015 09 48033 3 2 9 63 0 27 01 10 350 20 202 3 0000 4 0076 5 0000 6 000 0 7 00 0 0 8 0 0 0 0 333 10 /// 58 002 6 000 0 7 0000 
13-MAR-2015 09 48034 3 1 9 58 0 23 04 10 317 20 089 3 0000 4 0000 5 0000 6 000 0 7 05 0 0 8 0 0 0 0 333 10 /// 58 000 6 000 0 7 0000 
13-MAR-2015 09 48035 3 1 9 20 0 22 01 10 330 20 041 3 0000 4 0044 5 0000 6 000 0 7 04 0 0 8 0 0 0 0 333 10 /// 59 021 6 000 0 7 0000 
13-MAR-2015 09 48037 3 1 9 50 0 36 01 10 380 20 150 3 0000 4 0064 5 0000 6 000 0 7 04 0 0 8 0 0 0 0 333 10 /// 59 016 6 000 0 7 0000 
13-MAR-2015 09 48039 3 2 9 56 3 22 01 10 378 20 150 3 0000 4 0000 5 0000 6 000 0 7 00 0 0 8 0 0 0 2 333 10 /// 58 000 6 000 0 7 0000 
13-MAR-2015 09 48042 3 2 9 57 0 22 02 10 387 20 131 3 0000 4 0069 5 0000 6 000 0 7 00 0 0 8 0 0 0 0 333 10 /// 59 008 6 000 0 7 0000 
13-MAR-2015 09 48043 3 2 0 59 0 32 05 10 310 20 169 3 0000 4 0000 5 0000 6 000 0 7 00 0 0 8 0 0 0 0 333 10 /// 58 000 6 000 0 7 0000 
13-MAR-2015 09 48045 3 1 9 57 0 14 02 10 292 20 140 3 0000 4 0000 5 0000 6 000 0 7 04 0 0 8 0 0 0 0 333 10 /// 58 000 6 000 0 7 0000 
13-MAR-2015 09 48048 3 2 9 62 0 36 01 10 375 20 159 3 0000 4 0086 5 0000 6 000 0 7 00 0 0 8 0 0 0 0 333 10 /// 59 004 6 000 0 7 0000 
13-MAR-2015 09 48051 3 2 9 60 0 31 01 10 378 20 110 3 0000 4 0000 5 0000 6 000 0 7 02 0 0 8 0 0 0 0 333 10 /// 58 000 6 000 0 7 0000 
13-MAR-2015 09 48052 3 2 9 70 0 22 02 10 400 20 176 3 0000 4 0000 5 0000 6 000 0 7 00 0 0 8 0 0 0 0 333 10 /// 58 000 6 000 0 7 0000 
13-MAR-2015 09 48053 3 2 9 50 0 18 03 10 390 20 198 3 0000 4 0065 5 0000 6 000 0 7 00 0 0 8 0 0 0 0 333 10 /// 58 018 6 000 0 7 0000 
13-MAR-2015 09 48055 3 1 9 56 0 27 04 10 342 20 105 3 0000 4 0032 5 0000 6 000 0 7 05 0 0 8 0 0 0 0 333 10 /// 59 008 6 000 0 7 0000 
13-MAR-2015 09 48057 3 2 4 57 1 14 02 10 298 20 098 3 0000 4 0000 5 0000 6 000 0 7 00 0 0 8 1 5 0 0 333 10 /// 58 000 6 000 0 7 0000 
13-MAR-2015 09 48060 3 2 9 40 0 22 01 10 338 20 125 3 0000 4 0056 5 0000 6 000 0 7 00 0 0 8 0 0 0 0 333 10 /// 59 014 6 000 0 7 0000 
13-MAR-2015 09 48062 3 2 9 57 0 27 08 10 310 20 240 3 0000 4 0105 5 0000 6 000 0 7 00 0 0 8 0 0 0 0 333 10 /// 59 006 6 000 0 7 0000 
13-MAR-2015 09 48064 3 2 9 70 0 09 01 10 368 20 207 3 0000 4 0055 5 0000 6 000 0 7 00 0 0 8 0 0 0 0 333 10 /// 59 007 6 000 0 7 0000 
13-MAR-2015 09 48065 3 2 9 70 0 04 01 10 385 20 112 3 0000 4 0000 5 0000 6 000 0 7 00 0 0 8 0 0 0 0 333 10 /// 58 000 6 000 0 7 0000 
13-MAR-2015 09 48071 3 2 9 60 0 27 03 10 305 20 225 3 0000 4 0109 5 0000 6 000 0 7 00 0 0 8 0 0 0 0 333 10 /// 59 011 6 000 0 7 0000 
13-MAR-2015 09 48072 3 2 9 60 0 04 04 10 330 20 258 3 0000 4 0000 5 0000 6 000 0 7 02 2 2 8 0 0 0 0 333 10 /// 58 000 6 000 0 7 0000 
13-MAR-2015 09 48074 3 2 9 61 0 09 01 10 390 20 177 3 0000 4 0076 5 0000 6 000 0 7 00 0 0 8 0 0 0 0 333 10 /// 59 010 6 000 0 7 0000 
13-MAR-2015 09 48075 3 1 9 57 0 22 04 10 350 20 047 3 0000 4 0066 5 0000 6 000 0 7 05 0 0 8 0 0 0 0 333 10 /// 58 003 6 000 0 7 0000 
13-MAR-2015 09 48077 3 2 9 58 0 23 01 10 400 20 176 3 0000 4 0070 5 0000 6 000 0 7 00 0 0 8 0 0 0 0 333 10 /// 59 015 6 000 0 7 0000 
13-MAR-2015 09 48078 3 2 9 58 1 14 01 10 397 20 217 3 0000 4 0078 5 0000 6 000 0 7 00 0 0 8 0 0 0 1 333 10 /// 59 003 6 000 0 7 0000 
13-MAR-2015 09 48080 3 2 9 60 0 22 06 10 334 20 234 3 0000 4 0090 5 0000 6 000 0 7 00 0 0 8 0 0 0 0 333 10 /// 59 007 6 000 0 7 0000 
13-MAR-2015 09 48085 3 2 9 58 0 32 05 10 310 20 225 3 0000 4 0105 5 0000 6 000 0 7 00 0 0 8 0 0 0 0 333 10 /// 59 004 6 000 0 7 0000 
13-MAR-2015 09 48092 3 2 9 60 0 23 03 10 380 20 255 3 0000 4 0070 5 0000 6 000 0 7 00 0 0 8 0 0 0 0 333 10 /// 59 016 6 000 0 7 0000 
13-MAR-2015 09 48093 3 2 9 58 0 23 01 10 379 20 159 3 0000 4 0000 5 0000 6 000 0 7 00 0 0 8 0 0 0 0 333 10 /// 58 000 6 000 0 7 0000 
13-MAR-2015 09 48094 3 2 9 60 0 32 03 10 360 20 200 3 0000 4 0101 5 0000 6 000 0 7 00 0 0 8 0 0 0 0 333 10 /// 59 005 6 000 0 7 0000 
13-MAR-2015 09 48095 3 2 9 60 0 27 02 10 375 20 207 3 0000 4 0000 5 0000 6 000 0 7 00 0 0 8 0 0 0 0 333 10 /// 58 000 6 000 0 7 0000 
13-MAR-2015 09 48096 3 2 0 59 0 26 10 10 380 20 079 3 0000 4 0097 5 0000 6 000 0 7 00 0 0 8 0 0 0 0 333 10 /// 59 004 6 000 0 7 0000 
13-MAR-2015 09 48097 3 2 9 57 0 23 05 10 375 20 088 3 0000 4 0111 5 0000 6 000 0 7 00 0 0 8 0 0 0 0 333 10 /// 59 009 6 000 0 7 0000 
13-MAR-2015 09 48099 3 2 5 60 4 23 05 10 375 20 240 3 0000 4 0089 5 0000 6 000 0 7 00 0 0 8 4 8 0 0 333 10 /// 59 006 6 000 0 7 0000 
13-MAR-2015 09 48101 3 2 9 61 0 23 02 10 343 20 225 3 0000 4 0000 5 0000 6 000 0 7 00 0 0 8 0 0 0 0 333 10 /// 58 000 6 000 0 7 0000 
13-MAR-2015 09 48103 3 2 4 57 2 13 01 10 355 20 214 3 0000 4 0096 5 0000 6 000 0 7 00 0 0 8 2 8 0 0 333 10 /// 59 008 6 000 0 7 0000 
13-MAR-2015 09 48107 3 2 9 50 0 23 02 10 340 20 184 3 0000 4 0098 5 0000 6 000 0 7 00 0 0 8 0 0 0 0 333 10 /// 59 007 6 000 0 7 0000 
13-MAR-2015 09 48108 3 2 5 96 7 32 10 10 355 20 236 3 0000 4 0107 5 0000 6 000 0 7 00 0 0 8 3 8 6 6 333 10 /// 59 010 6 000 0 7 0000 
13-MAR-2015 09 48109 3 2 9 97 0 04 01 10 328 20 234 3 0000 4 0122 5 0000 6 000 0 7 02 2 2 8 0 0 0 0 333 10 /// 59 001 6 000 0 7 0000 
13-MAR-2015 09 48110 3 2 5 96 6 32 03 10 340 20 263 3 0000 4 0109 5 0000 6 000 0 7 00 0 0 8 3 3 0 6 333 10 /// 59 008 6 000 0 7 0000 
13-MAR-2015 09 48112 3 2 5 97 8 36 02 10 350 20 240 3 0000 4 0110 5 0000 6 000 0 7 02 2 2 8 3 8 7 6 333 10 /// 58 002 6 000 0 7 0000 
