48001 32450 60901 10250 20205 40092 84830 333 56810 58005=
48004 32560 42201 10270 20226 84900 333 56500=
48008 22556 60401 10288 20215 40085 83970 333 56450 58015=
48010 32556 61301 10290 20230 40088 84830 333 56590 58010=
48018 22558 51401 10280 20220 40073 82871 333 56329 58002=
48019 32960 00401 10285 20220 40084 333 58014=
48020 32958 03602 10320 20236 333=
48025 31930 01401 10320 20215 40097 70444 333 58023=
48030 32957 02202 10188 20096 333=
48031 31960 00401 10240 20095 70544 333=
48033 32962 00901 10340 20240 40064 333 59014=
48034 32457 12302 10250 20205 81500 333 56500=
48035 32560 41202 10265 20191 40088 83860 333 56790 58000=
48037 32957 03601 10321 20236 40053 333 59018=
48039 22459 32201 10325 20236 81102 333 56509=
48042 22557 11803 10345 20240 40073 81100 333 56900 59004=
48043 32656 11806 10275 20203 81200 333 56900=
48045 21956 01401 10250 20126 70444 333=
48048 32558 61801 10350 20219 40074 85950 333 56590 58002=
48051 22559 13601 10300 20250 81200 333 56900=
48052 32470 22201 10350 20219 82200 333 56900=
48053 32450 61805 10320 20248 40095 83556 333 56699 58018=
48055 22556 20402 10258 20215 40088 82800 333 56500 58002=
48057 22458 51401 10240 20191 83350 333 56490=
48060 21440 60000 10267 20226 40105 74044 84970 333 56560 58021=
48062 32558 60000 10320 20280 40100 84970 333 56990 58003=
48064 32960 00401 10350 20240 40074 333 58001=
48065 32960 12204 10358 20235 80001 333 56009=
48071 32458 33203 10320 20281 40097 83800 333 56900 58004=
48072 32459 40000 10325 20258 83830 333 56790=
48074 32559 11402 10320 20265 40102 81100 333 56900 58008=
48075 32957 02201 10280 20220 40092 333 59003=
48077 32959 02301 10320 20236 40077 333 59003=
48078 32556 21801 10332 20258 40098 81501 333 56909 59000=
48080 22459 60405 10301 20266 40111 84870 333 56690 59007=
48085 32458 33204 10325 20265 40098 83300 333 56700 58002=
48087 32960 02301 10327 20224 333=
48092 32458 22702 10325 20246 40080 82100 333 56900 59001=
48093 32658 22301 10327 20258 82800 333 56900=
48094 32459 33202 10330 20260 40098 83900 333 56900 58001=
48095 32458 42201 10330 20258 82940 333 56990=
48097 32557 61502 10325 20246 40103 86800 333 56900 58005=
48099 32456 62301 10330 20258 40097 84931 333 56559 59002=
48101 32559 43202 10320 20265 84200 333 56600=
48103 32557 62201 10332 20258 40096 86900 333 56500 59009=
48107 32350 42701 10314 20254 40097 84900 333 56700 59004=
48108 32598 71403 10325 20262 40109 83366 333 56659 58003=
48109 NIL=
48110 31596 61802 10315 20259 40108 70522 83306 333 56909 59003=
48112 32597 82701 10318 20265 40108 83876 333 56699 59005=  48035 32560 41202 10265 20191 40088 83860 333 56790 58000=
48037 32957 03601 10321 20236 40053 333 59018=
48030 32957 02202 10188 20096 333=
48031 31960 00401 10240 20095 70544 333=
48033 32962 00901 10340 20240 40064 333 59014=
48034 32457 12302 10250 20205 81500 333 56500=  48001 32450 60901 10250 20205 40092 84830 333 56810 58005=
48004 32560 42201 10270 20226 84900 333 56500=
48008 22556 60401 10288 20215 40085 83970 333 56450 58015=
48010 32556 61301 10290 20230 40088 84830 333 56590 58010=
48018 22558 51401 10280 20220 40073 82871 333 56329 58002=
48019 32960 00401 10285 20220 40084 333 58014=
48020 32958 03602 10320 20236 333=
48025 31930 01401 10320 20215 40097 70444 333 58023=
48035 NIL=
48037 NIL=
48042 NIL=
48045 NIL=
48048 NIL=
48051 NIL=
48053 NIL=
48060 NIL=
48062 NIL=
48071 NIL=
48075 NIL=
48077 NIL=
48078 NIL=
48080 NIL=
48085 NIL=
48095 NIL=
48108 NIL=
48109 NIL=
48110 NIL=
48112 NIL=
48030 NIL=
48072 NIL=
48087 NIL=
48099 NIL=
48101 NIL=
48103 NIL=
48057 NIL=
48094 NIL=
48097 NIL=
48031 NIL=
48033 NIL=
48034 NIL=
48039 NIL=
48043 NIL=
48052 NIL=
48055 NIL=
48064 NIL=
48065 NIL=
48074 NIL=
48092 NIL=
48093 NIL=
48107 NIL=  48042 22557 11803 10345 20240 40073 81100 333 56900 59004=
48045 21956 01401 10250 20126 70444 333=
48048 32558 61801 10350 20219 40074 85950 333 56590 58002=
48051 22559 13601 10300 20250 81200 333 56900=
48053 32450 61805 10320 20248 40095 83556 333 56699 58018=
48060 21440 60000 10267 20226 40105 74044 84970 333 56560 58021=
48062 32558 60000 10320 20280 40100 84970 333 56990 58003=
48071 32458 33203 10320 20281 40097 83800 333 56900 58004=
48075 32957 02201 10280 20220 40092 333 59003=
48077 32959 02301 10320 20236 40077 333 59003=
48078 32556 21801 10332 20258 40098 81501 333 56909 59000=
48080 22459 60405 10301 20266 40111 84870 333 56690 59007=
48085 32458 33204 10325 20265 40098 83300 333 56700 58002=
48095 32458 42201 10330 20258 82940 333 56990=
48108 32598 71403 10325 20262 40109 83366 333 56659 58003=
48110 31596 61802 10315 20259 40108 70522 83306 333 56909 59003=
48112 32597 82701 10318 20265 40108 83876 333 56699 59005=
48072 32459 40000 10325 20258 83830 333 56790=
48087 32960 02301 10327 20224 333=
48099 32456 62301 10330 20258 40097 84931 333 56559 59002=
48101 32559 43202 10320 20265 84200 333 56600=
48103 32557 62201 10332 20258 40096 86900 333 56500 59009=
48057 22458 51401 10240 20191 83350 333 56490=
48094 32459 33202 10330 20260 40098 83900 333 56900 58001=
48097 32557 61502 10325 20246 40103 86800 333 56900 58005=
48039 22459 32201 10325 20236 81102 333 56509=
48043 32656 11806 10275 20203 81200 333 56900=
48052 32470 22201 10350 20219 82200 333 56900=
48055 22556 20402 10258 20215 40088 82800 333 56500 58002=
48064 32960 00401 10350 20240 40074 333 58001=
48065 32960 12204 10358 20235 80001 333 56009=
48074 32559 11402 10320 20265 40102 81100 333 56900 58008=
48092 32458 22702 10325 20246 40080 82100 333 56900 59001=
48093 32658 22301 10327 20258 82800 333 56900=
48107 32350 42701 10314 20254 40097 84900 333 56700 59004=  