48001 31920 90000 10185 20159 40148 74344 333 59014=
48004 31556 10401 10192 20159 71044 81100 333 56900=
48008 31557 11401 10220 20156 40133 70144 81200 333 56300 59018=
48010 31040 00000 10195 20168 40137 74044 333 59019=
48018 31958 01401 10205 20168 40130 71044 333 59028=
48019 31957 03202 10210 20160 40126 70500 333 59018=
48020 31950 00000 10195 20130 70500 333=
48025 31410 12201 10180 20108 40135 70544 81500 333 56900 59004=
48030 31950 02202 10102 29028 70544 333=
48031 31959 00401 10235 29020 70500 333=
48033 32962 03601 10230 20181 40122 333 59010=
48034 31956 00000 10148 20092 70500 333=
48035 31920 00000 10151 20111 40153 71044 333 59006=
48037 31940 03601 10233 20097 40123 70400 333 59023=
48039 31950 21401 10265 20160 70511 80002 333 56009=
48042 31956 01804 10277 20184 40121 70500 333 59015=
48043 32058 01802 10245 20150 333=
48045 31959 01402 10219 20035 70400 333=
48048 31958 02201 10245 20174 40137 71044 333 59007=
48051 31956 03101 10207 20140 70500 333=
48052 32958 02202 10240 20114 333=
48053 31950 01802 10280 20203 40128 70500 333 59013=
48055 31948 02301 10190 20096 40145 70500 333 59015=
48057 32957 01401 10250 20105 333=
48060 31940 00000 10204 20130 40160 71011 333 59013=
48062 31550 23201 10215 20140 40143 70500 82500 333 56900 59014=
48064 32960 00401 10251 20186 40119 333 59003=
48065 32968 00000 10280 20146 333=
48071 31958 00000 10253 20205 40140 71040 333 59009=
48072 31959 01302 10270 20226 70522 333=
48074 32958 00403 10270 20191 40137 333 59009=
48075 31957 00901 10235 20130 40141 70500 333 59031=
48077 32958 00000 10260 20179 40124 333 59013=
48078 32956 11801 10268 20191 40141 80001 333 56009 59007=
48080 31959 00401 10242 20209 40146 70244 333 59001=
48085 32958 03602 10258 20219 40138 333 59009=
48087 32556 30000 10242 20209 83500 333 56900=
48092 31956 02201 10270 20226 40119 70500 333 59031=
48093 32556 62301 10252 20205 70322 86800 333 56900=
48094 32959 03202 10280 20230 40139 333 59005=
48095 32958 02202 10270 20226 333=
48096 32957 02103 10250 20205 40141 333 59001=
48097 31957 03201 10270 20211 40151 70500 333 59004=
48099 31450 31302 10285 20203 40141 70511 83800 333 56300 59011=
48101 32958 02302 10260 20215 333=
48103 32956 01301 10308 20237 40140 333 59011=
48107 31940 02301 10298 20185 40127 70144 333 59017=
48108 32996 40503 10295 20227 40148 80006 333 56009 59017=
48109 32997 00401 10270 20226 40150 70222 333 59010=
48110 31596 81303 10295 20262 40150 70522 84307 333 56909 59013=
48112 32598 60402 10293 20230 40150 82216 333 56199 59008=  48001 31920 90000 10185 20159 40148 74344 333 59014=
48004 31556 10401 10192 20159 71044 81100 333 56900=
48008 31557 11401 10220 20156 40133 70144 81200 333 56300 59018=
48010 31040 00000 10195 20168 40137 74044 333 59019=
48018 31958 01401 10205 20168 40130 71044 333 59028=
48019 31957 03202 10210 20160 40126 70500 333 59018=
48020 31950 00000 10195 20130 70500 333=
48025 31410 12201 10180 20108 40135 70544 81500 333 56900 59004=
48035 31920 00000 10151 20111 40153 71044 333 59006=
48037 31940 03601 10233 20097 40123 70400 333 59023=
48042 31956 01804 10277 20184 40121 70500 333 59015=
48045 31959 01402 10219 20035 70400 333=
48048 31958 02201 10245 20174 40137 71044 333 59007=
48051 31956 03101 10207 20140 70500 333=
48053 31950 01802 10280 20203 40128 70500 333 59013=
48060 31940 00000 10204 20130 40160 71011 333 59013=
48062 31550 23201 10215 20140 40143 70500 82500 333 56900 59014=
48071 31958 00000 10253 20205 40140 71040 333 59009=
48075 31957 00901 10235 20130 40141 70500 333 59031=
48077 32958 00000 10260 20179 40124 333 59013=
48078 32956 11801 10268 20191 40141 80001 333 56009 59007=
48080 31959 00401 10242 20209 40146 70244 333 59001=
48085 32958 03602 10258 20219 40138 333 59009=
48095 32958 02202 10270 20226 333=
48108 32996 40503 10295 20227 40148 80006 333 56009 59017=
48109 32997 00401 10270 20226 40150 70222 333 59010=
48110 31596 81303 10295 20262 40150 70522 84307 333 56909 59013=
48112 32598 60402 10293 20230 40150 82216 333 56199 59008=
48030 31950 02202 10102 29028 70544 333=
48072 31959 01302 10270 20226 70522 80000 333 56000=
48087 32556 30000 10242 20209 83500 333 56900=
48099 31450 31302 10285 20203 40141 70511 83800 333 56300 59011=
48101 32958 02302 10260 20215 333=
48103 32956 01301 10308 20237 40140 333 59011=
48057 32957 01401 10250 20105 333 56000=
48094 32959 03202 10280 20230 40139 333 59005=
48097 31957 03201 10270 20211 40151 70500 333 59004=
48031 31959 00401 10235 29020 70500 333=
48033 32962 03601 10230 20181 40122 333 59010=
48034 31956 00000 10148 20092 70500 333=
48039 31950 21401 10265 20160 70511 80002 333 56009=
48043 32058 01802 10245 20150 333=
48052 32958 02202 10240 20114 333=
48055 31948 02301 10190 20096 40145 70500 333 59015=
48064 32960 00401 10251 20186 40119 333 59003=
48065 32968 00000 10280 20146 333=
48074 32958 00403 10270 20191 40137 333 59009=
48092 31956 02201 10270 20226 40119 70500 333 59021=
48093 32556 62301 10252 20205 70322 86800 333 56900=
48107 31940 02301 10298 20185 40127 70144 333 59017=  