130000 48008 31550 20000 10170 20135 40112 71044 82400 333 20160 56100 59028=
130000 48010 32920 00000 10160 20152 40114 333 20150 59024=
130000 48018 32950 02201 10170 20154 40116 71044 333 20156 59023=
130000 48019 32940 02302 10145 20140 40107 333 20141 59030=
130000 48025 31410 12202 10166 20117 40119 70544 81500 333 20150 56900 59025=
130000 48035 31/02 90000 10090 20090 40155 74744 333 20084 59020=
130000 48037 31920 00000 10187 20118 40103 70400 333 20176 59022=
130000 48042 31950 00000 10208 20175 40099 71000 333 20195 59020=
130000 48048 32940 00000 10162 20123 40104 333 20155 59021=
130000 48051 31901 90401 10124 20100 74144 333 20113=
130000 48053 31950 01801 10220 20185 40109 70500 333 20218 59008=
130000 48060 31920 00000 10140 20107 40158 74144 333 20115 59008=
130000 48062 31950 00000 10170 20170 40116 70500 333 20150 59015=
130000 48071 31940 00000 10190 20175 40115 74244 333 20190 59011=
130000 48075 31956 00000 10155 20140 40159 70500 333 20135 59013=
130000 48077 32956 00000 10210 20195 40099 333 20194 59016=
130000 48078 32950 11401 10216 20166 40114 80001 333 20197 56009 59018=
130000 48085 31920 01401 10168 20166 40109 74244 333 20166 59018=
130000 48108 31994 41401 10230 20214 40132 71044 80006 333 20212 56009 59003=
130000 48109 31996 00000 10225 20214 40129 71022 333 20218 59010=
130000 48110 31595 61302 10260 20246 40130 70522 82306 333 20255 56709 59011=
130000 48112 31597 80402 10255 20229 40130 70522 83876 333 20199 56199 59013=
130000 48030 31950 02201 10037 21050 70544 333 20026=
130000 48087 31210 60000 10188 20175 74244 866// 333 20166 569//=
130000 48099 32330 20000 10236 20206 40123 82500 333 20215 56900 59004=
130000 48103 32540 23201 10219 20205 40122 82500 333 20207 56700 59011=
130000 48057 32950 01401 10170 20135 333 20150=
130000 48094 31950 00000 10210 20200 40119 71000 333 20175 59007=
130000 48097 31556 22301 10220 20205 40119 71011 82500 333 20205 56900 59017=
130000 48031 31960 03601 10140 20029 70500 333 20135=
130000 48033 32960 00402 10200 20150 40105 333 20180 59020=
130000 48034 32956 00000 10080 20065 333 20070=
130000 48039 31940 20000 10195 20168 71011 81402 333 20194 56909=
130000 48043 32930 00000 10140 20107 333 20100=
130000 48052 32950 00401 10180 20086 333 20170=
130000 48055 31940 00000 10088 20081 40169 71000 333 20080 59027=
130000 48064 32950 01401 10188 20159 40084 333 20140 59027=
130000 48065 32950 00000 10180 20129 333 20165=
130000 48074 31950 00000 10223 20185 40124 70500 333 20209 59002=
130000 48092 31/30 90000 10210 20210 40106 74744 333 20205 59003=
130000 48093 31920 00000 10226 20214 71011 333 20224=
130000 48107 31930 00902 10207 20195 40120 74144 333 20199 59011=  48001 NIL=
130000 48008 31550 20000 10170 20135 40112 71044 82400 333 20160 56100 59028=
130000 48010 32920 00000 10160 20152 40114 333 20150 59024=
130000 48018 32950 02201 10170 20154 40116 71044 333 20156 59023=
130000 48019 32940 02302 10145 20140 40107 333 20141 59030=
130000 48025 31410 12202 10166 20117 40119 70544 81500 333 20150 56900 59025=
130000 48030 31950 02201 10037 21050 70544 333 20026=
130000 48031 31960 03601 10140 20029 70500 333 20135=
130000 48033 32960 00402 10200 20150 40105 333 20180 59020=
130000 48034 32956 00000 10080 20065 333 20070=
130000 48035 31/02 90000 10090 20090 40155 74744 333 20084 59020=
130000 48037 31920 00000 10187 20118 40103 70400 333 20176 59022=
130000 48039 31940 20000 10195 20168 71011 81402 333 20194 56909=
130000 48042 31950 00000 10208 20175 40099 71000 333 20195 59020=
130000 48043 32930 00000 10140 20107 333 20100=
130000 48048 32940 00000 10162 20123 40104 333 20155 59021=
130000 48051 31901 90401 10124 20100 74144 333 20113=
130000 48052 32950 00401 10180 20086 333 20170=
130000 48053 31950 01801 10220 20185 40109 70500 333 20218 59008=
130000 48055 31940 00000 10088 20081 40169 71000 333 20080 59027=
130000 48057 32950 01401 10170 20135 333 20150=
130000 48060 31920 00000 10140 20107 40158 74144 333 20115 59008=
130000 48062 31950 00000 10170 20170 40116 70500 333 20150 59015=
130000 48064 32950 01401 10188 20159 40084 333 20140 59027=
130000 48065 32950 00000 10180 20129 333 20165=
130000 48071 31940 00000 10190 20175 40115 74244 333 20190 59011=
130000 48074 31950 00000 10223 20185 40124 70500 333 20209 59002=
130000 48075 31956 00000 10155 20140 40159 70500 333 20135 59013=
130000 48077 32956 00000 10210 20195 40099 333 20194 59016=
130000 48078 32950 11401 10216 20166 40114 80001 333 20197 56009 59018=
130000 48085 31920 01401 10168 20166 40109 74244 333 20166 59018=
130000 48087 31210 60000 10188 20175 74244 866// 333 20166 569//=
130000 48092 31/30 90000 10210 20210 40106 74744 333 20205 59003=
130000 48093 31920 00000 10226 20214 71011 333 20224=
130000 48094 31950 00000 10210 20200 40119 71000 333 20175 59007=
130000 48096 32930 00000 10220 20205 40117 71000 333 20205 59015=
130000 48097 31556 22301 10220 20205 40119 71011 82500 333 20205 56900 59017=
130000 48099 32330 20000 10236 20206 40123 82500 333 20215 56900 59004=
130000 48103 32540 23201 10219 20205 40122 82500 333 20207 56700 59011=
130000 48107 31930 00902 10207 20195 40120 74144 333 20199 59011=
130000 48108 31994 41401 10230 20214 40132 71044 80006 333 20212 56009 59003=
130000 48109 31996 00000 10225 20214 40129 71022 333 20218 59010=
130000 48110 31595 61302 10260 20246 40130 70522 82306 333 20255 56709 59011=
130000 48112 31597 80402 10255 20229 40130 70522 83876 333 20199 56199 59013=  
