13-NOV-2015 00 48051 3 2 9 58 0 36 02 10 222 20 210 3 0000 4 0000 5 0000 6 000 0 7 00 0 0 8 0 0 0 0 333 20 217 58 000 6 000 0 7 0000 
13-NOV-2015 00 48062 3 1 4 50 2 04 01 10 230 20 230 3 0000 4 0125 5 0000 6 000 0 7 10 2 2 8 2 5 0 0 333 20 210 58 004 6 000 0 7 0000 
13-NOV-2015 00 48071 3 2 9 56 0 00 00 10 255 20 246 3 0000 4 0115 5 0000 6 000 0 7 00 0 0 8 0 0 0 0 333 20 245 58 007 6 000 0 7 0000 
13-NOV-2015 00 48075 2 2 4 56 6 00 00 10 190 20 175 3 0000 4 0155 5 0000 6 000 0 7 00 0 0 8 4 7 7 0 333 20 180 58 023 6 000 0 7 0000 
13-NOV-2015 00 48077 3 2 5 56 7 00 00 10 230 20 214 3 0000 4 0125 5 0000 6 000 0 7 00 0 0 8 5 9 3 1 333 20 216 58 013 6 000 0 7 0000 
13-NOV-2015 00 48078 3 2 5 50 3 32 01 10 235 20 212 3 0000 4 0131 5 0000 6 000 0 7 00 0 0 8 1 5 3 1 333 20 228 58 006 6 000 0 7 0000 
13-NOV-2015 00 48080 2 2 4 56 5 00 00 10 245 20 233 3 0000 4 0121 5 0000 6 000 0 7 00 0 0 8 3 8 7 0 333 20 232 58 001 6 000 0 7 0000 
13-NOV-2015 00 48085 3 1 3 56 2 14 01 10 232 20 230 3 0000 4 0114 5 0000 6 000 0 7 40 4 4 8 1 8 0 6 333 20 230 59 002 6 000 0 7 0000 
13-NOV-2015 00 48087 3 2 9 50 2 04 01 10 234 20 214 3 0000 4 0000 5 0000 6 000 0 7 00 0 0 8 0 0 0 1 333 20 220 58 000 6 000 0 7 0000 
13-NOV-2015 00 48092 3 1 5 50 1 00 00 10 230 20 230 3 0000 4 0099 5 0000 6 000 0 7 10 2 2 8 1 4 0 0 333 20 225 58 002 6 000 0 7 0000 
13-NOV-2015 00 48093 3 2 6 50 1 14 01 10 250 20 233 3 0000 4 0000 5 0000 6 000 0 7 00 0 0 8 1 1 0 0 333 20 244 58 000 6 000 0 7 0000 
13-NOV-2015 00 48094 3 2 9 56 0 00 00 10 245 20 230 3 0000 4 0122 5 0000 6 000 0 7 00 0 0 8 0 0 0 0 333 20 185 58 001 6 000 0 7 0000 
13-NOV-2015 00 48096 3 2 4 56 2 34 03 10 240 20 226 3 0000 4 0127 5 0000 6 000 0 7 00 0 0 8 1 5 0 1 333 20 230 58 003 6 000 0 7 0000 
13-NOV-2015 00 48097 3 2 5 57 3 04 01 10 235 20 228 3 0000 4 0126 5 0000 6 000 0 7 00 0 0 8 2 5 0 1 333 20 220 58 005 6 000 0 7 0000 
13-NOV-2015 00 48099 3 1 3 30 3 09 01 10 255 20 246 3 0000 4 0107 5 0000 6 000 0 7 10 4 4 8 3 8 0 0 333 20 240 59 003 6 000 0 7 0000 
13-NOV-2015 00 48103 3 2 4 50 4 32 02 10 257 20 246 3 0000 4 0117 5 0000 6 000 0 7 00 0 0 8 2 8 3 0 333 20 253 58 000 6 000 0 7 0000 
13-NOV-2015 00 48107 2 1 9 30 2 09 01 10 240 20 240 3 0000 4 0112 5 0000 6 000 0 7 41 9 6 8 0 0 0 6 333 20 233 59 001 6 000 0 7 0000 
13-NOV-2015 00 48112 2 1 5 97 8 04 03 10 260 20 246 3 0000 4 0104 5 0000 6 000 0 7 01 5 2 8 4 8 7 6 333 20 195 58 000 6 000 0 7 0000 
