130000 48051 32958 03602 10222 20210 333 20217=
130000 48062 31450 20401 10230 20230 40125 71022 82500 333 20210 56900 58004=
130000 48071 32956 00000 10255 20246 40115 333 20245 58007=
130000 48075 22456 60000 10190 20175 40155 84770 333 20180 56590 58023=
130000 48077 32556 70000 10230 20214 40125 85931 333 20216 56999 58013=
130000 48078 32550 33201 10235 20212 40131 81531 333 20228 56909 58006=
130000 48080 22456 50000 10245 20233 40121 83870 333 20232 56490 58001=
130000 48085 31356 21401 10232 20230 40114 74044 81806 333 20230 56909 59002=
130000 48087 32950 20401 10234 20214 80001 333 20220 56009=
130000 48099 31330 30901 10255 20246 40107 71044 83800 333 20240 56900 59003=
130000 48103 32450 43202 10257 20246 40117 82830 333 20253 56770 58000=
130000 48094 32956 00000 10245 20230 40122 333 20185 58001=
130000 48097 32557 30401 10235 20228 40126 82501 333 20220 56909 58005=
130000 48092 31550 10000 10230 20230 40099 71022 81400 333 20225 56900 58002=
130000 48093 32650 11401 10250 20233 81100 333 20244 56900=
130000 48107 21930 20901 10240 20240 40112 74196 80006 333 20233 56009 59001=
130000 48096 32456 23403 10240 20226 40127 81501 333 20230 56909 58003=  48108 31495 60000 10250 20242 40124 71022 84406 333 20235 56909 58005=
130000 48112 21597 80403 10260 20246 40104 70152 84876 333 20195 56199 58000=  48051 32958 03602 10222 20210 333 20217=
130000 48062 31450 20401 10230 20230 40125 71022 82500 333 20210 56900 58004=
130000 48071 32956 00000 10255 20246 40115 333 20245 58007=
130000 48075 22456 60000 10190 20175 40155 84770 333 20180 56590 58023=
130000 48077 32556 70000 10230 20214 40125 85931 333 20216 56999 58013=
130000 48078 32550 33201 10235 20212 40131 81531 333 20228 56909 58006=
130000 48080 22456 50000 10245 20233 40121 83870 333 20232 56490 58001=
130000 48085 31356 21401 10232 20230 40114 74044 81806 333 20230 56909 59002=
130000 48087 32950 20401 10234 20214 80001 333 20220 56009=
130000 48099 31330 30901 10255 20246 40107 71044 83800 333 20240 56900 59003=
130000 48103 32450 43202 10257 20246 40117 82830 333 20253 56770 58000=
130000 48094 32956 00000 10245 20230 40122 333 20185 58001=
130000 48097 32557 30401 10235 20228 40126 82501 333 20220 56909 58005=
130000 48092 31550 10000 10230 20230 40099 71022 81400 333 20225 56900 58002=
130000 48093 32650 11401 10250 20233 81100 333 20244 56900=
130000 48107 21930 20901 10240 20240 40112 74196 80006 333 20233 56009 59001=
130000 48096 32456 23403 10240 20226 40127 81501 333 20230 56909 58003=  
