130300 48001 32450 40901 10170 20135 40181 82150 333 56430 58004=
130300 48004 31562 13201 10197 20108 70144 81100 333 56900=
130300 48008 32558 13201 10202 20168 40175 81100 333 56400 59002=
130300 48010 32558 30000 10210 20175 40173 83800 333 56500 59002=
130300 48018 32958 01401 10197 20185 40181 333 58002=
130300 48019 32958 03201 10220 20179 40164 333 59000=
130300 48020 21450 83602 10210 20195 70344 88800 333 56500=
130300 48025 31008 80000 10220 20205 40173 74744 886// 333 56999 58001=
130300 48030 31156 22202 10092 20092 74244 82200 333 56500=
130300 48031 31257 71401 10170 20117 70144 87800 333 56400=
130300 48033 32962 13601 10230 20181 40164 81100 333 56900 59001=
130300 48034 32956 01801 10164 20106 333=
130300 48035 31560 33201 10188 20159 40168 70144 83800 333 56900 59002=
130300 48037 32950 03201 10210 20195 40168 333 58010=
130300 48039 31450 53201 10238 20209 74044 83160 333 56660=
130300 48042 32556 20000 10248 20219 40154 82200 333 56800 58000=
130300 48043 31556 40000 10180 20165 74044 84200 333 56400=
130300 48045 22556 61402 10145 20134 86800 333 56300=
130300 48048 32560 20401 10245 20209 40160 82800 333 56900 59007=
130300 48052 32958 00000 10270 20219 333=
130300 48053 32456 43603 10240 20209 40165 82556 333 56899 58002=
130300 48055 21350 81402 10185 20170 40172 70244 8697/ 333 56399 59007=
130300 48057 21420 21401 10183 20165 74044 82500 333 56900=
130300 48060 22340 60000 10192 20159 40163 86800 333 56200 58015=
130300 48062 32957 90401 10275 20250 40138 333 58000=
130300 48064 32956 02701 10237 20209 40152 333 58004=
130300 48065 32956 00401 10260 20215 333=
130300 48071 32958 03202 10295 20253 40138 333 58002=
130300 48072 32960 01302 10300 20239 333=
130300 48074 32959 00402 10250 20219 40164 333 58002=
130300 48077 32559 20401 10270 20226 40148 81201 333 56909 58009=
130300 48078 32557 23202 10265 20220 40150 81801 333 56909 58008=
130300 48080 22960 00403 10280 20250 40130 333 58004=
130300 48085 32458 11401 10290 20259 40137 81800 333 56900 58006=
130300 48087 32960 00402 10280 20220 333=
130300 48092 32456 13201 10270 20240 40119 81100 333 56900 59004=
130300 48093 32958 00401 10294 20259 333=
130300 48094 32959 00403 10290 20230 40140 333 58003=
130300 48095 32960 00402 10270 20226 333=
130300 48096 32958 13305 10280 20233 40148 80001 333 56009 58006=  48101 32959 03602 10290 20248 333=  
130300 48097 31557 20401 10280 20233 40150 70511 82500 333 56900 58011=
130300 48099 32450 13202 10300 20239 40131 81800 333 56900 58002=
130300 48101 32959 03602 10290 20248 333=
130300 48103 32456 20402 10300 20253 40134 82800 333 56100 58001=
130300 48107 22950 20901 10302 20253 40118 80006 333 56009 58002=
130300 48108 32596 61301 10298 20253 40134 83806 333 56909 58005=
130300 48109 32497 40000 10315 20265 40138 84900 333 56900 58003=
130300 48110 31596 81301 10285 20254 40132 70522 81157 333 56999 58004=
130300 48112 22597 80402 10275 20246 40124 84876 333 56199 58002=
