48001 32420 60000 10265 20246 40125 83850 333 10295 56550 59004 60002=
48004 32240 80000 10250 20233 8697/ 333 10270 56559 60002=
48008 32550 70000 10260 20229 40136 84970 333 10280 56550 58012 60002=
48010 21460 80000 10225 20212 40142 75155 887// 333 10253 56999 58013 69902=
48018 32558 72201 10255 20219 40147 8477/ 333 10276 56559 58007 60002=
48019 32550 70000 10263 20229 40133 82140 333 10280 56350 58003 60002=
48020 21220 80000 10212 20203 75165 887// 333 10225 56899 60122=
48025 21458 83602 10214 20214 40156 75165 8577/ 333 10230 56899 58015 60112=
48035 21120 80000 10183 20165 40158 76166 8692/ 333 10192 56999 59003 60112=
48037 21430 80000 10214 20214 40144 70255 8582/ 333 10220 56299 58009 60112=
48042 21330 80000 10215 20215 40138 75065 8592/ 333 10220 56999 58004 60392=
48045 21001 90403 10160 20160 76265 89/// 333 10170 56999 60132=
48048 21558 83601 10222 20205 40137 72050 84970 333 10235 56890 58004 60022=
48051 32559 61302 10278 20250 70322 85830 333 10310 56490=
48053 21430 80000 10200 20200 40142 75065 8577/ 333 10220 56899 58016 60102=
48060 21410 80000 10172 10162 40178 75155 8577/ 333 10180 5629/ 59012 60072=
48062 32450 41304 10275 20270 40103 83930 333 10310 56990 58002 60002=
48071 32456 71302 10252 20233 40111 85970 333 10272 56990 58013=
48075 21456 80000 10190 20175 40169 72152 8677/ 333 10195 5659/ 58026 60042=
48077 22456 82301 10240 20226 40118 85970 333 10252 56490 58012 60062=
48078 21330 80000 10246 20237 40136 76165 8572/ 333 10270 56499 58014 60062=
48080 32456 63201 10281 20250 40113 84370 333 10325 56590 58018=
48085 32356 20903 10264 20246 40113 81806 333 10295 56909 58012 60002=
48095 22450 80000 10250 20250 8697/ 333 10271 5699/ 60352=
48108 32495 71401 10285 20249 40120 84377 333 10330 56999 59007 60002=
48109 32496 50000 10306 20282 40113 70322 84901 333 10327 56909 58013 60002=
48110 21495 81302 10265 20242 40115 79599 85957 333 10325 56999 59009 60012=
48112 32597 80405 10276 20233 40113 70222 84876 333 10300 56199 59003 60002=
48030 21/05 90404 10139 20139 75054 89/// 333 10160 56999 60102=
48072 21456 80000 10245 20233 70355 86970 333 10280 56490 60212=
48087 21450 80000 10238 20238 75055 8597/ 333 10245 5699/ 60142=
48099 32440 60000 10273 20242 40109 83870 333 10302 56990 59001=
48101 22550 80000 10269 20256 70322 8597/ 333 10297 5639/ 60192=
48103 32420 70402 10278 20250 40119 86730 333 10322 56110 58004 60002=
48057 21219 81401 10160 20160 75155 8697/ 333 10170 5639/ 60082=
48094 21450 80000 10250 20250 40120 72166 8597/ 333 10293 5629/ 58016 60092=
48097 21456 81302 10250 20250 40127 70266 8455/ 333 10288 5699/ 58005=
48031 21/03 91801 10150 20134 76064 89/// 333 10155 56999 60052=
48033 21458 80000 10220 20220 40144 75055 86970 333 10240 56990 59011 60152=
48034 21456 80000 10167 20158 75065 8692/ 333 10195 5659/ 60082=
48039 21450 80000 10215 20215 70265 887// 333 10227 56199 60382=
48043 NIL=
48052 22450 83601 10220 20220 86930 333 10230 56990 60002=
48055 21140 80702 10165 20165 40172 75865 8692/ 333 10179 5619/ 58001 60092=
48064 22450 81401 10220 20220 40120 85970 333 10235 56880 58013 60002=
48065 22450 80302 10230 20230 8637/ 333 10232 5699/ 60002=
48074 NIL=
48092 22450 71301 10250 20242 40102 85330 333 10280 56990 58009 60112=
48093 32430 81401 10266 20240 8687/ 333 10294 56399=
48107 32330 40000 10280 20250 40116 84900 333 10317 56500 58001 60002=
48096 21456 80402 10260 20246 40107 75066 8697/ 333 10270 5649/ 58013=  