13-SEP-2015 12 48008 3 2 4 56 7 00 00 10 280 20 250 3 0000 4 0057 5 0000 6 000 0 7 00 0 0 8 4 9 7 0 333 10 345 58 014 6 000 0 7 0000 
13-SEP-2015 12 48010 2 2 5 40 4 00 00 10 270 20 256 3 0000 4 0056 5 0000 6 000 0 7 00 0 0 8 1 4 3 1 333 10 290 58 015 6 990 2 7 0000 
13-SEP-2015 12 48018 2 2 5 56 5 00 00 10 303 20 250 3 0000 4 0056 5 0000 6 000 0 7 00 0 0 8 3 8 3 0 333 10 328 58 017 6 007 2 7 0000 
13-SEP-2015 12 48019 3 2 5 57 3 23 01 10 322 20 265 3 0000 4 0051 5 0000 6 000 0 7 00 0 0 8 0 0 2 6 333 10 340 58 010 6 000 2 7 0000 
13-SEP-2015 12 48025 3 2 4 58 7 32 01 10 294 20 259 3 0000 4 0051 5 0000 6 000 0 7 00 0 0 8 4 8 0 1 333 10 310 58 012 6 000 0 7 0000 
13-SEP-2015 12 48033 3 2 5 62 6 33 01 10 330 20 248 3 0000 4 0036 5 0000 6 000 0 7 00 0 0 8 4 9 0 6 333 10 343 58 000 6 004 2 7 0000 
13-SEP-2015 12 48034 3 2 4 56 6 09 01 10 264 20 206 3 0000 4 0000 5 0000 6 000 0 7 00 0 0 8 6 3 0 0 333 10 302 58 000 6 000 0 7 0000 
13-SEP-2015 12 48035 2 2 5 60 3 00 00 10 282 20 233 3 0000 4 0040 5 0000 6 000 0 7 00 0 0 8 3 9 0 0 333 10 299 58 023 6 009 2 7 0000 
13-SEP-2015 12 48037 3 2 5 58 6 00 00 10 314 20 267 3 0000 4 0032 5 0000 6 000 0 7 00 0 0 8 3 8 1 2 333 10 328 59 002 6 000 0 7 0000 
13-SEP-2015 12 48042 3 2 5 58 7 00 00 10 330 20 267 3 0000 4 0043 5 0000 6 000 0 7 00 0 0 8 5 9 5 2 333 10 358 58 008 6 000 2 7 0000 
13-SEP-2015 12 48043 3 2 5 30 4 32 05 10 265 20 226 3 0000 4 0000 5 0000 6 000 0 7 00 0 0 8 4 2 0 0 333 10 305 58 000 6 000 0 7 0000 
13-SEP-2015 12 48048 2 1 5 50 6 18 01 10 288 20 248 3 0000 4 0051 5 0000 6 000 0 7 29 9 6 8 4 9 5 0 333 10 308 58 017 6 990 2 7 0000 
13-SEP-2015 12 48053 2 2 4 56 6 18 01 10 290 20 259 3 0000 4 0068 5 0000 6 000 0 7 00 0 0 8 4 9 5 6 333 10 335 58 018 6 990 2 7 0000 
13-SEP-2015 12 48055 3 1 4 56 6 00 00 10 250 20 226 3 0000 4 0053 5 0000 6 000 0 7 17 9 9 8 4 9 3 2 333 10 308 58 022 6 000 0 7 0000 
13-SEP-2015 12 48057 3 2 4 56 5 00 00 10 216 20 185 3 0000 4 0000 5 0000 6 000 0 7 00 0 0 8 2 3 3 6 333 10 260 58 000 6 000 0 7 0000 
13-SEP-2015 12 48060 2 2 4 30 4 00 00 10 253 20 219 3 0000 4 0070 5 0000 6 000 0 7 00 0 0 8 3 1 0 2 333 10 290 58 016 6 002 2 7 0000 
13-SEP-2015 12 48062 3 2 4 50 8 13 06 10 290 20 270 3 0000 4 0058 5 0000 6 000 0 7 02 2 2 8 6 9 3 0 333 10 330 58 008 6 000 0 7 0000 
13-SEP-2015 12 48064 2 2 4 50 7 14 01 10 290 20 274 3 0000 4 0039 5 0000 6 000 0 7 00 0 0 8 4 8 3 6 333 10 355 58 013 6 010 2 7 0000 
13-SEP-2015 12 48074 3 2 3 56 7 14 01 10 290 20 259 3 0000 4 0071 5 0000 6 000 0 7 00 0 0 8 5 9 7 0 333 10 316 58 024 6 000 2 7 0000 
13-SEP-2015 12 48075 2 1 4 56 5 00 00 10 260 20 229 3 0000 4 0076 5 0000 6 000 0 7 01 5 2 8 3 3 4 0 333 10 280 58 007 6 005 2 7 0000 
13-SEP-2015 12 48077 2 2 5 56 8 23 01 10 270 20 240 3 0000 4 0047 5 0000 6 000 0 7 00 0 0 8 5 9 3 1 333 10 306 59 001 6 012 2 7 0000 
13-SEP-2015 12 48078 3 2 5 56 6 18 01 10 296 20 257 3 0000 4 0076 5 0000 6 000 0 7 00 0 0 8 3 3 3 2 333 10 322 58 015 6 000 0 7 0000 
13-SEP-2015 12 48080 2 1 4 56 8 04 01 10 265 20 246 3 0000 4 0068 5 0000 6 000 0 7 02 9 6 8 6 9 7 0 333 10 320 58 007 6 002 2 7 0000 
13-SEP-2015 12 48085 2 2 3 57 7 00 00 10 270 20 256 3 0000 4 0067 5 0000 6 000 0 7 00 0 0 8 5 9 7 0 333 10 306 58 006 6 015 2 7 0000 
13-SEP-2015 12 48092 2 1 4 56 8 23 04 10 270 20 263 3 0000 4 0065 5 0000 6 000 0 7 03 5 5 8 6 9 7 / 333 10 315 58 011 6 990 2 7 0000 
13-SEP-2015 12 48093 3 2 5 50 6 23 01 10 281 20 250 3 0000 4 0000 5 0000 6 000 0 7 02 2 2 8 4 8 4 1 333 10 318 58 000 6 000 0 7 0000 
13-SEP-2015 12 48094 2 1 4 56 8 00 00 10 255 20 250 3 0000 4 0075 5 0000 6 000 0 7 50 6 5 8 5 9 7 / 333 10 290 58 011 6 033 2 7 0000 
13-SEP-2015 12 48096 3 2 4 57 7 17 08 10 280 20 250 3 0000 4 0085 5 0000 6 000 0 7 00 0 0 8 5 9 7 / 333 10 310 58 009 6 000 0 7 0000 
13-SEP-2015 12 48097 3 2 5 56 7 13 02 10 280 20 274 3 0000 4 0090 5 0000 6 000 0 7 00 0 0 8 4 8 5 0 333 10 312 58 005 6 000 0 7 0000 
13-SEP-2015 12 48099 2 2 3 30 8 23 03 10 278 20 233 3 0000 4 0081 5 0000 6 000 0 7 00 0 0 8 6 9 7 / 333 10 302 58 009 6 990 2 7 0000 
13-SEP-2015 12 48103 2 2 4 40 7 14 02 10 268 20 246 3 0000 4 0082 5 0000 6 000 0 7 00 0 0 8 5 8 3 0 333 10 305 58 006 6 002 2 7 0000 
13-SEP-2015 12 48107 3 2 3 30 6 23 01 10 278 20 233 3 0000 4 0091 5 0000 6 000 0 7 00 0 0 8 4 9 7 0 333 10 310 58 001 6 000 2 7 0000 
13-SEP-2015 12 48108 2 1 4 95 8 32 01 10 275 20 253 3 0000 4 0095 5 0000 6 000 0 7 20 5 5 8 4 3 7 7 333 10 306 58 005 6 001 2 7 0000 
13-SEP-2015 12 48109 3 2 4 96 4 23 02 10 295 20 253 3 0000 4 0072 5 0000 6 000 0 7 00 0 0 8 3 9 3 0 333 10 305 59 010 6 000 0 7 0000 
13-SEP-2015 12 48110 2 1 4 95 8 00 00 10 265 20 242 3 0000 4 0101 5 0000 6 000 0 7 51 5 5 8 5 3 7 7 333 10 295 58 006 6 001 2 7 0000 
13-SEP-2015 12 48112 3 2 5 97 8 27 01 10 285 20 254 3 0000 4 0101 5 0000 6 000 0 7 03 2 2 8 3 8 7 6 333 10 317 58 008 6 000 2 7 0000 
