14-APR-2015 03 48001 3 1 4 50 5 32 01 10 230 20 181 3 0000 4 0144 5 0000 6 000 0 7 00 0 0 8 5 8 0 0 333 10 /// 59 026 6 000 0 7 0000 
14-APR-2015 03 48004 3 1 5 56 4 04 01 10 251 20 186 3 0000 4 0000 5 0000 6 000 0 7 00 0 0 8 4 8 0 0 333 10 /// 58 000 6 000 0 7 0000 
14-APR-2015 03 48008 3 2 5 57 6 00 00 10 260 20 179 3 0000 4 0145 5 0000 6 000 0 7 00 0 0 8 3 9 7 0 333 10 /// 59 024 6 000 0 7 0000 
14-APR-2015 03 48010 3 2 5 60 7 00 00 10 250 20 219 3 0000 4 0142 5 0000 6 000 0 7 00 0 0 8 2 5 7 0 333 10 /// 59 004 6 000 0 7 0000 
14-APR-2015 03 48018 2 2 5 58 7 00 00 10 242 20 209 3 0000 4 0150 5 0000 6 000 0 7 01 2 2 8 5 8 7 0 333 10 /// 59 024 6 000 0 7 0000 
14-APR-2015 03 48019 3 2 4 56 8 27 01 10 250 20 219 3 0000 4 0142 5 0000 6 000 0 7 00 0 0 8 5 7 7 0 333 10 /// 59 011 6 000 0 7 0000 
14-APR-2015 03 48020 3 2 4 57 4 36 02 10 290 20 248 3 0000 4 0000 5 0000 6 000 0 7 00 0 0 8 3 4 3 0 333 10 /// 58 000 6 000 0 7 0000 
14-APR-2015 03 48025 2 2 4 30 6 32 01 10 308 20 203 3 0000 4 0143 5 0000 6 000 0 7 05 4 4 8 4 8 4 0 333 10 /// 59 019 6 000 0 7 0000 
14-APR-2015 03 48030 2 1 / 05 9 22 02 10 144 20 144 3 0000 4 0000 5 0000 6 000 0 7 43 4 4 8 9 / / / 333 10 /// 58 000 6 000 0 7 0000 
14-APR-2015 03 48033 3 2 5 62 4 36 01 10 290 20 215 3 0000 4 0119 5 0000 6 000 0 7 00 0 0 8 4 8 0 0 333 10 /// 59 020 6 000 0 7 0000 
14-APR-2015 03 48034 2 1 4 56 7 00 00 10 190 20 175 3 0000 4 0000 5 0000 6 000 0 7 01 9 6 8 7 3 0 0 333 10 /// 58 000 6 000 0 7 0000 
14-APR-2015 03 48035 3 1 4 20 8 32 02 10 229 20 163 3 0000 4 0146 5 0000 6 000 0 7 04 2 2 8 5 9 7 / 333 10 /// 59 009 6 000 0 7 0000 
14-APR-2015 03 48037 3 1 5 50 5 04 01 10 295 20 207 3 0000 4 0132 5 0000 6 000 0 7 04 2 2 8 2 8 3 2 333 10 /// 59 009 6 000 0 7 0000 
14-APR-2015 03 48039 3 2 4 59 4 00 00 10 300 20 207 3 0000 4 0000 5 0000 6 000 0 7 00 0 0 8 3 8 5 0 333 10 /// 58 000 6 000 0 7 0000 
14-APR-2015 03 48042 3 2 5 57 3 18 01 10 325 20 206 3 0000 4 0139 5 0000 6 000 0 7 00 0 0 8 2 8 5 0 333 10 /// 58 003 6 000 0 7 0000 
14-APR-2015 03 48043 3 2 0 58 2 14 02 10 250 20 167 3 0000 4 0000 5 0000 6 000 0 7 00 0 0 8 0 0 3 0 333 10 /// 58 000 6 000 0 7 0000 
14-APR-2015 03 48045 2 2 6 60 4 09 02 10 230 20 124 3 0000 4 0000 5 0000 6 000 0 7 00 0 0 8 0 0 4 0 333 10 /// 58 000 6 000 0 7 0000 
14-APR-2015 03 48048 2 2 5 58 4 18 01 10 290 20 219 3 0000 4 0136 5 0000 6 000 0 7 00 0 0 8 6 9 7 / 333 10 /// 59 008 6 000 0 7 0000 
14-APR-2015 03 48051 3 2 9 58 6 31 02 10 272 20 210 3 0000 4 0000 5 0000 6 000 0 7 01 1 1 8 0 0 3 1 333 10 /// 58 000 6 000 0 7 0000 
14-APR-2015 03 48052 2 2 4 50 6 00 00 10 280 20 250 3 0000 4 0000 5 0000 6 000 0 7 00 0 0 8 5 9 2 0 333 10 /// 58 000 6 000 0 7 0000 
14-APR-2015 03 48053 2 2 9 50 6 18 01 10 290 20 230 3 0000 4 0138 5 0000 6 000 0 7 00 0 0 8 0 0 5 6 333 10 /// 59 000 6 000 0 7 0000 
14-APR-2015 03 48055 2 1 6 56 2 00 00 10 233 20 181 3 0000 4 0148 5 0000 6 000 0 7 05 1 1 8 1 5 3 0 333 10 /// 59 030 6 000 0 7 0000 
14-APR-2015 03 48057 2 2 4 58 5 14 01 10 220 20 156 3 0000 4 0000 5 0000 6 000 0 7 00 0 0 8 4 3 5 0 333 10 /// 58 000 6 000 0 7 0000 
14-APR-2015 03 48060 3 2 4 40 3 00 00 10 258 20 179 3 0000 4 0146 5 0000 6 000 0 7 00 0 0 8 2 1 0 2 333 10 /// 59 050 6 000 0 7 0000 
14-APR-2015 03 48062 3 2 5 58 2 09 02 10 290 20 240 3 0000 4 0134 5 0000 6 000 0 7 01 0 0 8 2 5 0 0 333 10 /// 59 014 6 000 0 7 0000 
14-APR-2015 03 48064 3 2 5 60 6 14 01 10 312 20 237 3 0000 4 0119 5 0000 6 000 0 7 00 0 0 8 2 1 3 6 333 10 /// 59 006 6 000 0 7 0000 
14-APR-2015 03 48065 3 2 4 60 7 00 00 10 300 20 207 3 0000 4 0000 5 0000 6 000 0 7 00 0 0 8 3 8 3 1 333 10 /// 58 000 6 000 0 7 0000 
14-APR-2015 03 48071 3 2 4 58 3 36 01 10 300 20 266 3 0000 4 0133 5 0000 6 000 0 7 00 0 0 8 2 8 3 0 333 10 /// 59 013 6 000 0 7 0000 
14-APR-2015 03 48072 3 2 4 60 1 13 02 10 320 20 265 3 0000 4 0000 5 0000 6 000 0 7 01 2 2 8 1 2 0 0 333 10 /// 58 000 6 000 0 7 0000 
14-APR-2015 03 48074 2 2 4 58 5 04 01 10 290 20 226 3 0000 4 0148 5 0000 6 000 0 7 00 0 0 8 4 8 5 0 333 10 /// 59 017 6 000 0 7 0000 
14-APR-2015 03 48075 2 2 4 57 4 14 01 10 250 20 220 3 0000 4 0161 5 0000 6 000 0 7 00 0 0 8 2 1 0 5 333 10 /// 58 045 6 000 0 7 0000 
14-APR-2015 03 48077 3 2 5 59 6 00 00 10 290 20 230 3 0000 4 0134 5 0000 6 000 0 7 00 0 0 8 4 9 3 1 333 10 /// 59 003 6 000 0 7 0000 
14-APR-2015 03 48078 3 2 5 56 4 18 01 10 262 20 222 3 0000 4 0145 5 0000 6 000 0 7 00 0 0 8 2 5 0 2 333 10 /// 59 008 6 000 0 7 0000 
14-APR-2015 03 48080 3 2 9 59 0 13 01 10 303 20 253 3 0000 4 0145 5 0000 6 000 0 7 00 0 0 8 0 0 0 0 333 10 /// 59 001 6 000 0 7 0000 
14-APR-2015 03 48085 3 2 4 58 6 27 04 10 302 20 253 3 0000 4 0136 5 0000 6 000 0 7 00 0 0 8 4 8 7 0 333 10 /// 59 006 6 000 0 7 0000 
14-APR-2015 03 48087 2 2 5 56 7 00 00 10 300 20 239 3 0000 4 0000 5 0000 6 000 0 7 00 0 0 8 5 8 4 0 333 10 /// 58 000 6 000 0 7 0000 
14-APR-2015 03 48092 3 1 5 50 4 04 02 10 330 20 234 3 0000 4 0112 5 0000 6 000 0 7 10 1 1 8 1 4 0 5 333 10 /// 58 010 6 000 0 7 0000 
14-APR-2015 03 48093 3 2 9 57 1 14 02 10 131 20 237 3 0000 4 0000 5 0000 6 000 0 7 00 0 0 8 0 0 0 1 333 10 /// 58 000 6 000 0 7 0000 
14-APR-2015 03 48094 3 2 5 59 5 32 01 10 300 20 240 3 0000 4 0137 5 0000 6 000 0 7 00 0 0 8 2 9 4 0 333 10 /// 59 004 6 000 0 7 0000 
14-APR-2015 03 48095 3 2 9 58 1 04 02 10 315 20 237 3 0000 4 0000 5 0000 6 000 0 7 01 2 2 8 0 0 0 2 333 10 /// 58 000 6 000 0 7 0000 
14-APR-2015 03 48097 3 2 5 57 5 13 02 10 310 20 214 3 0000 4 0143 5 0000 6 000 0 7 00 0 0 8 3 8 0 6 333 10 /// 58 003 6 000 0 7 0000 
14-APR-2015 03 48099 3 2 4 56 5 32 01 10 312 20 237 3 0000 4 0166 5 0000 6 000 0 7 00 0 0 8 5 8 0 0 333 10 /// 59 017 6 000 0 7 0000 
14-APR-2015 03 48101 3 2 7 58 5 14 02 10 302 20 239 3 0000 4 0000 5 0000 6 000 0 7 01 2 2 8 0 0 3 5 333 10 /// 58 000 6 000 0 7 0000 
14-APR-2015 03 48103 3 2 4 57 2 22 01 10 328 20 212 3 0000 4 0134 5 0000 6 000 0 7 00 0 0 8 2 5 0 0 333 10 /// 59 016 6 000 0 7 0000 
14-APR-2015 03 48107 2 2 9 50 2 27 01 10 298 20 223 3 0000 4 0121 5 0000 6 000 0 7 00 0 0 8 0 0 0 6 333 10 /// 59 013 6 000 0 7 0000 
14-APR-2015 03 48108 3 2 5 96 5 05 04 10 300 20 223 3 0000 4 0137 5 0000 6 000 0 7 00 0 0 8 2 2 0 6 333 10 /// 59 012 6 000 0 7 0000 
14-APR-2015 03 48109 3 2 3 96 6 04 01 10 293 20 259 3 0000 4 0137 5 0000 6 000 0 7 03 2 2 8 6 9 7 / 333 10 /// 58 003 6 000 0 7 0000 
14-APR-2015 03 48110 3 1 9 96 2 04 03 10 305 20 216 3 0000 4 0133 5 0000 6 000 0 7 05 1 1 8 0 0 0 5 333 10 /// 59 012 6 000 0 7 0000 
14-APR-2015 03 48112 2 2 5 97 8 04 01 10 295 20 250 3 0000 4 0130 5 0000 6 000 0 7 02 2 2 8 4 8 7 6 333 10 /// 59 015 6 000 0 7 0000 
