140600 48001 31450 72301 10262 20203 40126 70322 84750 333 56560 59024=
140600 48004 31458 41301 10329 20191 70511 84300 333 56500=
140600 48008 32557 61801 10320 20184 40132 83970 333 56430 59008=
140600 48010 32560 70000 10305 20207 40120 82471 333 56566 59030=
140600 48018 32558 71401 10320 20200 40143 70222 84870 333 56340 59032=
140600 48019 32457 82701 10290 20230 40127 85770 333 56560 59015=
140600 48020 32458 30403 10350 20240 83800 333 56500=
140600 48025 32440 20401 10360 20195 40123 70544 82500 333 56900 59036=
140600 48030 31256 42202 10218 20143 70144 84900 333 56500=
140600 48031 31960 01401 10260 20160 70544=
140600 48033 32960 01801 10320 20215 40116 333 59014=
140600 48034 32456 71802 10264 20175 87300 333 56500=
140600 48035 31420 80000 10251 20167 40130 70422 8597/ 333 56769 58019=
140600 48037 31550 53601 10343 20206 40104 70422 83830 333 56660 59027=
140600 48039 32460 70000 10349 20202 84860 333 56110=
140600 48042 32557 31802 10360 20195 40126 81152 333 56999 59002=
140600 48043 32757 73203 10275 20158 85830 333 56990=
140600 48045 32560 61402 10251 20126 86600 333 56500=
140600 48048 32558 81801 10330 20212 40124 8697/ 333 5649/ 59004=
140600 48051 32959 02701 10338 20230 70122=
140600 48055 32556 72303 10290 20179 40108 70322 85970 333 56550 59025=
140600 48057 32458 72201 10250 20150 85350 333 56590=
140600 48060 32440 30000 10303 20166 40115 83100 333 56500 59031=
140600 48071 32460 13202 10325 20275 40129 81200 333 56900 59005=
140600 48072 32460 10902 10340 20257 70222 81200 333 56900=
140600 48074 32456 70000 10330 20234 40125 84860 333 56440 59003=
140600 48075 32557 41401 10300 20210 40116 82105 333 56509 59030=
140600 48077 32559 60000 10360 20214 40110 84931 333 56999 59013=
140600 48078 32558 52301 10366 20121 83831 333 56559 59004=
140600 48080 32460 52209 10361 20308 40128 83830 333 56590 59006=
140600 48087 32560 40403 10356 20214 84800 333 56900=
140600 48092 31458 40406 10372 20246 40101 71011 84800 333 56100 59006=
140600 48094 32459 63201 10310 20270 40123 86900 333 56900 59003=
140600 48097 32557 72402 10345 20222 40138 70222 87800 333 56900 58007=
140600 48099 32457 71302 10347 20219 40117 84330 333 56330 59009=
140600 48101 32659 71401 10323 20248 70322 82321 222 56999=
140600 48103 32457 31402 10363 20177 40114 83800 333 56300 59014=
140600 48107 32350 20402 10350 20182 40112 82900 333 56300 59003=
140600 48108 32596 40506 10355 20229 40123 82206 333 56809 59015=
140600 48110 31596 43202 10340 20215 40117 70522 82206 333 56909 59015=
140600 48004 31458 41301 10329 20191 70511 84300 333 56500=
140600 48008 32557 61801 10320 20184 40132 83970 333 56430 59008=
140600 48010 32560 70000 10305 20207 40120 82471 333 56566 59030=
140600 48018 32558 71401 10320 20200 40143 70222 84870 333 56340 59032=
140600 48019 32457 82701 10290 20230 40127 85770 333 56560 59015=
140600 48020 32458 30403 10350 20240 83800 333 56500=
140600 48025 32440 20401 10360 20195 40123 70544 82500 333 56900 59036=
140600 48030 31256 42202 10218 20143 70144 84900 333 56500=
140600 48031 31960 01401 10260 20160 70544=
140600 48033 32960 01801 10320 20215 40116 333 59014=
140600 48034 32456 71802 10264 20175 87300 333 56500=
140600 48035 31420 80000 10251 20167 40130 70422 8597/ 333 56769 58019=
140600 48037 31550 53601 10343 20206 40104 70422 83830 333 56660 59027=
140600 48039 32460 70000 10349 20202 84860 333 56110=
140600 48042 32557 31802 10360 20195 40126 81152 333 56999 59002=
140600 48043 32757 73203 10275 20158 85830 333 56990=
140600 48045 32560 61402 10251 20126 86600 333 56500=
140600 48048 32558 81801 10330 20212 40124 8697/ 333 5649/ 59004=
140600 48051 32959 02701 10338 20230 70122=
140600 48055 32556 72303 10290 20179 40108 70322 85970 333 56550 59025=
140600 48057 32458 72201 10250 20150 85350 333 56590=
140600 48060 32440 30000 10303 20166 40115 83100 333 56500 59031=
140600 48071 32460 13202 10325 20275 40129 81200 333 56900 59005=
140600 48072 32460 10902 10340 20257 70222 81200 333 56900=
140600 48074 32456 70000 10330 20234 40125 84860 333 56440 59003=
140600 48075 32557 41401 10300 20210 40116 82105 333 56509 59030=
140600 48077 32559 60000 10360 20214 40110 84931 333 56999 59013=
140600 48078 32558 52301 10366 20121 83831 333 56559 59004=
140600 48080 32460 52209 10361 20308 40128 83830 333 56590 59006=
140600 48087 32560 40403 10356 20214 84800 333 56900=
140600 48092 31458 40406 10372 20246 40101 71011 84800 333 56100 59006=
140600 48094 32459 63201 10310 20270 40123 86900 333 56900 59003=
140600 48097 32557 72402 10345 20222 40138 70222 87800 333 56900 58007=
140600 48099 32457 71302 10347 20219 40117 84330 333 56330 59009=
140600 48101 32659 71401 10323 20248 70322 82321 222 56999=
140600 48103 32457 31402 10363 20177 40114 83800 333 56300 59014=
140600 48107 32350 20402 10350 20182 40112 82900 333 56300 59003=
140600 48108 32596 40506 10355 20229 40123 82206 333 56809 59015=
140600 48110 31596 43202 10340 20215 40117 70522 82206 333 56909 59015=
