140600 48001 21430 80401 10260 20246 40065 75066 8672/ 333 56549 58002=
140600 48004 22340 71301 10274 20274 87900 333 56500=
140600 48008 32557 71801 10315 20248 40075 84970 333 56450 58017=
140600 48010 32457 60000 10295 20266 40049 85830 333 56440 59024=
140600 48018 32557 82301 10295 20259 40062 8497/ 333 56459 59011=
140600 48019 21458 80000 10293 20259 40061 75022 8577/ 333 56569 59023=
140600 48020 32258 63602 10330 20275 86800 333 56500=
140600 48025 32456 71401 10317 20265 40064 84870 333 56550 59019=
140600 48030 32357 82201 10223 20185 8584/ 333 56569=
140600 48031 32258 70401 10240 20209 878// 333 56499=
140600 48033 32562 71801 10280 20268 40071 86970 333 56590 58015=
140600 48034 21350 82302 10228 20219 72055 8692/ 333 56599=
140600 48037 32560 71802 10316 20265 40045 85370 333 56550 59020=
140600 48039 32460 71401 10313 20254 84860 333 56440=
140600 48042 32558 72702 10320 20248 40051 85950 333 56440 59012=
140600 48043 32556 81807 10245 20219 8587/ 333 56599=
140600 48045 31002 91802 10250 20219 74544 89/// 333 56999=
140600 48048 32560 71801 10325 20248 40058 85950 333 56490 59007=
140600 48051 21558 71301 10282 20270 70250 85930 333 56490=
140600 48052 32468 42202 10330 20258 84800 333 56900=
140600 48053 32456 71803 10320 20265 40073 84956 333 56699 58004=
140600 48055 21540 70405 10273 20226 40051 79595 86901 333 56309 59022=
140600 48057 21458 72202 10238 20209 75122 86950 333 56690=
140600 48060 32350 40000 10295 20219 40028 84300 333 56600 59046=
140600 48062 21350 82703 10280 20270 40081 70255 86970 333 56690 58006=
140600 48064 32560 53601 10330 20275 40048 83301 333 56404 58001=
140600 48065 32556 50401 10330 20258 83370 333 56490=
140600 48071 32458 82304 10303 20266 40081 8697/ 333 5659/ 58000=
140600 48072 21459 81804 10295 20266 75055 86970 333 56590=
140600 48074 32459 72303 10290 20259 40082 84810 333 56440 59012=
140600 48075 21558 73201 10270 20240 40073 72165 85870 333 56590 59012=
140600 48077 32559 72301 10320 20248 40064 85931 333 56499 59011=
140600 48078 21557 51801 10292 20266 40086 70255 84801 333 56409 59006=
140600 48080 32460 73203 10290 20274 40084 70255 85870 333 56590 59002=
140600 48085 32357 82703 10294 20259 40081 86970 333 56590 59003=
140600 48087 32458 62303 10308 20267 70322 83371 333 56499=
140600 48092 32457 72305 10290 20259 40067 85370 333 56590 59006=
140600 48093 21557 72601 10294 20259 70255 86801 333 56509=
140600 48094 21458 82201 10265 20265 40086 76066 8597/ 333 56999 59001=
140600 48095 32558 70000 10285 20268 70222 84840 333 56990=
140600 48097 32557 72302 10295 20270 40103 84831 333 56999 58003=
140600 48099 21330 82301 10263 20246 40094 75155 8697/ 333 5659/ 58004=
140600 48101 32457 81802 10283 20268 70222 8597/ 333 5659/=
140600 48103 21456 82202 10260 20260 40093 75066 86770 333 56550 58003=
140600 48107 32350 63201 10288 20248 40098 84970 333 56550 58000=  
140600 48108 21495 71803 10285 20264 40106 70255 85376 333 56699 58001=
140600 48110 32595 53203 10325 20270 40102 83336 333 56599 59016=
140600 48112 32598 63202 10315 20274 40108 82216 333 56799 59012=
