14-AUG-2015 03 48001 2 1 4 40 8 13 01 10 265 20 240 3 0000 4 0063 5 0000 6 000 0 7 50 5 5 8 4 7 7 / 333 10 /// 59 022 6 000 0 7 0000 
14-AUG-2015 03 48004 2 1 1 10 8 00 00 10 260 20 260 3 0000 4 0000 5 0000 6 000 0 7 02 5 5 8 6 9 7 / 333 10 /// 58 000 6 000 0 7 0000 
14-AUG-2015 03 48008 2 2 5 57 7 00 00 10 280 20 250 3 0000 4 0064 5 0000 6 000 0 7 00 0 0 8 4 9 7 0 333 10 /// 59 002 6 000 0 7 0000 
14-AUG-2015 03 48010 2 2 4 50 6 18 01 10 275 20 268 3 0000 4 0054 5 0000 6 000 0 7 00 0 0 8 5 8 3 0 333 10 /// 59 022 6 000 0 7 0000 
14-AUG-2015 03 48018 2 2 5 58 7 22 01 10 270 20 256 3 0000 4 0067 5 0000 6 000 0 7 00 0 0 8 4 8 7 / 333 10 /// 59 010 6 000 0 7 0000 
14-AUG-2015 03 48019 2 2 4 58 8 23 01 10 270 20 240 3 0000 4 0065 5 0000 6 000 0 7 00 0 0 8 6 7 6 / 333 10 /// 59 001 6 000 0 7 0000 
14-AUG-2015 03 48020 2 1 2 56 7 36 02 10 280 20 256 3 0000 4 0000 5 0000 6 000 0 7 00 0 0 8 7 8 0 0 333 10 /// 58 000 6 000 0 7 0000 
14-AUG-2015 03 48025 2 2 1 20 7 22 01 10 280 20 250 3 0000 4 0066 5 0000 6 000 0 7 00 0 0 8 5 8 7 0 333 10 /// 59 007 6 000 0 7 0000 
14-AUG-2015 03 48030 2 2 2 50 8 22 02 10 190 20 175 3 0000 4 0000 5 0000 6 000 0 7 00 0 0 8 6 8 4 / 333 10 /// 58 000 6 000 0 7 0000 
14-AUG-2015 03 48031 2 1 2 58 8 04 01 10 195 20 185 3 0000 4 0000 5 0000 6 000 0 7 01 4 4 8 8 8 / / 333 10 /// 58 000 6 000 0 7 0000 
14-AUG-2015 03 48033 2 2 5 61 7 18 01 10 270 20 256 3 0000 4 0074 5 0000 6 000 0 7 00 0 0 8 6 9 7 0 333 10 /// 58 003 6 000 0 7 0000 
14-AUG-2015 03 48034 2 1 2 48 8 04 01 10 213 20 213 3 0000 4 0000 5 0000 6 000 0 7 51 6 5 8 6 9 2 / 333 10 /// 58 000 6 000 0 7 0000 
14-AUG-2015 03 48035 2 2 5 60 8 00 00 10 248 20 219 3 0000 4 0071 5 0000 6 000 0 7 00 0 0 8 5 9 7 / 333 10 /// 58 002 6 000 0 7 0000 
14-AUG-2015 03 48037 3 2 5 58 7 09 01 10 286 20 259 3 0000 4 0054 5 0000 6 000 0 7 00 0 0 8 5 8 7 0 333 10 /// 59 018 6 000 0 7 0000 
14-AUG-2015 03 48039 2 2 4 60 7 04 02 10 285 20 233 3 0000 4 0000 5 0000 6 000 0 7 00 0 0 8 5 9 6 0 333 10 /// 58 000 6 000 0 7 0000 
14-AUG-2015 03 48042 2 1 4 57 8 13 01 10 283 20 250 3 0000 4 0059 5 0000 6 000 0 7 50 2 2 8 5 9 7 / 333 10 /// 59 011 6 000 0 7 0000 
14-AUG-2015 03 48043 3 2 5 56 6 18 07 10 220 20 220 3 0000 4 0000 5 0000 6 000 0 7 00 0 0 8 6 8 7 / 333 10 /// 58 000 6 000 0 7 0000 
14-AUG-2015 03 48045 2 2 5 56 7 22 03 10 220 20 185 3 0000 4 0000 5 0000 6 000 0 7 00 0 0 8 6 8 3 0 333 10 /// 58 000 6 000 0 7 0000 
14-AUG-2015 03 48048 3 2 5 60 7 18 01 10 290 20 248 3 0000 4 0064 5 0000 6 000 0 7 00 0 0 8 5 9 5 0 333 10 /// 59 007 6 000 0 7 0000 
14-AUG-2015 03 48051 2 1 5 58 7 13 01 10 271 20 260 3 0000 4 0000 5 0000 6 000 0 7 50 6 5 8 5 9 3 0 333 10 /// 58 000 6 000 0 7 0000 
14-AUG-2015 03 48052 2 2 4 60 6 13 01 10 294 20 259 3 0000 4 0000 5 0000 6 000 0 7 00 0 0 8 5 9 2 0 333 10 /// 58 000 6 000 0 7 0000 
14-AUG-2015 03 48053 2 2 4 56 6 18 03 10 280 20 250 3 0000 4 0080 5 0000 6 000 0 7 00 0 0 8 4 8 5 0 333 10 /// 58 000 6 000 0 7 0000 
14-AUG-2015 03 48055 2 2 5 56 6 14 02 10 253 20 219 3 0000 4 0069 5 0000 6 000 0 7 00 0 0 8 3 8 3 0 333 10 /// 59 010 6 000 0 7 0000 
14-AUG-2015 03 48057 2 2 4 58 5 23 01 10 214 20 195 3 0000 4 0000 5 0000 6 000 0 7 00 0 0 8 3 3 5 0 333 10 /// 58 000 6 000 0 7 0000 
14-AUG-2015 03 48060 3 2 3 50 5 00 00 10 275 20 113 3 0000 4 0044 5 0000 6 000 0 7 00 0 0 8 3 1 3 0 333 10 /// 59 053 6 000 0 7 0000 
14-AUG-2015 03 48062 2 1 3 50 8 00 00 10 260 20 250 3 0000 4 0072 5 0000 6 000 0 7 51 6 5 8 6 9 7 0 333 10 /// 59 001 6 000 0 7 0000 
14-AUG-2015 03 48064 2 2 4 58 7 32 01 10 290 20 259 3 0000 4 0061 5 0000 6 000 0 7 00 0 0 8 4 8 3 1 333 10 /// 59 005 6 000 0 7 0000 
14-AUG-2015 03 48065 2 2 4 50 7 03 02 10 290 20 274 3 0000 4 0000 5 0000 6 000 0 7 00 0 0 8 4 8 7 0 333 10 /// 58 000 6 000 0 7 0000 
14-AUG-2015 03 48071 2 2 4 58 7 23 01 10 295 20 282 3 0000 4 0083 5 0000 6 000 0 7 00 0 0 8 5 9 7 0 333 10 /// 58 010 6 000 0 7 0000 
14-AUG-2015 03 48072 2 1 4 59 8 00 00 10 285 20 274 3 0000 4 0000 5 0000 6 000 0 7 03 5 5 8 6 9 7 0 333 10 /// 58 000 6 000 0 7 0000 
14-AUG-2015 03 48074 2 2 3 57 8 04 02 10 270 20 256 3 0000 4 0102 5 0000 6 000 0 7 00 0 0 8 5 7 7 / 333 10 /// 58 008 6 000 0 7 0000 
14-AUG-2015 03 48075 2 1 5 58 6 00 00 10 250 20 219 3 0000 4 0098 5 0000 6 000 0 7 01 5 2 8 4 8 3 0 333 10 /// 58 001 6 000 0 7 0000 
14-AUG-2015 03 48077 2 2 5 59 7 23 01 10 290 20 259 3 0000 4 0068 5 0000 6 000 0 7 00 0 0 8 5 9 3 1 333 10 /// 59 017 6 000 0 7 0000 
14-AUG-2015 03 48078 2 1 5 56 5 16 01 10 262 20 238 3 0000 4 0096 5 0000 6 000 0 7 01 5 5 8 4 5 0 1 333 10 /// 59 005 6 000 0 7 0000 
14-AUG-2015 03 48080 2 1 4 59 7 04 03 10 261 20 246 3 0000 4 0088 5 0000 6 000 0 7 50 6 5 8 5 8 7 0 333 10 /// 58 000 6 000 0 7 0000 
14-AUG-2015 03 48085 2 1 4 58 6 14 03 10 272 20 256 3 0000 4 0090 5 0000 6 000 0 7 01 6 5 8 3 9 3 0 333 10 /// 58 004 6 000 0 7 0000 
14-AUG-2015 03 48087 2 2 4 50 8 23 02 10 284 20 268 3 0000 4 0000 5 0000 6 000 0 7 00 0 0 8 4 3 7 / 333 10 /// 58 000 6 000 0 7 0000 
14-AUG-2015 03 48092 2 2 4 56 7 23 03 10 280 20 250 3 0000 4 0079 5 0000 6 000 0 7 00 0 0 8 5 3 7 0 333 10 /// 59 004 6 000 0 7 0000 
14-AUG-2015 03 48093 2 2 5 57 7 14 01 10 287 20 259 3 0000 4 0000 5 0000 6 000 0 7 00 0 0 8 6 8 0 1 333 10 /// 58 000 6 000 0 7 0000 
14-AUG-2015 03 48094 2 2 4 59 7 22 02 10 280 20 270 3 0000 4 0088 5 0000 6 000 0 7 00 0 0 8 5 9 7 0 333 10 /// 59 004 6 000 0 7 0000 
14-AUG-2015 03 48095 2 2 5 58 7 22 02 10 270 20 256 3 0000 4 0000 5 0000 6 000 0 7 01 2 2 8 3 8 4 0 333 10 /// 58 000 6 000 0 7 0000 
14-AUG-2015 03 48097 2 1 5 57 6 22 02 10 275 20 262 3 0000 4 0107 5 0000 6 000 0 7 02 5 2 8 4 8 3 0 333 10 /// 59 001 6 000 0 7 0000 
14-AUG-2015 03 48099 2 1 2 20 8 13 02 10 254 20 254 3 0000 4 0095 5 0000 6 000 0 7 51 5 5 8 6 9 7 / 333 10 /// 58 014 6 000 0 7 0000 
14-AUG-2015 03 48101 2 1 4 57 8 27 01 10 253 20 253 3 0000 4 0000 5 0000 6 000 0 7 50 5 5 8 5 9 7 / 333 10 /// 58 000 6 000 0 7 0000 
14-AUG-2015 03 48103 2 1 4 50 8 22 02 10 252 20 252 3 0000 4 0103 5 0000 6 000 0 7 62 6 6 8 6 7 2 0 333 10 /// 59 001 6 000 0 7 0000 
14-AUG-2015 03 48107 2 1 3 50 6 23 01 10 258 20 246 3 0000 4 0104 5 0000 6 000 0 7 01 6 6 8 4 9 7 0 333 10 /// 59 002 6 000 0 7 0000 
14-AUG-2015 03 48108 2 2 4 95 7 14 02 10 270 20 248 3 0000 4 0110 5 0000 6 000 0 7 00 0 0 8 4 3 7 6 333 10 /// 59 012 6 000 0 7 0000 
14-AUG-2015 03 48109 2 1 4 96 8 23 01 10 266 20 256 3 0000 4 0098 5 0000 6 000 0 7 02 6 6 8 6 9 7 / 333 10 /// 58 001 6 000 0 7 0000 
14-AUG-2015 03 48110 2 2 5 95 6 13 01 10 290 20 259 3 0000 4 0108 5 0000 6 000 0 7 00 0 0 8 2 2 0 6 333 10 /// 59 008 6 000 0 7 0000 
14-AUG-2015 03 48112 2 2 5 98 6 04 01 10 290 20 259 3 0000 4 0112 5 0000 6 000 0 7 00 0 0 8 2 2 1 6 333 10 /// 59 007 6 000 0 7 0000 
