140300 48004 31905 90000 10180 20165 74644 89/// 333 56999=
140300 48008 31556 60000 10170 20154 40162 71044 83970 333 56110 59006=
140300 48010 31/01 90000 10175 20175 40164 74744 89/// 333 56999 59004=
140300 48018 31557 40000 10170 20154 40158 70140 82504 333 56706 58003=
140300 48019 32458 20401 10145 20124 40158 82100 333 56600 58005=
140300 48020 31930 90000 10180 20165 74344 333 56000=
140300 48025 31008 70000 10190 20175 40164 74244 87600 333 56600 58003=
140300 48030 32256 82201 10133 20067 83840 333 56560=
140300 48031 32258 73201 10160 20085 87800 333 56400=
140300 48033 32962 03601 10200 20185 40122 333 59022=
140300 48034 31456 20000 10125 20107 71011 82500 333 56500=
140300 48035 31940 90000 10129 20086 40161 71044 333 59018=
140300 48037 31450 73601 10185 20165 40158 70344 87800 333 56800 58011=
140300 48039 31950 30000 10200 20165 74044 80002 333 56009=
140300 48042 31930 00000 10218 20185 40145 71044 333 58002=
140300 48043 32056 00000 10155 20144 333 56000=
140300 48045 32560 32302 10170 20097 82801 333 56509=
140300 48048 32958 00401 10215 20185 40155 333 58008=
140300 48051 32958 03201 10211 20200 333=
140300 48052 31956 03602 10230 20189 70522 333 56000=
140300 48053 31940 03602 10200 20185 40151 71000 333 58012=
140300 48055 31/10 90702 10127 20117 40181 74544 333 58013=
140300 48057 31940 01401 10190 20139 71000 333 56000=
140300 48060 32440 30401 10162 20123 40188 83100 333 56500 58009=
140300 48062 32456 20402 10230 20200 40140 82500 333 56900 58003=
140300 48064 32956 01401 10215 20185 40145 70211 333 58010=
140300 48065 32956 00401 10218 20185 70222 333 56000=
140300 48071 31940 00402 10255 20229 40149 74044 333 58009=
140300 48072 32960 01302 10265 20226 333=
140300 48074 32958 00403 10220 20185 40156 333 59005=  
140300 48075 31956 01401 10180 20155 40177 70144 333 58016=
140300 48077 32959 00401 10240 20209 40144 333 58008=
140300 48078 31957 13601 10226 20192 40151 70244 80001 333 56009 58004=
140300 48080 32959 00402 10210 20175 40141 333 58011=
140300 48085 32958 00401 10246 20226 40141 333 58007=
140300 48087 32956 00000 10237 20209 333=
140300 48092 31957 11301 10265 20207 40121 70522 80002 333 56009 58001=
140300 48093 32958 01401 10257 20215 333=
140300 48094 32958 00403 10260 20220 40142 333 58002=
140300 48095 32958 00402 10240 20226 333=
140300 48096 32957 00603 10240 20209 40146 333 58001=  48001 31904 92701 10130 20130 40187 74700 89/// 333 56999 59005=
140300 48097 31957 01702 10250 20205 40149 70544 333 59002=
140300 48099 31440 33202 10245 20191 40141 74044 82801 333 56709 58003=
140300 48101 31957 10000 10265 20229 70144 80001 333 56009=
140300 48103 31450 20404 10233 20214 40140 70144 82500 333 56900 58001=
140300 48107 31950 20901 10258 20229 40124 7//44 80006 333 56009 58001=
140300 48108 32596 52701 10275 20230 40134 82456 333 56699 59001=
140300 48109 32497 20000 10270 20226 40147 82800 333 56900 58005=
140300 48110 31596 73203 10295 20256 40132 70522 84306 333 56809 58000=
140300 48112 31597 80405 10278 20250 40130 70522 83876 333 56199 58007=
