14-DEC-2015 00 48001 3 1 9 04 9 00 00 10 115 20 115 3 0000 4 0161 5 0000 6 000 0 7 43 4 4 8 9 / / / 333 20 110 59 002 6 000 0 7 0000 
14-DEC-2015 00 48020 3 1 9 20 9 00 00 10 170 20 154 3 0000 4 0000 5 0000 6 000 0 7 45 4 4 8 0 0 0 0 333 20 140 58 000 6 000 0 7 0000 
14-DEC-2015 00 48043 3 1 0 10 0 00 00 10 105 20 091 3 0000 4 0000 5 0000 6 000 0 7 10 4 4 8 0 0 0 0 333 20 070 58 000 6 000 0 7 0000 
14-DEC-2015 00 48051 3 2 5 56 2 36 01 10 184 20 170 3 0000 4 0000 5 0000 6 000 0 7 00 0 0 8 1 2 0 1 333 20 181 58 000 6 000 0 7 0000 
14-DEC-2015 00 48053 3 2 9 50 0 00 00 10 195 20 175 3 0000 4 0125 5 0000 6 000 0 7 00 0 0 8 0 0 0 0 333 20 183 58 009 6 000 0 7 0000 
14-DEC-2015 00 48055 3 1 / 06 9 00 00 10 090 20 088 3 0000 4 0176 5 0000 6 000 0 7 45 4 4 8 9 / / / 333 20 071 58 002 6 000 0 7 0000 
14-DEC-2015 00 48057 3 1 9 40 0 00 00 10 104 20 104 3 0000 4 0000 5 0000 6 000 0 7 10 0 0 8 0 0 0 0 333 20 098 58 000 6 000 0 7 0000 
14-DEC-2015 00 48060 3 2 4 30 5 00 00 10 117 20 102 3 0000 4 0178 5 0000 6 000 0 7 00 0 0 8 3 1 3 0 333 20 110 59 003 6 000 0 7 0000 
14-DEC-2015 00 48062 3 1 4 05 2 00 00 10 180 20 180 3 0000 4 0117 5 0000 6 000 0 7 41 4 4 8 2 5 0 0 333 20 160 58 002 6 000 0 7 0000 
14-DEC-2015 00 48071 3 1 9 30 0 00 00 10 220 20 205 3 0000 4 0120 5 0000 6 000 0 7 42 4 4 8 0 0 0 0 333 20 205 58 007 6 000 0 7 0000 
14-DEC-2015 00 48075 3 1 9 50 0 00 00 10 130 20 113 3 0000 4 0164 5 0000 6 000 0 7 10 4 4 8 0 0 0 0 333 20 120 59 002 6 000 0 7 0000 
14-DEC-2015 00 48077 3 2 9 56 0 00 00 10 210 20 195 3 0000 4 0121 5 0000 6 000 0 7 00 0 0 8 0 0 0 0 333 20 194 58 014 6 000 0 7 0000 
14-DEC-2015 00 48078 3 2 9 50 1 00 00 10 192 20 175 3 0000 4 0129 5 0000 6 000 0 7 00 0 0 8 0 0 0 1 333 20 177 58 006 6 000 0 7 0000 
14-DEC-2015 00 48080 3 1 9 56 0 00 00 10 172 20 154 3 0000 4 0119 5 0000 6 000 0 7 10 4 4 8 0 0 0 0 333 20 157 58 007 6 000 0 7 0000 
14-DEC-2015 00 48085 3 1 4 30 2 14 01 10 182 20 180 3 0000 4 0118 5 0000 6 000 0 7 42 4 4 8 1 8 0 6 333 20 181 58 009 6 000 0 7 0000 
14-DEC-2015 00 48087 3 1 9 40 1 00 00 10 176 20 155 3 0000 4 0000 5 0000 6 000 0 7 10 4 4 8 0 0 0 1 333 20 150 58 000 6 000 0 7 0000 
14-DEC-2015 00 48092 3 1 5 03 3 00 00 10 180 20 180 3 0000 4 0096 5 0000 6 000 0 7 46 4 4 8 2 4 0 1 333 20 170 59 000 6 000 0 7 0000 
14-DEC-2015 00 48093 3 2 9 40 0 00 00 10 198 20 185 3 0000 4 0000 5 0000 6 000 0 7 00 0 0 8 0 0 0 0 333 20 190 58 000 6 000 0 7 0000 
14-DEC-2015 00 48094 3 1 4 40 1 00 00 10 210 20 200 3 0000 4 0113 5 0000 6 000 0 7 10 0 0 8 1 5 0 0 333 20 202 59 004 6 000 0 7 0000 
14-DEC-2015 00 48096 3 1 9 20 1 26 02 10 210 20 210 3 0000 4 0119 5 0000 6 000 0 7 10 1 1 8 0 0 0 1 333 20 175 59 003 6 000 0 7 0000 
14-DEC-2015 00 48097 3 1 5 40 2 00 00 10 210 20 202 3 0000 4 0122 5 0000 6 000 0 7 40 1 1 8 1 5 0 0 333 20 190 58 002 6 000 0 7 0000 
14-DEC-2015 00 48099 3 1 3 30 3 00 00 10 198 20 183 3 0000 4 0123 5 0000 6 000 0 7 41 4 4 8 2 8 0 1 333 20 180 58 015 6 000 0 7 0000 
14-DEC-2015 00 48103 3 1 4 20 3 04 02 10 190 20 190 3 0000 4 0117 5 0000 6 000 0 7 40 4 4 8 3 7 0 0 333 20 184 58 001 6 000 0 7 0000 
14-DEC-2015 00 48107 3 1 9 30 2 09 01 10 200 20 200 3 0000 4 0116 5 0000 6 000 0 7 41 4 4 8 0 0 0 6 333 20 194 58 002 6 000 0 7 0000 
14-DEC-2015 00 48108 3 1 4 93 6 00 00 10 210 20 198 3 0000 4 0117 5 0000 6 000 0 7 40 2 2 8 3 4 0 6 333 20 193 58 004 6 000 0 7 0000 
14-DEC-2015 00 48109 3 1 4 96 1 00 00 10 206 20 195 3 0000 4 0121 5 0000 6 000 0 7 10 2 2 8 1 5 0 0 333 20 163 58 002 6 000 0 7 0000 
14-DEC-2015 00 48110 3 1 5 95 8 13 03 10 255 20 239 3 0000 4 0112 5 0000 6 000 0 7 05 2 2 8 1 2 0 7 333 20 250 58 001 6 000 0 7 0000 
14-DEC-2015 00 48112 3 1 5 97 8 04 02 10 260 20 246 3 0000 4 0108 5 0000 6 000 0 7 05 2 2 8 3 8 4 6 333 20 205 58 002 6 000 0 7 0000 
