140900 48004 32360 73201 10239 20136 87900 333 56500=
140900 48008 32558 13601 10250 20106 40106 81400 333 56500 58033=
140900 48010 32558 10000 10270 20154 40101 81100 333 56900 58022=
140900 48018 32560 40402 10270 20133 40101 83810 333 56120 59008=
140900 48025 32956 03201 10288 20092 40091 333 58011=
140900 48030 32256 32204 10167 20014 83800 333 56500=
140900 48031 31956 01401 10180 20031 70500 333=
140900 48033 32563 33601 10290 20140 40085 83500 333 56900 58022=
140900 48034 32457 21801 10225 20035 82800 333 56500=
140900 48035 31560 42201 10231 20074 40070 70500 83860 333 56490 58010=
140900 48037 32560 10000 10298 20098 40088 81100 333 56900 58031=
140900 48039 32460 10401 10285 20098 81100 333 56500=
140900 48042 32558 13603 10298 20098 40087 81200 333 56900 58016=
140900 48043 32058 03202 10206 20059 333=
140900 48045 32560 11412 10219 20035 81100 333 56500=
140900 48048 32560 20401 10307 20146 40100 82800 333 56900 58019=
140900 48051 32559 23101 10299 20150 82200 333 56900=
140900 48052 32970 03201 10335 20125 333=
140900 48053 32556 23602 10300 20124 40080 82500 333 56500 58016=
140900 48055 32556 32202 10258 20086 40057 83800 333 56500 58010=
140900 48057 32458 42201 10216 20087 84800 333 56600=
140900 48060 32440 32202 10270 20057 40053 82130 333 56560 58005=
140900 48062 31556 22708 10277 20230 40111 70511 82500 333 56900 58000=
140900 48064 32970 11401 10318 20200 40069 80001 333 56009 58018=
140900 48065 32970 10402 10320 20116 80001 333 56009=
140900 48071 32960 03203 10278 20184 40113 333 58007=
140900 48074 32960 01402 10310 20146 40098 333 58021=
140900 48075 31957 01802 10275 20050 40065 70511 333 59002=
140900 48077 31958 00402 10340 20098 40082 70500 333 58006=
140900 48078 32550 20901 10305 20080 40093 81101 333 56909 58008=
140900 48080 32959 03207 10300 20253 40098 333 58004=
140900 48085 32958 03205 10290 20179 40098 333 59008=
140900 48092 32958 03105 10330 20123 40079 333 58012=
140900 48093 32958 00401 10329 20172 333=
140900 48094 32960 03203 10315 20175 40102 333 58001=
140900 48095 32960 00000 10325 20184 333=
140900 48097 32957 02305 10320 20078 40105 333 58010=
140900 48099 32456 12302 10330 20151 40084 81500 333 56900 58003=
140900 48101 32960 03201 10312 20203 333=
140900 48103 32957 00401 10327 20244 40086 333 59004=
140900 48107 32950 00401 10312 20124 40094 333 59003=
140900 48108 32596 62307 10320 20200 40098 83306 333 56609 59004=
140900 48110 31596 21304 10325 20199 40093 70511 81305 333 56909 59006=
140900 48112 32598 63203 10317 20215 40090 82216 333 56799 58000=  
