14-FEB-2015 09 48004 3 2 3 60 7 32 01 10 239 20 136 3 0000 4 0000 5 0000 6 000 0 7 00 0 0 8 7 9 0 0 333 10 /// 58 000 6 000 0 7 0000 
14-FEB-2015 09 48008 3 2 5 58 1 36 01 10 250 20 106 3 0000 4 0106 5 0000 6 000 0 7 00 0 0 8 1 4 0 0 333 10 /// 58 033 6 000 0 7 0000 
14-FEB-2015 09 48010 3 2 5 58 1 00 00 10 270 20 154 3 0000 4 0101 5 0000 6 000 0 7 00 0 0 8 1 1 0 0 333 10 /// 58 022 6 000 0 7 0000 
14-FEB-2015 09 48018 3 2 5 60 4 04 02 10 270 20 133 3 0000 4 0101 5 0000 6 000 0 7 00 0 0 8 3 8 1 0 333 10 /// 59 008 6 000 0 7 0000 
14-FEB-2015 09 48025 3 2 9 56 0 32 01 10 288 20 092 3 0000 4 0091 5 0000 6 000 0 7 00 0 0 8 0 0 0 0 333 10 /// 58 011 6 000 0 7 0000 
14-FEB-2015 09 48030 3 2 2 56 3 22 04 10 167 20 014 3 0000 4 0000 5 0000 6 000 0 7 00 0 0 8 3 8 0 0 333 10 /// 58 000 6 000 0 7 0000 
14-FEB-2015 09 48031 3 1 9 56 0 14 01 10 180 20 031 3 0000 4 0000 5 0000 6 000 0 7 05 0 0 8 0 0 0 0 333 10 /// 58 000 6 000 0 7 0000 
14-FEB-2015 09 48033 3 2 5 63 3 36 01 10 290 20 140 3 0000 4 0085 5 0000 6 000 0 7 00 0 0 8 3 5 0 0 333 10 /// 58 022 6 000 0 7 0000 
14-FEB-2015 09 48034 3 2 4 57 2 18 01 10 225 20 035 3 0000 4 0000 5 0000 6 000 0 7 00 0 0 8 2 8 0 0 333 10 /// 58 000 6 000 0 7 0000 
14-FEB-2015 09 48035 3 1 5 60 4 22 01 10 231 20 074 3 0000 4 0070 5 0000 6 000 0 7 05 0 0 8 3 8 6 0 333 10 /// 58 010 6 000 0 7 0000 
14-FEB-2015 09 48037 3 2 5 60 1 00 00 10 298 20 098 3 0000 4 0088 5 0000 6 000 0 7 00 0 0 8 1 1 0 0 333 10 /// 58 031 6 000 0 7 0000 
14-FEB-2015 09 48039 3 2 4 60 1 04 01 10 285 20 098 3 0000 4 0000 5 0000 6 000 0 7 00 0 0 8 1 1 0 0 333 10 /// 58 000 6 000 0 7 0000 
14-FEB-2015 09 48042 3 2 5 58 1 36 03 10 298 20 098 3 0000 4 0087 5 0000 6 000 0 7 00 0 0 8 1 2 0 0 333 10 /// 58 016 6 000 0 7 0000 
14-FEB-2015 09 48043 3 2 0 58 0 32 02 10 206 20 059 3 0000 4 0000 5 0000 6 000 0 7 00 0 0 8 0 0 0 0 333 10 /// 58 000 6 000 0 7 0000 
14-FEB-2015 09 48045 3 2 5 60 1 14 12 10 219 20 035 3 0000 4 0000 5 0000 6 000 0 7 00 0 0 8 1 1 0 0 333 10 /// 58 000 6 000 0 7 0000 
14-FEB-2015 09 48048 3 2 5 60 2 04 01 10 307 20 146 3 0000 4 0100 5 0000 6 000 0 7 00 0 0 8 2 8 0 0 333 10 /// 58 019 6 000 0 7 0000 
14-FEB-2015 09 48051 3 2 5 59 2 31 01 10 299 20 150 3 0000 4 0000 5 0000 6 000 0 7 00 0 0 8 2 2 0 0 333 10 /// 58 000 6 000 0 7 0000 
14-FEB-2015 09 48052 3 2 9 70 0 32 01 10 335 20 125 3 0000 4 0000 5 0000 6 000 0 7 00 0 0 8 0 0 0 0 333 10 /// 58 000 6 000 0 7 0000 
14-FEB-2015 09 48053 3 2 5 56 2 36 02 10 300 20 124 3 0000 4 0080 5 0000 6 000 0 7 00 0 0 8 2 5 0 0 333 10 /// 58 016 6 000 0 7 0000 
14-FEB-2015 09 48055 3 2 5 56 3 22 02 10 258 20 086 3 0000 4 0057 5 0000 6 000 0 7 00 0 0 8 3 8 0 0 333 10 /// 58 010 6 000 0 7 0000 
14-FEB-2015 09 48057 3 2 4 58 4 22 01 10 216 20 087 3 0000 4 0000 5 0000 6 000 0 7 00 0 0 8 4 8 0 0 333 10 /// 58 000 6 000 0 7 0000 
14-FEB-2015 09 48060 3 2 4 40 3 22 02 10 270 20 057 3 0000 4 0053 5 0000 6 000 0 7 00 0 0 8 2 1 3 0 333 10 /// 58 005 6 000 0 7 0000 
14-FEB-2015 09 48062 3 1 5 56 2 27 08 10 277 20 230 3 0000 4 0111 5 0000 6 000 0 7 05 1 1 8 2 5 0 0 333 10 /// 58 000 6 000 0 7 0000 
14-FEB-2015 09 48064 3 2 9 70 1 14 01 10 318 20 200 3 0000 4 0069 5 0000 6 000 0 7 00 0 0 8 0 0 0 1 333 10 /// 58 018 6 000 0 7 0000 
14-FEB-2015 09 48065 3 2 9 70 1 04 02 10 320 20 116 3 0000 4 0000 5 0000 6 000 0 7 00 0 0 8 0 0 0 1 333 10 /// 58 000 6 000 0 7 0000 
14-FEB-2015 09 48071 3 2 9 60 0 32 03 10 278 20 184 3 0000 4 0113 5 0000 6 000 0 7 00 0 0 8 0 0 0 0 333 10 /// 58 007 6 000 0 7 0000 
14-FEB-2015 09 48074 3 2 9 60 0 14 02 10 310 20 146 3 0000 4 0098 5 0000 6 000 0 7 00 0 0 8 0 0 0 0 333 10 /// 58 021 6 000 0 7 0000 
14-FEB-2015 09 48075 3 1 9 57 0 18 02 10 275 20 050 3 0000 4 0065 5 0000 6 000 0 7 05 1 1 8 0 0 0 0 333 10 /// 59 002 6 000 0 7 0000 
14-FEB-2015 09 48077 3 1 9 58 0 04 02 10 340 20 098 3 0000 4 0082 5 0000 6 000 0 7 05 0 0 8 0 0 0 0 333 10 /// 58 006 6 000 0 7 0000 
14-FEB-2015 09 48078 3 2 5 50 2 09 01 10 305 20 080 3 0000 4 0093 5 0000 6 000 0 7 00 0 0 8 1 1 0 1 333 10 /// 58 008 6 000 0 7 0000 
14-FEB-2015 09 48080 3 2 9 59 0 32 07 10 300 20 253 3 0000 4 0098 5 0000 6 000 0 7 00 0 0 8 0 0 0 0 333 10 /// 58 004 6 000 0 7 0000 
14-FEB-2015 09 48085 3 2 9 58 0 32 05 10 290 20 179 3 0000 4 0098 5 0000 6 000 0 7 00 0 0 8 0 0 0 0 333 10 /// 59 008 6 000 0 7 0000 
14-FEB-2015 09 48092 3 2 9 58 0 31 05 10 330 20 123 3 0000 4 0079 5 0000 6 000 0 7 00 0 0 8 0 0 0 0 333 10 /// 58 012 6 000 0 7 0000 
14-FEB-2015 09 48093 3 2 9 58 0 04 01 10 329 20 172 3 0000 4 0000 5 0000 6 000 0 7 00 0 0 8 0 0 0 0 333 10 /// 58 000 6 000 0 7 0000 
14-FEB-2015 09 48094 3 2 9 60 0 32 03 10 315 20 175 3 0000 4 0102 5 0000 6 000 0 7 00 0 0 8 0 0 0 0 333 10 /// 58 001 6 000 0 7 0000 
14-FEB-2015 09 48095 3 2 9 60 0 00 00 10 325 20 184 3 0000 4 0000 5 0000 6 000 0 7 00 0 0 8 0 0 0 0 333 10 /// 58 000 6 000 0 7 0000 
14-FEB-2015 09 48097 3 2 9 57 0 23 05 10 320 20 078 3 0000 4 0105 5 0000 6 000 0 7 00 0 0 8 0 0 0 0 333 10 /// 58 010 6 000 0 7 0000 
14-FEB-2015 09 48099 3 2 4 56 1 23 02 10 330 20 151 3 0000 4 0084 5 0000 6 000 0 7 00 0 0 8 1 5 0 0 333 10 /// 58 003 6 000 0 7 0000 
14-FEB-2015 09 48101 3 2 9 60 0 32 01 10 312 20 203 3 0000 4 0000 5 0000 6 000 0 7 00 0 0 8 0 0 0 0 333 10 /// 58 000 6 000 0 7 0000 
14-FEB-2015 09 48103 3 2 9 57 0 04 01 10 327 20 244 3 0000 4 0086 5 0000 6 000 0 7 00 0 0 8 0 0 0 0 333 10 /// 59 004 6 000 0 7 0000 
14-FEB-2015 09 48107 3 2 9 50 0 04 01 10 312 20 124 3 0000 4 0094 5 0000 6 000 0 7 00 0 0 8 0 0 0 0 333 10 /// 59 003 6 000 0 7 0000 
14-FEB-2015 09 48108 3 2 5 96 6 23 07 10 320 20 200 3 0000 4 0098 5 0000 6 000 0 7 00 0 0 8 3 3 0 6 333 10 /// 59 004 6 000 0 7 0000 
14-FEB-2015 09 48110 3 1 5 96 2 13 04 10 325 20 199 3 0000 4 0093 5 0000 6 000 0 7 05 1 1 8 1 3 0 5 333 10 /// 59 006 6 000 0 7 0000 
14-FEB-2015 09 48112 3 2 5 98 6 32 03 10 317 20 215 3 0000 4 0090 5 0000 6 000 0 7 00 0 0 8 2 2 1 6 333 10 /// 58 000 6 000 0 7 0000 
