14-FEB-2015 18 48008 3 1 5 10 4 00 00 10 180 20 147 3 0000 4 0119 5 0000 6 000 0 7 10 4 4 8 2 9 7 0 333 10 /// 58 009 6 000 0 7 0000 
14-FEB-2015 18 48010 3 1 0 01 0 00 00 10 145 20 132 3 0000 4 0115 5 0000 6 000 0 7 02 4 4 8 0 0 0 0 333 10 /// 58 013 6 000 0 7 0000 
14-FEB-2015 18 48018 3 2 9 20 0 14 01 10 170 20 154 3 0000 4 0129 5 0000 6 000 0 7 00 0 0 8 0 0 0 0 333 10 /// 58 019 6 000 0 7 0000 
14-FEB-2015 18 48025 3 2 9 05 0 00 00 10 190 20 118 3 0000 4 0127 5 0000 6 000 0 7 00 0 0 8 0 0 0 0 333 10 /// 58 025 6 000 0 7 0000 
14-FEB-2015 18 48042 3 2 9 50 0 00 00 10 180 20 123 3 0000 4 0105 5 0000 6 000 0 7 00 0 0 8 0 0 0 0 333 10 /// 58 009 6 000 0 7 0000 
14-FEB-2015 18 48053 3 2 9 40 0 36 04 10 200 20 130 3 0000 4 0128 5 0000 6 000 0 7 00 0 0 8 0 0 0 0 333 10 /// 58 027 6 000 0 7 0000 
14-FEB-2015 18 48057 3 2 9 39 0 14 01 10 094 20 068 3 0000 4 0000 5 0000 6 000 0 7 00 0 0 8 0 0 0 0 333 10 /// 58 000 6 000 0 7 0000 
14-FEB-2015 18 48060 3 2 4 10 1 00 00 10 123 20 102 3 0000 4 0138 5 0000 6 000 0 7 00 0 0 8 1 1 0 0 333 10 /// 58 017 6 000 0 7 0000 
14-FEB-2015 18 48062 3 1 5 40 2 00 00 10 200 20 170 3 0000 4 0118 5 0000 6 000 0 7 10 1 1 8 2 5 0 0 333 10 /// 59 006 6 000 0 7 0000 
14-FEB-2015 18 48071 3 2 9 20 0 32 02 10 230 20 198 3 0000 4 0120 5 0000 6 000 0 7 00 0 0 8 0 0 0 0 333 10 /// 59 010 6 000 0 7 0000 
14-FEB-2015 18 48078 3 2 9 50 1 00 00 10 187 20 134 3 0000 4 0106 5 0000 6 000 0 7 00 0 0 8 0 0 0 1 333 10 /// 59 001 6 000 0 7 0000 
14-FEB-2015 18 48080 3 2 9 40 0 00 00 10 210 20 195 3 0000 4 0132 5 0000 6 000 0 7 00 0 0 8 0 0 0 0 333 10 /// 58 001 6 000 0 7 0000 
14-FEB-2015 18 48094 3 2 9 58 0 00 00 10 200 20 190 3 0000 4 0123 5 0000 6 000 0 7 00 0 0 8 0 0 0 0 333 10 /// 58 005 6 000 0 7 0000 
14-FEB-2015 18 48097 3 2 9 56 0 09 01 10 230 20 153 3 0000 4 0124 5 0000 6 000 0 7 00 0 0 8 0 0 0 0 333 10 /// 58 003 6 000 0 7 0000 
14-FEB-2015 18 48099 3 2 9 40 0 23 01 10 200 20 185 3 0000 4 0121 5 0000 6 000 0 7 00 0 0 8 0 0 0 0 333 10 /// 58 000 6 000 0 7 0000 
14-FEB-2015 18 48108 3 1 5 94 4 05 01 10 200 20 168 3 0000 4 0125 5 0000 6 000 0 7 10 1 1 8 1 4 0 6 333 10 /// 58 015 6 000 0 7 0000 
14-FEB-2015 18 48109 3 2 4 95 3 00 00 10 234 20 181 3 0000 4 0117 5 0000 6 000 0 7 00 0 0 8 3 5 0 0 333 10 /// 59 002 6 000 0 7 0000 
14-FEB-2015 18 48110 3 1 9 94 2 00 00 10 240 20 209 3 0000 4 0113 5 0000 6 000 0 7 05 1 1 8 0 0 0 5 333 10 /// 59 009 6 000 0 7 0000 
14-FEB-2015 18 48112 3 2 5 97 7 04 02 10 251 20 219 3 0000 4 0108 5 0000 6 000 0 7 00 0 0 8 3 8 7 6 333 10 /// 59 008 6 000 0 7 0000 
