14-FEB-2015 00 48008 2 2 5 50 6 27 01 10 135 20 107 3 0000 4 0127 5 0000 6 000 0 7 00 0 0 8 3 9 3 0 333 20 125 59 016 6 000 0 7 0000 
14-FEB-2015 00 48010 3 1 2 10 3 00 00 10 120 20 111 3 0000 4 0119 5 0000 6 000 0 7 42 4 4 8 3 6 0 0 333 20 110 58 010 6 000 0 7 0000 
14-FEB-2015 00 48018 3 2 5 56 7 32 01 10 140 20 124 3 0000 4 0112 5 0000 6 000 0 7 00 0 0 8 4 8 7 0 333 20 130 58 010 6 000 0 7 0000 
14-FEB-2015 00 48019 3 2 5 40 1 00 00 10 135 20 130 3 0000 4 0122 5 0000 6 000 0 7 00 0 0 8 0 0 0 1 333 20 132 58 020 6 000 0 7 0000 
14-FEB-2015 00 48025 3 1 1 10 1 22 02 10 136 20 107 3 0000 4 0120 5 0000 6 000 0 7 40 4 4 8 1 6 0 0 333 20 128 58 005 6 000 0 7 0000 
14-FEB-2015 00 48030 3 2 9 50 0 22 01 10 070 20 046 3 0000 4 0000 5 0000 6 000 0 7 00 0 0 8 0 0 0 0 333 20 062 58 000 6 000 0 7 0000 
14-FEB-2015 00 48031 3 1 9 50 0 32 01 10 086 20 044 3 0000 4 0000 5 0000 6 000 0 7 05 0 0 8 0 0 0 0 333 20 078 58 000 6 000 0 7 0000 
14-FEB-2015 00 48033 3 2 5 60 4 33 01 10 160 20 144 3 0000 4 0103 5 0000 6 000 0 7 00 0 0 8 2 5 0 1 333 20 145 58 015 6 000 0 7 0000 
14-FEB-2015 00 48034 2 1 4 56 6 00 00 10 105 20 074 3 0000 4 0000 5 0000 6 000 0 7 02 9 5 8 6 9 0 0 333 20 095 58 000 6 000 0 7 0000 
14-FEB-2015 00 48035 3 1 5 58 6 00 00 10 106 20 069 3 0000 4 0132 5 0000 6 000 0 7 03 9 9 8 4 9 6 0 333 20 100 59 002 6 000 0 7 0000 
14-FEB-2015 00 48037 3 2 9 10 0 00 00 10 158 20 123 3 0000 4 0098 5 0000 6 000 0 7 00 0 0 8 0 0 0 0 333 20 152 58 003 6 000 0 7 0000 
14-FEB-2015 00 48042 2 2 5 56 3 00 00 10 175 20 147 3 0000 4 0106 5 0000 6 000 0 7 00 0 0 8 2 8 5 0 333 20 163 58 008 6 002 2 7 0000 
14-FEB-2015 00 48048 3 2 5 40 2 00 00 10 133 20 113 3 0000 4 0114 5 0000 6 000 0 7 00 0 0 8 3 8 0 0 333 20 126 58 010 6 000 0 7 0000 
14-FEB-2015 00 48051 3 1 9 10 0 00 00 10 127 20 110 3 0000 4 0000 5 0000 6 000 0 7 40 4 4 8 0 0 0 0 333 20 121 58 000 6 000 0 7 0000 
14-FEB-2015 00 48052 3 2 4 50 2 04 01 10 150 20 111 3 0000 4 0000 5 0000 6 000 0 7 00 0 0 8 2 2 0 0 333 20 140 58 000 6 000 0 7 0000 
14-FEB-2015 00 48053 3 2 9 50 0 00 00 10 150 20 134 3 0000 4 0112 5 0000 6 000 0 7 00 0 0 8 0 0 0 0 333 20 150 59 007 6 000 0 7 0000 
14-FEB-2015 00 48055 3 1 4 20 1 00 00 10 052 20 047 3 0000 4 0164 5 0000 6 000 0 7 10 1 1 8 1 5 0 0 333 20 048 58 007 6 000 0 7 0000 
14-FEB-2015 00 48057 3 1 4 39 1 22 01 10 084 20 055 3 0000 4 0000 5 0000 6 000 0 7 10 0 0 8 1 5 0 0 333 20 080 58 000 6 000 0 7 0000 
14-FEB-2015 00 48060 2 2 4 20 8 00 00 10 120 20 102 3 0000 4 0139 5 0000 6 000 0 7 00 0 0 8 6 7 7 / 333 20 105 58 005 6 000 0 7 0000 
14-FEB-2015 00 48062 3 1 5 40 5 04 01 10 160 20 160 3 0000 4 0121 5 0000 6 000 0 7 40 4 4 8 3 8 3 0 333 20 135 58 007 6 000 0 7 0000 
14-FEB-2015 00 48064 3 2 9 50 0 04 01 10 154 20 134 3 0000 4 0090 5 0000 6 000 0 7 00 0 0 8 0 0 0 0 333 20 115 58 003 6 000 0 7 0000 
14-FEB-2015 00 48065 3 2 9 50 0 00 00 10 145 20 134 3 0000 4 0000 5 0000 6 000 0 7 00 0 0 8 0 0 0 0 333 20 135 58 000 6 000 0 7 0000 
14-FEB-2015 00 48071 3 1 9 40 0 32 02 10 212 20 175 3 0000 4 0126 5 0000 6 000 0 7 10 0 0 8 0 0 0 0 333 20 200 58 010 6 000 0 7 0000 
14-FEB-2015 00 48074 3 1 9 50 0 00 00 10 160 20 144 3 0000 4 0116 5 0000 6 000 0 7 10 0 0 8 0 0 0 0 333 20 148 58 005 6 000 0 7 0000 
14-FEB-2015 00 48075 3 1 9 56 0 00 00 10 100 20 100 3 0000 4 0165 5 0000 6 000 0 7 10 2 2 8 0 0 0 0 333 20 095 59 003 6 000 0 7 0000 
14-FEB-2015 00 48077 3 1 9 56 0 00 00 10 170 20 135 3 0000 4 0113 5 0000 6 000 0 7 10 0 0 8 0 0 0 0 333 20 140 58 006 6 000 0 7 0000 
14-FEB-2015 00 48078 3 2 9 56 1 00 00 10 160 20 144 3 0000 4 0099 5 0000 6 000 0 7 00 0 0 8 0 0 0 1 333 20 156 59 006 6 000 0 7 0000 
14-FEB-2015 00 48080 3 1 4 50 4 00 00 10 144 20 124 3 0000 4 0125 5 0000 6 000 0 7 10 4 4 8 2 8 7 0 333 20 135 58 005 6 000 0 7 0000 
14-FEB-2015 00 48085 3 1 9 30 0 00 00 10 148 20 145 3 0000 4 0123 5 0000 6 000 0 7 42 4 4 8 0 0 0 0 333 20 146 58 004 6 000 0 7 0000 
14-FEB-2015 00 48087 3 2 9 50 0 00 00 10 126 20 113 3 0000 4 0000 5 0000 6 000 0 7 00 0 0 8 0 0 0 0 333 20 116 58 000 6 000 0 7 0000 
14-FEB-2015 00 48092 3 1 9 20 0 04 01 10 150 20 142 3 0000 4 0104 5 0000 6 000 0 7 10 2 2 8 0 0 0 0 333 20 140 58 012 6 000 0 7 0000 
14-FEB-2015 00 48094 3 1 9 56 0 00 00 10 195 20 180 3 0000 4 0115 5 0000 6 000 0 7 10 0 0 8 0 0 0 0 333 20 158 58 003 6 000 0 7 0000 
14-FEB-2015 00 48096 3 2 9 56 0 10 04 10 190 20 175 3 0000 4 0120 5 0000 6 000 0 7 00 0 0 8 0 0 0 0 333 20 185 59 011 6 000 0 7 0000 
14-FEB-2015 00 48097 3 2 5 56 2 04 02 10 180 20 155 3 0000 4 0117 5 0000 6 000 0 7 00 0 0 8 2 5 0 0 333 20 172 59 002 6 000 0 7 0000 
14-FEB-2015 00 48099 3 1 2 20 1 00 00 10 185 20 185 3 0000 4 0110 5 0000 6 000 0 7 40 4 4 8 1 5 0 0 333 20 175 58 009 6 000 0 7 0000 
14-FEB-2015 00 48103 3 2 4 40 1 02 01 10 166 20 154 3 0000 4 0115 5 0000 6 000 0 7 00 0 0 8 1 5 0 0 333 20 158 58 011 6 000 0 7 0000 
14-FEB-2015 00 48107 3 1 9 30 0 09 02 10 167 20 135 3 0000 4 0118 5 0000 6 000 0 7 41 4 4 8 0 0 0 0 333 20 157 58 004 6 000 0 7 0000 
14-FEB-2015 00 48108 3 1 / 91 9 00 00 10 185 20 185 3 0000 4 0126 5 0000 6 000 0 7 41 4 4 8 0 0 0 0 333 20 170 58 003 6 000 0 7 0000 
14-FEB-2015 00 48109 3 2 4 96 2 00 00 10 202 20 200 3 0000 4 0124 5 0000 6 000 0 7 00 0 0 8 2 5 0 0 333 20 195 58 001 6 000 0 7 0000 
14-FEB-2015 00 48110 3 1 9 92 2 00 00 10 230 20 198 3 0000 4 0120 5 0000 6 000 0 7 42 4 4 8 0 0 0 5 333 20 230 59 001 6 000 0 7 0000 
14-FEB-2015 00 48112 3 2 5 97 8 04 03 10 242 20 226 3 0000 4 0112 5 0000 6 000 0 7 00 0 0 8 3 8 7 6 333 20 198 59 020 6 000 0 7 0000 
