140000 48008 31540 20000 10106 20091 40179 71044 81430 333 20089 56560 59008=
140000 48010 32510 70000 10140 20132 40171 84730 333 20135 56550 59018=
140000 48018 32556 70000 10125 20112 40166 84870 333 20115 56390 59001=
140000 48019 32940 00000 10100 20100 40165 333 20095 59010=
140000 48025 32440 70000 10164 20144 40169 85840 333 20158 56560 59015=
140000 48035 32540 80000 10081 20080 40207 8597/ 333 20063 56769 59006=
140000 48037 32510 73601 10184 20147 40131 84870 333 20181 56770 59033=
140000 48042 32556 60000 10193 20175 40154 82850 333 20187 56560 59002=
140000 48048 32550 60000 10183 20129 40154 85950 333 20176 56490 59010=
140000 48051 32556 33601 10167 20150 70111 82230 333 20159 56590=
140000 48053 32550 73602 10190 20159 40150 84550 333 20189 56690 59004=
140000 48060 31/10 90000 10093 20068 40233 74744 333 20082 59009=
140000 48062 32550 80000 10200 20170 40130 70322 84832 333 20160 56599 59001=
140000 48071 32440 20501 10225 20181 40130 82800 333 20210 56900 58003=
140000 48075 31456 70000 10125 20125 40191 71022 85850 333 20115 56590 58009=
140000 48077 31556 40000 10204 20168 40138 71022 83801 333 20176 56909 59001=
140000 48078 32550 50000 10185 20162 40149 83531 333 20155 56599 58006=
140000 48080 32456 70000 10172 20154 40132 84870 333 20157 56590 59002=
140000 48085 32450 71402 10180 20165 40119 85870 333 20177 56590 59001=
140000 48108 31593 50000 10180 20173 40137 71022 82406 333 20165 56909 58002=
140000 48109 22496 60403 10263 20246 40112 70122 84970 333 20230 56990 59001=
140000 48110 31995 31302 10200 20168 40132 70511 80006 333 20200 56009 58004=
140000 48112 32597 80410 10252 20219 40116 83876 333 20204 56199 58007=
140000 48030 32150 42204 10077 20055 84800 333 20064 56500=
140000 48087 32450 70000 10190 20159 70322 8437/ 333 20155 5659/=
140000 48099 32450 43201 10186 20159 40145 70211 82830 333 20170 56990 58001=
140000 48101 32656 40901 10217 20173 70122 81130 333 20192 56490=
140000 48103 32530 70403 10213 20160 40142 83530 333 20117 56110 58003=
140000 48057 31439 71402 10130 20086 71022 85850 333 20105 56990=
140000 48094 32456 40000 10210 20180 40134 70322 83940 333 20175 56990 58001=
140000 48097 32456 71401 10205 20164 40149 70222 84550 333 20190 56990 58007=
140000 48031 32250 32201 10097 20079 83800 333 20088 56400=
140000 48033 32560 83301 10173 20154 40159 86970 333 20130 56560 59017=
140000 48034 32456 60000 10090 20068 83530 333 20078 56550=
140000 48039 31450 72201 10180 20129 71022 83460 333 20179 56550=
140000 48043 32551 80000 10120 20081 8587/ 333 20072 56999=
140000 48052 32450 40000 10200 20168 84800 333 20148 56900=
140000 48055 31450 70000 10097 20094 40197 71022 85370 333 20059 56550 59046=
140000 48064 32450 40901 10200 20150 40127 82801 333 20163 56409 59009=
140000 48065 32450 50000 10192 20159 84830 333 20180 56990=
140000 48074 32450 43201 10188 20139 40144 82850 333 20175 56660 58002=
140000 48093 32630 60401 10208 20175 83841 333 20204 56199=
140000 48107 32330 60902 10217 20185 40124 84970 333 20200 56660 59006=  48001 NIL=
140000 48008 31540 20000 10106 20091 40179 71044 81430 333 20089 56560 59008=
140000 48010 32510 70000 10140 20132 40171 84730 333 20135 56550 59018=
140000 48018 32556 70000 10125 20112 40166 84870 333 20115 56390 59001=
140000 48019 32940 00000 10100 20100 40165 333 20095 59010=
140000 48025 32440 70000 10164 20144 40169 85840 333 20158 56560 59015=
140000 48030 32150 42204 10077 20055 84800 333 20064 56500=
140000 48031 32250 32201 10097 20079 83800 333 20088 56400=
140000 48033 32560 83301 10173 20154 40159 86970 333 20130 56560 59017=
140000 48034 32456 60000 10090 20068 83530 333 20078 56550=
140000 48035 32540 80000 10081 20080 40207 8597/ 333 20063 56769 59006=
140000 48037 32510 73601 10184 20147 40131 84870 333 20181 56770 59033=
140000 48039 31450 72201 10180 20129 71022 83460 333 20179 56550=
140000 48042 32556 60000 10193 20175 40154 82850 333 20187 56560 59002=
140000 48043 32550 80000 10120 20081 8587/ 333 20072 56999=
140000 48048 32550 60000 10183 20129 40154 85950 333 20176 56490 59010=
140000 48051 32556 33601 10167 20150 70111 82230 333 20159 56590=
140000 48052 32450 40000 10200 20168 84800 333 20148 56900=
140000 48053 32550 73602 10190 20159 40150 84550 333 20189 56690 59004=
140000 48055 31450 70000 10097 20094 40197 71022 85370 333 20059 56550 59046=
140000 48057 31439 71402 10130 20086 71022 85850 333 20105 56990=
140000 48060 31/10 90000 10093 20068 40233 74744 333 20082 59009=
140000 48062 32550 80000 10200 20170 40130 70322 84832 333 20160 56599 59001=
140000 48064 32450 40901 10200 20150 40127 82801 333 20163 56409 59009=
140000 48065 32450 50000 10192 20159 84830 333 20180 56990=
140000 48071 32440 20501 10225 20181 40130 82800 333 20210 56900 58003=
140000 48074 32450 43201 10188 20139 40144 82850 333 20175 56660 58002=
140000 48075 31456 70000 10125 20125 40191 71022 85850 333 20115 56590 58009=
140000 48077 31556 40000 10204 20168 40138 71022 83801 333 20176 56909 59001=
140000 48078 32550 50000 10185 20162 40149 83531 333 20155 56599 58006=
140000 48080 32456 70000 10172 20154 40132 84870 333 20157 56590 59002=
140000 48085 32450 71402 10180 20165 40119 85870 333 20177 56590 59001=
140000 48087 32450 70000 10190 20159 70322 8437/ 333 20155 5659/=
140000 48093 32630 60401 10208 20175 83841 333 20204 56199=
140000 48094 32456 40000 10210 20180 40134 70322 83940 333 20175 56990 58001=
140000 48096 31556 60000 10200 20185 40118 70522 82470 333 20180 56990 58008=
140000 48097 32456 71401 10205 20164 40149 70222 84550 333 20190 56990 58007=
140000 48099 32450 43201 10186 20159 40145 70211 82830 333 20170 56990 58001=
140000 48101 32656 40901 10217 20173 70122 81130 333 20192 56490=
140000 48103 32530 70403 10213 20160 40142 83530 333 20117 56110 58003=
140000 48107 32330 60902 10217 20185 40124 84970 333 20200 56660 59006=
140000 48108 31593 50000 10180 20173 40137 71022 82406 333 20165 56909 58002=
140000 48109 22496 60403 10263 20246 40112 70122 84970 333 20230 56990 59001=
140000 48110 31995 31302 10200 20168 40132 70511 80006 333 20200 56009 58004=
140000 48112 32597 80410 10252 20219 40116 83876 333 20204 56199 58007=  
