14-JAN-2015 00 48008 3 1 5 40 2 00 00 10 106 20 091 3 0000 4 0179 5 0000 6 000 0 7 10 4 4 8 1 4 3 0 333 20 089 59 008 6 000 0 7 0000 
14-JAN-2015 00 48010 3 2 5 10 7 00 00 10 140 20 132 3 0000 4 0171 5 0000 6 000 0 7 00 0 0 8 4 7 3 0 333 20 135 59 018 6 000 0 7 0000 
14-JAN-2015 00 48018 3 2 5 56 7 00 00 10 125 20 112 3 0000 4 0166 5 0000 6 000 0 7 00 0 0 8 4 8 7 0 333 20 115 59 001 6 000 0 7 0000 
14-JAN-2015 00 48019 3 2 9 40 0 00 00 10 100 20 100 3 0000 4 0165 5 0000 6 000 0 7 00 0 0 8 0 0 0 0 333 20 095 59 010 6 000 0 7 0000 
14-JAN-2015 00 48025 3 2 4 40 7 00 00 10 164 20 144 3 0000 4 0169 5 0000 6 000 0 7 00 0 0 8 5 8 4 0 333 20 158 59 015 6 000 0 7 0000 
14-JAN-2015 00 48030 3 2 1 50 4 22 04 10 077 20 055 3 0000 4 0000 5 0000 6 000 0 7 00 0 0 8 4 8 0 0 333 20 064 58 000 6 000 0 7 0000 
14-JAN-2015 00 48031 3 2 2 50 3 22 01 10 097 20 079 3 0000 4 0000 5 0000 6 000 0 7 00 0 0 8 3 8 0 0 333 20 088 58 000 6 000 0 7 0000 
14-JAN-2015 00 48033 3 2 5 60 8 33 01 10 173 20 154 3 0000 4 0159 5 0000 6 000 0 7 00 0 0 8 6 9 7 0 333 20 130 59 017 6 000 0 7 0000 
14-JAN-2015 00 48034 3 2 4 56 6 00 00 10 090 20 068 3 0000 4 0000 5 0000 6 000 0 7 00 0 0 8 3 5 3 0 333 20 078 58 000 6 000 0 7 0000 
14-JAN-2015 00 48035 3 2 5 40 8 00 00 10 081 20 080 3 0000 4 0207 5 0000 6 000 0 7 00 0 0 8 5 9 7 / 333 20 063 59 006 6 000 0 7 0000 
14-JAN-2015 00 48037 3 2 5 10 7 36 01 10 184 20 147 3 0000 4 0131 5 0000 6 000 0 7 00 0 0 8 4 8 7 0 333 20 181 59 033 6 000 0 7 0000 
14-JAN-2015 00 48039 3 1 4 50 7 22 01 10 180 20 129 3 0000 4 0000 5 0000 6 000 0 7 10 2 2 8 3 4 6 0 333 20 179 58 000 6 000 0 7 0000 
14-JAN-2015 00 48042 3 2 5 56 6 00 00 10 193 20 175 3 0000 4 0154 5 0000 6 000 0 7 00 0 0 8 2 8 5 0 333 20 187 59 002 6 000 0 7 0000 
14-JAN-2015 00 48043 3 2 5 50 8 00 00 10 120 20 081 3 0000 4 0000 5 0000 6 000 0 7 00 0 0 8 5 8 7 / 333 20 072 58 000 6 000 0 7 0000 
14-JAN-2015 00 48048 3 2 5 50 6 00 00 10 183 20 129 3 0000 4 0154 5 0000 6 000 0 7 00 0 0 8 5 9 5 0 333 20 176 59 010 6 000 0 7 0000 
14-JAN-2015 00 48051 3 2 5 56 3 36 01 10 167 20 150 3 0000 4 0000 5 0000 6 000 0 7 01 1 1 8 2 2 3 0 333 20 159 58 000 6 000 0 7 0000 
14-JAN-2015 00 48052 3 2 4 50 4 00 00 10 200 20 168 3 0000 4 0000 5 0000 6 000 0 7 00 0 0 8 4 8 0 0 333 20 148 58 000 6 000 0 7 0000 
14-JAN-2015 00 48053 3 2 5 50 7 36 02 10 190 20 159 3 0000 4 0150 5 0000 6 000 0 7 00 0 0 8 4 5 5 0 333 20 189 59 004 6 000 0 7 0000 
14-JAN-2015 00 48055 3 1 4 50 7 00 00 10 097 20 094 3 0000 4 0197 5 0000 6 000 0 7 10 2 2 8 5 3 7 0 333 20 059 59 046 6 000 0 7 0000 
14-JAN-2015 00 48057 3 1 4 39 7 14 02 10 130 20 086 3 0000 4 0000 5 0000 6 000 0 7 10 2 2 8 5 8 5 0 333 20 105 58 000 6 000 0 7 0000 
14-JAN-2015 00 48060 3 1 / 10 9 00 00 10 093 20 068 3 0000 4 0233 5 0000 6 000 0 7 47 4 4 8 0 0 0 0 333 20 082 59 009 6 000 0 7 0000 
14-JAN-2015 00 48062 3 2 5 50 8 00 00 10 200 20 170 3 0000 4 0130 5 0000 6 000 0 7 03 2 2 8 4 8 3 2 333 20 160 59 001 6 000 0 7 0000 
14-JAN-2015 00 48064 3 2 4 50 4 09 01 10 200 20 150 3 0000 4 0127 5 0000 6 000 0 7 00 0 0 8 2 8 0 1 333 20 163 59 009 6 000 0 7 0000 
14-JAN-2015 00 48065 3 2 4 50 5 00 00 10 192 20 159 3 0000 4 0000 5 0000 6 000 0 7 00 0 0 8 4 8 3 0 333 20 180 58 000 6 000 0 7 0000 
14-JAN-2015 00 48071 3 2 4 40 2 05 01 10 225 20 181 3 0000 4 0130 5 0000 6 000 0 7 00 0 0 8 2 8 0 0 333 20 210 58 003 6 000 0 7 0000 
14-JAN-2015 00 48074 3 2 4 50 4 32 01 10 188 20 139 3 0000 4 0144 5 0000 6 000 0 7 00 0 0 8 2 8 5 0 333 20 175 58 002 6 000 0 7 0000 
14-JAN-2015 00 48075 3 1 4 56 7 00 00 10 125 20 125 3 0000 4 0191 5 0000 6 000 0 7 10 2 2 8 5 8 5 0 333 20 115 58 009 6 000 0 7 0000 
14-JAN-2015 00 48077 3 1 5 56 4 00 00 10 204 20 168 3 0000 4 0138 5 0000 6 000 0 7 10 2 2 8 3 8 0 1 333 20 176 59 001 6 000 0 7 0000 
14-JAN-2015 00 48078 3 2 5 50 5 00 00 10 185 20 162 3 0000 4 0149 5 0000 6 000 0 7 00 0 0 8 3 5 3 1 333 20 155 58 006 6 000 0 7 0000 
14-JAN-2015 00 48080 3 2 4 56 7 00 00 10 172 20 154 3 0000 4 0132 5 0000 6 000 0 7 00 0 0 8 4 8 7 0 333 20 157 59 002 6 000 0 7 0000 
14-JAN-2015 00 48085 3 2 4 50 7 14 02 10 180 20 165 3 0000 4 0119 5 0000 6 000 0 7 00 0 0 8 5 8 7 0 333 20 177 59 001 6 000 0 7 0000 
14-JAN-2015 00 48087 3 2 4 50 7 00 00 10 190 20 159 3 0000 4 0000 5 0000 6 000 0 7 03 2 2 8 4 3 7 / 333 20 155 58 000 6 000 0 7 0000 
14-JAN-2015 00 48093 3 2 6 30 6 04 01 10 208 20 175 3 0000 4 0000 5 0000 6 000 0 7 00 0 0 8 3 8 4 1 333 20 204 58 000 6 000 0 7 0000 
14-JAN-2015 00 48094 3 2 4 56 4 00 00 10 210 20 180 3 0000 4 0134 5 0000 6 000 0 7 03 2 2 8 3 9 4 0 333 20 175 58 001 6 000 0 7 0000 
14-JAN-2015 00 48096 3 1 5 56 6 00 00 10 200 20 185 3 0000 4 0118 5 0000 6 000 0 7 05 2 2 8 2 4 7 0 333 20 180 58 008 6 000 0 7 0000 
14-JAN-2015 00 48097 3 2 4 56 7 14 01 10 205 20 164 3 0000 4 0149 5 0000 6 000 0 7 02 2 2 8 4 5 5 0 333 20 190 58 007 6 000 0 7 0000 
14-JAN-2015 00 48099 3 2 4 50 4 32 01 10 186 20 159 3 0000 4 0145 5 0000 6 000 0 7 02 1 1 8 2 8 3 0 333 20 170 58 001 6 000 0 7 0000 
14-JAN-2015 00 48101 3 2 6 56 4 09 01 10 217 20 173 3 0000 4 0000 5 0000 6 000 0 7 01 2 2 8 1 1 3 0 333 20 192 58 000 6 000 0 7 0000 
14-JAN-2015 00 48103 3 2 5 30 7 04 03 10 213 20 160 3 0000 4 0142 5 0000 6 000 0 7 00 0 0 8 3 5 3 0 333 20 117 58 003 6 000 0 7 0000 
14-JAN-2015 00 48107 3 2 3 30 6 09 02 10 217 20 185 3 0000 4 0124 5 0000 6 000 0 7 00 0 0 8 4 9 7 0 333 20 200 59 006 6 000 0 7 0000 
14-JAN-2015 00 48108 3 1 5 93 5 00 00 10 180 20 173 3 0000 4 0137 5 0000 6 000 0 7 10 2 2 8 2 4 0 6 333 20 165 58 002 6 000 0 7 0000 
14-JAN-2015 00 48109 2 2 4 96 6 04 03 10 263 20 246 3 0000 4 0112 5 0000 6 000 0 7 01 2 2 8 4 9 7 0 333 20 230 59 001 6 000 0 7 0000 
14-JAN-2015 00 48110 3 1 9 95 3 13 02 10 200 20 168 3 0000 4 0132 5 0000 6 000 0 7 05 1 1 8 0 0 0 6 333 20 200 58 004 6 000 0 7 0000 
14-JAN-2015 00 48112 3 2 5 97 8 04 10 10 252 20 219 3 0000 4 0116 5 0000 6 000 0 7 00 0 0 8 3 8 7 6 333 20 204 58 007 6 000 0 7 0000 
