48001 NIL=
48004 32460 62201 10237 20196 86900 333 56500=
48008 32556 70000 10240 20136 40161 84970 333 56110 58007=
48010 32558 60000 10225 20156 40168 84830 333 56660 58016=
48018 32560 31402 10245 20126 40156 83800 333 56300 58014=
48019 32458 70402 10195 20139 40163 85750 333 56560 58012=
48020 NIL=
48025 32560 33201 10268 20154 40148 82440 333 56550 59005=
48035 31960 03202 10221 20087 40137 70522 333 58007=
48037 32560 43601 10289 20115 40133 81100 333 56960 58012=
48042 32558 33601 10293 20140 40136 81250 333 56960 58021=
48045 32559 61402 10209 20120 82800 333 56600=
48048 32560 40401 10305 20169 40146 84800 333 56400 58014=
48051 32559 20401 10314 20170 70211 82200 333 56900=
48053 32556 23602 10300 20166 40129 82500 333 56500 58008=
48060 32440 40000 10200 20085 40167 81170 333 56560 58014=
48062 31457 72302 10310 20250 40128 70522 83953 333 56599 58005=
48071 32460 13203 10300 20185 40125 81200 333 56900 58009=
48075 32558 51401 10240 20230 40143 85300 333 56500 58015=
48077 32559 50000 10320 20140 40120 83831 333 56999 58007=
48078 32558 50401 10300 20124 40128 83831 333 56599 58009=
48080 32459 42204 10310 20237 40118 82230 333 56590 58012=
48085 32458 53205 10292 20179 40121 83830 333 56590 58014=
48095 32460 40000 10310 20169 70322 83840 333 56990=
48108 32596 51303 10318 20186 40118 82456 333 56999 58013=
48109 32497 60402 10310 20254 86900 333 56900 58012=
48110 31996 13205 10320 20184 40113 70511 80005 333 56009 58015=
48112 32597 80410 10285 20225 40113 84876 333 56199 58015=
48030 32256 52202 10184 20108 84850 333 56560=
48072 32460 41301 10310 20254 83330 333 56490=
48087 32560 50000 10294 20179 70322 82841 333 56499=
48099 32560 43203 10310 20169 40122 84800 333 56700 58007=
48101 32660 50901 10292 20179 70322 81129 333 56499=
48103 32556 30402 10313 20254 40200 82530 333 56100 58011=
48057 32456 51801 10220 20087 83850 333 56990=
48094 32460 50402 10315 20175 40124 82931 333 56999 58009=
48097 32557 51304 10315 20132 40122 81556 333 56999 58000=
48031 32268 61401 10185 20108 86800 333 56400=
48033 32563 23601 10290 20115 40118 80006 333 56009 58000=
48034 32457 21302 10248 20068 82800 333 56500=
48039 32460 43202 10300 20124 81150 333 56660=
48043 32656 53205 10230 20124 82230 333 56660=
48052 32470 20403 10315 20140 82200 333 56900=
48055 32557 40904 10225 20118 40134 83830 333 56550 58004=
48064 32570 31401 10283 20184 40103 82101 333 56509 59010=
48065 32970 20000 10313 20124 81101 333 56909=
48074 32560 63602 10310 20146 40122 82850 333 56660 58010=
48092 32459 60504 10315 20155 40109 70322 82870 333 56990 58015=
48093 32958 21401 10309 20169 80041 333 56099=
48107 32950 20401 10320 20163 40108 80006 333 56009 58008=  48001 NIL=
48004 32460 62201 10237 20196 86900 333 56500=
48008 32556 70000 10240 20136 40161 84970 333 56110 58007=
48010 32558 60000 10225 20156 40168 84830 333 56660 58016=
48018 32560 31402 10245 20126 40156 83800 333 56300 58014=
48019 32458 70402 10195 20139 40163 85750 333 56560 58012=
48020 NIL=
48025 32560 33201 10268 20154 40148 82440 333 56550 59005=
48030 32256 52202 10184 20108 84850 333 56560=
48031 32268 61401 10185 20108 86800 333 56400=
48033 32563 23601 10290 20115 40118 80006 333 56009 58000=
48034 32457 21302 10248 20068 82800 333 56500=
48035 31960 03202 10221 20087 40137 70522 333 58007=
48037 32560 43601 10289 20115 40133 81100 333 56960 58012=
48039 32460 43202 10300 20124 81150 333 56660=
48042 32558 33601 10293 20140 40136 81250 333 56960 58021=
48043 32656 53205 10230 20124 82230 333 56660=
48045 32559 61402 10209 20120 82800 333 56600=
48048 32560 40401 10305 20169 40146 84800 333 56400 58014=
48051 32559 20401 10314 20170 70211 82200 333 56900=
48052 32470 20403 10315 20140 82200 333 56900=
48053 32556 23602 10300 20166 40129 82500 333 56500 58008=
48055 32557 40904 10225 20118 40134 83830 333 56550 58004=
48057 32456 51801 10220 20087 83850 333 56990=
48060 32440 40000 10200 20085 40167 81170 333 56560 58014=
48062 31457 72302 10310 20250 40128 70522 83953 333 56599 58005=
48064 32570 31401 10283 20184 40103 82101 333 56509 59010=
48065 32970 20000 10313 20124 81101 333 56909=
48071 32460 13203 10300 20185 40125 81200 333 56900 58009=
48072 32460 41301 10310 20254 83330 333 56490=
48074 32560 63602 10310 20146 40122 82850 333 56660 58010=
48075 32558 51401 10240 20230 40143 85300 333 56500 58015=
48077 32559 50000 10320 20140 40120 83831 333 56999 58007=
48078 32558 50401 10300 20124 40128 83831 333 56599 58009=
48080 32459 42204 10310 20237 40118 82230 333 56590 58012=
48085 32458 53205 10292 20179 40121 83830 333 56590 58014=
48087 32560 50000 10294 20179 70322 82841 333 56499=
48092 32459 60504 10315 20155 40109 70322 82870 333 56990 58015=
48093 32958 21401 10309 20169 80041 333 56099=
48094 32460 50402 10315 20175 40124 82931 333 56999 58009=
48095 32460 40000 10310 20169 70322 83840 333 56990=
48097 32557 51304 10315 20132 40122 81556 333 56999 58000=
48099 32560 43203 10310 20169 40122 84800 333 56700 58007=
48101 32660 50901 10292 20179 70322 81129 333 56499=
48103 32556 30402 10313 20254 40200 82530 333 56100 58011=
48107 32950 20401 10320 20163 40108 80006 333 56009 58008=
48108 32596 51303 10318 20186 40118 82456 333 56999 58013=
48109 32497 60402 10310 20254 86900 333 56900 58012=
48110 31996 13205 10320 20184 40113 70511 80005 333 56009 58015=
48112 32597 80410 10285 20225 40113 84876 333 56199 58015=  