14-JUL-2015 12 48001 2 1 4 50 8 00 00 10 280 20 250 3 0000 4 9957 5 0000 6 000 0 7 14 2 2 8 5 8 2 / 333 10 320 59 026 6 990 2 7 0000 
14-JUL-2015 12 48008 2 2 4 56 6 00 00 10 317 20 281 3 0000 4 9964 5 0000 6 000 0 7 00 0 0 8 3 9 7 0 333 10 343 59 028 6 990 2 7 0000 
14-JUL-2015 12 48010 2 1 4 20 8 18 02 10 280 20 274 3 0000 4 9966 5 0000 6 000 0 7 51 5 5 8 6 7 2 / 333 10 332 59 012 6 990 2 7 0000 
14-JUL-2015 12 48018 2 2 5 56 8 00 00 10 315 20 281 3 0000 4 9949 5 0000 6 000 0 7 00 0 0 8 4 8 7 / 333 10 346 59 028 6 032 2 7 0000 
14-JUL-2015 12 48019 3 2 4 50 5 00 00 10 345 20 288 3 0000 4 9947 5 0000 6 000 0 7 00 0 0 8 2 2 0 0 333 10 360 59 033 6 000 2 7 0000 
14-JUL-2015 12 48025 3 1 4 56 7 32 02 10 310 20 267 3 0000 4 9960 5 0000 6 000 0 7 63 9 9 8 5 3 7 0 333 10 360 59 030 6 000 2 7 0000 
14-JUL-2015 12 48033 3 2 5 62 7 23 01 10 350 20 240 3 0000 4 9979 5 0000 6 000 0 7 00 0 0 8 5 9 0 6 333 10 365 59 001 6 000 2 7 0000 
14-JUL-2015 12 48035 2 1 4 40 8 00 00 10 237 20 226 3 0000 4 9975 5 0000 6 000 0 7 95 9 6 8 6 9 2 / 333 10 327 59 009 6 007 2 7 0000 
14-JUL-2015 12 48037 3 2 5 58 8 18 01 10 363 20 264 3 0000 4 9952 5 0000 6 000 0 7 00 0 0 8 4 8 7 / 333 10 393 59 019 6 000 2 7 0000 
14-JUL-2015 12 48042 3 2 5 59 5 00 00 10 335 20 264 3 0000 4 9961 5 0000 6 000 0 7 00 0 0 8 3 9 0 2 333 10 380 58 000 6 000 2 7 0000 
14-JUL-2015 12 48048 3 2 5 60 4 22 01 10 360 20 235 3 0000 4 9955 5 0000 6 000 0 7 00 0 0 8 4 8 0 0 333 10 380 59 021 6 000 2 7 0000 
14-JUL-2015 12 48053 3 2 4 56 7 18 01 10 320 20 265 3 0000 4 9970 5 0000 6 000 0 7 00 0 0 8 3 9 5 6 333 10 340 59 005 6 000 2 7 0000 
14-JUL-2015 12 48055 2 1 5 56 7 00 00 10 277 20 222 3 0000 4 9964 5 0000 6 000 0 7 17 9 6 8 4 9 4 6 333 10 312 59 018 6 002 2 7 0000 
14-JUL-2015 12 48060 3 2 3 40 5 00 00 10 295 20 244 3 0000 4 9961 5 0000 6 000 0 7 00 0 0 8 3 1 0 6 333 10 320 59 016 6 000 2 7 0000 
14-JUL-2015 12 48062 3 2 5 56 7 27 04 10 307 20 280 3 0000 4 9993 5 0000 6 000 0 7 00 0 0 8 5 9 7 0 333 10 325 59 012 6 000 2 7 0000 
14-JUL-2015 12 48064 3 2 4 50 7 00 00 10 341 20 270 3 0000 4 9951 5 0000 6 000 0 7 00 0 0 8 5 8 0 6 333 10 360 59 010 6 000 2 7 0000 
14-JUL-2015 12 48071 2 2 4 58 7 23 02 10 310 20 267 3 0000 4 9997 5 0000 6 000 0 7 00 0 0 8 5 9 7 0 333 10 320 59 008 6 027 2 7 0000 
14-JUL-2015 12 48074 3 2 5 58 7 18 01 10 310 20 282 3 0000 4 0037 5 0000 6 000 0 7 00 0 0 8 5 9 2 0 333 10 321 58 035 6 000 2 7 0000 
14-JUL-2015 12 48075 2 1 4 56 5 22 02 10 270 20 240 3 0000 4 9999 5 0000 6 000 0 7 17 9 5 8 5 9 7 0 333 10 320 59 012 6 005 2 7 0000 
14-JUL-2015 12 48077 3 2 5 56 8 00 00 10 290 20 259 3 0000 4 9990 5 0000 6 000 0 7 00 0 0 8 5 9 3 1 333 10 318 59 003 6 000 2 7 0000 
14-JUL-2015 12 48078 2 1 5 50 8 18 03 10 290 20 259 3 0000 4 0006 5 0000 6 000 0 7 17 9 5 8 5 9 7 / 333 10 315 58 001 6 990 2 7 0000 
14-JUL-2015 12 48080 2 2 4 57 8 27 01 10 295 20 253 3 0000 4 9980 5 0000 6 000 0 7 00 0 0 8 5 9 7 0 333 10 310 59 062 6 018 2 7 0000 
14-JUL-2015 12 48085 2 2 4 56 4 32 02 10 272 20 259 3 0000 4 0002 5 0000 6 000 0 7 00 0 0 8 1 8 7 6 333 10 315 59 010 6 000 2 7 0000 
14-JUL-2015 12 48092 3 2 4 56 7 23 01 10 285 20 263 3 0000 4 9989 5 0000 6 000 0 7 00 0 0 8 4 3 7 0 333 10 305 59 001 6 000 2 7 0000 
14-JUL-2015 12 48094 3 2 4 56 6 00 00 10 306 20 270 3 0000 4 0010 5 0000 6 000 0 7 00 0 0 8 4 9 7 0 333 10 325 59 006 6 000 2 7 0000 
14-JUL-2015 12 48097 2 2 5 57 8 23 01 10 280 20 268 3 0000 4 0028 5 0000 6 000 0 7 00 0 0 8 6 3 5 / 333 10 306 58 003 6 000 2 7 0000 
14-JUL-2015 12 48103 2 2 4 40 7 22 01 10 280 20 268 3 0000 4 0014 5 0000 6 000 0 7 00 0 0 8 5 8 3 0 333 10 307 59 001 6 000 2 7 0000 
14-JUL-2015 12 48107 2 2 3 30 6 27 01 10 273 20 256 3 0000 4 0033 5 0000 6 000 0 7 00 0 0 8 4 9 7 0 333 10 312 58 004 6 000 2 7 0000 
14-JUL-2015 12 48108 2 1 4 94 8 23 01 10 260 20 229 3 0000 4 0044 5 0000 6 000 0 7 02 5 5 8 4 3 7 7 333 10 300 58 014 6 005 2 7 0000 
14-JUL-2015 12 48109 2 1 4 96 8 23 01 10 276 20 250 3 0000 4 0033 5 0000 6 000 0 7 03 6 6 8 6 9 7 / 333 10 317 59 002 6 003 2 7 0000 
14-JUL-2015 12 48112 2 1 4 96 8 22 05 10 260 20 260 3 0000 4 0059 5 0000 6 000 0 7 50 5 5 8 6 7 7 / 333 10 260 58 007 6 078 2 7 0000 
