48001 NIL=
48004 31056 00401 10280 20158 70511 333=
48008 31057 01401 10290 20115 40125 70544 333 58019=
48010 31060 00000 10295 20166 40128 70244 333 58007=
48018 32560 41402 10305 20146 40124 83810 333 56320 59004=
48019 32960 02301 10306 20267 40126 333 58012=
48020 31958 02602 10330 20191 70500 333=
48025 31930 00401 10335 20126 40133 70544 333 58012=
48030 31256 12202 10220 29023 70544 80050 333 56060=
48031 31959 03202 10260 29018 70500 333=
48033 32963 00402 10340 20246 40129 333 58026=
48034 31956 00000 10283 20098 70500 333=
48035 31910 00000 10272 20113 40083 70400 333 58001=
48037 31956 00401 10352 20294 40113 70544 333 58017=
48039 31950 31401 10313 20189 70511 80002 333 56009=
48042 31956 01801 10337 20184 40113 70500 333 58004=
48043 32058 03205 10275 20126 333=
48045 32962 01403 10271 20011 333=
48048 32962 02201 10340 20145 40131 333 58016=
48051 32959 23106 10310 20150 70311 80006 333 56009=
48052 32970 03202 10340 20125 333=
48053 31950 01804 10350 20158 40119 70500 333 58012=
48055 31956 02304 10320 20116 40086 70500 333 58008=
48057 32960 02702 10280 20126 333=
48060 32940 00000 10308 20146 40091 333 59015=
48062 32558 42706 10306 20240 40158 83830 333 56690 58022=
48064 32970 01401 10350 20237 40104 333 58000=
48065 32970 00401 10338 20145 333=
48071 32960 03203 10290 20230 40159 333 58013=
48072 32959 62704 10310 20225 84850 333 56490=
48074 32961 01402 10341 20125 40143 333 58029=
48075 31957 01401 10320 20090 40103 70500 333 58012=
48077 32958 20000 10330 20201 40125 80001 333 56009 58018=
48078 32558 21803 10342 20145 40134 81501 333 56409 58016=
48080 32460 42204 10330 20212 40140 82870 333 56590 58027=
48085 31958 23207 10302 20223 40148 70500 80006 333 56009 59023=
48087 32960 02301 10360 20132 333=
48092 32558 11802 10350 20158 40114 81500 333 56900 58020=
48093 32958 11801 10349 20158 80001 333 56009=
48094 32960 03203 10340 20240 40136 333 58014=
48095 32960 02201 10360 20177 333=
48097 32557 42302 10350 20158 40143 82506 333 56909 58020=
48099 32557 41305 10345 20225 40140 83801 333 56309 58018=
48101 32960 03201 10327 20201 333=
48103 32556 42201 10347 20219 40146 84800 333 56500 58020=
48107 32950 02302 10343 20206 40137 333 58022=
48108 32596 63205 10350 20228 40150 83366 333 56599 58020=
48109 32997 00401 10314 20225 40167 70122 333 58018=
48110 32596 71804 10345 20238 40151 84306 333 56909 58017=
48112 NIL=  48001 NIL=
48004 31056 00401 10280 20158 70511 333=
48008 31057 01401 10290 20115 40125 70544 333 58019=
48010 31060 00000 10295 20166 40128 70244 333 58007=
48018 32560 41402 10305 20146 40124 83810 333 56320 59004=
48019 32960 02301 10306 20267 40126 333 58012=
48020 31958 02602 10330 20191 70500 333=
48025 31930 00401 10335 20126 40133 70544 333 58012=
48035 31910 00000 10272 20113 40083 70400 333 58001=
48037 31956 00401 10352 20294 40113 70544 333 58017=
48042 31956 01801 10337 20184 40113 70500 333 58004=
48045 32962 01403 10271 20011 333=
48048 32962 02201 10340 20145 40131 333 58016=
48051 32959 23106 10310 20150 70311 80006 333 56009=
48053 31950 01804 10350 20158 40119 70500 333 58012=
48060 32940 00000 10308 20146 40091 333 59015=
48062 32558 42706 10306 20240 40158 83830 333 56690 58022=
48071 32960 03203 10290 20230 40159 333 58013=
48075 31957 01401 10320 20090 40103 70500 333 58012=
48077 32958 20000 10330 20201 40125 80001 333 56009 58018=
48078 32558 21803 10342 20145 40134 81501 333 56409 58016=
48080 32460 42204 10330 20212 40140 82870 333 56590 58027=
48085 31958 23207 10302 20223 40148 70500 80006 333 56009 59023=
48095 32960 02201 10360 20177 333=
48108 32596 63205 10350 20228 40150 83366 333 56599 58020=
48109 32997 00401 10314 20225 40167 70122 333 58018=
48110 32596 71804 10345 20238 40151 84306 333 56909 58017=
48112 NIL=
48030 31256 12202 10220 29023 70544 80050 333 56060=
48072 32959 62704 10310 20225 84850 333 56490=
48087 32960 02301 10360 20132 333=
48099 32557 41305 10345 20225 40140 83801 333 56309 58018=
48101 32960 03201 10327 20201 333=
48103 32556 42201 10347 20219 40146 84800 333 56500 58020=
48057 32960 02702 10280 20126 333=
48094 32960 03203 10340 20240 40136 333 58014=
48097 32557 42302 10350 20158 40143 82506 333 56909 58020=
48031 31959 03202 10260 29018 70500 333=
48033 32963 00402 10340 20246 40129 333 58026=
48034 31956 00000 10283 20098 70500 333=
48039 31950 31401 10313 20189 70511 80002 333 56009=
48043 32058 03205 10275 20126 333=
48052 32970 03202 10340 20125 333=
48055 31956 02304 10320 20116 40086 70500 333 58008=
48064 32970 01401 10350 20237 40104 333 58000=
48065 32970 00401 10338 20145 333=
48074 32961 01402 10341 20125 40143 333 58029=
48092 32558 11802 10350 20158 40114 81500 333 56900 58020=
48093 32958 11801 10349 20158 80001 333 56009=
48107 32950 02302 10343 20206 40137 333 58022=  