14-MAY-2015 06 48001 3 2 4 56 6 13 01 10 310 20 225 3 0000 4 0068 5 0000 6 000 0 7 00 0 0 8 4 1 3 0 333 10 /// 59 009 6 000 0 7 0000 
14-MAY-2015 06 48004 3 2 5 60 3 22 01 10 344 20 225 3 0000 4 0000 5 0000 6 000 0 7 00 0 0 8 3 8 0 0 333 10 /// 58 000 6 000 0 7 0000 
14-MAY-2015 06 48008 3 2 5 57 5 13 01 10 325 20 212 3 0000 4 0077 5 0000 6 000 0 7 00 0 0 8 2 4 3 0 333 10 /// 58 004 6 000 0 7 0000 
14-MAY-2015 06 48010 2 1 4 56 7 00 00 10 297 20 253 3 0000 4 0078 5 0000 6 000 0 7 20 5 5 8 4 7 7 0 333 10 /// 58 014 6 000 0 7 0000 
14-MAY-2015 06 48018 3 2 5 59 3 14 02 10 360 20 214 3 0000 4 0074 5 0000 6 000 0 7 01 1 1 8 2 8 6 0 333 10 /// 59 004 6 000 0 7 0000 
14-MAY-2015 06 48019 3 2 4 60 6 23 01 10 352 20 266 3 0000 4 0071 5 0000 6 000 0 7 05 4 4 8 0 0 6 0 333 10 /// 58 001 6 000 0 7 0000 
14-MAY-2015 06 48020 3 2 3 50 6 36 02 10 360 20 278 3 0000 4 0000 5 0000 6 000 0 7 00 0 0 8 6 7 0 0 333 10 /// 58 000 6 000 0 7 0000 
14-MAY-2015 06 48025 3 1 4 40 4 04 01 10 382 20 221 3 0000 4 0072 5 0000 6 000 0 7 04 4 4 8 3 5 4 0 333 10 /// 58 012 6 000 0 7 0000 
14-MAY-2015 06 48030 3 2 3 57 4 32 03 10 257 20 138 3 0000 4 0000 5 0000 6 000 0 7 00 0 0 8 2 8 4 0 333 10 /// 58 000 6 000 0 7 0000 
14-MAY-2015 06 48031 3 1 2 60 4 04 01 10 270 20 154 3 0000 4 0000 5 0000 6 000 0 7 05 4 4 8 3 8 0 2 333 10 /// 58 000 6 000 0 7 0000 
14-MAY-2015 06 48033 3 2 5 63 6 09 01 10 350 20 240 3 0000 4 0058 5 0000 6 000 0 7 00 0 0 8 5 9 3 0 333 10 /// 58 002 6 000 0 7 0000 
14-MAY-2015 06 48034 3 2 4 57 6 23 02 10 297 20 207 3 0000 4 0000 5 0000 6 000 0 7 00 0 0 8 6 8 0 0 333 10 /// 58 000 6 000 0 7 0000 
14-MAY-2015 06 48035 3 2 5 60 7 22 03 10 326 20 234 3 0000 4 0046 5 0000 6 000 0 7 00 0 0 8 5 9 6 0 333 10 /// 59 001 6 000 0 7 0000 
14-MAY-2015 06 48037 3 2 5 58 3 36 01 10 372 20 227 3 0000 4 0057 5 0000 6 000 0 7 00 0 0 8 2 1 2 0 333 10 /// 59 010 6 000 0 7 0000 
14-MAY-2015 06 48039 3 2 4 60 3 22 01 10 355 20 249 3 0000 4 0000 5 0000 6 000 0 7 00 0 0 8 2 1 0 2 333 10 /// 58 000 6 000 0 7 0000 
14-MAY-2015 06 48042 3 2 5 58 3 18 03 10 357 20 235 3 0000 4 0070 5 0000 6 000 0 7 00 0 0 8 2 8 0 2 333 10 /// 58 013 6 000 0 7 0000 
14-MAY-2015 06 48043 3 2 6 57 5 18 05 10 270 20 226 3 0000 4 0000 5 0000 6 000 0 7 00 0 0 8 3 2 3 0 333 10 /// 58 000 6 000 0 7 0000 
14-MAY-2015 06 48045 3 1 5 57 3 14 02 10 301 20 124 3 0000 4 0000 5 0000 6 000 0 7 04 4 4 8 3 8 0 0 333 10 /// 58 000 6 000 0 7 0000 
14-MAY-2015 06 48048 3 2 5 60 2 32 01 10 400 20 230 3 0000 4 0069 5 0000 6 000 0 7 00 0 0 8 2 8 0 0 333 10 /// 58 001 6 000 0 7 0000 
14-MAY-2015 06 48051 3 2 5 60 1 31 02 10 362 20 250 3 0000 4 0000 5 0000 6 000 0 7 02 1 1 8 1 2 0 0 333 10 /// 58 000 6 000 0 7 0000 
14-MAY-2015 06 48052 3 2 9 70 0 22 02 10 420 20 240 3 0000 4 0000 5 0000 6 000 0 7 00 0 0 8 0 0 0 0 333 10 /// 58 000 6 000 0 7 0000 
14-MAY-2015 06 48053 3 2 5 56 5 22 03 10 380 20 240 3 0000 4 0072 5 0000 6 000 0 7 00 0 0 8 4 8 5 0 333 10 /// 58 016 6 000 0 7 0000 
14-MAY-2015 06 48055 3 2 5 50 4 18 03 10 316 20 209 3 0000 4 0064 5 0000 6 000 0 7 00 0 0 8 4 3 0 0 333 10 /// 58 011 6 000 0 7 0000 
14-MAY-2015 06 48057 3 2 4 60 4 32 03 10 286 20 179 3 0000 4 0000 5 0000 6 000 0 7 00 0 0 8 3 3 0 1 333 10 /// 58 000 6 000 0 7 0000 
14-MAY-2015 06 48060 3 1 4 40 4 32 01 10 310 20 203 3 0000 4 0085 5 0000 6 000 0 7 05 2 2 8 2 1 3 0 333 10 /// 58 018 6 000 0 7 0000 
14-MAY-2015 06 48062 3 2 5 58 3 27 08 10 350 20 300 3 0000 4 0080 5 0000 6 000 0 7 01 2 2 8 3 3 0 0 333 10 /// 59 006 6 000 0 7 0000 
14-MAY-2015 06 48064 3 2 5 70 1 14 01 10 410 20 292 3 0000 4 0052 5 0000 6 000 0 7 00 0 0 8 1 1 0 0 333 10 /// 59 000 6 000 0 7 0000 
14-MAY-2015 06 48065 3 2 9 70 1 04 06 10 400 20 246 3 0000 4 0000 5 0000 6 000 0 7 00 0 0 8 0 0 0 1 333 10 /// 58 000 6 000 0 7 0000 
14-MAY-2015 06 48071 3 2 5 60 1 32 03 10 340 20 270 3 0000 4 0096 5 0000 6 000 0 7 00 0 0 8 1 2 0 0 333 10 /// 58 003 6 000 0 7 0000 
14-MAY-2015 06 48072 3 2 4 60 4 27 04 10 350 20 280 3 0000 4 0000 5 0000 6 000 0 7 02 2 2 8 3 8 3 0 333 10 /// 58 000 6 000 0 7 0000 
14-MAY-2015 06 48074 3 2 9 61 0 32 04 10 375 20 240 3 0000 4 0086 5 0000 6 000 0 7 00 0 0 8 0 0 0 0 333 10 /// 58 005 6 000 0 7 0000 
14-MAY-2015 06 48075 3 2 5 58 4 14 01 10 330 20 210 3 0000 4 0081 5 0000 6 000 0 7 00 0 0 8 4 8 0 0 333 10 /// 58 023 6 000 0 7 0000 
14-MAY-2015 06 48077 3 2 5 59 4 23 01 10 372 20 227 3 0000 4 0073 5 0000 6 000 0 7 00 0 0 8 3 9 0 1 333 10 /// 58 002 6 000 0 7 0000 
14-MAY-2015 06 48078 3 2 5 58 3 14 01 10 379 20 248 3 0000 4 0084 5 0000 6 000 0 7 00 0 0 8 2 8 0 1 333 10 /// 58 004 6 000 0 7 0000 
14-MAY-2015 06 48080 3 2 4 61 5 32 06 10 361 20 249 3 0000 4 0078 5 0000 6 000 0 7 00 0 0 8 3 9 7 0 333 10 /// 59 008 6 000 0 7 0000 
14-MAY-2015 06 48085 3 2 4 58 3 32 06 10 348 20 270 3 0000 4 0097 5 0000 6 000 0 7 00 0 0 8 3 3 0 0 333 10 /// 58 009 6 000 0 7 0000 
14-MAY-2015 06 48087 3 2 5 60 3 00 00 10 386 20 233 3 0000 4 0000 5 0000 6 000 0 7 00 0 0 8 3 8 0 0 333 10 /// 58 000 6 000 0 7 0000 
14-MAY-2015 06 48092 3 2 4 57 1 23 07 10 375 20 189 3 0000 4 0072 5 0000 6 000 0 7 01 1 1 8 1 1 0 0 333 10 /// 58 007 6 000 0 7 0000 
14-MAY-2015 06 48093 3 2 6 58 3 23 01 10 365 20 264 3 0000 4 0000 5 0000 6 000 0 7 02 9 9 8 3 2 0 0 333 10 /// 58 000 6 000 0 7 0000 
14-MAY-2015 06 48094 3 2 4 60 5 32 02 10 375 20 280 3 0000 4 0097 5 0000 6 000 0 7 00 0 0 8 5 9 0 0 333 10 /// 58 011 6 000 0 7 0000 
14-MAY-2015 06 48095 3 2 4 58 4 00 00 10 380 20 255 3 0000 4 0000 5 0000 6 000 0 7 03 2 2 8 3 8 4 0 333 10 /// 58 000 6 000 0 7 0000 
14-MAY-2015 06 48097 3 2 5 57 4 23 01 10 380 20 255 3 0000 4 0097 5 0000 6 000 0 7 00 0 0 8 4 8 0 0 333 10 /// 58 003 6 000 0 7 0000 
14-MAY-2015 06 48099 3 2 5 57 3 23 02 10 365 20 249 3 0000 4 0094 5 0000 6 000 0 7 00 0 0 8 3 8 0 0 333 10 /// 58 010 6 000 0 7 0000 
14-MAY-2015 06 48101 3 2 5 60 3 32 02 10 353 20 240 3 0000 4 0000 5 0000 6 000 0 7 01 1 1 8 3 3 0 0 333 10 /// 58 000 6 000 0 7 0000 
14-MAY-2015 06 48103 3 2 4 57 4 14 01 10 368 20 246 3 0000 4 0105 5 0000 6 000 0 7 00 0 0 8 4 8 0 0 333 10 /// 58 014 6 000 0 7 0000 
14-MAY-2015 06 48107 2 1 3 50 6 23 02 10 320 20 281 3 0000 4 0102 5 0000 6 000 0 7 17 9 5 8 4 9 7 0 333 10 /// 58 014 6 000 0 7 0000 
14-MAY-2015 06 48108 2 1 5 95 8 32 08 10 295 20 256 3 0000 4 0121 5 0000 6 000 0 7 17 5 2 8 4 9 6 7 333 10 /// 58 025 6 000 0 7 0000 
14-MAY-2015 06 48110 2 1 4 96 8 18 03 10 315 20 266 3 0000 4 0124 5 0000 6 000 0 7 02 9 9 8 4 3 6 7 333 10 /// 58 021 6 000 0 7 0000 
14-MAY-2015 06 48112 2 1 5 97 8 22 02 10 295 20 263 3 0000 4 0121 5 0000 6 000 0 7 20 5 2 8 4 8 7 6 333 10 /// 58 024 6 000 0 7 0000 
