14-MAY-2015 03 48001 3 2 4 50 5 00 00 10 280 20 220 3 0000 4 0084 5 0000 6 000 0 7 00 0 0 8 3 1 3 0 333 10 /// 59 007 6 000 0 7 0000 
14-MAY-2015 03 48004 3 2 4 60 5 04 01 10 290 20 230 3 0000 4 0000 5 0000 6 000 0 7 00 0 0 8 5 9 0 0 333 10 /// 58 000 6 000 0 7 0000 
14-MAY-2015 03 48008 3 2 5 57 4 04 01 10 265 20 226 3 0000 4 0089 5 0000 6 000 0 7 00 0 0 8 2 4 3 0 333 10 /// 58 013 6 000 0 7 0000 
14-MAY-2015 03 48010 3 1 5 40 8 00 00 10 275 20 250 3 0000 4 0098 5 0000 6 000 0 7 05 4 4 8 4 4 2 / 333 10 /// 58 010 6 000 0 7 0000 
14-MAY-2015 03 48018 3 2 5 58 6 22 01 10 290 20 248 3 0000 4 0082 5 0000 6 000 0 7 01 2 2 8 2 8 7 / 333 10 /// 58 009 6 000 0 7 0000 
14-MAY-2015 03 48019 2 2 4 58 7 23 01 10 293 20 248 3 0000 4 0088 5 0000 6 000 0 7 00 0 0 8 4 7 6 0 333 10 /// 58 004 6 000 0 7 0000 
14-MAY-2015 03 48020 3 2 9 56 0 36 02 10 310 20 237 3 0000 4 0000 5 0000 6 000 0 7 00 0 0 8 0 0 0 0 333 10 /// 58 000 6 000 0 7 0000 
14-MAY-2015 03 48025 3 1 3 30 7 00 00 10 327 20 234 3 0000 4 0089 5 0000 6 000 0 7 04 4 4 8 4 8 4 0 333 10 /// 58 000 6 000 0 7 0000 
14-MAY-2015 03 48030 3 2 3 57 4 22 01 10 208 20 143 3 0000 4 0000 5 0000 6 000 0 7 00 0 0 8 2 8 4 0 333 10 /// 58 000 6 000 0 7 0000 
14-MAY-2015 03 48031 3 1 2 60 4 04 01 10 230 20 143 3 0000 4 0000 5 0000 6 000 0 7 05 4 4 8 0 0 4 2 333 10 /// 58 000 6 000 0 7 0000 
14-MAY-2015 03 48033 3 2 5 62 6 09 01 10 300 20 239 3 0000 4 0076 5 0000 6 000 0 7 00 0 0 8 5 9 0 1 333 10 /// 58 012 6 000 0 7 0000 
14-MAY-2015 03 48034 2 2 4 56 7 18 02 10 250 20 205 3 0000 4 0000 5 0000 6 000 0 7 00 0 0 8 7 3 0 0 333 10 /// 58 000 6 000 0 7 0000 
14-MAY-2015 03 48035 3 2 5 60 2 00 00 10 281 20 203 3 0000 4 0087 5 0000 6 000 0 7 00 0 0 8 2 2 0 0 333 10 /// 59 001 6 000 0 7 0000 
14-MAY-2015 03 48037 3 2 5 57 4 04 01 10 327 20 234 3 0000 4 0084 5 0000 6 000 0 7 00 0 0 8 1 1 0 1 333 10 /// 58 031 6 000 0 7 0000 
14-MAY-2015 03 48039 3 2 4 59 2 14 01 10 305 20 239 3 0000 4 0000 5 0000 6 000 0 7 00 0 0 8 2 1 0 0 333 10 /// 58 000 6 000 0 7 0000 
14-MAY-2015 03 48042 2 2 5 57 2 18 01 10 290 20 259 3 0000 4 0093 5 0000 6 000 0 7 00 0 0 8 2 8 0 0 333 10 /// 58 016 6 000 0 7 0000 
14-MAY-2015 03 48043 2 2 6 40 8 00 00 10 210 20 210 3 0000 4 0000 5 0000 6 000 0 7 00 0 0 8 5 8 7 / 333 10 /// 58 000 6 000 0 7 0000 
14-MAY-2015 03 48045 3 1 5 56 4 14 02 10 263 20 138 3 0000 4 0000 5 0000 6 000 0 7 04 4 4 8 3 8 0 1 333 10 /// 58 000 6 000 0 7 0000 
14-MAY-2015 03 48048 3 2 9 60 0 32 01 10 355 20 235 3 0000 4 0089 5 0000 6 000 0 7 00 0 0 8 0 0 0 0 333 10 /// 58 015 6 000 0 7 0000 
14-MAY-2015 03 48051 3 2 9 59 1 36 02 10 319 20 270 3 0000 4 0000 5 0000 6 000 0 7 01 1 1 8 0 0 0 1 333 10 /// 58 000 6 000 0 7 0000 
14-MAY-2015 03 48052 3 2 4 68 3 22 02 10 370 20 227 3 0000 4 0000 5 0000 6 000 0 7 00 0 0 8 3 8 0 0 333 10 /// 58 000 6 000 0 7 0000 
14-MAY-2015 03 48053 3 2 4 50 5 18 05 10 330 20 244 3 0000 4 0105 5 0000 6 000 0 7 00 0 0 8 3 8 5 6 333 10 /// 58 009 6 000 0 7 0000 
14-MAY-2015 03 48055 2 2 5 56 5 23 01 10 268 20 191 3 0000 4 0092 5 0000 6 000 0 7 00 0 0 8 2 5 0 6 333 10 /// 58 004 6 000 0 7 0000 
14-MAY-2015 03 48057 2 2 4 58 3 18 02 10 238 20 191 3 0000 4 0000 5 0000 6 000 0 7 00 0 0 8 1 5 0 1 333 10 /// 58 000 6 000 0 7 0000 
14-MAY-2015 03 48060 3 1 4 40 6 00 00 10 275 20 216 3 0000 4 0105 5 0000 6 000 0 7 10 1 1 8 3 8 7 0 333 10 /// 58 000 6 000 0 7 0000 
14-MAY-2015 03 48062 3 2 5 58 4 27 02 10 320 20 280 3 0000 4 0108 5 0000 6 000 0 7 01 2 2 8 4 9 0 0 333 10 /// 59 008 6 000 0 7 0000 
14-MAY-2015 03 48064 3 2 9 60 0 32 01 10 350 20 266 3 0000 4 0084 5 0000 6 000 0 7 00 0 0 8 0 0 0 0 333 10 /// 58 010 6 000 0 7 0000 
14-MAY-2015 03 48065 3 2 9 68 1 22 04 10 350 20 240 3 0000 4 0000 5 0000 6 000 0 7 00 0 0 8 0 0 0 1 333 10 /// 58 000 6 000 0 7 0000 
14-MAY-2015 03 48071 3 2 4 58 2 32 03 10 325 20 258 3 0000 4 0108 5 0000 6 000 0 7 00 0 0 8 2 8 0 0 333 10 /// 58 011 6 000 0 7 0000 
14-MAY-2015 03 48072 3 2 4 60 4 17 04 10 330 20 275 3 0000 4 0000 5 0000 6 000 0 7 03 2 2 8 3 8 3 0 333 10 /// 58 000 6 000 0 7 0000 
14-MAY-2015 03 48074 3 2 5 59 3 14 02 10 320 20 248 3 0000 4 0112 5 0000 6 000 0 7 00 0 0 8 1 1 0 1 333 10 /// 58 010 6 000 0 7 0000 
14-MAY-2015 03 48075 3 2 5 57 3 32 01 10 290 20 230 3 0000 4 0107 5 0000 6 000 0 7 00 0 0 8 3 8 0 0 333 10 /// 58 015 6 000 0 7 0000 
14-MAY-2015 03 48077 3 2 9 59 0 23 01 10 326 20 224 3 0000 4 0090 5 0000 6 000 0 7 00 0 0 8 0 0 0 0 333 10 /// 58 013 6 000 0 7 0000 
14-MAY-2015 03 48078 3 2 5 56 3 18 01 10 330 20 244 3 0000 4 0106 5 0000 6 000 0 7 00 0 0 8 2 5 0 1 333 10 /// 58 008 6 000 0 7 0000 
14-MAY-2015 03 48080 3 2 4 60 5 32 03 10 305 20 266 3 0000 4 0105 5 0000 6 000 0 7 00 0 0 8 3 9 7 0 333 10 /// 59 006 6 000 0 7 0000 
14-MAY-2015 03 48085 3 2 4 58 3 27 03 10 326 20 291 3 0000 4 0099 5 0000 6 000 0 7 00 0 0 8 2 3 0 6 333 10 /// 58 001 6 000 0 7 0000 
14-MAY-2015 03 48087 3 2 9 60 0 00 00 10 338 20 257 3 0000 4 0000 5 0000 6 000 0 7 00 0 0 8 0 0 0 0 333 10 /// 58 000 6 000 0 7 0000 
14-MAY-2015 03 48092 3 1 4 56 2 23 03 10 330 20 258 3 0000 4 0088 5 0000 6 000 0 7 05 1 1 8 2 1 0 0 333 10 /// 58 008 6 000 0 7 0000 
14-MAY-2015 03 48093 3 2 6 58 3 14 01 10 330 20 258 3 0000 4 0000 5 0000 6 000 0 7 03 1 1 8 3 8 0 0 333 10 /// 58 000 6 000 0 7 0000 
14-MAY-2015 03 48094 3 2 4 59 3 32 02 10 334 20 260 3 0000 4 0100 5 0000 6 000 0 7 00 0 0 8 3 9 0 0 333 10 /// 58 002 6 000 0 7 0000 
14-MAY-2015 03 48097 3 2 5 57 3 27 01 10 330 20 244 3 0000 4 0115 5 0000 6 000 0 7 00 0 0 8 3 8 0 0 333 10 /// 58 012 6 000 0 7 0000 
14-MAY-2015 03 48099 2 2 4 50 4 23 02 10 310 20 254 3 0000 4 0110 5 0000 6 000 0 7 00 0 0 8 3 9 0 1 333 10 /// 58 012 6 000 0 7 0000 
14-MAY-2015 03 48101 3 2 5 59 4 32 02 10 314 20 267 3 0000 4 0000 5 0000 6 000 0 7 03 2 2 8 2 2 3 1 333 10 /// 58 000 6 000 0 7 0000 
14-MAY-2015 03 48103 2 2 4 56 4 04 01 10 318 20 265 3 0000 4 0108 5 0000 6 000 0 7 00 0 0 8 4 8 0 0 333 10 /// 58 012 6 000 0 7 0000 
14-MAY-2015 03 48107 3 2 3 50 4 27 01 10 310 20 254 3 0000 4 0108 5 0000 6 000 0 7 00 0 0 8 4 9 0 0 333 10 /// 58 011 6 000 0 7 0000 
14-MAY-2015 03 48108 2 2 5 96 6 23 03 10 320 20 265 3 0000 4 0120 5 0000 6 000 0 7 00 0 0 8 4 3 3 6 333 10 /// 58 011 6 000 0 7 0000 
14-MAY-2015 03 48109 3 2 4 97 7 00 00 10 310 20 267 3 0000 4 0105 5 0000 6 000 0 7 03 2 2 8 5 9 7 0 333 10 /// 59 000 6 000 0 7 0000 
14-MAY-2015 03 48110 2 1 4 96 8 23 02 10 285 20 271 3 0000 4 0126 5 0000 6 000 0 7 02 6 5 8 4 3 6 7 333 10 /// 58 018 6 000 0 7 0000 
14-MAY-2015 03 48112 2 2 5 97 8 22 01 10 295 20 263 3 0000 4 0128 5 0000 6 000 0 7 02 2 2 8 3 8 7 6 333 10 /// 58 020 6 000 0 7 0000 
