141800 48008 31510 30000 10240 20191 40113 71044 82430 333 56450 58010=
141800 48010 31001 00000 10200 20185 40123 70144 333 58013=
141800 48018 32920 00000 10220 20173 40110 333 58000=
141800 48025 31905 02201 10295 20115 40120 70544 333 58019=
141800 48042 32550 10000 10260 20179 40113 81400 333 56900 58017=
141800 48053 32940 22701 10240 20155 40128 80006 333 56009 58023=
141800 48057 32939 02201 10192 20147 333=
141800 48060 32910 00000 10152 20111 40150 333 58009=
141800 48071 32920 03203 10260 20229 40121 333 58000=
141800 48078 32950 20000 10270 20201 40138 80001 333 56009 58008=
141800 48080 32450 62201 10225 20198 40148 84870 333 56590 59004=
141800 48094 32950 00000 10240 20230 40138 333 58002=
141800 48097 32956 02302 10260 20179 40147 333 58014=
141800 48108 32595 40501 10255 20210 40150 82406 333 56909 59001=
141800 48109 32995 00000 10250 20219 40144 333 58006=
141800 48110 32595 30000 10280 20250 40145 82305 333 56909 59003=
141800 48112 32597 70402 10271 20226 40126 83876 333 56199 59010=  
