14-NOV-2015 09 48008 3 2 5 58 1 00 00 10 292 20 159 3 0000 4 0098 5 0000 6 000 0 7 00 0 0 8 1 1 0 0 333 10 /// 59 026 6 000 0 7 0000 
14-NOV-2015 09 48010 3 2 5 60 5 00 00 10 290 20 215 3 0000 4 0096 5 0000 6 000 0 7 00 0 0 8 4 8 3 0 333 10 /// 59 032 6 000 0 7 0000 
14-NOV-2015 09 48018 3 2 5 59 3 04 01 10 295 20 149 3 0000 4 0099 5 0000 6 000 0 7 00 0 0 8 2 2 1 0 333 10 /// 59 020 6 000 0 7 0000 
14-NOV-2015 09 48019 3 2 9 62 0 04 02 10 296 20 185 3 0000 4 0092 5 0000 6 000 0 7 00 0 0 8 0 0 0 0 333 10 /// 59 024 6 000 0 7 0000 
14-NOV-2015 09 48025 3 2 4 56 4 32 01 10 277 20 203 3 0000 4 0099 5 0000 6 000 0 7 00 0 0 8 4 8 0 0 333 10 /// 59 020 6 000 0 7 0000 
14-NOV-2015 09 48030 3 2 9 57 0 22 04 10 212 20 072 3 0000 4 0000 5 0000 6 000 0 7 00 0 0 8 0 0 0 0 333 10 /// 58 000 6 000 0 7 0000 
14-NOV-2015 09 48031 3 2 2 60 1 27 01 10 220 20 156 3 0000 4 0000 5 0000 6 000 0 7 00 0 0 8 1 2 0 0 333 10 /// 58 000 6 000 0 7 0000 
14-NOV-2015 09 48033 3 2 9 63 0 36 01 10 300 20 223 3 0000 4 0093 5 0000 6 000 0 7 00 0 0 8 0 0 0 0 333 10 /// 59 021 6 000 0 7 0000 
14-NOV-2015 09 48034 3 2 4 57 4 23 02 10 248 20 167 3 0000 4 0000 5 0000 6 000 0 7 00 0 0 8 4 8 0 0 333 10 /// 58 000 6 000 0 7 0000 
14-NOV-2015 09 48035 3 2 5 60 1 27 02 10 274 20 172 3 0000 4 0072 5 0000 6 000 0 7 00 0 0 8 1 1 0 0 333 10 /// 59 081 6 000 0 7 0000 
14-NOV-2015 09 48037 3 2 5 60 4 32 01 10 313 20 225 3 0000 4 0083 5 0000 6 000 0 7 03 1 1 8 4 3 0 0 333 10 /// 59 030 6 000 0 7 0000 
14-NOV-2015 09 48039 3 2 4 60 0 00 00 10 305 20 207 3 0000 4 0000 5 0000 6 000 0 7 00 0 0 8 0 0 0 0 333 10 /// 58 000 6 000 0 7 0000 
14-NOV-2015 09 48042 3 2 5 59 1 36 01 10 307 20 189 3 0000 4 0087 5 0000 6 000 0 7 00 0 0 8 1 2 0 0 333 10 /// 59 018 6 000 0 7 0000 
14-NOV-2015 09 48043 3 2 6 58 2 32 05 10 250 20 205 3 0000 4 0000 5 0000 6 000 0 7 00 0 0 8 2 2 0 0 333 10 /// 58 000 6 000 0 7 0000 
14-NOV-2015 09 48045 3 1 3 40 7 23 03 10 202 20 185 3 0000 4 0000 5 0000 6 000 0 7 40 4 4 8 7 8 0 0 333 10 /// 58 000 6 000 0 7 0000 
14-NOV-2015 09 48048 3 2 5 62 2 04 01 10 320 20 200 3 0000 4 0088 5 0000 6 000 0 7 00 0 0 8 2 8 0 0 333 10 /// 59 027 6 000 0 7 0000 
14-NOV-2015 09 48051 3 2 5 60 3 36 01 10 320 20 250 3 0000 4 0000 5 0000 6 000 0 7 00 0 0 8 3 2 0 0 333 10 /// 58 000 6 000 0 7 0000 
14-NOV-2015 09 48052 3 2 9 58 0 32 01 10 365 20 235 3 0000 4 0000 5 0000 6 000 0 7 02 1 1 8 0 0 0 0 333 10 /// 58 000 6 000 0 7 0000 
14-NOV-2015 09 48053 3 2 5 56 3 36 01 10 300 20 212 3 0000 4 0085 5 0000 6 000 0 7 00 0 0 8 3 8 0 0 333 10 /// 59 038 6 000 0 7 0000 
14-NOV-2015 09 48055 3 2 5 57 5 23 02 10 290 20 206 3 0000 4 0054 5 0000 6 000 0 7 00 0 0 8 3 8 0 0 333 10 /// 59 053 6 000 0 7 0000 
14-NOV-2015 09 48057 3 2 4 58 5 22 02 10 258 20 160 3 0000 4 0000 5 0000 6 000 0 7 00 0 0 8 5 3 0 0 333 10 /// 58 000 6 000 0 7 0000 
14-NOV-2015 09 48060 3 2 4 56 2 32 01 10 298 20 166 3 0000 4 0054 5 0000 6 000 0 7 00 0 0 8 2 1 0 0 333 10 /// 59 055 6 000 0 7 0000 
14-NOV-2015 09 48062 3 2 4 58 4 27 03 10 320 20 290 3 0000 4 0091 5 0000 6 000 0 7 00 0 0 8 2 9 3 0 333 10 /// 59 017 6 000 0 7 0000 
14-NOV-2015 09 48064 3 2 9 60 0 23 01 10 310 20 254 3 0000 4 0068 5 0000 6 000 0 7 00 0 0 8 0 0 0 0 333 10 /// 59 042 6 000 0 7 0000 
14-NOV-2015 09 48065 3 2 9 60 0 22 01 10 335 20 202 3 0000 4 0000 5 0000 6 000 0 7 00 0 0 8 0 0 0 0 333 10 /// 58 000 6 000 0 7 0000 
14-NOV-2015 09 48071 3 2 9 60 0 32 02 10 310 20 254 3 0000 4 0089 5 0000 6 000 0 7 00 0 0 8 0 0 0 0 333 10 /// 59 014 6 000 0 7 0000 
14-NOV-2015 09 48072 3 2 5 60 1 32 02 10 320 20 265 3 0000 4 0000 5 0000 6 000 0 7 00 0 0 8 1 2 0 0 333 10 /// 58 000 6 000 0 7 0000 
14-NOV-2015 09 48074 3 2 5 61 1 04 03 10 330 20 212 3 0000 4 0086 5 0000 6 000 0 7 00 0 0 8 1 1 0 0 333 10 /// 59 030 6 000 0 7 0000 
14-NOV-2015 09 48075 3 2 5 58 5 22 01 10 280 20 233 3 0000 4 0079 5 0000 6 000 0 7 00 0 0 8 5 8 0 0 333 10 /// 59 030 6 000 0 7 0000 
14-NOV-2015 09 48077 3 2 5 59 1 00 00 10 328 20 212 3 0000 4 0084 5 0000 6 000 0 7 00 0 0 8 1 2 0 0 333 10 /// 59 021 6 000 0 7 0000 
14-NOV-2015 09 48078 3 2 5 60 2 32 01 10 333 20 237 3 0000 4 0083 5 0000 6 000 0 7 00 0 0 8 1 2 0 1 333 10 /// 59 020 6 000 0 7 0000 
14-NOV-2015 09 48080 3 2 9 61 0 18 05 10 335 20 258 3 0000 4 0086 5 0000 6 000 0 7 00 0 0 8 0 0 0 0 333 10 /// 59 014 6 000 0 7 0000 
14-NOV-2015 09 48085 3 2 4 58 2 32 04 10 322 20 265 3 0000 4 0085 5 0000 6 000 0 7 00 0 0 8 2 8 0 0 333 10 /// 59 014 6 000 0 7 0000 
14-NOV-2015 09 48093 3 2 6 58 2 14 01 10 344 20 254 3 0000 4 0000 5 0000 6 000 0 7 00 0 0 8 2 1 0 0 333 10 /// 58 000 6 000 0 7 0000 
14-NOV-2015 09 48094 3 2 4 60 1 04 02 10 340 20 240 3 0000 4 0085 5 0000 6 000 0 7 00 0 0 8 1 5 0 0 333 10 /// 59 015 6 000 0 7 0000 
14-NOV-2015 09 48095 3 2 5 60 1 00 00 10 328 20 265 3 0000 4 0000 5 0000 6 000 0 7 00 0 0 8 1 2 0 0 333 10 /// 58 000 6 000 0 7 0000 
14-NOV-2015 09 48096 3 2 5 59 2 03 04 10 340 20 240 3 0000 4 0084 5 0000 6 000 0 7 00 0 0 8 2 8 0 0 333 10 /// 59 017 6 000 0 7 0000 
14-NOV-2015 09 48097 3 2 5 57 6 13 01 10 315 20 260 3 0000 4 0088 5 0000 6 000 0 7 00 0 0 8 5 3 3 0 333 10 /// 59 010 6 000 0 7 0000 
14-NOV-2015 09 48099 2 1 4 56 5 23 02 10 335 20 270 3 0000 4 0077 5 0000 6 000 0 7 50 5 5 8 3 9 7 0 333 10 /// 59 006 6 000 0 7 0000 
14-NOV-2015 09 48101 3 2 5 60 2 00 00 10 335 20 257 3 0000 4 0000 5 0000 6 000 0 7 00 0 0 8 2 2 0 0 333 10 /// 58 000 6 000 0 7 0000 
14-NOV-2015 09 48103 2 1 4 56 5 32 01 10 335 20 257 3 0000 4 0080 5 0000 6 000 0 7 02 5 5 8 5 7 0 0 333 10 /// 59 007 6 000 0 7 0000 
14-NOV-2015 09 48107 3 2 3 50 4 18 01 10 348 20 240 3 0000 4 0080 5 0000 6 000 0 7 00 0 0 8 4 9 0 0 333 10 /// 59 007 6 000 0 7 0000 
14-NOV-2015 09 48108 3 2 5 96 5 32 05 10 335 20 242 3 0000 4 0080 5 0000 6 000 0 7 00 0 0 8 3 3 0 6 333 10 /// 59 012 6 000 0 7 0000 
14-NOV-2015 09 48109 3 2 4 97 4 09 01 10 326 20 275 3 0000 4 0091 5 0000 6 000 0 7 00 0 0 8 4 9 0 0 333 10 /// 59 007 6 000 0 7 0000 
14-NOV-2015 09 48110 3 1 4 96 8 13 05 10 315 20 266 3 0000 4 0087 5 0000 6 000 0 7 17 9 9 8 5 9 4 7 333 10 /// 59 006 6 000 0 7 0000 
14-NOV-2015 09 48112 2 1 5 97 8 32 06 10 314 20 267 3 0000 4 0077 5 0000 6 000 0 7 01 5 2 8 3 8 7 6 333 10 /// 59 004 6 000 0 7 0000 
