



*-*-*


<!--
.style2 {
	font-family:"Courier New", Courier, monospace;
	font-size: 14px;
}
-->






SMBM01 VBRR 140000 RRA

AAXX 14004

48004 31901 90000 10164 20164 74744 333 20120 60002=

48008 32556 10000 10150 20145 40141 81400 333 20140

56400 59020 60002=

48010 32540 10000 10180 20180 40125 81400 333 20175

56900 59019 60002=

48018 31950 00000 10175 20170 40128 71044 333 20164

59030 60002=

48019 32940 00000 10148 20134 40129 333 20146 59028

60002=

48020 32930 90000 10200 20185 74744 333 20165 60002=

48025 31005 80000 10202 20202 40103 74744 886// 333

20196 56999 59022 60002=

48035 31/01 90000 10117 20102 40149 74744 333 20110

59014 60002=

48037 32930 00000 10190 20175 40116 333 20180 59037

60002=

48042 32556 20000 10210 20195 40118 81450 333 20193

56990 59019 60002=

48048 32550 50401 10206 20175 40107 84950 333 20200

56490 59036 60002=

48053 32450 30000 10205 20185 40124 82560 333 20200

56809 59011 60002=

48060 32440 30000 10150 20134 40159 81130 333 20140

56550 58004 60002=

48109 32496 50000 10276 20250 40102 85900 333 20217

56900 59020 60002=

48030 31/05 92202 10057 20057 74344 333 20044 60002=

48031 32257 32201 10120 20120 70122 83840 333 20115

56490 60002=

48033 32959 03601 10170 20170 40116 70100 333 20160

59030 60002=

48034 32956 00000 10095 20084 333 20090 60002=

48039 31450 30000 10200 20185 71011 83400 333 20198

56900 60002=

48043 31510 20000 10125 20113 71044 82200 333 20090

56500 60002=

48052 32450 70000 10224 20205 74022 85930 333 20215

56990 60002=

48055 31/01 90000 10158 20156 40136 74744 333 20143

59017 60002=

48064 32950 00000 10210 20195 40110 333 20170 48065

32950 00000 10220 20205 333 20185 60002 59020 60002=

48074 32457 13602 10220 20185 40117 81500 333 20215

56900 59008 60002=  





