14-NOV-2015 06 48004 3 2 5 62 3 04 02 10 258 20 179 3 0000 4 0000 5 0000 6 000 0 7 00 0 0 8 3 8 0 0 333 10 /// 58 000 6 000 0 7 0000 
14-NOV-2015 06 48008 3 2 9 57 0 04 01 10 260 20 179 3 0000 4 0135 5 0000 6 000 0 7 00 0 0 8 0 0 0 0 333 10 /// 59 016 6 000 0 7 0000 
14-NOV-2015 06 48010 3 2 5 60 3 18 01 10 270 20 211 3 0000 4 0132 5 0000 6 000 0 7 00 0 0 8 3 8 0 0 333 10 /// 59 017 6 000 0 7 0000 
14-NOV-2015 06 48018 3 2 5 61 3 04 01 10 280 20 203 3 0000 4 0129 5 0000 6 000 0 7 03 2 2 8 2 8 1 0 333 10 /// 59 024 6 000 0 7 0000 
14-NOV-2015 06 48020 3 2 3 58 4 36 02 10 270 20 226 3 0000 4 0000 5 0000 6 000 0 7 00 0 0 8 4 2 0 0 333 10 /// 58 000 6 000 0 7 0000 
14-NOV-2015 06 48025 3 2 4 40 4 36 01 10 260 20 203 3 0000 4 0113 5 0000 6 000 0 7 00 0 0 8 3 8 4 0 333 10 /// 59 027 6 000 0 7 0000 
14-NOV-2015 06 48030 3 1 9 57 0 22 03 10 198 20 033 3 0000 4 0000 5 0000 6 000 0 7 02 4 4 8 0 0 0 0 333 10 /// 58 000 6 000 0 7 0000 
14-NOV-2015 06 48031 3 2 2 60 3 14 01 10 205 20 130 3 0000 4 0000 5 0000 6 000 0 7 01 0 0 8 3 8 0 0 333 10 /// 58 000 6 000 0 7 0000 
14-NOV-2015 06 48033 3 2 9 63 0 22 01 10 290 20 230 3 0000 4 0128 5 0000 6 000 0 7 02 0 0 8 0 0 0 0 333 10 /// 59 011 6 000 0 7 0000 
14-NOV-2015 06 48034 3 2 4 57 2 18 02 10 242 20 155 3 0000 4 0000 5 0000 6 000 0 7 00 0 0 8 2 8 0 0 333 10 /// 58 000 6 000 0 7 0000 
14-NOV-2015 06 48035 3 1 5 60 1 32 02 10 236 20 155 3 0000 4 0104 5 0000 6 000 0 7 01 4 4 8 1 1 0 0 333 10 /// 59 028 6 000 0 7 0000 
14-NOV-2015 06 48037 3 2 4 60 3 36 01 10 289 20 196 3 0000 4 0107 5 0000 6 000 0 7 00 0 0 8 1 1 3 0 333 10 /// 59 038 6 000 0 7 0000 
14-NOV-2015 06 48039 3 2 4 60 1 14 01 10 285 20 220 3 0000 4 0000 5 0000 6 000 0 7 00 0 0 8 1 1 0 0 333 10 /// 58 000 6 000 0 7 0000 
14-NOV-2015 06 48042 3 2 5 58 2 36 02 10 300 20 207 3 0000 4 0111 5 0000 6 000 0 7 00 0 0 8 2 2 0 0 333 10 /// 59 022 6 000 0 7 0000 
14-NOV-2015 06 48043 3 2 6 58 2 32 05 10 240 20 191 3 0000 4 0000 5 0000 6 000 0 7 00 0 0 8 2 2 0 0 333 10 /// 58 000 6 000 0 7 0000 
14-NOV-2015 06 48045 3 1 3 40 7 23 03 10 212 20 175 3 0000 4 0000 5 0000 6 000 0 7 40 4 4 8 7 8 0 0 333 10 /// 58 000 6 000 0 7 0000 
14-NOV-2015 06 48048 3 2 5 62 2 04 01 10 295 20 207 3 0000 4 0120 5 0000 6 000 0 7 00 0 0 8 2 8 0 0 333 10 /// 59 024 6 000 0 7 0000 
14-NOV-2015 06 48051 3 2 5 60 4 32 03 10 308 20 250 3 0000 4 0000 5 0000 6 000 0 7 00 0 0 8 4 8 0 0 333 10 /// 58 000 6 000 0 7 0000 
14-NOV-2015 06 48052 3 2 9 58 0 00 00 10 340 20 216 3 0000 4 0000 5 0000 6 000 0 7 00 0 0 8 0 0 0 0 333 10 /// 58 000 6 000 0 7 0000 
14-NOV-2015 06 48053 3 2 5 56 3 36 02 10 310 20 189 3 0000 4 0103 5 0000 6 000 0 7 00 0 0 8 3 8 0 0 333 10 /// 59 019 6 000 0 7 0000 
14-NOV-2015 06 48055 3 2 5 57 3 13 03 10 257 20 202 3 0000 4 0102 5 0000 6 000 0 7 01 4 4 8 3 8 0 0 333 10 /// 59 036 6 000 0 7 0000 
14-NOV-2015 06 48057 3 2 4 58 4 22 02 10 240 20 155 3 0000 4 0000 5 0000 6 000 0 7 00 0 0 8 4 3 0 0 333 10 /// 58 000 6 000 0 7 0000 
14-NOV-2015 06 48060 3 2 4 56 3 00 00 10 260 20 160 3 0000 4 0099 5 0000 6 000 0 7 00 0 0 8 1 1 3 0 333 10 /// 59 025 6 000 0 7 0000 
14-NOV-2015 06 48062 3 2 4 58 4 13 02 10 310 20 280 3 0000 4 0114 5 0000 6 000 0 7 00 0 0 8 4 9 0 0 333 10 /// 59 014 6 000 0 7 0000 
14-NOV-2015 06 48064 3 2 9 60 0 18 01 10 298 20 239 3 0000 4 0107 5 0000 6 000 0 7 00 0 0 8 0 0 0 0 333 10 /// 59 018 6 000 0 7 0000 
14-NOV-2015 06 48065 3 2 9 60 0 32 01 10 312 20 203 3 0000 4 0000 5 0000 6 000 0 7 00 0 0 8 0 0 0 0 333 10 /// 58 000 6 000 0 7 0000 
14-NOV-2015 06 48071 3 2 4 60 2 32 02 10 303 20 253 3 0000 4 0114 5 0000 6 000 0 7 00 0 0 8 2 8 0 0 333 10 /// 59 010 6 000 0 7 0000 
14-NOV-2015 06 48072 3 2 4 61 1 13 01 10 320 20 265 3 0000 4 0000 5 0000 6 000 0 7 00 0 0 8 1 3 0 0 333 10 /// 58 000 6 000 0 7 0000 
14-NOV-2015 06 48074 3 2 9 61 0 04 02 10 300 20 223 3 0000 4 0127 5 0000 6 000 0 7 00 0 0 8 0 0 0 0 333 10 /// 59 002 6 000 0 7 0000 
14-NOV-2015 06 48075 3 2 5 58 2 14 01 10 270 20 211 3 0000 4 0105 5 0000 6 000 0 7 00 0 0 8 2 1 0 0 333 10 /// 59 032 6 000 0 7 0000 
14-NOV-2015 06 48077 3 2 5 59 1 00 00 10 310 20 225 3 0000 4 0109 5 0000 6 000 0 7 00 0 0 8 1 2 0 0 333 10 /// 59 020 6 000 0 7 0000 
14-NOV-2015 06 48078 3 2 5 58 3 04 02 10 318 20 226 3 0000 4 0113 5 0000 6 000 0 7 00 0 0 8 2 2 0 1 333 10 /// 59 019 6 000 0 7 0000 
14-NOV-2015 06 48080 3 2 5 61 2 18 03 10 330 20 258 3 0000 4 0111 5 0000 6 000 0 7 00 0 0 8 2 1 0 0 333 10 /// 59 015 6 000 0 7 0000 
14-NOV-2015 06 48085 3 2 4 59 1 32 04 10 318 20 254 3 0000 4 0110 5 0000 6 000 0 7 00 0 0 8 1 8 0 0 333 10 /// 59 014 6 000 0 7 0000 
14-NOV-2015 06 48087 3 2 9 60 0 04 02 10 324 20 236 3 0000 4 0000 5 0000 6 000 0 7 00 0 0 8 0 0 0 0 333 10 /// 58 000 6 000 0 7 0000 
14-NOV-2015 06 48093 3 2 6 58 2 04 01 10 338 20 240 3 0000 4 0000 5 0000 6 000 0 7 00 0 0 8 2 1 0 0 333 10 /// 58 000 6 000 0 7 0000 
14-NOV-2015 06 48094 3 2 9 59 0 04 02 10 330 20 240 3 0000 4 0111 5 0000 6 000 0 7 00 0 0 8 0 0 0 0 333 10 /// 59 021 6 000 0 7 0000 
14-NOV-2015 06 48095 3 2 9 60 0 04 02 10 310 20 237 3 0000 4 0000 5 0000 6 000 0 7 00 0 0 8 0 0 0 0 333 10 /// 58 000 6 000 0 7 0000 
14-NOV-2015 06 48096 3 2 5 59 1 04 05 10 320 20 236 3 0000 4 0114 5 0000 6 000 0 7 00 0 0 8 1 1 0 0 333 10 /// 59 016 6 000 0 7 0000 
14-NOV-2015 06 48097 3 2 5 57 4 17 01 10 335 20 242 3 0000 4 0107 5 0000 6 000 0 7 00 0 0 8 4 8 0 0 333 10 /// 59 021 6 000 0 7 0000 
14-NOV-2015 06 48099 3 2 4 57 4 32 02 10 333 20 258 3 0000 4 0000 5 0000 6 000 0 7 00 0 0 8 4 3 0 0 333 10 /// 59 003 6 000 0 7 0000 
14-NOV-2015 06 48101 3 2 9 60 0 32 01 10 330 20 224 3 0000 4 0000 5 0000 6 000 0 7 00 0 0 8 0 0 0 0 333 10 /// 58 000 6 000 0 7 0000 
14-NOV-2015 06 48103 3 2 4 56 5 32 02 10 330 20 244 3 0000 4 0099 5 0000 6 000 0 7 00 0 0 8 5 7 0 0 333 10 /// 59 014 6 000 0 7 0000 
14-NOV-2015 06 48107 3 2 3 50 5 13 01 10 330 20 258 3 0000 4 0099 5 0000 6 000 0 7 00 0 0 8 5 9 0 0 333 10 /// 58 000 6 000 0 7 0000 
14-NOV-2015 06 48108 3 2 5 96 6 32 02 10 330 20 244 3 0000 4 0107 5 0000 6 000 0 7 00 0 0 8 4 3 0 6 333 10 /// 59 010 6 000 0 7 0000 
14-NOV-2015 06 48109 3 2 4 97 4 09 02 10 327 20 275 3 0000 4 0111 5 0000 6 000 0 7 00 0 0 8 4 9 0 0 333 10 /// 59 006 6 000 0 7 0000 
14-NOV-2015 06 48112 3 2 5 97 8 04 02 10 305 20 260 3 0000 4 0101 5 0000 6 000 0 7 00 0 0 8 4 8 7 6 333 10 /// 59 012 6 000 0 7 0000 
