14-OCT-2015 12 48001 3 2 4 30 6 00 00 10 255 20 246 3 0000 4 0150 5 0000 6 000 0 7 00 0 0 8 3 8 5 2 333 10 285 58 028 6 000 0 7 0000 
14-OCT-2015 12 48004 3 2 5 60 4 22 01 10 268 20 240 3 0000 4 0000 5 0000 6 000 0 7 00 0 0 8 4 9 0 0 333 10 317 58 000 6 000 0 7 0000 
14-OCT-2015 12 48008 3 2 4 56 6 00 00 10 270 20 240 3 0000 4 0128 5 0000 6 000 0 7 00 0 0 8 3 9 7 0 333 10 304 59 008 6 000 0 7 0000 
14-OCT-2015 12 48010 3 2 4 30 8 00 00 10 253 20 233 3 0000 4 0133 5 0000 6 000 0 7 00 0 0 8 3 7 7 / 333 10 277 59 010 6 000 0 7 0000 
14-OCT-2015 12 48018 3 2 5 58 6 04 01 10 270 20 226 3 0000 4 0136 5 0000 6 000 0 7 00 0 0 8 2 4 7 4 333 10 310 59 011 6 000 0 7 0000 
14-OCT-2015 12 48019 3 2 5 50 7 00 00 10 277 20 233 3 0000 4 0129 5 0000 6 000 0 7 00 0 0 8 1 2 6 3 333 10 305 59 004 6 000 0 7 0000 
14-OCT-2015 12 48025 3 2 4 40 6 27 01 10 244 20 226 3 0000 4 0146 5 0000 6 000 0 7 00 0 0 8 4 8 4 0 333 10 265 59 010 6 000 0 7 0000 
14-OCT-2015 12 48033 3 2 5 60 1 00 00 10 260 20 246 3 0000 4 0138 5 0000 6 000 0 7 00 0 0 8 1 1 0 0 333 10 280 59 006 6 000 0 7 0000 
14-OCT-2015 12 48034 3 2 4 56 3 00 00 10 202 20 170 3 0000 4 0000 5 0000 6 000 0 7 00 0 0 8 3 8 0 0 333 10 237 58 000 6 000 0 7 0000 
14-OCT-2015 12 48035 3 2 5 10 8 00 00 10 219 20 205 3 0000 4 0145 5 0000 6 000 0 7 00 0 0 8 5 9 7 / 333 10 237 59 013 6 000 0 7 0000 
14-OCT-2015 12 48037 3 2 4 58 4 00 00 10 252 20 233 3 0000 4 0140 5 0000 6 000 0 7 00 0 0 8 4 8 0 0 333 10 266 59 004 6 000 0 7 0000 
14-OCT-2015 12 48039 3 2 4 60 6 14 01 10 260 20 229 3 0000 4 0000 5 0000 6 000 0 7 00 0 0 8 2 8 5 0 333 10 292 58 000 6 000 0 7 0000 
14-OCT-2015 12 48042 3 2 5 57 5 00 00 10 250 20 219 3 0000 4 0127 5 0000 6 000 0 7 00 0 0 8 3 8 5 0 333 10 270 59 011 6 000 0 7 0000 
14-OCT-2015 12 48043 3 2 9 30 3 00 00 10 185 20 175 3 0000 4 0000 5 0000 6 000 0 7 00 0 0 8 0 0 0 2 333 10 210 58 000 6 000 0 7 0000 
14-OCT-2015 12 48048 3 2 5 50 3 32 01 10 260 20 229 3 0000 4 0134 5 0000 6 000 0 7 00 0 0 8 3 8 0 0 333 10 275 59 003 6 000 0 7 0000 
14-OCT-2015 12 48051 3 2 5 58 3 00 00 10 290 20 250 3 0000 4 0000 5 0000 6 000 0 7 00 0 0 8 3 2 0 0 333 10 317 58 000 6 000 0 7 0000 
14-OCT-2015 12 48052 3 2 4 50 5 00 00 10 265 20 238 3 0000 4 0000 5 0000 6 000 0 7 00 0 0 8 5 9 0 0 333 10 275 58 000 6 000 0 7 0000 
14-OCT-2015 12 48053 3 2 4 56 7 36 01 10 250 20 219 3 0000 4 0137 5 0000 6 000 0 7 00 0 0 8 3 9 5 6 333 10 270 59 005 6 000 0 7 0000 
14-OCT-2015 12 48055 2 1 3 56 7 04 03 10 215 20 199 3 0000 4 0139 5 0000 6 000 0 7 02 5 5 8 4 9 3 0 333 10 252 59 033 6 990 2 7 0000 
14-OCT-2015 12 48057 3 2 4 50 6 14 01 10 190 20 175 3 0000 4 0000 5 0000 6 000 0 7 00 0 0 8 5 3 4 0 333 10 226 58 000 6 000 0 7 0000 
14-OCT-2015 12 48060 3 2 4 20 7 00 00 10 215 20 180 3 0000 4 0147 5 0000 6 000 0 7 00 0 0 8 5 8 3 0 333 10 235 59 031 6 000 0 7 0000 
14-OCT-2015 12 48062 3 2 4 50 4 18 01 10 290 20 270 3 0000 4 0114 5 0000 6 000 0 7 00 0 0 8 2 9 3 0 333 10 330 58 011 6 000 0 7 0000 
14-OCT-2015 12 48064 3 2 4 50 8 00 00 10 250 20 233 3 0000 4 0127 5 0000 6 000 0 7 00 0 0 8 5 9 7 0 333 10 270 58 008 6 000 0 7 0000 
14-OCT-2015 12 48065 3 2 4 50 8 04 01 10 252 20 233 3 0000 4 0000 5 0000 6 000 0 7 00 0 0 8 5 5 7 0 333 10 275 58 000 6 000 0 7 0000 
14-OCT-2015 12 48071 3 2 4 56 1 00 00 10 292 20 248 3 0000 4 0121 5 0000 6 000 0 7 00 0 0 8 1 2 0 0 333 10 305 58 010 6 000 0 7 0000 
14-OCT-2015 12 48072 3 2 4 56 2 00 00 10 285 20 259 3 0000 4 0000 5 0000 6 000 0 7 00 0 0 8 2 3 0 0 333 10 315 58 000 6 000 0 7 0000 
14-OCT-2015 12 48074 2 1 4 57 7 00 00 10 250 20 250 3 0000 4 0135 5 0000 6 000 0 7 02 5 5 8 6 9 2 0 333 10 280 59 008 6 001 2 7 0000 
14-OCT-2015 12 48075 3 2 4 56 5 00 00 10 230 20 198 3 0000 4 0134 5 0000 6 000 0 7 00 0 0 8 4 8 4 0 333 10 250 59 036 6 000 0 7 0000 
14-OCT-2015 12 48077 2 2 5 56 8 00 00 10 252 20 233 3 0000 4 0128 5 0000 6 000 0 7 00 0 0 8 5 9 3 1 333 10 272 58 010 6 003 2 7 0000 
14-OCT-2015 12 48078 3 2 5 50 8 04 03 10 266 20 243 3 0000 4 0130 5 0000 6 000 0 7 00 0 0 8 5 3 7 / 333 10 280 59 005 6 000 0 7 0000 
14-OCT-2015 12 48080 3 2 4 56 6 00 00 10 280 20 250 3 0000 4 0120 5 0000 6 000 0 7 00 0 0 8 4 9 7 0 333 10 330 58 007 6 000 0 7 0000 
14-OCT-2015 12 48085 3 2 4 56 7 14 03 10 272 20 240 3 0000 4 0120 5 0000 6 000 0 7 00 0 0 8 3 3 7 6 333 10 306 58 007 6 000 0 7 0000 
14-OCT-2015 12 48087 3 2 4 50 8 00 00 10 260 20 246 3 0000 4 0000 5 0000 6 000 0 7 00 0 0 8 5 9 7 / 333 10 294 58 000 6 000 0 7 0000 
14-OCT-2015 12 48092 3 2 4 50 6 00 00 10 265 20 243 3 0000 4 0101 5 0000 6 000 0 7 00 0 0 8 3 9 3 1 333 10 320 59 001 6 000 0 7 0000 
14-OCT-2015 12 48093 3 2 5 40 3 04 01 10 283 20 250 3 0000 4 0000 5 0000 6 000 0 7 00 0 0 8 2 8 4 0 333 10 320 58 000 6 000 0 7 0000 
14-OCT-2015 12 48094 3 2 4 56 6 04 01 10 275 20 250 3 0000 4 0121 5 0000 6 000 0 7 00 0 0 8 4 8 7 0 333 10 292 58 001 6 000 0 7 0000 
14-OCT-2015 12 48096 3 2 4 57 7 25 02 10 270 20 240 3 0000 4 0127 5 0000 6 000 0 7 00 0 0 8 5 9 4 2 333 10 315 58 000 6 000 0 7 0000 
14-OCT-2015 12 48097 3 2 5 56 4 16 02 10 275 20 253 3 0000 4 0124 5 0000 6 000 0 7 00 0 0 8 2 5 4 0 333 10 330 59 003 6 000 0 7 0000 
14-OCT-2015 12 48099 3 2 4 40 6 04 01 10 290 20 248 3 0000 4 0107 5 0000 6 000 0 7 00 0 0 8 2 8 0 1 333 10 327 59 003 6 000 0 7 0000 
14-OCT-2015 12 48101 3 2 5 56 4 00 00 10 283 20 250 3 0000 4 0000 5 0000 6 000 0 7 00 0 0 8 3 3 0 1 333 10 323 58 000 6 000 0 7 0000 
14-OCT-2015 12 48103 3 2 4 20 1 22 01 10 284 20 250 3 0000 4 0116 5 0000 6 000 0 7 00 0 0 8 1 1 0 0 333 10 348 59 004 6 000 0 7 0000 
14-OCT-2015 12 48107 2 1 3 30 6 23 01 10 288 20 248 3 0000 4 0113 5 0000 6 000 0 7 01 9 5 8 4 9 7 0 333 10 348 59 003 6 990 2 7 0000 
14-OCT-2015 12 48108 3 2 5 95 5 14 01 10 290 20 248 3 0000 4 0113 5 0000 6 000 0 7 00 0 0 8 3 8 0 6 333 10 335 59 007 6 000 0 7 0000 
14-OCT-2015 12 48109 2 2 4 96 6 00 00 10 283 20 268 3 0000 4 0116 5 0000 6 000 0 7 00 0 0 8 3 9 7 0 333 10 310 58 004 6 012 2 7 0000 
14-OCT-2015 12 48110 2 1 5 95 8 00 00 10 280 20 250 3 0000 4 0109 5 0000 6 000 0 7 02 9 9 8 2 3 0 7 333 10 325 59 006 6 990 2 7 0000 
14-OCT-2015 12 48112 2 1 4 96 8 04 03 10 250 20 250 3 0000 4 0112 5 0000 6 000 0 7 21 5 2 8 6 7 7 / 333 10 295 59 001 6 016 2 7 0000 
