14-SEP-2015 03 48001 3 2 4 50 7 04 01 10 258 20 246 3 0000 4 0116 5 0000 6 000 0 7 00 0 0 8 4 8 7 0 333 10 /// 58 007 6 000 0 7 0000 
14-SEP-2015 03 48004 3 2 5 60 4 04 01 10 290 20 248 3 0000 4 0000 5 0000 6 000 0 7 00 0 0 8 4 9 0 0 333 10 /// 58 000 6 000 0 7 0000 
14-SEP-2015 03 48008 2 1 4 56 8 14 01 10 260 20 246 3 0000 4 0114 5 0000 6 000 0 7 50 5 5 8 4 9 7 / 333 10 /// 58 004 6 000 0 7 0000 
14-SEP-2015 03 48010 2 1 4 40 8 00 00 10 265 20 246 3 0000 4 0118 5 0000 6 000 0 7 03 5 5 8 5 7 7 / 333 10 /// 58 013 6 000 0 7 0000 
14-SEP-2015 03 48018 2 1 5 58 8 22 01 10 255 20 255 3 0000 4 0118 5 0000 6 000 0 7 21 9 6 8 4 9 7 / 333 10 /// 58 001 6 000 0 7 0000 
14-SEP-2015 03 48019 2 1 4 56 8 23 01 10 248 20 240 3 0000 4 0108 5 0000 6 000 0 7 95 6 6 8 5 9 7 / 333 10 /// 58 009 6 000 0 7 0000 
14-SEP-2015 03 48020 2 1 3 50 8 36 02 10 260 20 246 3 0000 4 0000 5 0000 6 000 0 7 00 0 0 8 8 7 / / 333 10 /// 58 000 6 000 0 7 0000 
14-SEP-2015 03 48025 2 1 2 20 7 32 01 10 270 20 256 3 0000 4 0110 5 0000 6 000 0 7 01 5 5 8 5 8 7 0 333 10 /// 58 001 6 000 0 7 0000 
14-SEP-2015 03 48030 2 1 / 05 9 04 04 10 184 20 184 3 0000 4 0000 5 0000 6 000 0 7 50 5 4 8 9 / / / 333 10 /// 58 000 6 000 0 7 0000 
14-SEP-2015 03 48031 2 1 / 05 9 18 01 10 190 20 190 3 0000 4 0000 5 0000 6 000 0 7 47 4 4 8 9 / / / 333 10 /// 58 000 6 000 0 7 0000 
14-SEP-2015 03 48033 2 2 5 62 7 00 00 10 280 20 250 3 0000 4 0101 5 0000 6 000 0 7 00 0 0 8 6 9 3 0 333 10 /// 58 002 6 000 0 7 0000 
14-SEP-2015 03 48034 2 1 3 56 8 23 01 10 215 20 207 3 0000 4 0000 5 0000 6 000 0 7 02 5 5 8 6 9 2 / 333 10 /// 58 000 6 000 0 7 0000 
14-SEP-2015 03 48035 2 2 5 60 6 32 02 10 259 20 229 3 0000 4 0091 5 0000 6 000 0 7 00 0 0 8 4 9 6 0 333 10 /// 59 028 6 000 0 7 0000 
14-SEP-2015 03 48037 3 2 4 56 5 32 01 10 293 20 248 3 0000 4 0113 5 0000 6 000 0 7 00 0 0 8 3 8 7 1 333 10 /// 59 016 6 000 0 7 0000 
14-SEP-2015 03 48039 3 2 4 60 7 14 01 10 285 20 233 3 0000 4 0000 5 0000 6 000 0 7 00 0 0 8 4 8 6 0 333 10 /// 58 000 6 000 0 7 0000 
14-SEP-2015 03 48042 2 2 5 57 7 18 02 10 294 20 248 3 0000 4 0100 5 0000 6 000 0 7 00 0 0 8 4 8 5 0 333 10 /// 58 007 6 000 0 7 0000 
14-SEP-2015 03 48043 2 1 5 40 8 00 00 10 210 20 210 3 0000 4 0000 5 0000 6 000 0 7 61 6 6 8 6 7 2 / 333 10 /// 58 000 6 000 0 7 0000 
14-SEP-2015 03 48045 2 2 1 20 8 09 03 10 198 20 198 3 0000 4 0000 5 0000 6 000 0 7 40 4 4 8 8 7 / / 333 10 /// 58 000 6 000 0 7 0000 
14-SEP-2015 03 48048 2 2 5 60 6 18 01 10 285 20 250 3 0000 4 0100 5 0000 6 000 0 7 00 0 0 8 5 9 5 0 333 10 /// 59 001 6 000 0 7 0000 
14-SEP-2015 03 48051 2 1 5 58 7 13 01 10 276 20 260 3 0000 4 0000 5 0000 6 000 0 7 02 5 2 8 5 9 7 0 333 10 /// 58 000 6 000 0 7 0000 
14-SEP-2015 03 48052 2 2 4 60 6 13 01 10 288 20 248 3 0000 4 0000 5 0000 6 000 0 7 00 0 0 8 5 9 2 0 333 10 /// 58 000 6 000 0 7 0000 
14-SEP-2015 03 48053 2 2 4 56 6 18 02 10 285 20 255 3 0000 4 0119 5 0000 6 000 0 7 00 0 0 8 2 5 5 6 333 10 /// 58 009 6 000 0 7 0000 
14-SEP-2015 03 48055 3 2 3 57 6 18 02 10 243 20 209 3 0000 4 0109 5 0000 6 000 0 7 00 0 0 8 5 3 3 0 333 10 /// 58 000 6 000 0 7 0000 
14-SEP-2015 03 48057 2 2 4 58 7 14 02 10 220 20 185 3 0000 4 0000 5 0000 6 000 0 7 00 0 0 8 6 9 5 0 333 10 /// 58 000 6 000 0 7 0000 
14-SEP-2015 03 48060 2 1 3 40 7 00 00 10 260 20 215 3 0000 4 0116 5 0000 6 000 0 7 02 4 4 8 4 9 7 0 333 10 /// 59 022 6 000 0 7 0000 
14-SEP-2015 03 48062 2 1 3 56 8 09 03 10 257 20 250 3 0000 4 0088 5 0000 6 000 0 7 50 6 6 8 6 9 2 0 333 10 /// 58 003 6 000 0 7 0000 
14-SEP-2015 03 48064 2 2 4 56 8 04 01 10 274 20 256 3 0000 4 0095 5 0000 6 000 0 7 00 0 0 8 4 8 7 0 333 10 /// 58 017 6 000 0 7 0000 
14-SEP-2015 03 48065 2 2 4 56 8 03 01 10 272 20 256 3 0000 4 0000 5 0000 6 000 0 7 00 0 0 8 5 8 7 0 333 10 /// 58 000 6 000 0 7 0000 
14-SEP-2015 03 48071 2 1 4 58 6 13 02 10 275 20 268 3 0000 4 0090 5 0000 6 000 0 7 21 6 2 8 4 9 7 0 333 10 /// 59 002 6 000 0 7 0000 
14-SEP-2015 03 48072 2 1 4 58 8 13 02 10 265 20 265 3 0000 4 0000 5 0000 6 000 0 7 60 6 5 8 6 9 7 / 333 10 /// 58 000 6 000 0 7 0000 
14-SEP-2015 03 48074 2 2 4 58 7 23 02 10 270 20 240 3 0000 4 0113 5 0000 6 000 0 7 00 0 0 8 3 8 6 0 333 10 /// 59 008 6 000 0 7 0000 
14-SEP-2015 03 48075 2 2 4 57 7 00 00 10 240 20 226 3 0000 4 0130 5 0000 6 000 0 7 00 0 0 8 5 7 7 0 333 10 /// 59 008 6 000 0 7 0000 
14-SEP-2015 03 48077 2 2 5 59 8 00 00 10 270 20 256 3 0000 4 0090 5 0000 6 000 0 7 00 0 0 8 5 9 3 1 333 10 /// 58 001 6 000 0 7 0000 
14-SEP-2015 03 48078 2 1 4 40 8 18 01 10 256 20 247 3 0000 4 0115 5 0000 6 000 0 7 61 6 5 8 5 7 2 / 333 10 /// 59 001 6 000 0 7 0000 
14-SEP-2015 03 48080 2 2 4 60 6 04 03 10 282 20 250 3 0000 4 0095 5 0000 6 000 0 7 00 0 0 8 4 8 7 0 333 10 /// 58 001 6 000 0 7 0000 
14-SEP-2015 03 48085 2 1 4 58 8 09 02 10 276 20 256 3 0000 4 0094 5 0000 6 000 0 7 02 5 2 8 3 3 7 0 333 10 /// 58 000 6 000 0 7 0000 
14-SEP-2015 03 48087 2 2 4 56 7 00 00 10 274 20 256 3 0000 4 0000 5 0000 6 000 0 7 00 0 0 8 4 3 7 / 333 10 /// 58 000 6 000 0 7 0000 
14-SEP-2015 03 48092 2 2 4 56 7 13 03 10 280 20 250 3 0000 4 0096 5 0000 6 000 0 7 00 0 0 8 5 9 7 0 333 10 /// 58 001 6 000 0 7 0000 
14-SEP-2015 03 48093 2 2 5 56 8 23 01 10 278 20 268 3 0000 4 0000 5 0000 6 000 0 7 00 0 0 8 6 3 7 / 333 10 /// 58 000 6 000 0 7 0000 
14-SEP-2015 03 48094 2 2 4 58 6 22 01 10 270 20 265 3 0000 4 0096 5 0000 6 000 0 7 02 2 2 8 4 9 7 0 333 10 /// 59 005 6 000 0 7 0000 
14-SEP-2015 03 48095 2 2 4 58 8 00 00 10 270 20 256 3 0000 4 0000 5 0000 6 000 0 7 00 0 0 8 4 9 4 0 333 10 /// 58 000 6 000 0 7 0000 
14-SEP-2015 03 48096 2 2 4 57 8 21 03 10 280 20 250 3 0000 4 0118 5 0000 6 000 0 7 00 0 0 8 5 9 7 / 333 10 /// 58 001 6 000 0 7 0000 
14-SEP-2015 03 48097 2 1 5 57 7 23 01 10 280 20 259 3 0000 4 0122 5 0000 6 000 0 7 02 6 5 8 4 5 5 0 333 10 /// 58 005 6 000 0 7 0000 
14-SEP-2015 03 48099 2 1 4 50 5 09 03 10 280 20 250 3 0000 4 0111 5 0000 6 000 0 7 01 5 1 8 4 3 7 0 333 10 /// 59 003 6 000 0 7 0000 
14-SEP-2015 03 48101 2 2 5 58 8 00 00 10 261 20 261 3 0000 4 0000 5 0000 6 000 0 7 02 2 2 8 4 9 7 / 333 10 /// 58 000 6 000 0 7 0000 
14-SEP-2015 03 48103 2 1 4 56 6 22 01 10 272 20 240 3 0000 4 0112 5 0000 6 000 0 7 02 5 5 8 4 7 7 0 333 10 /// 59 010 6 000 0 7 0000 
14-SEP-2015 03 48107 2 2 3 50 6 13 01 10 276 20 250 3 0000 4 0109 5 0000 6 000 0 7 00 0 0 8 4 9 7 0 333 10 /// 59 007 6 000 0 7 0000 
14-SEP-2015 03 48108 2 2 4 95 8 23 02 10 265 20 258 3 0000 4 0123 5 0000 6 000 0 7 00 0 0 8 5 3 7 / 333 10 /// 59 007 6 000 0 7 0000 
14-SEP-2015 03 48109 3 2 4 97 6 23 01 10 298 20 253 3 0000 4 0107 5 0000 6 000 0 7 01 2 2 8 5 9 0 0 333 10 /// 59 002 6 000 0 7 0000 
14-SEP-2015 03 48110 2 1 4 94 8 13 02 10 250 20 233 3 0000 4 0104 5 0000 6 000 0 7 51 5 5 8 6 3 2 / 333 10 /// 59 009 6 000 0 7 0000 
14-SEP-2015 03 48112 2 1 4 96 8 27 01 10 255 20 255 3 0000 4 0127 5 0000 6 000 0 7 50 5 5 8 6 7 7 / 333 10 /// 59 007 6 000 0 7 0000 
