14-SEP-2015 12 48001 3 2 4 50 6 04 02 10 263 20 229 3 0000 4 0064 5 0000 6 000 0 7 00 0 0 8 6 9 0 0 333 10 315 59 008 6 000 0 7 0000 
14-SEP-2015 12 48008 2 2 5 56 6 00 00 10 280 20 250 3 0000 4 0059 5 0000 6 000 0 7 00 0 0 8 1 4 3 4 333 10 296 58 002 6 005 2 7 0000 
14-SEP-2015 12 48010 3 2 5 50 5 00 00 10 292 20 259 3 0000 4 0048 5 0000 6 000 0 7 00 0 0 8 3 9 3 0 333 10 306 59 007 6 000 0 7 0000 
14-SEP-2015 12 48018 3 2 5 56 4 14 01 10 295 20 259 3 0000 4 0064 5 0000 6 000 0 7 00 0 0 8 3 8 3 0 333 10 322 59 010 6 000 0 7 0000 
14-SEP-2015 12 48019 2 2 5 58 3 00 00 10 292 20 259 3 0000 4 0045 5 0000 6 000 0 7 00 0 0 8 1 1 6 1 333 10 313 59 006 6 029 2 7 0000 
14-SEP-2015 12 48020 3 2 3 50 6 00 00 10 300 20 253 3 0000 4 0000 5 0000 6 000 0 7 00 0 0 8 6 7 0 0 333 10 345 58 000 6 000 0 7 0000 
14-SEP-2015 12 48025 3 2 4 56 6 36 01 10 302 20 253 3 0000 4 0047 5 0000 6 000 0 7 00 0 0 8 4 3 4 1 333 10 323 59 004 6 000 0 7 0000 
14-SEP-2015 12 48033 3 2 5 60 3 00 00 10 310 20 254 3 0000 4 0032 5 0000 6 000 0 7 00 0 0 8 3 9 0 0 333 10 330 59 004 6 000 0 7 0000 
14-SEP-2015 12 48035 3 2 5 60 3 00 00 10 277 20 233 3 0000 4 0035 5 0000 6 000 0 7 00 0 0 8 3 9 0 0 333 10 308 59 005 6 000 0 7 0000 
14-SEP-2015 12 48037 3 2 4 58 8 14 01 10 318 20 248 3 0000 4 0046 5 0000 6 000 0 7 00 0 0 8 3 1 7 1 333 10 345 58 014 6 000 0 7 0000 
14-SEP-2015 12 48039 3 2 4 60 6 04 01 10 319 20 236 3 0000 4 0000 5 0000 6 000 0 7 00 0 0 8 3 8 0 2 333 10 338 58 000 6 000 0 7 0000 
14-SEP-2015 12 48042 3 2 5 58 5 00 00 10 320 20 248 3 0000 4 0042 5 0000 6 000 0 7 00 0 0 8 3 9 0 6 333 10 360 59 001 6 000 0 7 0000 
14-SEP-2015 12 48048 2 1 5 50 6 04 01 10 303 20 253 3 0000 4 0045 5 0000 6 000 0 7 29 9 6 8 4 9 5 0 333 10 320 59 006 6 002 2 7 0000 
14-SEP-2015 12 48051 3 2 5 59 5 13 02 10 300 20 250 3 0000 4 0000 5 0000 6 000 0 7 00 0 0 8 4 9 3 0 333 10 327 58 000 6 000 0 7 0000 
14-SEP-2015 12 48053 3 2 4 60 5 18 01 10 310 20 237 3 0000 4 0045 5 0000 6 000 0 7 00 0 0 8 4 9 0 6 333 10 335 59 024 6 000 0 7 0000 
14-SEP-2015 12 48055 3 2 5 56 3 04 02 10 271 20 233 3 0000 4 0036 5 0000 6 000 0 7 00 0 0 8 2 8 3 0 333 10 300 59 007 6 000 0 7 0000 
14-SEP-2015 12 48060 3 2 3 30 7 00 00 10 273 20 226 3 0000 4 0055 5 0000 6 000 0 7 00 0 0 8 4 8 7 0 333 10 297 59 015 6 000 0 7 0000 
14-SEP-2015 12 48062 2 1 3 50 8 18 08 10 275 20 270 3 0000 4 0043 5 0000 6 000 0 7 03 5 5 8 6 9 7 0 333 10 315 59 015 6 003 2 7 0000 
14-SEP-2015 12 48064 3 1 4 50 7 32 01 10 286 20 259 3 0000 4 0049 5 0000 6 000 0 7 17 9 9 8 4 9 3 1 333 10 320 58 006 6 000 0 7 0000 
14-SEP-2015 12 48065 3 2 4 50 6 32 02 10 285 20 259 3 0000 4 0000 5 0000 6 000 0 7 00 0 0 8 3 5 7 0 333 10 330 58 000 6 000 0 7 0000 
14-SEP-2015 12 48071 2 2 4 56 4 23 02 10 290 20 248 3 0000 4 0058 5 0000 6 000 0 7 00 0 0 8 4 9 0 0 333 10 310 58 002 6 024 2 7 0000 
14-SEP-2015 12 48074 3 2 4 58 5 18 01 10 300 20 266 3 0000 4 0056 5 0000 6 000 0 7 00 0 0 8 4 9 4 0 333 10 330 59 015 6 000 0 7 0000 
14-SEP-2015 12 48075 3 2 4 56 5 00 00 10 280 20 220 3 0000 4 0056 5 0000 6 000 0 7 00 0 0 8 3 3 4 0 333 10 302 59 020 6 000 0 7 0000 
14-SEP-2015 12 48077 3 2 5 56 8 23 01 10 280 20 250 3 0000 4 0053 5 0000 6 000 0 7 00 0 0 8 5 9 3 1 333 10 322 58 006 6 000 0 7 0000 
14-SEP-2015 12 48078 2 2 5 56 5 18 01 10 277 20 254 3 0000 4 0067 5 0000 6 000 0 7 00 0 0 8 3 9 3 3 333 10 302 59 009 6 004 2 7 0000 
14-SEP-2015 12 48080 3 2 4 57 7 04 01 10 275 20 250 3 0000 4 0066 5 0000 6 000 0 7 00 0 0 8 5 8 7 0 333 10 332 59 002 6 000 0 7 0000 
14-SEP-2015 12 48085 2 2 4 57 5 00 00 10 260 20 255 3 0000 4 0066 5 0000 6 000 0 7 00 0 0 8 3 8 7 6 333 10 295 59 001 6 007 2 7 0000 
14-SEP-2015 12 48092 3 2 4 56 7 23 02 10 270 20 256 3 0000 4 0059 5 0000 6 000 0 7 00 0 0 8 4 9 3 1 333 10 315 59 006 6 000 0 7 0000 
14-SEP-2015 12 48094 2 1 4 56 8 00 00 10 264 20 264 3 0000 4 0068 5 0000 6 000 0 7 02 6 5 8 6 9 7 0 333 10 303 59 007 6 013 2 7 0000 
14-SEP-2015 12 48096 2 2 4 56 6 26 02 10 260 20 246 3 0000 4 0075 5 0000 6 000 0 7 00 0 0 8 4 9 3 0 333 10 310 59 009 6 002 2 7 0000 
14-SEP-2015 12 48097 2 1 5 57 6 22 01 10 265 20 258 3 0000 4 0085 5 0000 6 000 0 7 02 9 6 8 2 5 5 1 333 10 322 59 005 6 005 2 7 0000 
14-SEP-2015 12 48099 3 2 4 50 7 23 03 10 285 20 250 3 0000 4 0072 5 0000 6 000 0 7 00 0 0 8 5 8 3 0 333 10 315 59 009 6 000 0 7 0000 
14-SEP-2015 12 48103 2 2 4 50 6 22 02 10 276 20 250 3 0000 4 0076 5 0000 6 000 0 7 00 0 0 8 4 8 3 0 333 10 315 59 006 6 005 2 7 0000 
14-SEP-2015 12 48107 2 1 3 30 8 00 00 10 250 20 250 3 0000 4 0090 5 0000 6 000 0 7 01 6 6 8 5 9 7 / 333 10 308 59 001 6 025 2 7 0000 
14-SEP-2015 12 48108 2 2 4 95 7 23 02 10 270 20 250 3 0000 4 0089 5 0000 6 000 0 7 00 0 0 8 4 3 7 6 333 10 300 59 007 6 002 2 7 0000 
14-SEP-2015 12 48109 3 2 4 96 4 23 02 10 292 20 259 3 0000 4 0075 5 0000 6 000 0 7 00 0 0 8 4 9 0 0 333 10 317 58 003 6 000 0 7 0000 
14-SEP-2015 12 48110 2 1 4 95 8 23 02 10 255 20 239 3 0000 4 0093 5 0000 6 000 0 7 51 5 5 8 6 3 2 / 333 10 300 59 008 6 007 2 7 0000 
14-SEP-2015 12 48112 2 1 4 96 8 27 08 10 235 20 235 3 0000 4 0102 5 0000 6 000 0 7 51 6 5 8 6 7 7 / 333 10 285 58 001 6 056 2 7 0000 
