150300 48001 32556 20901 10236 20174 40144 82200 333 56600 58000=
150300 48004 32562 30401 10270 20191 83800 333 56500=
150300 48008 31556 30000 10276 20203 40131 70544 82430 333 56450 59014=
150300 48010 32540 30000 10265 20215 40127 81101 333 56505 59016=
150300 48018 31958 01401 10282 20203 40127 71044 333 59023=
150300 48019 32960 03201 10285 20203 40124 333 59018=
150300 48020 22357 63602 10280 20233 84402 333 56505=
150300 48025 31440 63601 10290 20196 40129 70544 84841 333 56599 59014=
150300 48030 21150 32201 10150 20134 70144 81240 333 56560=
150300 48031 31960 31401 10220 20156 70544 80002 333 56004=
150300 48033 32562 42201 10310 20225 40106 84800 333 56900 59013=
150300 48034 32456 10000 10227 20181 81500 333 56500=
150300 48035 31920 00000 10256 20179 40115 70411 333 59031=
150300 48037 31540 23601 10310 20203 40108 70411 80030 333 56090 59024=
150300 48039 32959 30000 10310 20203 80002 333 56009=
150300 48042 32556 21302 10340 20206 40110 81102 333 56909 59029=
150300 48043 32057 21802 10250 20186 80030 333 56090=
150300 48045 22562 31402 10245 20105 82301 333 56509=
150300 48048 32560 32201 10312 20203 40123 83800 333 56900 59013=
150300 48051 32959 63602 10291 20220 83230 333 56550=
150300 48052 32460 22201 10308 20225 82200 333 56900=
150300 48053 32556 21802 10310 20254 40126 81506 333 56509 59012=
150300 48055 31956 23601 10261 20177 40129 70511 80001 333 56009 59019=
150300 48057 32457 21802 10222 20173 82800 333 56900=
150300 48060 32440 40000 10250 20167 40129 81130 333 56560 59017=
150300 48062 32456 60401 10280 20250 40131 82940 333 56990 59003=
150300 48064 32960 00401 10330 20244 40105 333 59014=
150300 48065 32968 00000 10342 20206=
150300 48071 32458 30502 10303 20253 40136 83800 333 56700 58003=
150300 48072 32459 40402 10310 20254 83830 333 56790=
150300 48074 31458 21401 10300 20207 40144 70500 82100 333 56400 59004=
150300 48075 32457 12701 10260 20220 40134 81100 333 56500 59027=
150300 48077 32559 20000 10312 20225 40117 81201 333 56909 59017=
150300 48078 32957 11801 10328 20212 40129 80001 333 56009 59015=
150300 48080 32959 03204 10303 20266 40136 333 59009=
150300 48085 32458 53204 10308 20253 40125 83836 333 56999 59011=
150300 48087 32560 30000 10320 20236 82840 333 56990=
150300 48092 31950 20903 10332 20234 40109 70511 80001 333 56009 59007=
150300 48093 32657 31401 10317 20248 82801 333 56509=
150300 48094 32559 33201 10315 20250 40123 82540 333 56990 59010=
150300 48095 32958 20401 10320 20236 80002 333 56009=
150300 48097 32557 42302 10320 20248 40142 82501 333 56909 59001=
150300 48099 32456 42302 10305 20207 40127 82802 333 56509 59006=
150300 48101 32959 20000 10302 20239 80002 333 56009=
150300 48103 32456 50401 10302 20223 40134 85700 333 56100 59001=
150300 48107 31350 41301 10290 20259 40122 70144 84900 333 56300 58001=
150300 48108 32596 53201 10290 20179 40136 82406 333 56909 59001=
150300 48109 22497 40401 10304 20266 40121 84900 333 56900 59016=
150300 48110 31596 31302 10310 20237 40128 70522 81305 333 56909 59005=
150300 48112 21597 80401 10261 20246 40122 75055 84876 333 56199 59008=  48001 32556 20901 10236 20174 40144 82200 333 56600 58000=
150300 48004 32562 30401 10270 20191 83800 333 56500=
150300 48008 31556 30000 10276 20203 40131 70544 82430 333 56450 59014=
150300 48010 32540 30000 10265 20215 40127 81101 333 56505 59016=
150300 48018 31958 01401 10282 20203 40127 71044 333 59023=
150300 48019 32960 03201 10285 20203 40124 333 59018=
150300 48020 22357 63602 10280 20233 84402 333 56505=
150300 48025 31440 63601 10290 20196 40129 70544 84841 333 56599 59014=
150300 48030 21150 32201 10150 20134 70144 81240 333 56560=
150300 48031 31960 31401 10220 20156 70544 80002 333 56004=
150300 48033 32562 42201 10310 20225 40106 84800 333 56900 59013=
150300 48034 32456 10000 10227 20181 81500 333 56500=
150300 48035 31920 00000 10256 20179 40115 70411 333 59031=
150300 48037 31540 23601 10310 20203 40108 70411 80030 333 56090 59024=
150300 48039 32959 30000 10310 20203 80002 333 56009=
150300 48042 32556 21302 10340 20206 40110 81102 333 56909 59029=
150300 48043 32057 21802 10250 20186 80030 333 56090=
150300 48045 22562 31402 10245 20105 82301 333 56509=
150300 48048 32560 32201 10312 20203 40123 83800 333 56900 59013=
150300 48051 32959 63602 10291 20220 83230 333 56550=
150300 48052 32460 22201 10308 20225 82200 333 56900=
150300 48053 32556 21802 10310 20254 40126 81506 333 56509 59012=
150300 48055 31956 23601 10261 20177 40129 70511 80001 333 56009 59019=
150300 48057 32457 21802 10222 20173 82800 333 56900=
150300 48060 32440 40000 10250 20167 40129 81130 333 56560 59017=
150300 48062 32456 60401 10280 20250 40131 82940 333 56990 59003=
150300 48064 32960 00401 10330 20244 40105 333 59014=
150300 48065 32968 00000 10342 20206=
150300 48071 32458 30502 10303 20253 40136 83800 333 56700 58003=
150300 48072 32459 40402 10310 20254 83830 333 56790=
150300 48074 31458 21401 10300 20207 40144 70500 82100 333 56400 59004=
150300 48075 32457 12701 10260 20220 40134 81100 333 56500 59027=
150300 48077 32559 20000 10312 20225 40117 81201 333 56909 59017=
150300 48078 32957 11801 10328 20212 40129 80001 333 56009 59015=
150300 48080 32959 03204 10303 20266 40136 333 59009=
150300 48085 32458 53204 10308 20253 40125 83836 333 56999 59011=
150300 48087 32560 30000 10320 20236 82840 333 56990=
150300 48092 31950 20903 10332 20234 40109 70511 80001 333 56009 59007=
150300 48093 32657 31401 10317 20248 82801 333 56509=
150300 48094 32559 33201 10315 20250 40123 82540 333 56990 59010=
150300 48095 32958 20401 10320 20236 80002 333 56009=
150300 48097 32557 42302 10320 20248 40142 82501 333 56909 59001=
150300 48099 32456 42302 10305 20207 40127 82802 333 56509 59006=
150300 48101 32959 20000 10302 20239 80002 333 56009=
150300 48103 32456 50401 10302 20223 40134 85700 333 56100 59001=
150300 48107 31350 41301 10290 20259 40122 70144 84900 333 56300 58001=
150300 48108 32596 53201 10290 20179 40136 82406 333 56909 59001=
150300 48109 22497 40401 10304 20266 40121 84900 333 56900 59016=
150300 48110 31596 31302 10310 20237 40128 70522 81305 333 56909 59005=
150300 48112 21597 80401 10261 20246 40122 75055 84876 333 56199 59008=  
