15-APR-2015 03 48001 3 2 5 56 2 09 01 10 236 20 174 3 0000 4 0144 5 0000 6 000 0 7 00 0 0 8 2 2 0 0 333 10 /// 58 000 6 000 0 7 0000 
15-APR-2015 03 48004 3 2 5 62 3 04 01 10 270 20 191 3 0000 4 0000 5 0000 6 000 0 7 00 0 0 8 3 8 0 0 333 10 /// 58 000 6 000 0 7 0000 
15-APR-2015 03 48008 3 1 5 56 3 00 00 10 276 20 203 3 0000 4 0131 5 0000 6 000 0 7 05 4 4 8 2 4 3 0 333 10 /// 59 014 6 000 0 7 0000 
15-APR-2015 03 48010 3 2 5 40 3 00 00 10 265 20 215 3 0000 4 0127 5 0000 6 000 0 7 00 0 0 8 1 1 0 1 333 10 /// 59 016 6 000 0 7 0000 
15-APR-2015 03 48018 3 1 9 58 0 14 01 10 282 20 203 3 0000 4 0127 5 0000 6 000 0 7 10 4 4 8 0 0 0 0 333 10 /// 59 023 6 000 0 7 0000 
15-APR-2015 03 48019 3 2 9 60 0 32 01 10 285 20 203 3 0000 4 0124 5 0000 6 000 0 7 00 0 0 8 0 0 0 0 333 10 /// 59 018 6 000 0 7 0000 
15-APR-2015 03 48020 2 2 3 57 6 36 02 10 280 20 233 3 0000 4 0000 5 0000 6 000 0 7 00 0 0 8 4 4 0 2 333 10 /// 58 000 6 000 0 7 0000 
15-APR-2015 03 48025 3 1 4 40 6 36 01 10 290 20 196 3 0000 4 0129 5 0000 6 000 0 7 05 4 4 8 4 8 4 1 333 10 /// 59 014 6 000 0 7 0000 
15-APR-2015 03 48030 2 1 1 50 3 22 01 10 150 20 134 3 0000 4 0000 5 0000 6 000 0 7 01 4 4 8 1 2 4 0 333 10 /// 58 000 6 000 0 7 0000 
15-APR-2015 03 48031 3 1 9 60 3 14 01 10 220 20 156 3 0000 4 0000 5 0000 6 000 0 7 05 4 4 8 0 0 0 2 333 10 /// 58 000 6 000 0 7 0000 
15-APR-2015 03 48033 3 2 5 62 4 22 01 10 310 20 225 3 0000 4 0106 5 0000 6 000 0 7 00 0 0 8 4 8 0 0 333 10 /// 59 013 6 000 0 7 0000 
15-APR-2015 03 48034 3 2 4 56 1 00 00 10 227 20 181 3 0000 4 0000 5 0000 6 000 0 7 00 0 0 8 1 5 0 0 333 10 /// 58 000 6 000 0 7 0000 
15-APR-2015 03 48035 3 1 9 20 0 00 00 10 256 20 179 3 0000 4 0115 5 0000 6 000 0 7 04 1 1 8 0 0 0 0 333 10 /// 59 031 6 000 0 7 0000 
15-APR-2015 03 48037 3 1 5 40 2 36 01 10 310 20 203 3 0000 4 0108 5 0000 6 000 0 7 04 1 1 8 0 0 3 0 333 10 /// 59 024 6 000 0 7 0000 
15-APR-2015 03 48039 3 2 9 59 3 00 00 10 310 20 203 3 0000 4 0000 5 0000 6 000 0 7 00 0 0 8 0 0 0 2 333 10 /// 58 000 6 000 0 7 0000 
15-APR-2015 03 48042 3 2 5 56 2 13 02 10 340 20 206 3 0000 4 0110 5 0000 6 000 0 7 00 0 0 8 1 1 0 2 333 10 /// 59 029 6 000 0 7 0000 
15-APR-2015 03 48043 3 2 0 57 2 18 02 10 250 20 186 3 0000 4 0000 5 0000 6 000 0 7 00 0 0 8 0 0 3 0 333 10 /// 58 000 6 000 0 7 0000 
15-APR-2015 03 48045 2 2 5 62 3 14 02 10 245 20 105 3 0000 4 0000 5 0000 6 000 0 7 00 0 0 8 2 3 0 1 333 10 /// 58 000 6 000 0 7 0000 
15-APR-2015 03 48048 3 2 5 60 3 22 01 10 312 20 203 3 0000 4 0123 5 0000 6 000 0 7 00 0 0 8 3 8 0 0 333 10 /// 59 013 6 000 0 7 0000 
15-APR-2015 03 48051 3 2 9 59 6 36 02 10 291 20 220 3 0000 4 0000 5 0000 6 000 0 7 00 0 0 8 3 2 3 0 333 10 /// 58 000 6 000 0 7 0000 
15-APR-2015 03 48052 3 2 4 60 2 22 01 10 308 20 225 3 0000 4 0000 5 0000 6 000 0 7 00 0 0 8 2 2 0 0 333 10 /// 58 000 6 000 0 7 0000 
15-APR-2015 03 48053 3 2 5 56 2 18 02 10 310 20 254 3 0000 4 0126 5 0000 6 000 0 7 00 0 0 8 1 5 0 6 333 10 /// 59 012 6 000 0 7 0000 
15-APR-2015 03 48055 3 1 9 56 2 36 01 10 261 20 177 3 0000 4 0129 5 0000 6 000 0 7 05 1 1 8 0 0 0 1 333 10 /// 59 019 6 000 0 7 0000 
15-APR-2015 03 48057 3 2 4 57 2 18 02 10 222 20 173 3 0000 4 0000 5 0000 6 000 0 7 00 0 0 8 2 8 0 0 333 10 /// 58 000 6 000 0 7 0000 
15-APR-2015 03 48060 3 2 4 40 4 00 00 10 250 20 167 3 0000 4 0129 5 0000 6 000 0 7 00 0 0 8 1 1 3 0 333 10 /// 59 017 6 000 0 7 0000 
15-APR-2015 03 48062 3 2 4 56 6 04 01 10 280 20 250 3 0000 4 0131 5 0000 6 000 0 7 00 0 0 8 2 9 4 0 333 10 /// 59 003 6 000 0 7 0000 
15-APR-2015 03 48064 3 2 9 60 0 04 01 10 330 20 244 3 0000 4 0105 5 0000 6 000 0 7 00 0 0 8 0 0 0 0 333 10 /// 59 014 6 000 0 7 0000 
15-APR-2015 03 48065 3 2 9 68 0 00 00 10 342 20 206 3 0000 4 0000 5 0000 6 000 0 7 00 0 0 8 0 0 0 0 333 10 /// 58 000 6 000 0 7 0000 
15-APR-2015 03 48071 3 2 4 58 3 05 02 10 303 20 253 3 0000 4 0136 5 0000 6 000 0 7 00 0 0 8 3 8 0 0 333 10 /// 58 003 6 000 0 7 0000 
15-APR-2015 03 48072 3 2 4 59 4 04 02 10 310 20 254 3 0000 4 0000 5 0000 6 000 0 7 00 0 0 8 3 8 3 0 333 10 /// 58 000 6 000 0 7 0000 
15-APR-2015 03 48074 3 1 4 58 2 14 01 10 300 20 207 3 0000 4 0144 5 0000 6 000 0 7 05 0 0 8 2 1 0 0 333 10 /// 59 004 6 000 0 7 0000 
15-APR-2015 03 48075 3 2 4 57 1 27 01 10 260 20 220 3 0000 4 0134 5 0000 6 000 0 7 00 0 0 8 1 1 0 0 333 10 /// 59 027 6 000 0 7 0000 
15-APR-2015 03 48077 3 2 5 59 2 00 00 10 312 20 225 3 0000 4 0117 5 0000 6 000 0 7 00 0 0 8 1 2 0 1 333 10 /// 59 017 6 000 0 7 0000 
15-APR-2015 03 48078 3 2 9 57 1 18 01 10 328 20 212 3 0000 4 0129 5 0000 6 000 0 7 00 0 0 8 0 0 0 1 333 10 /// 59 015 6 000 0 7 0000 
15-APR-2015 03 48080 3 2 9 59 0 32 04 10 303 20 266 3 0000 4 0136 5 0000 6 000 0 7 00 0 0 8 0 0 0 0 333 10 /// 59 009 6 000 0 7 0000 
15-APR-2015 03 48085 3 2 4 58 5 32 04 10 308 20 253 3 0000 4 0125 5 0000 6 000 0 7 00 0 0 8 3 8 3 6 333 10 /// 59 011 6 000 0 7 0000 
15-APR-2015 03 48087 3 2 5 60 3 00 00 10 320 20 236 3 0000 4 0000 5 0000 6 000 0 7 00 0 0 8 2 8 4 0 333 10 /// 58 000 6 000 0 7 0000 
15-APR-2015 03 48092 3 1 9 50 2 09 03 10 332 20 234 3 0000 4 0109 5 0000 6 000 0 7 05 1 1 8 0 0 0 1 333 10 /// 59 007 6 000 0 7 0000 
15-APR-2015 03 48093 3 2 6 57 3 14 01 10 317 20 248 3 0000 4 0000 5 0000 6 000 0 7 00 0 0 8 2 8 0 1 333 10 /// 58 000 6 000 0 7 0000 
15-APR-2015 03 48094 3 2 5 59 3 32 01 10 315 20 250 3 0000 4 0123 5 0000 6 000 0 7 00 0 0 8 2 5 4 0 333 10 /// 59 010 6 000 0 7 0000 
15-APR-2015 03 48095 3 2 9 58 2 04 01 10 320 20 236 3 0000 4 0000 5 0000 6 000 0 7 00 0 0 8 0 0 0 2 333 10 /// 58 000 6 000 0 7 0000 
15-APR-2015 03 48097 3 2 5 57 4 23 02 10 320 20 248 3 0000 4 0142 5 0000 6 000 0 7 00 0 0 8 2 5 0 1 333 10 /// 59 001 6 000 0 7 0000 
15-APR-2015 03 48099 3 2 4 56 4 23 02 10 305 20 207 3 0000 4 0127 5 0000 6 000 0 7 00 0 0 8 2 8 0 2 333 10 /// 59 006 6 000 0 7 0000 
15-APR-2015 03 48101 3 2 9 59 2 00 00 10 302 20 239 3 0000 4 0000 5 0000 6 000 0 7 00 0 0 8 0 0 0 2 333 10 /// 58 000 6 000 0 7 0000 
15-APR-2015 03 48103 3 2 4 56 5 04 01 10 302 20 223 3 0000 4 0134 5 0000 6 000 0 7 00 0 0 8 5 7 0 0 333 10 /// 59 001 6 000 0 7 0000 
15-APR-2015 03 48107 3 1 3 50 4 13 01 10 290 20 259 3 0000 4 0122 5 0000 6 000 0 7 01 4 4 8 4 9 0 0 333 10 /// 58 001 6 000 0 7 0000 
15-APR-2015 03 48108 3 2 5 96 5 32 01 10 290 20 179 3 0000 4 0136 5 0000 6 000 0 7 00 0 0 8 2 4 0 6 333 10 /// 59 001 6 000 0 7 0000 
15-APR-2015 03 48109 2 2 4 97 4 04 01 10 304 20 266 3 0000 4 0121 5 0000 6 000 0 7 00 0 0 8 4 9 0 0 333 10 /// 59 016 6 000 0 7 0000 
15-APR-2015 03 48110 3 1 5 96 3 13 02 10 310 20 237 3 0000 4 0128 5 0000 6 000 0 7 05 2 2 8 1 3 0 5 333 10 /// 59 005 6 000 0 7 0000 
15-APR-2015 03 48112 2 1 5 97 8 04 01 10 261 20 246 3 0000 4 0122 5 0000 6 000 0 7 50 5 5 8 4 8 7 6 333 10 /// 59 008 6 000 0 7 0000 
