150600 48008 31556 52301 10342 20184 40111 70544 82431 333 56456 59021=
150600 48010 32560 31801 10335 20225 40111 81101 333 56909 59009=
150600 48018 31958 01401 10350 20202 40128 71044 333 59015=
150600 48019 32960 03202 10345 20225 40113 333 59013=
150600 48020 32458 20403 10340 20257 82800 333 56500=
150600 48025 31440 20401 10362 20195 40115 70544 82500 333 56900 59008=
150600 48030 32256 40402 10234 20143 84900 333 56100=
150600 48031 31260 51801 10270 20113 70544 84802 333 56409=
150600 48033 32963 00000 10360 20278 40100 333 59016=
150600 48034 32456 60401 10280 20152 86300 333 56500=
150600 48035 31520 33203 10321 20140 40081 70400 83800 333 56900 59049=
150600 48037 32556 33601 10388 20213 40117 83800 333 56600 59013=
150600 48039 32859 31401 10369 20207 80002 333 56009=
150600 48042 32557 21802 10386 20213 40091 81202 333 56909 59035=
150600 48043 32757 61805 10295 20149 84830 333 56990=
150600 48045 32562 70402 10265 20133 83340 333 56550=
150600 48048 32560 20401 10380 20203 40109 82800 333 56900 59015=
150600 48051 32559 43101 10357 20250 82231 333 56599=
150600 48052 32968 12201 10372 20207 80001 333 56009=
150600 48053 32556 21804 10380 20300 40107 81506 333 56509 59012=
150600 48055 32556 63603 10307 20189 40092 86900 333 56400 59016=
150600 48057 32460 32702 10270 20172 83300 333 56300=
150600 48060 32440 20000 10317 20184 40090 82100 333 56500 59025=
150600 48062 32558 62706 10300 20290 40125 84930 333 56690 58001=
150600 48064 32970 20901 10393 20253 40098 80001 333 56009 59007=
150600 48065 32970 10000 10390 20198 80001 333 56009=
150600 48071 32960 03204 10335 20270 40124 333 59005=
150600 48072 32460 43203 10310 20267 82830 333 56790=
150600 48074 31959 03203 10350 20219 40110 70500 333 59015=
150600 48075 32457 52301 10310 20200 40101 85300 333 56300 59015=
150600 48077 32559 20000 10380 20221 40104 81201 333 56909 59006=
150600 48078 32558 32301 10380 20221 40106 82201 333 56909 59015=
150600 48080 32459 53205 10355 20278 40124 83970 333 56690 59004=
150600 48085 32458 23207 10338 20258 40117 82800 333 56900 59004=
150600 48087 32560 40402 10370 20207 84800 333 56900=
150600 48092 32558 21305 10380 20221 40085 81101 333 56309 59016=
150600 48093 32658 41401 10372 20274 83801 333 56309=
150600 48094 32460 33201 10380 20240 40111 83900 333 56900 59012=
150600 48097 32557 21401 10375 20256 40119 81501 333 56909 59019=
150600 48099 32557 62303 10350 20202 40108 84802 333 56509 59009=
150600 48101 32660 22301 10350 20202 81101 333 56909=
150600 48103 32557 32201 10366 20190 40114 83500 333 56500 59000=
150600 48107 32950 22302 10368 20207 40107 80006 333 56009 59005=
150600 48108 32596 41405 10370 20198 40113 82406 333 56909 59010=
150600 48110 31596 62303 10350 20219 40115 70522 82306 333 56909 59002=
