15-AUG-2015 06 48004 2 2 3 56 7 22 01 10 290 20 274 3 0000 4 0000 5 0000 6 000 0 7 00 0 0 8 7 8 0 0 333 10 /// 58 000 6 000 0 7 0000 
15-AUG-2015 06 48008 2 1 4 56 8 00 00 10 272 20 268 3 0000 4 0061 5 0000 6 000 0 7 61 6 6 8 4 9 7 / 333 10 /// 59 014 6 000 0 7 0000 
15-AUG-2015 06 48010 3 2 4 57 7 00 00 10 290 20 274 3 0000 4 0062 5 0000 6 000 0 7 00 0 0 8 5 8 3 0 333 10 /// 58 013 6 000 0 7 0000 
15-AUG-2015 06 48018 3 2 5 57 8 00 00 10 286 20 250 3 0000 4 0079 5 0000 6 000 0 7 00 0 0 8 4 9 7 / 333 10 /// 58 014 6 000 0 7 0000 
15-AUG-2015 06 48020 3 2 2 56 7 36 02 10 320 20 281 3 0000 4 0000 5 0000 6 000 0 7 00 0 0 8 7 7 0 0 333 10 /// 58 000 6 000 0 7 0000 
15-AUG-2015 06 48025 3 2 3 40 8 04 01 10 310 20 267 3 0000 4 0070 5 0000 6 000 0 7 00 0 0 8 5 8 7 / 333 10 /// 58 006 6 000 0 7 0000 
15-AUG-2015 06 48030 3 2 2 56 8 22 02 10 206 20 181 3 0000 4 0000 5 0000 6 000 0 7 00 0 0 8 6 8 4 / 333 10 /// 58 000 6 000 0 7 0000 
15-AUG-2015 06 48031 3 2 2 56 6 36 01 10 235 20 209 3 0000 4 0000 5 0000 6 000 0 7 00 0 0 8 6 8 0 0 333 10 /// 58 000 6 000 0 7 0000 
15-AUG-2015 06 48033 3 2 5 62 7 18 02 10 290 20 259 3 0000 4 0081 5 0000 6 000 0 7 00 0 0 8 5 9 7 0 333 10 /// 58 009 6 000 0 7 0000 
15-AUG-2015 06 48034 2 1 2 48 8 23 01 10 210 20 210 3 0000 4 0000 5 0000 6 000 0 7 50 5 5 8 6 9 2 / 333 10 /// 58 000 6 000 0 7 0000 
15-AUG-2015 06 48035 3 2 5 60 8 22 04 10 281 20 220 3 0000 4 0056 5 0000 6 000 0 7 00 0 0 8 5 9 7 / 333 10 /// 58 015 6 000 0 7 0000 
15-AUG-2015 06 48037 3 2 5 60 7 18 02 10 330 20 258 3 0000 4 0065 5 0000 6 000 0 7 00 0 0 8 3 4 3 9 333 10 /// 58 020 6 000 0 7 0000 
15-AUG-2015 06 48039 3 2 4 60 6 14 01 10 300 20 239 3 0000 4 0000 5 0000 6 000 0 7 00 0 0 8 4 9 6 0 333 10 /// 58 000 6 000 0 7 0000 
15-AUG-2015 06 48042 3 2 5 58 7 18 05 10 315 20 242 3 0000 4 0073 5 0000 6 000 0 7 00 0 0 8 4 8 7 0 333 10 /// 58 022 6 000 0 7 0000 
15-AUG-2015 06 48043 3 2 5 56 8 23 07 10 250 20 219 3 0000 4 0000 5 0000 6 000 0 7 00 0 0 8 5 8 7 / 333 10 /// 58 000 6 000 0 7 0000 
15-AUG-2015 06 48045 3 2 5 56 7 18 09 10 255 20 209 3 0000 4 0000 5 0000 6 000 0 7 00 0 0 8 6 3 3 0 333 10 /// 58 000 6 000 0 7 0000 
15-AUG-2015 06 48048 3 2 5 60 6 18 02 10 337 20 225 3 0000 4 0068 5 0000 6 000 0 7 00 0 0 8 4 8 5 0 333 10 /// 58 010 6 000 0 7 0000 
15-AUG-2015 06 48051 3 1 5 56 8 36 01 10 272 20 260 3 0000 4 0000 5 0000 6 000 0 7 50 5 5 8 6 9 7 0 333 10 /// 58 000 6 000 0 7 0000 
15-AUG-2015 06 48052 3 2 4 68 4 13 01 10 335 20 240 3 0000 4 0000 5 0000 6 000 0 7 00 0 0 8 4 8 0 0 333 10 /// 58 000 6 000 0 7 0000 
15-AUG-2015 06 48053 3 2 4 56 7 18 03 10 300 20 239 3 0000 4 0084 5 0000 6 000 0 7 00 0 0 8 4 8 5 6 333 10 /// 58 012 6 000 0 7 0000 
15-AUG-2015 06 48055 3 2 4 56 8 23 04 10 255 20 217 3 0000 4 0070 5 0000 6 000 0 7 00 0 0 8 5 9 7 / 333 10 /// 58 019 6 000 0 7 0000 
15-AUG-2015 06 48057 3 2 4 58 7 22 02 10 212 20 195 3 0000 4 0000 5 0000 6 000 0 7 00 0 0 8 5 9 5 0 333 10 /// 58 000 6 000 0 7 0000 
15-AUG-2015 06 48060 2 1 3 30 8 00 00 10 240 20 233 3 0000 4 0064 5 0000 6 000 0 7 50 5 5 8 5 8 7 / 333 10 /// 58 036 6 000 0 7 0000 
15-AUG-2015 06 48062 3 2 4 58 8 13 03 10 290 20 270 3 0000 4 0100 5 0000 6 000 0 7 00 0 0 8 4 9 7 0 333 10 /// 58 019 6 000 0 7 0000 
15-AUG-2015 06 48064 3 2 5 60 6 32 01 10 328 20 275 3 0000 4 0065 5 0000 6 000 0 7 00 0 0 8 4 8 3 1 333 10 /// 58 017 6 000 0 7 0000 
15-AUG-2015 06 48065 3 2 5 58 7 00 00 10 326 20 267 3 0000 4 0000 5 0000 6 000 0 7 00 0 0 8 3 8 7 0 333 10 /// 58 000 6 000 0 7 0000 
15-AUG-2015 06 48071 2 1 4 58 8 23 02 10 253 20 253 3 0000 4 0101 5 0000 6 000 0 7 63 6 5 8 5 9 7 / 333 10 /// 58 020 6 000 0 7 0000 
15-AUG-2015 06 48072 3 2 4 59 8 27 02 10 265 20 260 3 0000 4 0000 5 0000 6 000 0 7 03 5 5 8 6 9 7 0 333 10 /// 58 000 6 000 0 7 0000 
15-AUG-2015 06 48074 3 2 4 59 7 23 03 10 290 20 259 3 0000 4 0102 5 0000 6 000 0 7 00 0 0 8 4 8 7 0 333 10 /// 58 020 6 000 0 7 0000 
15-AUG-2015 06 48075 3 2 4 56 6 00 00 10 260 20 229 3 0000 4 0110 5 0000 6 000 0 7 00 0 0 8 4 3 3 0 333 10 /// 58 027 6 000 0 7 0000 
15-AUG-2015 06 48077 3 2 5 59 8 23 01 10 310 20 267 3 0000 4 0090 5 0000 6 000 0 7 00 0 0 8 5 9 7 0 333 10 /// 58 026 6 000 0 7 0000 
15-AUG-2015 06 48078 2 1 5 56 8 18 01 10 282 20 259 3 0000 4 0108 5 0000 6 000 0 7 02 5 5 8 5 8 7 / 333 10 /// 58 022 6 000 0 7 0000 
15-AUG-2015 06 48080 2 1 4 59 8 04 01 10 290 20 274 3 0000 4 0111 5 0000 6 000 0 7 51 6 5 8 5 7 2 0 333 10 /// 58 027 6 000 0 7 0000 
15-AUG-2015 06 48085 2 1 4 58 6 04 01 10 268 20 246 3 0000 4 0106 5 0000 6 000 0 7 50 6 5 8 5 9 7 0 333 10 /// 58 015 6 000 0 7 0000 
15-AUG-2015 06 48087 2 1 4 56 8 00 00 10 290 20 274 3 0000 4 0000 5 0000 6 000 0 7 21 6 5 8 5 9 7 / 333 10 /// 58 000 6 000 0 7 0000 
15-AUG-2015 06 48092 3 2 4 57 7 18 03 10 310 20 260 3 0000 4 0092 5 0000 6 000 0 7 00 0 0 8 5 3 7 0 333 10 /// 58 025 6 000 0 7 0000 
15-AUG-2015 06 48093 3 2 5 58 8 27 01 10 302 20 253 3 0000 4 0000 5 0000 6 000 0 7 00 0 0 8 6 3 4 1 333 10 /// 58 000 6 000 0 7 0000 
15-AUG-2015 06 48094 3 2 4 60 6 22 02 10 295 20 260 3 0000 4 0096 5 0000 6 000 0 7 00 0 0 8 4 9 7 0 333 10 /// 58 010 6 000 0 7 0000 
15-AUG-2015 06 48095 2 1 4 58 7 00 00 10 290 20 290 3 0000 4 0000 5 0000 6 000 0 7 21 2 2 8 4 8 4 0 333 10 /// 58 000 6 000 0 7 0000 
15-AUG-2015 06 48097 2 1 5 57 8 23 02 10 270 20 270 3 0000 4 0111 5 0000 6 000 0 7 60 6 5 8 6 3 7 / 333 10 /// 58 008 6 000 0 7 0000 
15-AUG-2015 06 48099 3 2 4 50 7 13 03 10 305 20 253 3 0000 4 0100 5 0000 6 000 0 7 00 0 0 8 5 9 3 0 333 10 /// 58 006 6 000 0 7 0000 
15-AUG-2015 06 48101 2 1 4 57 8 23 01 10 290 20 248 3 0000 4 0000 5 0000 6 000 0 7 50 2 2 8 5 9 7 / 333 10 /// 58 000 6 000 0 7 0000 
15-AUG-2015 06 48103 3 2 4 57 6 14 03 10 308 20 254 3 0000 4 0102 5 0000 6 000 0 7 00 0 0 8 4 7 3 0 333 10 /// 58 008 6 000 0 7 0000 
15-AUG-2015 06 48107 3 2 3 50 2 23 01 10 314 20 254 3 0000 4 0098 5 0000 6 000 0 7 00 0 0 8 3 9 0 0 333 10 /// 59 000 6 000 0 7 0000 
15-AUG-2015 06 48108 3 2 5 95 8 23 02 10 310 20 250 3 0000 4 0113 5 0000 6 000 0 7 00 0 0 8 4 3 7 6 333 10 /// 58 006 6 000 0 7 0000 
15-AUG-2015 06 48109 3 2 4 97 4 00 00 10 295 20 253 3 0000 4 0103 5 0000 6 000 0 7 00 0 0 8 4 9 0 0 333 10 /// 58 005 6 000 0 7 0000 
15-AUG-2015 06 48110 3 2 5 96 7 08 02 10 335 20 264 3 0000 4 0112 5 0000 6 000 0 7 00 0 0 8 3 3 0 6 333 10 /// 58 010 6 000 0 7 0000 
15-AUG-2015 06 48112 3 2 5 98 8 27 01 10 325 20 265 3 0000 4 0116 5 0000 6 000 0 7 00 0 0 8 2 2 1 6 333 10 /// 58 008 6 000 0 7 0000 
