150300 48001 21220 80000 10250 20246 40052 75055 8672/ 333 56459 59012=
150300 48004 21110 80401 10262 20262 75052 8697/ 333 56559=
150300 48008 31456 80000 10250 20245 40068 76366 8497/ 333 56459 58005=
150300 48010 21440 80000 10270 20270 40067 8577/ 333 56559 58013=
150300 48018 32557 71401 10283 20250 40073 84870 333 56450 58006=
150300 48019 22456 80000 10275 20256 40057 8577/ 333 56569 59008=
150300 48020 32256 63602 10290 20270 88700 333 56400=
150300 48025 22110 80000 10282 20268 40070 8572/ 333 56459 58004=
150300 48035 32560 82205 10266 20226 40059 8597/ 333 56439 59012=
150300 48037 32558 61802 10290 20248 40070 82430 333 56440 58016=
150300 48042 32558 72204 10290 20248 40081 84850 333 56440 58012=
150300 48045 32556 72203 10225 20163 86330 333 56560=
150300 48048 32560 51801 10297 20239 40072 84850 333 56490 58008=
150300 48051 21558 81301 10266 20260 70252 86970 333 56390=
150300 48053 32450 81802 10270 20240 40097 8555/ 333 56599 58005=
150300 48060 21320 80000 10230 20230 40076 76366 8577/ 333 5669/ 58032=
150300 48062 22456 81303 10265 20260 40095 70222 86970 333 56490 58023=
150300 48071 21458 82301 10263 20263 40099 75155 8597/ 333 5659/ 58016=
150300 48075 22456 80000 10240 20226 40109 70222 8697/ 333 5659/ 58011=
150300 48077 22559 82301 10286 20259 40097 85970 333 56490 58032=
150300 48080 21458 80401 10261 20260 40104 75065 85720 333 56590 58016=
150300 48085 22458 82202 10286 20266 40104 85870 333 56590 58014=
150300 48095 22558 62202 10280 20280 70122 83840 333 56990=
150300 48108 22596 72302 10290 20230 40113 84366 333 56499 58003=
150300 48109 32497 60000 10290 20259 40109 84970 333 56990 58011=
150300 48110 32596 71302 10295 20250 40114 83306 333 56909 58006=
150300 48112 32598 62201 10302 20253 40118 82216 333 56599 58008=
150300 48030 32250 82202 10194 20175 8697/ 333 56569=
150300 48072 21458 81301 10255 20246 70365 86970 333 5699/=
150300 48087 22450 80000 10278 20268 8537/ 333 5649/=
150300 48101 22557 70000 10283 20268 70122 84371 333 56599=
150300 48103 22456 51402 10298 20239 40109 85700 333 56300 58006=
150300 48057 22457 81802 10200 20200 86950 333 56390=
150300 48094 22457 62202 10275 20265 40106 70222 84970 333 56590 58018=
150300 48097 21557 81601 10285 20263 40115 70262 8485/ 333 5699/ 58008=
150300 48031 21257 80401 10200 20200 70144 888// 333 56499=
150300 48033 32562 72302 10270 20256 40079 85970 333 56490 58005=
150300 48034 21148 80000 10218 20218 75165 8692/ 333 5659/=
150300 48039 22459 81402 10279 20233 8596/ 333 56559=
150300 48043 32556 82307 10220 20220 8587/ 333 56599=
150300 48052 32458 42202 10300 20239 84800 333 56900=
150300 48055 22456 82302 10238 20218 40081 8597/ 333 5669/ 58012=
150300 48064 32458 63201 10293 20259 40069 84801 333 56409 58008=
150300 48065 32456 70402 10297 20253 83870 333 56990=
150300 48074 22358 81403 10260 20246 40122 8672/ 333 56449 58020=
150300 48092 22456 81301 10280 20274 40096 70222 8697/ 333 5649/ 58017=
150300 48093 21456 81401 10269 20256 70265 8634/ 333 56999=
150300 48107 32350 51301 10288 20259 40109 85900 333 56500 58005=  48078 21456 81802 10263 20256 40114 75055 8672/ 333 56499 58018=  
