151800 48008 31510 51401 10200 20168 40131 71044 82430 333 56430 58012=
151800 48010 21401 70000 10180 20165 40156 70155 84770 333 56760 58041=
151800 48018 32520 60000 10165 20144 40121 83870 333 56550 59008=
151800 48025 21405 60000 10210 20143 40154 75055 83870 333 56550 58026=
151800 48042 32950 00000 10196 20150 40122 333 58017=
151800 48053 32540 52701 10200 20130 40129 82556 333 56699 58001=
151800 48057 32939 01401 10104 20079 333=
151800 48060 32410 10000 10128 20113 40146 81100 333 56500 58009=
151800 48062 31540 20401 10220 20120 40147 71022 82500 333 56900 58029=
151800 48071 32920 00000 10230 20198 40140 333 58020=
151800 48080 31940 00000 10195 20175 40149 71000 333 58017=
151800 48094 32950 00000 10210 20200 40129 333 58006=
151800 48097 32556 21401 10200 20159 40135 82500 333 56900 58011=
151800 48099 32940 00000 10203 20185 40130 333 58009=
151800 48103 32510 10401 10202 20150 40115 81500 333 56100 58013=
151800 48108 31594 40501 10210 20175 40133 71011 82407 333 56909 58008=
151800 48109 32495 20000 10250 20205 40128 82500 333 56900 58011=
151800 48110 31993 20402 10250 20205 40127 70511 80005 333 56009 58014=
151800 48112 32597 40802 10262 20229 40110 83876 333 56199 58010=  
