48001 NIL=
48004 NIL=
48008 31550 40000 10117 20102 40141 71044 82430 333 20110 56560 58014=
48010 31210 30000 10130 20122 40127 74244 83600 333 20125 56800 59009=
48018 32930 00000 10125 20108 40127 333 20120 58015=
48019 32940 00000 10105 20100 40122 333 20102 58001=
48020 NIL=
48025 31110 53201 10160 20123 40122 74044 83840 333 20154 56590 58001=
48030 32950 02204 10025 20004 333 20014=
48031 31256 23201 10084 20035 70500 80002 333 20078 56009=
48033 32560 30000 10163 20144 40101 83500 333 20150 56600 59002=
48034 31948 00401 10055 20043 71000 333 20045=
48035 31/01 90000 10062 20060 40156 74744 333 20050 59023=
48037 32910 00000 10148 20111 40116 333 20140 58018=
48039 31450 30000 10152 20111 71011 81402 333 20151 56909=
48042 32956 00000 10150 20111 40114 333 20140 58008=
48043 32010 00000 10080 20055 333 20045=
48045 NIL=
48048 32940 00000 10132 20113 40118 333 20125 58004=
48051 31940 03602 10136 20120 71000 333 20125=
48052 32950 00401 10138 20107 333 20125=
48053 32950 00000 10140 20124 40117 333 20134 58005=
48055 31940 00000 10044 20041 40174 71000 333 20040 58010=
48057 31939 00000 10080 20055 71000 333 20070=
48060 32430 10000 10092 20068 40160 81100 333 20080 56500 58023=
48062 31430 40000 10160 20160 40116 74044 83830 333 20130 56990 59004=
48064 32950 01401 10158 20123 40090 333 20120 58000=
48065 32950 00000 10158 20134 333 20145=
48071 31940 00000 10180 20155 40118 74044 333 20170 59008=
48072 NIL=
48074 32450 11401 10180 20108 40120 81400 333 20156 56900 58004=
48075 31956 00000 10085 20085 40176 71022 333 20080 58011=
48077 31956 00000 10160 20144 40103 71000 333 20138 59010=
48078 32956 10000 10150 20111 40113 80001 333 20142 56009 59014=
48080 31908 00000 10130 20113 40129 74044 333 20125 58004=
48085 31930 01402 10142 20140 40106 74244 333 20140 59017=
48087 31930 20000 10120 20120 74244 80040 333 20114 56090=
48092 31910 00000 10150 20142 40096 71011 333 20135 59008=
48093 32930 00901 10167 20154 333 20166=
48094 31940 00000 10180 20170 40115 71000 333 20145 58000=
48095 NIL=
48097 31956 03601 10185 20178 40119 71000 333 20179 58002=
48099 31930 00000 10160 20144 40110 71044 333 20154 58000=
48101 31950 00000 10163 20163 74244 333 20137=
48103 32930 03201 10162 20144 40115 333 20148 59001=
48107 31930 03603 10140 20124 40119 74144 333 20127 58001=
48108 31593 60000 10140 20132 40120 74022 82406 333 20125 56909 59006=
48109 31496 20000 10203 20200 40121 71022 82500 333 20195 56900 59003=
48110 31992 41303 10210 20195 40116 74244 80006 333 20205 56009 59004=
48112 32597 80403 10242 20226 40112 83876 333 20198 56199 59020=  