15-FEB-2015 06 48004 3 2 5 60 3 13 01 10 234 20 143 3 0000 4 0000 5 0000 6 000 0 7 00 0 0 8 3 8 0 0 333 10 /// 58 000 6 000 0 7 0000 
15-FEB-2015 06 48008 3 2 5 57 3 04 01 10 232 20 124 3 0000 4 0145 5 0000 6 000 0 7 00 0 0 8 2 4 3 0 333 10 /// 58 009 6 000 0 7 0000 
15-FEB-2015 06 48010 3 1 5 60 1 00 00 10 245 20 136 3 0000 4 0135 5 0000 6 000 0 7 02 4 4 8 1 1 0 0 333 10 /// 59 010 6 000 0 7 0000 
15-FEB-2015 06 48018 3 2 5 60 3 04 02 10 245 20 126 3 0000 4 0146 5 0000 6 000 0 7 00 0 0 8 3 8 0 0 333 10 /// 58 021 6 000 0 7 0000 
15-FEB-2015 06 48019 3 2 9 60 0 04 01 10 235 20 124 3 0000 4 0137 5 0000 6 000 0 7 00 0 0 8 0 0 0 0 333 10 /// 58 003 6 000 0 7 0000 
15-FEB-2015 06 48020 3 2 4 57 2 36 03 10 230 20 163 3 0000 4 0000 5 0000 6 000 0 7 00 0 0 8 2 2 0 0 333 10 /// 58 000 6 000 0 7 0000 
15-FEB-2015 06 48025 3 1 4 40 1 04 01 10 253 20 068 3 0000 4 0150 5 0000 6 000 0 7 01 4 4 8 1 1 0 0 333 10 /// 58 019 6 000 0 7 0000 
15-FEB-2015 06 48030 3 2 2 56 6 04 02 10 136 20 056 3 0000 4 0000 5 0000 6 000 0 7 00 0 0 8 5 8 5 0 333 10 /// 58 000 6 000 0 7 0000 
15-FEB-2015 06 48031 3 1 2 57 4 14 02 10 170 20 044 3 0000 4 0000 5 0000 6 000 0 7 05 1 1 8 4 8 0 0 333 10 /// 58 000 6 000 0 7 0000 
15-FEB-2015 06 48033 3 2 9 63 0 36 01 10 280 20 146 3 0000 4 0121 5 0000 6 000 0 7 00 0 0 8 0 0 0 0 333 10 /// 59 010 6 000 0 7 0000 
15-FEB-2015 06 48034 3 2 4 57 2 18 02 10 228 20 045 3 0000 4 0000 5 0000 6 000 0 7 00 0 0 8 2 8 0 0 333 10 /// 58 000 6 000 0 7 0000 
15-FEB-2015 06 48035 3 1 5 60 2 12 02 10 221 20 087 3 0000 4 0123 5 0000 6 000 0 7 05 0 0 8 2 8 0 0 333 10 /// 58 021 6 000 0 7 0000 
15-FEB-2015 06 48037 3 2 9 60 0 33 01 10 275 20 203 3 0000 4 0133 5 0000 6 000 0 7 00 0 0 8 0 0 0 0 333 10 /// 58 011 6 000 0 7 0000 
15-FEB-2015 06 48039 3 1 9 56 2 18 02 10 260 20 119 3 0000 4 0000 5 0000 6 000 0 7 05 1 1 8 0 0 0 2 333 10 /// 58 000 6 000 0 7 0000 
15-FEB-2015 06 48042 3 1 9 56 0 22 01 10 283 20 126 3 0000 4 0128 5 0000 6 000 0 7 05 0 0 8 0 0 0 0 333 10 /// 58 021 6 000 0 7 0000 
15-FEB-2015 06 48043 3 2 6 57 2 18 02 10 205 20 072 3 0000 4 0000 5 0000 6 000 0 7 00 0 0 8 2 2 0 0 333 10 /// 58 000 6 000 0 7 0000 
15-FEB-2015 06 48045 3 2 5 60 3 14 05 10 198 20 060 3 0000 4 0000 5 0000 6 000 0 7 00 0 0 8 3 3 0 0 333 10 /// 58 000 6 000 0 7 0000 
15-FEB-2015 06 48048 3 2 9 60 0 04 01 10 275 20 146 3 0000 4 0135 5 0000 6 000 0 7 00 0 0 8 0 0 0 0 333 10 /// 58 003 6 000 0 7 0000 
15-FEB-2015 06 48051 3 2 9 59 0 31 03 10 273 20 150 3 0000 4 0000 5 0000 6 000 0 7 00 0 0 8 0 0 0 0 333 10 /// 58 000 6 000 0 7 0000 
15-FEB-2015 06 48052 3 2 9 70 0 04 03 10 280 20 126 3 0000 4 0000 5 0000 6 000 0 7 00 0 0 8 0 0 0 0 333 10 /// 58 000 6 000 0 7 0000 
15-FEB-2015 06 48053 3 1 9 50 0 18 01 10 280 20 146 3 0000 4 0141 5 0000 6 000 0 7 05 0 0 8 0 0 0 0 333 10 /// 58 029 6 000 0 7 0000 
15-FEB-2015 06 48055 3 1 5 56 2 14 06 10 236 20 130 3 0000 4 0112 5 0000 6 000 0 7 05 1 1 8 2 8 0 0 333 10 /// 58 023 6 000 0 7 0000 
15-FEB-2015 06 48057 3 2 4 58 1 22 02 10 200 20 060 3 0000 4 0000 5 0000 6 000 0 7 00 0 0 8 1 5 0 0 333 10 /// 58 000 6 000 0 7 0000 
15-FEB-2015 06 48060 3 2 4 40 1 00 00 10 222 20 087 3 0000 4 0117 5 0000 6 000 0 7 00 0 0 8 1 1 0 0 333 10 /// 58 037 6 000 0 7 0000 
15-FEB-2015 06 48062 3 2 5 57 6 12 03 10 170 20 147 3 0000 4 0000 5 0000 6 000 0 7 00 0 0 8 2 3 0 0 333 10 /// 58 003 6 000 0 7 0000 
15-FEB-2015 06 48064 3 2 9 70 0 14 01 10 288 20 179 3 0000 4 0109 5 0000 6 000 0 7 00 0 0 8 0 0 0 0 333 10 /// 58 001 6 000 0 7 0000 
15-FEB-2015 06 48065 3 2 9 70 0 04 03 10 288 20 140 3 0000 4 0000 5 0000 6 000 0 7 00 0 0 8 0 0 0 0 333 10 /// 58 000 6 000 0 7 0000 
15-FEB-2015 06 48071 3 2 9 60 0 32 03 10 255 20 215 3 0000 4 0140 5 0000 6 000 0 7 00 0 0 8 0 0 0 0 333 10 /// 58 000 6 000 0 7 0000 
15-FEB-2015 06 48072 3 2 5 60 1 04 02 10 280 20 184 3 0000 4 0000 5 0000 6 000 0 7 00 0 0 8 1 2 0 0 333 10 /// 58 000 6 000 0 7 0000 
15-FEB-2015 06 48074 3 2 5 59 1 32 02 10 275 20 126 3 0000 4 0143 5 0000 6 000 0 7 00 0 0 8 1 4 0 0 333 10 /// 58 007 6 000 0 7 0000 
15-FEB-2015 06 48075 3 1 9 58 0 04 01 10 245 20 070 3 0000 4 0122 5 0000 6 000 0 7 05 1 1 8 0 0 0 0 333 10 /// 58 001 6 000 0 7 0000 
15-FEB-2015 06 48077 3 1 9 58 0 04 01 10 300 20 098 3 0000 4 0120 5 0000 6 000 0 7 05 0 0 8 0 0 0 0 333 10 /// 58 003 6 000 0 7 0000 
15-FEB-2015 06 48078 3 2 9 57 1 14 01 10 291 20 115 3 0000 4 0130 5 0000 6 000 0 7 00 0 0 8 0 0 0 1 333 10 /// 58 008 6 000 0 7 0000 
15-FEB-2015 06 48080 3 2 9 60 0 22 02 10 276 20 233 3 0000 4 0133 5 0000 6 000 0 7 00 0 0 8 0 0 0 0 333 10 /// 58 008 6 000 0 7 0000 
15-FEB-2015 06 48085 3 1 9 58 0 32 06 10 280 20 184 3 0000 4 0132 5 0000 6 000 0 7 05 0 0 8 0 0 0 0 333 10 /// 58 005 6 000 0 7 0000 
15-FEB-2015 06 48087 3 2 9 60 0 04 01 10 300 20 149 3 0000 4 0000 5 0000 6 000 0 7 00 0 0 8 0 0 0 0 333 10 /// 58 000 6 000 0 7 0000 
15-FEB-2015 06 48092 3 1 9 57 0 32 02 10 300 20 124 3 0000 4 0102 5 0000 6 000 0 7 05 0 0 8 0 0 0 0 333 10 /// 58 002 6 000 0 7 0000 
15-FEB-2015 06 48093 3 2 9 57 0 14 01 10 302 20 185 3 0000 4 0000 5 0000 6 000 0 7 00 0 0 8 0 0 0 0 333 10 /// 58 000 6 000 0 7 0000 
15-FEB-2015 06 48094 3 2 9 60 0 32 03 10 300 20 190 3 0000 4 0128 5 0000 6 000 0 7 00 0 0 8 0 0 0 0 333 10 /// 59 005 6 000 0 7 0000 
15-FEB-2015 06 48095 3 2 9 60 0 04 01 10 290 20 140 3 0000 4 0000 5 0000 6 000 0 7 00 0 0 8 0 0 0 0 333 10 /// 58 000 6 000 0 7 0000 
15-FEB-2015 06 48097 3 2 5 57 2 04 01 10 310 20 124 3 0000 4 0122 5 0000 6 000 0 7 00 0 0 8 2 5 0 0 333 10 /// 59 004 6 000 0 7 0000 
15-FEB-2015 06 48099 3 2 4 56 2 32 06 10 310 20 146 3 0000 4 0138 5 0000 6 000 0 7 00 0 0 8 2 5 0 0 333 10 /// 58 010 6 000 0 7 0000 
15-FEB-2015 06 48101 3 2 9 60 0 00 00 10 290 20 179 3 0000 4 0000 5 0000 6 000 0 7 00 0 0 8 0 0 0 0 333 10 /// 58 000 6 000 0 7 0000 
15-FEB-2015 06 48103 3 2 9 56 0 04 01 10 318 20 116 3 0000 4 0123 5 0000 6 000 0 7 00 0 0 8 0 0 0 0 333 10 /// 58 002 6 000 0 7 0000 
15-FEB-2015 06 48107 3 2 9 50 0 23 02 10 320 20 116 3 0000 4 0117 5 0000 6 000 0 7 00 0 0 8 0 0 0 0 333 10 /// 58 001 6 000 0 7 0000 
15-FEB-2015 06 48108 3 1 9 96 2 32 05 10 320 20 116 3 0000 4 0118 5 0000 6 000 0 7 01 4 4 8 0 0 0 6 333 10 /// 59 011 6 000 0 7 0000 
15-FEB-2015 06 48109 3 2 9 97 0 04 01 10 304 20 207 3 0000 4 0145 5 0000 6 000 0 7 00 0 0 8 0 0 0 0 333 10 /// 58 012 6 000 0 7 0000 
15-FEB-2015 06 48110 3 1 5 96 2 32 04 10 315 20 219 3 0000 4 0122 5 0000 6 000 0 7 05 1 1 8 1 1 0 5 333 10 /// 59 001 6 000 0 7 0000 
15-FEB-2015 06 48112 3 2 5 97 8 04 03 10 330 20 234 3 0000 4 0114 5 0000 6 000 0 7 00 0 0 8 3 8 0 6 333 10 /// 59 002 6 000 0 7 0000 
