48001 NIL=
48004 31562 30401 10140 20107 70144 83800 333 56500=
48008 32556 13601 10165 20117 40199 81400 333 56500 58014=
48010 32550 13601 10155 20144 40196 81400 333 56500 59001=
48018 32550 50401 10145 20134 40191 83870 333 56120 58002=
48019 32460 20402 10152 20134 40197 80030 333 56050 58024=
48020 31250 20000 10155 20144 70122 80040 333 56090=
48025 32458 33201 10192 20159 40196 82140 333 56550 58006=
48035 31559 70000 10136 20107 40213 70500 85960 333 56590 58011=
48037 32559 43601 10191 20139 40179 81130 333 56550 58020=
48042 31550 22702 10207 20175 40166 75055 81450 333 56990 59007=
48045 32561 10402 10127 20086 81100 333 56500=
48048 32558 50401 10205 20168 40184 84850 333 56490 58009=
48051 32558 53602 10200 20190 70222 84830 333 56690=
48053 32550 73602 10200 20150 40177 82556 333 56699 58009=
48060 31/10 90000 10117 20102 40250 74744 333 58013=
48062 32456 61802 10215 20190 40173 70222 8597/ 333 5699/ 58021=
48071 21356 80502 10205 20195 40173 72166 8692/ 333 5699/ 58017=
48075 32458 50000 10170 20150 40204 85800 333 56500 59011=
48077 32559 80401 10242 20136 40165 85970 333 56490 58004=
48078 32556 80401 10216 20174 40173 8557/ 333 56599 58007=
48080 31458 70402 10244 20168 40165 72055 85870 333 56590 58013=
48085 31358 80901 10209 20200 40143 70252 85770 333 56590 59013=
48095 32458 70000 10235 20198 83840 333 56990=
48108 32596 31402 10260 20129 40155 82406 333 56909 58007=
48109 32496 70402 10290 20230 40149 85970 333 56990 58016=
48110 31995 11304 10260 20119 40156 70511 80005 333 56009 58006=
48112 32598 60407 10260 20203 40144 82216 333 56199 58010=
48030 32256 52201 10070 20070 85800 333 56500=
48072 21459 80000 10215 20205 75055 85970 333 56990=
48087 32450 80000 10218 20185 8537/ 333 5699/=
48099 31440 53201 10250 20167 40162 70511 83802 333 56709 58004=
48101 32558 50401 10247 20205 70222 82131 333 56999=
48103 32550 40404 10255 20138 40164 84500 333 56100 58004=
48057 32458 61401 10167 20097 81556 333 56499=
48094 32459 60402 10240 20170 40155 84970 333 56990 59003=
48097 32557 71304 10260 20160 40165 70222 82531 333 56999 59005=
48031 32260 40901 10155 20085 81240 333 56990=
48033 32562 23601 10200 20150 40159 82500 333 56400 58000=
48034 31456 21802 10165 20106 71011 81530 333 56550=
48039 31440 33201 10199 20130 74044 82850 333 56660=
48043 32056 23203 10158 20111 80030 333 56090=
48052 32468 40403 10220 20136 83901 333 56909=
48055 32556 60000 10166 20128 40187 83831 333 56449 59025=
48064 32460 81401 10215 20156 40171 85870 333 56440 58009=
48065 21460 80000 10217 20136 70352 85370 333 56990=
48074 32457 60901 10220 20136 40167 85861 333 56449 59002=
48092 31456 70506 10230 20181 40148 70522 82876 333 56999 58000=
48093 32556 81401 10236 20134 86841 333 56199=
48107 32950 30902 10270 20133 40141 80006 333 56009 58008=  