15-JAN-2015 03 48004 3 1 5 62 3 04 01 10 140 20 107 3 0000 4 0000 5 0000 6 000 0 7 01 4 4 8 3 8 0 0 333 10 /// 58 000 6 000 0 7 0000 
15-JAN-2015 03 48008 3 2 5 56 1 36 01 10 165 20 117 3 0000 4 0199 5 0000 6 000 0 7 00 0 0 8 1 4 0 0 333 10 /// 58 014 6 000 0 7 0000 
15-JAN-2015 03 48010 3 2 5 50 1 36 01 10 155 20 144 3 0000 4 0196 5 0000 6 000 0 7 00 0 0 8 1 4 0 0 333 10 /// 59 001 6 000 0 7 0000 
15-JAN-2015 03 48018 3 2 5 50 5 04 01 10 145 20 134 3 0000 4 0191 5 0000 6 000 0 7 00 0 0 8 3 8 7 0 333 10 /// 58 002 6 000 0 7 0000 
15-JAN-2015 03 48019 3 2 4 60 2 04 02 10 152 20 134 3 0000 4 0197 5 0000 6 000 0 7 00 0 0 8 0 0 3 0 333 10 /// 58 024 6 000 0 7 0000 
15-JAN-2015 03 48020 3 1 2 50 2 00 00 10 155 20 144 3 0000 4 0000 5 0000 6 000 0 7 01 2 2 8 0 0 4 0 333 10 /// 58 000 6 000 0 7 0000 
15-JAN-2015 03 48025 3 2 4 58 3 32 01 10 192 20 159 3 0000 4 0196 5 0000 6 000 0 7 00 0 0 8 2 1 4 0 333 10 /// 58 006 6 000 0 7 0000 
15-JAN-2015 03 48030 3 2 2 56 5 22 01 10 070 20 070 3 0000 4 0000 5 0000 6 000 0 7 00 0 0 8 5 8 0 0 333 10 /// 58 000 6 000 0 7 0000 
15-JAN-2015 03 48031 3 2 2 60 4 09 01 10 155 20 085 3 0000 4 0000 5 0000 6 000 0 7 00 0 0 8 1 2 4 0 333 10 /// 58 000 6 000 0 7 0000 
15-JAN-2015 03 48033 3 2 5 62 2 36 01 10 200 20 150 3 0000 4 0159 5 0000 6 000 0 7 00 0 0 8 2 5 0 0 333 10 /// 58 000 6 000 0 7 0000 
15-JAN-2015 03 48034 3 1 4 56 2 18 02 10 165 20 106 3 0000 4 0000 5 0000 6 000 0 7 10 1 1 8 1 5 3 0 333 10 /// 58 000 6 000 0 7 0000 
15-JAN-2015 03 48035 3 1 5 59 7 00 00 10 136 20 107 3 0000 4 0213 5 0000 6 000 0 7 05 0 0 8 5 9 6 0 333 10 /// 58 011 6 000 0 7 0000 
15-JAN-2015 03 48037 3 2 5 59 4 36 01 10 191 20 139 3 0000 4 0179 5 0000 6 000 0 7 00 0 0 8 1 1 3 0 333 10 /// 58 020 6 000 0 7 0000 
15-JAN-2015 03 48039 3 1 4 40 3 32 01 10 199 20 130 3 0000 4 0000 5 0000 6 000 0 7 40 4 4 8 2 8 5 0 333 10 /// 58 000 6 000 0 7 0000 
15-JAN-2015 03 48042 3 1 5 50 2 27 02 10 207 20 175 3 0000 4 0166 5 0000 6 000 0 7 50 5 5 8 1 4 5 0 333 10 /// 59 007 6 000 0 7 0000 
15-JAN-2015 03 48043 3 2 0 56 2 32 03 10 158 20 111 3 0000 4 0000 5 0000 6 000 0 7 00 0 0 8 0 0 3 0 333 10 /// 58 000 6 000 0 7 0000 
15-JAN-2015 03 48045 3 2 5 61 1 04 02 10 127 20 086 3 0000 4 0000 5 0000 6 000 0 7 00 0 0 8 1 1 0 0 333 10 /// 58 000 6 000 0 7 0000 
15-JAN-2015 03 48048 3 2 5 58 5 04 01 10 205 20 168 3 0000 4 0184 5 0000 6 000 0 7 00 0 0 8 4 8 5 0 333 10 /// 58 009 6 000 0 7 0000 
15-JAN-2015 03 48051 3 2 5 58 5 36 02 10 200 20 190 3 0000 4 0000 5 0000 6 000 0 7 02 2 2 8 4 8 3 0 333 10 /// 58 000 6 000 0 7 0000 
15-JAN-2015 03 48052 3 2 4 68 4 04 03 10 220 20 136 3 0000 4 0000 5 0000 6 000 0 7 00 0 0 8 3 9 0 1 333 10 /// 58 000 6 000 0 7 0000 
15-JAN-2015 03 48053 3 2 5 50 7 36 02 10 200 20 150 3 0000 4 0177 5 0000 6 000 0 7 00 0 0 8 2 5 5 6 333 10 /// 58 009 6 000 0 7 0000 
15-JAN-2015 03 48055 3 2 5 56 6 00 00 10 166 20 128 3 0000 4 0187 5 0000 6 000 0 7 00 0 0 8 3 8 3 1 333 10 /// 59 025 6 000 0 7 0000 
15-JAN-2015 03 48057 3 2 4 58 6 14 01 10 167 20 097 3 0000 4 0000 5 0000 6 000 0 7 00 0 0 8 1 5 5 6 333 10 /// 58 000 6 000 0 7 0000 
15-JAN-2015 03 48060 3 1 / 10 9 00 00 10 117 20 102 3 0000 4 0250 5 0000 6 000 0 7 47 4 4 8 0 0 0 0 333 10 /// 58 013 6 000 0 7 0000 
15-JAN-2015 03 48062 3 2 4 56 6 18 02 10 215 20 190 3 0000 4 0173 5 0000 6 000 0 7 02 2 2 8 5 9 7 / 333 10 /// 58 021 6 000 0 7 0000 
15-JAN-2015 03 48064 3 2 4 60 8 14 01 10 215 20 156 3 0000 4 0171 5 0000 6 000 0 7 00 0 0 8 5 8 7 0 333 10 /// 58 009 6 000 0 7 0000 
15-JAN-2015 03 48065 2 1 4 60 8 00 00 10 217 20 136 3 0000 4 0000 5 0000 6 000 0 7 03 5 2 8 5 3 7 0 333 10 /// 58 000 6 000 0 7 0000 
15-JAN-2015 03 48071 2 1 3 56 8 05 02 10 205 20 195 3 0000 4 0173 5 0000 6 000 0 7 21 6 6 8 6 9 2 / 333 10 /// 58 017 6 000 0 7 0000 
15-JAN-2015 03 48072 2 1 4 59 8 00 00 10 215 20 205 3 0000 4 0000 5 0000 6 000 0 7 50 5 5 8 5 9 7 0 333 10 /// 58 000 6 000 0 7 0000 
15-JAN-2015 03 48074 3 2 4 57 6 09 01 10 220 20 136 3 0000 4 0167 5 0000 6 000 0 7 00 0 0 8 5 8 6 1 333 10 /// 59 002 6 000 0 7 0000 
15-JAN-2015 03 48075 3 2 4 58 5 00 00 10 170 20 150 3 0000 4 0204 5 0000 6 000 0 7 00 0 0 8 5 8 0 0 333 10 /// 59 011 6 000 0 7 0000 
15-JAN-2015 03 48077 3 2 5 59 8 04 01 10 242 20 136 3 0000 4 0165 5 0000 6 000 0 7 00 0 0 8 5 9 7 0 333 10 /// 58 004 6 000 0 7 0000 
15-JAN-2015 03 48078 3 2 5 56 8 04 01 10 216 20 174 3 0000 4 0173 5 0000 6 000 0 7 00 0 0 8 5 5 7 / 333 10 /// 58 007 6 000 0 7 0000 
15-JAN-2015 03 48080 3 1 4 58 7 04 02 10 244 20 168 3 0000 4 0165 5 0000 6 000 0 7 20 5 5 8 5 8 7 0 333 10 /// 58 013 6 000 0 7 0000 
15-JAN-2015 03 48085 3 1 3 58 8 09 01 10 209 20 200 3 0000 4 0143 5 0000 6 000 0 7 02 5 2 8 5 7 7 0 333 10 /// 59 013 6 000 0 7 0000 
15-JAN-2015 03 48087 3 2 4 50 8 00 00 10 218 20 185 3 0000 4 0000 5 0000 6 000 0 7 00 0 0 8 5 3 7 / 333 10 /// 58 000 6 000 0 7 0000 
15-JAN-2015 03 48092 3 1 4 56 7 05 06 10 230 20 181 3 0000 4 0148 5 0000 6 000 0 7 05 2 2 8 2 8 7 6 333 10 /// 58 000 6 000 0 7 0000 
15-JAN-2015 03 48093 3 2 5 56 8 14 01 10 236 20 134 3 0000 4 0000 5 0000 6 000 0 7 00 0 0 8 6 8 4 1 333 10 /// 58 000 6 000 0 7 0000 
15-JAN-2015 03 48094 3 2 4 59 6 04 02 10 240 20 170 3 0000 4 0155 5 0000 6 000 0 7 00 0 0 8 4 9 7 0 333 10 /// 59 003 6 000 0 7 0000 
15-JAN-2015 03 48095 3 2 4 58 7 00 00 10 235 20 198 3 0000 4 0000 5 0000 6 000 0 7 00 0 0 8 3 8 4 0 333 10 /// 58 000 6 000 0 7 0000 
15-JAN-2015 03 48097 3 2 5 57 7 13 04 10 260 20 160 3 0000 4 0165 5 0000 6 000 0 7 02 2 2 8 2 5 3 1 333 10 /// 59 005 6 000 0 7 0000 
15-JAN-2015 03 48099 3 1 4 40 5 32 01 10 250 20 167 3 0000 4 0162 5 0000 6 000 0 7 05 1 1 8 3 8 0 2 333 10 /// 58 004 6 000 0 7 0000 
15-JAN-2015 03 48101 3 2 5 58 5 04 01 10 247 20 205 3 0000 4 0000 5 0000 6 000 0 7 02 2 2 8 2 1 3 1 333 10 /// 58 000 6 000 0 7 0000 
15-JAN-2015 03 48103 3 2 5 50 4 04 04 10 255 20 138 3 0000 4 0164 5 0000 6 000 0 7 00 0 0 8 4 5 0 0 333 10 /// 58 004 6 000 0 7 0000 
15-JAN-2015 03 48107 3 2 9 50 3 09 02 10 270 20 133 3 0000 4 0141 5 0000 6 000 0 7 00 0 0 8 0 0 0 6 333 10 /// 58 008 6 000 0 7 0000 
15-JAN-2015 03 48108 3 2 5 96 3 14 02 10 260 20 129 3 0000 4 0155 5 0000 6 000 0 7 00 0 0 8 2 4 0 6 333 10 /// 58 007 6 000 0 7 0000 
15-JAN-2015 03 48109 3 2 4 96 7 04 02 10 290 20 230 3 0000 4 0149 5 0000 6 000 0 7 00 0 0 8 5 9 7 0 333 10 /// 58 016 6 000 0 7 0000 
15-JAN-2015 03 48110 3 1 9 95 1 13 04 10 260 20 119 3 0000 4 0156 5 0000 6 000 0 7 05 1 1 8 0 0 0 5 333 10 /// 58 006 6 000 0 7 0000 
15-JAN-2015 03 48112 3 2 5 98 6 04 07 10 260 20 203 3 0000 4 0144 5 0000 6 000 0 7 00 0 0 8 2 2 1 6 333 10 /// 58 010 6 000 0 7 0000 
