150900 48001 32557 10000 10210 20120 40148 81100 333 56900 59011=
150900 48004 32562 20401 10253 20167 82800 333 56900=
150900 48008 32558 23401 10265 20113 40146 81430 333 56550 59013=
150900 48010 32560 23601 10260 20160 40152 81130 333 56550 59016=
150900 48018 32560 20402 10280 20146 40142 70111 82800 333 56900 59014=
150900 48019 32460 20403 10250 20150 40142 80060 333 56060 59022=
150900 48025 32560 13202 10272 20133 40153 81100 333 56900 58005=
150900 48030 32256 22202 10196 20033 82800 333 56500=
150900 48031 32260 41801 10200 20085 84800 333 56400=
150900 48033 32563 63201 10280 20158 40128 86900 333 56400 58010=
150900 48034 32456 51801 10231 20097 84830 333 56550=
150900 48035 31560 60000 10250 20068 40122 70500 84960 333 56690 59014=
150900 48037 32559 70401 10283 20128 40152 83130 333 56559 58029=
150900 48039 32460 72201 10266 20154 84860 333 56550=
150900 48042 32556 71402 10280 20146 40126 83850 333 56660 59011=
150900 48043 32556 73203 10225 20124 8587/ 333 56999=
150900 48045 31557 71401 10168 20135 76022 87700 333 56900=
150900 48048 21558 80401 10240 20155 40153 72050 8697/ 333 5649/ 58007=
150900 48052 32465 81302 10242 20174 85970 333 56990=
150900 48055 32557 80404 10231 20143 40118 84931 333 56449 59016=
150900 48057 21458 82201 10190 20118 75055 85370 333 56590=
150900 48060 32440 60000 10220 20111 40133 82132 333 56566 59033=
150900 48062 21456 80902 10200 20200 40144 72063 8697/ 333 5629/ 58016=
150900 48064 21450 81401 10190 20175 40139 76066 86820 333 56440 58036=
150900 48065 21460 80405 10185 20175 75165 8637/ 333 56990=
150900 48071 21458 80505 10210 20195 40141 70152 8692/ 333 5649/ 58016=
150900 48072 32458 80401 10250 20219 70122 81830 333 56990=
150900 48074 31457 83201 10240 20136 40144 8477/ 333 56449 58022=
150900 48075 32456 80000 10235 20160 40141 8677/ 333 5659/ 59003=
150900 48077 32559 80401 10220 20156 40142 85970 333 56490 58022=
150900 48078 32550 73204 10236 20149 40138 84571 333 56599 58010=
150900 48080 32458 73201 10274 20211 40122 82870 333 56590 58004=
150900 48085 32458 80902 10268 20191 40119 86870 333 56390 59002=
150900 48087 32458 80403 10256 20160 8497/ 333 5699/=
150900 48092 32458 73201 10300 20158 40105 70222 82870 333 56990 59002=
150900 48093 32557 60401 10289 20248 70322 83841 333 56559=
150900 48094 32458 60402 10275 20165 40129 85940 333 56990 58005=
150900 48095 32458 70401 10295 20196 70222 83870 333 56990=
150900 48097 32557 71403 10295 20154 40129 70222 84830 333 56990 58007=
150900 48099 32557 63203 10310 20189 40120 83830 333 56770 59002=
150900 48101 32559 60000 10288 20179 70222 83731 333 56999=
150900 48103 32557 60401 10320 20248 40113 83530 333 56110 59006=
150900 48107 32950 23201 10310 20124 40102 80006 333 56009 59006=
150900 48108 32596 41402 10325 20146 40113 82406 333 56909 59005=
150900 48109 32497 70401 10298 20239 40119 85970 333 56990 58009=
150900 48110 31996 21303 10330 20161 40112 70511 80005 333 56009 59001=
150900 48112 32597 80405 10286 20220 40111 83876 333 56199 59002=  48001 32557 10000 10210 20120 40148 81100 333 56900 59011=
150900 48004 32562 20401 10253 20167 82800 333 56900=
150900 48008 32558 23401 10265 20113 40146 81430 333 56550 59013=
150900 48010 32560 23601 10260 20160 40152 81130 333 56550 59016=
150900 48018 32560 20402 10280 20146 40142 70111 82800 333 56900 59014=
150900 48019 32460 20403 10250 20150 40142 80060 333 56060 59022=
150900 48025 32560 13202 10272 20133 40153 81100 333 56900 58005=
150900 48035 31560 60000 10250 20068 40122 70500 84960 333 56690 59014=
150900 48037 32559 70401 10283 20128 40152 83130 333 56559 5////=
150900 48042 32556 71402 10280 20146 40126 83850 333 56660 59011=
150900 48045 31557 71401 10168 20135 76022 87700 333 56900=
150900 48048 21558 80401 10240 20155 40153 72050 8697/ 333 5649/ 58007=
150900 48060 32440 60000 10220 20111 40133 82132 333 56566 59033=
150900 48062 21456 80902 10200 20200 40144 72063 8697/ 333 5629/ 58016=
150900 48071 21458 80505 10210 20195 40141 70152 8692/ 333 5649/ 58016=
150900 48075 32456 80000 10235 20160 40141 8677/ 333 5659/ 59003=
150900 48077 32559 80401 10220 20156 40142 85970 333 56490 58022=
150900 48078 32550 73204 10236 20149 40138 84571 333 56599 58010=
150900 48080 32458 73201 10274 20211 40122 82870 333 56590 58004=
150900 48085 32458 80902 10268 20191 40119 86870 333 56390 59002=
150900 48095 32458 70401 10295 20196 70222 83870 333 56990=
150900 48108 32596 41402 10325 20146 40113 82406 333 56909 59005=
150900 48109 32497 70401 10298 20239 40119 85970 333 56990 58009=
150900 48110 31996 21303 10330 20161 40112 70511 80005 333 56009 59001=
150900 48112 32597 80405 10286 20220 40111 83876 333 56199 59002=
150900 48030 32256 22202 10196 20033 82800 333 56500=
150900 48072 32458 80401 10250 20219 70122 81830 333 56990=
150900 48087 32458 80403 10256 20160 8497/ 333 5699/=
150900 48099 32557 63203 10310 20189 40120 83830 333 56770 59002=
150900 48101 32559 60000 10288 20179 70222 83731 333 56999=
150900 48103 32557 60401 10320 20248 40113 83530 333 56110 59006=
150900 48057 21458 82201 10190 20118 75055 85370 333 56590=
150900 48094 32458 60402 10275 20165 40129 85940 333 56990 58005=
150900 48097 32557 71403 10295 20154 40129 70222 84830 333 56990 58007=
150900 48031 32260 41801 10200 20085 84800 333 56400=
150900 48033 32563 63201 10280 20158 40128 86900 333 56400 58010=
150900 48034 32456 51801 10231 20097 84830 333 56550=
150900 48039 32460 72201 10266 20154 84860 333 56550=
150900 48043 32556 73203 10225 20124 8587/ 333 56999=
150900 48052 32465 81302 10242 20174 85970 333 56990=
150900 48055 32557 80404 10231 20143 40118 84931 333 56449 59016=
150900 48064 21450 81401 10190 20175 40139 76066 86820 333 56440 58036=
150900 48065 21460 80405 10185 20175 75165 8637/ 333 56990=
150900 48074 31457 83201 10240 20136 40144 8477/ 333 56449 58022=
150900 48092 32458 73201 10300 20158 40105 70222 82870 333 56990 59002=
150900 48093 32557 60401 10289 20248 70322 83841 333 56559=
150900 48107 32950 23201 10310 20124 40102 80006 333 56009 59006=  
