15-JAN-2015 09 48001 3 2 5 57 1 00 00 10 210 20 120 3 0000 4 0148 5 0000 6 000 0 7 00 0 0 8 1 1 0 0 333 10 /// 59 011 6 000 0 7 0000 
15-JAN-2015 09 48004 3 2 5 62 2 04 01 10 253 20 167 3 0000 4 0000 5 0000 6 000 0 7 00 0 0 8 2 8 0 0 333 10 /// 58 000 6 000 0 7 0000 
15-JAN-2015 09 48008 3 2 5 58 2 34 01 10 265 20 113 3 0000 4 0146 5 0000 6 000 0 7 00 0 0 8 1 4 3 0 333 10 /// 59 013 6 000 0 7 0000 
15-JAN-2015 09 48010 3 2 5 60 2 36 01 10 260 20 160 3 0000 4 0152 5 0000 6 000 0 7 00 0 0 8 1 1 3 0 333 10 /// 59 016 6 000 0 7 0000 
15-JAN-2015 09 48018 3 2 5 60 2 04 02 10 280 20 146 3 0000 4 0142 5 0000 6 000 0 7 01 1 1 8 2 8 0 0 333 10 /// 59 014 6 000 0 7 0000 
15-JAN-2015 09 48019 3 2 4 60 2 04 03 10 250 20 150 3 0000 4 0142 5 0000 6 000 0 7 00 0 0 8 0 0 6 0 333 10 /// 59 022 6 000 0 7 0000 
15-JAN-2015 09 48025 3 2 5 60 1 32 02 10 272 20 133 3 0000 4 0153 5 0000 6 000 0 7 00 0 0 8 1 1 0 0 333 10 /// 58 005 6 000 0 7 0000 
15-JAN-2015 09 48030 3 2 2 56 2 22 02 10 196 20 033 3 0000 4 0000 5 0000 6 000 0 7 00 0 0 8 2 8 0 0 333 10 /// 58 000 6 000 0 7 0000 
15-JAN-2015 09 48031 3 2 2 60 4 18 01 10 200 20 085 3 0000 4 0000 5 0000 6 000 0 7 00 0 0 8 4 8 0 0 333 10 /// 58 000 6 000 0 7 0000 
15-JAN-2015 09 48033 3 2 5 63 6 32 01 10 280 20 158 3 0000 4 0128 5 0000 6 000 0 7 00 0 0 8 6 9 0 0 333 10 /// 58 010 6 000 0 7 0000 
15-JAN-2015 09 48034 3 2 4 56 5 18 01 10 231 20 097 3 0000 4 0000 5 0000 6 000 0 7 00 0 0 8 4 8 3 0 333 10 /// 58 000 6 000 0 7 0000 
15-JAN-2015 09 48035 3 1 5 60 6 00 00 10 250 20 068 3 0000 4 0122 5 0000 6 000 0 7 05 0 0 8 4 9 6 0 333 10 /// 59 014 6 000 0 7 0000 
15-JAN-2015 09 48037 3 2 5 59 7 04 01 10 283 20 128 3 0000 4 0152 5 0000 6 000 0 7 00 0 0 8 3 1 3 0 333 10 /// 5/ /// 6 000 0 7 0000 
15-JAN-2015 09 48039 3 2 4 60 7 22 01 10 266 20 154 3 0000 4 0000 5 0000 6 000 0 7 00 0 0 8 4 8 6 0 333 10 /// 58 000 6 000 0 7 0000 
15-JAN-2015 09 48042 3 2 5 56 7 14 02 10 280 20 146 3 0000 4 0126 5 0000 6 000 0 7 00 0 0 8 3 8 5 0 333 10 /// 59 011 6 000 0 7 0000 
15-JAN-2015 09 48043 3 2 5 56 7 32 03 10 225 20 124 3 0000 4 0000 5 0000 6 000 0 7 00 0 0 8 5 8 7 / 333 10 /// 58 000 6 000 0 7 0000 
15-JAN-2015 09 48045 3 1 5 57 7 14 01 10 168 20 135 3 0000 4 0000 5 0000 6 000 0 7 60 2 2 8 7 7 0 0 333 10 /// 58 000 6 000 0 7 0000 
15-JAN-2015 09 48048 2 1 5 58 8 04 01 10 240 20 155 3 0000 4 0153 5 0000 6 000 0 7 20 5 0 8 6 9 7 / 333 10 /// 58 007 6 000 0 7 0000 
15-JAN-2015 09 48052 3 2 4 65 8 13 02 10 242 20 174 3 0000 4 0000 5 0000 6 000 0 7 00 0 0 8 5 9 7 0 333 10 /// 58 000 6 000 0 7 0000 
15-JAN-2015 09 48055 3 2 5 57 8 04 04 10 231 20 143 3 0000 4 0118 5 0000 6 000 0 7 00 0 0 8 4 9 3 1 333 10 /// 59 016 6 000 0 7 0000 
15-JAN-2015 09 48057 2 1 4 58 8 22 01 10 190 20 118 3 0000 4 0000 5 0000 6 000 0 7 50 5 5 8 5 3 7 0 333 10 /// 58 000 6 000 0 7 0000 
15-JAN-2015 09 48060 3 2 4 40 6 00 00 10 220 20 111 3 0000 4 0133 5 0000 6 000 0 7 00 0 0 8 2 1 3 2 333 10 /// 59 033 6 000 0 7 0000 
15-JAN-2015 09 48062 2 1 4 56 8 09 02 10 200 20 200 3 0000 4 0144 5 0000 6 000 0 7 20 6 3 8 6 9 7 / 333 10 /// 58 016 6 000 0 7 0000 
15-JAN-2015 09 48064 2 1 4 50 8 14 01 10 190 20 175 3 0000 4 0139 5 0000 6 000 0 7 60 6 6 8 6 8 2 0 333 10 /// 58 036 6 000 0 7 0000 
15-JAN-2015 09 48065 2 1 4 60 8 04 05 10 185 20 175 3 0000 4 0000 5 0000 6 000 0 7 51 6 5 8 6 3 7 / 333 10 /// 58 000 6 000 0 7 0000 
15-JAN-2015 09 48071 2 1 4 58 8 05 05 10 210 20 195 3 0000 4 0141 5 0000 6 000 0 7 01 5 2 8 6 9 2 / 333 10 /// 58 016 6 000 0 7 0000 
15-JAN-2015 09 48072 3 2 4 58 8 04 01 10 250 20 219 3 0000 4 0000 5 0000 6 000 0 7 01 2 2 8 1 8 3 0 333 10 /// 58 000 6 000 0 7 0000 
15-JAN-2015 09 48074 3 1 4 57 8 32 01 10 240 20 136 3 0000 4 0144 5 0000 6 000 0 7 00 0 0 8 4 7 7 / 333 10 /// 58 022 6 000 0 7 0000 
15-JAN-2015 09 48075 3 2 4 56 8 00 00 10 235 20 160 3 0000 4 0141 5 0000 6 000 0 7 00 0 0 8 6 7 7 / 333 10 /// 59 003 6 000 0 7 0000 
15-JAN-2015 09 48077 3 2 5 59 8 04 01 10 220 20 156 3 0000 4 0142 5 0000 6 000 0 7 00 0 0 8 5 9 7 0 333 10 /// 58 022 6 000 0 7 0000 
15-JAN-2015 09 48078 3 2 5 50 7 32 04 10 236 20 149 3 0000 4 0138 5 0000 6 000 0 7 00 0 0 8 4 5 7 1 333 10 /// 58 010 6 000 0 7 0000 
15-JAN-2015 09 48080 3 2 4 58 7 32 01 10 274 20 211 3 0000 4 0122 5 0000 6 000 0 7 00 0 0 8 2 8 7 0 333 10 /// 58 004 6 000 0 7 0000 
15-JAN-2015 09 48085 3 2 4 58 8 09 02 10 268 20 191 3 0000 4 0119 5 0000 6 000 0 7 00 0 0 8 6 8 7 0 333 10 /// 59 002 6 000 0 7 0000 
15-JAN-2015 09 48087 3 2 4 58 8 04 03 10 256 20 160 3 0000 4 0000 5 0000 6 000 0 7 00 0 0 8 4 9 7 / 333 10 /// 58 000 6 000 0 7 0000 
15-JAN-2015 09 48092 3 2 4 58 7 32 01 10 300 20 158 3 0000 4 0105 5 0000 6 000 0 7 02 2 2 8 2 8 7 0 333 10 /// 59 002 6 000 0 7 0000 
15-JAN-2015 09 48093 3 2 5 57 6 04 01 10 289 20 248 3 0000 4 0000 5 0000 6 000 0 7 03 2 2 8 3 8 4 1 333 10 /// 58 000 6 000 0 7 0000 
15-JAN-2015 09 48094 3 2 4 58 6 04 02 10 275 20 165 3 0000 4 0129 5 0000 6 000 0 7 00 0 0 8 5 9 4 0 333 10 /// 58 005 6 000 0 7 0000 
15-JAN-2015 09 48095 3 2 4 58 7 04 01 10 295 20 196 3 0000 4 0000 5 0000 6 000 0 7 02 2 2 8 3 8 7 0 333 10 /// 58 000 6 000 0 7 0000 
15-JAN-2015 09 48097 3 2 5 57 7 14 03 10 295 20 154 3 0000 4 0129 5 0000 6 000 0 7 02 2 2 8 4 8 3 0 333 10 /// 58 007 6 000 0 7 0000 
15-JAN-2015 09 48099 3 2 5 57 6 32 03 10 310 20 189 3 0000 4 0120 5 0000 6 000 0 7 00 0 0 8 3 8 3 0 333 10 /// 59 002 6 000 0 7 0000 
15-JAN-2015 09 48101 3 2 5 59 6 00 00 10 288 20 179 3 0000 4 0000 5 0000 6 000 0 7 02 2 2 8 3 7 3 1 333 10 /// 58 000 6 000 0 7 0000 
15-JAN-2015 09 48103 3 2 5 57 6 04 01 10 320 20 248 3 0000 4 0113 5 0000 6 000 0 7 00 0 0 8 3 5 3 0 333 10 /// 59 006 6 000 0 7 0000 
15-JAN-2015 09 48107 3 2 9 50 2 32 01 10 310 20 124 3 0000 4 0102 5 0000 6 000 0 7 00 0 0 8 0 0 0 6 333 10 /// 59 006 6 000 0 7 0000 
15-JAN-2015 09 48108 3 2 5 96 4 14 02 10 325 20 146 3 0000 4 0113 5 0000 6 000 0 7 00 0 0 8 2 4 0 6 333 10 /// 59 005 6 000 0 7 0000 
15-JAN-2015 09 48109 3 2 4 97 7 04 01 10 298 20 239 3 0000 4 0119 5 0000 6 000 0 7 00 0 0 8 5 9 7 0 333 10 /// 58 009 6 000 0 7 0000 
15-JAN-2015 09 48110 3 1 9 96 2 13 03 10 330 20 161 3 0000 4 0112 5 0000 6 000 0 7 05 1 1 8 0 0 0 5 333 10 /// 59 001 6 000 0 7 0000 
15-JAN-2015 09 48112 3 2 5 97 8 04 05 10 286 20 220 3 0000 4 0111 5 0000 6 000 0 7 00 0 0 8 3 8 7 6 333 10 /// 59 002 6 000 0 7 0000 
