151200 48004 32458 30000 10121 20111 83800 333 10259 56500=
151200 48008 32550 20000 10226 20143 40151 81430 333 10277 56550 59006=
151200 48010 32520 30000 10230 20181 40153 81401 333 10275 56505 59005=
151200 48018 32556 20000 10225 20163 40154 82800 333 10280 56900 59004=
151200 48019 32940 10000 10200 20185 40146 80060 333 10255 56030 59013=
151200 48020 31420 40000 10230 20181 70511 84700 333 10285 56900=
151200 48025 32458 33602 10244 20226 40148 82840 333 10277 56590 59012=     48030 32256 42204 10139 20107 84800 333 10200 56500=
151200 48030 32256 42204 10139 20107 84800 333 10200 56500=
151200 48031 32260 13601 10126 20107 81200 333 10205 56900=
151200 48033 32562 40000 10260 20179 40151 84800 333 10293 56600 59004=
151200 48034 32456 50000 10188 20118 83530 333 10235 56550=
151200 48035 31530 60000 10204 20150 40131 70522 84960 333 10252 56670 59021=
151200 48037 32510 70000 10272 20172 40132 83330 333 10292 56650 59005=
151200 48039 32460 70000 10235 20181 84860 333 10277 56560=
151200 48042 32556 70000 10250 20167 40144 84850 333 10285 56440 58008=
151200 48043 32510 81405 10180 20125 8587/ 333 10235 5656/=
151200 48045 21456 71401 10136 20124 76064 87700 333 10185 56400=
151200 48048 21550 81801 10196 20150 40154 72155 8692/ 333 10255 56499 58012=
151200 48051 21458 80000 10210 20200 72055 86970 333 10245 56590=
151200 48052 32450 81303 10200 20085 85970 333 10250 56990=
151200 48053 21450 80000 10200 20185 40161 75063 8567/ 333 10245 56599 58031=
151200 48055 32456 60902 10202 20177 40148 8597/ 333 10238 5649/ 59009=
151200 48057 21456 80000 10146 20124 75255 8537/ 333 10196 5699/=
151200 48060 32410 60000 10183 20129 40154 82132 333 10227 56569 59019=
151200 48062 21340 81301 10210 20210 40143 76265 8692/ 333 10260 5699/ 58013=
151200 48064 21450 80000 10180 20180 40155 76366 84720 333 10263 56440 58038=
151200 48065 21450 80000 10180 20180 75066 85370 333 10221 56990=
151200 48071 22456 83203 10210 20195 40148 8692/ 333 10268 5649/ 58017=
151200 48072 32456 73602 10260 20203 85930 333 10290 56590=
151200 48074 21456 83602 10205 20168 40157 70255 8477/ 333 10268 56449 58031=
151200 48075 21456 80000 10200 20190 40167 75055 8677/ 333 10235 5659/ 58014=
151200 48077 32556 80000 10210 20160 40152 85970 333 10232 56490 58039=
151200 48078 21550 83204 10228 20153 40148 72055 8457/ 333 10248 56599 58008=
151200 48080 32456 81302 10242 20204 40133 85870 333 10280 56590 58000=
151200 48085 21456 80902 10222 20185 40131 75155 86970 333 10275 56390 58004=
151200 48087 32430 80402 10220 20173 8537/ 333 10265 5699/=
151200 48092 32450 83201 10250 20250 40119 84376 333 10310 56999 58008=
151200 48093 32420 70401 10250 20205 85840 333 10294 56590=
151200 48094 32456 70402 10250 20170 40139 85940 333 10295 56190 58015=
151200 48095 32456 80000 10250 20186 84940 333 10295 56990=
151200 48097 32556 73102 10260 20179 40149 84830 333 10314 56990 58006=
151200 48099 32340 60000 10270 20211 40122 82831 333 10316 56999 59003=
151200 48101 32550 70000 10252 20205 82771 333 10306 56999=
151200 48103 32530 40000 10278 20233 40125 81530 333 10323 56100 59007=
151200 48107 32930 03201 10270 20154 40123 333 10344 58004=
151200 48108 32595 51401 10250 20167 40132 82406 333 10326 56909 58004=
151200 48109 32496 60401 10275 20233 40123 8687/ 333 10318 5699/ 58002=
151200 48110 31995 30000 10280 20203 40126 70511 80006 333 10330 56009 59003=
151200 48112 32597 80408 10270 20226 40118 83876 333 10295 56199 59002=  
