48001 21430 81401 10260 20246 40044 76366 8476/ 333 56819 59016=
48004 32110 80901 10273 20256 8697/ 333 56559=
48008 31456 80000 10263 20256 40049 70265 8497/ 333 56449 59001=
48010 21440 80000 10260 20260 40032 76166 8577/ 333 56559 59006=
48018 32560 72202 10315 20248 40052 83870 333 56550 59002=
48019 32460 43602 10315 20267 40037 82260 333 56560 59005=
48020 32462 50402 10330 20275 84830 333 56440=
48025 32456 81401 10323 20265 40035 8587/ 333 56559 59015=
48035 32560 82702 10289 20215 40020 8597/ 333 56459 59005=
48037 32560 51802 10352 20237 40026 82250 333 56450 59020=
48042 32559 51805 10352 20237 40025 84850 333 56440 59014=
48045 32456 71802 10255 20215 87300 333 56200=
48048 32558 72201 10352 20237 40036 85950 333 56490 58009=
48051 32558 51301 10310 20280 70122 84930 333 56490=
48053 32456 71805 10300 20250 40044 84976 333 56599 59006=
48060 32350 70000 10285 20225 40024 85830 333 56590 58001=
48062 21350 81801 10260 20260 40054 79595 86920 333 56490 58003=
48071 21458 82303 10255 20255 40060 76366 8692/ 333 5699/ 58002=
48075 32558 72201 10290 20230 40043 85840 333 56590 58008=
48077 32559 72301 10328 20258 40040 85931 333 56499 59004=
48078 32558 41801 10326 20253 40060 83801 333 56409 59005=
48080 32460 42202 10320 20248 40064 82830 333 56490 58010=
48085 32458 53203 10292 20259 40060 82836 333 56599 58003=
48095 32458 72201 10320 20281 70322 83940 333 56990=
48108 32596 73602 10315 20251 40070 84376 333 56899 59006=
48109 32496 70000 10300 20266 40072 86930 333 56990 59008=
48110 21496 81801 10275 20268 40076 75199 86377 333 56599 59001=
48112 21496 82202 10245 20245 40094 75165 8677/ 333 5659/ 58008=
48030 21256 82202 10207 20175 75055 8692/ 333 56569=
48072 21458 81802 10260 20246 75065 85970 333 56590=
48087 22560 62301 10330 20244 72055 8437/ 333 5649/=
48099 32556 52302 10315 20265 40060 84901 333 56509 59008=
48101 32559 60000 10320 20265 70222 84330 333 56590=
48103 32356 62201 10327 20258 40059 85730 333 56550 59005=
48057 32458 72203 10240 20191 86950 333 56590=
48094 21458 72201 10275 20260 40066 76066 85970 333 56990 58004=
48097 32557 72301 10325 20246 40075 85306 333 56909 59005=
48031 32258 81401 10240 20191 87300 333 56400=
48033 32563 41801 10330 20244 40025 84800 333 56500 59010=
48034 21356 81802 10234 20214 75055 8692/ 333 56599=
48039 32460 52201 10330 20244 84950 333 56330=
48043 22556 81805 10240 20226 8577/ 333 56599=
48052 32468 51301 10366 20258 85900 333 56900=
48055 32556 60903 10294 20219 40026 85330 333 56550 59009=
48064 32568 60401 10346 20266 40014 83831 333 56559 59009=
48065 32557 40403 10345 20237 84500 333 56900=
48074 32459 61803 10310 20258 40057 84361 333 56499 58005=
48092 32457 61301 10310 20261 40043 84370 333 56990 59008=
48093 32657 62301 10323 20265 70322 85801 333 56509=
48107 32350 62701 10324 20265 40068 84970 333 56550 59000=  