15-JUN-2015 06 48001 2 1 4 30 8 14 01 10 260 20 246 3 0000 4 0044 5 0000 6 000 0 7 63 6 6 8 4 7 6 / 333 10 /// 59 016 6 000 0 7 0000 
15-JUN-2015 06 48004 3 2 1 10 8 09 01 10 273 20 256 3 0000 4 0000 5 0000 6 000 0 7 00 0 0 8 6 9 7 / 333 10 /// 58 000 6 000 0 7 0000 
15-JUN-2015 06 48008 3 1 4 56 8 00 00 10 263 20 256 3 0000 4 0049 5 0000 6 000 0 7 02 6 5 8 4 9 7 / 333 10 /// 59 001 6 000 0 7 0000 
15-JUN-2015 06 48010 2 1 4 40 8 00 00 10 260 20 260 3 0000 4 0032 5 0000 6 000 0 7 61 6 6 8 5 7 7 / 333 10 /// 59 006 6 000 0 7 0000 
15-JUN-2015 06 48018 3 2 5 60 7 22 02 10 315 20 248 3 0000 4 0052 5 0000 6 000 0 7 00 0 0 8 3 8 7 0 333 10 /// 59 002 6 000 0 7 0000 
15-JUN-2015 06 48019 3 2 4 60 4 36 02 10 315 20 267 3 0000 4 0037 5 0000 6 000 0 7 00 0 0 8 2 2 6 0 333 10 /// 59 005 6 000 0 7 0000 
15-JUN-2015 06 48020 3 2 4 62 5 04 02 10 330 20 275 3 0000 4 0000 5 0000 6 000 0 7 00 0 0 8 4 8 3 0 333 10 /// 58 000 6 000 0 7 0000 
15-JUN-2015 06 48025 3 2 4 56 8 14 01 10 323 20 265 3 0000 4 0035 5 0000 6 000 0 7 00 0 0 8 5 8 7 / 333 10 /// 59 015 6 000 0 7 0000 
15-JUN-2015 06 48030 2 1 2 56 8 22 02 10 207 20 175 3 0000 4 0000 5 0000 6 000 0 7 50 5 5 8 6 9 2 / 333 10 /// 58 000 6 000 0 7 0000 
15-JUN-2015 06 48031 3 2 2 58 8 14 01 10 240 20 191 3 0000 4 0000 5 0000 6 000 0 7 00 0 0 8 7 3 0 0 333 10 /// 58 000 6 000 0 7 0000 
15-JUN-2015 06 48033 3 2 5 63 4 18 01 10 330 20 244 3 0000 4 0025 5 0000 6 000 0 7 00 0 0 8 4 8 0 0 333 10 /// 59 010 6 000 0 7 0000 
15-JUN-2015 06 48034 2 1 3 56 8 18 02 10 234 20 214 3 0000 4 0000 5 0000 6 000 0 7 50 5 5 8 6 9 2 / 333 10 /// 58 000 6 000 0 7 0000 
15-JUN-2015 06 48035 3 2 5 60 8 27 02 10 289 20 215 3 0000 4 0020 5 0000 6 000 0 7 00 0 0 8 5 9 7 / 333 10 /// 59 005 6 000 0 7 0000 
15-JUN-2015 06 48037 3 2 5 60 5 18 02 10 352 20 237 3 0000 4 0026 5 0000 6 000 0 7 00 0 0 8 2 2 5 0 333 10 /// 59 020 6 000 0 7 0000 
15-JUN-2015 06 48039 3 2 4 60 5 22 01 10 330 20 244 3 0000 4 0000 5 0000 6 000 0 7 00 0 0 8 4 9 5 0 333 10 /// 58 000 6 000 0 7 0000 
15-JUN-2015 06 48042 3 2 5 59 5 18 05 10 352 20 237 3 0000 4 0025 5 0000 6 000 0 7 00 0 0 8 4 8 5 0 333 10 /// 59 014 6 000 0 7 0000 
15-JUN-2015 06 48043 2 2 5 56 8 18 05 10 240 20 226 3 0000 4 0000 5 0000 6 000 0 7 00 0 0 8 5 7 7 / 333 10 /// 58 000 6 000 0 7 0000 
15-JUN-2015 06 48045 3 2 4 56 7 18 02 10 255 20 215 3 0000 4 0000 5 0000 6 000 0 7 00 0 0 8 7 3 0 0 333 10 /// 58 000 6 000 0 7 0000 
15-JUN-2015 06 48048 3 2 5 58 7 22 01 10 352 20 237 3 0000 4 0036 5 0000 6 000 0 7 00 0 0 8 5 9 5 0 333 10 /// 58 009 6 000 0 7 0000 
15-JUN-2015 06 48051 3 2 5 58 5 13 01 10 310 20 280 3 0000 4 0000 5 0000 6 000 0 7 01 2 2 8 4 9 3 0 333 10 /// 58 000 6 000 0 7 0000 
15-JUN-2015 06 48052 3 2 4 68 5 13 01 10 366 20 258 3 0000 4 0000 5 0000 6 000 0 7 00 0 0 8 5 9 0 0 333 10 /// 58 000 6 000 0 7 0000 
15-JUN-2015 06 48053 3 2 4 56 7 18 05 10 300 20 250 3 0000 4 0044 5 0000 6 000 0 7 00 0 0 8 4 9 7 6 333 10 /// 59 006 6 000 0 7 0000 
15-JUN-2015 06 48055 3 2 5 56 6 09 03 10 294 20 219 3 0000 4 0026 5 0000 6 000 0 7 00 0 0 8 5 3 3 0 333 10 /// 59 009 6 000 0 7 0000 
15-JUN-2015 06 48057 3 2 4 58 7 22 03 10 240 20 191 3 0000 4 0000 5 0000 6 000 0 7 00 0 0 8 6 9 5 0 333 10 /// 58 000 6 000 0 7 0000 
15-JUN-2015 06 48060 3 2 3 50 7 00 00 10 285 20 225 3 0000 4 0024 5 0000 6 000 0 7 00 0 0 8 5 8 3 0 333 10 /// 58 001 6 000 0 7 0000 
15-JUN-2015 06 48062 2 1 3 50 8 18 01 10 260 20 260 3 0000 4 0054 5 0000 6 000 0 7 95 9 5 8 6 9 2 0 333 10 /// 58 003 6 000 0 7 0000 
15-JUN-2015 06 48064 3 2 5 68 6 04 01 10 346 20 266 3 0000 4 0014 5 0000 6 000 0 7 00 0 0 8 3 8 3 1 333 10 /// 59 009 6 000 0 7 0000 
15-JUN-2015 06 48065 3 2 5 57 4 04 03 10 345 20 237 3 0000 4 0000 5 0000 6 000 0 7 00 0 0 8 4 5 0 0 333 10 /// 58 000 6 000 0 7 0000 
15-JUN-2015 06 48071 2 1 4 58 8 23 03 10 255 20 255 3 0000 4 0060 5 0000 6 000 0 7 63 6 6 8 6 9 2 / 333 10 /// 58 002 6 000 0 7 0000 
15-JUN-2015 06 48072 2 1 4 58 8 18 02 10 260 20 246 3 0000 4 0000 5 0000 6 000 0 7 50 6 5 8 5 9 7 0 333 10 /// 58 000 6 000 0 7 0000 
15-JUN-2015 06 48074 3 2 4 59 6 18 03 10 310 20 258 3 0000 4 0057 5 0000 6 000 0 7 00 0 0 8 4 3 6 1 333 10 /// 58 005 6 000 0 7 0000 
15-JUN-2015 06 48075 3 2 5 58 7 22 01 10 290 20 230 3 0000 4 0043 5 0000 6 000 0 7 00 0 0 8 5 8 4 0 333 10 /// 58 008 6 000 0 7 0000 
15-JUN-2015 06 48077 3 2 5 59 7 23 01 10 328 20 258 3 0000 4 0040 5 0000 6 000 0 7 00 0 0 8 5 9 3 1 333 10 /// 59 004 6 000 0 7 0000 
15-JUN-2015 06 48078 3 2 5 58 4 18 01 10 326 20 253 3 0000 4 0060 5 0000 6 000 0 7 00 0 0 8 3 8 0 1 333 10 /// 59 005 6 000 0 7 0000 
15-JUN-2015 06 48080 3 2 4 60 4 22 02 10 320 20 248 3 0000 4 0064 5 0000 6 000 0 7 00 0 0 8 2 8 3 0 333 10 /// 58 010 6 000 0 7 0000 
15-JUN-2015 06 48085 3 2 4 58 5 32 03 10 292 20 259 3 0000 4 0060 5 0000 6 000 0 7 00 0 0 8 2 8 3 6 333 10 /// 58 003 6 000 0 7 0000 
15-JUN-2015 06 48087 2 2 5 60 6 23 01 10 330 20 244 3 0000 4 0000 5 0000 6 000 0 7 20 5 5 8 4 3 7 / 333 10 /// 58 000 6 000 0 7 0000 
15-JUN-2015 06 48092 3 2 4 57 6 13 01 10 310 20 261 3 0000 4 0043 5 0000 6 000 0 7 00 0 0 8 4 3 7 0 333 10 /// 59 008 6 000 0 7 0000 
15-JUN-2015 06 48093 3 2 6 57 6 23 01 10 323 20 265 3 0000 4 0000 5 0000 6 000 0 7 03 2 2 8 5 8 0 1 333 10 /// 58 000 6 000 0 7 0000 
15-JUN-2015 06 48094 2 1 4 58 7 22 01 10 275 20 260 3 0000 4 0066 5 0000 6 000 0 7 60 6 6 8 5 9 7 0 333 10 /// 58 004 6 000 0 7 0000 
15-JUN-2015 06 48095 3 2 4 58 7 22 01 10 320 20 281 3 0000 4 0000 5 0000 6 000 0 7 03 2 2 8 3 9 4 0 333 10 /// 58 000 6 000 0 7 0000 
15-JUN-2015 06 48097 3 2 5 57 7 23 01 10 325 20 246 3 0000 4 0075 5 0000 6 000 0 7 00 0 0 8 5 3 0 6 333 10 /// 59 005 6 000 0 7 0000 
15-JUN-2015 06 48099 3 2 5 56 5 23 02 10 315 20 265 3 0000 4 0060 5 0000 6 000 0 7 00 0 0 8 4 9 0 1 333 10 /// 59 008 6 000 0 7 0000 
15-JUN-2015 06 48101 3 2 5 59 6 00 00 10 320 20 265 3 0000 4 0000 5 0000 6 000 0 7 02 2 2 8 4 3 3 0 333 10 /// 58 000 6 000 0 7 0000 
15-JUN-2015 06 48103 3 2 3 56 6 22 01 10 327 20 258 3 0000 4 0059 5 0000 6 000 0 7 00 0 0 8 5 7 3 0 333 10 /// 59 005 6 000 0 7 0000 
15-JUN-2015 06 48107 3 2 3 50 6 27 01 10 324 20 265 3 0000 4 0068 5 0000 6 000 0 7 00 0 0 8 4 9 7 0 333 10 /// 59 000 6 000 0 7 0000 
15-JUN-2015 06 48108 3 2 5 96 7 36 02 10 315 20 251 3 0000 4 0070 5 0000 6 000 0 7 00 0 0 8 4 3 7 6 333 10 /// 59 006 6 000 0 7 0000 
15-JUN-2015 06 48109 3 2 4 96 7 00 00 10 300 20 266 3 0000 4 0072 5 0000 6 000 0 7 00 0 0 8 6 9 3 0 333 10 /// 59 008 6 000 0 7 0000 
15-JUN-2015 06 48110 2 1 4 96 8 18 01 10 275 20 268 3 0000 4 0076 5 0000 6 000 0 7 51 9 9 8 6 3 7 7 333 10 /// 59 001 6 000 0 7 0000 
15-JUN-2015 06 48112 2 1 4 96 8 22 02 10 245 20 245 3 0000 4 0094 5 0000 6 000 0 7 51 6 5 8 6 7 7 / 333 10 /// 58 008 6 000 0 7 0000 
