150300 48001 21340 83201 10230 20225 40018 76066 8572/ 333 56449 58014=
150300 48004 21110 80000 10265 20256 70562 8697/ 333 56559=
150300 48008 21450 80000 10260 20246 40008 76366 8597/ 333 56559 59002=
150300 48010 21430 80000 10270 20246 40003 887// 333 56499 59016=
150300 48018 21558 82201 10275 20270 40003 75055 8597/ 333 56559 59001=
150300 48019 22458 80000 10265 20260 40004 8577/ 333 56459 59003=
150300 48020 32458 63602 10310 20282 86700 333 56400=
150300 48025 32330 71401 10313 20267 49997 84841 333 56459 59013=
150300 48035 32560 82204 10258 20229 40008 8597/ 333 56569 58002=
150300 48037 22558 71802 10306 20254 49990 83822 333 56449 59017=
150300 48042 32559 51806 10322 20248 49999 83852 333 56449 59011=
150300 48045 32557 71403 10232 20143 83606 333 56505=
150300 48048 32560 21801 10320 20248 49994 82800 333 56900 59018=
150300 48051 32558 71302 10290 20260 84930 333 56490=
150300 48053 32456 51803 10290 20259 40007 82556 333 56499 59019=
150300 48060 21340 80000 10248 20233 40024 76365 86930 333 56690 58016=
150300 48062 21450 80902 10290 20260 40013 75055 86920 333 56590 59017=
150300 48071 22458 82702 10277 20268 40023 8597/ 333 5699/ 59008=
150300 48075 22457 70000 10250 20233 40041 85840 333 56590 58005=
150300 48077 32559 72301 10300 20253 40013 85931 333 56499 59011=
150300 48078 22550 51801 10282 20268 40035 83531 333 56499 59006=
150300 48080 21458 80402 10264 20246 40029 75266 85920 333 56690 59024=
150300 48085 21340 83205 10266 20246 40028 76366 86920 333 56690 59020=
150300 48095 22458 80000 10280 20268 85970 333 56590=
150300 48108 22494 82302 10255 20248 40065 75055 8537/ 333 5669/ 58007=
150300 48109 21496 82303 10272 20256 40048 70266 8697/ 333 5699/ 59005=
150300 48110 21496 81303 10275 20253 40067 70255 85357 333 56599 59002=
150300 48112 21496 82207 10255 20255 40079 75065 8677/ 333 5659/ 58005=
150300 48030 21256 82203 10194 20275 70155 86840 333 56560=
150300 48072 22458 81301 10295 20266 70322 8697/ 333 5659/=
150300 48087 32456 80000 10290 20259 8437/ 333 5649/=
150300 48099 21340 82302 10265 20246 40047 70255 8692/ 333 5659/ 59000=
150300 48101 21456 80000 10251 20251 76165 8697/ 333 5659/=
150300 48103 21340 82201 10260 20246 40047 70266 8677/ 333 5659/ 58001=
150300 48057 22458 41401 10226 20198 84300 333 56500=
150300 48094 21459 82201 10274 20260 40024 70255 86970 333 56590 59022=
150300 48097 22557 82401 10280 20259 40053 8535/ 333 5659/ 58003=
150300 48031 21258 60401 10220 20185 70144 84840 333 56490=
150300 48033 32562 71801 10300 20253 49999 86930 333 56440 59006=
150300 48034 21248 82301 10220 20220 75165 8692/ 333 5659/=
150300 48039 22460 61402 10300 20239 82852 333 56222=
150300 48043 32556 81806 10245 20219 8487/ 333 56599=
150300 48052 32458 42201 10334 20244 84800 333 56900=
150300 48055 22556 62303 10265 20221 40009 84331 333 56559 59001=
150300 48064 32458 40401 10303 20253 49992 83801 333 56409 59019=
150300 48065 22556 22101 10310 20267 81101 333 56909=
150300 48074 22458 71405 10280 20268 40020 84870 333 56440 59012=
150300 48092 21450 82301 10265 20243 40020 75066 8697/ 333 5659/ 59006=
150300 48093 21456 81801 10279 20268 75165 8697/ 333 56599=
150300 48107 22350 62301 10262 20262 40059 84970 333 56550 59001=  
