15-JUL-2015 06 48001 2 1 4 40 8 27 01 10 250 20 233 3 0000 4 0026 5 0000 6 000 0 7 50 5 5 8 4 8 7 / 333 10 /// 58 028 6 000 0 7 0000 
15-JUL-2015 06 48004 3 2 3 50 7 13 01 10 284 20 268 3 0000 4 0000 5 0000 6 000 0 7 00 0 0 8 7 9 0 0 333 10 /// 58 000 6 000 0 7 0000 
15-JUL-2015 06 48008 2 1 4 56 8 00 00 10 262 20 256 3 0000 4 0009 5 0000 6 000 0 7 65 6 6 8 4 9 7 / 333 10 /// 58 016 6 000 0 7 0000 
15-JUL-2015 06 48010 3 2 4 56 7 00 00 10 285 20 274 3 0000 4 9998 5 0000 6 000 0 7 00 0 0 8 5 8 3 0 333 10 /// 59 002 6 000 0 7 0000 
15-JUL-2015 06 48018 2 1 5 58 8 22 01 10 278 20 256 3 0000 4 0014 5 0000 6 000 0 7 21 6 6 8 5 9 7 / 333 10 /// 58 022 6 000 0 7 0000 
15-JUL-2015 06 48019 2 1 4 57 8 00 00 10 274 20 256 3 0000 4 0004 5 0000 6 000 0 7 61 6 6 8 5 7 7 / 333 10 /// 58 009 6 000 0 7 0000 
15-JUL-2015 06 48020 3 2 4 56 6 32 02 10 342 20 288 3 0000 4 0000 5 0000 6 000 0 7 00 0 0 8 6 8 0 0 333 10 /// 58 000 6 000 0 7 0000 
15-JUL-2015 06 48025 3 2 4 56 6 14 01 10 347 20 280 3 0000 4 9990 5 0000 6 000 0 7 00 0 0 8 4 8 7 0 333 10 /// 59 001 6 000 0 7 0000 
15-JUL-2015 06 48030 3 2 2 56 6 22 03 10 238 20 174 3 0000 4 0000 5 0000 6 000 0 7 00 0 0 8 3 9 4 0 333 10 /// 58 000 6 000 0 7 0000 
15-JUL-2015 06 48031 3 1 2 58 5 14 01 10 260 20 203 3 0000 4 0000 5 0000 6 000 0 7 00 0 0 8 4 8 4 0 333 10 /// 58 000 6 000 0 7 0000 
15-JUL-2015 06 48033 3 2 5 63 4 18 01 10 340 20 257 3 0000 4 9993 5 0000 6 000 0 7 00 0 0 8 4 8 0 0 333 10 /// 58 001 6 000 0 7 0000 
15-JUL-2015 06 48034 2 1 3 56 7 18 01 10 250 20 226 3 0000 4 0000 5 0000 6 000 0 7 20 5 5 8 7 3 0 0 333 10 /// 58 000 6 000 0 7 0000 
15-JUL-2015 06 48035 3 2 5 60 8 22 02 10 281 20 233 3 0000 4 9993 5 0000 6 000 0 7 00 0 0 8 4 9 6 0 333 10 /// 58 008 6 000 0 7 0000 
15-JUL-2015 06 48037 3 2 5 60 6 14 01 10 355 20 237 3 0000 4 9995 5 0000 6 000 0 7 00 0 0 8 3 8 0 2 333 10 /// 58 012 6 000 0 7 0000 
15-JUL-2015 06 48039 3 2 4 60 8 14 01 10 328 20 258 3 0000 4 0000 5 0000 6 000 0 7 00 0 0 8 5 9 0 2 333 10 /// 58 000 6 000 0 7 0000 
15-JUL-2015 06 48042 3 2 5 59 5 13 05 10 355 20 242 3 0000 4 9991 5 0000 6 000 0 7 00 0 0 8 4 8 0 2 333 10 /// 59 008 6 000 0 7 0000 
15-JUL-2015 06 48043 3 2 5 56 6 18 05 10 275 20 220 3 0000 4 0000 5 0000 6 000 0 7 00 0 0 8 5 8 3 0 333 10 /// 58 000 6 000 0 7 0000 
15-JUL-2015 06 48045 3 1 2 30 8 14 03 10 256 20 229 3 0000 4 0000 5 0000 6 000 0 7 40 4 4 8 8 6 / / 333 10 /// 58 000 6 000 0 7 0000 
15-JUL-2015 06 48048 3 2 5 60 6 18 01 10 350 20 240 3 0000 4 9993 5 0000 6 000 0 7 00 0 0 8 5 9 5 0 333 10 /// 58 002 6 000 0 7 0000 
15-JUL-2015 06 48051 3 2 5 59 7 31 01 10 300 20 270 3 0000 4 0000 5 0000 6 000 0 7 02 5 5 8 4 9 3 0 333 10 /// 58 000 6 000 0 7 0000 
15-JUL-2015 06 48052 3 2 4 68 4 13 02 10 382 20 240 3 0000 4 0000 5 0000 6 000 0 7 00 0 0 8 4 8 0 0 333 10 /// 58 000 6 000 0 7 0000 
15-JUL-2015 06 48053 3 2 4 56 6 18 04 10 340 20 257 3 0000 4 0001 5 0000 6 000 0 7 00 0 0 8 5 9 0 6 333 10 /// 59 002 6 000 0 7 0000 
15-JUL-2015 06 48055 3 2 5 57 5 23 03 10 300 20 239 3 0000 4 9975 5 0000 6 000 0 7 00 0 0 8 5 3 0 0 333 10 /// 59 004 6 000 0 7 0000 
15-JUL-2015 06 48057 3 2 4 58 5 13 01 10 236 20 209 3 0000 4 0000 5 0000 6 000 0 7 00 0 0 8 4 9 0 1 333 10 /// 58 000 6 000 0 7 0000 
15-JUL-2015 06 48060 3 1 3 40 8 00 00 10 246 20 233 3 0000 4 0033 5 0000 6 000 0 7 02 6 5 8 6 9 3 0 333 10 /// 58 041 6 000 0 7 0000 
15-JUL-2015 06 48062 2 2 4 56 8 18 01 10 280 20 270 3 0000 4 0012 5 0000 6 000 0 7 02 6 5 8 6 9 7 0 333 10 /// 59 011 6 000 0 7 0000 
15-JUL-2015 06 48064 3 2 4 60 7 04 01 10 338 20 270 3 0000 4 9977 5 0000 6 000 0 7 00 0 0 8 5 8 3 1 333 10 /// 59 008 6 000 0 7 0000 
15-JUL-2015 06 48065 3 2 5 57 7 14 02 10 335 20 257 3 0000 4 0000 5 0000 6 000 0 7 00 0 0 8 5 3 7 0 333 10 /// 58 000 6 000 0 7 0000 
15-JUL-2015 06 48071 2 1 4 58 8 23 03 10 300 20 266 3 0000 4 0018 5 0000 6 000 0 7 01 5 5 8 5 9 7 / 333 10 /// 59 011 6 000 0 7 0000 
15-JUL-2015 06 48072 2 1 4 58 8 09 01 10 290 20 268 3 0000 4 0000 5 0000 6 000 0 7 50 9 5 8 6 9 7 / 333 10 /// 58 000 6 000 0 7 0000 
15-JUL-2015 06 48074 3 2 4 60 6 04 03 10 310 20 267 3 0000 4 0025 5 0000 6 000 0 7 00 0 0 8 4 8 0 6 333 10 /// 58 000 6 000 0 7 0000 
15-JUL-2015 06 48075 3 2 4 58 7 22 01 10 280 20 220 3 0000 4 0025 5 0000 6 000 0 7 00 0 0 8 5 7 7 0 333 10 /// 58 026 6 000 0 7 0000 
15-JUL-2015 06 48077 3 2 5 59 8 00 00 10 312 20 267 3 0000 4 0012 5 0000 6 000 0 7 00 0 0 8 5 9 3 1 333 10 /// 59 007 6 000 0 7 0000 
15-JUL-2015 06 48078 3 2 5 57 5 18 01 10 305 20 260 3 0000 4 0029 5 0000 6 000 0 7 00 0 0 8 4 8 0 1 333 10 /// 59 000 6 000 0 7 0000 
15-JUL-2015 06 48080 3 2 4 59 7 22 05 10 300 20 266 3 0000 4 0028 5 0000 6 000 0 7 00 0 0 8 5 8 7 0 333 10 /// 59 005 6 000 0 7 0000 
15-JUL-2015 06 48087 3 2 4 58 8 23 03 10 320 20 265 3 0000 4 0000 5 0000 6 000 0 7 03 2 2 8 5 3 7 / 333 10 /// 58 000 6 000 0 7 0000 
15-JUL-2015 06 48092 2 2 4 56 8 13 03 10 290 20 274 3 0000 4 0016 5 0000 6 000 0 7 00 0 0 8 6 9 7 / 333 10 /// 58 001 6 000 0 7 0000 
15-JUL-2015 06 48093 2 1 4 56 8 14 01 10 258 20 246 3 0000 4 0000 5 0000 6 000 0 7 61 6 5 8 6 9 7 / 333 10 /// 58 000 6 000 0 7 0000 
15-JUL-2015 06 48094 2 1 4 59 8 22 01 10 295 20 255 3 0000 4 0027 5 0000 6 000 0 7 50 6 5 8 5 9 7 0 333 10 /// 59 003 6 000 0 7 0000 
15-JUL-2015 06 48095 3 2 4 58 8 00 00 10 300 20 253 3 0000 4 0000 5 0000 6 000 0 7 00 0 0 8 3 9 7 0 333 10 /// 58 000 6 000 0 7 0000 
15-JUL-2015 06 48097 2 1 4 56 8 23 01 10 270 20 263 3 0000 4 0038 5 0000 6 000 0 7 50 5 5 8 5 9 2 / 333 10 /// 58 001 6 000 0 7 0000 
15-JUL-2015 06 48099 2 1 4 40 7 13 02 10 278 20 250 3 0000 4 0042 5 0000 6 000 0 7 01 5 5 8 5 9 7 / 333 10 /// 58 002 6 000 0 7 0000 
15-JUL-2015 06 48101 2 1 5 58 8 00 00 10 280 20 250 3 0000 4 0000 5 0000 6 000 0 7 02 6 5 8 5 9 2 / 333 10 /// 58 000 6 000 0 7 0000 
15-JUL-2015 06 48103 2 1 3 50 8 22 01 10 262 20 262 3 0000 4 0042 5 0000 6 000 0 7 50 6 6 8 6 7 7 / 333 10 /// 58 002 6 000 0 7 0000 
15-JUL-2015 06 48107 2 1 3 30 8 23 01 10 270 20 256 3 0000 4 0058 5 0000 6 000 0 7 01 6 5 8 4 9 7 / 333 10 /// 58 001 6 000 0 7 0000 
15-JUL-2015 06 48108 2 1 4 95 8 23 03 10 265 20 251 3 0000 4 0060 5 0000 6 000 0 7 50 5 5 8 5 3 7 / 333 10 /// 58 002 6 000 0 7 0000 
15-JUL-2015 06 48109 3 2 4 97 8 23 02 10 282 20 268 3 0000 4 0041 5 0000 6 000 0 7 00 0 0 8 6 9 7 / 333 10 /// 58 001 6 000 0 7 0000 
15-JUL-2015 06 48110 2 1 4 95 8 23 02 10 265 20 258 3 0000 4 0068 5 0000 6 000 0 7 51 6 5 8 6 3 2 / 333 10 /// 58 012 6 000 0 7 0000 
15-JUL-2015 06 48112 2 1 4 96 8 27 03 10 252 20 252 3 0000 4 0080 5 0000 6 000 0 7 50 6 5 8 6 7 7 / 333 10 /// 58 006 6 000 0 7 0000 
