



*-*-*


<!--
.style2 {
	font-family:"Courier New", Courier, monospace;
	font-size: 14px;
}
-->






SMBM01 VBRR 151200

AAXX 15124

48001 22430 73201 10280 20233 40074 84960 333 10292 56110 58042

 69902=

48004 22458 63202 10274 20226 86900 333 10290 56500 69902=

48008 32557 60000 10317 20237 40050 83970 333 10338 56450 58016

 60002=

48010 32540 60000 10315 20265 40044 84930 333 10325 56760 58012

 60002=

48018 32558 50401 10340 20240 40048 70122 82872 333 10360 56569 58028

 60002=

48019 32456 50000 10308 20253 40044 82661 333 10328 56466 58014

 60002=

48020 32350 60000 10350 20240 86700 333 10375 56500 60002=

48025 31440 53202 10370 20207 40038 70444 83841 333 10399 56559 58013

 60002=

48030 31250 52202 10244 20191 70544 84840 333 10275 56560 60002=

48031 31258 70402 10240 20174 70544 85870 333 10265 56490 60002=

48033 32562 31301 10360 20249 40038 83900 333 10385 56600 58011

 60002=

48034 21456 80401 10224 20202 71796 8697/ 333 10310 5659/ 60072=

48035 31540 60000 10248 20205 40063 70522 84960 333 10346 56490 58032

 60002=

48037 32557 60401 10387 20253 40025 83801 333 10410 56609 58009

 60002=

48039 32460 60401 10340 20257 83102 333 10367 56606 60002=

48042 32558 50000 10358 20264 40023 81202 333 10375 56909 59004

 60002=

48043 32030 30000 10280 20220 80002 333 10305 56009 60002=

48045 31456 62301 10261 20138 70499 82806 333 10321 56509 60002=

48048 32550 40401 10394 20233 40026 84800 333 10450 56500 58006=

48051 32559 12703 10357 20260 81200 333 10402 56900 60002=

48052 32450 52204 10384 20240 85900 333 10442 56900 60002=

48053 32450 71802 10360 20264 40036 84950 333 10380 56590 58015

 60002=

48055 32556 72303 10277 20215 40049 70299 84946 333 10319 56559 58020

 60002=

48057 21457 71501 10200 20200 70396 85951 333 10303 56699 60292=

48060 32430 52702 10320 20184 40033 82106 333 10352 56509 58005

 60002=

48062 NIL=

48064 32450 80401 10365 20264 40019 85970 333 10435 56440 58002

 60002=

48065 32450 72203 10360 20294 84870 333 10431 56990 60002=

48071 32956 02704 10325 20258 40068 333 10355 58000 60002=

48072 32957 02704 10320 20265 333 10370 60002=

48074 32457 61401 10366 20258 40053 83902 333 10397 56660 58003

 60002=

48075 31456 73201 10290 20220 40056 71799 85970 333 10355 56590 58007

 60002=

48077 32556 72302 10362 20235 40038 85931 333 10394 56999 59004

 60002=

48078 32556 41802 10368 20252 40054 83301 333 10405 56609 58001

 60002=

48080 32458 42302 10320 20248 40071 82870 333 10385 56690 59022

 60002=

48085 32456 62704 10326 20258 40070 84806 333 10358 56709 59002

 60002=

48087 32450 72303 10320 20248 8437/ 333 10394 5649/ 60002=

48092 31556 41808 10320 20248 40054 70522 83301 333 10395 56909 59004

 60002=

48093 32950 22304 10398 20239 80001 333 10378 56009 60002=

48094 32456 72202 10300 20240 40072 85940 333 10390 56990 59004

 60002=

48095 32456 72203 10320 20248 84970 333 10374 56990 60002=

48097 32557 63302 10310 20254 40080 82836 333 10385 56999 58009

 60002=

48099 32450 61801 10310 20237 40086 85930 333 10372 56550 58008

 60002=

48101 32556 61302 10302 20239 84931 333 10357 56599 60002=

48103 22440 52202 10302 20239 40081 85500 333 10343 56500 59004

 60062=

48107 22340 62302 10288 20248 40091 84970 333 10315 56550 59008

 60022=

48108 22595 73201 10290 20248 40101 84366 333 10335 56999 59009

 69902=

48109 32496 60000 10301 20266 40095 8697/ 333 10345 5699/ 58009

 60002=

48110 32596 82702 10310 20267 40094 82357 333 10350 56999 59023

 60002=

48112 32597 80401 10310 20252 40097 83876 333 10355 56199 59008

 60002=  





