150900 48001 31450 80000 10270 20191 40126 8477/ 333 56449 58042=
150900 48004 31556 21301 10333 20191 70511 82800 333 56900=
150900 48008 31557 21401 10328 20151 40103 70544 82200 333 56300 58012=
150900 48010 32560 40000 10350 20182 40095 83301 333 56606 58007=
150900 48018 32560 50402 10350 20158 40100 83870 333 56120 58021=
150900 48019 32560 22302 10342 20206 40096 80002 333 56006 58015=
150900 48025 31440 10000 10383 20150 40091 70544 81100 333 56900 58004=
150900 48035 31920 00000 10317 20089 40064 70500 333 58004=
150900 48037 31950 03601 10392 20131 40093 70544 333 59003=
150900 48042 32957 03201 10375 20159 40100 333 58022=
150900 48045 31558 21803 10300 29016 70400 82800 333 56500=
150900 48048 32962 00401 10380 20159 40101 333 58007=
150900 48051 31960 03104 10380 20150 70500 80000 333 56000=
150900 48053 31950 03602 10360 20177 40098 70500 333 58008=
150900 48060 31940 02204 10330 20106 40065 70522 333 58004=
150900 48062 31950 02710 10315 20250 40116 70500 80000 333 56000 59001=
150900 48071 32960 03205 10310 20237 40118 333 59005=
150900 48075 31957 03201 10340 20098 40074 70500 333 59001=
150900 48077 31958 00401 10370 20148 40095 70500 333 58006=
150900 48078 32557 21801 10358 20195 40102 81501 333 56409 58003=
150900 48080 31959 02201 10345 20237 40106 70500 333 59015=
150900 48085 31458 13205 10304 20239 40115 70500 81100 333 56700 59006=
150900 48095 32960 00401 10340 20225 333=
150900 48108 32596 43203 10367 20227 40116 82806 333 56709 59013=
150900 48109 32997 03601 10312 20237 40136 70222 80000 333 56000 59006=
150900 48110 32596 22306 10340 20184 40120 81305 333 56909 59007=
150900 48112 32597 32303 10350 20240 40118 70322 83876 333 56799 58000=
150900 48030 31256 12203 10240 20034 70544 81300 333 56500=
150900 48072 32960 02705 10330 20258 70222 80000 333 56000=
150900 48099 32560 32305 10370 20190 40101 83800 333 56500 59006=
150900 48101 32960 01401 10333 20244 333=
150900 48103 32956 02201 10358 20214 40106 333 56000 59014=
150900 48057 32960 03202 10296 20098 80000 333 56000=
150900 48094 32960 03203 10340 20240 40107 333 59008=
150900 48097 32557 12403 10360 20195 40112 81500 333 56900 59001=
150900 48031 31258 32203 10274 20113 70511 82840 333 56590=
150900 48033 32963 03302 10375 20240 40105 333 58016=
150900 48034 32958 02302 10302 20039 333=
150900 48039 32956 30000 10355 20156 80002 333 56009=
150900 48043 32059 03206 10290 20159 333=
150900 48052 32970 00402 10391 20131 333=
150900 48055 31556 13604 10329 20106 40057 70511 81500 333 56500 58012=
150900 48064 32970 01401 10374 20224 40076 333 59005=
150900 48065 32970 02207 10394 20131 333=
150900 48074 32560 12301 10355 20195 40103 81500 333 56900 59002=
150900 48092 32958 01303 10350 20237 40087 80000 333 56000 58003=
150900 48093 32958 00401 10370 20190 333=
150900 48107 32950 02702 10340 20206 40107 80000 333 56000 59010=  48001 31450 80000 10270 20191 40126 8477/ 333 56449 58042=
150900 48004 31556 21301 10333 20191 70511 82800 333 56900=
150900 48008 32557 21401 10328 20151 40103 70544 82200 333 56300 58012=
150900 48010 32560 40000 10350 20162 40095 83301 333 56606 58007=
150900 48018 32560 50402 10350 20158 40100 83870 333 56120 58021=
150900 48019 32560 22302 10342 20206 40096 80002 333 56006 58015=
150900 48025 31440 10000 10383 20150 40091 70544 81100 333 56900 58004=
150900 48030 31256 12203 10240 20034 70544 81300 333 56500=
150900 48031 31258 32203 10274 20113 70511 82840 333 56590=
150900 48033 32963 03302 10375 20240 40105 333 58016=
150900 48034 32958 02302 10302 20039 333=
150900 48035 31920 00000 10317 20085 40064 70500 333 58004=
150900 48037 31950 03601 10392 20131 40093 70544 333 59003=
150900 48039 32956 30000 10355 20158 80002 333 56009=
150900 48042 32957 03201 10375 20159 40100 333 58022=
150900 48043 32059 03206 10290 20159 333=
150900 48045 31558 21803 10300 29016 70200 82800 333 56500=
150900 48048 32962 00401 10380 20159 40101 333 58007=
150900 48051 31960 03104 10380 20150 70500 333=
150900 48052 32970 00402 10391 20131 333=
150900 48053 31950 03602 10360 20177 40098 70500 333 58008=
150900 48055 31556 13604 10329 20106 40057 70511 81500 333 56500 58012=
150900 48057 32960 03202 10296 20098 333=
150900 48060 31940 02204 10330 20106 40065 70522 333 58004=
150900 48062 31950 02710 10315 20250 40116 70500 333 59001=
150900 48064 32970 01401 10374 20224 40076 333 59005=
150900 48065 32970 02207 10394 20131 333=
150900 48071 32960 03205 10310 20237 40118 333 59005=
150900 48072 32960 02705 10335 20258 70222 333=
150900 48074 32560 12301 10355 20195 40103 81500 333 56900 59002=
150900 48075 31957 03201 10340 20098 40074 70500 333 59001=
150900 48077 31958 00401 10370 20148 40095 70500 333 58006=
150900 48078 32557 21801 10358 20195 40102 81501 333 56409 58003=
150900 48080 31959 02201 10345 20237 40106 70500 333 59015=
150900 48085 31458 13205 10304 20239 40115 70500 81100 333 56700 59006=
150900 48092 32958 01303 10350 20237 40087 333 58003=
150900 48093 32958 00401 10370 20190 333=
150900 48094 32960 03203 10340 20240 40107 333 59008=
150900 48095 32960 00401 10340 20225 333=
150900 48097 32557 12403 10360 20195 40112 70211 81500 333 56900 59001=
150900 48099 32560 32305 10370 20190 40101 83800 333 56500 59006=
150900 48101 32960 01401 10333 20244 333=
150900 48103 32956 02201 10358 20214 40106 333 59014=
150900 48107 32950 02702 10340 20206 40107 333 59010=
150900 48108 32596 43203 10367 20227 40116 82806 333 56709 59013=
150900 48109 32997 03601 10312 20237 40136 70222 333 59006=
150900 48110 32596 22306 10340 20184 40120 81305 333 56909 59007=
150900 48112 32597 32303 10350 20240 40118 70322 83876 333 56799 58000=  
