15-MAR-2015 12 48004 3 1 5 56 2 00 00 10 293 20 230 3 0000 4 0000 5 0000 6 000 0 7 05 1 1 8 2 8 0 0 333 10 336 58 000 6 000 0 7 0000 
15-MAR-2015 12 48008 3 1 5 50 4 14 01 10 305 20 203 3 0000 4 0093 5 0000 6 000 0 7 05 4 4 8 2 4 3 0 333 10 335 58 009 6 000 0 7 0000 
15-MAR-2015 12 48010 3 1 5 40 4 00 00 10 310 20 203 3 0000 4 0091 5 0000 6 000 0 7 05 4 4 8 0 0 3 1 333 10 356 58 012 6 000 0 7 0000 
15-MAR-2015 12 48018 3 2 5 56 3 04 01 10 315 20 184 3 0000 4 0089 5 0000 6 000 0 7 00 0 0 8 3 8 0 0 333 10 355 58 011 6 000 0 7 0000 
15-MAR-2015 12 48019 3 2 5 50 2 00 00 10 308 20 223 3 0000 4 0095 5 0000 6 000 0 7 00 0 0 8 0 0 0 6 333 10 344 59 012 6 000 0 7 0000 
15-MAR-2015 12 48020 3 1 9 40 0 00 00 10 325 20 212 3 0000 4 0000 5 0000 6 000 0 7 05 0 0 8 0 0 0 0 333 10 380 58 000 6 000 0 7 0000 
15-MAR-2015 12 48025 3 1 4 40 5 04 01 10 356 20 177 3 0000 4 0090 5 0000 6 000 0 7 05 4 4 8 3 8 4 1 333 10 386 58 007 6 000 0 7 0000 
15-MAR-2015 12 48030 3 1 2 50 3 22 03 10 223 20 000 3 0000 4 0000 5 0000 6 000 0 7 00 0 0 8 0 0 0 0 333 10 /// 58 000 6 000 0   8280 
15-MAR-2015 12 48031 3 1 2 57 3 14 02 10 232 20 045 3 0000 4 0000 5 0000 6 000 0 7 05 1 1 8 1 2 7 0 333 10 280 58 000 6 000 0 7 0000 
15-MAR-2015 12 48033 3 2 9 62 1 00 00 10 350 20 240 3 0000 4 0083 5 0000 6 000 0 7 00 0 0 8 0 0 0 1 333 10 380 59 002 6 000 0 7 0000 
15-MAR-2015 12 48034 3 2 4 56 2 00 00 10 257 20 102 3 0000 4 0000 5 0000 6 000 0 7 00 0 0 8 1 5 0 1 333 10 310 58 000 6 000 0 7 0000 
15-MAR-2015 12 48035 3 1 5 40 2 32 03 10 279 20 043 3 0000 4 0084 5 0000 6 000 0 7 05 0 0 8 1 5 0 1 333 10 319 58 006 6 000 0 7 0000 
15-MAR-2015 12 48037 3 1 9 40 4 00 00 10 267 20 207 3 0000 4 0081 5 0000 6 000 0 7 05 4 4 8 0 0 0 9 333 10 398 58 008 6 000 0 7 0000 
15-MAR-2015 12 48039 3 2 4 56 3 00 00 10 329 20 172 3 0000 4 0000 5 0000 6 000 0 7 00 0 0 8 3 4 0 0 333 10 365 58 000 6 000 0 7 0000 
15-MAR-2015 12 48042 3 1 5 56 1 00 00 10 348 20 202 3 0000 4 0096 5 0000 6 000 0 7 05 1 1 8 1 1 0 0 333 10 380 58 015 6 000 0 7 0000 
15-MAR-2015 12 48043 3 2 9 30 0 00 00 10 255 20 138 3 0000 4 0000 5 0000 6 000 0 7 00 0 0 8 0 0 0 0 333 10 297 58 000 6 000 0 7 0000 
15-MAR-2015 12 48045 3 1 5 56 3 14 02 10 268 20 022 3 0000 4 0000 5 0000 6 000 0 7 04 0 0 8 3 8 0 0 333 10 305 58 000 6 000 0 7 0000 
15-MAR-2015 12 48048 3 1 5 50 2 04 01 10 333 20 191 3 0000 4 0096 5 0000 6 000 0 7 10 4 4 8 3 8 0 0 333 10 385 58 012 6 000 0 7 0000 
15-MAR-2015 12 48051 3 2 9 59 0 31 02 10 293 20 180 3 0000 4 0000 5 0000 6 000 0 7 00 0 0 8 0 0 0 0 333 10 385 58 000 6 000 0 7 0000 
15-MAR-2015 12 48052 3 2 4 50 3 00 00 10 364 20 195 3 0000 4 0000 5 0000 6 000 0 7 00 0 0 8 3 8 0 0 333 10 401 58 000 6 000 0 7 0000 
15-MAR-2015 12 48053 3 1 9 40 0 36 01 10 300 20 185 3 0000 4 0099 5 0000 6 000 0 7 05 0 0 8 0 0 0 0 333 10 360 58 017 6 000 0 7 0000 
15-MAR-2015 12 48055 3 1 5 56 1 36 01 10 284 20 152 3 0000 4 0078 5 0000 6 000 0 7 05 1 1 8 1 5 0 0 333 10 335 58 026 6 000 0 7 0000 
15-MAR-2015 12 48057 3 2 9 56 0 14 01 10 247 20 105 3 0000 4 0000 5 0000 6 000 0 7 00 0 0 8 0 0 0 0 333 10 298 58 000 6 000 0 7 0000 
15-MAR-2015 12 48060 3 2 9 20 0 00 00 10 280 20 098 3 0000 4 0089 5 0000 6 000 0 7 00 0 0 8 0 0 0 0 333 10 340 59 010 6 000 0 7 0000 
15-MAR-2015 12 48062 3 1 9 40 0 27 09 10 280 20 250 3 0000 4 0108 5 0000 6 000 0 7 05 0 0 8 0 0 0 0 333 10 330 59 003 6 000 0 7 0000 
15-MAR-2015 12 48064 3 2 9 50 1 14 01 10 340 20 206 3 0000 4 0078 5 0000 6 000 0 7 00 0 0 8 0 0 0 1 333 10 382 58 010 6 000 0 7 0000 
15-MAR-2015 12 48065 3 2 9 50 1 00 00 10 335 20 164 3 0000 4 0000 5 0000 6 000 0 7 00 0 0 8 0 0 0 1 333 10 394 58 000 6 000 0 7 0000 
15-MAR-2015 12 48071 3 2 9 56 0 27 02 10 290 20 248 3 0000 4 0115 5 0000 6 000 0 7 00 0 0 8 0 0 0 0 333 10 318 59 005 6 000 0 7 0000 
15-MAR-2015 12 48072 3 2 9 57 0 32 01 10 280 20 250 3 0000 4 0000 5 0000 6 000 0 7 00 0 0 8 0 0 0 0 333 10 335 58 000 6 000 0 7 0000 
15-MAR-2015 12 48074 3 2 5 58 1 00 00 10 340 20 225 3 0000 4 0095 5 0000 6 000 0 7 00 0 0 8 1 5 0 0 333 10 358 58 002 6 000 0 7 0000 
15-MAR-2015 12 48075 3 1 9 56 0 27 01 10 290 20 106 3 0000 4 0090 5 0000 6 000 0 7 05 0 0 8 0 0 0 0 333 10 342 59 008 6 000 0 7 0000 
15-MAR-2015 12 48077 3 1 9 56 0 00 00 10 330 20 172 3 0000 4 0089 5 0000 6 000 0 7 05 0 0 8 0 0 0 0 333 10 372 58 005 6 000 0 7 0000 
15-MAR-2015 12 48078 3 2 9 50 2 00 00 10 336 20 219 3 0000 4 0100 5 0000 6 000 0 7 00 0 0 8 0 0 0 2 333 10 360 59 001 6 000 0 7 0000 
15-MAR-2015 12 48080 3 1 9 56 0 32 01 10 305 20 237 3 0000 4 0110 5 0000 6 000 0 7 05 0 0 8 0 0 0 0 333 10 350 58 013 6 000 0 7 0000 
15-MAR-2015 12 48085 3 1 9 56 0 32 03 10 280 20 233 3 0000 4 0116 5 0000 6 000 0 7 05 0 0 8 0 0 0 0 333 10 308 59 007 6 000 0 7 0000 
15-MAR-2015 12 48087 3 2 9 40 0 00 00 10 310 20 203 3 0000 4 0000 5 0000 6 000 0 7 00 0 0 8 0 0 0 0 333 10 370 58 000 6 000 0 7 0000 
15-MAR-2015 12 48092 3 1 9 56 0 13 03 10 320 20 273 3 0000 4 0094 5 0000 6 000 0 7 05 0 0 8 0 0 0 0 333 10 355 59 004 6 000 0 7 0000 
15-MAR-2015 12 48093 3 2 9 50 0 32 01 10 332 20 172 3 0000 4 0000 5 0000 6 000 0 7 00 0 0 8 0 0 0 0 333 10 372 58 000 6 000 0 7 0000 
15-MAR-2015 12 48094 3 2 9 56 0 32 02 10 295 20 240 3 0000 4 0110 5 0000 6 000 0 7 00 0 0 8 0 0 0 0 333 10 355 59 014 6 000 0 7 0000 
15-MAR-2015 12 48095 3 2 9 56 0 22 02 10 320 20 236 3 0000 4 0000 5 0000 6 000 0 7 00 0 0 8 0 0 0 0 333 10 340 58 000 6 000 0 7 0000 
15-MAR-2015 12 48096 3 2 9 57 0 14 06 10 300 20 223 3 0000 4 0110 5 0000 6 000 0 7 00 0 0 8 0 0 0 0 333 10 355 59 006 6 000 0 7 0000 
15-MAR-2015 12 48097 3 2 5 56 2 14 03 10 300 20 231 3 0000 4 0117 5 0000 6 000 0 7 00 0 0 8 2 5 0 0 333 10 365 59 003 6 000 0 7 0000 
15-MAR-2015 12 48099 3 1 4 40 2 23 04 10 316 20 236 3 0000 4 0106 5 0000 6 000 0 7 05 1 1 8 2 5 0 0 333 10 373 59 011 6 000 0 7 0000 
15-MAR-2015 12 48101 3 2 9 56 0 14 03 10 283 20 250 3 0000 4 0000 5 0000 6 000 0 7 00 0 0 8 0 0 0 0 333 10 334 58 000 6 000 0 7 0000 
15-MAR-2015 12 48103 3 2 9 40 0 22 01 10 302 20 223 3 0000 4 0113 5 0000 6 000 0 7 00 0 0 8 0 0 0 0 333 10 372 59 006 6 000 0 7 0000 
15-MAR-2015 12 48107 3 2 9 40 2 27 01 10 290 20 230 3 0000 4 0112 5 0000 6 000 0 7 00 0 0 8 0 0 0 6 333 10 353 59 007 6 000 0 7 0000 
15-MAR-2015 12 48108 3 2 5 96 4 32 01 10 308 20 224 3 0000 4 0122 5 0000 6 000 0 7 00 0 0 8 1 4 0 6 333 10 380 59 009 6 000 0 7 0000 
15-MAR-2015 12 48109 3 2 9 97 0 36 01 10 289 20 248 3 0000 4 0137 5 0000 6 000 0 7 00 0 0 8 0 0 0 0 333 10 320 59 001 6 000 0 7 0000 
15-MAR-2015 12 48110 3 2 5 96 3 32 04 10 305 20 223 3 0000 4 0119 5 0000 6 000 0 7 00 0 0 8 1 3 0 5 333 10 340 59 006 6 000 0 7 0000 
15-MAR-2015 12 48112 3 2 5 97 8 32 03 10 300 20 223 3 0000 4 0125 5 0000 6 000 0 7 00 0 0 8 3 8 7 6 333 10 360 59 003 6 000 0 7 0000 
