48001 21430 81401 10260 20229 40107 75055 8487/ 333 56779 58023=
48004 21110 83201 10266 20240 75022 8797/ 333 56559=
48008 32557 63201 10294 20230 40089 83970 333 56450 59010=
48010 22540 80000 10275 20250 40085 8577/ 333 56669 59013=
48018 32558 73201 10295 20230 40094 83872 333 56559 58012=
48019 32560 53201 10314 20254 40083 83560 333 56660 59005=
48020 32350 83602 10300 20239 88700 333 56500=
48025 31320 63601 10313 20225 40091 70444 85870 333 56550 59005=
48030 32256 32201 10200 20150 82840 333 56560=
48031 31658 80402 10215 20156 70544 888// 333 56999=
48033 32962 01801 10315 20265 40086 333 58010=
48034 22456 50402 10250 20205 85800 333 56500=
48035 32560 21203 10297 20207 40089 82200 333 56700 58001=
48037 22557 21401 10330 20244 40068 82200 333 56600 59016=
48039 22959 31401 10300 20253 80002 333 56009=
48042 22557 21303 10295 20263 40092 81202 333 56909 59001=
48043 32057 01806 10260 20229 333=
48045 31957 01402 10280 20140 70444 333=
48048 32560 21801 10360 20249 40089 82800 333 56900 58000=
48051 32559 33602 10324 20270 83800 333 56600=
48052 32970 02202 10372 20227 333=
48053 22956 41803 10310 20254 40109 80056 333 56099 58004=
48055 22556 80405 10230 20214 40127 85970 333 56550 58035=
48057 22457 71501 10236 20191 85350 333 56590=
48060 31440 20000 10295 20219 40091 70522 82100 333 56500 59014=
48062 32557 63202 10310 20280 40115 84970 333 56690 58007=
48064 32960 00901 10345 20257 40084 333 58000=
48065 32970 20000 10362 20249 80031 333 56099=
48071 32458 23203 10325 20258 40118 82300 333 56900 58010=
48072 32460 13202 10330 20275 81200 333 56900=
48074 32458 61803 10320 20265 40117 84860 333 56440 58005=
48075 32457 63201 10270 20230 40111 82141 333 56788 58004=
48077 32959 00000 10330 20224 40101 333 59011=
48078 32556 41801 10316 20251 40120 83501 333 56509 58014=
48080 32459 70403 10324 20265 40126 85870 333 56590 58021=
48085 32458 52704 10330 20258 40115 83336 333 56899 58016=
48087 32960 02302 10330 20244 333=
48092 31456 52301 10320 20257 40111 70522 85800 333 56900 58023=
48093 32658 51401 10328 20258 84801 333 56309=
48094 32459 43202 10325 20275 40119 83940 333 56690 58019=
48095 32458 50000 10330 20258 83602 333 56909=
48096 32457 53505 10310 20254 40122 82540 333 56990 58009=
48097 32557 63302 10315 20251 40123 82836 333 56999 58008=
48099 21450 62301 10312 20254 40120 70355 84931 333 56559 58011=
48101 32559 50000 10322 20248 82215 333 56699=
48103 32457 41402 10332 20244 40120 85500 333 56300 58012=
48107 22350 43201 10314 20254 40121 84900 333 56500 58013=
48108 22596 62301 10290 20248 40132 83336 333 56699 58012=
48109 32497 52301 10330 20275 40123 84901 333 56609 58013=
48110 21596 51302 10300 20253 40132 70522 83346 333 56599 58006=
48112 22598 60401 10305 20266 40130 82216 333 56199 58002=  48001 21430 81401 10260 20229 40107 75055 8487/ 333 56779 58023=
48004 21110 83201 10266 20240 75022 8797/ 333 56559=
48008 32557 63201 10294 20230 40089 83970 333 56450 59010=
48010 22540 80000 10275 20250 40085 8577/ 333 56669 59013=
48018 32558 73201 10295 20230 40094 83872 333 56559 58012=
48019 32560 53201 10314 20254 40083 83560 333 56660 59005=
48020 32350 83602 10300 20239 88700 333 56500=
48025 31320 63601 10313 20225 40091 70444 85870 333 56550 59005=
48035 32560 21203 10297 20207 40089 82200 333 56700 58001=
48037 NIL=
48042 22557 21303 10295 20263 40092 81202 333 56909 59001=
48045 31957 01402 10280 20140 70444 333=
48048 32560 21801 10360 20249 40089 82800 333 56900 58000=
48051 32559 33602 10324 20270 83800 333 56600=
48053 22956 41803 10310 20254 40109 80056 333 56099 58004=
48060 31440 20000 10295 20219 40091 70522 82100 333 56500 59014=
48062 32557 63202 10310 20280 40115 84970 333 56690 58007=
48071 32458 23203 10325 20258 40118 82300 333 56900 58010=
48075 32457 63201 10270 20230 40111 82141 333 56788 58004=
48077 32959 00000 10330 20224 40101 333 59011=
48078 32556 41801 10316 20251 40120 83501 333 56509 58014=
48080 32459 70403 10324 20265 40126 85870 333 56590 58021=
48085 32458 52704 10330 20258 40115 83336 333 56899 58016=
48095 32458 50000 10330 20258 83602 333 56909=
48108 22596 62301 10290 20248 40132 83336 333 56699 58012=
48109 32497 52301 10330 20275 40123 84901 333 56609 58013=
48110 21596 51302 10300 20253 40132 70522 83346 333 56599 58006=
48112 22598 60401 10305 20266 40130 82216 333 56199 58002=
48030 32256 32201 10200 20150 82840 333 56560=
48072 32460 13202 10330 20275 81200 333 56900=
48087 32960 02302 10330 20244 333=
48099 21450 62301 10312 20254 40120 70355 84931 333 56559 58011=
48101 32559 50000 10322 20248 82215 333 56699=
48103 32457 41402 10332 20244 40120 85500 333 56300 58012=
48057 22457 71501 10236 20191 85350 333 56590=
48094 32459 43202 10325 20275 40119 83940 333 56690 58019=
48097 32557 63302 10315 20251 40123 82836 333 56999 58008=
48031 31658 80402 10215 20156 70544 888// 333 56999=
48033 32962 01801 10315 20265 40086 333 58010=
48034 22456 50402 10250 20205 85800 333 56500=
48039 22959 31401 10300 20253 80002 333 56009=
48043 32057 01806 10260 20229 333=
48052 32970 02202 10372 20227 333=
48055 22556 80405 10230 20214 40127 85970 333 56550 58035=
48064 32960 00901 10345 20257 40084 333 58000=
48065 32970 20000 10362 20249 80031 333 56099=
48074 32458 61803 10320 20265 40117 84860 333 56440 58005=
48092 NIL=
48093 32658 51401 10328 20258 84801 333 56309=
48107 22350 43201 10314 20254 40121 84900 333 56500 58013=  48008 32557 63201 10294 20230 40089 83970 333 56450 59010=
48039 22959 31401 10300 20253 80002 333 56009=  