15-NOV-2015 03 48001 2 1 4 30 7 00 00 10 176 20 165 3 0000 4 0150 5 0000 6 000 0 7 21 6 6 8 5 7 2 0 333 10 /// 58 006 6 000 0 7 0000 
15-NOV-2015 03 48004 3 2 4 60 4 32 01 10 207 20 175 3 0000 4 0000 5 0000 6 000 0 7 01 2 1 8 4 3 0 0 333 10 /// 58 000 6 000 0 7 0000 
15-NOV-2015 03 48008 3 2 5 50 2 32 01 10 200 20 168 3 0000 4 0151 5 0000 6 000 0 7 00 0 0 8 1 4 3 0 333 10 /// 58 029 6 000 0 7 0000 
15-NOV-2015 03 48010 3 2 5 58 3 00 00 10 220 20 185 3 0000 4 0145 5 0000 6 000 0 7 00 0 0 8 3 8 0 0 333 10 /// 59 008 6 000 0 7 0000 
15-NOV-2015 03 48018 3 2 5 58 3 32 01 10 198 20 175 3 0000 4 0143 5 0000 6 000 0 7 00 0 0 8 1 2 1 1 333 10 /// 59 020 6 000 0 7 0000 
15-NOV-2015 03 48019 3 2 9 58 0 04 02 10 224 20 173 3 0000 4 0139 5 0000 6 000 0 7 00 0 0 8 0 0 0 0 333 10 /// 59 005 6 000 0 7 0000 
15-NOV-2015 03 48020 3 1 2 50 8 27 02 10 210 20 195 3 0000 4 0000 5 0000 6 000 0 7 03 4 4 8 8 6 / / 333 10 /// 58 000 6 000 0 7 0000 
15-NOV-2015 03 48025 3 1 2 10 8 32 01 10 212 20 195 3 0000 4 0150 5 0000 6 000 0 7 42 4 4 8 5 8 7 / 333 10 /// 59 005 6 000 0 7 0000 
15-NOV-2015 03 48030 3 2 9 60 0 22 01 10 131 20 086 3 0000 4 0000 5 0000 6 000 0 7 00 0 0 8 0 0 0 0 333 10 /// 58 000 6 000 0 7 0000 
15-NOV-2015 03 48031 3 2 2 60 3 04 01 10 200 20 168 3 0000 4 0000 5 0000 6 000 0 7 00 0 0 8 2 8 4 0 333 10 /// 58 000 6 000 0 7 0000 
15-NOV-2015 03 48033 3 2 5 62 1 36 01 10 240 20 191 3 0000 4 0144 5 0000 6 000 0 7 00 0 0 8 1 1 0 0 333 10 /// 58 018 6 000 0 7 0000 
15-NOV-2015 03 48034 3 2 4 56 3 23 01 10 192 20 149 3 0000 4 0000 5 0000 6 000 0 7 00 0 0 8 3 8 0 0 333 10 /// 58 000 6 000 0 7 0000 
15-NOV-2015 03 48035 3 1 / 01 9 00 00 10 171 20 170 3 0000 4 0137 5 0000 6 000 0 7 47 4 4 8 9 / / / 333 10 /// 59 018 6 000 0 7 0000 
15-NOV-2015 03 48037 3 2 4 56 3 36 01 10 227 20 198 3 0000 4 0129 5 0000 6 000 0 7 00 0 0 8 3 8 0 0 333 10 /// 58 003 6 000 0 7 0000 
15-NOV-2015 03 48039 3 1 4 50 3 04 01 10 255 20 229 3 0000 4 0000 5 0000 6 000 0 7 40 4 4 8 3 1 0 0 333 10 /// 58 000 6 000 0 7 0000 
15-NOV-2015 03 48042 3 2 5 56 3 00 00 10 275 20 229 3 0000 4 0125 5 0000 6 000 0 7 00 0 0 8 3 8 0 0 333 10 /// 59 005 6 000 0 7 0000 
15-NOV-2015 03 48043 3 2 5 56 5 00 00 10 200 20 185 3 0000 4 0000 5 0000 6 000 0 7 00 0 0 8 5 2 0 0 333 10 /// 58 000 6 000 0 7 0000 
15-NOV-2015 03 48045 3 1 4 40 3 22 03 10 161 20 144 3 0000 4 0000 5 0000 6 000 0 7 40 4 4 8 3 7 0 0 333 10 /// 58 000 6 000 0 7 0000 
15-NOV-2015 03 48048 3 2 5 60 4 04 01 10 255 20 203 3 0000 4 0134 5 0000 6 000 0 7 00 0 0 8 4 8 0 0 333 10 /// 59 005 6 000 0 7 0000 
15-NOV-2015 03 48052 3 2 9 58 0 36 01 10 286 20 215 3 0000 4 0000 5 0000 6 000 0 7 00 0 0 8 0 0 0 0 333 10 /// 58 000 6 000 0 7 0000 
15-NOV-2015 03 48053 3 2 5 56 2 00 00 10 250 20 205 3 0000 4 0136 5 0000 6 000 0 7 00 0 0 8 2 5 0 0 333 10 /// 58 002 6 000 0 7 0000 
15-NOV-2015 03 48055 3 2 5 56 1 23 02 10 212 20 175 3 0000 4 0140 5 0000 6 000 0 7 01 4 4 8 1 1 0 0 333 10 /// 59 013 6 000 0 7 0000 
15-NOV-2015 03 48057 3 2 4 56 3 14 02 10 210 20 176 3 0000 4 0000 5 0000 6 000 0 7 00 0 0 8 3 8 0 0 333 10 /// 58 000 6 000 0 7 0000 
15-NOV-2015 03 48062 3 2 4 50 7 36 02 10 250 20 230 3 0000 4 0128 5 0000 6 000 0 7 00 0 0 8 5 9 7 0 333 10 /// 59 001 6 000 0 7 0000 
15-NOV-2015 03 48064 3 2 9 56 0 18 01 10 240 20 209 3 0000 4 0117 5 0000 6 000 0 7 00 0 0 8 0 0 0 0 333 10 /// 59 016 6 000 0 7 0000 
15-NOV-2015 03 48065 3 2 9 57 0 32 01 10 262 20 215 3 0000 4 0000 5 0000 6 000 0 7 00 0 0 8 0 0 0 0 333 10 /// 58 000 6 000 0 7 0000 
15-NOV-2015 03 48071 3 2 4 58 2 04 02 10 285 20 259 3 0000 4 0126 5 0000 6 000 0 7 00 0 0 8 2 8 0 0 333 10 /// 59 007 6 000 0 7 0000 
15-NOV-2015 03 48072 3 2 4 60 6 27 01 10 295 20 253 3 0000 4 0000 5 0000 6 000 0 7 00 0 0 8 4 8 3 0 333 10 /// 58 000 6 000 0 7 0000 
15-NOV-2015 03 48074 3 2 9 59 0 18 02 10 260 20 229 3 0000 4 0144 5 0000 6 000 0 7 00 0 0 8 0 0 0 0 333 10 /// 59 001 6 000 0 7 0000 
15-NOV-2015 03 48075 3 2 4 56 1 14 01 10 220 20 185 3 0000 4 0144 5 0000 6 000 0 7 00 0 0 8 1 1 0 0 333 10 /// 59 014 6 000 0 7 0000 
15-NOV-2015 03 48077 3 2 9 59 0 00 00 10 270 20 226 3 0000 4 0120 5 0000 6 000 0 7 00 0 0 8 0 0 0 0 333 10 /// 59 006 6 000 0 7 0000 
15-NOV-2015 03 48078 3 2 5 57 2 04 01 10 278 20 242 3 0000 4 0126 5 0000 6 000 0 7 00 0 0 8 1 5 0 1 333 10 /// 59 007 6 000 0 7 0000 
15-NOV-2015 03 48080 3 2 4 60 2 13 02 10 276 20 250 3 0000 4 0124 5 0000 6 000 0 7 00 0 0 8 2 5 0 0 333 10 /// 59 002 6 000 0 7 0000 
15-NOV-2015 03 48085 3 2 4 58 2 32 02 10 305 20 239 3 0000 4 0125 5 0000 6 000 0 7 00 0 0 8 1 5 0 6 333 10 /// 58 004 6 000 0 7 0000 
15-NOV-2015 03 48087 3 2 9 60 0 00 00 10 284 20 250 3 0000 4 0000 5 0000 6 000 0 7 00 0 0 8 0 0 0 0 333 10 /// 58 000 6 000 0 7 0000 
15-NOV-2015 03 48092 2 1 9 57 0 09 02 10 295 20 244 3 0000 4 0107 5 0000 6 000 0 7 05 1 1 8 0 0 0 0 333 10 /// 59 011 6 000 0 7 0000 
15-NOV-2015 03 48093 3 2 9 58 0 14 01 10 296 20 253 3 0000 4 0000 5 0000 6 000 0 7 00 0 0 8 0 0 0 0 333 10 /// 58 000 6 000 0 7 0000 
15-NOV-2015 03 48094 3 2 5 59 2 04 02 10 300 20 270 3 0000 4 0126 5 0000 6 000 0 7 00 0 0 8 1 5 0 1 333 10 /// 58 001 6 000 0 7 0000 
15-NOV-2015 03 48095 3 2 9 60 0 04 02 10 290 20 248 3 0000 4 0000 5 0000 6 000 0 7 00 0 0 8 0 0 0 0 333 10 /// 58 000 6 000 0 7 0000 
15-NOV-2015 03 48097 3 1 5 57 2 23 02 10 300 20 246 3 0000 4 0139 5 0000 6 000 0 7 05 1 1 8 2 4 0 0 333 10 /// 58 014 6 000 0 7 0000 
15-NOV-2015 03 48099 2 1 4 40 7 00 00 10 292 20 259 3 0000 4 0123 5 0000 6 000 0 7 03 4 4 8 4 9 3 0 333 10 /// 58 006 6 000 0 7 0000 
15-NOV-2015 03 48101 3 2 9 59 0 32 01 10 300 20 253 3 0000 4 0000 5 0000 6 000 0 7 00 0 0 8 0 0 0 0 333 10 /// 58 000 6 000 0 7 0000 
15-NOV-2015 03 48103 2 1 4 56 7 32 02 10 305 20 239 3 0000 4 0129 5 0000 6 000 0 7 01 5 5 8 5 7 7 0 333 10 /// 58 006 6 000 0 7 0000 
15-NOV-2015 03 48107 3 2 3 50 2 13 01 10 300 20 253 3 0000 4 0117 5 0000 6 000 0 7 00 0 0 8 2 9 0 0 333 10 /// 58 003 6 000 0 7 0000 
15-NOV-2015 03 48108 3 2 5 96 5 32 02 10 300 20 246 3 0000 4 0128 5 0000 6 000 0 7 00 0 0 8 3 3 0 6 333 10 /// 58 005 6 000 0 7 0000 
15-NOV-2015 03 48109 3 2 4 97 4 00 00 10 310 20 267 3 0000 4 0124 5 0000 6 000 0 7 00 0 0 8 3 8 0 1 333 10 /// 59 003 6 000 0 7 0000 
15-NOV-2015 03 48110 2 1 5 96 2 13 01 10 300 20 246 3 0000 4 0125 5 0000 6 000 0 7 05 1 1 8 1 3 0 5 333 10 /// 58 009 6 000 0 7 0000 
15-NOV-2015 03 48112 2 2 5 98 6 04 02 10 285 20 254 3 0000 4 0115 5 0000 6 000 0 7 00 0 0 8 2 2 1 6 333 10 /// 58 000 6 000 0 7 0000 
