48001 21320 80000 10275 20268 40119 75055 8477/ 333 56349 58000=
48004 32356 73201 10288 20230 87900 333 56500=
48008 32456 50000 10320 20236 40116 83970 333 56660 59015=
48010 32560 40000 10295 20239 40122 83830 333 56550 59005=
48018 32560 21402 10315 20237 40132 82400 333 56900 59013=
48019 32462 13202 10317 20236 40114 81200 333 56700 59012=
48020 NIL=
48025 32456 53201 10290 20215 40130 83841 333 56459 59020=
48035 32560 33202 10277 20184 40095 83800 333 56900 59039=
48037 32562 43602 10301 20223 40113 82230 333 56850 59025=
48042 32560 43601 10310 20225 40103 84800 333 56800 59025=
48045 32556 72302 10196 20168 86330 333 56550=
48048 32560 60401 10305 20237 40125 85950 333 56490 59018=
48051 32560 41302 10320 20250 83201 333 56509=
48053 32456 63602 10300 20239 40116 83956 333 56599 59024=
48060 32356 30000 10290 20179 40090 83100 333 56200 59040=
48062 32458 30902 10310 20270 40111 81232 333 56999 59003=
48071 32460 23203 10310 20237 40109 82800 333 56900 59007=
48075 32457 60401 10280 20203 40119 84860 333 56590 59007=
48077 32559 70000 10320 20248 40112 85931 333 56999 59016=
48078 32562 53201 10311 20255 40104 83331 333 56889 59019=
48080 32459 72202 10320 20236 40105 84770 333 56390 59004=
48085 32458 43205 10310 20254 40102 83970 333 56390 59010=
48095 32460 20000 10315 20267 82200 333 56900=
48108 32596 60503 10330 20244 40095 83356 333 56899 59010=
48109 NIL=
48110 31596 73202 10330 20258 40092 70522 84306 333 56109 59009=
48112 32597 80405 10320 20248 40087 84876 333 56199 59023=
48030 32256 70401 10183 20165 85940 333 56180=
48072 32460 10901 10320 20281 81200 333 56900=
48087 32560 50000 10316 20265 82841 333 56999=
48099 32560 23201 10338 20257 40098 82300 333 56900 59016=
48101 32560 50901 10322 20265 85300 333 5620=
48103 32457 40404 10342 20240 40090 84800 333 56100 59015=
48057 21456 81403 10182 20182 75365 8497/ 333 5649/=
48094 32459 40402 10315 20250 40103 84900 333 56200 59014=
48097 32557 51302 10335 20242 40116 85800 333 56900 59004=
48031 32258 71801 10205 20168 85840 333 56490=
48033 32563 23601 10310 20237 40099 82500 333 56100 59037=
48034 21456 63202 10235 20186 72055 86300 333 56500=
48039 32460 40000 10319 20248 84900 333 56100=
48043 22557 50000 10200 20200 83230 333 56290=
48052 32458 32601 10312 20237 82200 333 56900=
48055 32557 50907 10268 20211 40102 84330 333 56330 59020=
48064 32557 41401 10308 20254 40108 82831 333 56889 59009=
48065 32558 30401 10315 20248 82130 333 56990=
48074 32460 62302 10320 20265 40109 85360 333 56990 59029=
48092 32459 33204 10330 20251 40084 83800 333 56900 59012=
48093 32558 30401 10332 20258 83800 333 56400=
48107 32350 41301 10318 20248 40092 84900 333 56400 59010=
48096 32559 10504 10330 20244 40103 81100 333 56600 59013=  