15-OCT-2015 12 48001 2 2 4 20 8 00 00 10 235 20 226 3 0000 4 0144 5 0000 6 000 0 7 00 0 0 8 4 8 7 / 333 10 290 59 005 6 990 2 7 0000 
15-OCT-2015 12 48008 3 2 4 56 2 00 00 10 300 20 239 3 0000 4 0120 5 0000 6 000 0 7 00 0 0 8 1 9 3 0 333 10 325 59 009 6 000 2 7 0000 
15-OCT-2015 12 48010 3 2 5 30 4 00 00 10 270 20 240 3 0000 4 0114 5 0000 6 000 0 7 00 0 0 8 2 4 3 0 333 10 305 59 019 6 000 2 7 0000 
15-OCT-2015 12 48018 3 2 5 58 6 00 00 10 285 20 233 3 0000 4 0114 5 0000 6 000 0 7 00 0 0 8 3 8 7 0 333 10 325 59 022 6 000 2 7 0000 
15-OCT-2015 12 48019 3 2 9 50 0 00 00 10 293 20 248 3 0000 4 0129 5 0000 6 000 0 7 00 0 0 8 0 0 0 0 333 10 330 58 001 6 000 2 7 0000 
15-OCT-2015 12 48025 3 2 4 56 6 27 01 10 270 20 240 3 0000 4 0125 5 0000 6 000 0 7 00 0 0 8 3 8 4 0 333 10 298 59 021 6 000 2 7 0000 
15-OCT-2015 12 48033 3 2 9 60 1 36 01 10 290 20 243 3 0000 4 0101 5 0000 6 000 0 7 00 0 0 8 0 0 0 1 333 10 313 59 037 6 000 2 7 0000 
15-OCT-2015 12 48035 3 2 5 30 2 00 00 10 257 20 203 3 0000 4 0107 5 0000 6 000 0 7 00 0 0 8 2 8 0 0 333 10 293 59 038 6 000 2 7 0000 
15-OCT-2015 12 48037 3 2 5 58 4 00 00 10 282 20 250 3 0000 4 0110 5 0000 6 000 0 7 00 0 0 8 2 8 3 0 333 10 305 59 030 6 000 2 7 0000 
15-OCT-2015 12 48042 3 2 5 56 2 00 00 10 284 20 250 3 0000 4 0108 5 0000 6 000 0 7 00 0 0 8 1 4 5 0 333 10 310 59 019 6 000 2 7 0000 
15-OCT-2015 12 48048 3 2 5 50 2 04 01 10 283 20 250 3 0000 4 0113 5 0000 6 000 0 7 00 0 0 8 2 8 0 0 333 10 310 59 021 6 000 2 7 0000 
15-OCT-2015 12 48051 3 2 5 58 2 13 01 10 292 20 260 3 0000 4 0000 5 0000 6 000 0 7 00 0 0 8 2 2 0 0 333 10 330 58 000 6 000 0 7 0000 
15-OCT-2015 12 48053 3 2 4 56 4 36 01 10 280 20 233 3 0000 4 0119 5 0000 6 000 0 7 00 0 0 8 3 9 5 0 333 10 310 59 018 6 000 2 7 0000 
15-OCT-2015 12 48055 3 2 4 56 7 00 00 10 234 20 220 3 0000 4 0119 5 0000 6 000 0 7 00 0 0 8 4 9 7 0 333 10 276 59 020 6 000 2 7 0000 
15-OCT-2015 12 48060 3 2 3 20 2 00 00 10 235 20 195 3 0000 4 0107 5 0000 6 000 0 7 00 0 0 8 2 1 0 0 333 10 298 59 040 6 000 2 7 0000 
15-OCT-2015 12 48062 3 2 4 56 3 00 00 10 300 20 270 3 0000 4 0111 5 0000 6 000 0 7 00 0 0 8 2 2 3 0 333 10 320 59 003 6 000 0 7 0000 
15-OCT-2015 12 48064 3 2 9 50 1 00 00 10 270 20 240 3 0000 4 0103 5 0000 6 000 0 7 00 0 0 8 0 0 3 0 333 10 310 59 024 6 000 2 7 0000 
15-OCT-2015 12 48071 3 2 4 50 3 00 00 10 293 20 248 3 0000 4 0113 5 0000 6 000 0 7 00 0 0 8 2 8 3 0 333 10 313 59 008 6 000 0 7 0000 
15-OCT-2015 12 48072 3 2 4 56 1 00 00 10 290 20 259 3 0000 4 0000 5 0000 6 000 0 7 00 0 0 8 1 2 0 0 333 10 325 58 000 6 000 0 7 0000 
15-OCT-2015 12 48074 3 2 4 50 7 00 00 10 280 20 250 3 0000 4 0115 5 0000 6 000 0 7 00 0 0 8 5 9 1 2 333 10 327 59 020 6 000 2 7 0000 
15-OCT-2015 12 48075 3 2 4 56 4 00 00 10 250 20 219 3 0000 4 0143 5 0000 6 000 0 7 00 0 0 8 3 8 4 0 333 10 280 59 011 6 000 0 7 0000 
15-OCT-2015 12 48077 3 2 5 56 7 00 00 10 290 20 248 3 0000 4 0115 5 0000 6 000 0 7 00 0 0 8 5 9 3 1 333 10 322 59 013 6 000 0 7 0000 
15-OCT-2015 12 48078 3 2 5 56 5 00 00 10 288 20 266 3 0000 4 0111 5 0000 6 000 0 7 00 0 0 8 3 3 3 1 333 10 315 59 020 6 000 0 7 0000 
15-OCT-2015 12 48080 3 2 4 56 5 00 00 10 292 20 248 3 0000 4 0115 5 0000 6 000 0 7 00 0 0 8 3 8 3 0 333 10 340 59 005 6 000 0 7 0000 
15-OCT-2015 12 48085 3 2 4 56 3 32 02 10 292 20 259 3 0000 4 0109 5 0000 6 000 0 7 00 0 0 8 1 8 7 6 333 10 312 59 011 6 000 0 7 0000 
15-OCT-2015 12 48087 3 2 5 56 4 00 00 10 290 20 259 3 0000 4 0000 5 0000 6 000 0 7 00 0 0 8 2 8 4 1 333 10 324 58 000 6 000 0 7 0000 
15-OCT-2015 12 48092 3 2 4 50 2 23 01 10 280 20 242 3 0000 4 0088 5 0000 6 000 0 7 00 0 0 8 2 4 0 0 333 10 335 59 013 6 000 0 7 0000 
15-OCT-2015 12 48093 3 2 5 40 3 04 01 10 293 20 248 3 0000 4 0000 5 0000 6 000 0 7 00 0 0 8 2 1 0 1 333 10 334 58 000 6 000 0 7 0000 
15-OCT-2015 12 48094 3 2 9 56 0 00 00 10 280 20 250 3 0000 4 0112 5 0000 6 000 0 7 00 0 0 8 0 0 0 0 333 10 365 59 009 6 000 0 7 0000 
15-OCT-2015 12 48095 3 2 5 56 1 00 00 10 285 20 268 3 0000 4 0000 5 0000 6 000 0 7 00 0 0 8 1 2 0 0 333 10 315 58 000 6 000 0 7 0000 
15-OCT-2015 12 48096 3 2 5 57 1 30 06 10 300 20 253 3 0000 4 0115 5 0000 6 000 0 7 00 0 0 8 1 1 0 0 333 10 340 59 012 6 000 0 7 0000 
15-OCT-2015 12 48097 3 2 5 56 5 27 01 10 295 20 256 3 0000 4 0123 5 0000 6 000 0 7 00 0 0 8 5 5 0 0 333 10 340 59 021 6 000 0 7 0000 
15-OCT-2015 12 48099 3 2 4 40 4 13 01 10 305 20 239 3 0000 4 0096 5 0000 6 000 0 7 00 0 0 8 2 8 3 1 333 10 347 59 011 6 000 0 7 0000 
15-OCT-2015 12 48101 3 2 5 56 2 00 00 10 298 20 266 3 0000 4 0000 5 0000 6 000 0 7 00 0 0 8 1 2 0 1 333 10 333 58 000 6 000 0 7 0000 
15-OCT-2015 12 48103 3 2 4 40 3 04 01 10 302 20 253 3 0000 4 0101 5 0000 6 000 0 7 00 0 0 8 3 8 0 0 333 10 346 59 015 6 000 0 7 0000 
15-OCT-2015 12 48107 3 2 3 30 6 32 01 10 288 20 248 3 0000 4 0103 5 0000 6 000 0 7 00 0 0 8 4 9 7 0 333 10 344 59 010 6 000 0 7 0000 
15-OCT-2015 12 48108 3 2 5 96 5 05 01 10 300 20 223 3 0000 4 0103 5 0000 6 000 0 7 00 0 0 8 3 3 0 6 333 10 340 59 010 6 000 0 7 0000 
15-OCT-2015 12 48109 3 2 4 96 5 00 00 10 300 20 266 3 0000 4 0111 5 0000 6 000 0 7 00 0 0 8 5 9 0 0 333 10 330 59 005 6 000 0 7 0000 
15-OCT-2015 12 48110 2 1 5 95 8 00 00 10 280 20 250 3 0000 4 0100 5 0000 6 000 0 7 02 6 5 8 2 3 0 7 333 10 330 59 009 6 000 0 7 0000 
15-OCT-2015 12 48112 3 2 5 97 8 04 06 10 292 20 248 3 0000 4 0094 5 0000 6 000 0 7 00 0 0 8 4 8 7 6 333 10 325 59 018 6 000 0 7 0000 
