15-OCT-2015 06 48001 3 2 4 40 6 04 01 10 285 20 259 3 0000 4 0145 5 0000 6 000 0 7 00 0 0 8 4 8 6 0 333 10 /// 59 003 6 000 0 7 0000 
15-OCT-2015 06 48004 3 2 5 62 4 04 01 10 293 20 215 3 0000 4 0000 5 0000 6 000 0 7 00 0 0 8 4 9 0 0 333 10 /// 58 000 6 000 0 7 0000 
15-OCT-2015 06 48008 3 2 5 57 4 00 00 10 290 20 248 3 0000 4 0151 5 0000 6 000 0 7 00 0 0 8 2 2 3 0 333 10 /// 59 013 6 000 0 7 0000 
15-OCT-2015 06 48010 3 2 5 58 6 18 01 10 290 20 248 3 0000 4 0155 5 0000 6 000 0 7 00 0 0 8 3 8 3 0 333 10 /// 59 004 6 000 0 7 0000 
15-OCT-2015 06 48018 3 2 5 60 2 04 01 10 295 20 230 3 0000 4 0155 5 0000 6 000 0 7 00 0 0 8 2 4 0 0 333 10 /// 59 014 6 000 0 7 0000 
15-OCT-2015 06 48019 3 2 4 60 3 04 03 10 307 20 225 3 0000 4 0146 5 0000 6 000 0 7 00 0 0 8 1 2 3 0 333 10 /// 59 012 6 000 0 7 0000 
15-OCT-2015 06 48020 3 2 4 62 2 04 04 10 290 20 215 3 0000 4 0000 5 0000 6 000 0 7 00 0 0 8 2 2 0 0 333 10 /// 58 000 6 000 0 7 0000 
15-OCT-2015 06 48025 3 2 4 56 4 36 02 10 280 20 220 3 0000 4 0160 5 0000 6 000 0 7 00 0 0 8 3 8 4 0 333 10 /// 59 025 6 000 0 7 0000 
15-OCT-2015 06 48030 3 2 2 56 7 04 01 10 180 20 168 3 0000 4 0000 5 0000 6 000 0 7 00 0 0 8 5 9 4 0 333 10 /// 58 000 6 000 0 7 0000 
15-OCT-2015 06 48031 3 2 2 60 6 14 01 10 210 20 143 3 0000 4 0000 5 0000 6 000 0 7 00 0 0 8 4 8 4 0 333 10 /// 58 000 6 000 0 7 0000 
15-OCT-2015 06 48033 3 2 5 63 3 36 01 10 300 20 223 3 0000 4 0142 5 0000 6 000 0 7 00 0 0 8 3 5 0 0 333 10 /// 59 028 6 000 0 7 0000 
15-OCT-2015 06 48034 3 2 4 57 6 23 01 10 250 20 186 3 0000 4 0000 5 0000 6 000 0 7 00 0 0 8 6 3 0 0 333 10 /// 58 000 6 000 0 7 0000 
15-OCT-2015 06 48035 3 2 5 60 4 22 02 10 254 20 205 3 0000 4 0136 5 0000 6 000 0 7 00 0 0 8 3 8 6 0 333 10 /// 59 015 6 000 0 7 0000 
15-OCT-2015 06 48037 3 2 5 62 4 36 02 10 292 20 230 3 0000 4 0144 5 0000 6 000 0 7 00 0 0 8 3 3 3 0 333 10 /// 59 043 6 000 0 7 0000 
15-OCT-2015 06 48039 3 2 4 60 2 14 01 10 280 20 233 3 0000 4 0000 5 0000 6 000 0 7 00 0 0 8 2 8 5 0 333 10 /// 58 000 6 000 0 7 0000 
15-OCT-2015 06 48042 3 2 5 59 4 04 03 10 288 20 230 3 0000 4 0133 5 0000 6 000 0 7 00 0 0 8 2 2 5 0 333 10 /// 59 028 6 000 0 7 0000 
15-OCT-2015 06 48043 3 2 5 56 7 05 05 10 225 20 214 3 0000 4 0000 5 0000 6 000 0 7 00 0 0 8 4 8 7 / 333 10 /// 58 000 6 000 0 7 0000 
15-OCT-2015 06 48045 3 2 4 56 6 23 02 10 198 20 185 3 0000 4 0000 5 0000 6 000 0 7 00 0 0 8 5 3 3 0 333 10 /// 58 000 6 000 0 7 0000 
15-OCT-2015 06 48048 3 2 5 60 6 09 01 10 290 20 230 3 0000 4 0152 5 0000 6 000 0 7 00 0 0 8 5 9 5 0 333 10 /// 59 015 6 000 0 7 0000 
15-OCT-2015 06 48051 3 2 5 59 5 36 04 10 300 20 250 3 0000 4 0000 5 0000 6 000 0 7 00 0 0 8 3 2 3 1 333 10 /// 58 000 6 000 0 7 0000 
15-OCT-2015 06 48052 3 2 4 56 5 36 01 10 300 20 239 3 0000 4 0000 5 0000 6 000 0 7 00 0 0 8 5 9 0 0 333 10 /// 58 000 6 000 0 7 0000 
15-OCT-2015 06 48053 3 2 4 56 5 36 03 10 290 20 230 3 0000 4 0142 5 0000 6 000 0 7 00 0 0 8 3 8 5 6 333 10 /// 59 024 6 000 0 7 0000 
15-OCT-2015 06 48055 3 2 4 57 5 04 05 10 253 20 205 3 0000 4 0137 5 0000 6 000 0 7 00 0 0 8 4 3 3 0 333 10 /// 59 022 6 000 0 7 0000 
15-OCT-2015 06 48057 3 2 3 56 8 23 02 10 202 20 185 3 0000 4 0000 5 0000 6 000 0 7 00 0 0 8 6 9 5 0 333 10 /// 58 000 6 000 0 7 0000 
15-OCT-2015 06 48060 3 2 3 58 4 00 00 10 260 20 179 3 0000 4 0128 5 0000 6 000 0 7 00 0 0 8 3 1 3 0 333 10 /// 59 044 6 000 0 7 0000 
15-OCT-2015 06 48062 3 2 4 58 3 09 02 10 300 20 270 3 0000 4 0136 5 0000 6 000 0 7 00 0 0 8 2 2 3 0 333 10 /// 59 005 6 000 0 7 0000 
15-OCT-2015 06 48064 3 2 5 57 5 14 01 10 288 20 248 3 0000 4 0139 5 0000 6 000 0 7 00 0 0 8 2 8 7 1 333 10 /// 58 003 6 000 0 7 0000 
15-OCT-2015 06 48065 3 2 5 58 4 22 01 10 295 20 230 3 0000 4 0000 5 0000 6 000 0 7 00 0 0 8 2 1 3 0 333 10 /// 58 000 6 000 0 7 0000 
15-OCT-2015 06 48071 3 2 9 60 0 05 02 10 300 20 239 3 0000 4 0138 5 0000 6 000 0 7 00 0 0 8 0 0 0 0 333 10 /// 59 006 6 000 0 7 0000 
15-OCT-2015 06 48072 3 2 4 60 1 09 01 10 310 20 267 3 0000 4 0000 5 0000 6 000 0 7 01 2 2 8 1 2 0 0 333 10 /// 58 000 6 000 0 7 0000 
15-OCT-2015 06 48074 3 2 4 60 7 32 03 10 300 20 239 3 0000 4 0149 5 0000 6 000 0 7 00 0 0 8 3 8 4 0 333 10 /// 59 010 6 000 0 7 0000 
15-OCT-2015 06 48075 3 2 4 57 6 04 01 10 260 20 215 3 0000 4 0140 5 0000 6 000 0 7 00 0 0 8 4 8 3 0 333 10 /// 59 026 6 000 0 7 0000 
15-OCT-2015 06 48077 3 2 5 59 7 00 00 10 300 20 239 3 0000 4 0138 5 0000 6 000 0 7 00 0 0 8 5 9 3 1 333 10 /// 59 018 6 000 0 7 0000 
15-OCT-2015 06 48078 3 2 5 60 5 32 04 10 298 20 248 3 0000 4 0139 5 0000 6 000 0 7 00 0 0 8 2 8 3 1 333 10 /// 59 013 6 000 0 7 0000 
15-OCT-2015 06 48080 3 2 4 62 5 04 02 10 324 20 248 3 0000 4 0130 5 0000 6 000 0 7 00 0 0 8 3 8 7 0 333 10 /// 59 002 6 000 0 7 0000 
15-OCT-2015 06 48085 3 2 4 57 5 27 04 10 306 20 254 3 0000 4 0129 5 0000 6 000 0 7 00 0 0 8 3 9 3 9 333 10 /// 59 005 6 000 0 7 0000 
15-OCT-2015 06 48087 3 2 5 60 4 04 04 10 304 20 253 3 0000 4 0000 5 0000 6 000 0 7 00 0 0 8 2 8 4 1 333 10 /// 58 000 6 000 0 7 0000 
15-OCT-2015 06 48092 3 2 4 59 4 27 04 10 325 20 252 3 0000 4 0107 5 0000 6 000 0 7 00 0 0 8 4 2 0 0 333 10 /// 59 013 6 000 0 7 0000 
15-OCT-2015 06 48093 3 2 5 58 2 14 01 10 318 20 278 3 0000 4 0000 5 0000 6 000 0 7 00 0 0 8 2 1 0 0 333 10 /// 58 000 6 000 0 7 0000 
15-OCT-2015 06 48094 3 2 4 59 4 04 02 10 305 20 250 3 0000 4 0135 5 0000 6 000 0 7 00 0 0 8 4 9 0 0 333 10 /// 59 010 6 000 0 7 0000 
15-OCT-2015 06 48095 3 2 4 60 1 36 02 10 300 20 253 3 0000 4 0000 5 0000 6 000 0 7 00 0 0 8 1 2 0 0 333 10 /// 58 000 6 000 0 7 0000 
15-OCT-2015 06 48096 3 2 5 59 1 06 08 10 310 20 237 3 0000 4 0135 5 0000 6 000 0 7 00 0 0 8 1 1 0 0 333 10 /// 59 008 6 000 0 7 0000 
15-OCT-2015 06 48097 3 2 5 57 4 04 02 10 380 20 258 3 0000 4 0134 5 0000 6 000 0 7 00 0 0 8 4 8 0 0 333 10 /// 59 008 6 000 0 7 0000 
15-OCT-2015 06 48099 3 2 5 60 1 32 01 10 330 20 244 3 0000 4 0131 5 0000 6 000 0 7 00 0 0 8 1 3 0 0 333 10 /// 59 001 6 000 0 7 0000 
15-OCT-2015 06 48101 3 2 5 60 5 04 01 10 320 20 265 3 0000 4 0000 5 0000 6 000 0 7 03 2 2 8 4 2 0 1 333 10 /// 58 000 6 000 0 7 0000 
15-OCT-2015 06 48103 3 2 4 57 2 04 05 10 339 20 240 3 0000 4 0120 5 0000 6 000 0 7 00 0 0 8 2 8 0 0 333 10 /// 59 010 6 000 0 7 0000 
15-OCT-2015 06 48107 3 2 3 50 4 13 01 10 322 20 248 3 0000 4 0108 5 0000 6 000 0 7 00 0 0 8 4 9 0 0 333 10 /// 59 013 6 000 0 7 0000 
15-OCT-2015 06 48108 3 2 5 96 6 23 04 10 330 20 258 3 0000 4 0122 5 0000 6 000 0 7 00 0 0 8 4 3 0 6 333 10 /// 59 004 6 000 0 7 0000 
15-OCT-2015 06 48109 3 2 4 97 4 00 00 10 322 20 281 3 0000 4 0133 5 0000 6 000 0 7 00 0 0 8 4 9 0 0 333 10 /// 59 008 6 000 0 7 0000 
15-OCT-2015 06 48110 3 1 5 96 7 23 01 10 330 20 251 3 0000 4 0118 5 0000 6 000 0 7 05 2 2 8 3 3 0 6 333 10 /// 59 008 6 000 0 7 0000 
15-OCT-2015 06 48112 3 2 5 97 8 04 05 10 317 20 254 3 0000 4 0116 5 0000 6 000 0 7 00 0 0 8 3 8 7 6 333 10 /// 59 012 6 000 0 7 0000 
