15-SEP-2015 00 48004 3 2 4 60 4 00 00 10 258 20 238 3 0000 4 0000 5 0000 6 000 0 7 00 0 0 8 4 9 0 0 333 20 215 58 000 6 000 0 7 0000 
15-SEP-2015 00 48008 2 2 4 56 4 00 00 10 242 20 237 3 0000 4 0086 5 0000 6 000 0 7 00 0 0 8 2 4 3 0 333 20 230 58 002 6 000 0 7 0000 
15-SEP-2015 00 48010 2 2 5 40 4 00 00 10 255 20 253 3 0000 4 0074 5 0000 6 000 0 7 00 0 0 8 2 4 0 1 333 20 248 59 010 6 990 2 7 0000 
15-SEP-2015 00 48018 3 2 5 56 6 00 00 10 255 20 250 3 0000 4 0075 5 0000 6 000 0 7 00 0 0 8 3 8 7 0 333 20 240 59 018 6 000 0 7 0000 
15-SEP-2015 00 48019 2 2 4 50 8 32 01 10 250 20 250 3 0000 4 0072 5 0000 6 000 0 7 00 0 0 8 8 8 / / 333 20 246 59 006 6 000 2 7 0000 
15-SEP-2015 00 48020 3 1 4 40 8 00 00 10 260 20 246 3 0000 4 0000 5 0000 6 000 0 7 17 9 9 8 8 9 / / 333 20 220 58 000 6 000 0 7 0000 
15-SEP-2015 00 48025 2 1 1 10 8 27 01 10 264 20 246 3 0000 4 0081 5 0000 6 000 0 7 95 9 6 8 5 9 7 / 333 20 254 59 011 6 004 2 7 0000 
15-SEP-2015 00 48033 2 2 5 60 8 00 00 10 260 20 246 3 0000 4 0092 5 0000 6 000 0 7 00 0 0 8 6 9 7 0 333 20 250 59 004 6 003 2 7 0000 
15-SEP-2015 00 48035 2 1 4 58 8 00 00 10 231 20 230 3 0000 4 0076 5 0000 6 000 0 7 03 6 6 8 5 9 7 / 333 20 223 59 011 6 012 2 7 0000 
15-SEP-2015 00 48037 2 2 4 56 5 00 00 10 269 20 259 3 0000 4 0071 5 0000 6 000 0 7 00 0 0 8 1 8 7 0 333 20 266 59 006 6 003 2 7 0000 
15-SEP-2015 00 48042 2 1 5 57 8 00 00 10 270 20 256 3 0000 4 0067 5 0000 6 000 0 7 02 9 9 8 5 9 7 / 333 20 260 59 019 6 005 2 7 0000 
15-SEP-2015 00 48048 2 2 5 50 4 18 01 10 257 20 246 3 0000 4 0070 5 0000 6 000 0 7 00 0 0 8 4 8 0 0 333 20 252 59 011 6 002 2 7 0000 
15-SEP-2015 00 48053 3 2 4 50 4 18 02 10 250 20 233 3 0000 4 0078 5 0000 6 000 0 7 00 0 0 8 3 5 5 0 333 20 250 59 014 6 000 0 7 0000 
15-SEP-2015 00 48055 3 1 / 01 9 00 00 10 200 20 200 3 0000 4 0091 5 0000 6 000 0 7 47 4 4 8 9 / / / 333 20 185 59 018 6 000 0 7 0000 
15-SEP-2015 00 48060 3 2 3 30 6 00 00 10 223 20 205 3 0000 4 0103 5 0000 6 000 0 7 00 0 0 8 3 1 3 2 333 20 212 59 004 6 000 0 7 0000 
15-SEP-2015 00 48064 3 2 4 50 8 00 00 10 260 20 246 3 0000 4 0057 5 0000 6 000 0 7 00 0 0 8 4 8 7 0 333 20 232 59 010 6 000 0 7 0000 
15-SEP-2015 00 48065 3 2 4 60 8 04 01 10 255 20 255 3 0000 4 0000 5 0000 6 000 0 7 00 0 0 8 5 5 7 0 333 20 228 58 000 6 000 0 7 0000 
15-SEP-2015 00 48071 2 2 4 56 6 00 00 10 260 20 246 3 0000 4 0065 5 0000 6 000 0 7 00 0 0 8 4 9 7 0 333 20 250 59 005 6 000 0 7 0000 
15-SEP-2015 00 48074 2 1 3 57 8 00 00 10 250 20 250 3 0000 4 0083 5 0000 6 000 0 7 02 5 5 8 6 7 1 0 333 20 250 59 013 6 001 2 7 0000 
15-SEP-2015 00 48075 3 2 4 56 6 00 00 10 230 20 214 3 0000 4 0101 5 0000 6 000 0 7 00 0 0 8 4 8 0 5 333 20 212 59 011 6 000 0 7 0000 
15-SEP-2015 00 48077 3 2 5 56 8 00 00 10 260 20 246 3 0000 4 0070 5 0000 6 000 0 7 00 0 0 8 5 9 3 1 333 20 240 59 010 6 000 0 7 0000 
15-SEP-2015 00 48078 2 2 5 50 5 18 01 10 250 20 242 3 0000 4 0085 5 0000 6 000 0 7 00 0 0 8 4 5 0 1 333 20 240 59 013 6 000 0 7 0000 
15-SEP-2015 00 48080 3 2 4 56 5 04 02 10 242 20 226 3 0000 4 0066 5 0000 6 000 0 7 00 0 0 8 3 8 3 0 333 20 233 59 009 6 000 0 7 0000 
15-SEP-2015 00 48085 2 2 4 57 7 16 01 10 256 20 250 3 0000 4 0075 5 0000 6 000 0 7 00 0 0 8 4 8 7 6 333 20 245 59 008 6 000 0 7 0000 
15-SEP-2015 00 48092 3 1 4 56 7 00 00 10 245 20 245 3 0000 4 0065 5 0000 6 000 0 7 05 2 2 8 4 9 5 1 333 20 240 59 009 6 000 0 7 0000 
15-SEP-2015 00 48094 2 2 4 56 6 00 00 10 250 20 250 3 0000 4 0072 5 0000 6 000 0 7 00 0 0 8 4 9 7 0 333 20 193 59 015 6 000 0 7 0000 
15-SEP-2015 00 48096 2 2 4 56 8 08 03 10 250 20 250 3 0000 4 0086 5 0000 6 000 0 7 00 0 0 8 5 9 7 / 333 20 240 59 012 6 000 0 7 0000 
15-SEP-2015 00 48097 2 2 5 57 7 23 02 10 245 20 245 3 0000 4 0096 5 0000 6 000 0 7 00 0 0 8 5 8 5 0 333 20 230 59 006 6 011 2 7 0000 
15-SEP-2015 00 48099 2 1 3 40 6 00 00 10 250 20 233 3 0000 4 0080 5 0000 6 000 0 7 21 6 5 8 4 8 3 1 333 20 240 59 022 6 030 2 7 0000 
15-SEP-2015 00 48103 2 1 3 30 7 00 00 10 240 20 226 3 0000 4 0087 5 0000 6 000 0 7 03 5 5 8 6 7 7 0 333 20 238 59 019 6 000 2 7 0000 
15-SEP-2015 00 48107 2 1 3 30 8 09 01 10 238 20 226 3 0000 4 0094 5 0000 6 000 0 7 01 6 6 8 5 9 7 / 333 20 230 59 009 6 003 2 7 0000 
15-SEP-2015 00 48108 2 1 4 94 8 14 01 10 230 20 230 3 0000 4 0097 5 0000 6 000 0 7 50 6 5 8 6 3 2 / 333 20 225 59 011 6 043 2 7 0000 
15-SEP-2015 00 48110 2 1 4 94 8 00 00 10 240 20 240 3 0000 4 0104 5 0000 6 000 0 7 51 6 5 8 6 3 2 / 333 20 235 59 006 6 041 2 7 0000 
15-SEP-2015 00 48112 2 1 4 96 8 27 02 10 245 20 245 3 0000 4 0104 5 0000 6 000 0 7 21 5 2 8 6 7 7 / 333 20 182 59 011 6 012 2 7 0000 
