160300 48001 32450 42301 10252 20186 40131 84800 333 56200 59013=
160300 48004 32560 30401 10295 20207 83800 333 56500=
160300 48008 32550 61801 10280 20250 40124 83550 333 56430 59007=
160300 48010 32550 60000 10275 20220 40124 82830 333 56660 59003=
160300 48018 31557 60401 10290 20215 40113 70522 83870 333 56120 59013=
160300 48019 32460 33201 10293 20215 40116 80030 333 56060 59008=
160300 48020 32357 60402 10285 20225 83530 333 56550=
160300 48025 31440 60000 10324 20200 40123 70544 83840 333 56550 59006=
160300 48030 21/09 92201 10162 20162 74344 89/// 333 56999=
160300 48031 31260 61401 10230 20143 70544 84840 333 56490=
160300 48033 32562 51801 10320 20215 40114 85900 333 56400 58008=
160300 48034 32456 70000 10218 20173 85830 333 56550=
160300 48035 31520 40000 10269 20154 40117 70411 83801 333 56909 58002=
160300 48037 32556 61401 10321 20215 40114 83870 333 56560 58040=
160300 48039 32859 31401 10325 20200 80002 333 56009=
160300 48042 32957 01804 10335 20219 40120 333 58010=
160300 48043 32058 03203 10275 20158=
160300 48045 32560 70403 10245 20126 82660 333 56590=
160300 48048 32560 32201 10340 20206 40120 83800 333 56900 59003=
160300 48051 32558 61301 10300 20250 84830 333 56390=
160300 48052 32460 22201 10355 20214 82200 333 56900=
160300 48053 32550 41802 10310 20254 40140 82556 333 56599 58015=
160300 48055 21556 32302 10258 20191 40128 70511 82501 333 56509 59001=
160300 48057 22457 42202 10234 20143 81509 333 56509=
160300 48060 31940 43201 10260 20179 40124 71011 80036 333 56099 59005=
160300 48062 32456 72703 10300 20270 40134 85870 333 56690 58003=
160300 48064 32960 10401 10330 20244 40107 80001 333 56009 58002=
160300 48065 32960 10000 10348 20219 80001 333 56009=
160300 48071 32458 23203 10305 20267 40141 82200 333 56700 58005=
160300 48072 32460 41303 10315 20265 83830 333 56790=
160300 48074 31958 01402 10300 20207 40141 70500 333 59003=
160300 48075 22457 20000 10280 20230 40133 81101 333 56509 59001=
160300 48077 32959 02301 10320 20215 40123 333 58006=
160300 48078 32557 21801 10323 20224 40145 81501 333 56909 58016=
160300 48080 32459 20000 10304 20266 40145 82200 333 56900 58009=
160300 48085 32458 13202 10300 20263 40138 80006 333 56009 58013=
160300 48087 32960 20000 10304 20239 80041 333 56099=
160300 48092 31456 52302 10315 20251 40119 70522 83806 333 56909 58013=
160300 48093 32657 41401 10310 20237 83801 333 56909=
160300 48094 32459 33202 10315 20270 40141 82340 333 56990 58018=
160300 48095 32458 42202 10315 20254 83640 333 56990=
160300 48097 32557 53602 10300 20253 40146 82806 333 56909 58004=
160300 48099 32450 52301 10305 20239 40139 84801 333 56509 58012=
160300 48101 32759 22301 10306 20237 80021 333 56099=
160300 48103 32457 21401 10318 20248 40142 82500 333 56300 58008=
160300 48107 32950 00901 10310 20225 40130 333 58008=
160300 48108 32596 53202 10290 20223 40148 83806 333 56909 58012=
160300 48109 32497 40000 10303 20253 40143 82531 333 56999 58022=
160300 48110 31596 41302 10310 20237 40148 70522 81206 333 56909 58020=
