48001 32456 21801 10310 20189 40103 82800 333 56100 59008=
48004 32562 30401 10366 20207 83800 333 56500=
48008 32557 63601 10355 20177 40106 83550 333 56550 59004=
48010 32560 50000 10350 20237 40106 80031 333 56055 59005=
48018 31558 30401 10360 20195 40116 70544 82810 333 56560 59012=
48019 32560 32701 10346 20237 40101 80005 333 56006 59012=
48020 32458 60403 10370 20258 83530 333 56590=
48025 31440 33202 10383 20159 40116 70544 82540 333 56590 58001=
48030 31256 52201 10238 20136 70144 84940 333 56560=
48031 31260 70401 10245 20155 70544 86800 333 56400=
48033 32562 51801 10360 20214 40100 85900 333 56400 58000=
48034 32456 61802 10310 20179 86300 333 56100=
48035 31530 22704 10340 20125 40065 70144 82800 333 56900 59015=
48037 32956 01401 10386 20198 40098 333 59019=
48039 32459 32201 10385 20203 80002 333 56009=
48042 32557 11804 10394 20198 40109 81100 333 56900 58018=
48043 32758 03205 10310 20169=
48045 32560 61404 10290 20140 85340 333 56590=
48048 32562 22201 10395 20214 40111 82800 333 56900 58002=
48051 32558 70401 10352 20270 85930 333 56390=
48052 32970 02201 10392 20198=
48053 32950 02203 10380 20285 40104 333 59003=
48055 32556 50904 10335 20178 40078 85300 333 56500 59014=
48057 32458 41803 10278 20146 83350 333 56590=
48060 32450 20000 10240 20164 40079 81100 333 56500 59011=
48062 32558 82709 10330 20300 40131 86970 333 56690 58006=
48064 32970 10901 10400 20269 40094 80001 333 56009 59005=
48065 32970 12204 10405 20210 80001 333 56009=
48071 32460 13204 10335 20270 40134 81300 333 56900 58010=
48072 32460 20402 10340 20257 82200 333 56900=
48074 31559 11803 10360 20235 40120 70500 81100 333 56900 58018=
48075 32558 62201 10330 20210 40101 86900 333 56500 59000=
48077 32959 02301 10380 20221 40106 333 58002=
48078 32560 21801 10388 20223 40121 81101 333 56909 58015=
48080 32459 52305 10345 20266 40137 83270 333 56690 58013=
48085 32458 23205 10336 20258 40126 81301 333 56909 58009=
48087 32560 50000 10373 20207 83841 333 56999=
48092 32458 52303 10272 20227 40101 83801 333 56909 58016=
48093 32658 41401 10360 20249 83801 333 56309=
48094 32459 43201 10370 20260 40105 84900 333 56900 58014=
48095 NIL=
48097 32557 62202 10365 20211 40133 84800 333 56900 58014=
48099 32557 53202 10348 20237 40122 83806 333 56709 58014=
48101 32660 22301 10350 20202 82200 333 56600=
48103 32457 22201 10367 20207 40126 82500 333 56500 58012=
48107 32350 30402 10358 20214 40113 83900 333 56300 58006=
48108 32596 50504 10360 20235 40125 83806 333 56909 58012=
48109 NIL=
48110 31596 83203 10350 20250 40127 70522 83307 333 56909 58012=
48112 32597 80402 10350 20266 40122 83876 333 56199 59006=  