16-DEC-2015 06 48001 3 2 4 50 4 36 01 10 185 20 139 3 0000 4 0180 5 0000 6 000 0 7 00 0 0 8 2 2 2 0 333 10 /// 58 020 6 000 0 7 0000 
16-DEC-2015 06 48004 3 2 5 62 2 04 01 10 216 20 136 3 0000 4 0000 5 0000 6 000 0 7 01 1 1 8 2 8 0 0 333 10 /// 58 000 6 000 0 7 0000 
16-DEC-2015 06 48008 3 2 5 57 4 04 01 10 222 20 156 3 0000 4 0159 5 0000 6 000 0 7 00 0 0 8 2 4 3 0 333 10 /// 58 008 6 000 0 7 0000 
16-DEC-2015 06 48010 3 2 0 58 0 18 01 10 225 20 156 3 0000 4 0160 5 0000 6 000 0 7 00 0 0 8 0 0 0 0 333 10 /// 58 011 6 000 0 7 0000 
16-DEC-2015 06 48018 3 2 5 58 2 14 01 10 230 20 163 3 0000 4 0168 5 0000 6 000 0 7 00 0 0 8 0 0 0 4 333 10 /// 58 026 6 000 0 7 0000 
16-DEC-2015 06 48019 3 2 4 58 4 04 03 10 218 20 156 3 0000 4 0158 5 0000 6 000 0 7 00 0 0 8 2 8 6 0 333 10 /// 58 016 6 000 0 7 0000 
16-DEC-2015 06 48020 3 2 3 56 4 04 02 10 230 20 181 3 0000 4 0000 5 0000 6 000 0 7 00 0 0 8 4 8 0 0 333 10 /// 58 000 6 000 0 7 0000 
16-DEC-2015 06 48025 3 1 3 30 7 36 03 10 223 20 156 3 0000 4 0167 5 0000 6 000 0 7 02 4 4 8 5 8 7 0 333 10 /// 58 009 6 000 0 7 0000 
16-DEC-2015 06 48030 3 2 9 60 0 22 05 10 176 20 056 3 0000 4 0000 5 0000 6 000 0 7 00 0 0 8 0 0 0 0 333 10 /// 58 000 6 000 0 7 0000 
16-DEC-2015 06 48031 3 2 2 58 6 04 01 10 185 20 108 3 0000 4 0000 5 0000 6 000 0 7 03 2 2 8 6 8 0 0 333 10 /// 58 000 6 000 0 7 0000 
16-DEC-2015 06 48033 3 2 9 63 0 36 01 10 260 20 179 3 0000 4 0152 5 0000 6 000 0 7 00 0 0 8 0 0 0 0 333 10 /// 58 019 6 000 0 7 0000 
16-DEC-2015 06 48034 3 2 4 56 4 23 01 10 220 20 156 3 0000 4 0000 5 0000 6 000 0 7 00 0 0 8 4 3 0 0 333 10 /// 58 000 6 000 0 7 0000 
16-DEC-2015 06 48035 3 1 5 60 3 32 02 10 213 20 160 3 0000 4 0122 5 0000 6 000 0 7 05 0 0 8 0 0 0 0 333 10 /// 58 000 6 000 0 7 0000 
16-DEC-2015 06 48037 3 2 5 58 1 36 01 10 257 20 179 3 0000 4 0141 5 0000 6 000 0 7 00 0 0 8 1 1 0 0 333 10 /// 58 016 6 000 0 7 0000 
16-DEC-2015 06 48039 3 2 9 56 3 14 01 10 260 20 203 3 0000 4 0000 5 0000 6 000 0 7 00 0 0 8 0 0 0 2 333 10 /// 58 000 6 000 0 7 0000 
16-DEC-2015 06 48042 3 1 9 30 0 22 01 10 265 20 207 3 0000 4 0136 5 0000 6 000 0 7 05 0 0 8 0 0 0 0 333 10 /// 58 008 6 000 0 7 0000 
16-DEC-2015 06 48043 3 2 6 57 2 32 05 10 215 20 136 3 0000 4 0000 5 0000 6 000 0 7 00 0 0 8 2 2 0 0 333 10 /// 58 000 6 000 0 7 0000 
16-DEC-2015 06 48045 3 2 5 56 7 14 05 10 182 20 147 3 0000 4 0000 5 0000 6 000 0 7 40 4 4 8 7 6 0 0 333 10 /// 58 000 6 000 0 7 0000 
16-DEC-2015 06 48048 3 2 5 60 4 04 01 10 275 20 184 3 0000 4 0145 5 0000 6 000 0 7 00 0 0 8 4 8 0 0 333 10 /// 58 010 6 000 0 7 0000 
16-DEC-2015 06 48051 3 2 5 59 1 31 01 10 262 20 220 3 0000 4 0000 5 0000 6 000 0 7 01 1 1 8 1 5 0 0 333 10 /// 58 000 6 000 0 7 0000 
16-DEC-2015 06 48052 3 2 4 58 2 32 04 10 290 20 215 3 0000 4 0000 5 0000 6 000 0 7 03 2 2 8 2 8 0 0 333 10 /// 58 000 6 000 0 7 0000 
16-DEC-2015 06 48053 3 1 5 40 2 36 02 10 270 20 191 3 0000 4 0134 5 0000 6 000 0 7 05 1 1 8 1 5 5 0 333 10 /// 58 015 6 000 0 7 0000 
16-DEC-2015 06 48055 3 2 5 56 4 27 06 10 264 20 156 3 0000 4 0106 5 0000 6 000 0 7 03 4 4 8 4 8 0 0 333 10 /// 59 012 6 000 0 7 0000 
16-DEC-2015 06 48057 3 2 4 57 6 22 03 10 224 20 136 3 0000 4 0000 5 0000 6 000 0 7 00 0 0 8 6 3 0 0 333 10 /// 58 000 6 000 0 7 0000 
16-DEC-2015 06 48060 3 2 4 40 3 36 01 10 230 20 143 3 0000 4 0113 5 0000 6 000 0 7 00 0 0 8 3 1 0 0 333 10 /// 59 047 6 000 0 7 0000 
16-DEC-2015 06 48062 3 2 4 57 4 04 02 10 280 20 230 3 0000 4 0148 5 0000 6 000 0 7 02 2 2 8 4 8 0 0 333 10 /// 58 013 6 000 0 7 0000 
16-DEC-2015 06 48064 3 2 9 60 0 14 01 10 259 20 215 3 0000 4 0126 5 0000 6 000 0 7 02 1 1 8 0 0 0 0 333 10 /// 58 020 6 000 0 7 0000 
16-DEC-2015 06 48065 3 2 9 58 0 04 01 10 278 20 184 3 0000 4 0000 5 0000 6 000 0 7 02 2 2 8 0 0 0 0 333 10 /// 58 000 6 000 0 7 0000 
16-DEC-2015 06 48071 3 2 4 58 5 32 03 10 280 20 220 3 0000 4 0144 5 0000 6 000 0 7 00 0 0 8 3 8 7 0 333 10 /// 58 010 6 000 0 7 0000 
16-DEC-2015 06 48072 3 2 9 60 0 36 04 10 290 20 215 3 0000 4 0000 5 0000 6 000 0 7 01 2 2 8 0 0 0 0 333 10 /// 58 000 6 000 0 7 0000 
16-DEC-2015 06 48074 3 2 9 59 0 04 02 10 290 20 196 3 0000 4 0132 5 0000 6 000 0 7 00 0 0 8 0 0 0 0 333 10 /// 58 003 6 000 0 7 0000 
16-DEC-2015 06 48075 3 2 4 57 3 04 01 10 270 20 154 3 0000 4 0120 5 0000 6 000 0 7 00 0 0 8 3 8 0 0 333 10 /// 59 018 6 000 0 7 0000 
16-DEC-2015 06 48077 3 2 5 59 2 00 00 10 300 20 185 3 0000 4 0130 5 0000 6 000 0 7 00 0 0 8 1 2 0 1 333 10 /// 58 010 6 000 0 7 0000 
16-DEC-2015 06 48078 3 2 9 57 2 23 01 10 314 20 209 3 0000 4 0123 5 0000 6 000 0 7 00 0 0 8 0 0 0 1 333 10 /// 58 003 6 000 0 7 0000 
16-DEC-2015 06 48080 3 2 9 61 0 22 02 10 300 20 207 3 0000 4 0136 5 0000 6 000 0 7 00 0 0 8 0 0 0 0 333 10 /// 58 006 6 000 0 7 0000 
16-DEC-2015 06 48085 3 2 9 58 0 32 04 10 298 20 215 3 0000 4 0140 5 0000 6 000 0 7 02 0 0 8 0 0 0 0 333 10 /// 58 015 6 000 0 7 0000 
16-DEC-2015 06 48087 3 2 9 60 0 04 04 10 330 20 212 3 0000 4 0000 5 0000 6 000 0 7 00 0 0 8 0 0 0 0 333 10 /// 58 000 6 000 0 7 0000 
16-DEC-2015 06 48092 3 2 9 58 0 36 01 10 330 20 212 3 0000 4 0109 5 0000 6 000 0 7 00 0 0 8 0 0 0 0 333 10 /// 58 002 6 000 0 7 0000 
16-DEC-2015 06 48093 3 2 9 58 2 04 01 10 318 20 215 3 0000 4 0000 5 0000 6 000 0 7 03 1 1 8 0 0 0 1 333 10 /// 58 000 6 000 0 7 0000 
16-DEC-2015 06 48094 3 2 9 65 0 32 02 10 318 20 240 3 0000 4 0129 5 0000 6 000 0 7 00 0 0 8 0 0 0 0 333 10 /// 58 001 6 000 0 7 0000 
16-DEC-2015 06 48095 3 2 9 60 0 04 01 10 310 20 225 3 0000 4 0000 5 0000 6 000 0 7 00 0 0 8 0 0 0 0 333 10 /// 58 000 6 000 0 7 0000 
16-DEC-2015 06 48096 3 2 9 58 0 28 03 10 310 20 225 3 0000 4 0130 5 0000 6 000 0 7 00 0 0 8 0 0 0 0 333 10 /// 58 000 6 000 0 7 0000 
16-DEC-2015 06 48097 3 2 5 57 2 06 01 10 330 20 224 3 0000 4 0129 5 0000 6 000 0 7 02 1 1 8 2 5 0 0 333 10 /// 59 016 6 000 0 7 0000 
16-DEC-2015 06 48099 3 1 4 50 2 23 02 10 312 20 203 3 0000 4 0122 5 0000 6 000 0 7 05 1 1 8 2 5 0 0 333 10 /// 59 001 6 000 0 7 0000 
16-DEC-2015 06 48101 3 2 9 60 0 32 01 10 325 20 236 3 0000 4 0000 5 0000 6 000 0 7 00 0 0 8 0 0 0 0 333 10 /// 58 000 6 000 0 7 0000 
16-DEC-2015 06 48103 3 2 9 56 0 32 02 10 322 20 248 3 0000 4 0122 5 0000 6 000 0 7 00 0 0 8 0 0 0 0 333 10 /// 59 001 6 000 0 7 0000 
16-DEC-2015 06 48107 3 2 9 50 0 09 01 10 320 20 215 3 0000 4 0113 5 0000 6 000 0 7 00 0 0 8 0 0 0 0 333 10 /// 59 002 6 000 0 7 0000 
16-DEC-2015 06 48108 3 2 5 96 5 23 03 10 330 20 239 3 0000 4 0120 5 0000 6 000 0 7 00 0 0 8 2 4 0 6 333 10 /// 58 002 6 000 0 7 0000 
16-DEC-2015 06 48109 3 2 4 97 1 00 00 10 310 20 254 3 0000 4 0139 5 0000 6 000 0 7 03 2 2 8 1 4 0 0 333 10 /// 58 007 6 000 0 7 0000 
16-DEC-2015 06 48110 3 1 5 96 8 32 03 10 315 20 266 3 0000 4 0118 5 0000 6 000 0 7 05 2 2 8 2 3 0 7 333 10 /// 59 002 6 000 0 7 0000 
16-DEC-2015 06 48112 3 2 5 97 8 22 03 10 310 20 254 3 0000 4 0134 5 0000 6 000 0 7 02 2 2 8 3 8 7 6 333 10 /// 58 018 6 000 0 7 0000 
