16-FEB-2015 03 48001 3 1 9 05 9 00 00 10 116 20 102 3 0000 4 0178 5 0000 6 000 0 7 45 4 4 8 9 / / / 333 10 /// 58 004 6 000 0 7 0000 
16-FEB-2015 03 48004 3 2 5 58 1 32 01 10 155 20 123 3 0000 4 0000 5 0000 6 000 0 7 00 0 0 8 1 5 0 0 333 10 /// 58 000 6 000 0 7 0000 
16-FEB-2015 03 48008 3 1 5 56 7 04 01 10 190 20 139 3 0000 4 0175 5 0000 6 000 0 7 10 4 4 8 4 9 7 0 333 10 /// 58 017 6 000 0 7 0000 
16-FEB-2015 03 48010 2 1 0 40 0 00 00 10 160 20 144 3 0000 4 0179 5 0000 6 000 0 7 42 4 4 8 0 0 0 0 333 10 /// 58 019 6 000 0 7 0000 
16-FEB-2015 03 48018 2 2 9 56 0 32 01 10 175 20 154 3 0000 4 0165 5 0000 6 000 0 7 10 4 4 8 0 0 0 0 333 10 /// 58 007 6 000 0 7 0000 
16-FEB-2015 03 48019 3 2 4 60 2 00 00 10 180 20 147 3 0000 4 0165 5 0000 6 000 0 7 00 0 0 8 0 0 3 0 333 10 /// 58 018 6 000 0 7 0000 
16-FEB-2015 03 48020 3 2 9 56 0 04 02 10 165 20 149 3 0000 4 0000 5 0000 6 000 0 7 00 0 0 8 0 0 0 0 333 10 /// 58 000 6 000 0 7 0000 
16-FEB-2015 03 48025 3 1 1 10 3 32 01 10 168 20 135 3 0000 4 0176 5 0000 6 000 0 7 40 4 4 8 1 6 4 0 333 10 /// 58 021 6 000 0 7 0000 
16-FEB-2015 03 48030 3 1 2 50 0 22 04 10 063 20 035 3 0000 4 0000 5 0000 6 000 0 7 05 4 4 8 0 0 0 0 333 10 /// 58 000 6 000 0 7 0000 
16-FEB-2015 03 48031 3 1 9 56 0 18 01 10 135 20 056 3 0000 4 0000 5 0000 6 000 0 7 05 0 0 8 0 0 0 0 333 10 /// 58 000 6 000 0 7 0000 
16-FEB-2015 03 48033 3 2 9 62 0 36 01 10 200 20 168 3 0000 4 0156 5 0000 6 000 0 7 00 0 0 8 0 0 0 0 333 10 /// 58 027 6 000 0 7 0000 
16-FEB-2015 03 48034 3 2 4 56 1 00 00 10 142 20 082 3 0000 4 0000 5 0000 6 000 0 7 00 0 0 8 1 5 0 0 333 10 /// 58 000 6 000 0 7 0000 
16-FEB-2015 03 48035 3 1 9 30 0 00 00 10 137 20 082 3 0000 4 0166 5 0000 6 000 0 7 10 0 0 8 0 0 0 0 333 10 /// 59 002 6 000 0 7 0000 
16-FEB-2015 03 48037 3 2 5 58 3 32 01 10 204 20 130 3 0000 4 0157 5 0000 6 000 0 7 00 0 0 8 1 1 0 1 333 10 /// 58 022 6 000 0 7 0000 
16-FEB-2015 03 48039 3 1 9 56 2 22 02 10 200 20 130 3 0000 4 0000 5 0000 6 000 0 7 05 1 1 8 0 0 0 2 333 10 /// 58 000 6 000 0 7 0000 
16-FEB-2015 03 48042 3 1 9 40 0 18 02 10 205 20 150 3 0000 4 0152 5 0000 6 000 0 7 10 0 0 8 0 0 0 0 333 10 /// 58 013 6 000 0 7 0000 
16-FEB-2015 03 48043 3 2 0 56 0 00 00 10 160 20 085 3 0000 4 0000 5 0000 6 000 0 7 00 0 0 8 0 0 0 0 333 10 /// 58 000 6 000 0 7 0000 
16-FEB-2015 03 48045 3 2 9 60 1 14 02 10 147 20 012 3 0000 4 0000 5 0000 6 000 0 7 00 0 0 8 1 1 0 0 333 10 /// 58 000 6 000 0 7 0000 
16-FEB-2015 03 48048 3 2 9 60 0 22 01 10 220 20 156 3 0000 4 0161 5 0000 6 000 0 7 00 0 0 8 0 0 0 0 333 10 /// 58 014 6 000 0 7 0000 
16-FEB-2015 03 48051 3 2 9 58 0 36 03 10 200 20 150 3 0000 4 0000 5 0000 6 000 0 7 02 0 0 8 0 0 0 0 333 10 /// 58 000 6 000 0 7 0000 
16-FEB-2015 03 48052 3 2 9 58 0 32 02 10 220 20 136 3 0000 4 0000 5 0000 6 000 0 7 00 0 0 8 0 0 0 0 333 10 /// 58 000 6 000 0 7 0000 
16-FEB-2015 03 48053 3 1 9 50 0 36 02 10 200 20 130 3 0000 4 0155 5 0000 6 000 0 7 05 0 0 8 0 0 0 0 333 10 /// 58 014 6 000 0 7 0000 
16-FEB-2015 03 48055 3 1 9 40 0 00 00 10 142 20 082 3 0000 4 0175 5 0000 6 000 0 7 05 0 0 8 0 0 0 0 333 10 /// 58 004 6 000 0 7 0000 
16-FEB-2015 03 48057 3 2 4 56 1 18 01 10 180 20 056 3 0000 4 0000 5 0000 6 000 0 7 00 0 0 8 1 5 0 0 333 10 /// 58 000 6 000 0 7 0000 
16-FEB-2015 03 48060 3 2 4 30 3 00 00 10 150 20 101 3 0000 4 0186 5 0000 6 000 0 7 03 2 2 8 2 1 3 0 333 10 /// 58 010 6 000 0 7 0000 
16-FEB-2015 03 48062 3 2 4 56 3 04 01 10 190 20 160 3 0000 4 0152 5 0000 6 000 0 7 03 2 2 8 2 5 3 0 333 10 /// 58 014 6 000 0 7 0000 
16-FEB-2015 03 48064 3 2 9 60 0 14 01 10 207 20 120 3 0000 4 0153 5 0000 6 000 0 7 00 0 0 8 0 0 0 0 333 10 /// 58 027 6 000 0 7 0000 
16-FEB-2015 03 48065 3 2 9 60 0 00 00 10 210 20 120 3 0000 4 0000 5 0000 6 000 0 7 00 0 0 8 0 0 0 0 333 10 /// 58 000 6 000 0 7 0000 
16-FEB-2015 03 48071 3 2 9 56 0 00 00 10 230 20 198 3 0000 4 0156 5 0000 6 000 0 7 00 0 0 8 0 0 0 0 333 10 /// 58 013 6 000 0 7 0000 
16-FEB-2015 03 48072 3 1 9 59 0 32 02 10 240 20 161 3 0000 4 0000 5 0000 6 000 0 7 05 2 2 8 0 0 0 0 333 10 /// 58 000 6 000 0 7 0000 
16-FEB-2015 03 48074 3 2 5 58 1 32 03 10 195 20 130 3 0000 4 0158 5 0000 6 000 0 7 00 0 0 8 1 4 0 0 333 10 /// 58 004 6 000 0 7 0000 
16-FEB-2015 03 48075 3 1 4 57 0 22 01 10 165 20 130 3 0000 4 0182 5 0000 6 000 0 7 05 1 1 8 0 0 0 0 333 10 /// 58 016 6 000 0 7 0000 
16-FEB-2015 03 48077 3 1 9 58 0 04 01 10 230 20 143 3 0000 4 0154 5 0000 6 000 0 7 05 0 0 8 0 0 0 0 333 10 /// 58 027 6 000 0 7 0000 
16-FEB-2015 03 48078 3 2 9 56 1 14 01 10 210 20 120 3 0000 4 0157 5 0000 6 000 0 7 00 0 0 8 0 0 0 1 333 10 /// 58 015 6 000 0 7 0000 
16-FEB-2015 03 48080 3 1 9 59 0 04 01 10 184 20 165 3 0000 4 0153 5 0000 6 000 0 7 02 4 4 8 0 0 0 0 333 10 /// 58 009 6 000 0 7 0000 
16-FEB-2015 03 48085 3 1 9 57 0 36 02 10 213 20 175 3 0000 4 0160 5 0000 6 000 0 7 10 4 4 8 0 0 0 0 333 10 /// 58 021 6 000 0 7 0000 
16-FEB-2015 03 48087 3 2 9 60 0 04 02 10 242 20 155 3 0000 4 0000 5 0000 6 000 0 7 00 0 0 8 0 0 0 0 333 10 /// 58 000 6 000 0 7 0000 
16-FEB-2015 03 48092 3 1 9 50 0 07 03 10 220 20 165 3 0000 4 0136 5 0000 6 000 0 7 05 4 4 8 0 0 0 0 333 10 /// 58 018 6 000 0 7 0000 
16-FEB-2015 03 48093 3 2 9 56 0 04 01 10 200 20 168 3 0000 4 0000 5 0000 6 000 0 7 02 1 1 8 0 0 0 0 333 10 /// 58 000 6 000 0 7 0000 
16-FEB-2015 03 48094 3 2 9 59 0 32 02 10 230 20 200 3 0000 4 0147 5 0000 6 000 0 7 00 0 0 8 0 0 0 0 333 10 /// 58 007 6 000 0 7 0000 
16-FEB-2015 03 48095 3 1 9 56 0 04 01 10 210 20 195 3 0000 4 0000 5 0000 6 000 0 7 10 4 4 8 0 0 0 0 333 10 /// 58 000 6 000 0 7 0000 
16-FEB-2015 03 48097 3 1 5 57 2 23 01 10 235 20 159 3 0000 4 0155 5 0000 6 000 0 7 05 1 1 8 2 5 0 0 333 10 /// 58 005 6 000 0 7 0000 
16-FEB-2015 03 48099 3 1 4 40 2 32 02 10 225 20 156 3 0000 4 0158 5 0000 6 000 0 7 05 4 4 8 2 8 0 0 333 10 /// 58 021 6 000 0 7 0000 
16-FEB-2015 03 48101 3 1 9 58 0 27 01 10 240 20 209 3 0000 4 0000 5 0000 6 000 0 7 00 4 0 8 0 0 0 0 333 10 /// 58 000 6 000 0 7 0000 
16-FEB-2015 03 48103 3 1 5 50 1 04 01 10 228 20 163 3 0000 4 0151 5 0000 6 000 0 7 01 4 4 8 1 5 0 0 333 10 /// 58 017 6 000 0 7 0000 
16-FEB-2015 03 48107 3 1 9 30 0 09 01 10 236 20 136 3 0000 4 0136 5 0000 6 000 0 7 01 4 4 8 0 0 0 0 333 10 /// 58 003 6 000 0 7 0000 
16-FEB-2015 03 48108 3 2 5 96 5 05 02 10 230 20 163 3 0000 4 0149 5 0000 6 000 0 7 00 0 0 8 2 4 0 6 333 10 /// 58 009 6 000 0 7 0000 
16-FEB-2015 03 48109 3 2 9 97 0 04 01 10 268 20 151 3 0000 4 0158 5 0000 6 000 0 7 01 2 2 8 0 0 0 0 333 10 /// 58 012 6 000 0 7 0000 
16-FEB-2015 03 48110 3 1 9 95 1 13 03 10 280 20 220 3 0000 4 0141 5 0000 6 000 0 7 05 4 4 8 0 0 0 5 333 10 /// 58 007 6 000 0 7 0000 
16-FEB-2015 03 48112 3 2 5 98 6 04 02 10 270 20 211 3 0000 4 0132 5 0000 6 000 0 7 01 2 2 8 2 2 1 6 333 10 /// 58 012 6 000 0 7 0000 
