48001 NIL=
48004 32560 20401 10245 20150 82100 333 56500=
48008 32557 30401 10246 20126 40160 81430 333 56560 58016=
48010 31560 10000 10245 20136 40153 70344 81100 333 56900 58018=
48018 32559 31402 10255 20138 40156 70311 83800 333 56900 58010=
48019 32960 00402 10250 20150 40155 333 58018=
48020 32958 01303 10250 20167 333=
48025 32940 03601 10257 20138 40168 333 58018=
48035 31556 22701 10223 20087 40133 70500 82800 333 56900 58010=
48037 32960 03602 10279 20126 40142 333 58008=
48042 31956 03202 10265 20119 40133 70500 333 58005=
48045 32560 21406 10190 20072 82300 333 56500=
48048 32960 02201 10290 20140 40150 333 58015=
48051 32959 03602 10281 20150 70200 333=
48053 31950 02202 10290 20140 40141 70500 333 58000=
48060 32440 23202 10230 20124 40139 70122 82100 333 56500 58022=
48062 32958 00402 10270 20210 40161 70122 333 58019=
48071 32960 03202 10260 20215 40150 333 58010=
48075 31957 03201 10245 20105 40162 70511 333 58010=
48077 31958 00401 10310 20124 40133 70500 333 58013=
48078 32958 12301 10292 20128 40144 80001 333 56009 58015=
48080 32960 03202 10292 20215 40140 333 58007=
48085 31958 03205 10280 20203 40143 70500 333 58011=
48095 32958 00401 10290 20196 333=
48108 32596 53203 10320 20163 40130 82406 333 56909 58012=
48109 32997 00401 10302 20207 40153 70222 333 58008=
48110 31596 33205 10310 20237 40124 70511 82205 333 56209 58002=
48112 32598 60402 10325 20200 40119 70122 82216 333 56199 58005=
48030 31256 40403 10162 20059 70544 83850 333 56160=
48072 32960 00402 10280 20184 70122 333=
48087 32960 00401 10304 20149 333=
48099 31456 20403 10305 20149 40131 70322 82800 333 56100 58006=
48101 32960 02701 10304 20185 333=
48103 32956 00402 10302 20134 40133 333 58010=
48057 32456 32203 10210 20051 83800 333 56400=
48094 NIL=
48097 32957 00402 10310 20146 40148 333 58026=
48031 31960 01401 10183 20056 70500 333=
48033 32963 00401 10280 20146 40149 333 58028=
48034 32457 41803 10238 20066 84800 333 56500=
48039 31956 22702 10270 20133 70511 80002 333 56005=
48043 32657 43205 10220 20065 84200 333 56900=
48052 32970 00402 10290 20140 333=
48055 31556 22702 10252 20105 40113 70500 82100 333 56500 58001=
48064 32970 01401 10300 20185 40141 333 58032=
48065 32970 00402 10290 20159 333=
48074 32559 11403 10276 20146 40154 81400 333 56900 58013=
48092 31957 00603 10315 20132 40117 70522 333 58015=
48093 32958 00401 10302 20166 333=
48107 32950 02702 10320 20163 40120 333 58003=  48001 NIL=
48004 32560 20401 10245 20150 82100 333 56500=
48008 32557 30401 10246 20126 40160 81430 333 56560 58016=
48010 31560 10000 10245 20136 40153 70344 81100 333 56900 58018=
48018 32559 31402 10255 20138 40156 70311 83800 333 56900 58010=
48019 32960 00402 10250 20150 40155 333 58018=
48020 32958 01303 10250 20167 333=
48025 32940 03601 10257 20138 40168 333 58018=
48030 31256 40403 10162 20059 70544 83850 333 56160=
48031 31960 01401 10183 20056 70500 333=
48033 32963 00401 10280 20146 40149 333 58028=
48034 32457 41803 10238 20066 84800 333 56500=
48035 31556 22701 10223 20087 40133 70500 82800 333 56900 58010=
48037 32960 03602 10279 20126 40142 333 58008=
48039 31956 22702 10270 20133 70511 80002 333 56005=
48042 31956 03202 10265 20119 40133 70500 333 58005=
48043 32657 43205 10220 20065 84200 333 56900=
48045 32560 21406 10190 20072 82300 333 56500=
48048 32960 02201 10290 20140 40150 333 58015=
48051 32959 03602 10281 20150 70200 333=
48052 32970 00402 10290 20140 333=
48053 31950 02202 10290 20140 40141 70500 333 58000=
48055 31556 22702 10252 20105 40113 70500 82100 333 56500 58001=
48057 32456 32203 10210 20051 83800 333 56400=
48060 32440 23202 10230 20124 40139 70122 82100 333 56500 58022=
48062 32958 00402 10270 20210 40161 70122 333 58019=
48064 32970 01401 10300 20185 40141 333 58032=
48065 32970 00402 10290 20159 333=
48071 32960 03202 10260 20215 40150 333 58010=
48072 32960 00402 10280 20184 70122 333=
48074 32559 11403 10276 20146 40154 81400 333 56900 58013=
48075 31957 03201 10245 20105 40162 70511 333 58010=
48077 31958 00401 10310 20124 40133 70500 333 58013=
48078 32958 12301 10292 20128 40144 80001 333 56009 58015=
48080 32960 03202 10292 20215 40140 333 58007=
48085 31958 03205 10280 20203 40143 70500 333 58011=
48087 32960 00401 10304 20149 333=
48092 31957 00603 10315 20132 40117 70522 333 58015=
48093 32958 00401 10302 20166 333=
48094 32960 03202 10310 20190 40141 333 58013=
48095 32958 00401 10290 20196 333=
48097 32957 00402 10310 20146 40148 333 58026=
48099 31456 20403 10305 20149 40131 70322 82800 333 56100 58006=
48101 32960 02701 10304 20185 333=
48103 32956 00402 10302 20134 40133 333 58010=
48107 32950 02702 10320 20163 40120 333 58003=
48108 32596 53203 10320 20163 40130 82406 333 56909 58012=
48109 32997 00401 10302 20207 40153 70222 333 58008=
48110 31596 33205 10310 20237 40124 70511 82205 333 56209 58002=
48112 32598 60402 10325 20200 40119 70122 82216 333 56199 58005=  48094 32960 03202 10310 20190 40141 333 58013=  