16-FEB-2015 18 48008 3 1 5 10 2 00 00 10 200 20 168 3 0000 4 0126 5 0000 6 000 0 7 10 4 4 8 1 4 3 0 333 10 /// 59 005 6 000 0 7 0000 
16-FEB-2015 18 48010 3 2 9 01 0 00 00 10 190 20 125 3 0000 4 0163 5 0000 6 000 0 7 00 0 0 8 0 0 0 0 333 10 /// 58 008 6 000 0 7 0000 
16-FEB-2015 18 48018 3 2 9 20 0 00 00 10 175 20 154 3 0000 4 0150 5 0000 6 000 0 7 00 0 0 8 0 0 0 0 333 10 /// 58 029 6 000 0 7 0000 
16-FEB-2015 18 48025 3 2 9 05 0 04 01 10 194 20 159 3 0000 4 0156 5 0000 6 000 0 7 00 0 0 8 0 0 0 0 333 10 /// 58 002 6 000 0 7 0000 
16-FEB-2015 18 48042 3 2 9 50 0 00 00 10 188 20 139 3 0000 4 0122 5 0000 6 000 0 7 00 0 0 8 0 0 0 0 333 10 /// 58 000 6 000 0 7 0000 
16-FEB-2015 18 48053 3 2 9 30 0 00 00 10 200 20 168 3 0000 4 0125 5 0000 6 000 0 7 00 0 0 8 0 0 0 0 333 10 /// 58 004 6 000 0 7 0000 
16-FEB-2015 18 48057 3 2 9 57 0 18 01 10 124 20 081 3 0000 4 0000 5 0000 6 000 0 7 00 0 0 8 0 0 0 0 333 10 /// 58 000 6 000 0 7 0000 
16-FEB-2015 18 48060 3 2 9 10 0 00 00 10 120 20 102 3 0000 4 0139 5 0000 6 000 0 7 00 0 0 8 0 0 0 0 333 10 /// 59 007 6 000 0 7 0000 
16-FEB-2015 18 48062 3 1 4 40 2 27 02 10 200 20 190 3 0000 4 0137 5 0000 6 000 0 7 10 2 2 8 2 5 0 0 333 10 /// 59 010 6 000 0 7 0000 
16-FEB-2015 18 48071 3 2 9 20 0 32 05 10 240 20 191 3 0000 4 0115 5 0000 6 000 0 7 00 0 0 8 0 0 0 0 333 10 /// 59 025 6 000 0 7 0000 
16-FEB-2015 18 48080 3 2 9 40 0 00 00 10 210 20 175 3 0000 4 0141 5 0000 6 000 0 7 00 0 0 8 0 0 0 0 333 10 /// 59 008 6 000 0 7 0000 
16-FEB-2015 18 48094 3 2 9 50 0 00 00 10 210 20 200 3 0000 4 0123 5 0000 6 000 0 7 00 0 0 8 0 0 0 0 333 10 /// 59 006 6 000 0 7 0000 
16-FEB-2015 18 48097 3 2 9 56 0 23 01 10 210 20 175 3 0000 4 0138 5 0000 6 000 0 7 00 0 0 8 0 0 0 0 333 10 /// 58 003 6 000 0 7 0000 
16-FEB-2015 18 48099 3 2 9 30 0 23 01 10 200 20 168 3 0000 4 0123 5 0000 6 000 0 7 00 0 0 8 0 0 0 0 333 10 /// 59 008 6 000 0 7 0000 
16-FEB-2015 18 48103 3 2 9 10 0 04 02 10 215 20 156 3 0000 4 0110 5 0000 6 000 0 7 00 0 0 8 0 0 0 0 333 10 /// 59 006 6 000 0 7 0000 
16-FEB-2015 18 48108 3 1 5 94 5 05 01 10 240 20 209 3 0000 4 0124 5 0000 6 000 0 7 10 2 2 8 2 4 0 6 333 10 /// 59 009 6 000 0 7 0000 
16-FEB-2015 18 48109 3 2 9 95 0 00 00 10 250 20 219 3 0000 4 0120 5 0000 6 000 0 7 00 0 0 8 0 0 0 0 333 10 /// 59 003 6 000 0 7 0000 
16-FEB-2015 18 48110 3 1 9 94 3 00 00 10 250 20 226 3 0000 4 0117 5 0000 6 000 0 7 05 1 1 8 0 0 0 5 333 10 /// 59 010 6 000 0 7 0000 
16-FEB-2015 18 48112 3 2 5 97 7 04 06 10 261 20 215 3 0000 4 0100 5 0000 6 000 0 7 00 0 0 8 3 8 7 6 333 10 /// 59 010 6 000 0 7 0000 
