48001 NIL=
48004 31562 10401 10138 20107 70144 81500 333 56900=
48008 32557 20401 10160 20123 40191 82400 333 56100 59008=
48010 32950 00000 10160 20144 40169 333 58000=
48018 32558 40401 10145 20134 40189 83800 333 56100 59002=
48019 32460 30402 10150 20111 40193 83600 333 56600 59004=
48020 31140 80000 10155 20144 70522 887// 333 569//=
48025 32456 53201 10164 20144 40200 83840 333 56550 58002=
48035 31559 80000 10167 20135 40184 70522 8597/ 333 5679/ 59028=
48037 21358 83601 10208 20175 40196 70255 8487/ 333 5665/ 58017=
48042 21540 80000 10207 20175 40188 71022 8597/ 333 5699/ 58022=
48045 21/40 71402 10130 20113 76064 87700 333 56500=
48048 21558 80401 10195 20185 40186 72155 8697/ 333 5649/ 58002=
48051 22458 73604 10211 20200 85970 333 56590=
48053 21450 83603 10180 20180 40182 70265 8572/ 333 5689/ 58008=
48060 32440 20000 10186 20139 40204 82100 333 56500 59046=
48062 21350 80401 10200 20200 40148 76055 8592/ 333 5699/ 59025=
48071 21358 80502 10223 20205 40158 76066 8692/ 333 5649/ 59015=
48075 22458 50000 10190 20180 40200 83830 333 56590 59004=
48077 32559 80401 10220 20173 40160 85970 333 56990 59004=
48078 22557 53205 10218 20173 40165 82531 333 56699 59007=
48080 32458 60401 10224 20173 40146 84870 333 56590 59020=
48085 22458 42203 10247 20209 40144 81536 333 56999 58001=
48095 32458 70402 10210 20175 83670 333 56990=
48108 32595 71401 10225 20168 40153 83466 333 56499 59002=
48109 22497 70404 10288 20248 40145 85970 333 56990 59004=
48110 31996 61802 10260 20138 40150 70522 80006 333 56009 59006=
48112 32598 60405 10260 20215 40144 82216 333 56199 58000=
48030 31150 52202 10089 20068 70244 85800 333 56500=
48072 32459 83601 10240 20209 85970 333 56590=
48087 32560 43203 10210 20175 81241 333 56999=
48099 31450 73202 10238 20191 40160 70522 83830 333 56770 59001=
48101 32558 70402 10221 20185 82771 333 56999=
48103 32456 60402 10256 20160 40158 84830 333 56110 59006=
48057 22458 71402 10148 20111 85370 333 56690=
48094 32459 30403 10240 20170 40165 82540 333 56990 58010=
48097 32557 71302 10220 20179 40171 84531 333 56999 58006=
48031 31902 92201 10105 20102 74744 333=
48033 32562 20901 10210 20195 40166 81500 333 56900 58007=
48034 31456 60402 10138 20107 71022 83830 333 56550=
48039 21440 82201 10198 20185 75122 8477/ 333 5655/=
48043 22540 80000 10155 20144 8587/ 333 5699/=
48052 NIL=
48055 32556 70902 10167 20149 40188 85970 333 56550 58001=
48064 NIL=
48065 NIL=
48074 21458 63605 10205 20168 40172 70155 83860 333 56440 58005=
48092 31556 60402 10215 20180 40147 70522 83546 333 56999 59001=
48093 NIL=
48107 32950 23201 10257 20138 40141 80006 333 56009 59000=  48001 NIL=
48004 31562 10401 10138 20107 70144 81500 333 56900=
48008 32557 20401 10160 20123 40191 82400 333 56100 59008=
48010 32950 00000 10160 20144 40169 333 58000=
48018 32558 40401 10145 20134 40189 83800 333 56100 59002=
48019 32460 30402 10150 20111 40193 83600 333 56600 59004=
48020 31140 80000 10155 20144 70522 887// 333 569//=
48025 32456 53201 10164 20144 40200 83840 333 56550 58002=
48030 31150 52202 10089 20068 70244 85800 333 56500=
48031 31902 92201 10105 20102 74744 333=
48033 32562 20901 10210 20195 40166 81500 333 56900 58007=
48034 31456 60402 10138 20107 71022 83830 333 56550=
48035 31559 80000 10167 20135 40184 70522 8597/ 333 5679/ 59028=
48037 21358 83601 10208 20175 40196 70255 8487/ 333 5665/ 58017=
48039 21440 82201 10198 20185 75122 8477/ 333 5655/=
48042 21540 80000 10207 20175 40188 71022 8597/ 333 5699/ 58022=
48043 22540 80000 10155 20144 8587/ 333 5699/=
48045 21/40 71402 10130 20113 76064 87700 333 56500=
48048 21558 80401 10195 20185 40186 72155 8697/ 333 5649/ 58002=
48051 22458 73604 10211 20200 85970 333 56590=
48052 NIL=
48053 21450 83603 10180 20180 40182 70265 8572/ 333 5689/ 58008=
48055 32556 70902 10167 20149 40188 85970 333 56550 58001=
48057 22458 71402 10148 20111 85370 333 56690=
48060 32440 20000 10186 20139 40204 82100 333 56500 59046=
48062 21350 80401 10200 20200 40148 76055 8592/ 333 5699/ 59025=
48064 NIL=
48065 NIL=
48071 21358 80502 10223 20205 40158 76066 8692/ 333 5649/ 59015=
48072 32459 83601 10240 20209 85970 333 56590=
48074 21458 63605 10205 20168 40172 70155 83860 333 56440 58005=
48075 22458 50000 10190 20180 40200 83830 333 56590 59004=
48077 32559 80401 10220 20173 40160 85970 333 56990 59004=
48078 22557 53205 10218 20173 40165 82531 333 56699 59007=
48080 32458 60401 10224 20173 40146 84870 333 56590 59020=
48085 22458 42203 10247 20209 40144 81536 333 56999 58001=
48087 32560 43203 10210 20175 81241 333 56999=
48092 31556 60402 10215 20180 40147 70522 83546 333 56999 59001=
48093 NIL=
48094 32459 30403 10240 20170 40165 82540 333 56990 58010=
48095 32458 70402 10210 20175 83670 333 56990=
48097 32557 71302 10220 20179 40171 84531 333 56999 58006=
48099 31450 73202 10238 20191 40160 70522 83830 333 56770 59001=
48101 32558 70402 10221 20185 82771 333 56999=
48103 32456 60402 10256 20160 40158 84830 333 56110 59006=
48107 32950 23201 10257 20138 40141 80006 333 56009 59000=
48108 32595 71401 10225 20168 40153 83466 333 56499 59002=
48109 22497 70404 10288 20248 40145 85970 333 56990 59004=
48110 31996 61802 10260 20138 40150 70522 80006 333 56009 59006=
48112 32598 60405 10260 20215 40144 82216 333 56199 58000=  