16-JAN-2015 06 48004 3 2 5 62 4 04 01 10 226 20 143 3 0000 4 0000 5 0000 6 000 0 7 00 0 0 8 4 8 0 0 333 10 /// 58 000 6 000 0 7 0000 
16-JAN-2015 06 48008 3 2 5 57 2 04 01 10 236 20 114 3 0000 4 0179 5 0000 6 000 0 7 00 0 0 8 2 2 0 0 333 10 /// 59 004 6 000 0 7 0000 
16-JAN-2015 06 48010 3 2 0 60 0 18 01 10 235 20 174 3 0000 4 0176 5 0000 6 000 0 7 00 0 0 8 0 0 0 0 333 10 /// 59 006 6 000 0 7 0000 
16-JAN-2015 06 48018 3 2 5 60 4 14 02 10 250 20 126 3 0000 4 0189 5 0000 6 000 0 7 00 0 0 8 3 8 1 0 333 10 /// 58 010 6 000 0 7 0000 
16-JAN-2015 06 48019 3 2 4 60 3 04 02 10 222 20 156 3 0000 4 0181 5 0000 6 000 0 7 00 0 0 8 0 0 6 0 333 10 /// 58 006 6 000 0 7 0000 
16-JAN-2015 06 48020 3 2 5 57 7 36 04 10 240 20 174 3 0000 4 0000 5 0000 6 000 0 7 00 0 0 8 7 7 0 0 333 10 /// 58 000 6 000 0 7 0000 
16-JAN-2015 06 48025 3 2 4 58 6 27 02 10 235 20 155 3 0000 4 0197 5 0000 6 000 0 7 00 0 0 8 4 8 4 0 333 10 /// 58 009 6 000 0 7 0000 
16-JAN-2015 06 48030 2 1 0 05 9 22 02 10 108 20 108 3 0000 4 0000 5 0000 6 000 0 7 50 5 5 8 0 0 0 0 333 10 /// 58 000 6 000 0 7 0000 
16-JAN-2015 06 48031 2 1 / 05 9 18 01 10 120 20 117 3 0000 4 0000 5 0000 6 000 0 7 50 5 0 8 0 0 0 0 333 10 /// 58 000 6 000 0 7 0000 
16-JAN-2015 06 48033 3 2 5 63 6 36 01 10 230 20 181 3 0000 4 0166 5 0000 6 000 0 7 00 0 0 8 6 9 0 0 333 10 /// 58 014 6 000 0 7 0000 
16-JAN-2015 06 48034 3 2 4 56 6 04 02 10 207 20 072 3 0000 4 0000 5 0000 6 000 0 7 00 0 0 8 3 8 3 0 333 10 /// 58 000 6 000 0 7 0000 
16-JAN-2015 06 48035 3 1 5 60 6 00 00 10 219 20 087 3 0000 4 0148 5 0000 6 000 0 7 05 2 2 8 4 9 6 0 333 10 /// 59 003 6 000 0 7 0000 
16-JAN-2015 06 48037 2 1 5 58 6 36 01 10 226 20 163 3 0000 4 0173 5 0000 6 000 0 7 51 5 5 8 4 8 2 0 333 10 /// 59 003 6 000 0 7 0000 
16-JAN-2015 06 48039 2 1 4 59 8 22 01 10 218 20 185 3 0000 4 0000 5 0000 6 000 0 7 02 5 5 8 8 7 / / 333 10 /// 58 000 6 000 0 7 0000 
16-JAN-2015 06 48042 2 1 4 50 8 00 00 10 230 20 181 3 0000 4 0174 5 0000 6 000 0 7 50 2 2 8 5 9 7 / 333 10 /// 58 030 6 000 0 7 0000 
16-JAN-2015 06 48043 3 2 5 40 8 00 00 10 190 20 139 3 0000 4 0000 5 0000 6 000 0 7 00 0 0 8 5 8 7 / 333 10 /// 58 000 6 000 0 7 0000 
16-JAN-2015 06 48045 2 1 / 25 8 04 02 10 140 20 124 3 0000 4 0000 5 0000 6 000 0 7 41 6 4 8 8 7 / / 333 10 /// 58 000 6 000 0 7 0000 
16-JAN-2015 06 48048 2 1 5 58 8 22 01 10 215 20 185 3 0000 4 0185 5 0000 6 000 0 7 20 5 5 8 6 9 7 / 333 10 /// 58 008 6 000 0 7 0000 
16-JAN-2015 06 48051 3 2 5 58 7 36 01 10 250 20 220 3 0000 4 0000 5 0000 6 000 0 7 02 2 2 8 5 3 7 0 333 10 /// 58 000 6 000 0 7 0000 
16-JAN-2015 06 48052 3 2 4 70 8 04 02 10 200 20 200 3 0000 4 0000 5 0000 6 000 0 7 00 0 0 8 5 9 7 0 333 10 /// 58 000 6 000 0 7 0000 
16-JAN-2015 06 48053 2 1 4 50 8 36 02 10 190 20 190 3 0000 4 0172 5 0000 6 000 0 7 50 6 5 8 5 9 7 / 333 10 /// 59 001 6 000 0 7 0000 
16-JAN-2015 06 48055 2 1 5 56 6 04 02 10 208 20 152 3 0000 4 0159 5 0000 6 000 0 7 02 5 5 8 3 8 3 0 333 10 /// 59 005 6 000 0 7 0000 
16-JAN-2015 06 48057 2 1 / 05 9 15 01 10 149 20 149 3 0000 4 0000 5 0000 6 000 0 7 43 5 5 8 9 / / / 333 10 /// 58 000 6 000 0 7 0000 
16-JAN-2015 06 48060 3 2 4 40 5 00 00 10 222 20 136 3 0000 4 0170 5 0000 6 000 0 7 00 0 0 8 2 1 3 2 333 10 /// 59 029 6 000 0 7 0000 
16-JAN-2015 06 48062 2 1 4 58 8 09 03 10 292 20 210 3 0000 4 0192 5 0000 6 000 0 7 03 6 6 8 5 9 7 / 333 10 /// 59 015 6 000 0 7 0000 
16-JAN-2015 06 48064 3 1 4 68 8 32 01 10 205 20 185 3 0000 4 0165 5 0000 6 000 0 7 50 5 5 8 4 7 2 0 333 10 /// 58 002 6 000 0 7 0000 
16-JAN-2015 06 48065 2 1 4 60 8 00 00 10 204 20 200 3 0000 4 0000 5 0000 6 000 0 7 50 5 5 8 4 7 2 0 333 10 /// 58 000 6 000 0 7 0000 
16-JAN-2015 06 48071 2 1 4 58 8 36 03 10 230 20 198 3 0000 4 0146 5 0000 6 000 0 7 01 6 2 8 5 9 7 / 333 10 /// 59 020 6 000 0 7 0000 
16-JAN-2015 06 48072 3 2 4 90 7 04 01 10 270 20 226 3 0000 4 0000 5 0000 6 000 0 7 03 2 2 8 5 9 3 0 333 10 /// 58 000 6 000 0 7 0000 
16-JAN-2015 06 48074 3 2 4 57 7 09 03 10 245 20 191 3 0000 4 0160 5 0000 6 000 0 7 00 0 0 8 5 8 6 0 333 10 /// 59 011 6 000 0 7 0000 
16-JAN-2015 06 48075 3 2 5 58 3 14 01 10 230 20 160 3 0000 4 0149 5 0000 6 000 0 7 00 0 0 8 3 2 0 0 333 10 /// 59 008 6 000 0 7 0000 
16-JAN-2015 06 48077 3 2 5 59 8 04 02 10 240 20 134 3 0000 4 0156 5 0000 6 000 0 7 00 0 0 8 5 9 7 0 333 10 /// 59 006 6 000 0 7 0000 
16-JAN-2015 06 48078 3 2 5 58 5 32 05 10 256 20 173 3 0000 4 0164 5 0000 6 000 0 7 00 0 0 8 2 5 3 1 333 10 /// 58 002 6 000 0 7 0000 
16-JAN-2015 06 48080 3 2 4 60 6 04 05 10 300 20 223 3 0000 4 0126 5 0000 6 000 0 7 00 0 0 8 4 8 7 0 333 10 /// 59 017 6 000 0 7 0000 
16-JAN-2015 06 48085 3 2 4 58 8 13 06 10 290 20 196 3 0000 4 0135 5 0000 6 000 0 7 00 0 0 8 4 8 7 0 333 10 /// 59 002 6 000 0 7 0000 
16-JAN-2015 06 48087 3 2 5 60 4 36 03 10 276 20 202 3 0000 4 0000 5 0000 6 000 0 7 00 0 0 8 1 1 4 1 333 10 /// 58 000 6 000 0 7 0000 
16-JAN-2015 06 48092 3 2 5 58 4 13 03 10 290 20 169 3 0000 4 0136 5 0000 6 000 0 7 01 2 2 8 1 4 3 1 333 10 /// 59 003 6 000 0 7 0000 
16-JAN-2015 06 48093 3 2 6 57 3 14 01 10 280 20 196 3 0000 4 0000 5 0000 6 000 0 7 00 0 0 8 3 8 0 0 333 10 /// 58 000 6 000 0 7 0000 
16-JAN-2015 06 48094 3 2 4 59 6 04 03 10 295 20 200 3 0000 4 0141 5 0000 6 000 0 7 00 0 0 8 2 5 4 0 333 10 /// 59 006 6 000 0 7 0000 
16-JAN-2015 06 48095 3 2 4 58 6 04 01 10 265 20 203 3 0000 4 0000 5 0000 6 000 0 7 01 2 2 8 3 6 7 0 333 10 /// 58 000 6 000 0 7 0000 
16-JAN-2015 06 48097 3 2 4 57 4 13 03 10 310 20 166 3 0000 4 0148 5 0000 6 000 0 7 02 1 1 8 2 5 3 6 333 10 /// 59 010 6 000 0 7 0000 
16-JAN-2015 06 48099 3 2 4 56 5 32 02 10 290 20 196 3 0000 4 0140 5 0000 6 000 0 7 00 0 0 8 2 8 3 1 333 10 /// 59 004 6 000 0 7 0000 
16-JAN-2015 06 48101 3 2 9 60 2 00 00 10 280 20 203 3 0000 4 0000 5 0000 6 000 0 7 01 1 1 8 0 0 0 5 333 10 /// 58 000 6 000 0 7 0000 
16-JAN-2015 06 48103 3 2 4 57 3 04 02 10 316 20 236 3 0000 4 0135 5 0000 6 000 0 7 00 0 0 8 3 8 0 0 333 10 /// 59 008 6 000 0 7 0000 
16-JAN-2015 06 48107 3 2 9 50 2 23 01 10 330 20 126 3 0000 4 0116 5 0000 6 000 0 7 00 0 0 8 0 0 0 6 333 10 /// 59 003 6 000 0 7 0000 
16-JAN-2015 06 48108 3 2 5 96 6 14 03 10 280 20 146 3 0000 4 0149 5 0000 6 000 0 7 00 0 0 8 3 5 0 6 333 10 /// 58 005 6 000 0 7 0000 
16-JAN-2015 06 48109 3 2 4 97 6 04 01 10 314 20 254 3 0000 4 0140 5 0000 6 000 0 7 01 2 2 8 6 9 0 0 333 10 /// 58 002 6 000 0 7 0000 
16-JAN-2015 06 48110 3 1 5 96 5 32 02 10 310 20 146 3 0000 4 0142 5 0000 6 000 0 7 05 2 2 8 1 1 0 6 333 10 /// 58 003 6 000 0 7 0000 
