160000 48078 21550 71801 10262 20246 40018 70255 84571 333 20245 56499 59004 60012=  48001 NIL=
160000 48004 21110 80000 10240 20240 75055 8697/ 333 20210 56549 60012=
160000 48008 21330 80000 10250 20246 40007 76566 8597/ 333 20240 56459 58016 60372=
160000 48010 21410 80000 10240 20240 40002 76366 887// 333 20235 56499 58021 60282=
160000 48018 21556 80000 10250 20250 49998 79596 8497/ 333 20240 56559 58021 60302=
160000 48019 21440 80000 10256 20250 49997 75055 8577/ 333 20251 56449 59004 60012=
160000 48020 22450 80000 10255 20246 88700 333 20245 56500 60002=
160000 48025 21110 80000 10258 20258 49995 76165 8577/ 333 20250 56699 58016 60332=
160000 48035 21120 80000 10231 20230 40003 76066 8692/ 333 20223 56999 58013 60142=
160000 48037 21556 80401 10258 20258 40001 75095 8563/ 333 20248 56449 58019 60802=
160000 48042 32558 71802 10285 20250 49998 84850 333 20270 56440 58009=
160000 48048 32550 62201 10284 20250 49989 85950 333 20278 56490 58008=
160000 48051 21456 81301 10264 20250 75055 86970 333 20260 56490 60112=
160000 48053 32450 81802 10260 20246 40016 8577/ 333 20256 56499 58020=
160000 48060 21330 80000 10237 20226 40016 70355 85870 333 20225 56560 58015 69902=
160000 48062 21356 82302 10265 20260 49995 76066 86920 333 20232 56590 59002 60212=
160000 48071 21350 82302 10255 20255 40000 76366 8692/ 333 20245 5699/ 59028 60932=
160000 48075 22456 70901 10222 20210 40034 85830 333 56590 58007 60002=
160000 48077 21556 80000 10260 20246 40014 70266 85970 333 20242 56490 58009 60012=
160000 48078 21550 71801 10262 20246 40018 70255 84571 333 20245 56499 59004 60012=
160000 48080 21495 80402 10251 20250 40024 76065 85920 333 20242 56590 58007 60082=
160000 48085 21356 80901 10252 20250 40017 75165 86920 333 20250 56590 58007 60132=
160000 48108 21494 81401 10250 20250 40052 72055 8537/ 333 20225 5669/ 58008 60362=
160000 48109 22496 82303 10266 20256 70222 8697/ 333 20202 5699/ 59006 60322=
160000 48110 21495 81201 10250 20250 40064 75055 8632/ 333 20245 5669/ 58010 60132=
160000 48112 21456 82203 10252 20252 40076 75055 8477/ 333 20200 5659/ 58012 60182=
160000 48030 32150 82201 10180 20180 8594/ 333 20174 56569=
160000 48087 21450 80000 10250 20206 75055 8577/ 333 20246 5649/ 60242=
160000 48099 21330 81301 10252 20252 40025 75066 8692/ 333 20244 5649/ 58000 60142=
160000 48101 21556 81601 10270 20256 70265 8437/ 333 20219 5659/ 60022=
160000 48103 21330 81402 10251 20251 40039 76066 8672/ 333 20240 5639/ 58011 60332=
160000 48057 32456 71401 10200 20185 85950 333 20190 56490=
160000 48094 21456 80000 10250 20250 40026 76166 8592/ 333 20205 5659/ 58004 60112=
160000 48097 22556 82501 10260 20253 40041 8455/ 333 20251 5699/ 58011=
160000 48031 21/03 90401 10195 20185 74764 89/// 333 20185 56999 60022=
160000 48033 22560 81201 10260 20246 40002 86970 333 20250 56590 58011 60272=
160000 48034 21356 80000 10210 20202 74065 8692/ 333 20205 5659/ 60052=
160000 48039 32456 81401 10280 20233 8596/ 333 20279 56559=
160000 48043 32520 81805 10215 20205 8587/ 333 20187 56599=
160000 48052 32450 51302 10285 20248 85900 333 20280 56900=
160000 48055 22456 70000 10210 20205 40010 83946 333 20206 56559 58002 60002=
160000 48064 32450 70401 10272 20256 49990 84831 333 20238 56449 58015=
160000 48065 32450 80402 10270 20256 85570 333 20240 56490=
160000 48074 21456 81401 10260 20246 40028 70265 8477/ 333 20240 56449 58008 60022=
160000 48092 21450 70000 10255 20248 40011 70522 85370 333 20245 56690 58010 60022=
160000 48093 21450 80000 10263 20261 70265 8627/ 333 20251 56599 60242=
160000 48107 21330 81301 10242 20242 40050 70166 8597/ 333 20235 5655/ 58012 60432=  
