16-JUL-2015 00 48008 2 1 3 30 8 00 00 10 250 20 246 3 0000 4 0007 5 0000 6 000 0 7 65 6 6 8 5 9 7 / 333 20 240 58 016 6 037 2 7 0000 
16-JUL-2015 00 48010 2 1 4 10 8 00 00 10 240 20 240 3 0000 4 0002 5 0000 6 000 0 7 63 6 6 8 8 7 / / 333 20 235 58 021 6 028 2 7 0000 
16-JUL-2015 00 48018 2 1 5 56 8 00 00 10 250 20 250 3 0000 4 9998 5 0000 6 000 0 7 95 9 6 8 4 9 7 / 333 20 240 58 021 6 030 2 7 0000 
16-JUL-2015 00 48019 2 1 4 40 8 00 00 10 256 20 250 3 0000 4 9997 5 0000 6 000 0 7 50 5 5 8 5 7 7 / 333 20 251 59 004 6 001 2 7 0000 
16-JUL-2015 00 48025 2 1 1 10 8 00 00 10 258 20 258 3 0000 4 9995 5 0000 6 000 0 7 61 6 5 8 5 7 7 / 333 20 250 58 016 6 033 2 7 0000 
16-JUL-2015 00 48030 3 2 1 50 8 22 01 10 180 20 180 3 0000 4 0000 5 0000 6 000 0 7 00 0 0 8 5 9 4 / 333 20 174 58 000 6 000 0 7 0000 
16-JUL-2015 00 48033 2 2 5 60 8 12 01 10 260 20 246 3 0000 4 0002 5 0000 6 000 0 7 00 0 0 8 6 9 7 0 333 20 250 58 011 6 027 2 7 0000 
16-JUL-2015 00 48035 2 1 1 20 8 00 00 10 231 20 230 3 0000 4 0003 5 0000 6 000 0 7 60 6 6 8 6 9 2 / 333 20 223 58 013 6 014 2 7 0000 
16-JUL-2015 00 48037 2 1 5 56 8 04 01 10 258 20 258 3 0000 4 0001 5 0000 6 000 0 7 50 9 5 8 5 6 3 / 333 20 248 58 019 6 080 2 7 0000 
16-JUL-2015 00 48039 3 2 4 56 8 14 01 10 280 20 233 3 0000 4 0000 5 0000 6 000 0 7 00 0 0 8 5 9 6 / 333 20 279 58 000 6 000 0 7 0000 
16-JUL-2015 00 48042 3 2 5 58 7 18 02 10 285 20 250 3 0000 4 9998 5 0000 6 000 0 7 00 0 0 8 4 8 5 0 333 20 270 58 009 6 000 0 7 0000 
16-JUL-2015 00 48043 3 2 5 20 8 18 05 10 215 20 205 3 0000 4 0000 5 0000 6 000 0 7 00 0 0 8 5 8 7 / 333 20 187 58 000 6 000 0 7 0000 
16-JUL-2015 00 48048 3 2 5 50 6 22 01 10 284 20 250 3 0000 4 9989 5 0000 6 000 0 7 00 0 0 8 5 9 5 0 333 20 278 58 008 6 000 0 7 0000 
16-JUL-2015 00 48052 3 2 4 50 5 13 02 10 285 20 248 3 0000 4 0000 5 0000 6 000 0 7 00 0 0 8 5 9 0 0 333 20 280 58 000 6 000 0 7 0000 
16-JUL-2015 00 48053 3 2 4 50 8 18 02 10 260 20 246 3 0000 4 0016 5 0000 6 000 0 7 00 0 0 8 5 7 7 / 333 20 256 58 020 6 000 0 7 0000 
16-JUL-2015 00 48055 2 2 4 56 7 00 00 10 210 20 205 3 0000 4 0010 5 0000 6 000 0 7 00 0 0 8 3 9 4 6 333 20 206 58 002 6 000 2 7 0000 
16-JUL-2015 00 48057 3 2 4 56 7 14 01 10 200 20 185 3 0000 4 0000 5 0000 6 000 0 7 00 0 0 8 5 9 5 0 333 20 190 58 000 6 000 0 7 0000 
16-JUL-2015 00 48060 2 1 3 30 8 00 00 10 237 20 226 3 0000 4 0016 5 0000 6 000 0 7 03 5 5 8 5 8 7 0 333 20 225 58 015 6 990 2 7 0000 
16-JUL-2015 00 48062 2 1 3 56 8 23 02 10 265 20 260 3 0000 4 9995 5 0000 6 000 0 7 60 6 6 8 6 9 2 0 333 20 232 59 002 6 021 2 7 0000 
16-JUL-2015 00 48064 3 2 4 50 7 04 01 10 272 20 256 3 0000 4 9990 5 0000 6 000 0 7 00 0 0 8 4 8 3 1 333 20 238 58 015 6 000 0 7 0000 
16-JUL-2015 00 48065 3 2 4 50 8 04 02 10 270 20 256 3 0000 4 0000 5 0000 6 000 0 7 00 0 0 8 5 5 7 0 333 20 240 58 000 6 000 0 7 0000 
16-JUL-2015 00 48071 2 1 3 50 8 23 02 10 255 20 255 3 0000 4 0000 5 0000 6 000 0 7 63 6 6 8 6 9 2 / 333 20 245 59 028 6 093 2 7 0000 
16-JUL-2015 00 48074 2 1 4 56 8 14 01 10 260 20 246 3 0000 4 0028 5 0000 6 000 0 7 02 6 5 8 4 7 7 / 333 20 240 58 008 6 002 2 7 0000 
16-JUL-2015 00 48075 2 2 4 56 7 09 01 10 222 20 210 3 0000 4 0034 5 0000 6 000 0 7 00 0 0 8 5 8 3 0 333 10 /// 58 007 6 000 2 7 0000 
16-JUL-2015 00 48077 2 1 5 56 8 00 00 10 260 20 246 3 0000 4 0014 5 0000 6 000 0 7 02 6 6 8 5 9 7 0 333 20 242 58 009 6 001 2 7 0000 
16-JUL-2015 00 48078 2 1 5 50 7 18 01 10 262 20 246 3 0000 4 0018 5 0000 6 000 0 7 02 5 5 8 4 5 7 1 333 20 245 59 004 6 001 2 7 0000 
16-JUL-2015 00 48080 2 1 4 95 8 04 02 10 251 20 250 3 0000 4 0024 5 0000 6 000 0 7 60 6 5 8 5 9 2 0 333 20 242 58 007 6 008 2 7 0000 
16-JUL-2015 00 48085 2 1 3 56 8 09 01 10 252 20 250 3 0000 4 0017 5 0000 6 000 0 7 51 6 5 8 6 9 2 0 333 20 250 58 007 6 013 2 7 0000 
16-JUL-2015 00 48092 2 1 4 50 7 00 00 10 255 20 248 3 0000 4 0011 5 0000 6 000 0 7 05 2 2 8 5 3 7 0 333 20 245 58 010 6 002 2 7 0000 
16-JUL-2015 00 48094 2 1 4 56 8 00 00 10 250 20 250 3 0000 4 0026 5 0000 6 000 0 7 61 6 6 8 5 9 2 / 333 20 205 58 004 6 011 2 7 0000 
16-JUL-2015 00 48097 2 2 5 56 8 25 01 10 260 20 253 3 0000 4 0041 5 0000 6 000 0 7 00 0 0 8 4 5 5 / 333 20 251 58 011 6 000 0 7 0000 
16-JUL-2015 00 48099 2 1 3 30 8 13 01 10 252 20 252 3 0000 4 0025 5 0000 6 000 0 7 50 6 6 8 6 9 2 / 333 20 244 58 000 6 014 2 7 0000 
16-JUL-2015 00 48103 2 1 3 30 8 14 02 10 251 20 251 3 0000 4 0039 5 0000 6 000 0 7 60 6 6 8 6 7 2 / 333 20 240 58 011 6 033 2 7 0000 
16-JUL-2015 00 48107 2 1 3 30 8 13 01 10 242 20 242 3 0000 4 0050 5 0000 6 000 0 7 01 6 6 8 5 9 7 / 333 20 235 58 012 6 043 2 7 0000 
16-JUL-2015 00 48108 2 1 4 94 8 14 01 10 250 20 250 3 0000 4 0052 5 0000 6 000 0 7 20 5 5 8 5 3 7 / 333 20 225 58 008 6 036 2 7 0000 
16-JUL-2015 00 48109 2 2 4 96 8 23 03 10 266 20 256 3 0000 4 0000 5 0000 6 000 0 7 02 2 2 8 6 9 7 / 333 20 202 59 006 6 032 2 7 0000 
16-JUL-2015 00 48110 2 1 4 95 8 12 01 10 250 20 250 3 0000 4 0064 5 0000 6 000 0 7 50 5 5 8 6 3 2 / 333 20 245 58 010 6 013 2 7 0000 
16-JUL-2015 00 48112 2 1 4 56 8 22 03 10 252 20 252 3 0000 4 0076 5 0000 6 000 0 7 50 5 5 8 4 7 7 / 333 20 200 58 012 6 018 2 7 0000 
