



*-*-*


<!--
.style2 {
	font-family:"Courier New", Courier, monospace;
	font-size: 14px;
}
-->






SIBM20 VBRR 160900

AAXX 16094

48001 NIL=

48004 31556 12201 10336 20203 70511 81100 333 56900=

48008 31556 62301 10346 20116 40093 70544 82431 333

56566 59010=

48010 32060 00000 10340 20184 40098 333 58003=

48018 32560 31402 10355 20177 40096 82810 333 56320

59004=

48019 31960 02301 10350 20202 40089 70500 333 59007=

48020 NIL=

48025 31440 31402 10380 20159 40084 70544 81530 333

56440 59007=

48035 NIL=

48037 31956 03201 10398 20196 40086 70500 333 59007=

48042 32957 03602 10380 20150 40084 333 59016=

48045 32959 01403 10308 20047 333=

48048 32962 00401 10395 20166 40096 333 59005=

48051 31960 03106 10384 20110 70500 333=

48053 32950 03602 10380 20203 40092 333 59006=

48060 32940 03201 10340 20145 40061 333 59004=

48062 31956 03202 10355 20280 40108 70500 333 59008=

48071 32960 03202 10313 20237 40108 333 59010=

48075 31457 03202 10350 20047 40078 70500 333 58004=

48077 31958 00000 10392 20177 40089 333 59007=

48078 32957 11801 10381 20203 40091 80001 333 56009

59001=

48080 32959 02207 10334 20234 40094 333 59012=

48085 31958 03205 10310 20254 40103 70500 333 59009=

48095 32958 00000 10355 20240 333=

48108 32596 53205 10360 20235 40112 83806 333 56609

59004=

48109 32997 03601 10307 20254 40122 70222 333 59014=

48110 32596 23204 10340 20240 40114 81305 333 56909

59006=

48112 NIL=

48030 31956 02205 10250 20068 70544 333=

48072 32960 02704 10335 20257 70222 333=

48087 NIL=

48099 32558 32303 10358 20195 40097 83800 333 56500

59004=

48101 32960 01802 10327 20258 333=

48103 32957 02201 10348 20237 40102 333 59004=

48057 32957 01803 10300 20098 333=

48094 32960 02302 10350 20240 40104 333 59003=

48097 32557 51505 10360 20235 40118 85800 333 56900

58006=

48031 31958 01401 10270 20057 70544 333=

48033 32963 02701 10390 20198 40086 333 59019=

48034 32958 02302 10312 20068 333=

48039 32956 30000 10374 20148 80002 333 56009=

48043 32059 03207 10300 20124 333=

48052 32970 00402 10412 20171 333=

48055 31956 02307 10328 20086 40058 70500 333 58001=

48064 32970 01401 10395 20246 40071 333 59005=

48065 32970 00407 10405 20120 333=

48074 32959 01403 10385 20203 40090 333 59013=

48092 32958 01304 10326 20278 40085 333 59002=

48093 32958 00401 10350 20237 333=

48107 32950 01301 10332 20234 40101 333 59006=  
SIBM20 VBRR 160900

AAXX 16094

48001 NIL=

48004 31556 12201 10336 20203 70511 81100 333 56900=

48008 31556 62301 10346 20116 40093 70544 82431 333 56566 59010=

48010 32060 00000 10340 20184 40098 333 58003=

48018 32560 31402 10355 20177 40096 82810 333 56320 59004=

48019 31960 02301 10350 20202 40089 70500 333 59007=

48020 NIL=

48025 31440 31402 10380 20159 40084 70544 81530 333 56440 59007=

48030 31956 02205 10250 20068 70544 333=

48031 31958 01401 10270 20057 70544 333=

48033 32963 02701 10390 20198 40086 333 59019=

48034 32958 02302 10312 20068 333=

48035 NIL=

48037 31956 03201 10398 20196 40086 70500 333 59007=

48039 32956 30000 10374 20148 80002 333 56009=

48042 32957 03602 10380 20150 40084 333 59016=

48043 32059 03207 10300 20124 333=

48045 32959 01403 10308 20047 333=

48048 32962 00401 10395 20166 40096 333 59005=

48051 31960 03106 10384 20110 70500 333=

48052 32970 00402 10412 20171 333=

48053 32950 03602 10380 20203 40092 333 59006=

48055 31956 02307 10328 20086 40058 70500 333 58001=

48057 32957 01803 10300 20098 333=

48060 32940 03201 10340 20145 40061 333 59004=

48062 31956 03202 10355 20280 40108 70500 333 59008=

48064 32970 01401 10395 20246 40071 333 59005=

48065 32970 00407 10405 20120 333=

48071 32960 03202 10313 20237 40108 333 59010=

48072 32960 02704 10335 20257 70222 333=

48074 32959 01403 10385 20203 40090 333 59013=

48075 31457 03202 10350 20047 40078 70500 333 58004=

48077 31958 00000 10392 20177 40089 333 59007=

48078 32957 11801 10381 20203 40091 80001 333 56009 59001=

48080 32959 02207 10334 20234 40094 333 59012=

48085 31958 03205 10310 20254 40103 70500 333 59009=

48087 NIL=

48092 32958 01304 10326 20278 40085 333 59002=

48093 32958 00401 10350 20237 333=

48094 32960 02302 10350 20240 40104 333 59003=

48095 32958 00000 10355 20240 333=

48096 32059 02404 10350 20219 40106 333 59001=

48097 32557 51505 10360 20235 40118 85800 333 56900 58006=

48099 32558 32303 10358 20195 40097 83800 333 56500 59004=

48101 32960 01802 10327 20258 333=

48103 32957 02201 10348 20237 40102 333 59004=

48107 32950 01301 10332 20234 40101 333 59006=

48108 32596 53205 10360 20235 40112 83806 333 56609 59004=

48109 32997 03601 10307 20254 40122 70222 333 59014=

48110 32596 23204 10340 20240 40114 81305 333 56909 59006=

48112 NIL=  





