16-MAY-2015 12 48001 2 1 4 40 6 00 00 10 255 20 229 3 0000 4 0064 5 0000 6 000 0 7 01 5 5 8 4 8 5 0 333 10 260 59 010 6 990 2 7 0000 
16-MAY-2015 12 48008 2 1 5 56 8 13 02 10 270 20 240 3 0000 4 0049 5 0000 6 000 0 7 95 9 6 8 4 9 7 / 333 10 345 59 001 6 005 2 7 0000 
16-MAY-2015 12 48010 2 2 5 50 6 18 01 10 315 20 265 3 0000 4 0029 5 0000 6 000 0 7 00 0 0 8 3 9 3 1 333 10 354 59 015 6 990 2 7 0000 
16-MAY-2015 12 48018 2 1 5 56 8 14 02 10 320 20 245 3 0000 4 0040 5 0000 6 000 0 7 17 9 5 8 4 9 7 / 333 10 340 59 009 6 019 2 7 0000 
16-MAY-2015 12 48019 3 2 4 50 3 00 00 10 305 20 239 3 0000 4 0032 5 0000 6 000 0 7 00 0 0 8 0 0 4 0 333 10 370 59 012 6 000 0 7 0000 
16-MAY-2015 12 48025 2 1 4 40 5 04 01 10 302 20 223 3 0000 4 0046 5 0000 6 000 0 7 01 9 6 8 3 8 4 1 333 10 402 58 008 6 003 2 7 0000 
16-MAY-2015 12 48030 3 2 2 56 6 22 02 10 237 20 174 3 0000 4 0000 5 0000 6 000 0 7 00 0 0 8 4 9 4 0 333 10 276 58 000 6 000 0 7 0000 
16-MAY-2015 12 48031 3 1 2 57 6 18 01 10 225 20 173 3 0000 4 0000 5 0000 6 000 0 7 05 4 4 8 6 8 0 0 333 10 278 58 000 6 000 0 7 0000 
16-MAY-2015 12 48033 3 2 5 62 2 00 00 10 330 20 244 3 0000 4 0034 5 0000 6 000 0 7 00 0 0 8 1 5 0 6 333 10 342 59 003 6 000 0 7 0000 
16-MAY-2015 12 48035 3 1 5 40 5 27 02 10 286 20 196 3 0000 4 0027 5 0000 6 000 0 7 05 2 2 8 4 9 6 0 333 10 311 59 035 6 000 0 7 0000 
16-MAY-2015 12 48037 3 2 5 50 7 00 00 10 363 20 264 3 0000 4 0022 5 0000 6 000 0 7 00 0 0 8 3 8 0 2 333 10 377 59 003 6 000 0 7 0000 
16-MAY-2015 12 48042 2 2 5 58 3 00 00 10 305 20 260 3 0000 4 0032 5 0000 6 000 0 7 00 0 0 8 1 2 0 2 333 10 314 58 009 6 016 2 7 0000 
16-MAY-2015 12 48048 3 1 5 50 6 22 01 10 342 20 206 3 0000 4 0026 5 0000 6 000 0 7 29 9 6 8 4 9 5 0 333 10 412 58 000 6 000 0 7 0000 
16-MAY-2015 12 48051 3 2 5 59 2 31 03 10 353 20 270 3 0000 4 0000 5 0000 6 000 0 7 00 0 0 8 2 2 0 0 333 10 396 58 000 6 000 0 7 0000 
16-MAY-2015 12 48052 3 2 4 50 5 36 01 10 345 20 240 3 0000 4 0000 5 0000 6 000 0 7 00 0 0 8 5 9 0 0 333 10 430 58 000 6 000 0 7 0000 
16-MAY-2015 12 48053 2 1 4 30 8 36 01 10 250 20 250 3 0000 4 0049 5 0000 6 000 0 7 97 9 6 8 5 8 7 / 333 10 380 58 018 6 038 2 7 0000 
16-MAY-2015 12 48055 2 1 5 56 7 23 02 10 263 20 215 3 0000 4 0045 5 0000 6 000 0 7 02 9 5 8 4 9 4 6 333 10 305 59 004 6 990 2 7 0000 
16-MAY-2015 12 48060 2 1 3 40 7 00 00 10 299 20 207 3 0000 4 0048 5 0000 6 000 0 7 05 4 4 8 5 9 3 0 333 10 348 58 015 6 990 2 7 0000 
16-MAY-2015 12 48062 3 2 9 56 0 27 08 10 325 20 290 3 0000 4 0043 5 0000 6 000 0 7 00 0 0 8 0 0 0 0 333 10 350 59 024 6 000 0 7 0000 
16-MAY-2015 12 48064 3 2 4 50 7 09 01 10 360 20 249 3 0000 4 0010 5 0000 6 000 0 7 00 0 0 8 4 9 7 0 333 10 410 59 006 6 000 0 7 0000 
16-MAY-2015 12 48071 3 2 4 56 2 27 02 10 325 20 258 3 0000 4 0053 5 0000 6 000 0 7 00 0 0 8 2 5 0 0 333 10 355 59 015 6 000 0 7 0000 
16-MAY-2015 12 48072 3 2 4 57 1 32 02 10 330 20 258 3 0000 4 0000 5 0000 6 000 0 7 00 0 0 8 1 2 0 0 333 10 360 58 000 6 000 0 7 0000 
16-MAY-2015 12 48074 2 1 4 57 7 23 01 10 346 20 266 3 0000 4 0020 5 0000 6 000 0 7 03 5 5 8 3 3 0 1 333 10 395 59 013 6 990 2 7 0000 
16-MAY-2015 12 48075 3 2 4 56 7 00 00 10 270 20 230 3 0000 4 0062 5 0000 6 000 0 7 00 0 0 8 5 8 5 0 333 10 322 58 005 6 000 0 7 0000 
16-MAY-2015 12 48077 3 1 5 56 7 23 06 10 330 20 244 3 0000 4 0031 5 0000 6 000 0 7 03 1 7 8 5 9 3 1 333 10 392 59 007 6 000 0 7 0000 
16-MAY-2015 12 48078 2 1 5 56 6 18 06 10 318 20 242 3 0000 4 0052 5 0000 6 000 0 7 17 9 5 8 4 9 3 3 333 10 386 59 002 6 990 2 7 0000 
16-MAY-2015 12 48080 3 2 4 58 5 22 04 10 335 20 257 3 0000 4 0061 5 0000 6 000 0 7 00 0 0 8 3 9 7 0 333 10 375 59 010 6 000 0 7 0000 
16-MAY-2015 12 48085 3 2 4 56 7 27 04 10 314 20 254 3 0000 4 0059 5 0000 6 000 0 7 00 0 0 8 4 9 7 6 333 10 352 59 011 6 000 0 7 0000 
16-MAY-2015 12 48087 3 2 5 50 5 23 02 10 294 20 215 3 0000 4 0000 5 0000 6 000 0 7 00 0 0 8 3 8 7 0 333 10 394 58 000 6 000 0 7 0000 
16-MAY-2015 12 48092 2 2 4 56 7 20 06 10 280 20 250 3 0000 4 0045 5 0000 6 000 0 7 00 0 0 8 5 9 3 1 333 10 355 59 009 6 001 2 7 0000 
16-MAY-2015 12 48094 2 1 4 56 8 00 00 10 265 20 245 3 0000 4 0065 5 0000 6 000 0 7 03 9 6 8 5 9 7 / 333 10 315 59 007 6 001 2 7 0000 
16-MAY-2015 12 48096 3 2 4 57 7 24 07 10 280 20 250 3 0000 4 0070 5 0000 6 000 0 7 00 0 0 8 5 9 7 / 333 10 348 59 011 6 000 0 7 0000 
16-MAY-2015 12 48097 3 2 5 57 7 14 03 10 280 20 233 3 0000 4 0072 5 0000 6 000 0 7 00 0 0 8 4 5 3 6 333 10 355 59 008 6 000 0 7 0000 
16-MAY-2015 12 48099 3 2 4 50 6 23 05 10 302 20 239 3 0000 4 0066 5 0000 6 000 0 7 00 0 0 8 4 9 7 1 333 10 340 59 020 6 000 0 7 0000 
16-MAY-2015 12 48103 2 2 4 50 6 22 02 10 303 20 239 3 0000 4 0070 5 0000 6 000 0 7 00 0 0 8 5 8 3 0 333 10 338 59 011 6 099 2 7 0000 
16-MAY-2015 12 48107 3 2 3 50 6 23 02 10 295 20 239 3 0000 4 0082 5 0000 6 000 0 7 00 0 0 8 4 9 7 0 333 10 355 59 009 6 000 0 7 0000 
16-MAY-2015 12 48108 2 2 5 95 7 32 01 10 300 20 260 3 0000 4 0083 5 0000 6 000 0 7 00 0 0 8 3 9 7 6 333 10 355 59 018 6 010 2 7 0000 
16-MAY-2015 12 48109 2 2 4 96 7 00 00 10 273 20 256 3 0000 4 0079 5 0000 6 000 0 7 00 0 0 8 5 9 7 0 333 10 325 59 015 6 006 2 7 0000 
16-MAY-2015 12 48110 2 1 4 96 8 18 02 10 310 20 267 3 0000 4 0084 5 0000 6 000 0 7 60 9 9 8 5 9 7 7 333 10 345 59 010 6 990 2 7 0000 
16-MAY-2015 12 48112 3 1 5 97 8 04 03 10 325 20 263 3 0000 4 0084 5 0000 6 000 0 7 17 9 2 8 4 9 7 6 333 10 347 59 013 6 000 0 7 0000 
