16-MAY-2015 03 48001 2 1 4 30 8 04 01 10 235 20 226 3 0000 4 0096 5 0000 6 000 0 7 02 6 6 8 4 8 7 / 333 10 /// 59 011 6 000 0 7 0000 
16-MAY-2015 03 48004 3 2 4 58 7 32 01 10 285 20 220 3 0000 4 0000 5 0000 6 000 0 7 00 0 0 8 7 9 0 0 333 10 /// 58 000 6 000 0 7 0000 
16-MAY-2015 03 48008 3 2 5 57 5 00 00 10 285 20 230 3 0000 4 0082 5 0000 6 000 0 7 00 0 0 8 2 4 3 0 333 10 /// 59 007 6 000 0 7 0000 
16-MAY-2015 03 48010 2 1 4 40 8 00 00 10 265 20 229 3 0000 4 0091 5 0000 6 000 0 7 05 5 5 8 5 7 7 / 333 10 /// 58 006 6 000 0 7 0000 
16-MAY-2015 03 48018 3 2 5 58 7 23 01 10 300 20 239 3 0000 4 0083 5 0000 6 000 0 7 00 0 0 8 3 8 7 / 333 10 /// 59 011 6 000 0 7 0000 
16-MAY-2015 03 48019 3 2 4 56 8 00 00 10 280 20 250 3 0000 4 0082 5 0000 6 000 0 7 00 0 0 8 5 6 2 0 333 10 /// 59 000 6 000 0 7 0000 
16-MAY-2015 03 48020 3 1 3 57 5 36 02 10 300 20 253 3 0000 4 0000 5 0000 6 000 0 7 20 5 5 8 5 7 0 0 333 10 /// 58 000 6 000 0 7 0000 
16-MAY-2015 03 48025 2 1 4 30 6 36 01 10 318 20 236 3 0000 4 0090 5 0000 6 000 0 7 04 4 4 8 4 8 4 1 333 10 /// 59 000 6 000 0 7 0000 
16-MAY-2015 03 48030 2 2 2 56 3 22 01 10 200 20 150 3 0000 4 0000 5 0000 6 000 0 7 00 0 0 8 2 8 4 0 333 10 /// 58 000 6 000 0 7 0000 
16-MAY-2015 03 48031 3 1 2 59 6 04 01 10 240 20 174 3 0000 4 0000 5 0000 6 000 0 7 05 4 4 8 4 8 3 0 333 10 /// 58 000 6 000 0 7 0000 
16-MAY-2015 03 48033 2 2 5 61 7 18 01 10 270 20 256 3 0000 4 0090 5 0000 6 000 0 7 00 0 0 8 6 9 7 0 333 10 /// 58 004 6 000 0 7 0000 
16-MAY-2015 03 48034 2 1 4 56 8 04 02 10 230 20 212 3 0000 4 0000 5 0000 6 000 0 7 50 5 5 8 6 3 7 / 333 10 /// 58 000 6 000 0 7 0000 
16-MAY-2015 03 48035 3 1 5 30 6 18 01 10 266 20 191 3 0000 4 0074 5 0000 6 000 0 7 05 4 4 8 4 9 6 0 333 10 /// 59 014 6 000 0 7 0000 
16-MAY-2015 03 48037 2 2 5 56 8 18 01 10 287 20 248 3 0000 4 0079 5 0000 6 000 0 7 00 0 0 8 5 8 7 / 333 10 /// 58 012 6 000 0 7 0000 
16-MAY-2015 03 48039 2 1 4 56 8 12 01 10 258 20 258 3 0000 4 0000 5 0000 6 000 0 7 50 6 5 8 8 7 / / 333 10 /// 58 000 6 000 0 7 0000 
16-MAY-2015 03 48042 2 1 4 56 8 18 01 10 255 20 255 3 0000 4 0095 5 0000 6 000 0 7 95 9 6 8 5 9 2 / 333 10 /// 58 003 6 000 0 7 0000 
16-MAY-2015 03 48043 2 1 5 40 8 18 03 10 210 20 210 3 0000 4 0000 5 0000 6 000 0 7 50 5 5 8 6 7 7 / 333 10 /// 58 000 6 000 0 7 0000 
16-MAY-2015 03 48045 3 1 5 56 5 14 02 10 242 20 174 3 0000 4 0000 5 0000 6 000 0 7 04 4 4 8 0 0 0 6 333 10 /// 58 000 6 000 0 7 0000 
16-MAY-2015 03 48048 2 2 5 60 2 04 01 10 327 20 244 3 0000 4 0081 5 0000 6 000 0 7 00 0 0 8 2 8 0 0 333 10 /// 59 008 6 000 0 7 0000 
16-MAY-2015 03 48051 3 2 5 59 3 36 01 10 322 20 250 3 0000 4 0000 5 0000 6 000 0 7 01 1 1 8 1 2 0 6 333 10 /// 58 000 6 000 0 7 0000 
16-MAY-2015 03 48052 3 2 4 60 2 13 02 10 350 20 237 3 0000 4 0000 5 0000 6 000 0 7 00 0 0 8 2 2 0 0 333 10 /// 58 000 6 000 0 7 0000 
16-MAY-2015 03 48053 3 2 4 50 7 18 04 10 310 20 267 3 0000 4 0089 5 0000 6 000 0 7 00 0 0 8 3 5 5 6 333 10 /// 59 019 6 000 0 7 0000 
16-MAY-2015 03 48055 3 2 5 56 5 23 04 10 262 20 215 3 0000 4 0090 5 0000 6 000 0 7 00 0 0 8 3 9 3 0 333 10 /// 59 037 6 000 0 7 0000 
16-MAY-2015 03 48057 2 2 4 58 4 22 01 10 230 20 198 3 0000 4 0000 5 0000 6 000 0 7 00 0 0 8 4 3 0 0 333 10 /// 58 000 6 000 0 7 0000 
16-MAY-2015 03 48060 3 1 4 40 2 00 00 10 290 20 215 3 0000 4 0086 5 0000 6 000 0 7 04 4 4 8 1 1 3 0 333 10 /// 59 005 6 000 0 7 0000 
16-MAY-2015 03 48062 3 2 4 57 8 27 03 10 320 20 292 3 0000 4 0094 5 0000 6 000 0 7 02 2 2 8 4 9 7 0 333 10 /// 59 021 6 000 0 7 0000 
16-MAY-2015 03 48064 3 2 9 60 0 04 01 10 340 20 270 3 0000 4 0073 5 0000 6 000 0 7 00 0 0 8 0 0 0 0 333 10 /// 59 011 6 000 0 7 0000 
16-MAY-2015 03 48065 3 2 9 60 1 00 00 10 344 20 240 3 0000 4 0000 5 0000 6 000 0 7 00 0 0 8 0 0 0 1 333 10 /// 58 000 6 000 0 7 0000 
16-MAY-2015 03 48071 3 2 4 58 4 32 03 10 323 20 265 3 0000 4 0093 5 0000 6 000 0 7 00 0 0 8 4 8 0 0 333 10 /// 59 025 6 000 0 7 0000 
16-MAY-2015 03 48072 3 1 4 59 6 13 02 10 320 20 265 3 0000 4 0000 5 0000 6 000 0 7 03 5 5 8 4 9 3 0 333 10 /// 58 000 6 000 0 7 0000 
16-MAY-2015 03 48074 3 2 4 59 5 04 02 10 320 20 248 3 0000 4 0095 5 0000 6 000 0 7 00 0 0 8 4 8 6 0 333 10 /// 59 022 6 000 0 7 0000 
16-MAY-2015 03 48075 3 2 4 57 6 14 01 10 280 20 230 3 0000 4 0104 5 0000 6 000 0 7 00 0 0 8 4 8 4 0 333 10 /// 59 007 6 000 0 7 0000 
16-MAY-2015 03 48077 3 2 5 59 2 23 01 10 324 20 248 3 0000 4 0076 5 0000 6 000 0 7 00 0 0 8 1 2 0 1 333 10 /// 59 025 6 000 0 7 0000 
16-MAY-2015 03 48078 3 2 5 56 8 18 02 10 317 20 251 3 0000 4 0104 5 0000 6 000 0 7 00 0 0 8 5 5 7 / 333 10 /// 59 016 6 000 0 7 0000 
16-MAY-2015 03 48080 3 2 4 60 6 30 21 10 322 20 265 3 0000 4 0100 5 0000 6 000 0 7 00 0 0 8 4 8 7 0 333 10 /// 59 026 6 000 0 7 0000 
16-MAY-2015 03 48085 3 2 4 58 7 27 05 10 319 20 254 3 0000 4 0098 5 0000 6 000 0 7 03 2 2 8 5 9 7 6 333 10 /// 59 017 6 000 0 7 0000 
16-MAY-2015 03 48087 3 2 9 60 3 00 00 10 320 20 248 3 0000 4 0000 5 0000 6 000 0 7 00 0 0 8 0 0 4 1 333 10 /// 58 000 6 000 0 7 0000 
16-MAY-2015 03 48092 3 1 4 56 3 23 01 10 320 20 257 3 0000 4 0079 5 0000 6 000 0 7 05 2 2 8 3 2 0 0 333 10 /// 59 032 6 000 0 7 0000 
16-MAY-2015 03 48093 3 2 6 58 7 23 01 10 321 20 248 3 0000 4 0000 5 0000 6 000 0 7 00 0 0 8 5 3 7 0 333 10 /// 58 000 6 000 0 7 0000 
16-MAY-2015 03 48094 3 2 4 60 4 32 02 10 328 20 280 3 0000 4 0097 5 0000 6 000 0 7 00 0 0 8 4 9 0 0 333 10 /// 59 022 6 000 0 7 0000 
16-MAY-2015 03 48095 3 2 4 58 6 00 00 10 345 20 270 3 0000 4 0000 5 0000 6 000 0 7 03 2 2 8 3 9 4 0 333 10 /// 58 000 6 000 0 7 0000 
16-MAY-2015 03 48096 3 2 4 58 3 30 03 10 320 20 248 3 0000 4 0107 5 0000 6 000 0 7 00 0 0 8 3 1 0 0 333 10 /// 59 017 6 000 0 7 0000 
16-MAY-2015 03 48097 3 2 5 57 5 04 02 10 335 20 251 3 0000 4 0111 5 0000 6 000 0 7 00 0 0 8 5 8 0 0 333 10 /// 59 012 6 000 0 7 0000 
16-MAY-2015 03 48099 3 1 4 56 8 32 01 10 287 20 259 3 0000 4 0113 5 0000 6 000 0 7 17 9 5 8 4 9 3 0 333 10 /// 59 007 6 000 0 7 0000 
16-MAY-2015 03 48101 3 2 5 58 6 00 00 10 306 20 267 3 0000 4 0000 5 0000 6 000 0 7 03 2 2 8 2 3 3 5 333 10 /// 58 000 6 000 0 7 0000 
16-MAY-2015 03 48103 2 2 4 56 7 04 01 10 327 20 244 3 0000 4 0108 5 0000 6 000 0 7 00 0 0 8 5 8 7 0 333 10 /// 59 012 6 000 0 7 0000 
16-MAY-2015 03 48107 2 2 3 50 6 23 01 10 320 20 248 3 0000 4 0105 5 0000 6 000 0 7 00 0 0 8 4 9 7 0 333 10 /// 59 006 6 000 0 7 0000 
16-MAY-2015 03 48108 2 2 5 96 6 05 02 10 315 20 260 3 0000 4 0118 5 0000 6 000 0 7 00 0 0 8 4 3 0 6 333 10 /// 59 015 6 000 0 7 0000 
16-MAY-2015 03 48109 3 2 4 97 6 18 01 10 315 20 265 3 0000 4 0105 5 0000 6 000 0 7 00 0 0 8 5 9 3 0 333 10 /// 59 017 6 000 0 7 0000 
16-MAY-2015 03 48110 3 1 5 96 5 00 00 10 310 20 267 3 0000 4 0116 5 0000 6 000 0 7 05 2 2 8 3 3 0 6 333 10 /// 59 016 6 000 0 7 0000 
16-MAY-2015 03 48112 2 2 5 97 8 04 01 10 320 20 281 3 0000 4 0113 5 0000 6 000 0 7 00 0 0 8 3 8 7 6 333 10 /// 59 017 6 000 0 7 0000 
