16-MAR-2015 00 48008 3 1 5 50 3 04 01 10 193 20 175 3 0000 4 0127 5 0000 6 000 0 7 10 4 4 8 2 4 3 0 333 20 180 58 001 6 000 0 7 0000 
16-MAR-2015 00 48010 3 2 5 20 4 00 00 10 185 20 165 3 0000 4 0132 5 0000 6 000 0 7 00 0 0 8 0 0 3 1 333 20 175 58 005 6 000 0 7 0000 
16-MAR-2015 00 48018 3 1 9 56 0 00 00 10 190 20 159 3 0000 4 0133 5 0000 6 000 0 7 42 4 4 8 0 0 0 0 333 10 175 58 010 6 000 0 7 0000 
16-MAR-2015 00 48019 3 2 9 40 0 00 00 10 175 20 170 3 0000 4 0130 5 0000 6 000 0 7 00 0 0 8 0 0 0 0 333 20 174 58 005 6 000 0 7 0000 
16-MAR-2015 00 48025 3 1 9 10 0 22 02 10 200 20 130 3 0000 4 0136 5 0000 6 000 0 7 05 4 4 8 0 0 0 0 333 20 190 58 004 6 000 0 7 0000 
16-MAR-2015 00 48030 3 1 2 50 1 22 02 10 113 20 069 3 0000 4 0000 5 0000 6 000 0 7 05 4 4 8 1 1 0 0 333 20 100 58 000 6 000 0 7 0000 
16-MAR-2015 00 48031 3 1 9 58 0 36 01 10 153 20 092 3 0000 4 0000 5 0000 6 000 0 7 05 0 0 8 0 0 0 0 333 20 145 58 000 6 000 0 7 0000 
16-MAR-2015 00 48033 3 2 9 60 0 33 01 10 210 20 160 3 0000 4 0133 5 0000 6 000 0 7 00 0 0 8 0 0 0 0 333 20 190 58 009 6 000 0 7 0000 
16-MAR-2015 00 48034 3 2 9 56 0 00 00 10 135 20 096 3 0000 4 0000 5 0000 6 000 0 7 00 0 0 8 0 0 0 0 333 20 125 58 000 6 000 0 7 0000 
16-MAR-2015 00 48035 3 1 9 40 0 00 00 10 110 20 091 3 0000 4 0176 5 0000 6 000 0 7 10 0 0 8 0 0 0 0 333 20 103 58 007 6 000 0 7 0000 
16-MAR-2015 00 48037 3 2 9 20 1 00 00 10 210 20 160 3 0000 4 0124 5 0000 6 000 0 7 05 4 4 8 0 0 0 1 333 20 200 59 001 6 000 0 7 0000 
16-MAR-2015 00 48039 3 1 4 50 3 00 00 10 200 20 168 3 0000 4 0000 5 0000 6 000 0 7 10 1 1 8 3 4 0 0 333 20 199 58 000 6 000 0 7 0000 
16-MAR-2015 00 48042 3 1 9 50 0 00 00 10 215 20 167 3 0000 4 0125 5 0000 6 000 0 7 10 0 0 8 0 0 0 0 333 20 203 59 002 6 000 0 7 0000 
16-MAR-2015 00 48043 3 2 9 30 0 00 00 10 140 20 107 3 0000 4 0000 5 0000 6 000 0 7 00 0 0 8 0 0 0 0 333 20 103 58 000 6 000 0 7 0000 
16-MAR-2015 00 48048 3 2 9 40 0 04 01 10 187 20 139 3 0000 4 0127 5 0000 6 000 0 7 00 0 0 8 0 0 0 0 333 20 180 58 002 6 000 0 7 0000 
16-MAR-2015 00 48051 3 2 9 56 1 13 02 10 220 20 180 3 0000 4 0000 5 0000 6 000 0 7 00 0 0 8 0 0 0 1 333 20 186 58 000 6 000 0 7 0000 
16-MAR-2015 00 48052 3 2 9 50 0 00 00 10 200 20 130 3 0000 4 0000 5 0000 6 000 0 7 00 0 0 8 0 0 0 0 333 20 200 58 000 6 000 0 7 0000 
16-MAR-2015 00 48053 3 1 9 40 0 00 00 10 200 20 168 3 0000 4 0139 5 0000 6 000 0 7 05 2 2 8 0 0 0 0 333 20 194 58 009 6 000 0 7 0000 
16-MAR-2015 00 48055 3 1 9 40 0 00 00 10 090 20 079 3 0000 4 0195 5 0000 6 000 0 7 10 0 0 8 0 0 0 0 333 20 084 58 009 6 000 0 7 0000 
16-MAR-2015 00 48057 3 2 9 50 0 00 00 10 145 20 111 3 0000 4 0000 5 0000 6 000 0 7 00 0 0 8 0 0 0 0 333 20 125 58 000 6 000 0 7 0000 
16-MAR-2015 00 48060 3 1 9 20 0 00 00 10 135 20 110 3 0000 4 0169 5 0000 6 000 0 7 41 4 4 8 0 0 0 0 333 20 105 59 001 6 000 0 7 0000 
16-MAR-2015 00 48062 3 1 5 30 6 00 00 10 210 20 200 3 0000 4 0123 5 0000 6 000 0 7 10 1 1 8 3 8 3 2 333 20 180 59 013 6 000 0 7 0000 
16-MAR-2015 00 48064 3 2 9 50 0 14 01 10 210 20 160 3 0000 4 0105 5 0000 6 000 0 7 00 0 0 8 0 0 0 0 333 20 160 58 001 6 000 0 7 0000 
16-MAR-2015 00 48065 3 2 9 50 0 00 00 10 203 20 168 3 0000 4 0000 5 0000 6 000 0 7 00 0 0 8 0 0 0 0 333 20 190 58 000 6 000 0 7 0000 
16-MAR-2015 00 48071 3 1 9 30 0 00 00 10 228 20 214 3 0000 4 0123 5 0000 6 000 0 7 40 4 4 8 0 0 0 0 333 20 220 59 015 6 000 0 7 0000 
16-MAR-2015 00 48074 3 1 9 50 0 00 00 10 228 20 181 3 0000 4 0143 5 0000 6 000 0 7 05 0 0 8 0 0 0 0 333 20 215 58 005 6 000 0 7 0000 
16-MAR-2015 00 48075 3 1 9 56 0 00 00 10 150 20 150 3 0000 4 0172 5 0000 6 000 0 7 10 2 2 8 0 0 0 0 333 20 140 59 002 6 000 0 7 0000 
16-MAR-2015 00 48077 3 1 9 56 0 00 00 10 230 20 198 3 0000 4 0118 5 0000 6 000 0 7 05 0 0 8 0 0 0 0 333 20 208 58 001 6 000 0 7 0000 
16-MAR-2015 00 48078 3 2 9 50 1 00 00 10 228 20 198 3 0000 4 0138 5 0000 6 000 0 7 00 0 0 8 0 0 0 1 333 20 190 59 001 6 000 0 7 0000 
16-MAR-2015 00 48080 3 1 9 09 0 00 00 10 190 20 175 3 0000 4 0119 5 0000 6 000 0 7 40 4 4 8 0 0 0 0 333 20 175 59 023 6 000 0 7 0000 
16-MAR-2015 00 48085 3 1 9 30 0 00 00 10 218 20 215 3 0000 4 0108 5 0000 6 000 0 7 42 4 4 8 0 0 0 0 333 20 216 59 008 6 000 0 7 0000 
16-MAR-2015 00 48087 3 1 4 30 4 00 00 10 200 20 168 3 0000 4 0000 5 0000 6 000 0 7 10 4 4 8 2 7 0 0 333 20 174 58 000 6 000 0 7 0000 
16-MAR-2015 00 48092 3 1 / 01 9 13 03 10 245 20 237 3 0000 4 0120 5 0000 6 000 0 7 45 4 4 8 0 0 0 0 333 20 225 58 006 6 000 0 7 0000 
16-MAR-2015 00 48093 3 2 6 30 3 14 01 10 246 20 233 3 0000 4 0000 5 0000 6 000 0 7 00 0 0 8 2 1 0 1 333 20 221 58 000 6 000 0 7 0000 
16-MAR-2015 00 48094 3 1 9 50 0 00 00 10 246 20 240 3 0000 4 0124 5 0000 6 000 0 7 10 0 0 8 0 0 0 0 333 20 206 59 003 6 000 0 7 0000 
16-MAR-2015 00 48096 3 1 / 05 9 00 00 10 240 20 240 3 0000 4 0131 5 0000 6 000 0 7 47 4 4 8 0 0 0 0 333 20 234 59 009 6 000 0 7 0000 
16-MAR-2015 00 48097 3 1 5 29 2 14 02 10 250 20 233 3 0000 4 0129 5 0000 6 000 0 7 42 4 4 8 2 5 0 0 333 20 238 59 013 6 000 0 7 0000 
16-MAR-2015 00 48099 3 1 9 20 0 00 00 10 230 20 198 3 0000 4 0135 5 0000 6 000 0 7 41 4 4 8 0 0 0 0 333 20 215 59 002 6 000 0 7 0000 
16-MAR-2015 00 48103 3 2 5 30 4 00 00 10 226 20 214 3 0000 4 0134 5 0000 6 000 0 7 00 0 0 8 4 5 0 0 333 20 212 59 013 6 000 0 7 0000 
16-MAR-2015 00 48107 3 1 9 30 0 09 01 10 206 20 195 3 0000 4 0133 5 0000 6 000 0 7 41 4 4 8 0 0 0 0 333 20 190 59 002 6 000 0 7 0000 
16-MAR-2015 00 48108 3 1 5 94 5 14 01 10 210 20 203 3 0000 4 0142 5 0000 6 000 0 7 10 2 2 8 2 4 0 6 333 20 200 59 005 6 000 0 7 0000 
16-MAR-2015 00 48109 3 1 9 96 0 00 00 10 243 20 240 3 0000 4 0139 5 0000 6 000 0 7 10 2 2 8 0 0 0 0 333 20 230 59 013 6 000 0 7 0000 
16-MAR-2015 00 48110 3 1 9 92 4 18 01 10 240 20 226 3 0000 4 0137 5 0000 6 000 0 7 42 4 4 8 0 0 0 6 333 20 235 59 004 6 000 0 7 0000 
16-MAR-2015 00 48112 3 2 5 97 8 04 02 10 260 20 246 3 0000 4 0141 5 0000 6 000 0 7 00 0 0 8 3 8 7 6 333 20 212 58 011 6 000 0 7 0000 
