



*-*-*


<!--
.style2 {
	font-family:"Courier New", Courier, monospace;
	font-size: 14px;
}
-->






SMBM01 VBRR 161200

AAXX 16124

48001 21440 60000 10255 20229 40064 70155 84850 333 10260 56330 59010

 69902=

48004 22458 50401 10303 20253 85900 333 10344 56500 69902=

48008 21556 81302 10270 20240 40049 79596 8497/ 333 10345 56319 59001

 60052=

48010 22550 61801 10315 20265 40029 83931 333 10354 56566 59015

 69902=

48018 21556 81402 10320 20245 40040 71795 8497/ 333 10340 56559 59009

 60192=

48019 32450 30000 10305 20239 40032 80040 333 10370 56040 59012=

48020 21350 60000 10265 20245 72055 86700 333 10390 56500 60252=

48025 21440 50401 10302 20223 40046 70196 83841 333 10402 56699 58008

 60032=

48030 32256 62202 10237 20174 84940 333 10276 56560=

48031 31257 61801 10225 20173 70544 86800 333 10278 56400=

48033 32562 20000 10330 20244 40034 81506 333 10342 56609 59003=

48034 22456 61801 10267 20218 86300 333 10288 56500 69902=

48035 31540 52702 10286 20196 40027 70522 84960 333 10311 56590

 59035=

48037 32550 70000 10363 20264 40022 83802 333 10377 56606 59003=

48039 22459 63201 10313 20254 83402 333 10325 56505 60062=

48042 22558 30000 10305 20260 40032 81202 333 10314 56909 58009

 60162=

48043 32030 30000 10255 20215 333 10265 56009 60522=

48045 21450 40402 10256 20203 70196 84800 333 10294 56500 60052=

48048 31550 62201 10342 20206 40026 72996 84950 333 10412 56690

 58000=

48051 32559 23103 10353 20270 82200 333 10396 56900=

48052 32450 53601 10345 20240 85900 333 10430 56900=

48053 21430 83601 10250 20250 40049 79796 8587/ 333 10380 56599 58018

 60382=

48055 21556 72302 10263 20215 40045 70295 84946 333 10305 56559 59004

 69902=

48057 22456 61401 10230 20198 84350 333 10255 56490 60022=

48060 21340 70000 10299 20207 40048 70544 85930 333 10348 58015

 69902=

48062 32956 02708 10325 20290 40043 333 10350 59024=

48064 32450 70901 10360 20249 40010 84970 333 10410 56440 59006=

48065 21450 61409 10330 20234 75095 84970 333 10420 56990 69902=

48071 32456 22702 10325 20258 40053 82500 333 10355 56900 59015=

48072 32457 13202 10330 20258 81200 333 10360 56900=

48074 21457 72301 10346 20266 40020 70355 83301 333 10395 56701 59013

 69902=

48075 32456 70000 10270 20230 40062 85850 333 10322 56590 58005=

48077 31556 72306 10330 20244 40031 70317 85931 333 10392 56999

 59007=

48078 21556 61806 10318 20242 40052 71795 84933 333 10386 56699 59002

 69902=

48080 32458 52204 10335 20257 40061 83970 333 10375 56690 59010=

48085 32456 72704 10314 20254 40059 84976 333 10352 56699 59011=

48087 32550 52302 10294 20215 83870 333 10394 56990=

48092 22456 72006 10280 20250 40045 85931 333 10355 56599 59009

 60012=

48093 22650 72301 10283 20250 85841 333 10344 56599 60062=

48094 21456 80000 10265 20245 40065 70396 8597/ 333 10315 56699 59007

 60012=

48095 22456 80000 10260 20246 84870 333 10342 56990 60012=

48096 32457 72407 10280 20250 40070 8597/ 333 10348 5659/ 59011=

48097 32557 71403 10280 20233 40072 84536 333 10355 56999 59008=

48099 32450 62305 10302 20239 40066 84971 333 10340 56559 59020=

48101 22450 80000 10270 20256 8577/ 333 10335 5659/ 60152=

48103 22450 62202 10303 20239 40070 85830 333 10338 56550 59011

 60992=

48107 32350 62302 10295 20239 40082 84970 333 10355 56550 59009=

48108 22595 73201 10300 20260 40083 83976 333 10355 56799 59018

 60102=

48109 22496 70000 10273 20256 40079 85970 333 10325 56990 59015

 60062=

48110 21496 81802 10310 20267 40084 76099 85977 333 10345 56599 59010

 69902=

48112 31597 80403 10325 20263 40084 71792 84976 333 10347 56199

 59013=  





