160600 48004 31558 10401 10305 20189 70511 81100 333 56900=
160600 48008 31556 40401 10303 20166 40136 71044 82430 333 56560 59003=
160600 48010 32560 40000 10320 20200 40131 82430 333 56660 59002=
160600 48018 32960 00402 10315 20200 40132 333 58022=
160600 48019 31958 02302 10310 20203 40134 70500 333 58005=
160600 48020 31956 03602 10355 20235 333=
160600 48025 31930 20401 10342 20145 40135 70544 81530 333 56990 59009=
160600 48030 31256 12204 10234 20074 70544 80050 333 56060=
160600 48031 31960 00401 10255 20046 70500 333=
160600 48033 32963 03601 10360 20156 40133 333 59011=
160600 48034 32958 03202 10300 20039 333=
160600 48035 31930 02701 10306 20092 40106 70500 333 59005=
160600 48037 31956 03601 10369 20148 40132 70544 333 59003=
160600 48039 31950 22201 10345 20164 70511 80002 333 56005=
160600 48042 31956 01801 10370 20171 40116 70500 333 59024=
160600 48043 32059 03205 10295 20098 333=
160600 48045 32960 00904 10284 29019 333=
160600 48048 32962 00401 10350 20143 40140 333 59006=
160600 48051 31959 03105 10378 20110 70500 333=
160600 48052 32970 03202 10360 20156 333=
160600 48053 31950 02203 10350 20202 40132 70500 333 59004=
160600 48055 31956 00401 10309 20092 40105 70500 333 58002=
160600 48057 32957 01402 10290 20092 333=
160600 48060 31930 00401 10320 20140 40104 70511 333 59006=
160600 48062 32558 22303 10335 20270 40149 70122 82500 333 56900 58007=
160600 48064 32970 01401 10357 20235 40124 333 58001=
160600 48065 32970 00406 10363 20156 333=
160600 48071 32960 03203 10298 20239 40138 333 59009=
160600 48072 32959 00402 10315 20248 70122 333=
160600 48074 32959 00903 10336 20225 40138 333 59018=
160600 48075 31957 02301 10310 20090 40124 70500 333 58005=
160600 48077 31958 00000 10350 20182 40130 70500 333 59005=
160600 48078 32957 11801 10334 20208 40129 80001 333 56009 59012=
160600 48080 32960 03206 10341 20225 40123 333 59009=
160600 48085 31958 02706 10304 20253 40134 70500 333 59006=
160600 48087 32960 01401 10330 20244 333=
160600 48092 32957 00502 10340 20264 40117 333 59003=
160600 48093 32958 02301 10330 20244 333=
160600 48094 32959 03202 10340 20250 40136 333 58001=
160600 48095 32958 10000 10330 20258 70200 80002 333 56009=
160600 48096 32058 01904 10330 20212 40140 333 58001=
160600 48097 31557 21403 10350 20219 40138 70544 82400 333 56900 58002=
160600 48099 31450 42302 10328 20234 40137 70511 84800 333 56500 58005=
160600 48101 32560 32302 10308 20254 70111 83600 333 56200=
160600 48103 32557 13201 10337 20240 40136 81500 333 56700 59001=
160600 48107 32950 02701 10348 20182 40122 333 59002=
160600 48108 32996 43202 10340 20206 40144 80006 333 56009 58000=
160600 48109 32997 03601 10304 20239 40152 70122 333 59012=
160600 48110 32596 23203 10350 20219 40141 81305 333 56909 59005=
