16-MAR-2015 06 48004 3 1 5 58 1 04 01 10 305 20 189 3 0000 4 0000 5 0000 6 000 0 7 05 1 1 8 1 1 0 0 333 10 /// 58 000 6 000 0 7 0000 
16-MAR-2015 06 48008 3 1 5 56 4 04 01 10 303 20 166 3 0000 4 0136 5 0000 6 000 0 7 10 4 4 8 2 4 3 0 333 10 /// 59 003 6 000 0 7 0000 
16-MAR-2015 06 48010 3 2 5 60 4 00 00 10 320 20 200 3 0000 4 0131 5 0000 6 000 0 7 00 0 0 8 2 4 3 0 333 10 /// 59 002 6 000 0 7 0000 
16-MAR-2015 06 48018 3 2 9 60 0 04 02 10 315 20 200 3 0000 4 0132 5 0000 6 000 0 7 00 0 0 8 0 0 0 0 333 10 /// 58 022 6 000 0 7 0000 
16-MAR-2015 06 48019 3 1 9 58 0 23 02 10 310 20 203 3 0000 4 0134 5 0000 6 000 0 7 05 0 0 8 0 0 0 0 333 10 /// 58 005 6 000 0 7 0000 
16-MAR-2015 06 48020 3 1 9 56 0 36 02 10 355 20 235 3 0000 4 0000 5 0000 6 000 0 7 00 0 0 8 0 0 0 0 333 10 /// 58 000 6 000 0 7 0000 
16-MAR-2015 06 48025 3 1 9 30 2 04 01 10 342 20 145 3 0000 4 0135 5 0000 6 000 0 7 05 4 4 8 1 5 3 0 333 10 /// 59 009 6 000 0 7 0000 
16-MAR-2015 06 48030 3 1 2 56 1 22 04 10 234 20 074 3 0000 4 0000 5 0000 6 000 0 7 05 4 4 8 0 0 5 0 333 10 /// 58 000 6 000 0 7 0000 
16-MAR-2015 06 48031 3 1 9 60 0 04 01 10 255 20 046 3 0000 4 0000 5 0000 6 000 0 7 05 0 0 8 0 0 0 0 333 10 /// 58 000 6 000 0 7 0000 
16-MAR-2015 06 48033 3 2 9 63 0 36 01 10 360 20 156 3 0000 4 0133 5 0000 6 000 0 7 00 0 0 8 0 0 0 0 333 10 /// 59 011 6 000 0 7 0000 
16-MAR-2015 06 48034 3 2 9 58 0 32 02 10 300 20 039 3 0000 4 0000 5 0000 6 000 0 7 00 0 0 8 0 0 0 0 333 10 /// 58 000 6 000 0 7 0000 
16-MAR-2015 06 48035 3 1 9 30 0 27 01 10 306 20 092 3 0000 4 0106 5 0000 6 000 0 7 05 0 0 8 0 0 0 0 333 10 /// 59 005 6 000 0 7 0000 
16-MAR-2015 06 48037 3 1 9 56 0 36 01 10 369 20 148 3 0000 4 0132 5 0000 6 000 0 7 05 4 4 8 0 0 0 0 333 10 /// 59 003 6 000 0 7 0000 
16-MAR-2015 06 48039 3 1 9 50 2 22 01 10 345 20 164 3 0000 4 0000 5 0000 6 000 0 7 05 1 1 8 0 0 0 2 333 10 /// 58 000 6 000 0 7 0000 
16-MAR-2015 06 48042 3 1 9 56 0 18 01 10 370 20 171 3 0000 4 0116 5 0000 6 000 0 7 05 0 0 8 0 0 0 0 333 10 /// 59 024 6 000 0 7 0000 
16-MAR-2015 06 48043 3 2 0 59 0 32 05 10 295 20 098 3 0000 4 0000 5 0000 6 000 0 7 00 0 0 8 0 0 0 0 333 10 /// 58 000 6 000 0 7 0000 
16-MAR-2015 06 48045 3 2 9 60 0 09 04 10 284 20 000 3 0000 4 0000 5 0000 6 000 0 7 00 0 0 8 0 0 0 0 333 10 /// 58 000 6 000 0 7 0000 
16-MAR-2015 06 48048 3 2 9 62 0 04 01 10 350 20 143 3 0000 4 0140 5 0000 6 000 0 7 00 0 0 8 0 0 0 0 333 10 /// 59 006 6 000 0 7 0000 
16-MAR-2015 06 48051 3 1 9 59 0 31 05 10 378 20 110 3 0000 4 0000 5 0000 6 000 0 7 05 0 0 8 0 0 0 0 333 10 /// 58 000 6 000 0 7 0000 
16-MAR-2015 06 48052 3 2 9 70 0 32 02 10 360 20 156 3 0000 4 0000 5 0000 6 000 0 7 00 0 0 8 0 0 0 0 333 10 /// 58 000 6 000 0 7 0000 
16-MAR-2015 06 48053 3 1 9 50 0 22 03 10 350 20 202 3 0000 4 0132 5 0000 6 000 0 7 05 0 0 8 0 0 0 0 333 10 /// 59 004 6 000 0 7 0000 
16-MAR-2015 06 48055 3 1 9 56 0 04 01 10 309 20 092 3 0000 4 0105 5 0000 6 000 0 7 05 0 0 8 0 0 0 0 333 10 /// 58 002 6 000 0 7 0000 
16-MAR-2015 06 48057 3 2 9 57 0 14 02 10 290 20 092 3 0000 4 0000 5 0000 6 000 0 7 00 0 0 8 0 0 0 0 333 10 /// 58 000 6 000 0 7 0000 
16-MAR-2015 06 48060 3 1 9 30 0 04 01 10 320 20 140 3 0000 4 0104 5 0000 6 000 0 7 05 1 1 8 0 0 0 0 333 10 /// 59 006 6 000 0 7 0000 
16-MAR-2015 06 48062 3 2 5 58 2 23 03 10 335 20 270 3 0000 4 0149 5 0000 6 000 0 7 01 2 2 8 2 5 0 0 333 10 /// 58 007 6 000 0 7 0000 
16-MAR-2015 06 48064 3 2 9 70 0 14 01 10 357 20 235 3 0000 4 0124 5 0000 6 000 0 7 00 0 0 8 0 0 0 0 333 10 /// 58 001 6 000 0 7 0000 
16-MAR-2015 06 48065 3 2 9 70 0 04 06 10 363 20 156 3 0000 4 0000 5 0000 6 000 0 7 00 0 0 8 0 0 0 0 333 10 /// 58 000 6 000 0 7 0000 
16-MAR-2015 06 48071 3 2 9 60 0 32 03 10 298 20 239 3 0000 4 0138 5 0000 6 000 0 7 00 0 0 8 0 0 0 0 333 10 /// 59 009 6 000 0 7 0000 
16-MAR-2015 06 48072 3 2 9 59 0 04 02 10 315 20 248 3 0000 4 0000 5 0000 6 000 0 7 01 2 2 8 0 0 0 0 333 10 /// 58 000 6 000 0 7 0000 
16-MAR-2015 06 48074 3 2 9 59 0 09 03 10 336 20 225 3 0000 4 0138 5 0000 6 000 0 7 00 0 0 8 0 0 0 0 333 10 /// 59 018 6 000 0 7 0000 
16-MAR-2015 06 48075 3 1 9 57 0 23 01 10 310 20 090 3 0000 4 0124 5 0000 6 000 0 7 05 0 0 8 0 0 0 0 333 10 /// 58 005 6 000 0 7 0000 
16-MAR-2015 06 48077 3 1 9 58 0 00 00 10 350 20 182 3 0000 4 0130 5 0000 6 000 0 7 05 0 0 8 0 0 0 0 333 10 /// 59 005 6 000 0 7 0000 
16-MAR-2015 06 48078 3 2 9 57 1 18 01 10 334 20 208 3 0000 4 0129 5 0000 6 000 0 7 00 0 0 8 0 0 0 1 333 10 /// 59 012 6 000 0 7 0000 
16-MAR-2015 06 48080 3 2 9 60 0 32 06 10 341 20 225 3 0000 4 0123 5 0000 6 000 0 7 00 0 0 8 0 0 0 0 333 10 /// 59 009 6 000 0 7 0000 
16-MAR-2015 06 48085 3 1 9 58 0 27 06 10 304 20 253 3 0000 4 0134 5 0000 6 000 0 7 05 0 0 8 0 0 0 0 333 10 /// 59 006 6 000 0 7 0000 
16-MAR-2015 06 48087 3 2 9 60 0 14 01 10 330 20 244 3 0000 4 0000 5 0000 6 000 0 7 00 0 0 8 0 0 0 0 333 10 /// 58 000 6 000 0 7 0000 
16-MAR-2015 06 48092 3 2 9 57 0 05 02 10 340 20 264 3 0000 4 0117 5 0000 6 000 0 7 00 0 0 8 0 0 0 0 333 10 /// 59 003 6 000 0 7 0000 
16-MAR-2015 06 48093 3 2 9 58 0 23 01 10 330 20 244 3 0000 4 0000 5 0000 6 000 0 7 00 0 0 8 0 0 0 0 333 10 /// 58 000 6 000 0 7 0000 
16-MAR-2015 06 48094 3 2 9 59 0 32 02 10 340 20 250 3 0000 4 0136 5 0000 6 000 0 7 00 0 0 8 0 0 0 0 333 10 /// 58 001 6 000 0 7 0000 
16-MAR-2015 06 48095 3 2 9 58 1 00 00 10 330 20 258 3 0000 4 0000 5 0000 6 000 0 7 02 0 0 8 0 0 0 2 333 10 /// 58 000 6 000 0 7 0000 
16-MAR-2015 06 48096 3 2 0 58 0 19 04 10 330 20 212 3 0000 4 0140 5 0000 6 000 0 7 00 0 0 8 0 0 0 0 333 10 /// 58 001 6 000 0 7 0000 
16-MAR-2015 06 48097 3 1 5 57 2 14 03 10 350 20 219 3 0000 4 0138 5 0000 6 000 0 7 05 4 4 8 2 4 0 0 333 10 /// 58 002 6 000 0 7 0000 
16-MAR-2015 06 48099 3 1 4 50 4 23 02 10 328 20 234 3 0000 4 0137 5 0000 6 000 0 7 05 1 1 8 4 8 0 0 333 10 /// 58 005 6 000 0 7 0000 
16-MAR-2015 06 48101 3 2 5 60 3 23 02 10 308 20 254 3 0000 4 0000 5 0000 6 000 0 7 01 1 1 8 3 6 0 0 333 10 /// 58 000 6 000 0 7 0000 
16-MAR-2015 06 48103 3 2 5 57 1 32 01 10 337 20 240 3 0000 4 0136 5 0000 6 000 0 7 00 0 0 8 1 5 0 0 333 10 /// 59 001 6 000 0 7 0000 
16-MAR-2015 06 48107 3 2 9 50 0 27 01 10 348 20 182 3 0000 4 0122 5 0000 6 000 0 7 00 0 0 8 0 0 0 0 333 10 /// 59 002 6 000 0 7 0000 
16-MAR-2015 06 48108 3 2 9 96 4 32 02 10 340 20 206 3 0000 4 0144 5 0000 6 000 0 7 00 0 0 8 0 0 0 6 333 10 /// 58 000 6 000 0 7 0000 
16-MAR-2015 06 48109 3 2 9 97 0 36 01 10 304 20 239 3 0000 4 0152 5 0000 6 000 0 7 01 2 2 8 0 0 0 0 333 10 /// 59 012 6 000 0 7 0000 
16-MAR-2015 06 48110 3 2 5 96 2 32 03 10 350 20 219 3 0000 4 0141 5 0000 6 000 0 7 00 0 0 8 1 3 0 5 333 10 /// 59 005 6 000 0 7 0000 
