16-OCT-2015 00 48008 3 2 4 56 3 00 00 10 220 20 205 3 0000 4 0150 5 0000 6 000 0 7 00 0 0 8 2 2 3 0 333 20 200 58 001 6 000 2 7 0000 
16-OCT-2015 00 48010 3 2 4 40 7 00 00 10 225 20 212 3 0000 4 0141 5 0000 6 000 0 7 00 0 0 8 4 7 7 0 333 20 215 59 005 6 000 2 7 0000 
16-OCT-2015 00 48018 3 2 5 50 2 14 01 10 230 20 221 3 0000 4 0150 5 0000 6 000 0 7 00 0 0 8 1 4 3 0 333 20 223 59 013 6 000 2 7 0000 
16-OCT-2015 00 48019 3 2 9 50 0 00 00 10 216 20 205 3 0000 4 0140 5 0000 6 000 0 7 00 0 0 8 0 0 0 0 333 20 214 59 007 6 000 2 7 0000 
16-OCT-2015 00 48025 3 1 1 10 6 00 00 10 224 20 224 3 0000 4 0148 5 0000 6 000 0 7 40 4 4 8 4 6 4 0 333 20 220 59 008 6 000 2 7 0000 
16-OCT-2015 00 48033 3 2 9 59 1 36 01 10 240 20 226 3 0000 4 0125 5 0000 6 000 0 7 00 0 0 8 0 0 0 1 333 20 230 59 007 6 000 2 7 0000 
16-OCT-2015 00 48035 3 1 / 01 9 00 00 10 184 20 180 3 0000 4 0154 5 0000 6 000 0 7 47 4 4 8 0 0 0 0 333 20 175 59 007 6 000 2 7 0000 
16-OCT-2015 00 48037 3 2 9 20 0 00 00 10 245 20 209 3 0000 4 0134 5 0000 6 000 0 7 00 0 0 8 0 0 0 0 333 20 230 59 004 6 000 2 7 0000 
16-OCT-2015 00 48042 3 2 5 57 2 00 00 10 240 20 226 3 0000 4 0132 5 0000 6 000 0 7 00 0 0 8 2 4 0 0 333 20 225 59 002 6 000 2 7 0000 
16-OCT-2015 00 48053 3 2 4 40 5 32 01 10 230 20 214 3 0000 4 0128 5 0000 6 000 0 7 00 0 0 8 2 5 5 6 333 20 228 59 017 6 000 2 7 0000 
16-OCT-2015 00 48057 2 1 4 56 6 00 00 10 163 20 163 3 0000 4 0000 5 0000 6 000 0 7 03 5 5 8 2 5 5 0 333 20 156 58 000 6 000 0 7 0000 
16-OCT-2015 00 48060 3 1 4 20 2 00 00 10 178 20 165 3 0000 4 0171 5 0000 6 000 0 7 40 4 4 8 2 1 3 0 333 20 166 58 002 6 000 2 7 0000 
16-OCT-2015 00 48099 3 2 4 40 4 13 01 10 258 20 246 3 0000 4 0122 5 0000 6 000 0 7 00 0 0 8 2 8 3 0 333 20 246 59 001 6 000 0 7 0000 
16-OCT-2015 00 48103 3 2 4 40 3 04 01 10 242 20 240 3 0000 4 0119 5 0000 6 000 0 7 00 0 0 8 3 5 0 0 333 20 239 59 003 6 000 0 7 0000 
16-OCT-2015 00 48107 3 2 3 30 4 09 01 10 240 20 226 3 0000 4 0113 5 0000 6 000 0 7 00 0 0 8 4 9 0 0 333 20 233 59 004 6 000 0 7 0000 
16-OCT-2015 00 48108 3 1 5 94 6 14 01 10 240 20 226 3 0000 4 0120 5 0000 6 000 0 7 10 2 2 8 3 3 0 6 333 20 223 58 000 6 000 0 7 0000 
16-OCT-2015 00 48110 2 1 5 95 8 13 02 10 245 20 237 3 0000 4 0117 5 0000 6 000 0 7 05 2 2 8 2 4 0 7 333 20 245 59 006 6 000 0 7 0000 
16-OCT-2015 00 48112 3 2 5 97 8 04 02 10 260 20 246 3 0000 4 0112 5 0000 6 000 0 7 00 0 0 8 3 8 7 6 333 20 205 59 002 6 000 0 7 0000 
