48001 32440 40401 10270 20240 40150 83850 333 56550 58002=
48004 32562 30401 10297 20223 83800 333 56500=
48008 32558 20000 10300 20223 40143 81430 333 56450 59008=
48010 32560 20000 10300 20239 40141 82800 333 56500 59014=
48018 32560 23601 10312 20225 40153 70222 82800 333 56500 59002=
48019 32460 13203 10317 20248 40136 81200 333 56700 59010=
48020 NIL=
48025 32456 40401 10295 20239 40153 83840 333 56690 59007=
48035 32560 20000 10287 20215 40112 82100 333 56900 59023=
48037 32560 32701 10306 20237 40134 83100 333 56200 59010=
48042 32559 32701 10320 20248 40124 83800 333 56800 59009=
48045 32556 62305 10216 20185 84670 333 56560=
48048 32560 20401 10310 20237 40140 82800 333 56900 59012=
48051 32559 23602 10314 20240 70122 82200 333 56800=
48053 32456 53602 10310 20237 40127 84850 333 56890 59015=
48060 32356 32201 10284 20182 40116 83100 333 56800 59012=
48062 32457 30401 10310 20280 40134 70322 83200 333 56900 59002=
48071 32960 03203 10325 20258 40136 59002=
48075 32457 41401 10280 20203 40124 70322 84300 333 56500 59018=
48077 32559 60000 10318 20248 40128 85901 333 56909 59011=
48078 32562 33605 10316 20251 40128 82201 333 56808 59011=
48080 32562 32203 10330 20258 40126 82830 333 56490 59004=
48085 32458 32704 10308 20267 40128 83300 333 56300 59001=
48095 32960 10402 10315 20267 70222 80002 333 56009=
48108 32596 62303 10335 20251 40110 84306 333 56509 59013=
48109 32497 30000 10325 20275 40129 83900 333 56900 59002=
48110 31596 73203 10325 20261 40112 70522 84306 333 56909 59006=
48112 32597 83205 10325 20270 40109 70222 83876 333 56799 59007=
48030 31256 60402 10200 20168 70344 85940 333 56180=
48072 32460 10401 10315 20281 70122 81200 333 56900=
48087 32560 30401 10318 20265 81141 333 56999=
48099 32560 23202 10340 20257 40112 83800 333 56900 59018=
48101 32660 13602 10328 20258 70111 81100 333 56100=
48103 32456 50403 10341 20240 40114 85700 333 56100 59006=
48057 32458 43203 10232 20181 84300 333 56500=
48094 32460 20402 10330 20250 40120 82800 333 56900 59015=
48097 32557 50302 10330 20244 40126 70222 83801 333 56909 59008=
48031 32260 61401 10230 20181 86800 333 56400=
48033 32563 23601 10310 20254 40137 82500 333 56100 59003=
48034 32458 51802 10280 20184 85300 333 56500=
48039 32459 23201 10314 20254 82100 333 56100=
48043 32658 30505 10245 20205 83300 333 56200=
48052 32458 23601 10316 20248 82200 333 56900=
48055 32557 50403 10282 20203 40109 70344 85900 333 56100 59028=
48064 32557 41401 10302 20253 40119 83930 333 56880 59020=
48065 32560 12203 10312 20246 81100 333 56900=
48074 32561 33203 10310 20254 40129 83800 333 56900 59020=
48092 32459 50401 10330 20240 40102 85800 333 56900 58005=
48093 32557 43201 10327 20258 83801 333 56309=
48107 32350 21301 10348 20240 40105 82900 333 56100 59003=
48096 32559 20303 10320 20248 40126 70322 82200 333 56900 59009=  