16-OCT-2015 12 48001 3 2 4 20 7 00 00 10 265 20 246 3 0000 4 0111 5 0000 6 000 0 7 00 0 0 8 4 8 5 0 333 10 302 59 033 6 000 2 7 0000 
16-OCT-2015 12 48008 3 2 5 56 1 00 00 10 297 20 239 3 0000 4 0104 5 0000 6 000 0 7 00 0 0 8 1 4 0 0 333 10 328 59 016 6 000 2 7 0000 
16-OCT-2015 12 48010 3 2 5 20 3 00 00 10 278 20 233 3 0000 4 0107 5 0000 6 000 0 7 00 0 0 8 2 5 0 1 333 10 320 59 007 6 000 2 7 0000 
16-OCT-2015 12 48018 3 1 5 58 3 00 00 10 290 20 246 3 0000 4 0103 5 0000 6 000 0 7 05 4 4 8 2 5 6 0 333 10 330 59 011 6 000 2 7 0000 
16-OCT-2015 12 48019 3 2 9 50 0 00 00 10 278 20 233 3 0000 4 0102 5 0000 6 000 0 7 00 0 0 8 0 0 0 0 333 10 333 59 027 6 000 2 7 0000 
16-OCT-2015 12 48033 3 2 9 59 0 36 01 10 300 20 266 3 0000 4 0097 5 0000 6 000 0 7 00 0 0 8 0 0 0 0 333 10 320 59 004 6 000 2 7 0000 
16-OCT-2015 12 48035 3 2 5 60 1 00 00 10 274 20 191 3 0000 4 0089 5 0000 6 000 0 7 00 0 0 8 1 1 0 0 333 10 308 59 017 6 000 2 7 0000 
16-OCT-2015 12 48037 3 2 9 50 0 00 00 10 299 20 253 3 0000 4 0096 5 0000 6 000 0 7 00 0 0 8 0 0 0 0 333 10 324 59 013 6 000 2 7 0000 
16-OCT-2015 12 48042 3 2 5 58 4 00 00 10 300 20 253 3 0000 4 0097 5 0000 6 000 0 7 00 0 0 8 2 8 0 0 333 10 330 59 011 6 000 2 7 0000 
16-OCT-2015 12 48048 3 2 9 50 0 00 00 10 295 20 239 3 0000 4 0101 5 0000 6 000 0 7 00 0 0 8 0 0 0 0 333 10 335 59 012 6 000 2 7 0000 
16-OCT-2015 12 48051 3 2 5 58 2 00 00 10 290 20 260 3 0000 4 0000 5 0000 6 000 0 7 02 1 1 8 2 5 0 0 333 10 335 58 000 6 000 0 7 0000 
16-OCT-2015 12 48053 3 2 4 56 4 32 01 10 290 20 248 3 0000 4 0105 5 0000 6 000 0 7 00 0 0 8 3 9 5 0 333 10 325 59 014 6 000 2 7 0000 
16-OCT-2015 12 48055 2 1 4 56 6 23 01 10 215 20 207 3 0000 4 0122 5 0000 6 000 0 7 50 9 6 8 3 9 4 0 333 10 277 58 003 6 006 2 7 0000 
16-OCT-2015 12 48060 3 2 4 20 2 00 00 10 248 20 205 3 0000 4 0099 5 0000 6 000 0 7 00 0 0 8 2 1 0 0 333 10 300 59 008 6 000 2 7 0000 
16-OCT-2015 12 48062 3 2 9 56 0 27 01 10 296 20 270 3 0000 4 0112 5 0000 6 000 0 7 00 0 0 8 0 0 0 0 333 10 330 58 001 6 000 2 7 0000 
16-OCT-2015 12 48064 3 2 9 50 1 00 00 10 280 20 250 3 0000 4 0089 5 0000 6 000 0 7 00 0 0 8 0 0 0 1 333 10 330 59 015 6 000 2 7 0000 
16-OCT-2015 12 48071 3 2 4 56 1 32 01 10 300 20 253 3 0000 4 0106 5 0000 6 000 0 7 00 0 0 8 1 3 0 0 333 10 325 59 007 6 000 2 7 0000 
16-OCT-2015 12 48072 3 2 9 56 0 27 01 10 290 20 259 3 0000 4 0000 5 0000 6 000 0 7 01 2 2 8 0 0 0 0 333 10 330 58 000 6 000 0 7 0000 
16-OCT-2015 12 48074 3 2 5 58 1 00 00 10 290 20 259 3 0000 4 0102 5 0000 6 000 0 7 00 0 0 8 1 5 0 0 333 10 334 59 013 6 000 2 7 0000 
16-OCT-2015 12 48075 2 1 4 56 5 00 00 10 240 20 226 3 0000 4 0107 5 0000 6 000 0 7 02 6 5 8 4 8 4 0 333 10 300 59 016 6 002 2 7 0000 
16-OCT-2015 12 48077 3 2 5 56 4 00 00 10 300 20 253 3 0000 4 0093 5 0000 6 000 0 7 00 0 0 8 3 9 0 1 333 10 336 59 021 6 000 2 7 0000 
16-OCT-2015 12 48078 3 2 5 56 3 00 00 10 300 20 260 3 0000 4 0099 5 0000 6 000 0 7 00 0 0 8 2 3 0 1 333 10 330 59 012 6 000 0 7 0000 
16-OCT-2015 12 48080 3 2 9 57 0 00 00 10 312 20 255 3 0000 4 0101 5 0000 6 000 0 7 00 0 0 8 0 0 0 0 333 10 338 59 014 6 000 0 7 0000 
16-OCT-2015 12 48085 3 2 4 56 2 09 02 10 290 20 259 3 0000 4 0103 5 0000 6 000 0 7 00 0 0 8 1 8 0 6 333 10 312 59 006 6 000 2 7 0000 
16-OCT-2015 12 48087 3 2 9 50 2 00 00 10 300 20 253 3 0000 4 0000 5 0000 6 000 0 7 00 0 0 8 0 0 4 1 333 10 334 58 000 6 000 0 7 0000 
16-OCT-2015 12 48092 3 2 4 58 2 00 00 10 300 20 253 3 0000 4 0079 5 0000 6 000 0 7 00 0 0 8 2 8 0 0 333 10 335 59 009 6 000 0 7 0000 
16-OCT-2015 12 48093 3 2 5 40 1 04 01 10 290 20 259 3 0000 4 0000 5 0000 6 000 0 7 00 0 0 8 1 1 0 0 333 10 330 58 000 6 000 0 7 0000 
16-OCT-2015 12 48094 3 2 4 57 2 00 00 10 308 20 270 3 0000 4 0099 5 0000 6 000 0 7 00 0 0 8 1 8 0 1 333 10 345 59 013 6 000 0 7 0000 
16-OCT-2015 12 48096 3 2 4 57 5 23 05 10 310 20 267 3 0000 4 0100 5 0000 6 000 0 7 00 0 0 8 3 9 4 0 333 10 335 59 015 6 000 0 7 0000 
16-OCT-2015 12 48097 2 1 5 56 6 05 02 10 270 20 263 3 0000 4 0114 5 0000 6 000 0 7 21 6 2 8 4 5 5 0 333 10 345 59 009 6 013 2 7 0000 
16-OCT-2015 12 48099 3 2 4 40 3 27 01 10 310 20 267 3 0000 4 0092 5 0000 6 000 0 7 00 0 0 8 3 8 0 0 333 10 352 59 004 6 000 0 7 0000 
16-OCT-2015 12 48103 3 2 3 20 4 00 00 10 300 20 253 3 0000 4 0091 5 0000 6 000 0 7 00 0 0 8 4 7 0 0 333 10 349 59 010 6 000 2 7 0000 
16-OCT-2015 12 48107 2 1 3 30 4 32 01 10 260 20 246 3 0000 4 0102 5 0000 6 000 0 7 01 6 5 8 4 9 0 0 333 10 352 59 001 6 002 2 7 0000 
16-OCT-2015 12 48108 2 1 5 95 7 14 01 10 275 20 253 3 0000 4 0097 5 0000 6 000 0 7 20 5 5 8 4 3 6 6 333 10 345 59 006 6 009 2 7 0000 
16-OCT-2015 12 48109 3 2 4 96 2 00 00 10 300 20 266 3 0000 4 0101 5 0000 6 000 0 7 00 0 0 8 1 5 0 1 333 10 334 59 009 6 000 0 7 0000 
16-OCT-2015 12 48110 3 2 5 95 8 00 00 10 295 20 250 3 0000 4 0093 5 0000 6 000 0 7 00 0 0 8 2 9 0 7 333 10 325 59 007 6 000 0 7 0000 
16-OCT-2015 12 48112 3 1 5 97 8 04 03 10 290 20 248 3 0000 4 0089 5 0000 6 000 0 7 17 9 2 8 4 9 7 6 333 10 330 59 005 6 000 2 7 0000 
