48001 21330 83201 10248 20243 40096 72166 8577/ 333 56349 59018=
48004 22460 50401 10284 20250 85900 333 56500=
48008 32457 60000 10287 20259 40081 83970 333 56450 59016=
48010 32556 40000 10275 20268 40087 82831 333 56444 59016=
48018 31558 30401 10300 20253 40074 70144 82840 333 56130 59032=
48019 32460 40000 10294 20248 40064 81230 333 56450 59027=
48020 22357 40403 10280 20268 84800 333 56100=
48025 22340 52201 10280 20250 40078 84801 333 56409 59016=
48035 32460 73201 10253 20233 40081 85970 333 56590 58016=
48037 32558 83601 10290 20259 40080 82101 333 56809 59004=
48042 22457 50000 10290 20259 40069 83852 333 56449 59012=
48045 22450 71402 10205 20195 85370 333 56330=
48048 32560 21801 10300 20253 40069 82800 333 56900 59020=
48051 32559 50402 10292 20260 84930 333 56490=
48053 32456 53601 10300 20253 40077 82556 333 56899 59018=
48060 32330 50000 10242 20209 40074 85800 333 56400 59014=
48062 22457 41302 10295 20270 40066 70122 83930 333 56990 59006=
48071 22458 60502 10300 20266 40068 84930 333 56990 59010=
48075 32457 50000 10260 20215 40071 84830 333 56890 59028=
48077 22559 80000 10277 20250 40050 85931 333 56499 59038=
48078 32557 81801 10286 20263 40067 8587/ 333 56499 59039=
48080 32460 60402 10281 20250 40066 84830 333 56590 59021=
48085 32458 63201 10292 20259 40068 83836 333 56799 59019=
48095 22458 71802 10295 20274 83840 333 56990=
48108 21494 80501 10265 20258 40072 75055 8537/ 333 5699/ 59034=
48109 22496 82304 10282 20268 40084 8697/ 333 5699/ 59010=
48110 21496 83202 10245 20245 40073 76366 8632/ 333 5669/ 59032=
48112 21496 82709 10245 20245 40090 75165 8677/ 333 5669/ 59022=
48030 22357 52201 10180 20165 83840 333 56560=
48072 22460 51302 10300 20266 70122 81830 333 56590=
48087 22456 73201 10284 20268 8437/ 333 5649/=
48099 NIL=
48101 22659 73202 10266 20259 70122 83375 333 56599=
48103 22456 72202 10290 20259 40059 85770 333 56550 59040=
48057 32458 41302 10245 20191 83801 333 56309=
48094 22459 62201 10280 20270 40072 70322 84970 333 56590 59016=
48097 22557 72401 10290 20259 40097 85830 333 56990 59003=
48031 21/05 91401 10210 20195 74744 89/// 333 56999=
48033 22562 31801 10304 20266 40058 83500 333 56900 59034=
48034 22456 70901 10243 20226 87300 333 56500=
48039 22460 40000 10300 20253 83850 333 56550=
48043 22540 80000 10220 20220 8587/ 333 56999=
48052 32458 30000 10312 20267 83800 333 56900=
48055 32456 40000 10256 20224 40068 70144 84800 333 56200 59014=
48064 32958 13201 10292 20259 40039 80001 333 56009 59040=
48065 32556 33201 10298 20253 81101 333 56909=
48074 32459 60402 10280 20250 40078 83801 333 56809 59033=
48092 22457 80000 10280 20259 40052 84776 333 56699 59029=
48093 22558 62301 10288 20274 84841 333 56599=
48107 22350 62301 10280 20268 40071 84970 333 56440 59030=
48096 32457 53303 10290 20259 40071 82930 333 56690 59028=  