160600 48001 21430 83201 10260 20246 40092 75166 8672/ 333 56329 59012=
160600 48008 32457 62301 10330 20267 40062 83970 333 56450 59014=
160600 48010 32560 41801 10320 20265 40064 83830 333 56440 59013=
160600 48018 32560 61401 10333 20258 40068 84930 333 56330 59019=
160600 48019 32460 30402 10340 20270 40058 82201 333 56507 59014=
160600 48020 32460 23204 10330 20275 82200 333 56400=
160600 48025 32458 63601 10324 20265 40071 83841 333 56599 59022=
160600 48030 32357 70401 10214 20195 86840 333 56180=
160600 48031 31260 61801 10250 20205 70144 86800 333 56500=
160600 48033 32563 41801 10330 20275 40055 84800 333 56400 59035=
160600 48034 32456 72302 10270 20211 87300 333 56500=
160600 48035 32560 62202 10309 20254 40045 84960 333 56790 59031=
160600 48037 32560 53601 10330 20244 40070 85800 333 56400 59009=
160600 48039 32460 40401 10326 20258 82102 333 56404=
160600 48042 32559 43201 10333 20258 40049 82802 333 56909 59019=
160600 48043 32556 70503 10255 20229 8587/ 333 56299=
160600 48045 31340 71403 10237 20209 74044 87300 333 56200=
160600 48048 32560 43201 10340 20257 40060 84800 333 56400 59024=
160600 48051 32560 43102 10316 20270 83830 333 56490=
160600 48052 32468 30000 10355 20278 83800 333 56900=
160600 48053 32456 43602 10340 20240 40070 83806 333 56209 59021=
160600 48055 31456 50405 10292 20223 40039 70344 84901 333 56209 59022=
160600 48057 32460 51403 10260 20203 85900 333 56200=
160600 48060 32350 40000 10305 20205 40052 84800 333 56600 58007=
160600 48062 32458 62303 10325 20290 40060 70322 84970 333 56390 58014=
160600 48064 32460 43201 10300 20275 40034 83801 333 56409 59049=
160600 48065 32557 30401 10335 20240 82101 333 56909=
160600 48071 32458 62302 10310 20267 40061 85930 333 56990 59015=
160600 48072 32460 51801 10310 20267 83830 333 56590=
160600 48074 32461 70402 10320 20265 40064 83806 333 56809 59026=
160600 48075 32457 61401 10290 20215 40051 70322 85830 333 56590 59022=
160600 48077 32559 80000 10300 20253 40043 85931 333 56499 59039=
160600 48078 32559 61802 10325 20278 40054 84831 333 56799 59037=
160600 48080 32461 53203 10320 20265 40058 83830 333 56590 59022=
160600 48087 32558 50403 10320 20265 83341 333 56399=
160600 48092 32458 72702 10305 20266 40037 84836 333 56999 59038=
160600 48093 32558 51401 10322 20281 70122 84840 333 56390=
160600 48094 32459 63202 10310 20270 40056 84940 333 56990 59026=
160600 48095 32458 70402 10315 20282 84840 333 56990=
160600 48096 32458 72804 10300 20253 40057 70222 85930 333 56990 59033=  48035 32560 62202 10309 20254 40045 84960 333 56790 59031=
160600 48097 32557 73601 10315 20282 40075 86330 333 56990 59022=
160600 48099 32456 71301 10315 20265 40048 85930 333 56390 59033=
160600 48101 32659 72302 10314 20267 70222 84371 333 56699=
160600 48103 32457 72202 10312 20254 40043 86730 333 56550 59043=
160600 48107 21350 62301 10280 20268 40064 70165 8597/ 333 5677/ 59029=
160600 48108 21495 82302 10273 20256 40062 75055 8597/ 333 5649/ 59034=
160600 48109 32497 82303 10287 20259 40076 70222 8697/ 333 5699/ 59017=
160600 48110 21493 82703 10250 20250 40069 76166 8632/ 333 5669/ 59029=
160600 48112 21496 82207 10250 20250 40080 75055 8677/ 333 5659/ 59019=  
