48001 22556 30000 10280 20250 40042 83900 333 10305 56400 58012 60162=
48004 32240 72201 10299 20253 87900 333 10336 56500 60002=
48008 32457 60000 10308 20254 40031 82973 333 10354 56566 59010 60002=
48010 32550 40000 10320 20281 40026 83301 333 10346 56506 59015=
48018 NIL=
48019 32456 40000 10330 20275 40021 83305 333 10350 56506 59010=
48020 32450 20000 10320 20281 82800 333 10352 56400 60002=
48025 32458 42701 10336 20270 40028 83801 333 10341 56509 59020=
48035 21560 50000 10261 20246 40019 70196 84960 333 10319 56760 58001 60122=
48037 32458 73201 10328 20248 40011 82871 333 10343 56889 59016=
48042 32559 53601 10320 20256 40016 82806 333 10350 56909 59019=
48045 32450 52302 10230 20198 84330 333 10252 56560 69902=
48048 32550 33201 10342 20257 40018 83800 333 10360 56900 59018=
48051 32559 61302 10303 20270 70322 84930 333 10342 56490 60002=
48053 31456 73603 10330 20244 40019 71799 84950 333 10365 56299 59024=
48060 NIL=
48062 32456 62303 10303 20280 40030 70322 84932 333 10330 56399 59014 60002=
48071 32456 30201 10307 20267 40036 82830 333 10325 56990 59015 60002=
48075 22456 60000 10280 20233 40041 85530 333 10300 56390 58007 60012=
48077 32556 80000 10300 20253 40017 85970 333 10322 56490 59030=
48078 21550 61801 10273 20266 40031 70196 84331 333 10328 56899 59020 60092=
48080 21456 83201 10270 20256 40046 79596 86920 333 10334 56390 59012 60162=
48085 21357 80000 10274 20256 40036 70292 85970 333 10315 56790 59021 60012=
48095 32456 81802 10290 20274 86970 333 10325 56590 60002=
48108 21494 83202 10260 20253 40041 75165 8537/ 333 10293 5699/ 59027 60082=
48109 32496 82301 10280 20268 40047 70222 8697/ 333 10300 5699/ 59010 60002=
48110 21493 80000 10235 20235 40052 76166 8632/ 333 10250 5699/ 59026 60602=
48112 21496 82215 10235 20235 40064 75055 8677/ 333 10262 5659/ 59016 60602=
48030 32256 70401 10212 20195 86940 333 10236 56180 60002=
48072 NIL=
48087 32550 60000 10290 20259 83871 333 10330 56999=
48099 21330 81302 10268 20268 40028 75165 8697/ 333 10330 5639/ 59024 60132=
48101 21550 81803 10272 20256 70252 8597/ 333 10325 5649/ 69902=
48103 21330 82201 10268 20256 40032 72996 8697/ 333 10328 5655/ 59028 60112=
48057 32456 41402 10230 20214 82306 333 10275 56209=
48094 21456 82201 10266 20260 40037 75165 86920 333 10330 56590 59028 60122=
48097 21456 83201 10270 20270 40040 75055 8597/ 333 10320 5699/ 59043 69902=
48031 32256 62201 10285 20185 86800 333 10263 56400=
48033 32562 71301 10310 20254 40022 85970 333 10350 56490 59017=
48034 21456 63201 10250 20226 70195 86300 333 10275 56500 60162=
48039 32460 70401 10328 20258 84902 333 10349 56404=
48043 22030 30502 10245 20219 80002 333 10282 56009 60232=
48052 32450 43602 10340 20270 84800 333 10380 56900=
48055 32556 20402 10271 20240 40019 81401 333 10311 56309 59004=
48064 32450 73201 10320 20292 49997 84831 333 10346 56449 59038=
48065 32456 51802 10340 20263 70322 83570 333 10363 56990=
48074 32458 50000 10300 20282 40019 85940 333 10337 56290 59029=
48092 31450 80000 10290 20259 40012 71722 8597/ 333 10316 5699/ 59029=
48093 32540 81401 10278 20250 70322 86841 333 10332 56499=
48107 21330 82301 10266 20256 40042 76166 8597/ 333 10294 5666/ 59030 60342=
48096 21456 72304 10270 20256 40025 75065 85970 333 10320 56490 59044=  