170000 48008 32556 60000 10255 20203 40073 83970 333 20240 56810 59035=
170000 48010 32530 71801 10250 20219 40072 84721 333 20220 56559 59032=
170000 48018 32550 72201 10260 20215 40074 84870 333 20230 56550 59034=
170000 48019 32450 30000 10256 20229 40067 80030 333 20253 56060 58032=
170000 48025 31410 72202 10280 20203 40078 70544 84840 333 20272 56590 59024=
170000 48030 22150 82201 10160 20144 70296 8694/ 333 20144 56569 60022=
170000 48031 21250 82202 10180 20129 76064 888// 333 20175 56499 60022=
170000 48033 32560 40000 10260 20229 40069 84800 333 20240 56900 59007=
170000 48034 32456 40401 10183 20165 82530 333 20173 56550=
170000 48035 31520 20000 10201 20185 40086 71000 82800 333 20195 56900 59045=
170000 48037 22530 80000 10260 20215 40070 8357/ 333 20250 56569 59023=
170000 48039 21456 70000 10245 20209 70266 83550 333 20243 56550 60042=
170000 48042 22556 40000 10255 20224 40078 82850 333 20240 56960 59019 60032=
170000 48043 22020 20000 10185 20175 80030 333 20150 56090 60022=
170000 48048 32550 51801 10263 20203 40081 84850 333 20258 56490 59013=
170000 48051 22556 53601 10237 20230 83831 333 20230 56499 60002=
170000 48052 32450 50000 10272 20226 85900 333 20265 56900=
170000 48053 32950 40000 10260 20215 40077 80056 333 20253 56099 59033=
170000 48055 31556 30000 10174 20167 40118 70511 81531 333 20165 56559 59009=
170000 48057 21456 50000 10182 20165 71022 81509 333 20170 56909 69002=
170000 48060 31930 20000 10210 20175 40085 74044 80032 333 20185 56099 59046=
170000 48062 32556 70000 10255 20230 40101 85970 333 20225 56990 59015=
170000 48064 32550 31401 10270 20226 40062 81101 333 20210 56409 59017=
170000 48065 32950 30000 10265 20226 80031 333 20242 56099=
170000 48071 31450 20000 10278 20268 40106 71000 82800 333 20270 56900 59010=
170000 48074 31456 20901 10275 20220 40097 70500 81502 333 20258 56404 59022=
170000 48075 22956 20000 10210 20210 40116 80005 333 20180 56009 59024 69902=
170000 48077 32556 40000 10280 20233 40088 84800 333 20250 56900 59014=
170000 48078 32550 31401 10275 20222 40100 81502 333 20265 56909 59019=
170000 48080 31409 50000 10244 20209 40118 71022 83230 333 20225 56690 59011=
170000 48085 31450 60000 10260 20246 40102 71444 85806 333 20257 56709 59019=
170000 48087 32550 40000 10260 20246 83840 333 20240 56990=
170000 48092 31430 50000 10250 20250 40078 71011 83601 333 20245 56309 59023=
170000 48093 32940 92301 10263 20246 333 20258=
170000 48094 32456 30000 10265 20250 40102 82940 333 20225 56990 59018=
170000 48096 31456 42304 10260 20246 40108 71011 82531 333 20250 56999 59020=
170000 48097 32456 63102 10265 20234 40113 83536 333 20242 56999 59004=
170000 48099 32440 60000 10252 20219 40107 84830 333 20232 56990 59022=
170000 48103 32440 31401 10263 20229 40103 83500 333 20240 56300 59021=
170000 48107 32940 00901 10238 20226 40112 333 20230 59016=
170000 48108 31594 50501 10240 20233 40117 71022 83406 333 20230 56909 59016=
170000 48109 32496 40000 10264 20260 40109 84900 333 20202 56900 59007=
170000 48110 21595 40000 10265 20246 40111 70255 81306 333 20260 56909 59024 60032=
170000 48112 32597 80401 10260 20246 40110 83876 333 20214 56199 59010=  
