170900 48004 32458 60901 10315 20236 86900 333 56900=
170900 48008 31450 80401 10282 20203 40075 75055 8497/ 333 56459 58003=
170900 48010 32558 70000 10305 20239 40056 84770 333 56550 59012=
170900 48018 31558 73202 10360 20195 40062 71044 84870 333 56550 59019=
170900 48019 32457 60403 10346 20219 40055 83820 333 56660 59019=
170900 48025 31440 73201 10383 20203 40051 70544 84840 333 56550 59023=
170900 48030 32556 82202 10193 20096 8694/ 333 56569=
170900 48031 31258 71401 10225 20113 70544 84840 333 56490=
170900 48033 32562 51801 10380 20203 40038 85900 333 56900 59024=
170900 48034 32457 61802 10307 20157 84830 333 56550=
170900 48035 31530 32202 10282 20203 40028 70496 83900 333 56500 59020=
170900 48037 32560 63601 10390 20213 40040 82330 333 56550 59019=
170900 48039 32460 71401 10359 20235 84850 333 56550=
170900 48042 32558 51802 10385 20227 40038 82952 333 56959 59022=
170900 48043 32509 51807 10300 20166 80036 333 56099=
170900 48045 32560 71402 10285 20140 87300 333 56500=
170900 48048 32560 52202 10418 20206 40034 84850 333 56490 59033=
170900 48051 32558 73103 10343 20210 70322 85930 333 56590=
170900 48053 32556 71802 10390 20286 40035 84956 333 56599 59023=
170900 48055 32556 62207 10330 20172 40016 86900 333 56400 59041=
170900 48057 32458 52204 10296 20124 84901 333 56609=
170900 48060 32450 73203 10240 20174 40014 85770 333 56590 59032=
170900 48071 32460 13203 10345 20266 40078 81200 333 56900 59020=
170900 48072 32460 63206 10340 20270 79522 84930 333 56590=
170900 48074 32561 30902 10390 20269 40038 82102 333 56404 59017=
170900 48075 32457 62301 10340 20180 40032 70222 86300 333 56500 59068=
170900 48078 32560 21801 10402 20246 40051 81201 333 56909 59030=
170900 48080 32460 32207 10350 20240 40076 82230 333 56990 59037=
170900 48085 32958 22706 10336 20257 40074 80006 333 56009 59026=
170900 48087 32560 32301 10390 20177 83800 333 56900=
170900 48092 32458 32203 10390 20213 40042 82801 333 56909 59023=
170900 48094 32962 33203 10375 20270 40072 70322 83900 333 56900 59025=
170900 48095 32460 12202 10395 20233 81100 333 56900=
170900 48097 32557 32202 10390 20213 40094 83800 333 56900 59006=
170900 48099 32458 42301 10370 20246 40061 84900 333 56900 59019=
170900 48101 32661 31403 10337 20257 70311 81305 333 56909=
170900 48103 32457 12201 10370 20227 40067 81500 333 56500 59022=
170900 48107 32350 63203 10344 20257 40074 86900 333 56500 59015=
170900 48108 32596 53202 10365 20247 40088 83366 333 56699 59009=
170900 48110 31596 33204 10350 20258 40079 70511 82305 333 56909 59016=
