17-APR-2015 06 48004 3 2 4 58 6 04 02 10 307 20 225 3 0000 4 0000 5 0000 6 000 0 7 00 0 0 8 6 9 0 0 333 10 /// 58 000 6 000 0 7 0000 
17-APR-2015 06 48008 3 1 5 50 8 00 00 10 300 20 207 3 0000 4 0097 5 0000 6 000 0 7 50 5 5 8 4 9 7 / 333 10 /// 59 010 6 000 0 7 0000 
17-APR-2015 06 48010 3 2 5 58 7 00 00 10 290 20 248 3 0000 4 0091 5 0000 6 000 0 7 00 0 0 8 4 7 7 0 333 10 /// 59 016 6 000 0 7 0000 
17-APR-2015 06 48018 3 1 5 58 7 22 01 10 360 20 225 3 0000 4 0101 5 0000 6 000 0 7 10 4 4 8 4 8 7 0 333 10 /// 59 015 6 000 0 7 0000 
17-APR-2015 06 48019 3 2 4 60 5 32 02 10 354 20 202 3 0000 4 0086 5 0000 6 000 0 7 00 0 0 8 3 8 6 0 333 10 /// 59 016 6 000 0 7 0000 
17-APR-2015 06 48020 3 2 4 58 6 04 05 10 360 20 257 3 0000 4 0000 5 0000 6 000 0 7 00 0 0 8 4 8 3 0 333 10 /// 58 000 6 000 0 7 0000 
17-APR-2015 06 48025 3 1 4 40 3 14 01 10 375 20 203 3 0000 4 0105 5 0000 6 000 0 7 05 4 4 8 3 8 4 0 333 10 /// 59 011 6 000 0 7 0000 
17-APR-2015 06 48030 3 2 2 56 8 22 02 10 197 20 085 3 0000 4 0000 5 0000 6 000 0 7 00 0 0 8 6 9 4 / 333 10 /// 58 000 6 000 0 7 0000 
17-APR-2015 06 48031 3 1 2 60 6 14 01 10 220 20 111 3 0000 4 0000 5 0000 6 000 0 7 05 4 4 8 4 8 4 0 333 10 /// 58 000 6 000 0 7 0000 
17-APR-2015 06 48033 3 2 9 63 0 18 01 10 360 20 195 3 0000 4 0081 5 0000 6 000 0 7 00 0 0 8 0 0 0 0 333 10 /// 59 019 6 000 0 7 0000 
17-APR-2015 06 48034 3 2 4 57 6 23 02 10 285 20 152 3 0000 4 0000 5 0000 6 000 0 7 00 0 0 8 4 3 0 0 333 10 /// 58 000 6 000 0 7 0000 
17-APR-2015 06 48035 3 1 5 30 6 00 00 10 321 20 163 3 0000 4 0054 5 0000 6 000 0 7 05 0 0 8 4 9 6 0 333 10 /// 59 011 6 000 0 7 0000 
17-APR-2015 06 48037 3 2 5 60 3 04 01 10 374 20 207 3 0000 4 0079 5 0000 6 000 0 7 00 0 0 8 1 1 3 0 333 10 /// 59 020 6 000 0 7 0000 
17-APR-2015 06 48039 3 2 4 60 4 14 01 10 340 20 225 3 0000 4 0000 5 0000 6 000 0 7 00 0 0 8 2 1 5 0 333 10 /// 58 000 6 000 0 7 0000 
17-APR-2015 06 48042 3 2 5 57 3 22 03 10 370 20 227 3 0000 4 0081 5 0000 6 000 0 7 00 0 0 8 1 2 5 0 333 10 /// 59 028 6 000 0 7 0000 
17-APR-2015 06 48043 3 2 0 59 2 32 06 10 295 20 149 3 0000 4 0000 5 0000 6 000 0 7 00 0 0 8 0 0 3 2 333 10 /// 58 000 6 000 0 7 0000 
17-APR-2015 06 48045 3 2 5 62 7 14 03 10 281 20 140 3 0000 4 0000 5 0000 6 000 0 7 00 0 0 8 3 3 6 0 333 10 /// 58 000 6 000 0 7 0000 
17-APR-2015 06 48048 3 2 5 62 4 18 02 10 393 20 198 3 0000 4 0088 5 0000 6 000 0 7 00 0 0 8 4 8 0 0 333 10 /// 59 023 6 000 0 7 0000 
17-APR-2015 06 48051 3 2 5 59 4 36 02 10 320 20 240 3 0000 4 0000 5 0000 6 000 0 7 01 2 2 8 2 8 3 0 333 10 /// 58 000 6 000 0 7 0000 
17-APR-2015 06 48052 3 2 4 70 3 22 01 10 398 20 214 3 0000 4 0000 5 0000 6 000 0 7 00 0 0 8 3 8 0 0 333 10 /// 58 000 6 000 0 7 0000 
17-APR-2015 06 48053 3 2 5 56 5 18 02 10 380 20 285 3 0000 4 0075 5 0000 6 000 0 7 00 0 0 8 3 9 0 6 333 10 /// 59 029 6 000 0 7 0000 
17-APR-2015 06 48055 3 2 5 56 5 18 07 10 338 20 184 3 0000 4 0044 5 0000 6 000 0 7 00 0 0 8 4 8 0 1 333 10 /// 59 034 6 000 0 7 0000 
17-APR-2015 06 48057 3 2 4 58 6 22 04 10 280 20 146 3 0000 4 0000 5 0000 6 000 0 7 00 0 0 8 5 9 0 1 333 10 /// 58 000 6 000 0 7 0000 
17-APR-2015 06 48060 3 2 4 60 3 32 03 10 250 20 182 3 0000 4 0047 5 0000 6 000 0 7 03 2 2 8 2 1 0 2 333 10 /// 59 032 6 000 0 7 0000 
17-APR-2015 06 48062 3 2 5 58 6 23 03 10 332 20 290 3 0000 4 0108 5 0000 6 000 0 7 03 2 2 8 4 8 3 0 333 10 /// 59 023 6 000 0 7 0000 
17-APR-2015 06 48064 3 2 9 70 1 36 01 10 405 20 269 3 0000 4 0074 5 0000 6 000 0 7 00 0 0 8 0 0 0 1 333 10 /// 59 031 6 000 0 7 0000 
17-APR-2015 06 48065 3 2 9 70 1 14 08 10 398 20 214 3 0000 4 0000 5 0000 6 000 0 7 00 0 0 8 0 0 0 1 333 10 /// 58 000 6 000 0 7 0000 
17-APR-2015 06 48071 3 2 4 60 2 32 04 10 330 20 258 3 0000 4 0109 5 0000 6 000 0 7 00 0 0 8 1 2 3 0 333 10 /// 59 025 6 000 0 7 0000 
17-APR-2015 06 48072 3 2 4 60 5 27 02 10 330 20 258 3 0000 4 0000 5 0000 6 000 0 7 01 2 2 8 4 9 3 0 333 10 /// 58 000 6 000 0 7 0000 
17-APR-2015 06 48074 3 2 5 60 4 14 03 10 370 20 246 3 0000 4 0105 5 0000 6 000 0 7 00 0 0 8 1 1 0 3 333 10 /// 59 015 6 000 0 7 0000 
17-APR-2015 06 48075 3 2 4 57 5 32 01 10 330 20 190 3 0000 4 0080 5 0000 6 000 0 7 02 2 2 8 5 3 0 0 333 10 /// 59 020 6 000 0 7 0000 
17-APR-2015 06 48078 3 2 5 58 2 18 01 10 372 20 207 3 0000 4 0098 5 0000 6 000 0 7 00 0 0 8 1 1 0 1 333 10 /// 59 022 6 000 0 7 0000 
17-APR-2015 06 48080 3 2 4 61 5 22 12 10 360 20 249 3 0000 4 0107 5 0000 6 000 0 7 00 0 0 8 3 8 3 0 333 10 /// 59 030 6 000 0 7 0000 
17-APR-2015 06 48085 3 2 9 58 3 27 05 10 334 20 258 3 0000 4 0103 5 0000 6 000 0 7 00 0 0 8 0 0 0 6 333 10 /// 59 023 6 000 0 7 0000 
17-APR-2015 06 48087 3 2 5 60 5 00 00 10 370 20 207 3 0000 4 0000 5 0000 6 000 0 7 00 0 0 8 2 8 4 1 333 10 /// 58 000 6 000 0 7 0000 
17-APR-2015 06 48092 3 2 4 58 2 18 04 10 380 20 240 3 0000 4 0076 5 0000 6 000 0 7 01 1 1 8 2 8 0 0 333 10 /// 59 025 6 000 0 7 0000 
17-APR-2015 06 48093 3 2 6 58 3 27 01 10 363 20 235 3 0000 4 0000 5 0000 6 000 0 7 00 0 0 8 3 8 0 0 333 10 /// 58 000 6 000 0 7 0000 
17-APR-2015 06 48094 3 2 4 60 3 32 03 10 375 20 255 3 0000 4 0103 5 0000 6 000 0 7 03 2 2 8 3 9 0 0 333 10 /// 59 022 6 000 0 7 0000 
17-APR-2015 06 48095 3 2 4 58 1 00 00 10 375 20 227 3 0000 4 0000 5 0000 6 000 0 7 00 0 0 8 1 1 0 0 333 10 /// 58 000 6 000 0 7 0000 
17-APR-2015 06 48097 3 2 5 57 2 23 02 10 370 20 227 3 0000 4 0107 5 0000 6 000 0 7 00 0 0 8 1 5 0 6 333 10 /// 59 026 6 000 0 7 0000 
17-APR-2015 06 48099 3 2 5 56 5 13 02 10 350 20 237 3 0000 4 0102 5 0000 6 000 0 7 00 0 0 8 5 8 0 0 333 10 /// 59 020 6 000 0 7 0000 
17-APR-2015 06 48101 3 2 9 60 2 27 01 10 356 20 214 3 0000 4 0000 5 0000 6 000 0 7 02 1 1 8 0 0 0 5 333 10 /// 58 000 6 000 0 7 0000 
17-APR-2015 06 48103 3 2 4 57 4 22 01 10 360 20 235 3 0000 4 0100 5 0000 6 000 0 7 00 0 0 8 4 8 0 0 333 10 /// 59 027 6 000 0 7 0000 
17-APR-2015 06 48107 3 2 3 50 4 23 01 10 350 20 240 3 0000 4 0094 5 0000 6 000 0 7 00 0 0 8 4 9 0 0 333 10 /// 59 019 6 000 0 7 0000 
17-APR-2015 06 48108 3 2 5 96 6 23 02 10 360 20 235 3 0000 4 0113 5 0000 6 000 0 7 00 0 0 8 3 3 6 6 333 10 /// 59 012 6 000 0 7 0000 
17-APR-2015 06 48110 3 1 5 96 4 32 03 10 345 20 261 3 0000 4 0111 5 0000 6 000 0 7 05 2 2 8 2 3 0 6 333 10 /// 59 016 6 000 0 7 0000 
