17-APR-2015 18 48008 2 2 4 10 8 04 01 10 250 20 205 3 0000 4 0055 5 0000 6 000 0 7 00 0 0 8 4 9 7 / 333 10 /// 59 010 6 000 0 7 0000 
17-APR-2015 18 48010 3 2 5 01 3 00 00 10 250 20 219 3 0000 4 0038 5 0000 6 000 0 7 00 0 0 8 2 4 2 0 333 10 /// 59 040 6 000 0 7 0000 
17-APR-2015 18 48018 2 2 5 20 7 32 01 10 280 20 185 3 0000 4 0062 5 0000 6 000 0 7 00 0 0 8 4 8 7 0 333 10 /// 59 006 6 000 0 7 0000 
17-APR-2015 18 48025 3 1 4 05 5 22 01 10 320 20 184 3 0000 4 0087 5 0000 6 000 0 7 05 4 4 8 3 8 4 0 333 10 /// 59 034 6 000 0 7 0000 
17-APR-2015 18 48042 3 2 5 50 5 00 00 10 315 20 230 3 0000 4 0043 5 0000 6 000 0 7 00 0 0 8 3 9 5 0 333 10 /// 59 028 6 000 0 7 0000 
17-APR-2015 18 48053 3 2 5 40 4 00 00 10 300 20 239 3 0000 4 0057 5 0000 6 000 0 7 00 0 0 8 2 5 5 6 333 10 /// 59 019 6 000 0 7 0000 
17-APR-2015 18 48057 3 2 9 29 3 24 02 10 218 20 156 3 0000 4 0000 5 0000 6 000 0 7 00 0 0 8 0 0 3 6 333 10 /// 58 000 6 000 0 7 0000 
17-APR-2015 18 48060 2 2 4 20 3 22 01 10 220 20 173 3 0000 4 0072 5 0000 6 000 0 7 00 0 0 8 2 1 3 0 333 10 /// 58 001 6 000 0 7 0000 
17-APR-2015 18 48062 3 2 4 50 4 00 00 10 290 20 270 3 0000 4 0079 5 0000 6 000 0 7 00 0 0 8 4 8 0 0 333 10 /// 59 045 6 000 0 7 0000 
17-APR-2015 18 48071 3 2 9 20 0 00 00 10 290 20 259 3 0000 4 0096 5 0000 6 000 0 7 00 0 0 8 0 0 0 0 333 10 /// 59 008 6 000 0 7 0000 
17-APR-2015 18 48080 3 2 4 40 5 00 00 10 282 20 233 3 0000 4 0097 5 0000 6 000 0 7 00 0 0 8 3 9 7 0 333 10 /// 59 031 6 000 0 7 0000 
17-APR-2015 18 48094 3 2 9 50 0 00 00 10 270 20 260 3 0000 4 0093 5 0000 6 000 0 7 00 0 0 8 0 0 0 0 333 10 /// 59 024 6 000 0 7 0000 
17-APR-2015 18 48097 3 2 9 56 0 00 00 10 280 20 250 3 0000 4 0104 5 0000 6 000 0 7 00 0 0 8 0 0 0 0 333 10 /// 59 014 6 000 0 7 0000 
17-APR-2015 18 48099 3 2 3 30 2 04 01 10 270 20 226 3 0000 4 0116 5 0000 6 000 0 7 00 0 0 8 2 5 0 0 333 10 /// 58 011 6 000 0 7 0000 
17-APR-2015 18 48103 3 2 4 10 3 00 00 10 283 20 220 3 0000 4 0073 5 0000 6 000 0 7 00 0 0 8 3 5 0 0 333 10 /// 59 019 6 000 0 7 0000 
17-APR-2015 18 48108 3 2 5 96 6 32 01 10 270 20 240 3 0000 4 0115 5 0000 6 000 0 7 00 0 0 8 3 3 6 6 333 10 /// 59 016 6 000 0 7 0000 
17-APR-2015 18 48109 3 2 4 95 2 00 00 10 285 20 248 3 0000 4 0088 5 0000 6 000 0 7 00 0 0 8 2 9 0 0 333 10 /// 59 024 6 000 0 7 0000 
17-APR-2015 18 48110 3 1 5 94 8 13 02 10 280 20 250 3 0000 4 0100 5 0000 6 000 0 7 05 2 2 8 4 3 0 7 333 10 /// 59 024 6 000 0 7 0000 
17-APR-2015 18 48112 3 2 5 97 7 04 02 10 280 20 250 3 0000 4 0088 5 0000 6 000 0 7 00 0 0 8 3 8 7 6 333 10 /// 59 016 6 000 0 7 0000 
