



*-*-*


<!--
.style2 {
	font-family:"Courier New", Courier, monospace;
	font-size: 14px;
}
-->






SIBM20 VBRR 170300

AAXX 17034

48001 21440 80000 10250 20233 40051 70355 8477/ 333

56779 58004=

48004 21110 80401 10250 20250 75065 8597/ 333 56559=

48008 21456 81401 10260 20246 40073 70255 8497/ 333

56459 58006=

48010 32558 71802 10280 20250 40060 84730 333 56440

58008=

48018 21557 72301 10275 20240 40068 70255 84870 333

56450 58002=

48019 32456 80000 10263 20260 40077 85770 333 56450

58002=

48020 32457 70904 10290 20254 84830 333 56440=

48025 32220 71401 10285 20250 40072 84840 333 56450

59008=

48035 32559 82203 10249 20205 40076 8597/ 333 56569

59006=

48037 21558 71801 10280 20250 40073 70255 84870 333

56440 59008=

48042 32558 71804 10280 20233 40082 84870 333 56440

58007=

48045 32450 82210 10210 20160 8635/ 333 56569=

48048 32560 71802 10290 20248 40074 85950 333 56490

59005=

48051 21558 81301 10257 20250 75155 86970 333 56590=

48053 22456 71803 10260 20246 40092 83856 333 56499

59012=

48060 32340 80000 10252 20219 40089 85870 333 56560

58009=

48062 22456 81802 10288 20270 40098 86970 333 56490

59007=

48071 21458 82301 10250 20250 40106 75165 8697/ 333

5699/ 58001=

48075 32456 80000 10240 20209 40111 8637/ 333 5669/

59026=

48077 22558 82302 10280 20250 40092 85970 333 56490

59008=

48078 22550 71801 10262 20246 40122 84571 333 56599

58000=

48080 21458 80401 10251 20233 40111 75065 85970 333

56590 58002=

48085 21357 83601 10258 20250 40113 75165 86720 333

56690 58003=

48095 22558 62202 10285 20268 83840 333 56990=

48108 21596 61403 10280 20250 40132 75065 84377 333

56699 58008=

48109 22497 42301 10285 20259 40120 82931 333 56199

58008=

48110 32596 43201 10305 20260 40128 82306 333 56509

58007=

48112 32598 63201 10317 20260 40128 82216 333 56799

58008=

48030 22357 72205 10192 20175 85840 333 56560=

48072 21458 80000 10260 20260 70355 86970 333 56590=

48087 21450 80000 10276 20268 76355 8597/ 333 5649/=

48099 21440 81301 10262 20246 40121 75055 8697/ 333

5639/ 58004=

48101 22557 80000 10272 20256 8477/ 333 5699/=

48103 21340 82201 10250 20250 40125 75055 8672/ 333 5655/

58009=

48057 22457 82202 10200 20185 86950 333 56690=

48094 22458 52202 10275 20270 40113 83970 333 56590

58004=

48097 22557 62302 10285 20264 40121 84831 333 56999

59001=

48031 22360 80401 10205 20185 888// 333 56490=

48033 32562 61801 10270 20240 40095 86900 333 56400

59001=

48034 21148 80000 10200 20198 75165 8692/ 333 56599=

48039 32459 81401 10275 20233 8496/ 333 56559=

48043 32556 81808 10220 20205 8587/ 333 56599=

48052 32460 51302 10290 20248 85900 333 56900=

48055 22556 72304 10242 20209 40091 84970 333 56590

59013=

48064 21456 73202 10280 20250 40085 84831 333 56449

58009=

48065 21450 70401 10282 20250 8487/ 333 56999=

48074 22357 81801 10250 20233 40124 8677/ 333 56499

58006=

48092 22458 62303 10290 20250 40096 84731 333 56599

59007=

48093 21450 82301 10270 20267 75165 8697/ 333 56599=

48107 22350 61801 10278 20250 40118 84970 333 56550

58009=  





