170600 48001 21440 81301 10265 20256 40045 75055 8692/ 333 56749 58013=
170600 48004 21110 80401 10262 20262 75055 8597/ 333 56599=
170600 48008 32456 81401 10325 20233 40074 8497/ 333 56459 59002=
170600 48010 32560 81802 10320 20265 40046 83830 333 56560 59010=
170600 48018 32556 71401 10305 20209 84870 333 56340 59005=
170600 48019 32456 80000 10288 20250 40074 85770 333 56459 59001=
170600 48020 32458 71303 10315 20266 85830 333 56440=
170600 48025 32456 81401 10312 20254 40077 8587/ 333 56459 59002=
170600 48035 32560 82704 10267 20226 40069 8597/ 333 56569 59012=
170600 48037 32560 71801 10315 20265 40071 83870 333 56440 59025=
170600 48042 32558 81804 10300 20239 40081 8597/ 333 56449 58010=
170600 48045 32560 71810 10218 20173 87600 333 56500=
170600 48048 32560 72203 10305 20237 40080 85950 333 56490 58003=
170600 48051 31458 81301 10272 20260 75022 86970 333 56490=
170600 48053 32456 81804 10300 20239 40097 85950 333 56490 58003=
170600 48060 32340 80000 10268 20226 40069 85970 333 56560 59001=
170600 48062 21456 82302 10265 20260 40106 72055 86920 333 56490 59001=
170600 48071 21458 82303 10275 20275 40112 72052 8597/ 333 5699/ 58010=
170600 48075 21456 80000 10280 20220 40092 75255 8637/ 333 5659/ 59011=
170600 48077 32558 82302 10300 20253 40093 85970 333 56490 59003=
170600 48078 32557 61801 10279 20268 40116 84531 333 56499 59001=
170600 48080 21459 80401 10261 20260 40119 75065 85870 333 56590 58013=
170600 48085 21357 83202 10253 20253 40115 76065 85720 333 56690 58019=
170600 48095 32458 80000 10300 20282 70322 85970 333 56990=
170600 48108 21495 73201 10275 20245 40134 75065 84376 333 56699 58016=
170600 48109 32497 62301 10302 20277 40114 85901 333 56109 59003=
170600 48110 32596 51804 10330 20258 40122 82306 333 56909 58004=
170600 48112 32598 62201 10335 20275 40124 70122 82216 333 56599 58006=
170600 48030 21256 82205 10220 20186 75055 8692/ 333 56569=
170600 48072 21458 81801 10280 20268 75055 86870 333 56590=
170600 48087 21456 82303 10277 20268 75065 8597/ 333 5649/=
170600 48099 21450 82301 10275 20250 40117 75055 8697/ 333 5659/ 58007=
170600 48101 32558 82301 10297 20266 70222 8472/ 333 5699/=
170600 48103 21456 82202 10292 20248 40120 70255 86770 333 56550 58010=
170600 48057 32458 72202 10210 20175 85950 333 56690=
170600 48094 22458 80000 10295 20285 40113 75065 8697/ 333 5659/ 58006=
170600 48097 32557 72301 10295 20240 40117 87300 333 56900 59000=
170600 48031 21260 80901 10230 20198 75055 888// 333 56499=
170600 48033 32563 61801 10280 20250 40083 86900 333 56400 59007=
170600 48034 21248 82302 10202 20200 75055 8692/ 333 56599=
170600 48039 32460 71401 10295 20239 85960 333 56550=
170600 48043 32556 81808 10235 20209 8587/ 333 56599=
170600 48052 32468 51301 10315 20286 85900 333 56900=
170600 48055 32556 70902 10273 20218 40080 84970 333 56590 59003=
170600 48064 32560 73201 10307 20254 40076 84831 333 56449 58007=
170600 48065 32456 82202 10305 20254 85370 333 56490=
170600 48074 32459 80403 10285 20240 40114 8587/ 333 56449 58004=
170600 48092 32458 82302 10298 20253 40094 84376 333 56599 58003=
170600 48093 21456 82301 10282 20268 70355 8697/ 333 56999=
170600 48107 32350 62301 10308 20267 40114 84970 333 56660 58008=  
