17-AUG-2015 00 48008 2 1 4 40 8 00 00 10 256 20 246 3 0000 4 0053 5 0000 6 000 0 7 63 6 6 8 5 9 7 / 333 20 240 58 003 6 005 2 7 0000 
17-AUG-2015 00 48010 3 2 5 40 7 18 02 10 270 20 256 3 0000 4 0047 5 0000 6 000 0 7 00 0 0 8 4 7 3 0 333 20 260 58 000 6 000 2 7 0000 
17-AUG-2015 00 48018 2 1 5 56 8 23 01 10 260 20 215 3 0000 4 0055 5 0000 6 000 0 7 03 6 6 8 4 9 7 / 333 20 240 58 000 6 003 2 7 0000 
17-AUG-2015 00 48019 3 1 4 40 8 00 00 10 263 20 246 3 0000 4 0055 5 0000 6 000 0 7 50 2 2 8 5 7 7 / 333 20 260 58 010 6 000 2 7 0000 
17-AUG-2015 00 48025 3 2 2 20 7 00 00 10 266 20 256 3 0000 4 0058 5 0000 6 000 0 7 00 0 0 8 5 8 7 0 333 20 262 59 002 6 000 2 7 0000 
17-AUG-2015 00 48033 3 2 5 60 7 18 02 10 260 20 246 3 0000 4 0068 5 0000 6 000 0 7 00 0 0 8 5 9 7 0 333 20 250 59 015 6 000 2 7 0000 
17-AUG-2015 00 48035 3 2 5 58 8 00 00 10 231 20 198 3 0000 4 0071 5 0000 6 000 0 7 00 0 0 8 5 9 7 / 333 20 224 59 008 6 000 2 7 0000 
17-AUG-2015 00 48037 3 2 5 50 7 18 01 10 269 20 240 3 0000 4 0058 5 0000 6 000 0 7 00 0 0 8 4 8 7 0 333 20 265 59 001 6 000 2 7 0000 
17-AUG-2015 00 48042 3 2 5 58 7 18 04 10 270 20 240 3 0000 4 0066 5 0000 6 000 0 7 00 0 0 8 4 8 5 0 333 20 260 58 000 6 000 2 7 0000 
17-AUG-2015 00 48048 3 2 5 50 6 18 01 10 267 20 240 3 0000 4 0062 5 0000 6 000 0 7 00 0 0 8 5 9 5 0 333 20 260 59 002 6 000 2 7 0000 
17-AUG-2015 00 48053 2 2 4 50 8 18 02 10 240 20 226 3 0000 4 0093 5 0000 6 000 0 7 00 0 0 8 5 7 7 / 333 20 233 58 004 6 000 2 7 0000 
17-AUG-2015 00 48055 2 2 4 56 7 00 00 10 205 20 202 3 0000 4 0083 5 0000 6 000 0 7 00 0 0 8 5 9 7 0 333 20 200 59 005 6 000 2 7 0000 
17-AUG-2015 00 48060 3 2 3 30 8 00 00 10 228 20 214 3 0000 4 0077 5 0000 6 000 0 7 00 0 0 8 5 8 7 0 333 20 216 58 007 6 000 2 7 0000 
17-AUG-2015 00 48062 2 1 3 56 8 18 02 10 276 20 270 3 0000 4 0078 5 0000 6 000 0 7 20 5 5 8 6 9 2 0 333 20 236 58 000 6 002 2 7 0000 
17-AUG-2015 00 48064 2 2 4 50 7 32 01 10 260 20 248 3 0000 4 0061 5 0000 6 000 0 7 00 0 0 8 4 8 3 1 333 20 225 58 002 6 003 2 7 0000 
17-AUG-2015 00 48071 2 1 3 50 8 00 00 10 245 20 245 3 0000 4 0096 5 0000 6 000 0 7 65 6 6 8 6 9 2 / 333 20 240 58 010 6 087 2 7 0000 
17-AUG-2015 00 48074 2 1 3 56 8 00 00 10 240 20 240 3 0000 4 0112 5 0000 6 000 0 7 02 6 5 8 6 7 2 / 333 20 234 58 007 6 002 2 7 0000 
17-AUG-2015 00 48075 3 2 4 56 6 00 00 10 220 20 205 3 0000 4 0101 5 0000 6 000 0 7 00 0 0 8 4 3 3 0 333 10 /// 59 005 6 000 2 7 0000 
17-AUG-2015 00 48077 2 1 4 56 8 00 00 10 264 20 260 3 0000 4 0085 5 0000 6 000 0 7 02 6 6 8 5 9 7 0 333 20 235 59 004 6 003 2 7 0000 
17-AUG-2015 00 48078 2 1 4 40 7 18 01 10 245 20 237 3 0000 4 0100 5 0000 6 000 0 7 01 6 5 8 5 7 7 / 333 20 235 58 001 6 026 2 7 0000 
17-AUG-2015 00 48080 2 1 4 56 8 04 02 10 240 20 240 3 0000 4 0106 5 0000 6 000 0 7 61 6 6 8 5 7 2 0 333 20 235 58 008 6 041 2 7 0000 
17-AUG-2015 00 48085 2 1 3 56 8 36 03 10 250 20 250 3 0000 4 0097 5 0000 6 000 0 7 01 6 5 8 6 9 2 0 333 20 248 58 001 6 031 2 7 0000 
17-AUG-2015 00 48092 2 1 4 30 8 00 00 10 255 20 246 3 0000 4 0083 5 0000 6 000 0 7 10 2 2 8 5 9 7 / 333 20 245 59 001 6 990 2 7 0000 
17-AUG-2015 00 48094 2 2 4 56 5 00 00 10 255 20 250 3 0000 4 0102 5 0000 6 000 0 7 00 0 0 8 3 9 7 0 333 20 200 58 001 6 000 2 7 0000 
17-AUG-2015 00 48097 2 1 5 57 8 23 02 10 255 20 248 3 0000 4 0115 5 0000 6 000 0 7 03 6 5 8 6 8 5 / 333 20 250 58 003 6 001 2 7 0000 
17-AUG-2015 00 48099 2 1 3 30 8 23 01 10 250 20 250 3 0000 4 0096 5 0000 6 000 0 7 51 6 5 8 6 9 7 / 333 20 230 59 001 6 012 2 7 0000 
17-AUG-2015 00 48103 2 1 3 30 8 14 01 10 244 20 244 3 0000 4 0106 5 0000 6 000 0 7 53 5 5 8 6 7 2 / 333 20 240 58 001 6 024 2 7 0000 
17-AUG-2015 00 48107 2 1 3 30 7 00 00 10 238 20 238 3 0000 4 0113 5 0000 6 000 0 7 01 6 6 8 4 9 7 0 333 20 230 58 010 6 033 2 7 0000 
17-AUG-2015 00 48108 3 2 4 95 7 09 01 10 245 20 236 3 0000 4 0118 5 0000 6 000 0 7 00 0 0 8 4 3 7 6 333 20 230 58 009 6 000 2 7 0000 
17-AUG-2015 00 48110 3 2 5 95 4 00 00 10 255 20 247 3 0000 4 0115 5 0000 6 000 0 7 00 0 0 8 1 3 0 6 333 20 250 58 004 6 000 2 7 0000 
17-AUG-2015 00 48112 3 2 5 97 8 32 01 10 265 20 251 3 0000 4 0116 5 0000 6 000 0 7 00 0 0 8 3 8 7 6 333 20 210 58 010 6 000 2 7 0000 
