171800 48008 31510 30000 10210 20175 40109 71044 82430 333 56390 59017=
171800 48010 32001 00000 10180 20165 40146 333 59018=
171800 48018 32920 00000 10180 20147 40129 333 59021=
171800 48025 32905 02701 10200 20150 40134 333 59021=
171800 48042 32950 00000 10195 20130 40115 333 59007=
171800 48053 32942 00000 10180 20147 40120 333 59004=
171800 48057 32939 00000 10122 20081 333=
171800 48060 32910 00000 10130 20113 40138 333 59001=
171800 48062 31540 23202 10280 20200 40125 71022 82500 333 56900 59012=
171800 48071 31920 03204 10240 20191 40115 71000 333 58000=
171800 48080 32940 00000 10185 20147 40137 333 59004=
171800 48094 32950 00000 10220 20190 40120 333 59003=
171800 48097 32956 02301 10225 20183 40118 333 59020=
171800 48099 32930 00000 10205 20184 40111 333 59011=
171800 48108 32594 50501 10250 20205 40184 82437 333 56999 59001=
171800 48103 32410 20401 10246 20186 40105 82500 333 56100 59004=
171800 48109 32995 00000 10250 20219 40118 333 59002=
171800 48110 32594 33202 10270 20226 40113 81305 333 56909 59004=
171800 48112 32597 80404 10272 20226 40098 83876 333 56199 59002=  
