170900 48004 32560 21302 10281 20146 82800 333 56900=
170900 48008 32557 11401 10282 20115 40106 81400 333 56300 59014=
170900 48010 32560 10000 10300 20166 40104 81100 333 56900 59025=
170900 48018 32560 21401 10290 20140 40108 82800 333 56500 59022=
170900 48019 32960 00401 10283 20158 40104 333 59012=
170900 48025 32456 20401 10296 20098 40104 82800 333 56900 59019=
170900 48030 31256 60402 10171 20074 70544 85950 333 56160=
170900 48031 31260 21401 10200 20085 70500 82800 333 56900=
170900 48033 32963 03601 10320 20140 40081 333 59021=
170900 48034 32457 11802 10253 20024 81500 333 56500=
170900 48035 31550 32704 10267 29019 40072 70500 83800 333 56900 59018=
170900 48037 32960 00000 10316 20140 40085 333 59022=
170900 48039 32959 23201 10310 20092 80002 333 56009=
170900 48042 32558 13601 10310 20124 40093 81100 333 56900 59016=
170900 48043 32657 23206 10240 20066 82200 333 56900=
170900 48045 32569 51805 10220 20087 85800 333 56500=
170900 48048 32962 20901 10315 20163 40102 82800 333 56900 59013=
170900 48051 32559 20402 10330 20150 82300 333 56900=
170900 48052 32470 22201 10340 20164 82200 333 56900=
170900 48053 31550 23603 10320 20163 40088 70511 82500 333 56800 59012=
170900 48055 32556 30904 10273 20113 40085 83800 333 56500 59006=
170900 48057 32458 23202 10232 20127 82800 333 56500=
170900 48060 32450 42201 10275 20130 40063 84800 333 56500 59011=
170900 48062 32960 02708 10300 20210 40110 333 59008=
170900 48064 32970 01401 10328 20244 40071 333 59011=
170900 48065 32970 00403 10322 20184 333=
170900 48071 32960 03203 10280 20203 40106 333 59017=
170900 48072 32960 02705 10290 20215 333=
170900 48074 32960 00403 10335 20125 40086 333 59018=
170900 48075 31558 52201 10280 20100 40072 70522 85800 333 56500 59002=
170900 48077 31958 03601 10348 20113 40082 70500 333 59017=
170900 48078 32959 13202 10326 20098 40090 80001 333 56009 59015=
170900 48080 32960 02205 10313 20225 40084 333 59013=
170900 48085 32958 03204 10290 20215 40097 333 59015=
170900 48087 32960 00401 10338 20145 333=
170900 48092 31958 03201 10340 20125 40067 70500 333 59019=
170900 48093 32958 03201 10330 20126 333=
170900 48094 32460 13201 10340 20170 40090 81100 333 56900 59018=
170900 48095 32960 00000 10325 20184 333=
170900 48097 31957 03304 10340 20125 40092 70500 333 59023=
170900 48099 32560 11301 10348 20143 40086 81500 333 56900 59015=
170900 48101 32960 03602 10320 20163 333=
170900 48103 32957 02201 10347 20143 40084 333 59014=
170900 48107 32950 02302 10314 20189 40086 333 59008=
170900 48108 32596 73205 10345 20213 40088 83837 333 56999 59014=
170900 48109 32997 03601 10302 20226 40111 333 59012=
170900 48110 31596 51804 10340 20248 40090 70522 82336 333 56299 59011=
170900 48112 32597 53601 10330 20244 40080 83876 333 56199 59015=  
