17-FEB-2015 00 48008 3 1 5 50 2 00 00 10 128 20 113 3 0000 4 0146 5 0000 6 000 0 7 10 4 4 8 1 4 3 0 333 20 120 59 001 6 000 0 7 0000 
17-FEB-2015 00 48010 3 2 9 10 0 00 00 10 135 20 135 3 0000 4 0142 5 0000 6 000 0 7 00 0 0 8 0 0 0 0 333 20 135 59 007 6 000 0 7 0000 
17-FEB-2015 00 48018 3 2 9 30 0 00 00 10 140 20 124 3 0000 4 0154 5 0000 6 000 0 7 00 0 0 8 0 0 0 0 333 20 130 58 001 6 000 0 7 0000 
17-FEB-2015 00 48019 3 2 4 40 3 00 00 10 120 20 120 3 0000 4 0134 5 0000 6 000 0 7 00 0 0 8 0 0 2 1 333 20 118 59 012 6 000 0 7 0000 
17-FEB-2015 00 48025 3 1 1 10 2 22 02 10 146 20 134 3 0000 4 0144 5 0000 6 000 0 7 40 4 4 8 2 6 0 0 333 20 140 58 009 6 000 0 7 0000 
17-FEB-2015 00 48030 3 1 9 50 0 22 04 10 038 20 015 3 0000 4 0000 5 0000 6 000 0 7 01 4 4 8 0 0 0 0 333 20 024 58 000 6 000 0 7 0000 
17-FEB-2015 00 48031 3 1 9 50 2 36 02 10 098 20 056 3 0000 4 0000 5 0000 6 000 0 7 05 0 0 8 0 0 0 2 333 20 090 58 000 6 000 0 7 0000 
17-FEB-2015 00 48033 3 2 9 60 0 00 00 10 160 20 144 3 0000 4 0112 5 0000 6 000 0 7 00 0 0 8 0 0 0 0 333 20 150 59 019 6 000 0 7 0000 
17-FEB-2015 00 48034 3 1 9 48 0 00 00 10 062 20 035 3 0000 4 0000 5 0000 6 000 0 7 10 0 0 8 0 0 0 0 333 20 050 58 000 6 000 0 7 0000 
17-FEB-2015 00 48035 3 1 5 20 2 00 00 10 064 20 060 3 0000 4 0168 5 0000 6 000 0 7 10 0 0 8 1 5 0 1 333 20 055 59 004 6 000 0 7 0000 
17-FEB-2015 00 48037 3 2 9 10 0 00 00 10 164 20 123 3 0000 4 0124 5 0000 6 000 0 7 00 0 0 8 0 0 0 0 333 20 155 59 006 6 000 0 7 0000 
17-FEB-2015 00 48039 3 1 4 50 2 27 03 10 165 20 123 3 0000 4 0000 5 0000 6 000 0 7 10 1 1 8 1 4 0 2 333 20 155 58 000 6 000 0 7 0000 
17-FEB-2015 00 48042 3 2 9 56 0 00 00 10 157 20 144 3 0000 4 0125 5 0000 6 000 0 7 00 0 0 8 0 0 0 0 333 20 148 59 003 6 000 0 7 0000 
17-FEB-2015 00 48043 3 2 9 10 0 00 00 10 085 20 068 3 0000 4 0000 5 0000 6 000 0 7 00 0 0 8 0 0 0 0 333 20 050 58 000 6 000 0 7 0000 
17-FEB-2015 00 48048 3 2 5 40 2 04 01 10 130 20 111 3 0000 4 0131 5 0000 6 000 0 7 00 0 0 8 2 8 0 0 333 20 143 59 005 6 000 0 7 0000 
17-FEB-2015 00 48052 3 2 9 50 0 04 01 10 170 20 135 3 0000 4 0000 5 0000 6 000 0 7 00 0 0 8 0 0 0 0 333 20 160 58 000 6 000 0 7 0000 
17-FEB-2015 00 48053 3 2 9 50 0 00 00 10 160 20 144 3 0000 4 0127 5 0000 6 000 0 7 00 0 0 8 0 0 0 0 333 20 150 58 014 6 000 0 7 0000 
17-FEB-2015 00 48055 3 1 9 48 0 00 00 10 070 20 064 3 0000 4 0175 5 0000 6 000 0 7 10 0 0 8 0 0 0 0 333 20 057 59 023 6 000 0 7 0000 
17-FEB-2015 00 48057 3 1 4 39 2 00 00 10 094 20 068 3 0000 4 0000 5 0000 6 000 0 7 10 1 1 8 2 5 0 0 333 20 080 58 000 6 000 0 7 0000 
17-FEB-2015 00 48060 3 1 9 20 0 00 00 10 105 20 096 3 0000 4 0169 5 0000 6 000 0 7 40 4 4 8 0 0 0 0 333 20 095 59 012 6 000 0 7 0000 
17-FEB-2015 00 48062 3 1 4 40 2 00 00 10 170 20 170 3 0000 4 0118 5 0000 6 000 0 7 10 2 2 8 2 5 0 0 333 20 128 59 017 6 000 0 7 0000 
17-FEB-2015 00 48064 3 2 9 50 0 00 00 10 170 20 135 3 0000 4 0104 5 0000 6 000 0 7 00 0 0 8 0 0 0 0 333 20 128 59 006 6 000 0 7 0000 
17-FEB-2015 00 48065 3 2 9 50 0 00 00 10 155 20 134 3 0000 4 0000 5 0000 6 000 0 7 00 0 0 8 0 0 0 0 333 20 145 58 000 6 000 0 7 0000 
17-FEB-2015 00 48071 3 2 9 40 0 05 02 10 210 20 175 3 0000 4 0121 5 0000 6 000 0 7 00 0 0 8 0 0 0 0 333 20 200 59 015 6 000 0 7 0000 
17-FEB-2015 00 48074 3 1 9 50 0 00 00 10 162 20 123 3 0000 4 0135 5 0000 6 000 0 7 10 0 0 8 0 0 0 0 333 20 148 58 001 6 000 0 7 0000 
17-FEB-2015 00 48075 3 1 9 56 0 00 00 10 100 20 100 3 0000 4 0189 5 0000 6 000 0 7 10 2 2 8 0 0 0 0 333 20 095 59 011 6 000 0 7 0000 
17-FEB-2015 00 48077 3 1 9 56 0 04 01 10 200 20 150 3 0000 4 0114 5 0000 6 000 0 7 10 0 0 8 0 0 0 0 333 20 160 59 012 6 000 0 7 0000 
17-FEB-2015 00 48080 3 1 9 50 0 00 00 10 143 20 124 3 0000 4 0124 5 0000 6 000 0 7 10 4 4 8 0 0 0 0 333 20 130 59 011 6 000 0 7 0000 
17-FEB-2015 00 48085 3 1 9 30 0 14 02 10 148 20 145 3 0000 4 0120 5 0000 6 000 0 7 42 4 4 8 0 0 0 0 333 20 145 59 008 6 000 0 7 0000 
17-FEB-2015 00 48087 3 2 9 40 3 00 00 10 140 20 123 3 0000 4 0000 5 0000 6 000 0 7 00 0 0 8 0 0 4 1 333 20 130 58 000 6 000 0 7 0000 
17-FEB-2015 00 48092 3 1 5 10 1 04 01 10 165 20 157 3 0000 4 0097 5 0000 6 000 0 7 00 0 0 8 1 4 0 0 333 20 155 59 011 6 000 0 7 0000 
17-FEB-2015 00 48093 3 2 9 20 0 14 01 10 176 20 155 3 0000 4 0000 5 0000 6 000 0 7 00 0 0 8 0 0 0 0 333 20 172 58 000 6 000 0 7 0000 
17-FEB-2015 00 48094 3 1 9 50 0 00 00 10 200 20 190 3 0000 4 0114 5 0000 6 000 0 7 10 0 0 8 0 0 0 0 333 20 160 59 011 6 000 0 7 0000 
17-FEB-2015 00 48096 3 1 9 30 0 33 04 10 190 20 175 3 0000 4 0116 5 0000 6 000 0 7 10 1 1 8 0 0 0 0 333 20 178 59 015 6 000 0 7 0000 
17-FEB-2015 00 48097 3 1 5 56 2 18 01 10 180 20 180 3 0000 4 0128 5 0000 6 000 0 7 10 1 1 8 2 5 0 0 333 20 170 59 006 6 000 0 7 0000 
17-FEB-2015 00 48099 3 2 9 40 0 00 00 10 163 20 144 3 0000 4 0118 5 0000 6 000 0 7 00 0 0 8 0 0 0 0 333 20 156 59 010 6 000 0 7 0000 
17-FEB-2015 00 48101 3 2 9 30 0 00 00 10 171 20 171 3 0000 4 0000 5 0000 6 000 0 7 42 4 4 8 0 0 0 0 333 20 156 58 000 6 000 0 7 0000 
17-FEB-2015 00 48103 3 2 5 40 2 04 01 10 159 20 144 3 0000 4 0114 5 0000 6 000 0 7 00 0 0 8 2 5 0 0 333 20 142 59 012 6 000 0 7 0000 
17-FEB-2015 00 48107 3 1 9 30 0 09 02 10 178 20 165 3 0000 4 0113 5 0000 6 000 0 7 41 4 4 8 0 0 0 0 333 20 164 59 013 6 000 0 7 0000 
17-FEB-2015 00 48108 3 1 5 93 6 32 01 10 190 20 135 3 0000 4 0120 5 0000 6 000 0 7 40 2 2 8 2 8 5 6 333 20 170 59 008 6 000 0 7 0000 
17-FEB-2015 00 48109 3 2 9 96 0 00 00 10 230 20 214 3 0000 4 0119 5 0000 6 000 0 7 00 0 0 8 0 0 0 0 333 20 202 59 015 6 000 0 7 0000 
17-FEB-2015 00 48110 3 1 5 95 3 13 05 10 225 20 217 3 0000 4 0112 5 0000 6 000 0 7 05 1 1 8 1 4 0 5 333 20 220 59 014 6 000 0 7 0000 
17-FEB-2015 00 48112 3 2 5 97 8 04 02 10 250 20 219 3 0000 4 0104 5 0000 6 000 0 7 00 0 0 8 3 8 7 6 333 20 204 59 016 6 000 0 7 0000 
