17-JAN-2015 06 48001 3 2 5 56 2 32 01 10 165 20 117 3 0000 4 0168 5 0000 6 000 0 7 00 0 0 8 2 2 0 0 333 10 /// 59 002 6 000 0 7 0000 
17-JAN-2015 06 48004 3 2 5 62 3 32 01 10 234 20 124 3 0000 4 0000 5 0000 6 000 0 7 00 0 0 8 3 8 0 0 333 10 /// 58 000 6 000 0 7 0000 
17-JAN-2015 06 48008 3 2 5 58 3 34 02 10 237 20 114 3 0000 4 0162 5 0000 6 000 0 7 00 0 0 8 2 4 3 0 333 10 /// 59 016 6 000 0 7 0000 
17-JAN-2015 06 48010 3 2 5 60 2 00 00 10 250 20 186 3 0000 4 0162 5 0000 6 000 0 7 00 0 0 8 2 8 0 0 333 10 /// 59 014 6 000 0 7 0000 
17-JAN-2015 06 48018 3 2 5 60 6 04 02 10 245 20 167 3 0000 4 0166 5 0000 6 000 0 7 00 0 0 8 6 8 0 0 333 10 /// 59 002 6 000 0 7 0000 
17-JAN-2015 06 48019 3 2 4 58 7 14 01 10 225 20 172 3 0000 4 0154 5 0000 6 000 0 7 00 0 0 8 5 7 7 0 333 10 /// 59 028 6 000 0 7 0000 
17-JAN-2015 06 48020 3 2 2 58 3 36 02 10 240 20 191 3 0000 4 0000 5 0000 6 000 0 7 00 0 0 8 3 7 0 0 333 10 /// 58 000 6 000 0 7 0000 
17-JAN-2015 06 48025 3 2 4 58 5 36 01 10 244 20 155 3 0000 4 0177 5 0000 6 000 0 7 00 0 0 8 4 8 4 0 333 10 /// 59 019 6 000 0 7 0000 
17-JAN-2015 06 48030 3 2 1 50 8 04 02 10 124 20 124 3 0000 4 0000 5 0000 6 000 0 7 00 0 0 8 8 8 0 0 333 10 /// 58 000 6 000 0 7 0000 
17-JAN-2015 06 48031 3 1 / 03 9 18 01 10 126 20 125 3 0000 4 0000 5 0000 6 000 0 7 47 4 4 8 9 / / / 333 10 /// 58 000 6 000 0 7 0000 
17-JAN-2015 06 48033 3 2 5 62 7 36 01 10 210 20 195 3 0000 4 0156 5 0000 6 000 0 7 00 0 0 8 6 9 3 0 333 10 /// 59 010 6 000 0 7 0000 
17-JAN-2015 06 48034 2 1 3 56 8 00 00 10 158 20 145 3 0000 4 0000 5 0000 6 000 0 7 50 5 5 8 6 9 2 / 333 10 /// 58 000 6 000 0 7 0000 
17-JAN-2015 06 48035 3 1 5 60 8 00 00 10 186 20 159 3 0000 4 0158 5 0000 6 000 0 7 05 2 2 8 5 9 7 / 333 10 /// 58 009 6 000 0 7 0000 
17-JAN-2015 06 48037 3 2 5 58 8 36 01 10 212 20 175 3 0000 4 0146 5 0000 6 000 0 7 00 0 0 8 5 3 7 / 333 10 /// 59 027 6 000 0 7 0000 
17-JAN-2015 06 48039 3 2 4 56 8 00 00 10 215 20 195 3 0000 4 0000 5 0000 6 000 0 7 00 0 0 8 8 7 / / 333 10 /// 58 000 6 000 0 7 0000 
17-JAN-2015 06 48042 3 1 5 40 8 32 01 10 220 20 185 3 0000 4 0148 5 0000 6 000 0 7 10 2 2 8 5 9 7 / 333 10 /// 59 026 6 000 0 7 0000 
17-JAN-2015 06 48043 3 2 5 40 8 00 00 10 165 20 165 3 0000 4 0000 5 0000 6 000 0 7 00 0 0 8 6 8 7 / 333 10 /// 58 000 6 000 0 7 0000 
17-JAN-2015 06 48045 3 1 / 05 9 14 02 10 141 20 141 3 0000 4 0000 5 0000 6 000 0 7 45 4 4 8 9 / / / 333 10 /// 58 000 6 000 0 7 0000 
17-JAN-2015 06 48048 2 1 5 58 8 22 01 10 215 20 195 3 0000 4 0161 5 0000 6 000 0 7 21 5 0 8 6 9 7 / 333 10 /// 59 024 6 000 0 7 0000 
17-JAN-2015 06 48051 3 1 4 58 7 36 01 10 231 20 210 3 0000 4 0000 5 0000 6 000 0 7 50 2 2 8 5 9 7 0 333 10 /// 58 000 6 000 0 7 0000 
17-JAN-2015 06 48052 3 2 4 65 7 00 00 10 210 20 210 3 0000 4 0000 5 0000 6 000 0 7 00 0 0 8 5 9 3 0 333 10 /// 58 000 6 000 0 7 0000 
17-JAN-2015 06 48053 3 2 4 40 8 36 01 10 215 20 195 3 0000 4 0157 5 0000 6 000 0 7 00 0 0 8 5 9 7 / 333 10 /// 59 016 6 000 0 7 0000 
17-JAN-2015 06 48055 2 1 2 40 8 00 00 10 170 20 170 3 0000 4 0162 5 0000 6 000 0 7 50 5 5 8 6 9 7 / 333 10 /// 58 003 6 000 0 7 0000 
17-JAN-2015 06 48057 2 1 2 39 8 22 01 10 152 20 152 3 0000 4 0000 5 0000 6 000 0 7 61 6 5 8 6 9 7 0 333 10 /// 58 000 6 000 0 7 0000 
17-JAN-2015 06 48060 3 1 4 20 8 00 00 10 190 20 167 3 0000 4 0169 5 0000 6 000 0 7 50 5 5 8 5 7 7 / 333 10 /// 59 001 6 000 0 7 0000 
17-JAN-2015 06 48062 2 1 3 50 8 09 01 10 215 20 210 3 0000 4 0143 5 0000 6 000 0 7 61 9 6 8 6 9 2 / 333 10 /// 59 009 6 000 0 7 0000 
17-JAN-2015 06 48064 3 2 4 70 6 27 01 10 215 20 200 3 0000 4 0149 5 0000 6 000 0 7 00 0 0 8 4 8 7 0 333 10 /// 59 016 6 000 0 7 0000 
17-JAN-2015 06 48065 2 1 4 65 8 00 00 10 210 20 210 3 0000 4 0000 5 0000 6 000 0 7 00 0 0 8 6 3 7 0 333 10 /// 58 000 6 000 0 7 0000 
17-JAN-2015 06 48071 3 1 4 60 6 13 05 10 260 20 215 3 0000 4 0135 5 0000 6 000 0 7 17 9 2 8 4 9 7 0 333 10 /// 59 011 6 000 0 7 0000 
17-JAN-2015 06 48072 3 2 4 59 7 13 01 10 270 20 240 3 0000 4 0000 5 0000 6 000 0 7 03 2 2 8 5 9 3 0 333 10 /// 58 000 6 000 0 7 0000 
17-JAN-2015 06 48074 3 2 4 58 6 14 02 10 245 20 191 3 0000 4 0150 5 0000 6 000 0 7 00 0 0 8 3 8 6 0 333 10 /// 59 010 6 000 0 7 0000 
17-JAN-2015 06 48075 3 2 5 60 3 00 00 10 235 20 170 3 0000 4 0142 5 0000 6 000 0 7 00 0 0 8 3 2 0 0 333 10 /// 59 008 6 000 0 7 0000 
17-JAN-2015 06 48077 3 2 5 59 6 36 01 10 280 20 184 3 0000 4 0146 5 0000 6 000 0 7 00 0 0 8 5 9 3 0 333 10 /// 59 010 6 000 0 7 0000 
17-JAN-2015 06 48078 2 1 5 57 6 36 04 10 248 20 196 3 0000 4 0153 5 0000 6 000 0 7 01 5 5 8 3 5 5 1 333 10 /// 59 011 6 000 0 7 0000 
17-JAN-2015 06 48080 3 1 4 60 6 27 02 10 272 20 240 3 0000 4 0142 5 0000 6 000 0 7 02 5 5 8 4 8 7 0 333 10 /// 58 022 6 000 0 7 0000 
17-JAN-2015 06 48085 3 2 4 58 7 14 04 10 296 20 207 3 0000 4 0131 5 0000 6 000 0 7 00 0 0 8 5 9 7 0 333 10 /// 59 004 6 000 0 7 0000 
17-JAN-2015 06 48087 3 2 5 58 6 04 02 10 264 20 203 3 0000 4 0000 5 0000 6 000 0 7 00 0 0 8 3 8 4 1 333 10 /// 58 000 6 000 0 7 0000 
17-JAN-2015 06 48092 3 2 4 57 7 04 02 10 290 20 196 3 0000 4 0124 5 0000 6 000 0 7 02 2 2 8 4 8 7 0 333 10 /// 59 002 6 000 0 7 0000 
17-JAN-2015 06 48093 3 2 6 57 8 04 01 10 177 20 203 3 0000 4 0000 5 0000 6 000 0 7 00 0 0 8 5 8 4 1 333 10 /// 58 000 6 000 0 7 0000 
17-JAN-2015 06 48094 3 2 4 59 6 04 02 10 280 20 210 3 0000 4 0144 5 0000 6 000 0 7 03 2 2 8 4 9 4 0 333 10 /// 58 003 6 000 0 7 0000 
17-JAN-2015 06 48095 3 2 5 58 7 04 01 10 260 20 215 3 0000 4 0000 5 0000 6 000 0 7 02 2 2 8 4 8 4 0 333 10 /// 58 000 6 000 0 7 0000 
17-JAN-2015 06 48097 3 2 5 57 7 13 04 10 280 20 203 3 0000 4 0143 5 0000 6 000 0 7 02 2 2 8 5 5 5 0 333 10 /// 59 005 6 000 0 7 0000 
17-JAN-2015 06 48099 3 1 4 40 8 04 06 10 260 20 260 3 0000 4 0148 5 0000 6 000 0 7 01 4 4 8 6 8 3 0 333 10 /// 58 008 6 000 0 7 0000 
17-JAN-2015 06 48101 3 2 6 59 8 00 00 10 275 20 220 3 0000 4 0000 5 0000 6 000 0 7 03 2 2 8 2 7 7 / 333 10 /// 58 000 6 000 0 7 0000 
17-JAN-2015 06 48103 3 2 4 56 6 04 02 10 280 20 146 3 0000 4 0140 5 0000 6 000 0 7 00 0 0 8 4 8 3 0 333 10 /// 58 005 6 000 0 7 0000 
17-JAN-2015 06 48107 3 2 3 50 4 09 01 10 313 20 146 3 0000 4 0131 5 0000 6 000 0 7 00 0 0 8 2 8 5 0 333 10 /// 58 015 6 000 0 7 0000 
17-JAN-2015 06 48108 3 2 5 96 4 05 05 10 305 20 135 3 0000 4 0143 5 0000 6 000 0 7 00 0 0 8 2 4 0 6 333 10 /// 59 005 6 000 0 7 0000 
17-JAN-2015 06 48109 3 2 4 97 5 14 01 10 276 20 220 3 0000 4 0146 5 0000 6 000 0 7 00 0 0 8 4 9 3 0 333 10 /// 58 006 6 000 0 7 0000 
17-JAN-2015 06 48110 3 1 9 96 1 13 04 10 300 20 124 3 0000 4 0145 5 0000 6 000 0 7 05 1 1 8 0 0 0 5 333 10 /// 58 003 6 000 0 7 0000 
17-JAN-2015 06 48112 3 2 5 98 6 04 05 10 297 20 223 3 0000 4 0138 5 0000 6 000 0 7 00 0 0 8 2 2 1 6 333 10 /// 58 010 6 000 0 7 0000 
