171200 48008 32550 20000 10230 20163 40126 81430 333 10265 56500 59017=
171200 48010 32540 30000 10245 20209 40121 82540 333 10293 56440 59022=
171200 48018 32556 70000 10230 20163 40113 84870 333 10262 56590 59022=
171200 48019 32440 72302 10219 20185 40128 85770 333 10248 56560 59015=
171200 48020 31230 70000 10230 20181 70522 87700 333 10288 56500=
171200 48025 32456 51402 10248 20150 40120 83840 333 10272 56550 59036=
171200 48030 21008 82202 10114 20114 70355 85770 333 10130 56560=
171200 48031 21/02 91801 10120 20120 76264 89/// 333 10128 56999=
171200 48033 32562 71301 10230 20181 40134 85906 333 10250 56509 59016=
171200 48034 21356 80000 10158 20148 75055 8692/ 333 10170 5659/=
171200 48035 21430 80000 10163 20160 40141 75065 8597/ 333 10192 56459 58010=
171200 48037 32530 53601 10244 20174 40111 84820 333 10268 56660 59030=
171200 48039 21450 70000 10211 20195 70155 84770 333 10224 56660=
171200 48042 22440 80000 10218 20205 40128 8597/ 333 10225 56569 59019=
171200 48043 32510 81802 10160 20160 8687/ 333 10180 56999=
171200 48045 21/15 70902 10134 20134 74244 87700 333 10145 56500=
171200 48048 22550 62201 10227 20198 40133 85950 333 10230 56490 59016=
171200 48051 32558 80000 10258 20220 84830 333 10262 56590=
171200 48052 32450 80000 10220 20205 85970 333 10220 56990=
171200 48053 22440 60000 10210 20210 40139 8597/ 333 10220 56599 59008=
171200 48055 21356 70000 10185 20177 40127 70455 86930 333 10210 56290 59016=
171200 48057 22439 71401 10164 20144 85950 333 10190 56490=
171200 48060 21410 80000 10180 20165 40161 70222 8577/ 333 10195 5699/ 58013=
171200 48062 22456 71801 10235 20230 40140 85970 333 10260 56990 59008=
171200 48064 32450 80000 10210 20210 40125 84870 333 10223 56550 59010=
171200 48065 22450 80000 10209 20200 84870 333 10220 56990=
171200 48071 21350 83202 10220 20220 40117 76596 8692/ 333 10260 5649/ 59021=
171200 48072 32456 81801 10265 20256 70322 85930 333 10295 56590=
171200 48074 32456 60402 10250 20205 40136 84860 333 10262 56550 58002=
171200 48075 32456 40000 10220 20160 40135 82540 333 10280 56590 59004=
171200 48077 32556 60000 10260 20203 40120 84831 333 10304 56999 59010=
171200 48078 22550 51801 10268 20211 40118 82531 333 10293 56699 59008=
171200 48080 32457 80401 10250 20219 40121 85870 333 10305 56590 58003=
171200 48085 32456 81402 10264 20203 40118 82870 333 10300 56590 58005=
171200 48087 32430 70000 10260 20215 70322 84370 333 10294 56990=
171200 48092 32550 40000 10260 20203 40108 84500 333 10300 56990 58005=
171200 48093 32630 62301 10254 20205 83841 333 10285 56599=
171200 48094 32456 20000 10275 20230 40125 70111 82500 333 10295 56900 58002=
171200 48095 32456 20401 10270 20226 70122 82200 333 10295 56900=
171200 48096 32456 31403 10263 20203 40133 70222 83800 333 10300 56900 58007=
171200 48097 32556 31401 10255 20210 40138 70211 83500 333 10310 56900 59000=
171200 48099 32440 52301 10253 20250 40125 83830 333 10280 56550 58012=
171200 48101 32650 50000 10268 20226 70122 83130 333 10298 56590=
171200 48103 32440 60000 10260 20203 40122 84830 333 10297 56110 58002=
171200 48107 32330 82301 10263 20203 40120 8597/ 333 10324 5655/ 58005=
171200 48108 32595 61401 10270 20163 40124 82466 333 10322 56999 59003=
171200 48109 32496 70401 10274 20240 40126 70322 85970 333 10312 56990 58010=
171200 48110 31995 30000 10275 20167 40136 70511 80005 333 10320 56009 58010=
171200 48112 32597 80403 10275 20211 40124 70322 83876 333 10305 56199 58003=  
