48001 32450 61401 10295 20239 40017 82229 333 56822 59004=
48004 32240 72201 10266 20256 87900 333 56500=
48008 31456 80000 10250 20245 40036 76266 8597/ 333 56559 58018=
48010 21430 80000 10245 20245 40006 75366 887// 333 56899 58001=
48018 21557 83201 10235 20235 40033 76166 8497/ 333 56999 59023=
48019 21458 83201 10245 20240 40022 76166 8577/ 333 56999 58006=
48020 21356 83603 10255 20247 76165 8572/ 333 56499=
48025 21130 82701 10258 20258 40005 70255 8577/ 333 56769 59006=
48035 31460 80000 10241 20240 40018 70266 8597/ 333 56599 58021=
48037 21560 81802 10286 20259 49997 72055 8537/ 333 56549 58003=
48042 32559 72207 10336 20257 49996 85950 333 56440 59003=
48045 31004 90902 10215 20205 74544 89/// 333 56999=
48048 21558 81801 10280 20250 49998 72165 8697/ 333 5649/ 58010=
48051 32559 61302 10310 20270 84930 333 56490=
48053 32456 81805 10300 20239 40014 8695/ 333 56499 58002=
48060 32340 71801 10282 20227 49998 85730 333 56490 58007=
48062 21350 81803 10260 20260 40009 76095 86920 333 56490 58004=
48071 21358 82301 10260 20260 40015 76366 8692/ 333 5659/ 59005=
48075 21456 81802 10252 20233 40044 70265 8677/ 333 5659/ 58031=
48077 21457 80000 10270 20256 40020 76166 85970 333 56490 58009=
48078 21550 71801 10277 20254 40044 70255 8457/ 333 56499 58016=
48080 NIL=
48085 NIL=
48095 NIL=
48108 21495 82308 10275 20262 40073 75055 8537/ 333 5659/ 58002=
48109 32497 62303 10302 20253 40049 70122 86900 333 56900 58014=
48110 21494 81302 10255 20247 40089 70265 8632/ 333 5699/ 58016=
48112 32597 81803 10300 20266 40085 83876 333 56499 58003=
48030 21256 72201 10197 20185 75055 86940 333 56560=
48072 21459 81804 10295 20266 72055 8697/ 333 5659/=
48087 32458 82302 10306 20267 8597/ 333 5649/=
48099 21440 81302 10265 20265 40058 75065 8697/ 333 5639/ 58034=
48101 21458 82701 10270 20256 70265 8597/ 333 5659/=
48103 21456 80402 10273 20256 40054 75055 8772/ 333 5619/ 58011=
48057 21358 81304 10216 20205 75055 86970 333 56490=
48094 21458 82201 10260 20260 40038 72066 8597/ 333 56599 58013=
48097 32557 72402 10210 20282 40056 85331 333 56999 58009=
48031 21/03 91401 10205 20200 74764 89/// 333 56999=
48033 32562 71801 10290 20259 40000 86970 333 56440 59006=
48034 21356 82302 10205 20205 75065 8692/ 333 5659/=
48039 32460 71402 10309 20254 85950 333 56440=
48043 32556 81801 10250 20219 8587/ 333 56599=
48052 32465 61302 10330 20258 85920 333 56390=
48055 32456 72305 10270 20218 40004 85930 333 56440 58023=
48064 32560 71401 10302 20253 49988 84831 333 56449 59002=
48065 32456 81403 10298 20266 86370 333 56590=
48074 21458 82305 10280 20250 40038 70255 8587/ 333 56449 58017=
48092 32457 81802 10300 20260 40026 8597/ 333 5649/ 58009=
48093 NIL=
48107 32350 62701 10292 20259 40064 84970 333 56550 58003=  48045 31004 90902 10215 20205 74544 89/// 333 56999=
48078 21550 71801 10277 20254 40044 70255 8457/ 333 56499 58016=
48052 32465 61302 10330 20258 85920 333 56390=  