17-JUL-2015 09 48001 3 2 5 50 7 14 01 10 320 20 248 3 0000 4 9982 5 0000 6 000 0 7 00 0 0 8 3 2 7 0 333 10 /// 59 019 6 000 0 7 0000 
17-JUL-2015 09 48004 3 2 1 10 8 22 01 10 268 20 256 3 0000 4 0000 5 0000 6 000 0 7 00 0 0 8 6 9 7 / 333 10 /// 58 000 6 000 0 7 0000 
17-JUL-2015 09 48008 3 1 4 56 8 00 00 10 265 20 240 3 0000 4 0023 5 0000 6 000 0 7 50 5 5 8 4 9 7 / 333 10 /// 58 013 6 000 0 7 0000 
17-JUL-2015 09 48010 2 1 4 30 8 00 00 10 248 20 248 3 0000 4 0004 5 0000 6 000 0 7 53 6 6 8 8 7 / / 333 10 /// 58 011 6 000 0 7 0000 
17-JUL-2015 09 48018 2 1 5 57 8 00 00 10 240 20 240 3 0000 4 0009 5 0000 6 000 0 7 01 6 6 8 4 9 7 / 333 10 /// 58 012 6 000 0 7 0000 
17-JUL-2015 09 48019 2 1 4 58 8 32 01 10 244 20 240 3 0000 4 0010 5 0000 6 000 0 7 60 6 6 8 5 7 7 / 333 10 /// 58 004 6 000 0 7 0000 
17-JUL-2015 09 48020 2 1 3 57 7 36 05 10 270 20 240 3 0000 4 0000 5 0000 6 000 0 7 20 6 5 8 5 7 3 0 333 10 /// 58 000 6 000 0 7 0000 
17-JUL-2015 09 48025 2 1 1 30 8 36 02 10 263 20 246 3 0000 4 0003 5 0000 6 000 0 7 20 5 5 8 5 7 7 / 333 10 /// 58 015 6 000 0 7 0000 
17-JUL-2015 09 48030 2 1 / 09 9 22 02 10 217 20 205 3 0000 4 0000 5 0000 6 000 0 7 43 5 5 8 9 / / / 333 10 /// 58 000 6 000 0 7 0000 
17-JUL-2015 09 48031 2 1 / 02 9 18 01 10 200 20 200 3 0000 4 0000 5 0000 6 000 0 7 47 6 4 8 9 / / / 333 10 /// 58 000 6 000 0 7 0000 
17-JUL-2015 09 48033 2 2 5 62 7 18 01 10 300 20 266 3 0000 4 9977 5 0000 6 000 0 7 00 0 0 8 6 9 7 0 333 10 /// 58 010 6 000 0 7 0000 
17-JUL-2015 09 48034 2 1 3 56 8 23 01 10 220 20 220 3 0000 4 0000 5 0000 6 000 0 7 20 5 5 8 6 9 2 / 333 10 /// 58 000 6 000 0 7 0000 
17-JUL-2015 09 48035 3 1 5 60 8 32 02 10 251 20 233 3 0000 4 9992 5 0000 6 000 0 7 02 6 6 8 5 9 7 / 333 10 /// 58 000 6 000 0 7 0000 
17-JUL-2015 09 48037 2 1 4 58 8 36 01 10 260 20 260 3 0000 4 9987 5 0000 6 000 0 7 21 6 6 8 5 3 7 / 333 10 /// 58 018 6 000 0 7 0000 
17-JUL-2015 09 48039 3 2 4 60 7 14 01 10 310 20 254 3 0000 4 0000 5 0000 6 000 0 7 00 0 0 8 5 9 6 0 333 10 /// 58 000 6 000 0 7 0000 
17-JUL-2015 09 48042 3 2 5 59 7 18 08 10 325 20 240 3 0000 4 9979 5 0000 6 000 0 7 00 0 0 8 5 9 5 0 333 10 /// 58 011 6 000 0 7 0000 
17-JUL-2015 09 48043 2 2 5 40 8 18 03 10 225 20 225 3 0000 4 0000 5 0000 6 000 0 7 00 0 0 8 5 8 7 / 333 10 /// 58 000 6 000 0 7 0000 
17-JUL-2015 09 48045 3 1 0 05 9 14 02 10 230 20 214 3 0000 4 0000 5 0000 6 000 0 7 45 4 4 8 9 / / / 333 10 /// 58 000 6 000 0 7 0000 
17-JUL-2015 09 48048 2 2 5 58 7 18 02 10 330 20 258 3 0000 4 9997 5 0000 6 000 0 7 00 0 0 8 6 9 5 0 333 10 /// 58 009 6 000 0 7 0000 
17-JUL-2015 09 48051 3 2 5 59 7 13 03 10 290 20 260 3 0000 4 0000 5 0000 6 000 0 7 03 2 2 8 4 9 3 0 333 10 /// 58 000 6 000 0 7 0000 
17-JUL-2015 09 48052 3 2 4 68 5 22 03 10 355 20 249 3 0000 4 0000 5 0000 6 000 0 7 00 0 0 8 5 9 0 0 333 10 /// 58 000 6 000 0 7 0000 
17-JUL-2015 09 48053 2 1 4 50 8 18 03 10 280 20 250 3 0000 4 9995 5 0000 6 000 0 7 61 6 5 8 6 9 5 / 333 10 /// 58 014 6 000 0 7 0000 
17-JUL-2015 09 48055 2 2 5 57 6 23 08 10 273 20 226 3 0000 4 9976 5 0000 6 000 0 7 02 5 5 8 4 9 3 1 333 10 /// 58 024 6 000 0 7 0000 
17-JUL-2015 09 48057 2 1 4 58 7 23 05 10 233 20 198 3 0000 4 0000 5 0000 6 000 0 7 01 5 5 8 6 9 5 0 333 10 /// 58 000 6 000 0 7 0000 
17-JUL-2015 09 48060 3 2 3 50 6 13 01 10 295 20 219 3 0000 4 9979 5 0000 6 000 0 7 01 2 2 8 5 8 0 2 333 10 /// 59 002 6 000 0 7 0000 
17-JUL-2015 09 48062 2 1 3 56 8 18 05 10 275 20 270 3 0000 4 9997 5 0000 6 000 0 7 03 6 5 8 6 9 7 0 333 10 /// 58 010 6 000 0 7 0000 
17-JUL-2015 09 48064 2 1 4 50 8 36 01 10 294 20 274 3 0000 4 9977 5 0000 6 000 0 7 00 0 0 8 4 8 2 0 333 10 /// 58 008 6 000 0 7 0000 
17-JUL-2015 09 48065 3 1 4 57 8 00 00 10 292 20 274 3 0000 4 0000 5 0000 6 000 0 7 02 2 2 8 6 9 7 0 333 10 /// 58 000 6 000 0 7 0000 
17-JUL-2015 09 48071 2 1 3 58 8 23 03 10 270 20 270 3 0000 4 0005 5 0000 6 000 0 7 21 6 2 8 6 9 2 / 333 10 /// 58 013 6 000 0 7 0000 
17-JUL-2015 09 48072 2 1 4 58 8 27 05 10 260 20 246 3 0000 4 0000 5 0000 6 000 0 7 50 5 5 8 6 3 7 0 333 10 /// 58 000 6 000 0 7 0000 
17-JUL-2015 09 48074 2 1 4 59 7 14 04 10 280 20 268 3 0000 4 0012 5 0000 6 000 0 7 01 6 6 8 4 9 7 0 333 10 /// 58 007 6 000 0 7 0000 
17-JUL-2015 09 48075 2 2 4 57 6 14 01 10 280 20 220 3 0000 4 0017 5 0000 6 000 0 7 00 0 0 8 4 3 6 0 333 10 /// 58 022 6 000 0 7 0000 
17-JUL-2015 09 48077 2 1 4 58 8 23 01 10 290 20 259 3 0000 4 0015 5 0000 6 000 0 7 61 6 6 8 5 9 7 0 333 10 /// 58 012 6 000 0 7 0000 
17-JUL-2015 09 48078 2 1 5 50 7 18 01 10 293 20 262 3 0000 4 0015 5 0000 6 000 0 7 01 5 5 8 4 5 7 1 333 10 /// 58 001 6 000 0 7 0000 
17-JUL-2015 09 48080 2 1 4 57 8 13 06 10 264 20 260 3 0000 4 0014 5 0000 6 000 0 7 51 6 5 8 5 7 7 0 333 10 /// 58 008 6 000 0 7 0000 
17-JUL-2015 09 48085 2 1 4 57 8 18 03 10 284 20 268 3 0000 4 0018 5 0000 6 000 0 7 50 6 5 8 6 9 7 0 333 10 /// 58 016 6 000 0 7 0000 
17-JUL-2015 09 48087 2 1 4 56 8 23 01 10 272 20 256 3 0000 4 0000 5 0000 6 000 0 7 20 6 5 8 5 9 7 / 333 10 /// 58 000 6 000 0 7 0000 
17-JUL-2015 09 48092 3 1 4 57 8 23 02 10 280 20 259 3 0000 4 0012 5 0000 6 000 0 7 50 2 2 8 5 9 7 / 333 10 /// 58 010 6 000 0 7 0000 
17-JUL-2015 09 48093 2 1 4 50 8 23 02 10 255 20 246 3 0000 4 0000 5 0000 6 000 0 7 61 6 6 8 6 9 7 / 333 10 /// 58 000 6 000 0 7 0000 
17-JUL-2015 09 48094 2 1 4 58 8 22 01 10 260 20 255 3 0000 4 0030 5 0000 6 000 0 7 50 6 5 8 6 9 7 0 333 10 /// 58 024 6 000 0 7 0000 
17-JUL-2015 09 48095 2 1 4 58 8 00 00 10 260 20 260 3 0000 4 0000 5 0000 6 000 0 7 21 5 5 8 4 9 7 0 333 10 /// 58 000 6 000 0 7 0000 
17-JUL-2015 09 48097 2 1 5 57 8 24 03 10 270 20 256 3 0000 4 0037 5 0000 6 000 0 7 02 6 5 8 6 3 5 / 333 10 /// 58 015 6 000 0 7 0000 
17-JUL-2015 09 48099 2 1 4 56 6 23 02 10 282 20 250 3 0000 4 0036 5 0000 6 000 0 7 01 5 5 8 4 9 3 0 333 10 /// 58 013 6 000 0 7 0000 
17-JUL-2015 09 48101 2 1 4 58 8 23 02 10 288 20 259 3 0000 4 0000 5 0000 6 000 0 7 02 6 5 8 5 9 7 / 333 10 /// 58 000 6 000 0 7 0000 
17-JUL-2015 09 48103 2 1 4 56 8 04 02 10 286 20 259 3 0000 4 0034 5 0000 6 000 0 7 50 5 5 8 6 7 2 / 333 10 /// 58 008 6 000 0 7 0000 
17-JUL-2015 09 48107 2 1 3 50 6 23 01 10 280 20 268 3 0000 4 0070 5 0000 6 000 0 7 01 6 6 8 4 9 7 0 333 10 /// 58 029 6 000 0 7 0000 
17-JUL-2015 09 48108 2 1 5 95 8 23 05 10 290 20 259 3 0000 4 0057 5 0000 6 000 0 7 20 5 5 8 5 3 7 7 333 10 /// 58 007 6 000 0 7 0000 
17-JUL-2015 09 48110 2 1 4 95 8 13 03 10 280 20 250 3 0000 4 0074 5 0000 6 000 0 7 02 5 5 8 6 3 7 7 333 10 /// 58 014 6 000 0 7 0000 
17-JUL-2015 09 48112 2 1 5 97 8 18 07 10 300 20 253 3 0000 4 0068 5 0000 6 000 0 7 01 5 2 8 3 8 7 6 333 10 /// 58 005 6 000 0 7 0000 
