17-JUL-2015 06 48001 3 2 4 50 6 14 01 10 295 20 239 3 0000 4 0017 5 0000 6 000 0 7 00 0 0 8 2 2 2 9 333 10 /// 59 004 6 000 0 7 0000 
17-JUL-2015 06 48004 3 2 2 40 7 22 01 10 266 20 256 3 0000 4 0000 5 0000 6 000 0 7 00 0 0 8 7 9 0 0 333 10 /// 58 000 6 000 0 7 0000 
17-JUL-2015 06 48008 3 1 4 56 8 00 00 10 250 20 245 3 0000 4 0036 5 0000 6 000 0 7 62 6 6 8 5 9 7 / 333 10 /// 58 018 6 000 0 7 0000 
17-JUL-2015 06 48010 2 1 4 30 8 00 00 10 245 20 245 3 0000 4 0006 5 0000 6 000 0 7 53 6 6 8 8 7 / / 333 10 /// 58 001 6 000 0 7 0000 
17-JUL-2015 06 48018 2 1 5 57 8 32 01 10 235 20 235 3 0000 4 0033 5 0000 6 000 0 7 61 6 6 8 4 9 7 / 333 10 /// 59 023 6 000 0 7 0000 
17-JUL-2015 06 48019 2 1 4 58 8 32 01 10 245 20 240 3 0000 4 0022 5 0000 6 000 0 7 61 6 6 8 5 7 7 / 333 10 /// 58 006 6 000 0 7 0000 
17-JUL-2015 06 48020 2 1 3 56 8 36 03 10 255 20 247 3 0000 4 0000 5 0000 6 000 0 7 61 6 5 8 5 7 2 / 333 10 /// 58 000 6 000 0 7 0000 
17-JUL-2015 06 48025 2 1 1 30 8 27 01 10 258 20 258 3 0000 4 0005 5 0000 6 000 0 7 02 5 5 8 5 7 7 / 333 10 /// 59 006 6 000 0 7 0000 
17-JUL-2015 06 48030 2 1 2 56 7 22 01 10 197 20 185 3 0000 4 0000 5 0000 6 000 0 7 50 5 5 8 6 9 4 0 333 10 /// 58 000 6 000 0 7 0000 
17-JUL-2015 06 48031 2 1 / 03 9 14 01 10 205 20 200 3 0000 4 0000 5 0000 6 000 0 7 47 6 4 8 9 / / / 333 10 /// 58 000 6 000 0 7 0000 
17-JUL-2015 06 48033 3 2 5 62 7 18 01 10 290 20 259 3 0000 4 0000 5 0000 6 000 0 7 00 0 0 8 6 9 7 0 333 10 /// 59 006 6 000 0 7 0000 
17-JUL-2015 06 48034 2 1 3 56 8 23 02 10 205 20 205 3 0000 4 0000 5 0000 6 000 0 7 50 6 5 8 6 9 2 / 333 10 /// 58 000 6 000 0 7 0000 
17-JUL-2015 06 48035 3 1 4 60 8 00 00 10 241 20 240 3 0000 4 0018 5 0000 6 000 0 7 02 6 6 8 5 9 7 / 333 10 /// 58 021 6 000 0 7 0000 
17-JUL-2015 06 48037 2 1 5 60 8 18 02 10 286 20 259 3 0000 4 9997 5 0000 6 000 0 7 20 5 5 8 5 3 7 / 333 10 /// 58 003 6 000 0 7 0000 
17-JUL-2015 06 48039 3 2 4 60 7 14 02 10 309 20 254 3 0000 4 0000 5 0000 6 000 0 7 00 0 0 8 5 9 5 0 333 10 /// 58 000 6 000 0 7 0000 
17-JUL-2015 06 48042 3 2 5 59 7 22 07 10 336 20 257 3 0000 4 9996 5 0000 6 000 0 7 00 0 0 8 5 9 5 0 333 10 /// 59 003 6 000 0 7 0000 
17-JUL-2015 06 48043 3 2 5 56 8 18 01 10 250 20 219 3 0000 4 0000 5 0000 6 000 0 7 00 0 0 8 5 8 7 / 333 10 /// 58 000 6 000 0 7 0000 
17-JUL-2015 06 48045 3 1 0 04 9 09 02 10 215 20 205 3 0000 4 0000 5 0000 6 000 0 7 45 4 4 8 9 / / / 333 10 /// 58 000 6 000 0 7 0000 
17-JUL-2015 06 48048 2 1 5 58 8 18 01 10 280 20 250 3 0000 4 9998 5 0000 6 000 0 7 21 6 5 8 6 9 7 / 333 10 /// 58 010 6 000 0 7 0000 
17-JUL-2015 06 48051 3 2 5 59 6 13 02 10 310 20 270 3 0000 4 0000 5 0000 6 000 0 7 00 0 0 8 4 9 3 0 333 10 /// 58 000 6 000 0 7 0000 
17-JUL-2015 06 48052 3 2 4 65 6 13 02 10 330 20 258 3 0000 4 0000 5 0000 6 000 0 7 00 0 0 8 5 9 2 0 333 10 /// 58 000 6 000 0 7 0000 
17-JUL-2015 06 48053 3 2 4 56 8 18 05 10 300 20 239 3 0000 4 0014 5 0000 6 000 0 7 00 0 0 8 6 9 5 / 333 10 /// 58 002 6 000 0 7 0000 
17-JUL-2015 06 48055 3 2 4 56 7 23 05 10 270 20 218 3 0000 4 0004 5 0000 6 000 0 7 00 0 0 8 5 9 3 0 333 10 /// 58 023 6 000 0 7 0000 
17-JUL-2015 06 48057 2 1 3 58 8 13 04 10 216 20 205 3 0000 4 0000 5 0000 6 000 0 7 50 5 5 8 6 9 7 0 333 10 /// 58 000 6 000 0 7 0000 
17-JUL-2015 06 48060 3 2 3 40 7 18 01 10 282 20 227 3 0000 4 9998 5 0000 6 000 0 7 00 0 0 8 5 7 3 0 333 10 /// 58 007 6 000 0 7 0000 
17-JUL-2015 06 48062 2 1 3 50 8 18 03 10 260 20 260 3 0000 4 0009 5 0000 6 000 0 7 60 9 5 8 6 9 2 0 333 10 /// 58 004 6 000 0 7 0000 
17-JUL-2015 06 48064 3 2 5 60 7 14 01 10 302 20 253 3 0000 4 9988 5 0000 6 000 0 7 00 0 0 8 4 8 3 1 333 10 /// 59 002 6 000 0 7 0000 
17-JUL-2015 06 48065 3 2 4 56 8 14 03 10 298 20 266 3 0000 4 0000 5 0000 6 000 0 7 00 0 0 8 6 3 7 0 333 10 /// 58 000 6 000 0 7 0000 
17-JUL-2015 06 48071 2 1 3 58 8 23 01 10 260 20 260 3 0000 4 0015 5 0000 6 000 0 7 63 6 6 8 6 9 2 / 333 10 /// 59 005 6 000 0 7 0000 
17-JUL-2015 06 48072 2 1 4 59 8 18 04 10 295 20 266 3 0000 4 0000 5 0000 6 000 0 7 20 5 5 8 6 9 7 / 333 10 /// 58 000 6 000 0 7 0000 
17-JUL-2015 06 48074 2 1 4 58 8 23 05 10 280 20 250 3 0000 4 0038 5 0000 6 000 0 7 02 5 5 8 5 8 7 / 333 10 /// 58 017 6 000 0 7 0000 
17-JUL-2015 06 48075 2 1 4 56 8 18 02 10 252 20 233 3 0000 4 0044 5 0000 6 000 0 7 02 6 5 8 6 7 7 / 333 10 /// 58 031 6 000 0 7 0000 
17-JUL-2015 06 48077 2 1 4 57 8 00 00 10 270 20 256 3 0000 4 0020 5 0000 6 000 0 7 61 6 6 8 5 9 7 0 333 10 /// 58 009 6 000 0 7 0000 
17-JUL-2015 06 48078 2 1 5 50 7 18 01 10 277 20 254 3 0000 4 0044 5 0000 6 000 0 7 02 5 5 8 4 5 7 / 333 10 /// 58 016 6 000 0 7 0000 
17-JUL-2015 06 48087 3 2 4 58 8 23 02 10 306 20 267 3 0000 4 0000 5 0000 6 000 0 7 00 0 0 8 5 9 7 / 333 10 /// 58 000 6 000 0 7 0000 
17-JUL-2015 06 48092 3 2 4 57 8 18 02 10 300 20 260 3 0000 4 0026 5 0000 6 000 0 7 00 0 0 8 5 9 7 / 333 10 /// 58 009 6 000 0 7 0000 
17-JUL-2015 06 48094 2 1 4 58 8 22 01 10 260 20 260 3 0000 4 0038 5 0000 6 000 0 7 20 6 6 8 5 9 7 / 333 10 /// 58 013 6 000 0 7 0000 
17-JUL-2015 06 48097 3 2 5 57 7 24 02 10 210 20 282 3 0000 4 0056 5 0000 6 000 0 7 00 0 0 8 5 3 3 1 333 10 /// 58 009 6 000 0 7 0000 
17-JUL-2015 06 48099 2 1 4 40 8 13 02 10 265 20 265 3 0000 4 0058 5 0000 6 000 0 7 50 6 5 8 6 9 7 / 333 10 /// 58 034 6 000 0 7 0000 
17-JUL-2015 06 48101 2 1 4 58 8 27 01 10 270 20 256 3 0000 4 0000 5 0000 6 000 0 7 02 6 5 8 5 9 7 / 333 10 /// 58 000 6 000 0 7 0000 
17-JUL-2015 06 48103 2 1 4 56 8 04 02 10 273 20 256 3 0000 4 0054 5 0000 6 000 0 7 50 5 5 8 7 7 2 / 333 10 /// 58 011 6 000 0 7 0000 
17-JUL-2015 06 48107 3 2 3 50 6 27 01 10 292 20 259 3 0000 4 0064 5 0000 6 000 0 7 00 0 0 8 4 9 7 0 333 10 /// 58 003 6 000 0 7 0000 
17-JUL-2015 06 48108 2 1 4 95 8 23 08 10 275 20 262 3 0000 4 0073 5 0000 6 000 0 7 50 5 5 8 5 3 7 / 333 10 /// 58 002 6 000 0 7 0000 
17-JUL-2015 06 48109 3 2 4 97 6 23 03 10 302 20 253 3 0000 4 0049 5 0000 6 000 0 7 01 2 2 8 6 9 0 0 333 10 /// 58 014 6 000 0 7 0000 
17-JUL-2015 06 48110 2 1 4 94 8 13 02 10 255 20 247 3 0000 4 0089 5 0000 6 000 0 7 02 6 5 8 6 3 2 / 333 10 /// 58 016 6 000 0 7 0000 
17-JUL-2015 06 48112 3 2 5 97 8 18 03 10 300 20 266 3 0000 4 0085 5 0000 6 000 0 7 00 0 0 8 3 8 7 6 333 10 /// 58 003 6 000 0 7 0000 
