170300 48001 21330 80000 10240 20240 40027 75066 8477/ 333 56769 58009=
170300 48008 31440 80000 10240 20235 40034 76366 8497/ 333 56559 58018=
170300 48010 21420 80000 10240 20240 40015 75255 887// 333 56899 58001=
170300 48018 21556 82301 10235 20235 40017 76066 8597/ 333 56459 58011=
170300 48019 21457 83201 10245 20240 40020 75155 8577/ 333 58014=  48004 31110 80401 10251 20233 70265 8697/ 333 56559=
170300 48020 21450 80000 10253 20236 75165 88700 333 56500=
170300 48025 21120 80000 10250 20250 40029 75055 8572/ 333 56899 59002=
170300 48035 31460 83202 10221 20220 40022 70266 8597/ 333 56999 58013=
170300 48037 22458 80901 10260 20260 49997 8582/ 333 56669 59002=
170300 48042 32558 71306 10307 20254 40008 85950 333 56440 58003=
170300 48045 21030 91402 10205 20185 72164 89/// 333 56999=
170300 48048 22558 71802 10290 20248 40007 85950 333 56490 58004=
170300 48051 22559 71302 10290 20270 85970 333 56490=
170300 48053 22450 81805 10280 20233 40022 8555/ 333 56599 59001=
170300 48060 21330 80000 10258 20229 40011 70250 8587/ 333 5669/ 59002=
170300 48062 22456 80902 10280 20270 40098 86970 333 56290 59010=
170300 48071 21458 82301 10268 20268 40015 76266 8597/ 333 5659/ 58000=
170300 48075 21456 81401 10240 20226 40041 72055 8677/ 333 5659/ 58002=
170300 48077 21457 82301 10270 20256 40019 76166 85970 333 56490 59000=
170300 48072 21458 82302 10280 20268 70355 8697/ 333 5699/=
170300 48057 22358 81403 10210 20195 86950 333 56490=
170300 48031 21/05 90401 10190 20190 74744 89/// 333 56999=
170300 48033 22561 71801 10270 20256 40002 86970 333 56590 59008=
170300 48034 21248 82302 10205 20205 75165 8692/ 333 5659/ 48039 21450 81402 10280 20250 75355 887// 333 56559=
170300 48043 32558 81807 10230 20210 8587/ 333 56599=
170300 48052 22460 71301 10294 20248 85930 333 56390=
170300 48055 22456 81802 10240 20218 40023 8597/ 333 5659/ 58016=
170300 48064 32458 70401 10282 20268 49990 84831 333 56449 58010=
170300 48065 22456 81401 10272 20256 85870 333 56990=
170300 48074 22357 81403 10270 20256 40042 8577/ 333 56449 58001=  48078 21550 71801 10268 20256 40044 8457/ 333 56499 58006=
170300 48080 21458 80403 10260 20246 40029 75266 85920 333 56590 59006=
170300 48085 21356 82707 10260 20260 40029 76366 86920 333 56590 58008=
170300 48095 22558 80000 10270 20256 84870 333 56990=
170300 48108 21494 80502 10265 20258 40075 75155 8537/ 333 5649/ 58015=
170300 48109 22497 72303 10290 20259 40045 85970 333 56990 58001=
170300 48110 21494 80000 10250 20250 40089 75165 8632/ 333 5659/ 58019=
170300 48112 22597 81802 10275 20262 40090 83876 333 56499 58006=
170300 48087 22550 80000 10272 20256 8537/ 333 5649/=
170300 48099 21330 81303 10253 20253 40059 76065 8697/ 333 5639/ 59000=
170300 48101 22457 60000 10272 20256 8577/ 333 5699/=
170300 48103 21450 80402 10258 20246 40059 70266 887// 333 561// 58010=
170300 48094 21459 82201 10262 20250 40033 75065 86920 333 56590 58000=
170300 48097 21557 82302 10270 20256 40053 70265 8633/ 333 5699/ 58001=
170300 48092 21457 81801 10270 20256 40027 75055 8697/ 333 5699/ 58006=
170300 48093 21456 82301 10273 20256 75055 8697/ 333 56399=
170300 48107 21330 82301 10262 20262 40066 70165 8597/ 333 5655/ 59001=  
