17-MAR-2015 06 48001 3 2 5 58 1 04 01 10 280 20 146 3 0000 4 0108 5 0000 6 000 0 7 00 0 0 8 1 1 0 0 333 10 /// 59 024 6 000 0 7 0000 
17-MAR-2015 06 48004 3 1 5 58 2 04 01 10 305 20 203 3 0000 4 0000 5 0000 6 000 0 7 05 1 1 8 2 8 0 0 333 10 /// 58 000 6 000 0 7 0000 
17-MAR-2015 06 48008 3 1 5 57 5 14 01 10 298 20 149 3 0000 4 0109 5 0000 6 000 0 7 05 4 4 8 2 4 3 0 333 10 /// 59 026 6 000 0 7 0000 
17-MAR-2015 06 48010 3 2 0 60 0 00 00 10 330 20 212 3 0000 4 0102 5 0000 6 000 0 7 00 0 0 8 0 0 0 0 333 10 /// 59 029 6 000 0 7 0000 
17-MAR-2015 06 48018 3 2 9 60 0 14 02 10 335 20 160 3 0000 4 0100 5 0000 6 000 0 7 00 0 0 8 0 0 0 0 333 10 /// 59 032 6 000 0 7 0000 
17-MAR-2015 06 48019 3 1 9 58 0 36 01 10 320 20 200 3 0000 4 0107 5 0000 6 000 0 7 05 0 0 8 0 0 0 0 333 10 /// 59 026 6 000 0 7 0000 
17-MAR-2015 06 48020 3 1 9 58 0 36 02 10 350 20 219 3 0000 4 0000 5 0000 6 000 0 7 05 0 0 8 0 0 0 0 333 10 /// 58 000 6 000 0 7 0000 
17-MAR-2015 06 48025 3 1 9 30 0 04 01 10 350 20 158 3 0000 4 0112 5 0000 6 000 0 7 05 4 4 8 0 0 0 0 333 10 /// 59 023 6 000 0 7 0000 
17-MAR-2015 06 48030 3 1 9 56 0 22 05 10 228 20 097 3 0000 4 0000 5 0000 6 000 0 7 05 4 4 8 0 0 0 0 333 10 /// 58 000 6 000 0 7 0000 
17-MAR-2015 06 48031 3 1 9 58 0 04 01 10 260 20 039 3 0000 4 0000 5 0000 6 000 0 7 05 0 0 8 0 0 0 0 333 10 /// 58 000 6 000 0 7 0000 
17-MAR-2015 06 48033 3 2 9 63 0 36 01 10 360 20 195 3 0000 4 0093 5 0000 6 000 0 7 00 0 0 8 0 0 0 0 333 10 /// 59 040 6 000 0 7 0000 
17-MAR-2015 06 48034 3 2 9 58 0 23 02 10 307 20 092 3 0000 4 0000 5 0000 6 000 0 7 00 0 0 8 0 0 0 0 333 10 /// 58 000 6 000 0 7 0000 
17-MAR-2015 06 48035 3 1 9 20 0 32 03 10 318 20 089 3 0000 4 0069 5 0000 6 000 0 7 04 0 0 8 0 0 0 0 333 10 /// 59 037 6 000 0 7 0000 
17-MAR-2015 06 48037 3 1 9 56 0 04 01 10 364 20 156 3 0000 4 0094 5 0000 6 000 0 7 05 4 4 8 0 0 0 0 333 10 /// 59 038 6 000 0 7 0000 
17-MAR-2015 06 48039 3 1 9 50 3 14 01 10 345 20 125 3 0000 4 0000 5 0000 6 000 0 7 05 1 1 8 0 0 0 2 333 10 /// 58 000 6 000 0 7 0000 
17-MAR-2015 06 48042 3 1 9 56 0 18 01 10 370 20 171 3 0000 4 0089 5 0000 6 000 0 7 05 0 0 8 0 0 0 0 333 10 /// 59 027 6 000 0 7 0000 
17-MAR-2015 06 48043 3 2 0 59 0 32 05 10 300 20 098 3 0000 4 0000 5 0000 6 000 0 7 00 0 0 8 0 0 0 0 333 10 /// 58 000 6 000 0 7 0000 
17-MAR-2015 06 48045 3 2 9 61 0 14 05 10 300 20 000 3 0000 4 0000 5 0000 6 000 0 7 00 0 0 8 0 0 0 0 333 10 /// 58 000 6 000 0 7 0000 
17-MAR-2015 06 48048 3 2 9 62 0 04 01 10 360 20 158 3 0000 4 0118 5 0000 6 000 0 7 00 0 0 8 0 0 0 0 333 10 /// 59 022 6 000 0 7 0000 
17-MAR-2015 06 48051 3 1 9 59 0 36 04 10 370 20 130 3 0000 4 0000 5 0000 6 000 0 7 05 0 0 8 0 0 0 0 333 10 /// 58 000 6 000 0 7 0000 
17-MAR-2015 06 48052 3 2 9 70 0 04 01 10 372 20 171 3 0000 4 0000 5 0000 6 000 0 7 00 0 0 8 0 0 0 0 333 10 /// 58 000 6 000 0 7 0000 
17-MAR-2015 06 48053 3 1 9 50 0 18 02 10 360 20 235 3 0000 4 0100 5 0000 6 000 0 7 05 0 0 8 0 0 0 0 333 10 /// 59 032 6 000 0 7 0000 
17-MAR-2015 06 48055 3 1 9 56 0 27 08 10 327 20 086 3 0000 4 0069 5 0000 6 000 0 7 05 0 0 8 0 0 0 0 333 10 /// 59 035 6 000 0 7 0000 
17-MAR-2015 06 48057 3 2 9 60 0 23 02 10 290 20 092 3 0000 4 0000 5 0000 6 000 0 7 00 0 0 8 0 0 0 0 333 10 /// 58 000 6 000 0 7 0000 
17-MAR-2015 06 48060 3 1 9 30 0 00 00 10 327 20 126 3 0000 4 0071 5 0000 6 000 0 7 05 0 0 8 0 0 0 0 333 10 /// 59 033 6 000 0 7 0000 
17-MAR-2015 06 48062 3 2 9 56 0 23 05 10 290 20 270 3 0000 4 0115 5 0000 6 000 0 7 00 0 0 8 0 0 0 0 333 10 /// 59 034 6 000 0 7 0000 
17-MAR-2015 06 48064 3 2 9 70 0 14 01 10 362 20 214 3 0000 4 0091 5 0000 6 000 0 7 00 0 0 8 0 0 0 0 333 10 /// 59 033 6 000 0 7 0000 
17-MAR-2015 06 48065 3 2 9 70 0 32 04 10 368 20 125 3 0000 4 0000 5 0000 6 000 0 7 00 0 0 8 0 0 0 0 333 10 /// 58 000 6 000 0 7 0000 
17-MAR-2015 06 48071 3 2 9 60 0 32 03 10 308 20 237 3 0000 4 0118 5 0000 6 000 0 7 00 0 0 8 0 0 0 0 333 10 /// 59 020 6 000 0 7 0000 
17-MAR-2015 06 48072 3 2 9 60 0 27 02 10 330 20 258 3 0000 4 0000 5 0000 6 000 0 7 00 0 0 8 0 0 0 0 333 10 /// 58 000 6 000 0 7 0000 
17-MAR-2015 06 48074 3 2 9 61 0 14 03 10 345 20 240 3 0000 4 0120 5 0000 6 000 0 7 00 0 0 8 0 0 0 0 333 10 /// 59 018 6 000 0 7 0000 
17-MAR-2015 06 48075 3 1 9 57 0 22 01 10 340 20 150 3 0000 4 0082 5 0000 6 000 0 7 05 0 0 8 0 0 0 0 333 10 /// 59 042 6 000 0 7 0000 
17-MAR-2015 06 48077 3 2 9 58 0 23 01 10 370 20 190 3 0000 4 0099 5 0000 6 000 0 7 05 0 0 8 0 0 0 0 333 10 /// 59 031 6 000 0 7 0000 
17-MAR-2015 06 48078 3 2 9 58 1 18 01 10 352 20 237 3 0000 4 0110 5 0000 6 000 0 7 00 0 0 8 0 0 0 1 333 10 /// 59 019 6 000 0 7 0000 
17-MAR-2015 06 48080 3 2 9 61 0 22 07 10 353 20 237 3 0000 4 0102 5 0000 6 000 0 7 00 0 0 8 0 0 0 0 333 10 /// 59 021 6 000 0 7 0000 
17-MAR-2015 06 48085 3 1 9 58 0 27 04 10 318 20 265 3 0000 4 0115 5 0000 6 000 0 7 05 0 0 8 0 0 0 0 333 10 /// 59 019 6 000 0 7 0000 
17-MAR-2015 06 48087 3 2 9 60 0 23 01 10 358 20 249 3 0000 4 0000 5 0000 6 000 0 7 00 0 0 8 0 0 0 0 333 10 /// 58 000 6 000 0 7 0000 
17-MAR-2015 06 48092 3 1 4 57 4 18 03 10 340 20 248 3 0000 4 0101 5 0000 6 000 0 7 05 2 2 8 3 8 1 0 333 10 /// 59 012 6 000 0 7 0000 
17-MAR-2015 06 48093 3 2 9 58 0 14 01 10 338 20 257 3 0000 4 0000 5 0000 6 000 0 7 00 0 0 8 0 0 0 0 333 10 /// 58 000 6 000 0 7 0000 
17-MAR-2015 06 48094 3 1 9 60 0 22 02 10 355 20 245 3 0000 4 0114 5 0000 6 000 0 7 05 0 0 8 0 0 0 0 333 10 /// 59 022 6 000 0 7 0000 
17-MAR-2015 06 48095 3 2 4 58 2 00 00 10 340 20 257 3 0000 4 0000 5 0000 6 000 0 7 00 0 0 8 2 2 0 0 333 10 /// 58 000 6 000 0 7 0000 
17-MAR-2015 06 48097 3 1 5 57 4 23 01 10 340 20 240 3 0000 4 0121 5 0000 6 000 0 7 02 4 4 8 4 5 0 0 333 10 /// 59 017 6 000 0 7 0000 
17-MAR-2015 06 48099 3 1 4 50 5 32 02 10 325 20 236 3 0000 4 0117 5 0000 6 000 0 7 05 1 1 8 5 8 0 0 333 10 /// 59 021 6 000 0 7 0000 
17-MAR-2015 06 48101 3 2 9 60 0 23 02 10 326 20 258 3 0000 4 0000 5 0000 6 000 0 7 00 0 0 8 0 0 0 0 333 10 /// 58 000 6 000 0 7 0000 
17-MAR-2015 06 48103 3 2 4 57 2 22 01 10 338 20 225 3 0000 4 0116 5 0000 6 000 0 7 00 0 0 8 2 5 0 0 333 10 /// 59 021 6 000 0 7 0000 
17-MAR-2015 06 48107 3 2 9 50 0 27 01 10 322 20 215 3 0000 4 0113 5 0000 6 000 0 7 00 0 0 8 0 0 0 0 333 10 /// 59 009 6 000 0 7 0000 
17-MAR-2015 06 48108 3 1 9 96 4 32 06 10 340 20 225 3 0000 4 0126 5 0000 6 000 0 7 02 4 4 8 0 0 0 6 333 10 /// 59 018 6 000 0 7 0000 
17-MAR-2015 06 48109 3 2 9 97 0 04 01 10 316 20 248 3 0000 4 0132 5 0000 6 000 0 7 02 2 2 8 0 0 0 0 333 10 /// 59 020 6 000 0 7 0000 
17-MAR-2015 06 48110 3 2 5 96 2 32 04 10 345 20 231 3 0000 4 0123 5 0000 6 000 0 7 00 0 0 8 1 2 0 5 333 10 /// 59 018 6 000 0 7 0000 
17-MAR-2015 06 48112 3 2 9 58 6 04 01 10 350 20 266 3 0000 4 0122 5 0000 6 000 0 7 00 0 0 8 2 2 1 6 333 10 /// 59 022 6 000 0 7 0000 
