170300 48001 21430 50401 10235 20226 40076 70166 83850 333 56330 59020=
170300 48004 32220 80401 10281 20233 8697/ 333 56559=
170300 48008 32456 70000 10270 20240 40074 84970 333 56459 59008=
170300 48010 21540 60000 10275 20250 40071 70544 84801 333 56505 59020=
170300 48018 21558 83201 10265 20265 40065 75095 8597/ 333 56769 59018=
170300 48019 32458 80402 10294 20248 40062 85770 333 56560 59020=
170300 48020 22357 40000 10305 20254 84700 333 56500=
170300 48025 22430 63201 10304 20223 40067 84840 333 56550 59023=
170300 48035 31530 50000 10272 20211 40060 70544 84960 333 56590 59014=
170300 48037 32556 60402 10317 20248 40049 83830 333 56660 59030=
170300 48042 22556 71802 10303 20239 40063 85950 333 56490 59032=
170300 48045 22556 31406 10249 20150 70444 82201 333 56509=
170300 48048 32560 21802 10332 20258 40058 82800 333 56900 59023=
170300 48051 32559 40402 10338 20240 70322 84800 333 56900=
170300 48053 22450 61803 10290 20248 40072 83956 333 56599 59017=
170300 48060 22440 40000 10296 20207 40058 83830 333 56560 59028=
170300 48062 32558 42703 10320 20280 40075 83930 333 56690 59019=
170300 48071 32458 63201 10320 20265 40082 86900 333 56500 59011=
170300 48075 21456 72201 10250 20230 40081 75055 85770 333 56590 59023=
170300 48077 32559 50000 10320 20236 40069 83901 333 56909 59007=
170300 48078 22557 61802 10295 20242 40091 85501 333 56409 59013=
170300 48080 21459 40402 10265 20240 40083 70296 85970 333 56690 59017=
170300 48085 21357 82206 10290 20259 40083 79596 86920 333 56490 59015=
170300 48095 22458 40000 10310 20267 70222 82202 333 56909=
170300 48108 21595 81402 10290 20259 40107 70295 84976 333 56699 59011=
170300 48109 22497 70401 10275 20250 40095 85970 333 56990 59010=
170300 48110 22596 61303 10305 20267 40105 84306 333 56509 59011=
170300 48112 21597 82201 10293 20259 40110 70152 83876 333 56599 59003=
170300 48030 32256 72205 10197 20150 86940 333 56560=
170300 48072 21458 60000 10270 20256 75055 84970 333 56590=
170300 48087 32560 62301 10324 20248 83870 333 56490=
170300 48099 21340 80000 10280 20250 40090 70255 86970 333 56990 59022=
170300 48101 22458 62302 10310 20265 70122 85320 333 56690=
170300 48103 22457 40401 10318 20248 40087 84800 333 56100 59021=
170300 48057 22458 63202 10230 20198 86300 333 56500=
170300 48094 32459 43202 10335 20250 40081 70322 83901 333 56909 59016=
170300 48097 32557 73102 10320 20236 40098 83806 333 56909 59013=
170300 48031 31259 50402 10228 20163 70544 84830 333 56490=
170300 48033 32562 70901 10300 20253 40057 86930 333 56990 59033=
170300 48034 21256 82302 10220 20200 75065 8692/ 333 5659/=
170300 48039 22459 51401 10309 20254 83802 333 56303=
170300 48043 32656 71804 10240 20226 8587/ 333 56599=
170300 48052 32968 02203 10352 20237 333=
170300 48055 22556 21802 10262 20215 40063 82100 333 56500 59027=
170300 48064 32960 00401 10340 20257 40057 333 59015=
170300 48065 22970 02207 10322 20265 333=
170300 48074 22559 70902 10310 20237 40092 85860 333 56440 59003=
170300 48092 22457 62302 10320 20248 40066 85801 333 56609 59012=
170300 48093 22557 52301 10304 20253 70122 83370 333 56590=
170300 48107 21350 62301 10278 20268 40095 70196 84970 333 56550 59010=  
