48001 32430 80000 10265 20215 40046 8486/ 333 10273 56119 59019=
48004 32460 63202 10309 20237 86900 333 10331 56500=
48008 32556 41401 10316 20248 40019 82970 333 10350 56450 59030=
48010 32540 70000 10330 20258 40012 84730 333 10362 56560 59017=
48018 21556 60401 10295 20239 40009 75055 83874 333 10355 56129 59041 69902=
48019 22456 43602 10268 20246 40021 83360 333 10361 56660 59011 60082=
48020 32350 73602 10345 20237 87700 333 10380 56500=
48025 21450 71402 10336 20240 40011 70365 85870 333 10399 56590 59035 60012=
48030 32556 62202 10226 20163 84970 333 10275 56540=
48031 31258 70402 10230 20143 70544 85830 333 10265 56490=
48033 32562 82301 10350 20240 40018 85976 333 10370 56669 59016=
48034 22456 70402 10255 20210 87300 333 10282 56500 60082=
48035 31556 40000 10301 20207 40009 70500 83860 333 10328 56590 59017=
48037 32550 63601 10323 20215 40028 84330 333 10403 56660 58003=
48039 32460 43202 10338 20257 82802 333 10358 56606=
48042 32558 50000 10352 20266 40007 83952 333 10380 56999 59025=
48043 32030 10000 10260 20229 80030 333 10290 56090=
48045 31450 70401 10249 20167 70444 87800 333 10301 56500=
48048 32550 72201 10385 20224 40005 85950 333 10408 56590 59021=
48051 32559 53602 10323 20250 70122 84830 333 10373 56690=
48052 32450 42203 10390 20198 83801 333 10425 56909=
48053 32450 61802 10330 20275 40013 84956 333 10360 56599 59036=
48055 22556 60000 10227 20219 40036 70196 8484/ 333 10316 56559 59009 60212=
48057 21457 61802 10222 20185 71795 84970 333 10284 56690 69902=
48060 32430 62202 10307 20189 40005 83970 333 10352 56560 59043=
48062 32552 62702 10320 20/// 40043 70322 84970 333 10353 56690 59000=
48064 32550 63601 10365 20249 40002 82301 333 10405 56409 59008=
48065 32450 61404 10363 20264 84831 333 10410 56999=
48071 32456 62305 10325 20275 40053 85830 333 10358 56990 58000=
48072 22458 62303 10310 20267 70122 84830 333 10310 56590 60032=
48074 32457 83601 10302 20239 40051 8497/ 333 10365 56449 58012=
48075 22456 72201 10290 20230 40026 70222 85340 333 10330 56390 59035 69902=
48077 21556 80000 10290 20248 40040 70266 85970 333 10322 56990 58008 60082=
48078 21550 81401 10290 20248 40059 70295 8537/ 333 10352 56599 58007 69902=
48080 32457 81301 10300 20253 40055 85970 333 10345 56690 59006=
48085 21353 82702 10282 20268 40057 70365 86970 333 10313 56690 59002 60252=
48087 32550 62301 10296 20239 83870 333 10364 56990=
48092 32456 82301 10290 20248 40044 84376 333 10380 56999 59001=
48093 22540 82302 10273 20240 70322 85371 333 10334 56999 60012=
48094 21456 82201 10260 20260 40065 79596 86970 333 10343 56690 58000 60272=
48095 NIL=
48097 32556 53102 10290 20248 40073 83806 333 10360 56909 58001=
48099 22450 51801 10294 20230 40062 70222 83930 333 10306 56390 59004 60272=
48101 21450 82701 10260 20260 75096 8597/ 333 10328 5659/ 60192=
48103 22440 52201 10305 20253 40064 83830 333 10343 56550 59006 60082=
48107 22340 72701 10290 20259 40075 85970 333 10327 56550 59007 60182=
48108 21495 72303 10275 20262 40085 75055 84376 333 10325 56659 58002 60092=
48109 22396 82303 10295 20253 40069 70222 8597/ 333 10310 5699/ 59010 60122=
48110 22496 82702 10305 20253 40084 84377 333 10360 56599 59000 69902=
48112 21597 82202 10265 20265 40081 70152 83876 333 10350 56599 59003 60122=  48001 32430 80000 10265 20215 40046 8486/ 333 10273 56119 59019=
48004 32460 63202 10309 20237 86900 333 10331 56500=
48008 32556 41401 10316 20248 40019 82970 333 10350 56450 59030=
48010 32540 70000 10330 20258 40012 84730 333 10362 56560 59017=
48018 21556 60401 10295 20239 40009 75055 83874 333 10355 56129 59041 69902=
48019 22456 43602 10268 20246 40021 83360 333 10361 56660 59011 60082=
48020 32350 73602 10345 20237 87700 333 10380 56500=
48025 21450 71402 10336 20240 40011 70365 85870 333 10399 56590 59035 60012=
48035 31556 40000 10301 20207 40009 70500 83860 333 10328 56590 59017=
48037 32550 63601 10323 20215 40028 84330 333 10403 56660 58003=
48042 32558 50000 10352 20266 40007 83952 333 10380 56999 59025=
48045 31450 70401 10249 20167 70444 87800 333 10301 56500=
48048 32550 72201 10385 20224 40005 85950 333 10408 56590 59021=
48051 32559 53602 10323 20250 70122 84830 333 10373 56690=
48053 32450 61802 10330 20275 40013 84956 333 10360 56599 59036=
48060 32430 62202 10307 20189 40005 83970 333 10352 56560 59043=
48062 32552 62702 10320 20290 40043 70322 84970 333 10353 56690 59000=
48071 32456 62305 10325 20275 40053 85830 333 10358 56990 58000=
48075 22456 72201 10290 20230 40026 70222 85340 333 10330 56390 59035 69902=
48077 21556 80000 10290 20248 40040 70266 85970 333 10322 56990 58008 60082=
48078 21550 81401 10290 20248 40059 70295 8537/ 333 10352 56599 58007 69902=
48080 32457 81301 10300 20253 40055 85970 333 10345 56690 59006=
48085 21353 82702 10282 20268 40057 70365 86970 333 10313 56690 59002 60252=
48095 NIL=
48108 21495 72303 10275 20262 40085 75055 84376 333 10325 56659 58002 60092=
48109 22396 82303 10295 20253 40069 70222 8597/ 333 10310 5699/ 59010 60122=
48110 22496 82702 10305 20253 40084 84377 333 10360 56599 59000 69902=
48112 21597 82202 10265 20265 40081 70152 83876 333 10350 56599 59003 60122=
48030 32556 62202 10226 20163 84970 333 10275 56540=
48072 22458 62303 10310 20267 70122 84830 333 10310 56590 60032=
48087 32550 62301 10296 20239 83870 333 10364 56990=
48099 22450 51801 10294 20230 40062 70222 83930 333 10306 56390 59004 60272=
48101 21450 82701 10260 20260 75096 8597/ 333 10328 5659/ 60192=
48103 22440 52201 10305 20253 40064 83830 333 10343 56550 59006 60082=
48057 21457 61802 10222 20185 71795 84970 333 10284 56690 69902=
48094 21456 82201 10260 20260 40065 79596 86970 333 10343 56690 58000 60272=
48097 32556 53102 10290 20248 40073 83806 333 10360 56909 58001=
48031 31258 70402 10230 20143 70544 85830 333 10265 56490=
48033 32562 82301 10350 20240 40018 85976 333 10370 56669 59016=
48034 22456 70402 10255 20210 87300 333 10282 56500 60082=
48039 32460 43202 10338 20257 82802 333 10358 56606=
48043 32030 10000 10260 20229 80030 333 10290 56090=
48052 32450 42203 10390 20198 83801 333 10425 56909=
48055 22556 60000 10227 20219 40036 70196 8484/ 333 10316 56559 59009 60212=
48064 32550 63601 10365 20249 40002 82301 333 10405 56409 59008=
48065 32450 61404 10363 20264 84831 333 10410 56999=
48074 32457 83601 10302 20239 40051 8497/ 333 10365 56449 58012=
48092 32456 82301 10290 20248 40044 84376 333 10380 56999 59001=
48093 22540 82302 10273 20240 70322 85371 333 10334 56999 60012=
48107 22340 72701 10290 20259 40075 85970 333 10327 56550 59007 60182=  