



*-*-*


<!--
.style2 {
	font-family:"Courier New", Courier, monospace;
	font-size: 14px;
}
-->






SMBM01 VBRR 170600

AAXX 17064

48001 32440 71401 10260 20215 40074 84860 333 56110 59023=

48004 32356 70401 10312 20254 87900 333 56550=

48008 32557 40401 10319 20215 40059 82970 333 56450 59028=

48010 32560 60000 10345 20240 40044 83831 333 56555 59032=

48018 21559 33202 10303 20253 40061 72055 83100 333 56769 59026=

48019 32458 82701 10310 20254 40055 85770 333 56560 59017=

48020 32357 43602 10340 20240 84700 333 56500=

48025 32440 61402 10360 20235 40059 84340 333 56540 59013=

48030 32556 62204 10232 20143 84840 333 56560=

48031 31258 83201 10190 20136 70544 888// 333 56999=

48033 32563 51801 10340 20240 40052 85900 333 56500 59026=

48034 21456 72302 10250 20219 72065 87300 333 56500=

48035 31540 62303 10322 20200 40021 70522 84960 333 56560 59041=

48037 32560 20401 10370 20246 40015 82100 333 56600 58075=

48039 32460 43201 10340 20257 82802 333 56707=

48042 32557 41303 10350 20240 40050 83250 333 56490 59028=

48043 32657 42307 10270 20226 84200 333 56500=

48045 31557 71403 10272 20191 70444 87300 333 56500=

48048 32560 22201 10387 20213 40048 82800 333 56900 59022=

48051 32559 83101 10356 20240 70322 85930 333 56690=

48052 32970 02203 10400 20214 333=

48053 32456 61803 10340 20270 40054 83956 333 56599 59017=

48055 32556 41805 10306 20223 40038 84300 333 56500 59033=

48057 32460 43202 10264 20179 84300 333 56600=

48060 32456 40000 10337 20206 40037 83930 333 56560 59002=

48062 32558 62708 10350 20300 40075 70322 84930 333 56690 59012=

48064 32570 31401 10396 20279 40041 81101 333 56409 59016=

48065 32570 30000 10282 20255 82101 333 56909=

48071 32460 63202 10343 20270 40083 84830 333 56990 59008=

48072 32460 20402 10315 20248 70322 84830 333 56590=

48074 32560 50902 10350 20240 40074 83861 333 56449 59013=

48075 32558 52201 10300 20220 40065 70222 83860 333 56590 59014=

48077 21559 80000 10310 20237 40064 70362 85970 333 56990 59007=

48078 32559 51801 10349 20238 40075 84801 333 56409 59008=

48080 32460 60405 10320 20265 40064 84970 333 56690 59020=

48085 21450 80903 10276 20256 40081 75096 85970 333 56490 59006=

48087 32460 62308 10328 20244 70322 84370 333 56490=

48092 32458 52303 10360 20235 40051 85800 333 56900 59018=

48093 21557 71801 10331 20244 75055 86340 333 56590=

48094 21457 82202 10250 20250 40079 79596 86920 333 56690 59010=

48095 NIL=

48096 32458 61707 10340 20240 40089 70222 86900 333 56900 59015=

48097 32557 72302 10350 20240 40088 85806 333 56909 59012=

48099 21350 71301 10265 20265 40088 70196 85970 333 56330 59010=

48101 21559 70000 10282 20268 75165 84971 333 56999=

48103 21457 72201 10273 20256 40096 75065 84870 333 56550 59006=

48107 21350 62301 10280 20268 40094 70195 84970 333 56550 59002=

48108 32596 72303 10315 20266 40103 83366 333 56659 59005=

48109 NIL=

48110 21596 63203 10330 20275 40101 70299 84306 333 56509 59001=

48112 NIL=  
SMBM01 VBRR 170600 RRA

AAXX 17064

48001 32440 71401 10260 20215 40074 84860 333 56110 59023=

48004 32356 70401 10312 20254 87900 333 56550=

48008 32557 40401 10319 20215 40059 82970 333 56450 59028=

48010 32560 60000 10345 20240 40044 83831 333 56555 59032=

48018 21559 33202 10303 20253 40061 72055 83100 333 56769 59026=

48019 32458 82701 10310 20254 40055 85770 333 56560 59017=

48020 32357 43602 10340 20240 84700 333 56500=

48025 32440 61402 10360 20235 40059 84340 333 56540 59013=

48030 32556 62204 10232 20143 84840 333 56560=

48031 31258 83201 10190 20136 70544 888// 333 56999=

48033 32563 51801 10340 20240 40052 85900 333 56500 59026=

48034 21456 72302 10250 20219 72065 87300 333 56500=

48035 31540 62303 10322 20200 40021 70522 84960 333 56560 59041=

48037 32560 20401 10370 20246 40015 82100 333 56600 58075=

48039 32460 43201 10340 20257 82802 333 56707=

48042 32557 41303 10350 20240 40050 83250 333 56490 59028=

48043 32657 42307 10270 20226 84200 333 56500=

48045 31557 71403 10272 20191 70444 87300 333 56500=

48048 32560 22201 10387 20213 40048 82800 333 56900 59022=

48051 32559 83101 10356 20240 70322 85930 333 56690=

48052 32970 02203 10400 20214 333=

48053 32456 61803 10340 20270 40054 83956 333 56599 59017=

48055 32556 41805 10306 20223 40038 84300 333 56500 59033=

48057 32460 43202 10264 20179 84300 333 56600=

48060 32456 40000 10337 20206 40037 83930 333 56560 59002=

48062 32558 62708 10350 20300 40075 70322 84930 333 56690 59012=

48064 32570 31401 10396 20279 40041 81101 333 56409 59016=

48065 32570 30000 10282 20255 82101 333 56909=

48071 32460 63202 10343 20270 40083 84830 333 56990 59008=

48072 32460 20402 10315 20248 70322 84830 333 56590=

48074 32560 50902 10350 20240 40074 83861 333 56449 59013=

48075 32558 52201 10300 20220 40065 70222 83860 333 56590 59014=

48077 21559 80000 10310 20237 40064 70362 85970 333 56990 59007=

48078 32559 51801 10349 20238 40075 84801 333 56409 59008=

48080 32460 60405 10320 20265 40064 84970 333 56690 59020=

48085 21450 80903 10276 20256 40081 75096 85970 333 56490 59006=

48087 32460 62308 10328 20244 70322 84370 333 56490=

48092 32458 52303 10360 20235 40051 85800 333 56900 59018=

48093 21557 71801 10331 20244 75055 86340 333 56590=

48094 21457 82202 10250 20250 40079 79596 86920 333 56690 59010=

48095 NIL=

48096 32458 61707 10340 20240 40089 70222 86900 333 56900 59015=

48097 32557 72302 10350 20240 40088 85806 333 56909 59012=

48099 21350 71301 10265 20265 40088 70196 85970 333 56330 59010=

48101 21559 70000 10282 20268 75165 84971 333 56999=

48103 21457 72201 10273 20256 40096 75065 84870 333 56550 59006=

48107 21350 62301 10280 20268 40094 70195 84970 333 56550 59002=

48108 32596 72303 10315 20266 40103 83366 333 56659 59005=

48109 NIL=

48110 21596 63203 10330 20275 40101 70299 84306 333 56509 59001=

48112 NIL=  





