17-NOV-2015 12 48001 3 2 4 20 3 00 00 10 212 20 212 3 0000 4 0126 5 0000 6 000 0 7 00 0 0 8 2 4 0 2 333 10 260 58 000 6 000 2 7 0000 
17-NOV-2015 12 48008 3 2 4 50 7 00 00 10 250 20 205 3 0000 4 0107 5 0000 6 000 0 7 00 0 0 8 4 9 7 0 333 10 294 58 002 6 000 2 7 0000 
17-NOV-2015 12 48010 3 2 4 20 8 00 00 10 250 20 219 3 0000 4 0116 5 0000 6 000 0 7 00 0 0 8 4 7 7 / 333 10 295 58 018 6 000 2 7 0000 
17-NOV-2015 12 48018 3 2 5 40 8 00 00 10 253 20 205 3 0000 4 0111 5 0000 6 000 0 7 00 0 0 8 4 8 7 / 333 10 292 58 011 6 000 2 7 0000 
17-NOV-2015 12 48019 3 2 4 40 4 00 00 10 252 20 205 3 0000 4 0108 5 0000 6 000 0 7 00 0 0 8 3 8 3 0 333 10 310 58 010 6 000 2 7 0000 
17-NOV-2015 12 48025 3 2 4 50 7 27 01 10 262 20 215 3 0000 4 0112 5 0000 6 000 0 7 00 0 0 8 5 8 7 0 333 10 287 58 007 6 000 2 7 0000 
17-NOV-2015 12 48033 3 2 5 59 6 00 00 10 270 20 226 3 0000 4 0095 5 0000 6 000 0 7 00 0 0 8 5 9 3 0 333 10 310 58 001 6 000 2 7 0000 
17-NOV-2015 12 48035 3 2 5 10 3 00 00 10 219 20 173 3 0000 4 0110 5 0000 6 000 0 7 00 0 0 8 3 8 0 0 333 10 280 58 017 6 000 2 7 0000 
17-NOV-2015 12 48037 3 2 4 30 8 36 01 10 280 20 203 3 0000 4 0091 5 0000 6 000 0 7 00 0 0 8 5 8 7 / 333 10 323 59 002 6 000 2 7 0000 
17-NOV-2015 12 48042 3 2 5 50 7 00 00 10 285 20 209 3 0000 4 0101 5 0000 6 000 0 7 00 0 0 8 4 8 5 0 333 10 325 58 014 6 000 2 7 0000 
17-NOV-2015 12 48048 3 2 5 50 4 04 01 10 282 20 220 3 0000 4 0096 5 0000 6 000 0 7 00 0 0 8 4 8 0 0 333 10 335 58 008 6 000 2 7 0000 
17-NOV-2015 12 48051 3 2 5 58 5 00 00 10 270 20 220 3 0000 4 0000 5 0000 6 000 0 7 00 0 0 8 4 8 3 0 333 10 306 58 000 6 000 0 7 0000 
17-NOV-2015 12 48053 3 2 5 56 6 36 01 10 280 20 203 3 0000 4 0098 5 0000 6 000 0 7 00 0 0 8 2 5 5 9 333 10 340 58 008 6 000 2 7 0000 
17-NOV-2015 12 48055 3 2 5 56 1 09 03 10 225 20 209 3 0000 4 0106 5 0000 6 000 0 7 00 0 0 8 1 5 0 0 333 10 282 58 011 6 000 2 7 0000 
17-NOV-2015 12 48057 3 2 4 40 2 00 00 10 200 20 150 3 0000 4 0000 5 0000 6 000 0 7 00 0 0 8 2 8 0 0 333 10 250 58 000 6 000 0 7 0000 
17-NOV-2015 12 48060 3 2 4 20 2 00 00 10 234 20 124 3 0000 4 0113 5 0000 6 000 0 7 00 0 0 8 1 1 3 0 333 10 298 58 008 6 000 2 7 0000 
17-NOV-2015 12 48062 3 2 4 50 6 32 02 10 280 20 270 3 0000 4 0104 5 0000 6 000 0 7 00 0 0 8 4 9 7 0 333 10 325 59 001 6 000 0 7 0000 
17-NOV-2015 12 48064 3 2 9 50 0 00 00 10 262 20 215 3 0000 4 0094 5 0000 6 000 0 7 00 0 0 8 0 0 0 0 333 10 321 58 026 6 000 2 7 0000 
17-NOV-2015 12 48071 3 2 4 50 3 32 01 10 270 20 211 3 0000 4 0103 5 0000 6 000 0 7 00 0 0 8 1 2 0 6 333 10 303 58 000 6 000 0 7 0000 
17-NOV-2015 12 48072 3 2 4 56 1 00 00 10 280 20 233 3 0000 4 0000 5 0000 6 000 0 7 00 0 0 8 1 2 0 0 333 10 330 58 000 6 000 0 7 0000 
17-NOV-2015 12 48074 3 2 9 58 0 00 00 10 280 20 233 3 0000 4 0093 5 0000 6 000 0 7 00 0 0 8 0 0 0 0 333 10 340 58 003 6 000 2 7 0000 
17-NOV-2015 12 48075 3 2 4 56 4 00 00 10 250 20 219 3 0000 4 0105 5 0000 6 000 0 7 00 0 0 8 3 8 0 1 333 10 305 59 001 6 000 0 7 0000 
17-NOV-2015 12 48077 3 2 9 56 2 00 00 10 292 20 230 3 0000 4 0091 5 0000 6 000 0 7 00 0 0 8 0 0 0 1 333 10 332 58 002 6 000 0 7 0000 
17-NOV-2015 12 48078 3 2 5 56 2 00 00 10 294 20 243 3 0000 4 0097 5 0000 6 000 0 7 00 0 0 8 1 2 0 1 333 10 345 58 003 6 000 0 7 0000 
17-NOV-2015 12 48080 3 2 4 56 2 00 00 10 305 20 237 3 0000 4 0100 5 0000 6 000 0 7 00 0 0 8 2 5 0 0 333 10 340 58 009 6 000 0 7 0000 
17-NOV-2015 12 48085 3 2 9 56 2 09 01 10 294 20 248 3 0000 4 0094 5 0000 6 000 0 7 00 0 0 8 0 0 0 6 333 10 330 59 004 6 000 0 7 0000 
17-NOV-2015 12 48087 3 2 9 50 2 00 00 10 290 20 259 3 0000 4 0000 5 0000 6 000 0 7 00 0 0 8 0 0 0 1 333 10 350 58 000 6 000 0 7 0000 
17-NOV-2015 12 48092 3 2 5 56 3 00 00 10 300 20 259 3 0000 4 0072 5 0000 6 000 0 7 00 0 0 8 1 4 0 6 333 10 365 59 005 6 000 0 7 0000 
17-NOV-2015 12 48093 3 2 9 40 3 04 02 10 294 20 248 3 0000 4 0000 5 0000 6 000 0 7 00 0 0 8 1 1 0 1 333 10 350 58 000 6 000 0 7 0000 
17-NOV-2015 12 48094 3 2 4 56 3 00 00 10 310 20 250 3 0000 4 0090 5 0000 6 000 0 7 00 0 0 8 2 5 4 0 333 10 355 59 010 6 000 0 7 0000 
17-NOV-2015 12 48095 3 2 9 50 1 00 00 10 290 20 259 3 0000 4 0000 5 0000 6 000 0 7 00 0 0 8 0 0 0 2 333 10 335 58 000 6 000 0 7 0000 
17-NOV-2015 12 48096 3 2 9 57 1 36 04 10 300 20 239 3 0000 4 0098 5 0000 6 000 0 7 00 0 0 8 0 0 4 0 333 10 340 58 001 6 000 0 7 0000 
17-NOV-2015 12 48097 3 2 5 56 4 05 01 10 295 20 250 3 0000 4 0098 5 0000 6 000 0 7 00 0 0 8 4 4 0 0 333 10 348 58 003 6 000 0 7 0000 
17-NOV-2015 12 48099 3 2 3 30 2 00 00 10 306 20 254 3 0000 4 0090 5 0000 6 000 0 7 00 0 0 8 2 8 0 0 333 10 360 58 009 6 000 0 7 0000 
17-NOV-2015 12 48101 3 2 6 50 2 00 00 10 298 20 253 3 0000 4 0000 5 0000 6 000 0 7 00 0 0 8 1 1 0 1 333 10 363 58 000 6 000 0 7 0000 
17-NOV-2015 12 48103 3 2 4 40 3 00 00 10 302 20 253 3 0000 4 0082 5 0000 6 000 0 7 00 0 0 8 3 8 0 0 333 10 364 59 008 6 000 0 7 0000 
17-NOV-2015 12 48107 2 1 3 30 5 13 01 10 295 20 253 3 0000 4 0090 5 0000 6 000 0 7 01 9 5 8 5 9 0 0 333 10 354 59 002 6 000 0 7 0000 
17-NOV-2015 12 48108 2 1 4 94 7 23 02 10 270 20 248 3 0000 4 0097 5 0000 6 000 0 7 95 6 0 8 4 9 7 7 333 10 345 58 002 6 000 0 7 0000 
17-NOV-2015 12 48109 3 2 4 96 2 00 00 10 310 20 282 3 0000 4 0093 5 0000 6 000 0 7 00 0 0 8 1 5 0 1 333 10 344 59 013 6 000 0 7 0000 
17-NOV-2015 12 48110 3 2 5 95 4 00 00 10 300 20 253 3 0000 4 0088 5 0000 6 000 0 7 00 0 0 8 2 3 0 6 333 10 345 59 003 6 000 0 7 0000 
17-NOV-2015 12 48112 3 2 5 97 8 04 02 10 295 20 250 3 0000 4 0085 5 0000 6 000 0 7 00 0 0 8 3 8 7 6 333 10 325 59 007 6 000 0 7 0000 
