48103 32457 30402 10334 20244 40106 70311 83800 333 56100 59008=  48001 32440 60401 10267 20240 40139 83850 333 56770 59010=
48004 32560 40401 10293 20230 84800 333 56500=
48008 32557 30000 10305 20237 40132 82230 333 56650 59011=
48010 32560 30000 10310 20254 40131 82830 333 56550 59010=
48018 32560 61401 10310 20237 40141 83872 333 56556 59012=
48019 32462 13202 10317 20236 40123 81200 333 56700 59013=
48020 32460 33604 10310 20254 82230 333 56550=
48025 32456 50401 10300 20239 40142 82840 333 56650 59012=
48035 32560 22202 10287 20198 40095 82200 333 56900 59016=
48037 32460 42701 10308 20254 40132 83130 333 56220 59002=
48042 32558 33602 10320 20236 40106 83800 333 56800 59018=
48045 32557 62306 10250 20205 86300 333 56500=
48048 32560 40401 10318 20236 40127 84800 333 56800 59013=
48051 32559 23101 10312 20250 70311 82200 333 56800=
48053 32456 53602 10320 20248 40124 84850 333 56890 59004=
48060 32356 20000 10295 20191 40085 82100 333 56400 59031=
48062 32458 50903 10320 20280 40126 70322 84830 333 56890 59008=
48071 32460 13202 10280 20267 40124 81200 333 56900 59012=
48075 32457 30401 10290 20215 40112 83200 333 56500 59013=
48077 32559 30000 10330 20258 40113 82901 333 56909 59014=
48078 32562 33203 10325 20261 40116 82201 333 56809 59012=
48080 32561 11303 10330 20274 40114 81200 333 56300 59012=
48085 32458 23203 10310 20267 40117 82300 333 56300 59011=
48095 32560 20000 10320 20265 70322 82200 333 56900 48096 32559 33303 10330 20267 40113 70322 82800 333 56900 59012=
48108 32596 63205 10340 20257 40106 84306 333 56809 59003=
48109 NIL=
48110 31596 43203 10325 20278 40106 70522 83306 333 56109 59006=
48112 32597 80404 10303 20266 40111 70322 84876 333 56199 58002=
48030 32256 53201 10213 20160 84940 333 56780=
48072 32562 10401 10320 20265 70122 81200 333 56900=
48087 32960 00403 10328 20275 333 56000=
48099 32558 20401 10340 20257 40106 82800 333 56100 59006=
48101 32660 23601 10340 20270 70311 82100 333 56800=
48103 32457 30402 10334 20244 40106 70311 83800 333 56100 59008=
48057 32458 52302 10250 20205 85300 333 56400=
48094 32960 00402 10330 20250 40116 333 59004=
48097 32557 40702 10330 20244 40123 84800 333 56900 59003=
48031 32258 61801 10230 20181 86800 333 56400=
48033 32563 23601 10320 20248 40129 82500 333 56800 59010=
48034 32458 40403 10280 20184 84800 333 56500=
48039 32460 23201 10320 20248 82100 333 56100=
48043 32556 73205 10255 20215 8587/ 333 56599=
48052 32458 23601 10334 20258 82200 333 56900=
48055 32556 30403 10282 20203 40102 83800 333 56400 59007=
48064 32958 21401 10310 20254 40112 80031 333 56039 59006=
48065 32558 12203 10322 20248 81100 333 56900=
48074 32461 33202 10320 20265 40116 83800 333 56900 59013=
48092 32459 33602 10330 20258 40091 83200 333 56900 59011=
48093 32658 30401 10334 20291 83100 333 56300=
48107 32350 21301 10346 20240 40106 82900 333 56400 58001=
48096 NIL=  