170900 48001 32440 50000 10280 20268 40126 83950 333 56550 59007=
170900 48004 32560 40401 10314 20237 84900 333 56500=
170900 48008 32556 60401 10310 20237 40096 83970 333 56330 59011=
170900 48010 32560 30000 10315 20236 40098 83830 333 56500 59011=
170900 48018 21558 72201 10245 20226 40108 79596 8497/ 333 56559 59045=
170900 48019 32462 33202 10338 20257 40096 83300 333 56700 59008=
170900 48020 32460 52703 10310 20254 84830 333 56550=
170900 48025 32458 53601 10318 20246 40102 84840 333 56690 59011=
170900 48035 32560 33203 10309 20189 40065 83800 333 56900 59009=
170900 48037 32460 52101 10324 20248 40096 85300 333 56200 59005=
170900 48042 32559 33602 10335 20242 40085 83800 333 56800 59013=
170900 48045 32557 72302 10241 20191 87300 333 56600=
170900 48048 32560 30401 10332 20258 40094 83800 333 56900 59019=
170900 48051 32560 23101 10332 20260 82200 333 56800=
170900 48053 32456 53602 10330 20244 40093 84850 333 56890 59002=
170900 48060 32356 20000 10314 20202 40043 82100 333 56200 59057=
170900 48110 31596 73604 10330 20258 40085 71722 84956 333 56129 59001=
170900 48030 32256 60402 10217 20173 85940 333 56180=
170900 48031 31258 61805 10205 20168 75055 86800 333 56400=
170900 48033 32563 13601 10320 20248 40096 81500 333 56800 59011=
170900 48034 32458 41802 10292 20179 84800 333 56500=
170900 48039 32460 13201 10332 20244 81100 333 56100=
170900 48043 32557 50000 10250 20219 85800 333 56900=
170900 48052 32460 20000 10350 20266 82200 333 56900=
170900 48055 32557 30403 10302 20207 40068 83800 333 56300 59050=
170900 48064 32560 00000 10320 20265 40081 80001 333 56009 59022=
170900 48065 32957 03201 10342 20257 333=
170900 48074 32461 43203 10340 20257 40085 84300 333 56900 59011=
170900 48092 32459 40000 10340 20257 40065 84300 333 56900 59007=
