170000 48010 32540 10000 10225 20205 40128 81400 333 20215 56900 59012=
170000 48019 32950 00000 10218 20205 40125 333 20214 59016 60002=
170000 48020 32230 80000 10230 20214 886// 333 20210 56899=
170000 48025 31110 52701 10236 20226 40134 74044 84840 333 20230 56650 59014=
170000 48037 32930 00000 10248 20233 40128 333 20244 59006 60002=
170000 48042 32557 20000 10245 20230 40118 81402 333 20230 56909 59014=
170000 48048 32550 20000 10237 20209 40127 82800 333 20230 56900 59009=
170000 48060 32430 30000 10230 20206 40128 70322 83100 333 20220 56200 59043=
170000 48030 31/05 92201 10135 20135 74344 333 20124 60002=
170000 48031 22458 43201 10155 20155 84840 333 20140 56490=
170000 48033 32960 03601 10240 20226 40112 333 20230 59003=
170000 48039 31450 50000 10242 20228 71022 82402 333 20229 56505 60002=
170000 48043 22020 00000 10160 20160 333 20130 60002=
170000 48055 21/06 90000 10163 20161 40162 74544 89/// 333 20154 56/// 58003 60012=
170000 48074 32558 10000 10250 20233 40117 81500 333 20245 56900 59013 60002=  
