170600 48001 32440 63201 10280 20233 40085 84830 333 56320 59007=
170600 48004 32562 30401 10347 20266 83300 333 56500=
170600 48010 32560 21801 10330 20275 40074 82800 333 56500 58010=
170600 48018 32560 30401 10345 20270 40061 82840 333 56110 59006=
170600 48019 32460 10402 10350 20266 40055 81200 333 56400 59004=
170600 48020 32460 23604 10355 20287 82200 333 56400=
170600 48030 31130 80408 10204 20204 70144 8692/ 333 56189=
170600 48031 32260 62201 10245 20205 86800 333 56400=
170600 48034 32456 40402 10298 20210 84800 333 56500=
170600 48037 32462 43601 10345 20257 40058 84100 333 56800 59012=
170600 48039 32460 10401 10339 20270 81100 333 56400=
170600 48042 32558 40402 10362 20249 40036 83802 333 56409 59013=
170600 48043 32559 32305 10270 20226 83200 333 56300=
170600 48045 31350 70907 10241 20209 74044 87800 333 56100=
170600 48048 32560 20401 10340 20267 40048 82800 333 56900 59012=
170600 48051 32560 43602 10326 20280 82931 333 56399=
170600 48052 32470 23601 10354 20266 82200 333 56900=
170600 48053 32556 53601 10350 20266 40039 84901 333 56809 59030=
170600 48055 32556 60905 10281 20212 40048 86900 333 56300 58010=
170600 48057 32460 40903 10257 20203 83301 333 56209=
170600 48060 21340 70000 10270 20226 40094 71555 84970 333 56560 58042=
170600 48062 32458 72303 10320 20290 40052 85932 333 56399 59008=
170600 48064 32960 10401 10336 20288 40025 80001 333 56009 59010=
170600 48071 32458 72303 10310 20267 40051 85970 333 56390 59010=
170600 48072 32460 42704 10310 20267 83830 333 5659=
170600 48074 32561 20402 10335 20257 40044 81150 333 56110 59020=
170600 48075 32457 61403 10300 20237 40068 70322 85340 333 56590 59013=
170600 48077 32559 70000 10320 20265 40040 85931 333 56499 59003=
170600 48078 32560 50402 10323 20286 40042 83831 333 56889 59012=
170600 48080 32461 52201 10324 20281 40041 83830 333 56390 59017=
170600 48085 32458 72703 10308 20266 40048 85906 333 56209 59007=
170600 48087 32560 50402 10322 20281 82841 333 56999=
170600 48092 32458 70902 10330 20258 40026 85970 333 56990 59011=
170600 48093 32558 82301 10302 20266 86341 333 56999=
170600 48095 32458 50000 10315 20282 82802 333 56909=
170600 48096 32458 60406 10320 20248 40041 84930 333 56990 59013=  48078 32560 50402 10323 20286 40042 83831 333 56889 59012=  
170600 48097 32557 62104 10320 20292 40056 83831 333 56499 59019=
170600 48099 32556 62303 10320 20265 40035 84930 333 56590 59027=
170600 48101 32559 72301 10326 20275 84371 333 56299=
170600 48103 32457 40402 10328 20244 40030 83830 333 56110 59013=
170600 48107 32350 42301 10324 20265 40041 84900 333 56600 59023=
170600 48108 32596 72306 10290 20259 40049 84376 333 56599 59014=
170600 48109 21396 82302 10250 20250 40068 75166 8697/ 333 5699/ 59008=
170600 48110 21493 82301 10265 20258 40063 75165 8632/ 333 5669/ 59006=
170600 48112 21496 80405 10245 20245 40076 8677/ 333 5619/ 59004=
