181200 48001 21440 80000 10210 20195 40065 75066 887// 333 10255 56699 59024 60112=
181200 48004 31110 83203 10255 20229 70265 8697/ 333 10310 56559 60092=
181200 48008 32557 70000 10320 20215 40030 84970 333 10330 56880 59030=
181200 48010 21430 73202 10320 20200 40026 72955 85970 333 10363 56770 59019 69902=
181200 48018 31556 73201 10340 20185 40036 71044 84870 333 10365 56550 59013=
181200 48019 32556 33201 10340 20240 40019 80005 333 10370 56006 59026=
181200 48020 32550 63603 10320 20236 84330 333 10380 56550=
181200 48025 31440 53204 10346 20182 40022 70544 84840 333 10410 56550 59018=
181200 48030 32256 72205 10178 20129 86940 333 10217 56560=
181200 48031 21260 33201 10195 20130 70155 83800 333 10270 56400 69902=
181200 48033 32562 30901 10350 20219 40013 83500 333 10400 56100 59015=
181200 48034 22456 31801 10275 20167 83800 333 10301 56500 60012=
181200 48035 21550 60000 10241 20209 40047 84960 333 10295 56590 58023 60042=
181200 48037 21540 73601 10360 20229 40013 72996 8497/ 333 10403 56669 59020 60022=
181200 48039 22459 70401 10300 20253 85950 333 10380 56550 60082=
181200 48042 22558 71301 10322 20248 40020 84850 333 10388 56550 59001 60052=
181200 48043 22020 61806 10250 20186 80032 333 10300 56099 60022=
181200 48045 32556 50904 10244 20114 84340 333 10299 56550=
181200 48048 31550 42202 10350 20202 40026 84800 333 10402 56500 59002=
181200 48051 32559 22703 10332 20210 82800 333 10380 56500=
181200 48052 32450 42208 10350 20202 82801 333 10400 56909=
181200 48053 21450 71802 10280 20268 40034 76166 85952 333 10395 56599 58013 60082=
181200 48055 32556 62306 10306 20169 40018 84331 333 10352 56559 59012=
181200 48057 32457 61402 10244 20136 85301 333 10296 56509=
181200 48060 31430 60000 10313 20189 40026 70544 83832 333 10358 56566 59027=
181200 48062 32556 42707 10320 20250 40065 83830 333 10350 56690 58007=
181200 48064 32550 43201 10360 20235 40022 81531 333 10412 56449 58003=
181200 48065 32450 53203 10360 20195 82141 333 10403 56999=
181200 48071 32456 12703 10318 20265 40074 81200 333 10350 56900 59001=
181200 48072 32457 23202 10320 20265 82300 333 10350 56600=
181200 48074 32456 50000 10360 20214 40054 83951 333 10388 56449 58016=
181200 48075 32456 32201 10310 20190 40057 81105 333 10350 56509 58016=
181200 48077 32556 62306 10360 20195 40037 85901 333 10392 56909 58004=
181200 48078 32550 41401 10368 20252 40047 82802 333 10405 56409 58012=
181200 48080 32458 42203 10320 20243 40073 84970 333 10368 56690 59001=
181200 48085 32456 12704 10312 20254 40067 81800 333 10345 56900 58000=
181200 48087 32950 32302 10336 20184 80041 333 10390 56099=
181200 48092 31556 22302 10350 20237 40035 70511 82500 333 10396 56900 58002=
181200 48093 32950 23201 10316 20236 80001 333 10384 56009=
181200 48094 32456 13302 10330 20250 40070 81500 333 10396 56900 58000=
181200 48095 32556 52202 10345 20257 83640 333 10390 56990=
181200 48097 32556 32302 10330 20234 40073 83800 333 10390 56900 59015=
181200 48099 32450 21802 10322 20215 40060 82900 333 10375 56400 58008=
181200 48101 32756 42701 10322 20236 80015 333 10350 56099=
181200 48103 32540 22201 10319 20236 40072 82800 333 10378 56500 58011=
181200 48107 32930 02701 10310 20225 40080 333 10370 58011=
181200 48108 32596 53201 10320 20248 40093 83306 333 10375 56609 58012=
181200 48109 32496 40000 10327 20275 40078 84900 333 10347 56900 59006=
181200 48110 31596 63203 10320 20265 40077 84306 333 10360 56909 58004=
181200 48004 31110 83203 10255 20229 70265 8697/ 333 10310 56559 60092=
181200 48008 32557 70000 10320 20215 40030 84970 333 10330 56880 59030=
181200 48010 21430 73202 10320 20200 40026 72955 85970 333 10363 56770 59019 69902=
181200 48018 31556 73201 10340 20185 40036 71044 84870 333 10365 56550 59013=
181200 48019 32556 33201 10340 20240 40019 80005 333 10370 56006 59026=
181200 48020 32550 63603 10320 20236 84330 333 10380 56550=
181200 48025 31440 53204 10346 20182 40022 70544 84840 333 10410 56550 59018=
181200 48030 32256 72205 10178 20129 86940 333 10217 56560=
181200 48031 21260 33201 10195 20130 70155 83800 333 10270 56400 69902=
181200 48033 32562 30901 10350 20219 40013 83500 333 10400 56100 59015=
181200 48034 22456 31801 10275 20167 83800 333 10301 56500 60012=
181200 48035 21550 60000 10241 20209 40047 84960 333 10295 56590 58023 60042=
181200 48037 21540 73601 10360 20229 40013 72996 8497/ 333 10403 56669 59020 60022=
181200 48039 22459 70401 10300 20253 85950 333 10380 56550 60082=
181200 48042 22558 71301 10322 20248 40020 84850 333 10388 56550 59001 60052=
181200 48043 22020 61806 10250 20186 80032 333 10300 56099 60022=
181200 48045 32556 50904 10244 20114 84340 333 10299 56550=
181200 48048 31550 42202 10350 20202 40026 84800 333 10402 56500 59002=
181200 48051 32559 22703 10332 20210 82800 333 10380 56500=
181200 48052 32450 42208 10350 20202 82801 333 10400 56909=
181200 48053 21450 71802 10280 20268 40034 76166 85952 333 10395 56599 58013 60082=
181200 48055 32556 62306 10306 20169 40018 84331 333 10352 56559 59012=
181200 48057 32457 61402 10244 20136 85301 333 10296 56509=
181200 48060 31430 60000 10313 20189 40026 70544 83832 333 10358 56566 59027=
181200 48062 32556 42707 10320 20250 40065 83830 333 10350 56690 58007=
181200 48064 32550 43201 10360 20235 40022 81531 333 10412 56449 58003=
181200 48065 32450 53203 10360 20195 82141 333 10403 56999=
181200 48071 32456 12703 10318 20265 40074 81200 333 10350 56900 59001=
181200 48072 32457 23202 10320 20265 82300 333 10350 56600=
181200 48074 32456 50000 10360 20214 40054 83951 333 10388 56449 58016=
181200 48075 32456 32201 10310 20190 40057 81105 333 10350 56509 58016=
181200 48077 32556 62306 10360 20195 40037 85901 333 10392 56909 58004=
181200 48078 32550 41401 10368 20252 40047 82802 333 10405 56409 58012=
181200 48080 32458 42203 10320 20243 40073 84970 333 10368 56690 59001=
181200 48085 32456 12704 10312 20254 40067 81800 333 10345 56900 58000=
181200 48087 32950 32302 10336 20184 80041 333 10390 56099=
181200 48092 31556 22302 10350 20237 40035 70511 82500 333 10396 56900 58002=
181200 48093 32950 23201 10316 20236 80001 333 10384 56009=
181200 48094 32456 13302 10330 20250 40070 81500 333 10396 56900 58000=
181200 48095 32556 52202 10345 20257 83640 333 10390 56990=
181200 48097 32556 32302 10330 20234 40073 83800 333 10390 56900 59015=
181200 48099 32450 21802 10322 20215 40060 82900 333 10375 56400 58008=
181200 48101 32756 42701 10322 20236 80015 333 10350 56099=
181200 48103 32540 22201 10319 20236 40072 82800 333 10378 56500 58011=
181200 48107 32930 02701 10310 20225 40080 333 10370 58011=
181200 48108 32596 53201 10320 20248 40093 83306 333 10375 56609 58012=
181200 48109 32496 40000 10327 20275 40078 84900 333 10347 56900 59006=
181200 48110 31596 63203 10320 20265 40077 84306 333 10360 56909 58004=
