18-APR-2015 06 48004 3 2 3 56 7 32 02 10 299 20 207 3 0000 4 0000 5 0000 6 000 0 7 00 0 0 8 7 9 0 0 333 10 /// 58 000 6 000 0 7 0000 
18-APR-2015 06 48008 3 2 5 56 8 36 01 10 280 20 203 3 0000 4 0085 5 0000 6 000 0 7 00 0 0 8 4 9 7 / 333 10 /// 59 011 6 000 0 7 0000 
18-APR-2015 06 48010 3 2 5 60 5 18 01 10 340 20 206 3 0000 4 0054 5 0000 6 000 0 7 00 0 0 8 2 8 3 1 333 10 /// 59 032 6 000 0 7 0000 
18-APR-2015 06 48018 3 2 5 60 7 22 01 10 332 20 212 3 0000 4 0080 5 0000 6 000 0 7 00 0 0 8 4 8 7 0 333 10 /// 59 021 6 000 0 7 0000 
18-APR-2015 06 48019 3 2 9 60 0 04 01 10 328 20 234 3 0000 4 0068 5 0000 6 000 0 7 00 0 0 8 0 0 0 0 333 10 /// 59 018 6 000 0 7 0000 
18-APR-2015 06 48020 3 2 3 58 5 04 03 10 365 20 254 3 0000 4 0000 5 0000 6 000 0 7 00 0 0 8 3 8 3 0 333 10 /// 58 000 6 000 0 7 0000 
18-APR-2015 06 48025 3 1 4 40 4 04 01 10 380 20 159 3 0000 4 0061 5 0000 6 000 0 7 05 4 4 8 3 8 4 0 333 10 /// 59 040 6 000 0 7 0000 
18-APR-2015 06 48030 3 2 2 56 5 22 05 10 202 20 091 3 0000 4 0000 5 0000 6 000 0 7 00 0 0 8 5 8 0 0 333 10 /// 58 000 6 000 0 7 0000 
18-APR-2015 06 48031 3 1 2 62 3 04 01 10 265 20 119 3 0000 4 0000 5 0000 6 000 0 7 05 4 4 8 2 8 0 2 333 10 /// 58 000 6 000 0 7 0000 
18-APR-2015 06 48033 3 2 5 63 5 18 01 10 360 20 195 3 0000 4 0069 5 0000 6 000 0 7 00 0 0 8 5 9 0 0 333 10 /// 59 019 6 000 0 7 0000 
18-APR-2015 06 48034 3 2 4 56 6 23 02 10 283 20 158 3 0000 4 0000 5 0000 6 000 0 7 00 0 0 8 6 3 0 0 333 10 /// 58 000 6 000 0 7 0000 
18-APR-2015 06 48035 3 1 5 30 8 22 03 10 290 20 179 3 0000 4 0058 5 0000 6 000 0 7 05 2 2 8 5 9 7 / 333 10 /// 58 004 6 000 0 7 0000 
18-APR-2015 06 48037 3 2 5 60 3 14 02 10 378 20 187 3 0000 4 0055 5 0000 6 000 0 7 00 0 0 8 1 1 3 0 333 10 /// 59 024 6 000 0 7 0000 
18-APR-2015 06 48039 3 2 4 60 4 14 01 10 356 20 235 3 0000 4 0000 5 0000 6 000 0 7 00 0 0 8 4 8 0 0 333 10 /// 58 000 6 000 0 7 0000 
18-APR-2015 06 48042 3 2 5 57 3 18 03 10 372 20 207 3 0000 4 0067 5 0000 6 000 0 7 00 0 0 8 2 8 0 2 333 10 /// 59 014 6 000 0 7 0000 
18-APR-2015 06 48043 3 2 7 56 6 18 05 10 275 20 188 3 0000 4 0000 5 0000 6 000 0 7 00 0 0 8 4 2 3 0 333 10 /// 58 000 6 000 0 7 0000 
18-APR-2015 06 48045 3 2 5 61 6 14 04 10 267 20 113 3 0000 4 0000 5 0000 6 000 0 7 00 0 0 8 4 3 6 0 333 10 /// 58 000 6 000 0 7 0000 
18-APR-2015 06 48048 3 2 5 60 6 22 03 10 370 20 207 3 0000 4 0063 5 0000 6 000 0 7 00 0 0 8 4 9 5 0 333 10 /// 59 025 6 000 0 7 0000 
18-APR-2015 06 48051 3 2 5 59 4 32 03 10 356 20 210 3 0000 4 0000 5 0000 6 000 0 7 00 0 0 8 2 3 3 0 333 10 /// 58 000 6 000 0 7 0000 
18-APR-2015 06 48052 3 2 4 70 5 22 04 10 390 20 198 3 0000 4 0000 5 0000 6 000 0 7 00 0 0 8 5 9 0 0 333 10 /// 58 000 6 000 0 7 0000 
18-APR-2015 06 48053 3 2 5 56 5 18 02 10 370 20 274 3 0000 4 0073 5 0000 6 000 0 7 00 0 0 8 2 9 5 6 333 10 /// 59 002 6 000 0 7 0000 
18-APR-2015 06 48055 3 2 5 56 3 23 05 10 337 20 178 3 0000 4 0041 5 0000 6 000 0 7 00 0 0 8 3 8 0 0 333 10 /// 59 003 6 000 0 7 0000 
18-APR-2015 06 48057 3 2 4 60 4 15 02 10 240 20 136 3 0000 4 0000 5 0000 6 000 0 7 00 0 0 8 3 8 0 1 333 10 /// 58 000 6 000 0 7 0000 
18-APR-2015 06 48060 3 2 4 40 2 22 02 10 336 20 145 3 0000 4 0054 5 0000 6 000 0 7 00 0 0 8 1 1 3 0 333 10 /// 58 007 6 000 0 7 0000 
18-APR-2015 06 48062 3 2 5 58 5 27 08 10 340 20 290 3 0000 4 0095 5 0000 6 000 0 7 00 0 0 8 4 8 3 0 333 10 /// 59 013 6 000 0 7 0000 
18-APR-2015 06 48064 3 2 5 70 7 09 01 10 395 20 269 3 0000 4 0061 5 0000 6 000 0 7 00 0 0 8 4 3 3 6 333 10 /// 59 013 6 000 0 7 0000 
18-APR-2015 06 48065 3 2 4 68 6 00 00 10 378 20 203 3 0000 4 0000 5 0000 6 000 0 7 00 0 0 8 4 8 7 0 333 10 /// 58 000 6 000 0 7 0000 
18-APR-2015 06 48071 3 2 4 60 2 32 04 10 330 20 275 3 0000 4 0103 5 0000 6 000 0 7 00 0 0 8 3 3 0 0 333 10 /// 59 006 6 000 0 7 0000 
18-APR-2015 06 48072 3 2 5 60 1 04 04 10 340 20 270 3 0000 4 0000 5 0000 6 000 0 7 00 0 0 8 1 2 0 0 333 10 /// 58 000 6 000 0 7 0000 
18-APR-2015 06 48074 3 1 5 61 2 18 03 10 360 20 214 3 0000 4 0088 5 0000 6 000 0 7 05 0 0 8 1 1 0 1 333 10 /// 59 017 6 000 0 7 0000 
18-APR-2015 06 48075 3 2 5 58 3 22 01 10 330 20 210 3 0000 4 0075 5 0000 6 000 0 7 00 0 0 8 3 3 0 0 333 10 /// 59 005 6 000 0 7 0000 
18-APR-2015 06 48077 3 2 5 59 4 23 02 10 380 20 221 3 0000 4 0083 5 0000 6 000 0 7 00 0 0 8 3 8 0 1 333 10 /// 59 000 6 000 0 7 0000 
18-APR-2015 06 48078 3 2 5 56 2 14 02 10 377 20 205 3 0000 4 0091 5 0000 6 000 0 7 00 0 0 8 1 2 0 1 333 10 /// 59 007 6 000 0 7 0000 
18-APR-2015 06 48080 3 2 4 59 4 22 10 10 351 20 266 3 0000 4 0101 5 0000 6 000 0 7 00 0 0 8 2 3 7 0 333 10 /// 59 006 6 000 0 7 0000 
18-APR-2015 06 48085 3 2 4 58 1 27 04 10 342 20 270 3 0000 4 0101 5 0000 6 000 0 7 00 0 0 8 1 8 0 0 333 10 /// 58 002 6 000 0 7 0000 
18-APR-2015 06 48087 3 2 5 60 4 23 03 10 370 20 227 3 0000 4 0000 5 0000 6 000 0 7 00 0 0 8 4 8 0 0 333 10 /// 58 000 6 000 0 7 0000 
18-APR-2015 06 48092 3 1 4 57 3 23 03 10 360 20 249 3 0000 4 0075 5 0000 6 000 0 7 05 2 2 8 3 8 0 0 333 10 /// 59 001 6 000 0 7 0000 
18-APR-2015 06 48093 3 2 6 58 3 04 01 10 355 20 249 3 0000 4 0000 5 0000 6 000 0 7 00 0 0 8 3 8 0 0 333 10 /// 58 000 6 000 0 7 0000 
18-APR-2015 06 48094 3 2 4 60 2 32 03 10 380 20 260 3 0000 4 0101 5 0000 6 000 0 7 00 0 0 8 2 1 0 0 333 10 /// 59 002 6 000 0 7 0000 
18-APR-2015 06 48095 3 2 4 60 3 04 02 10 380 20 240 3 0000 4 0000 5 0000 6 000 0 7 00 0 0 8 3 8 0 0 333 10 /// 58 000 6 000 0 7 0000 
18-APR-2015 06 48097 3 2 5 57 5 33 02 10 370 20 258 3 0000 4 0111 5 0000 6 000 0 7 00 0 0 8 5 8 0 0 333 10 /// 58 004 6 000 0 7 0000 
18-APR-2015 06 48099 3 2 5 57 3 32 02 10 358 20 235 3 0000 4 0096 5 0000 6 000 0 7 00 0 0 8 3 8 0 0 333 10 /// 59 006 6 000 0 7 0000 
18-APR-2015 06 48101 3 2 5 60 5 32 01 10 348 20 237 3 0000 4 0000 5 0000 6 000 0 7 00 0 0 8 4 3 3 0 333 10 /// 58 000 6 000 0 7 0000 
18-APR-2015 06 48103 3 2 5 56 6 22 02 10 362 20 235 3 0000 4 0102 5 0000 6 000 0 7 00 0 0 8 6 9 0 0 333 10 /// 58 002 6 000 0 7 0000 
18-APR-2015 06 48107 3 2 3 50 6 27 02 10 350 20 240 3 0000 4 0099 5 0000 6 000 0 7 00 0 0 8 6 9 0 0 333 10 /// 58 005 6 000 0 7 0000 
18-APR-2015 06 48108 3 2 5 96 6 32 03 10 370 20 207 3 0000 4 0113 5 0000 6 000 0 7 00 0 0 8 3 3 6 6 333 10 /// 58 001 6 000 0 7 0000 
18-APR-2015 06 48110 3 1 5 96 6 32 02 10 360 20 249 3 0000 4 0108 5 0000 6 000 0 7 05 2 2 8 3 3 0 6 333 10 /// 59 003 6 000 0 7 0000 
18-APR-2015 06 48112 3 2 5 98 6 04 02 10 340 20 257 3 0000 4 0114 5 0000 6 000 0 7 00 0 0 8 2 2 1 6 333 10 /// 58 000 6 000 0 7 0000 
