180900 48001 22440 81303 10270 20240 40029 8497/ 333 56739 58003=
180900 48004 21356 72201 10275 20275 75052 87900 333 56500=
180900 48008 21456 80000 10288 20259 40053 75055 8497/ 333 56459 59000=
180900 48010 32558 61801 10320 20265 40044 85830 333 56550 59003=
180900 48018 32557 82301 10315 20254 40051 8287/ 333 56559 59003=
180900 48019 32457 82301 10310 20267 40053 85770 333 56550 58015=
180900 48020 32460 50903 10340 20288 83840 333 56550=
180900 48025 32456 61401 10340 20270 40042 84840 333 56450 59014=
180900 48035 32560 72203 10281 20220 40048 85960 333 56790 59003=
180900 48037 32560 61802 10351 20240 40035 83831 333 56339 59021=
180900 48042 32559 71805 10332 20244 40049 84850 333 56440 59015=
180900 48045 32556 61810 10248 20167 85330 333 56660=
180900 48048 32560 61803 10345 20236 40075 85950 333 56490 59013=
180900 48051 22559 71301 10298 20250 70222 85930 333 56490=
180900 48053 32456 71803 10300 20253 40069 85950 333 56590 59007=
180900 48060 32330 72702 10280 20203 40041 85830 333 56590 59023=
180900 48062 21450 82306 10260 20260 40091 76065 85920 333 56590 58001=
180900 48071 21458 82302 10258 20258 40090 76266 8692/ 333 5659/ 59003=
180900 48075 21450 80000 10260 20215 40095 70252 8637/ 333 5659/ 58018=
180900 48077 32559 82301 10310 20254 40082 85970 333 56490 59000=
180900 48078 21440 71801 10278 20268 40091 75065 8477/ 333 56499 59014=
180900 48080 21459 82203 10300 20266 40095 70255 85870 333 56590 59004=
180900 48085 21458 83204 10302 20266 40093 75055 85970 333 56690 59004=
180900 48095 21558 80000 10270 20270 76055 85970 333 56990=
180900 48108 32596 53206 10325 20262 40099 83306 333 56609 59004=
180900 48110 32596 73207 10330 20258 40098 82306 333 56909 59006=
180900 48112 32597 82705 10320 20257 40097 70322 83876 333 56699 59005=
180900 48030 21256 82205 10192 20175 75055 8784/ 333 56569=
180900 48072 21458 82701 10280 20268 75065 86970 333 56590=
180900 48087 22458 62301 10310 20267 83371 333 56499=
180900 48099 32457 71301 10305 20253 40095 85930 333 56390 59005=
180900 48101 21457 80000 10262 20262 75165 8592/ 333 5699/=
180900 48103 32457 62202 10318 20248 40092 84730 333 56550 59002=
180900 48057 22458 82201 10213 20195 86950 333 56590=
180900 48094 32458 72202 10315 20270 40093 85970 333 56590 59005=
180900 48097 21557 72203 10290 20282 40108 72055 84350 333 56490 58007=
180900 48031 21258 80401 10230 20181 75055 888// 333 56499=
180900 48033 32563 61801 10330 20258 40045 86900 333 56400 59033=
180900 48034 32456 72302 10245 20214 87300 333 56500=
180900 48039 32460 71401 10315 20248 84960 333 56440=
180900 48043 32556 81808 10250 20219 8587/ 333 56599=
180900 48052 32468 41302 10342 20240 84800 333 56900=
180900 48055 32457 61404 10292 20215 40046 84930 333 56590 59014=
180900 48064 32560 60401 10320 20265 40055 84831 333 56449 59005=
180900 48065 32557 70000 10320 20248 84870 333 56990=
180900 48074 21357 80000 10290 20259 40086 75155 8677/ 333 56499 59004=
180900 48092 21450 82303 10300 20266 40076 75022 8597/ 333 5639/ 59014=
180900 48093 32556 71401 10299 20266 70122 86301 333 56509=
180900 48107 32350 62301 10302 20253 40094 84970 333 56550 59001=  48052 32468 41302 10342 20240 84800 333 56900=  
