18-DEC-2015 09 48001 3 2 4 40 4 04 01 10 190 20 175 3 0000 4 0144 5 0000 6 000 0 7 00 0 0 8 4 2 0 0 333 10 /// 58 004 6 000 0 7 0000 
18-DEC-2015 09 48004 3 2 5 60 4 22 01 10 230 20 163 3 0000 4 0000 5 0000 6 000 0 7 03 1 1 8 4 9 0 0 333 10 /// 58 000 6 000 0 7 0000 
18-DEC-2015 09 48008 3 2 4 57 6 14 01 10 232 20 181 3 0000 4 0135 5 0000 6 000 0 7 00 0 0 8 3 9 7 0 333 10 /// 58 007 6 000 0 7 0000 
18-DEC-2015 09 48010 3 2 5 60 4 00 00 10 235 20 155 3 0000 4 0000 5 0000 6 000 0 7 00 0 0 8 2 8 3 0 333 10 /// 59 007 6 000 0 7 0000 
18-DEC-2015 09 48018 3 2 5 58 8 04 01 10 236 20 155 3 0000 4 0137 5 0000 6 000 0 7 03 2 2 8 4 4 7 / 333 10 /// 58 003 6 000 0 7 0000 
18-DEC-2015 09 48019 3 2 4 57 8 36 01 10 248 20 167 3 0000 4 0141 5 0000 6 000 0 7 00 0 0 8 4 8 5 0 333 10 /// 58 017 6 000 0 7 0000 
18-DEC-2015 09 48020 3 2 3 30 8 04 02 10 205 20 168 3 0000 4 0000 5 0000 6 000 0 7 00 0 0 8 8 7 0 0 333 10 /// 58 000 6 000 0 7 0000 
18-DEC-2015 09 48025 2 1 3 30 8 00 00 10 212 20 195 3 0000 4 0145 5 0000 6 000 0 7 50 5 5 8 5 7 7 / 333 10 /// 58 020 6 000 0 7 0000 
18-DEC-2015 09 48031 2 1 / 06 9 04 01 10 110 20 091 3 0000 4 0000 5 0000 6 000 0 7 60 6 4 8 9 / / / 333 10 /// 58 000 6 000 0 7 0000 
18-DEC-2015 09 48033 3 2 5 61 7 36 01 10 240 20 174 3 0000 4 0134 5 0000 6 000 0 7 03 3 3 8 6 9 7 0 333 10 /// 58 024 6 000 0 7 0000 
18-DEC-2015 09 48034 2 1 4 56 8 23 01 10 185 20 123 3 0000 4 0000 5 0000 6 000 0 7 50 5 5 8 6 9 2 / 333 10 /// 58 000 6 000 0 7 0000 
18-DEC-2015 09 48035 3 1 5 60 8 32 03 10 219 20 111 3 0000 4 0108 5 0000 6 000 0 7 05 2 2 8 5 9 7 / 333 10 /// 58 019 6 000 0 7 0000 
18-DEC-2015 09 48037 3 2 5 57 8 36 01 10 243 20 155 3 0000 4 0145 5 0000 6 000 0 7 03 2 2 8 3 8 7 / 333 10 /// 58 031 6 000 0 7 0000 
18-DEC-2015 09 48039 3 2 4 58 8 00 00 10 264 20 179 3 0000 4 0000 5 0000 6 000 0 7 00 0 0 8 5 9 6 / 333 10 /// 58 000 6 000 0 7 0000 
18-DEC-2015 09 48042 3 2 5 50 7 00 00 10 274 20 211 3 0000 4 0123 5 0000 6 000 0 7 00 0 0 8 4 8 5 0 333 10 /// 58 018 6 000 0 7 0000 
18-DEC-2015 09 48043 3 2 5 56 7 32 05 10 210 20 143 3 0000 4 0000 5 0000 6 000 0 7 00 0 0 8 4 2 3 0 333 10 /// 58 000 6 000 0 7 0000 
18-DEC-2015 09 48045 3 2 5 57 7 23 08 10 162 20 106 3 0000 4 0000 5 0000 6 000 0 7 00 0 0 8 7 6 0 0 333 10 /// 58 000 6 000 0 7 0000 
18-DEC-2015 09 48048 3 2 5 58 7 32 01 10 265 20 179 3 0000 4 0126 5 0000 6 000 0 7 00 0 0 8 5 9 5 0 333 10 /// 58 004 6 000 0 7 0000 
18-DEC-2015 09 48051 3 2 5 58 8 36 04 10 206 20 160 3 0000 4 0000 5 0000 6 000 0 7 00 0 0 8 6 9 3 0 333 10 /// 58 000 6 000 0 7 0000 
18-DEC-2015 09 48052 3 1 4 56 8 18 01 10 285 20 190 3 0000 4 0000 5 0000 6 000 0 7 05 2 2 8 5 3 7 0 333 10 /// 58 000 6 000 0 7 0000 
18-DEC-2015 09 48053 3 2 4 56 7 18 02 10 300 20 124 3 0000 4 0110 5 0000 6 000 0 7 00 0 0 8 3 5 5 0 333 10 /// 58 010 6 000 0 7 0000 
18-DEC-2015 09 48055 3 2 5 56 1 36 03 10 267 20 126 3 0000 4 0089 5 0000 6 000 0 7 00 0 0 8 1 1 0 0 333 10 /// 59 006 6 000 0 7 0000 
18-DEC-2015 09 48057 3 2 9 57 3 22 02 10 224 20 035 3 0000 4 0000 5 0000 6 000 0 7 00 0 0 8 0 0 0 6 333 10 /// 58 000 6 000 0 7 0000 
18-DEC-2015 09 48060 3 2 4 40 6 22 01 10 190 20 139 3 0000 4 0149 5 0000 6 000 0 7 00 0 0 8 3 8 7 0 333 10 /// 58 038 6 000 0 7 0000 
18-DEC-2015 09 48062 3 2 4 56 8 27 01 10 260 20 230 3 0000 4 0130 5 0000 6 000 0 7 00 0 0 8 6 9 7 0 333 10 /// 58 006 6 000 0 7 0000 
18-DEC-2015 09 48064 3 2 9 60 1 18 01 10 255 20 203 3 0000 4 0103 5 0000 6 000 0 7 03 1 1 8 0 0 0 1 333 10 /// 58 006 6 000 0 7 0000 
18-DEC-2015 09 48065 3 2 5 58 1 00 00 10 290 20 159 3 0000 4 0000 5 0000 6 000 0 7 03 2 2 8 1 1 0 0 333 10 /// 58 000 6 000 0 7 0000 
18-DEC-2015 09 48071 3 2 4 58 7 32 03 10 270 20 191 3 0000 4 0126 5 0000 6 000 0 7 00 0 0 8 5 8 7 0 333 10 /// 58 000 6 000 0 7 0000 
18-DEC-2015 09 48072 3 2 9 60 0 27 01 10 300 20 223 3 0000 4 0000 5 0000 6 000 0 7 00 0 0 8 0 0 0 0 333 10 /// 58 000 6 000 0 7 0000 
18-DEC-2015 09 48075 3 2 9 57 0 32 05 10 270 20 133 3 0000 4 0103 5 0000 6 000 0 7 00 0 0 8 0 0 0 0 333 10 /// 58 009 6 000 0 7 0000 
18-DEC-2015 09 48077 3 2 9 59 0 04 01 10 320 20 163 3 0000 4 0105 5 0000 6 000 0 7 00 0 0 8 0 0 0 0 333 10 /// 59 006 6 000 0 7 0000 
18-DEC-2015 09 48078 3 2 9 59 1 09 01 10 312 20 179 3 0000 4 0120 5 0000 6 000 0 7 00 0 0 8 0 0 0 1 333 10 /// 58 015 6 000 0 7 0000 
18-DEC-2015 09 48080 3 2 9 60 0 22 04 10 294 20 196 3 0000 4 0120 5 0000 6 000 0 7 00 0 0 8 0 0 0 0 333 10 /// 59 003 6 000 0 7 0000 
18-DEC-2015 09 48085 3 2 9 58 0 32 03 10 306 20 169 3 0000 4 0115 5 0000 6 000 0 7 00 0 0 8 0 0 0 0 333 10 /// 58 001 6 000 0 7 0000 
18-DEC-2015 09 48087 3 2 9 60 0 04 01 10 338 20 184 3 0000 4 0000 5 0000 6 000 0 7 00 0 0 8 0 0 0 0 333 10 /// 58 000 6 000 0 7 0000 
18-DEC-2015 09 48092 3 2 9 58 0 13 02 10 330 20 178 3 0000 4 0094 5 0000 6 000 0 7 00 0 0 8 0 0 0 0 333 10 /// 58 007 6 000 0 7 0000 
18-DEC-2015 09 48093 3 2 9 58 0 14 01 10 326 20 244 3 0000 4 0000 5 0000 6 000 0 7 00 0 0 8 0 0 0 0 333 10 /// 58 000 6 000 0 7 0000 
18-DEC-2015 09 48094 3 2 9 60 0 32 01 10 327 20 190 3 0000 4 0116 5 0000 6 000 0 7 00 0 0 8 0 0 0 0 333 10 /// 58 001 6 000 0 7 0000 
18-DEC-2015 09 48095 3 2 9 60 0 04 01 10 310 20 189 3 0000 4 0000 5 0000 6 000 0 7 00 0 0 8 0 0 0 0 333 10 /// 58 000 6 000 0 7 0000 
18-DEC-2015 09 48096 3 2 9 59 1 24 03 10 330 20 191 3 0000 4 0116 5 0000 6 000 0 7 00 0 0 8 0 0 0 1 333 10 /// 58 005 6 000 0 7 0000 
18-DEC-2015 09 48097 3 2 5 57 3 23 02 10 330 20 151 3 0000 4 0124 5 0000 6 000 0 7 00 0 0 8 3 8 0 0 333 10 /// 58 006 6 000 0 7 0000 
18-DEC-2015 09 48099 3 2 5 57 6 32 03 10 332 20 212 3 0000 4 0112 5 0000 6 000 0 7 00 0 0 8 5 3 0 1 333 10 /// 58 013 6 000 0 7 0000 
18-DEC-2015 09 48101 3 2 9 60 0 14 01 10 335 20 206 3 0000 4 0000 5 0000 6 000 0 7 00 0 0 8 0 0 0 0 333 10 /// 58 000 6 000 0 7 0000 
18-DEC-2015 09 48103 3 2 4 57 3 04 02 10 330 20 275 3 0000 4 0113 5 0000 6 000 0 7 00 0 0 8 3 8 0 0 333 10 /// 58 017 6 000 0 7 0000 
18-DEC-2015 09 48107 3 2 3 50 2 13 01 10 320 20 200 3 0000 4 0108 5 0000 6 000 0 7 00 0 0 8 2 9 0 0 333 10 /// 58 006 6 000 0 7 0000 
18-DEC-2015 09 48108 3 2 5 96 4 05 04 10 330 20 202 3 0000 4 0121 5 0000 6 000 0 7 00 0 0 8 2 8 0 6 333 10 /// 58 020 6 000 0 7 0000 
18-DEC-2015 09 48110 3 1 5 96 8 13 03 10 320 20 215 3 0000 4 0114 5 0000 6 000 0 7 05 2 2 8 1 3 0 7 333 10 /// 58 006 6 000 0 7 0000 
18-DEC-2015 09 48112 3 2 5 97 8 04 15 10 280 20 250 3 0000 4 0113 5 0000 6 000 0 7 00 0 0 8 4 8 7 6 333 10 /// 58 013 6 000 0 7 0000 
