180300 48001 32456 51801 10140 20124 40165 83850 333 56440 59008=
180300 48004 31558 20401 10152 20111 71044 82800 333 56900=
180300 48008 31557 10401 10177 20129 40156 70144 81400 333 56500 59001=
180300 48010 31520 22301 10160 20144 40156 74244 82400 333 56600 59005=
180300 48018 31958 01401 10175 20136 40146 71044 333 59012=
180300 48019 32960 00401 10176 20129 40139 333 59010=
180300 48020 31956 03602 10172 20154 70511 333=
180300 48025 31120 10401 10190 20139 40134 74044 81600 333 56900 59036=
180300 48030 31956 02204 10084 20055 70544 333=
180300 48031 31957 03201 10160 20089 70500 333=
180300 48033 32962 00401 10210 20143 40137 333 58000=
180300 48034 31456 10000 10140 20082 71011 81500 333 56500=
180300 48035 31930 00000 10141 20107 40161 71000 333 59004=
180300 48037 32957 00401 10203 20109 40125 333 59021=
180300 48039 31956 23202 10217 20136 70511 80002 333 56005=
180300 48042 31956 01401 10223 20111 40134 70500 333 59008=
180300 48043 32056 00000 10165 20074 333=
180300 48045 32962 03202 10170 20014 333=
180300 48048 32960 00901 10222 20111 40137 333 59012=
180300 48051 32958 03603 10196 20150 333=
180300 48052 32958 03202 10240 20136 333=
180300 48053 31956 03201 10230 20184 40136 70500 333 59005=
180300 48055 31950 00901 10136 20086 40166 70500 333 59002=
180300 48057 32958 02201 10184 20056 333=
180300 48060 32940 00000 10162 20106 40179 333 58006=
180300 48062 31958 00402 10285 20170 40136 70511 333 59012=
180300 48064 32960 01401 10205 20130 40136 333 58014=
180300 48065 32960 00000 10221 20136 333=
180300 48071 31958 00000 10230 20214 40138 71040 333 58002=
180300 48072 31959 01301 10240 20209 70522 333=
180300 48074 32958 03602 10210 20120 40152 333 58004=
180300 48075 31957 03201 10180 20130 40178 70511 333 58001=
180300 48077 31958 00000 10214 20160 40123 70500 333 59011=
180300 48078 32950 10401 10204 20146 40140 80001 333 56009 59002=
180300 48080 31959 00402 10193 20175 40134 70244 333 59007=
180300 48085 31957 00000 10208 20200 40133 71044 333 59002=
180300 48087 32960 00000 10230 20163 333=
180300 48092 31556 11301 10240 20183 40116 70522 81400 333 56900 58000=
180300 48093 32957 00401 10218 20156 333=
180300 48094 32959 03201 10245 20210 40129 333 59002=
180300 48095 32958 00000 10220 20185 333=
180300 48097 31550 11404 10235 20186 40136 70511 81400 333  56900 59012=
180300 48099 31450 32302 10230 20143 40135 70144 82801 333 56909 58001=
180300 48101 32958 02701 10231 20198 333=
180300 48103 32450 20402 10252 20150 40131 82500 333 56100 58002=
180300 48107 31950 00901 10242 20174 40125 70144 333 58004=
180300 48108 32596 61402 10270 20207 40133 82466 333 56499 58006=
180300 48109 32497 30401 10272 20211 40139 82501 333 56909 59002=
180300 48110 31596 81801 10270 20226 40126 70522 81237 333 56999 59002=
180300 48112 32598 60401 10290 20230 40118 82216 333 56199 59004=  
