181800 48008 31510 30000 10200 20168 40108 71044 82430 333 56560 59001=
181800 48010 32501 20000 10185 20172 40119 80030 333 58020 59027=
181800 48018 32920 00000 10175 20154 40139 333 58010=
181800 48025 32905 00401 10220 20156 40125 333 59009=
181800 48042 32950 00000 10203 20150 40111 333 59005=
181800 48053 32930 00000 10190 20159 40116 333 59004=
181800 48057 32939 01401 10142 20107 333=
181800 48060 32910 00000 10122 20102 40149 333 58011=
181800 48062 31550 22702 10230 20210 40130 70522 82500 333 56900 58005=
181800 48071 32420 13203 10240 20209 40120 81200 333 56900 59005=
181800 48080 32940 00000 10181 20149 40135 333 59002=
181800 48094 32950 00000 10210 20200 40129 333 58009=
181800 48097 32556 22301 10230 20181 40133 82500 333 56900 58015=
181800 48099 32330 10000 10220 20185 40115 81500 333 56900 58007=
181800 48103 32510 23201 10231 20198 40106 82500 333 56700 58001=
181800 48108 32595 50501 10235 20212 40131 82436 333 56999 58007=
181800 48109 32495 50000 10230 20198 40121 83501 333 56909 58003=
181800 48110 31594 50000 10270 20240 40127 70522 81306 333 56909 58014=
181800 48112 32597 80402 10272 20226 40126 83876 333 56199 58028=  
