



*-*-*


<!--
.style2 {
	font-family:"Courier New", Courier, monospace;
	font-size: 14px;
}
-->






SMBM01 VBRR 180610

AAXX 18064

48001 NIL=

48004 32460 50401 10221 20156 85900 333 56500=

48008 32556 82301 10198 20150 40157 8497/ 333 56459 59005=

48010 21340 80000 10190 20175 40168 75055 887// 333 56999 58006=

48018 21559 82202 10170 20154 40165 76165 8487/ 333 56569 59002=

48019 21457 82701 10175 20170 40164 75055 8597/ 333 56459 59010=

48020 21240 83602 10200 20168 75055 88900 333 56500=

48025 32440 83601 10198 20168 40168 8577/ 333 56559 59009= 

48030 32256 42204 10140 20056 84900 333 56500=

48031 31/05 92201 10116 20102 74744 333= 

48033 32563 63601 10250 20167 40133 86900 333 56500 59023=

48034 21356 80000 10150 20150 76096 8692/ 333 56599=

48035 31558 22703 10181 20165 40130 70296 85970 333 56540 59027=

48037 32559 40401 10230 20163 40148 82870 333 56770 58001=

48039 21450 80401 10208 20195 70355 887// 333 56399=

48042 21430 80000 10215 20220 40148 75055 8597/ 333 56959 58000=

48043 22440 81805 10170 20154 8687/ 333 56599=

48045 31558 51402 10150 20134 74144 85300 333 56500=

48048 32558 82201 10220 20220 40155 8697/ 333 5649/ 59006=

48051 32559 41302 10263 20200 70122 83630 333 56790=

48052 32470 82201 10240 20209 84970 333 56990=

48053 21440 73601 10220 20205 40135 70165 85870 333 56590 59022=

48055 31456 71801 10221 20156 40132 70344 85970 333 56440 59030=

48057 31458 71802 10170 20135 70244 84850 333 56590=

48060 32440 81301 10215 20128 40164 8587/ 333 5659/ 58017=

48062 32456 80902 10250 20220 40153 84970 333 56690 58010=

48064 32570 62701 10230 20214 40124 83830 333 56440 59021=

48065 32568 41402 10250 20205 83840 333 56990=

48071 32460 63203 10242 20226 40145 70122 84970 333 56990 58010=

48072 32459 33201 10275 20233 70122 82830 333 56490=

48074 32559 50401 10260 20203 40158 83860 333 56440 58008=

48075 32558 61402 10230 20140 40143 84830 333 56590 58001=

48077 32559 60401 10290 20179 40133 84831 333 56999 59014=

48078 32558 51801 10285 20179 40140 83831 333 56599 59013=

48080 21459 82205 10250 20233 40144 75165 85770 333 56490 58002=

48085 32458 82206 10304 20223 40127 85906 333 56509 59004=

48087 32560 52302 10300 20207 83370 333 56490= 

48092 31457 70403 10295 20163 40123 70522 85830 333 56990 59001=

48093 32557 20402 10297 20149 82100 333 56500= 

48094 32460 50403 10322 20240 40137 84940 333 56990 59007=

48095 32458 60000 10310 20225 70322 83840 333 56990=

48096 32557 61406 10290 20179 40149 70322 82830 333 56990 59003=

48097 32557 41405 10315 20166 40143 84800 333 56900 59000=

48099 32456 41304 10296 20166 40144 84800 333 56300 59002=

48101 32660 31402 10300 20207 70311 81100 333 56300=

48103 32957 00402 10303 20207 40143 333 58003=

48107 32950 01301 10312 20146 40131 333 59000=

48108 32996 30508 10300 20149 40143 80006 333 56009 58000=

48109 NIL=

48110 31996 32303 10310 20146 40142 70511 80006 333 56009 59003=

48112 NIL=  
SMBM01 VBRR 180600

AAXX 18064

48001 NIL=

48004 32460 50401 10221 20156 85900 333 56500=

48008 32556 82301 10198 20150 40157 8497/ 333 56459

59005=

48010 21340 80000 10190 20175 40168 75055 887// 333

56999 58006=

48018 21559 82202 10170 20154 40165 76165 8487/ 333

56569 59002=

48019 21457 82701 10175 20170 40164 75055 8597/ 333

56459 59010=

48020 21240 83602 10200 20168 75055 88900 333 56500=

48025 32440 83601 10198 20168 40168 8577/ 333 56559

59009=

48035 31558 22703 10181 20165 40130 70296 85970 333

56540 59027=

48037 32559 40401 10230 20163 40148 82870 333 56770

58001=

48042 21430 80000 10215 20220 40148 75055 8597/ 333

56959 58000=

48045 31558 51402 10150 20134 74144 85300 333 56500=

48048 32558 82201 10220 20220 40155 8697/ 333 5649/

59006=

48051 32559 41302 10263 20200 70122 83630 333 56790=

48053 21440 73601 10220 20205 40135 70165 85870 333

56590 59022=

48060 32440 81301 10215 20128 40164 8587/ 333 5659/

58017=

48062 32456 80902 10250 20220 40153 84970 333 56690

58010=

48071 32460 63203 10242 20226 40145 70122 84970 333

56990 58010=

48075 32558 61402 10230 20140 40143 84830 333 56590

58001=

48077 32559 60401 10290 20179 40133 84831 333 56999

59014=

48078 32558 51801 10285 20179 40140 83831 333 56599

59013=

48080 21459 82205 10250 20233 40144 75165 85770 333

56490 58002=

48085 32458 82206 10304 20223 40127 85906 333 56509

59004=

48095 32458 60000 10310 20225 70322 83840 333 56990=

48108 32996 30508 10300 20149 40143 80006 333 56009

58000=

48109 NIL=

48110 31996 32303 10310 20146 40142 70511 80006 333

56009 59003=

48112 NIL=

48030 32256 42204 10140 20056 84900 333 56500=

48072 32459 33201 10275 20233 70122 82830 333 56490=

48087 32560 52302 10300 20207 83370 333 56490=

48099 32456 41304 10296 20166 40144 84800 333 56300

59002=

48101 32660 31402 10300 20207 70311 81100 333 56300=

48103 32957 00402 10303 20207 40143 333 58003=

48057 31458 71802 10170 20135 70244 84850 333 56590=

48094 32460 50403 10322 20240 40137 84940 333 56990

59007=

48097 32557 41405 10315 20166 40143 84800 333 56900

59000=

48031 31/05 92201 10116 20102 74744 333=

48033 32563 63601 10250 20167 40133 86900 333 56500

59023=

48034 21356 80000 10150 20150 76096 8692/ 333 56599=

48039 21450 80401 10208 20195 70355 887// 333 56399=

48043 22440 81805 10170 20154 8687/ 333 56599=

48052 32470 82201 10240 20209 84970 333 56990=

48055 31456 71801 10221 20156 40132 70344 85970 333

56440 59030=

48064 32570 62701 10230 20214 40124 83830 333 56440

59021=

48065 32568 41402 10250 20205 83840 333 56990=

48074 32559 50401 10260 20203 40158 83860 333 56440

58008=

48092 31457 70403 10295 20163 40123 70522 85830 333

56990 59001=

48093 32557 20402 10297 20149 82100 333 56500=

48107 32950 01301 10312 20146 40131 333 59000=  





