18-JAN-2015 09 48004 3 2 4 60 6 22 03 10 225 20 143 3 0000 4 0000 5 0000 6 000 0 7 00 0 0 8 6 9 0 0 333 10 /// 58 000 6 000 0 7 0000 
18-JAN-2015 09 48008 3 2 5 56 8 00 00 10 200 20 168 3 0000 4 0151 5 0000 6 000 0 7 00 0 0 8 4 9 7 0 333 10 /// 58 025 6 000 0 7 0000 
18-JAN-2015 09 48010 2 1 4 50 8 00 00 10 195 20 185 3 0000 4 0138 5 0000 6 000 0 7 50 5 5 8 5 7 7 0 333 10 /// 59 019 6 000 0 7 0000 
18-JAN-2015 09 48018 2 2 5 60 5 14 02 10 225 20 163 3 0000 4 0137 5 0000 6 000 0 7 00 0 0 8 3 8 7 0 333 10 /// 58 004 6 000 0 7 0000 
18-JAN-2015 09 48019 2 2 4 57 7 36 02 10 195 20 175 3 0000 4 0131 5 0000 6 000 0 7 00 0 0 8 5 7 7 0 333 10 /// 59 014 6 000 0 7 0000 
18-JAN-2015 09 48025 3 2 4 56 8 04 01 10 207 20 175 3 0000 4 0141 5 0000 6 000 0 7 00 0 0 8 5 7 7 / 333 10 /// 58 014 6 000 0 7 0000 
18-JAN-2015 09 48030 3 2 2 56 4 22 05 10 164 20 085 3 0000 4 0000 5 0000 6 000 0 7 00 0 0 8 4 9 0 0 333 10 /// 58 000 6 000 0 7 0000 
18-JAN-2015 09 48031 3 2 2 50 7 04 01 10 140 20 124 3 0000 4 0000 5 0000 6 000 0 7 00 0 0 8 7 8 0 0 333 10 /// 58 000 6 000 0 7 0000 
18-JAN-2015 09 48033 3 2 5 62 7 32 01 10 260 20 160 3 0000 4 0120 5 0000 6 000 0 7 00 0 0 8 6 9 3 0 333 10 /// 59 016 6 000 0 7 0000 
18-JAN-2015 09 48034 2 1 3 56 8 00 00 10 150 20 150 3 0000 4 0000 5 0000 6 000 0 7 50 6 5 8 6 9 2 / 333 10 /// 58 000 6 000 0 7 0000 
18-JAN-2015 09 48035 2 1 4 50 8 22 02 10 193 20 175 3 0000 4 0111 5 0000 6 000 0 7 95 5 5 8 5 9 7 / 333 10 /// 59 009 6 000 0 7 0000 
18-JAN-2015 09 48037 3 2 5 60 4 04 01 10 269 20 172 3 0000 4 0122 5 0000 6 000 0 7 00 0 0 8 2 1 3 0 333 10 /// 58 004 6 000 0 7 0000 
18-JAN-2015 09 48039 2 1 4 56 8 00 00 10 210 20 195 3 0000 4 0000 5 0000 6 000 0 7 02 6 6 8 8 7 / / 333 10 /// 58 000 6 000 0 7 0000 
18-JAN-2015 09 48042 2 1 4 30 8 00 00 10 215 20 220 3 0000 4 0132 5 0000 6 000 0 7 02 6 6 8 5 9 7 / 333 10 /// 59 006 6 000 0 7 0000 
18-JAN-2015 09 48043 2 1 4 10 8 18 05 10 150 20 150 3 0000 4 0000 5 0000 6 000 0 7 41 5 5 8 6 8 7 / 333 10 /// 58 000 6 000 0 7 0000 
18-JAN-2015 09 48045 3 1 5 58 3 14 01 10 190 20 139 3 0000 4 0000 5 0000 6 000 0 7 41 4 4 8 3 3 0 0 333 10 /// 58 000 6 000 0 7 0000 
18-JAN-2015 09 48048 3 2 5 60 5 04 01 10 250 20 205 3 0000 4 0130 5 0000 6 000 0 7 00 0 0 8 4 8 5 0 333 10 /// 59 002 6 000 0 7 0000 
18-JAN-2015 09 48051 3 2 5 59 4 13 03 10 283 20 160 3 0000 4 0000 5 0000 6 000 0 7 00 0 0 8 3 2 3 0 333 10 /// 58 000 6 000 0 7 0000 
18-JAN-2015 09 48052 3 2 4 68 4 04 01 10 266 20 226 3 0000 4 0000 5 0000 6 000 0 7 00 0 0 8 4 8 0 0 333 10 /// 58 000 6 000 0 7 0000 
18-JAN-2015 09 48053 2 1 4 40 6 36 02 10 230 20 214 3 0000 4 0121 5 0000 6 000 0 7 01 6 5 8 4 8 7 0 333 10 /// 59 014 6 000 0 7 0000 
18-JAN-2015 09 48055 3 2 5 56 6 23 06 10 240 20 155 3 0000 4 0101 5 0000 6 000 0 7 00 0 0 8 4 9 7 0 333 10 /// 59 019 6 000 0 7 0000 
18-JAN-2015 09 48057 3 2 4 60 3 22 04 10 200 20 109 3 0000 4 0000 5 0000 6 000 0 7 00 0 0 8 3 8 0 0 333 10 /// 58 000 6 000 0 7 0000 
18-JAN-2015 09 48060 3 2 4 40 7 18 01 10 215 20 140 3 0000 4 0143 5 0000 6 000 0 7 00 0 0 8 5 8 7 0 333 10 /// 59 004 6 000 0 7 0000 
18-JAN-2015 09 48062 3 1 5 50 3 32 08 10 260 20 230 3 0000 4 0123 5 0000 6 000 0 7 10 1 1 8 3 5 0 0 333 10 /// 58 012 6 000 0 7 0000 
18-JAN-2015 09 48064 3 2 5 70 2 27 01 10 250 20 219 3 0000 4 0101 5 0000 6 000 0 7 00 0 0 8 1 1 0 1 333 10 /// 59 017 6 000 0 7 0000 
18-JAN-2015 09 48065 3 2 5 70 2 00 00 10 275 20 220 3 0000 4 0000 5 0000 6 000 0 7 00 0 0 8 2 1 0 0 333 10 /// 58 000 6 000 0 7 0000 
18-JAN-2015 09 48071 3 2 4 60 1 32 03 10 252 20 219 3 0000 4 0125 5 0000 6 000 0 7 00 0 0 8 1 8 0 0 333 10 /// 58 020 6 000 0 7 0000 
18-JAN-2015 09 48072 3 2 4 59 5 32 01 10 260 20 229 3 0000 4 0000 5 0000 6 000 0 7 00 0 0 8 4 9 3 0 333 10 /// 58 000 6 000 0 7 0000 
18-JAN-2015 09 48074 3 2 4 57 7 32 02 10 300 20 166 3 0000 4 0114 5 0000 6 000 0 7 00 0 0 8 4 8 6 0 333 10 /// 59 006 6 000 0 7 0000 
18-JAN-2015 09 48075 3 2 5 58 4 27 01 10 250 20 150 3 0000 4 0111 5 0000 6 000 0 7 00 0 0 8 4 3 0 0 333 10 /// 59 006 6 000 0 7 0000 
18-JAN-2015 09 48077 3 2 5 59 8 00 00 10 298 20 185 3 0000 4 0107 5 0000 6 000 0 7 00 0 0 8 5 9 3 1 333 10 /// 58 012 6 000 0 7 0000 
18-JAN-2015 09 48078 3 2 5 58 4 14 03 10 312 20 184 3 0000 4 0115 5 0000 6 000 0 7 00 0 0 8 3 5 0 1 333 10 /// 59 014 6 000 0 7 0000 
18-JAN-2015 09 48080 2 2 4 60 6 22 07 10 294 20 259 3 0000 4 0125 5 0000 6 000 0 7 00 0 0 8 4 8 7 0 333 10 /// 58 010 6 000 0 7 0000 
18-JAN-2015 09 48085 3 2 4 58 5 32 05 10 294 20 230 3 0000 4 0127 5 0000 6 000 0 7 00 0 0 8 5 8 0 0 333 10 /// 58 014 6 000 0 7 0000 
18-JAN-2015 09 48087 3 2 5 58 6 23 01 10 302 20 207 3 0000 4 0000 5 0000 6 000 0 7 00 0 0 8 4 3 7 0 333 10 /// 58 000 6 000 0 7 0000 
18-JAN-2015 09 48092 3 1 4 58 7 13 03 10 300 20 166 3 0000 4 0096 5 0000 6 000 0 7 05 2 2 8 5 3 3 0 333 10 /// 59 003 6 000 0 7 0000 
18-JAN-2015 09 48093 3 2 6 58 2 04 01 10 300 20 185 3 0000 4 0000 5 0000 6 000 0 7 00 0 0 8 1 1 0 1 333 10 /// 58 000 6 000 0 7 0000 
18-JAN-2015 09 48094 3 2 4 59 6 04 03 10 325 20 240 3 0000 4 0115 5 0000 6 000 0 7 00 0 0 8 4 9 4 0 333 10 /// 59 007 6 000 0 7 0000 
18-JAN-2015 09 48095 2 1 4 58 8 09 02 10 265 20 229 3 0000 4 0000 5 0000 6 000 0 7 51 5 5 8 4 9 7 0 333 10 /// 58 000 6 000 0 7 0000 
18-JAN-2015 09 48096 3 2 4 57 6 18 08 10 300 20 166 3 0000 4 0120 5 0000 6 000 0 7 02 2 2 8 4 8 3 0 333 10 /// 59 006 6 000 0 7 0000 
18-JAN-2015 09 48097 3 2 5 57 5 23 03 10 300 20 185 3 0000 4 0122 5 0000 6 000 0 7 00 0 0 8 5 8 0 0 333 10 /// 59 000 6 000 0 7 0000 
18-JAN-2015 09 48099 3 2 4 56 2 23 01 10 322 20 184 3 0000 4 0115 5 0000 6 000 0 7 00 0 0 8 2 8 0 0 333 10 /// 59 005 6 000 0 7 0000 
18-JAN-2015 09 48101 3 2 5 59 7 14 02 10 274 20 211 3 0000 4 0000 5 0000 6 000 0 7 00 0 0 8 4 9 7 0 333 10 /// 58 000 6 000 0 7 0000 
18-JAN-2015 09 48103 3 2 9 57 0 04 01 10 318 20 265 3 0000 4 0115 5 0000 6 000 0 7 00 0 0 8 0 0 0 0 333 10 /// 59 003 6 000 0 7 0000 
18-JAN-2015 09 48107 3 2 9 50 0 23 02 10 324 20 163 3 0000 4 0107 5 0000 6 000 0 7 00 0 0 8 0 0 0 0 333 10 /// 59 001 6 000 0 7 0000 
18-JAN-2015 09 48108 3 2 9 96 3 05 06 10 325 20 178 3 0000 4 0115 5 0000 6 000 0 7 00 0 0 8 0 0 0 6 333 10 /// 59 010 6 000 0 7 0000 
18-JAN-2015 09 48110 3 1 9 96 2 23 02 10 320 20 184 3 0000 4 0113 5 0000 6 000 0 7 05 1 1 8 0 0 0 5 333 10 /// 58 001 6 000 0 7 0000 
18-JAN-2015 09 48112 3 2 5 97 8 04 03 10 300 20 239 3 0000 4 0111 5 0000 6 000 0 7 00 0 0 8 3 8 7 6 333 10 /// 59 003 6 000 0 7 0000 
