18-JUN-2015 06 48001 3 2 4 40 8 32 01 10 285 20 250 3 0000 4 0039 5 0000 6 000 0 7 00 0 0 8 4 8 6 / 333 10 /// 59 012 6 000 0 7 0000 
18-JUN-2015 06 48004 2 1 1 10 8 22 01 10 269 20 269 3 0000 4 0000 5 0000 6 000 0 7 50 2 2 8 6 9 7 / 333 10 /// 58 000 6 000 0 7 0000 
18-JUN-2015 06 48008 2 1 4 50 8 00 00 10 248 20 233 3 0000 4 0054 5 0000 6 000 0 7 63 6 6 8 4 9 7 / 333 10 /// 59 002 6 000 0 7 0000 
18-JUN-2015 06 48010 3 2 4 56 7 18 01 10 290 20 259 3 0000 4 0049 5 0000 6 000 0 7 00 0 0 8 5 7 7 0 333 10 /// 58 010 6 000 0 7 0000 
18-JUN-2015 06 48018 3 2 5 60 6 22 02 10 320 20 248 3 0000 4 0049 5 0000 6 000 0 7 00 0 0 8 3 3 7 2 333 10 /// 59 010 6 000 0 7 0000 
18-JUN-2015 06 48019 2 1 4 58 8 00 00 10 276 20 268 3 0000 4 0048 5 0000 6 000 0 7 05 9 5 8 5 9 7 0 333 10 /// 58 003 6 000 0 7 0000 
18-JUN-2015 06 48020 3 2 4 58 6 36 04 10 320 20 265 3 0000 4 0000 5 0000 6 000 0 7 00 0 0 8 4 8 3 0 333 10 /// 58 000 6 000 0 7 0000 
18-JUN-2015 06 48025 3 2 4 56 6 04 01 10 323 20 265 3 0000 4 0035 5 0000 6 000 0 7 00 0 0 8 3 8 4 0 333 10 /// 59 004 6 000 0 7 0000 
18-JUN-2015 06 48030 3 2 2 56 7 04 01 10 214 20 175 3 0000 4 0000 5 0000 6 000 0 7 00 0 0 8 5 9 4 0 333 10 /// 58 000 6 000 0 7 0000 
18-JUN-2015 06 48031 3 1 2 58 7 14 01 10 250 20 205 3 0000 4 0000 5 0000 6 000 0 7 01 4 4 8 7 3 0 0 333 10 /// 58 000 6 000 0 7 0000 
18-JUN-2015 06 48033 3 2 5 63 4 18 01 10 330 20 244 3 0000 4 0032 5 0000 6 000 0 7 00 0 0 8 4 8 0 0 333 10 /// 59 003 6 000 0 7 0000 
18-JUN-2015 06 48034 3 2 4 57 6 18 02 10 267 20 226 3 0000 4 0000 5 0000 6 000 0 7 00 0 0 8 6 3 0 0 333 10 /// 58 000 6 000 0 7 0000 
18-JUN-2015 06 48035 2 1 4 60 7 22 02 10 277 20 220 3 0000 4 0023 5 0000 6 000 0 7 02 6 6 8 4 9 6 1 333 10 /// 59 008 6 000 0 7 0000 
18-JUN-2015 06 48039 3 2 4 60 5 14 01 10 338 20 240 3 0000 4 0000 5 0000 6 000 0 7 00 0 0 8 5 9 0 0 333 10 /// 58 000 6 000 0 7 0000 
18-JUN-2015 06 48042 3 2 5 59 5 13 05 10 355 20 243 3 0000 4 0033 5 0000 6 000 0 7 00 0 0 8 4 8 0 2 333 10 /// 58 008 6 000 0 7 0000 
18-JUN-2015 06 48043 3 2 6 56 5 18 05 10 270 20 226 3 0000 4 0000 5 0000 6 000 0 7 00 0 0 8 4 2 3 0 333 10 /// 58 000 6 000 0 7 0000 
18-JUN-2015 06 48045 3 1 5 56 7 18 03 10 249 20 219 3 0000 4 0000 5 0000 6 000 0 7 01 4 4 8 7 7 0 0 333 10 /// 58 000 6 000 0 7 0000 
18-JUN-2015 06 48048 3 2 5 60 6 18 01 10 360 20 249 3 0000 4 0033 5 0000 6 000 0 7 00 0 0 8 5 9 5 0 333 10 /// 58 003 6 000 0 7 0000 
18-JUN-2015 06 48051 3 2 5 59 4 23 02 10 337 20 270 3 0000 4 0000 5 0000 6 000 0 7 02 2 2 8 4 9 0 0 333 10 /// 58 000 6 000 0 7 0000 
18-JUN-2015 06 48052 3 2 4 68 5 13 01 10 362 20 249 3 0000 4 0000 5 0000 6 000 0 7 00 0 0 8 5 9 0 0 333 10 /// 58 000 6 000 0 7 0000 
18-JUN-2015 06 48053 3 2 4 60 5 18 03 10 330 20 244 3 0000 4 0040 5 0000 6 000 0 7 00 0 0 8 3 8 5 6 333 10 /// 59 006 6 000 0 7 0000 
18-JUN-2015 06 48055 3 2 5 57 6 23 05 10 290 20 215 3 0000 4 0027 5 0000 6 000 0 7 00 0 0 8 6 3 0 0 333 10 /// 58 001 6 000 0 7 0000 
18-JUN-2015 06 48057 3 2 4 58 6 14 03 10 258 20 203 3 0000 4 0000 5 0000 6 000 0 7 00 0 0 8 4 3 0 6 333 10 /// 58 000 6 000 0 7 0000 
18-JUN-2015 06 48060 3 1 3 50 6 00 00 10 302 20 223 3 0000 4 0019 5 0000 6 000 0 7 17 2 2 8 5 9 0 2 333 10 /// 58 004 6 000 0 7 0000 
18-JUN-2015 06 48062 3 2 4 57 7 18 10 10 315 20 280 3 0000 4 0033 5 0000 6 000 0 7 03 2 2 8 5 9 7 0 333 10 /// 59 005 6 000 0 7 0000 
18-JUN-2015 06 48064 3 2 5 68 5 04 01 10 337 20 270 3 0000 4 0015 5 0000 6 000 0 7 00 0 0 8 3 8 3 1 333 10 /// 58 000 6 000 0 7 0000 
18-JUN-2015 06 48065 3 2 5 58 3 00 00 10 352 20 240 3 0000 4 0000 5 0000 6 000 0 7 00 0 0 8 2 8 3 0 333 10 /// 58 000 6 000 0 7 0000 
18-JUN-2015 06 48071 2 1 3 58 8 23 01 10 280 20 280 3 0000 4 0040 5 0000 6 000 0 7 62 6 6 8 6 9 2 / 333 10 /// 58 005 6 000 0 7 0000 
18-JUN-2015 06 48072 3 2 4 60 7 18 05 10 310 20 267 3 0000 4 0000 5 0000 6 000 0 7 03 2 2 8 5 8 3 0 333 10 /// 58 000 6 000 0 7 0000 
18-JUN-2015 06 48074 3 2 4 60 5 23 03 10 320 20 248 3 0000 4 0054 5 0000 6 000 0 7 00 0 0 8 3 8 6 1 333 10 /// 58 008 6 000 0 7 0000 
18-JUN-2015 06 48075 3 2 4 57 5 14 01 10 300 20 207 3 0000 4 0038 5 0000 6 000 0 7 00 0 0 8 5 8 0 0 333 10 /// 58 003 6 000 0 7 0000 
18-JUN-2015 06 48077 3 2 5 59 7 23 01 10 320 20 248 3 0000 4 0036 5 0000 6 000 0 7 00 0 0 8 5 9 3 1 333 10 /// 59 002 6 000 0 7 0000 
18-JUN-2015 06 48078 3 2 5 58 4 18 01 10 326 20 253 3 0000 4 0054 5 0000 6 000 0 7 00 0 0 8 3 8 0 1 333 10 /// 58 002 6 000 0 7 0000 
18-JUN-2015 06 48080 3 2 4 61 6 22 04 10 330 20 258 3 0000 4 0044 5 0000 6 000 0 7 00 0 0 8 4 8 7 0 333 10 /// 59 003 6 000 0 7 0000 
18-JUN-2015 06 48085 3 2 4 58 8 14 05 10 308 20 254 3 0000 4 0039 5 0000 6 000 0 7 00 0 0 8 5 9 7 6 333 10 /// 58 003 6 000 0 7 0000 
18-JUN-2015 06 48087 3 2 5 60 6 23 01 10 310 20 254 3 0000 4 0000 5 0000 6 000 0 7 00 0 0 8 3 3 7 0 333 10 /// 58 000 6 000 0 7 0000 
18-JUN-2015 06 48092 3 2 4 57 6 13 02 10 310 20 246 3 0000 4 0036 5 0000 6 000 0 7 00 0 0 8 3 8 3 6 333 10 /// 58 003 6 000 0 7 0000 
18-JUN-2015 06 48093 2 1 4 57 6 23 01 10 274 20 269 3 0000 4 0000 5 0000 6 000 0 7 50 6 5 8 4 9 7 0 333 10 /// 58 000 6 000 0 7 0000 
18-JUN-2015 06 48094 2 1 4 59 7 18 02 10 270 20 260 3 0000 4 0049 5 0000 6 000 0 7 50 6 5 8 5 9 3 0 333 10 /// 58 006 6 000 0 7 0000 
18-JUN-2015 06 48095 3 2 4 58 8 22 04 10 300 20 266 3 0000 4 0000 5 0000 6 000 0 7 02 2 2 8 5 9 7 0 333 10 /// 58 000 6 000 0 7 0000 
18-JUN-2015 06 48097 3 1 5 57 7 31 02 10 310 20 254 3 0000 4 0060 5 0000 6 000 0 7 02 5 2 8 6 3 0 6 333 10 /// 59 006 6 000 0 7 0000 
18-JUN-2015 06 48099 2 1 3 30 8 23 04 10 280 20 250 3 0000 4 0065 5 0000 6 000 0 7 60 6 5 8 6 9 7 / 333 10 /// 58 016 6 000 0 7 0000 
18-JUN-2015 06 48101 2 1 5 58 8 23 01 10 260 20 246 3 0000 4 0000 5 0000 6 000 0 7 51 6 5 8 5 9 2 / 333 10 /// 58 000 6 000 0 7 0000 
18-JUN-2015 06 48103 3 2 4 57 6 14 02 10 308 20 254 3 0000 4 0057 5 0000 6 000 0 7 00 0 0 8 6 7 0 0 333 10 /// 58 009 6 000 0 7 0000 
18-JUN-2015 06 48107 3 2 3 50 6 23 02 10 290 20 248 3 0000 4 0069 5 0000 6 000 0 7 00 0 0 8 4 9 7 0 333 10 /// 58 008 6 000 0 7 0000 
18-JUN-2015 06 48108 2 1 4 95 8 14 02 10 265 20 251 3 0000 4 0085 5 0000 6 000 0 7 50 5 5 8 4 3 7 / 333 10 /// 58 022 6 000 0 7 0000 
18-JUN-2015 06 48109 2 1 4 96 8 23 01 10 269 20 256 3 0000 4 0046 5 0000 6 000 0 7 51 6 6 8 6 9 7 / 333 10 /// 59 005 6 000 0 7 0000 
18-JUN-2015 06 48110 2 1 4 94 8 23 03 10 260 20 246 3 0000 4 0086 5 0000 6 000 0 7 50 6 5 8 6 3 2 / 333 10 /// 58 009 6 000 0 7 0000 
18-JUN-2015 06 48112 2 1 5 97 8 22 01 10 252 20 252 3 0000 4 0106 5 0000 6 000 0 7 50 5 5 8 4 8 7 6 333 10 /// 58 019 6 000 0 7 0000 
