180900 48004 21460 51301 10292 20274 70152 85900 333 56400=
180900 48008 21456 71401 10260 20246 40037 72166 84970 333 56560 58004=
180900 48010 21456 70000 10290 20259 40030 72055 84770 333 56440 58024=
180900 48018 21558 82202 10260 20246 40046 79596 8597/ 333 56999 58012=
180900 48019 21458 80000 10275 20250 40040 75055 8577/ 333 56459 58017=
180900 48025 21440 50401 10288 20288 40016 70196 83941 333 56699 58009=
180900 48030 21357 70402 10228 20185 72055 85940 333 56180=
180900 48031 32258 81401 10240 20191 889// 333 56499=
180900 48033 32563 41801 10370 20227 40009 84800 333 56400 58011=
180900 48034 31456 62302 10261 20215 70299 86300 333 56500=
180900 48035 22560 71402 10311 20225 49994 85960 333 56190 58000=
180900 48037 32560 71401 10373 20227 40006 84831 333 56559 58004=
180900 48039 32460 71401 10355 20235 84962 333 56555=
180900 48042 32560 61802 10370 20227 40003 84902 333 56409 58001=
180900 48043 32556 81805 10260 20229 8587/ 333 56599=
180900 48045 32557 51402 10254 20219 85300 333 56200=
180900 48048 32560 61801 10370 20227 40005 85950 333 56490 58004=
180900 48051 32560 31303 10342 20270 82301 333 56409=
180900 48052 32468 41301 10402 20230 83801 333 56900=
180900 48053 32460 61803 10350 20254 40009 84956 333 56599 58005=
180900 48055 32557 51605 10316 20208 49985 84801 333 56309 59002=
180900 48057 32458 61403 10270 20191 83306 333 56509=
180900 48060 21340 80000 10270 20219 40010 75055 8577/ 333 56599 59002=
180900 48062 32457 71809 10310 20280 40018 85970 333 56490 58003=
180900 48064 32570 30401 10370 20291 49996 82801 333 56409 58001=
180900 48065 32558 41405 10370 20246 83830 333 56590=
180900 48071 21458 72304 10290 20274 40025 72162 85970 333 56590 58010=
180900 48072 32460 61806 10310 20282 70122 84830 333 56590=
180900 48074 32461 61804 10330 20258 40014 84360 333 56440 58002=
180900 48075 32457 51301 10330 20172 40000 83831 333 56569 59017=
180900 48077 32559 72303 10327 20258 40020 85931 333 56499 58001=
180900 48078 32558 51801 10336 20250 40030 84301 333 56409 58006=
180900 48080 32459 72203 10301 20253 40031 85870 333 56490 58000=
180900 48085 22458 73202 10300 20253 40023 70196 84976 333 56499 58002=
180900 48087 32560 62301 10316 20265 83871 333 56999=
180900 48092 32458 62302 10290 20254 40011 70222 83336 333 56599 59005=
180900 48093 21557 72301 10272 20268 70365 85870 333 56590=
180900 48094 22459 72203 10305 20250 40032 85940 333 56590 58002=
180900 48095 21458 82201 10305 20282 72122 85970 333 56990=
180900 48097 31557 71802 10305 20254 40040 70252 85306 333 56509 59006=
180900 48099 21330 82301 10280 20268 40046 70265 8697/ 333 5659/ 58017=
180900 48101 21458 82303 10301 20239 70365 8597/ 333 5659/=
180900 48103 32457 62202 10318 20265 40037 85730 333 56550 58004=
180900 48107 32350 52302 10284 20250 40055 85900 333 56500 58017=  
180900 48108 21596 72303 10280 20250 40064 70255 83366 333 56699 58012=
180900 48110 21596 81803 10295 20250 40071 70255 83377 333 56599 58014=
180900 48112 21597 81401 10275 20256 40074 70152 83876 333 56399 59003=
