18-JUL-2015 12 48008 2 1 4 56 8 00 00 10 265 20 256 3 0000 4 0005 5 0000 6 000 0 7 50 5 5 8 4 9 7 / 333 10 267 58 001 6 001 2 7 0000 
18-JUL-2015 12 48010 2 1 4 10 8 00 00 10 250 20 250 3 0000 4 0000 5 0000 6 000 0 7 61 6 5 8 8 7 / / 333 10 255 58 017 6 004 2 7 0000 
18-JUL-2015 12 48018 2 1 5 56 8 00 00 10 245 20 245 3 0000 4 0008 5 0000 6 000 0 7 50 5 5 8 4 9 7 / 333 10 248 58 018 6 028 2 7 0000 
18-JUL-2015 12 48019 2 1 4 50 8 32 02 10 250 20 250 3 0000 4 0009 5 0000 6 000 0 7 02 6 6 8 5 7 2 / 333 10 253 58 002 6 001 2 7 0000 
18-JUL-2015 12 48025 2 1 3 30 7 32 02 10 266 20 256 3 0000 4 9992 5 0000 6 000 0 7 01 5 5 8 5 7 7 0 333 10 278 58 011 6 003 2 7 0000 
18-JUL-2015 12 48033 2 2 5 60 8 13 01 10 260 20 246 3 0000 4 9993 5 0000 6 000 0 7 00 0 0 8 6 9 7 0 333 10 314 58 017 6 010 2 7 0000 
18-JUL-2015 12 48035 2 1 2 20 8 00 00 10 233 20 230 3 0000 4 0003 5 0000 6 000 0 7 62 6 6 8 6 9 2 / 333 10 252 58 005 6 014 2 7 0000 
18-JUL-2015 12 48037 2 1 4 56 8 00 00 10 266 20 266 3 0000 4 9974 5 0000 6 000 0 7 50 5 5 8 5 3 7 / 333 10 308 58 012 6 008 2 7 0000 
18-JUL-2015 12 48042 2 1 5 57 8 13 04 10 280 20 250 3 0000 4 9991 5 0000 6 000 0 7 60 2 2 8 5 9 7 / 333 10 350 58 023 6 001 2 7 0000 
18-JUL-2015 12 48048 2 2 5 50 5 18 01 10 317 20 236 3 0000 4 9972 5 0000 6 000 0 7 00 0 0 8 4 9 5 0 333 10 335 58 008 6 006 2 7 0000 
18-JUL-2015 12 48053 2 1 4 50 8 18 03 10 260 20 260 3 0000 4 9999 5 0000 6 000 0 7 02 6 5 8 6 9 5 / 333 10 295 58 015 6 017 2 7 0000 
18-JUL-2015 12 48055 2 1 5 56 6 18 05 10 265 20 214 3 0000 4 9983 5 0000 6 000 0 7 02 5 5 8 5 9 4 0 333 10 289 58 018 6 001 2 7 0000 
18-JUL-2015 12 48060 3 2 3 30 8 00 00 10 270 20 226 3 0000 4 0013 5 0000 6 000 0 7 00 0 0 8 5 9 7 / 333 10 312 58 010 6 000 2 7 0000 
18-JUL-2015 12 48062 2 2 4 56 8 23 04 10 270 20 260 3 0000 4 9989 5 0000 6 000 0 7 00 0 0 8 6 9 7 0 333 10 300 58 007 6 035 2 7 0000 
18-JUL-2015 12 48064 2 1 4 50 8 36 01 10 281 20 268 3 0000 4 9975 5 0000 6 000 0 7 00 0 0 8 4 8 7 0 333 10 310 58 006 6 001 2 7 0000 
18-JUL-2015 12 48065 3 1 4 50 8 04 02 10 280 20 268 3 0000 4 0000 5 0000 6 000 0 7 00 0 0 8 6 9 7 0 333 10 305 58 000 6 000 0 7 0000 
18-JUL-2015 12 48071 2 2 3 56 8 23 02 10 260 20 260 3 0000 4 0000 5 0000 6 000 0 7 00 0 0 8 6 9 2 / 333 10 275 58 011 6 025 2 7 0000 
18-JUL-2015 12 48108 2 1 4 95 7 23 03 10 270 20 263 3 0000 4 0059 5 0000 6 000 0 7 20 5 5 8 4 3 7 6 333 10 300 58 010 6 008 2 7 0000 
