18-JUN-2015 09 48004 2 1 4 60 5 13 01 10 292 20 274 3 0000 4 0000 5 0000 6 000 0 7 01 5 2 8 5 9 0 0 333 10 /// 58 000 6 000 0 7 0000 
18-JUN-2015 09 48008 2 1 4 56 7 14 01 10 260 20 246 3 0000 4 0037 5 0000 6 000 0 7 21 6 6 8 4 9 7 0 333 10 /// 58 004 6 000 0 7 0000 
18-JUN-2015 09 48010 2 1 4 56 7 00 00 10 290 20 259 3 0000 4 0030 5 0000 6 000 0 7 20 5 5 8 4 7 7 0 333 10 /// 58 024 6 000 0 7 0000 
18-JUN-2015 09 48018 2 1 5 58 8 22 02 10 260 20 246 3 0000 4 0046 5 0000 6 000 0 7 95 9 6 8 5 9 7 / 333 10 /// 58 012 6 000 0 7 0000 
18-JUN-2015 09 48019 2 1 4 58 8 00 00 10 275 20 250 3 0000 4 0040 5 0000 6 000 0 7 50 5 5 8 5 7 7 / 333 10 /// 58 017 6 000 0 7 0000 
18-JUN-2015 09 48025 2 1 4 40 5 04 01 10 288 20 288 3 0000 4 0016 5 0000 6 000 0 7 01 9 6 8 3 9 4 1 333 10 /// 58 009 6 000 0 7 0000 
18-JUN-2015 09 48030 2 1 3 57 7 04 02 10 228 20 185 3 0000 4 0000 5 0000 6 000 0 7 20 5 5 8 5 9 4 0 333 10 /// 58 000 6 000 0 7 0000 
18-JUN-2015 09 48031 3 2 2 58 8 14 01 10 240 20 191 3 0000 4 0000 5 0000 6 000 0 7 00 0 0 8 8 9 / / 333 10 /// 58 000 6 000 0 7 0000 
18-JUN-2015 09 48033 3 2 5 63 4 18 01 10 370 20 227 3 0000 4 0009 5 0000 6 000 0 7 00 0 0 8 4 8 0 0 333 10 /// 58 011 6 000 0 7 0000 
18-JUN-2015 09 48034 3 1 4 56 6 23 02 10 261 20 215 3 0000 4 0000 5 0000 6 000 0 7 02 9 9 8 6 3 0 0 333 10 /// 58 000 6 000 0 7 0000 
18-JUN-2015 09 48035 2 2 5 60 7 14 02 10 311 20 225 3 0000 4 9994 5 0000 6 000 0 7 00 0 0 8 5 9 6 0 333 10 /// 58 000 6 000 0 7 0000 
18-JUN-2015 09 48037 3 2 5 60 7 14 01 10 373 20 227 3 0000 4 0006 5 0000 6 000 0 7 00 0 0 8 4 8 3 1 333 10 /// 58 004 6 000 0 7 0000 
18-JUN-2015 09 48039 3 2 4 60 7 14 01 10 355 20 235 3 0000 4 0000 5 0000 6 000 0 7 00 0 0 8 4 9 6 2 333 10 /// 58 000 6 000 0 7 0000 
18-JUN-2015 09 48042 3 2 5 60 6 18 02 10 370 20 227 3 0000 4 0003 5 0000 6 000 0 7 00 0 0 8 4 9 0 2 333 10 /// 58 001 6 000 0 7 0000 
18-JUN-2015 09 48043 3 2 5 56 8 18 05 10 260 20 229 3 0000 4 0000 5 0000 6 000 0 7 00 0 0 8 5 8 7 / 333 10 /// 58 000 6 000 0 7 0000 
18-JUN-2015 09 48045 3 2 5 57 5 14 02 10 254 20 219 3 0000 4 0000 5 0000 6 000 0 7 00 0 0 8 5 3 0 0 333 10 /// 58 000 6 000 0 7 0000 
18-JUN-2015 09 48048 3 2 5 60 6 18 01 10 370 20 227 3 0000 4 0005 5 0000 6 000 0 7 00 0 0 8 5 9 5 0 333 10 /// 58 004 6 000 0 7 0000 
18-JUN-2015 09 48051 3 2 5 60 3 13 03 10 342 20 270 3 0000 4 0000 5 0000 6 000 0 7 00 0 0 8 2 3 0 1 333 10 /// 58 000 6 000 0 7 0000 
18-JUN-2015 09 48052 3 2 4 68 4 13 01 10 402 20 230 3 0000 4 0000 5 0000 6 000 0 7 00 0 0 8 3 8 0 1 333 10 /// 58 000 6 000 0 7 0000 
18-JUN-2015 09 48053 3 2 4 60 6 18 03 10 350 20 254 3 0000 4 0009 5 0000 6 000 0 7 00 0 0 8 4 9 5 6 333 10 /// 58 005 6 000 0 7 0000 
18-JUN-2015 09 48055 3 2 5 57 5 16 05 10 316 20 208 3 0000 4 9985 5 0000 6 000 0 7 00 0 0 8 4 8 0 1 333 10 /// 59 002 6 000 0 7 0000 
18-JUN-2015 09 48057 3 2 4 58 6 14 03 10 270 20 191 3 0000 4 0000 5 0000 6 000 0 7 00 0 0 8 3 3 0 6 333 10 /// 58 000 6 000 0 7 0000 
18-JUN-2015 09 48060 2 1 3 40 8 00 00 10 270 20 219 3 0000 4 0010 5 0000 6 000 0 7 50 5 5 8 5 7 7 / 333 10 /// 59 002 6 000 0 7 0000 
18-JUN-2015 09 48062 3 2 4 57 7 18 09 10 310 20 280 3 0000 4 0018 5 0000 6 000 0 7 00 0 0 8 5 9 7 0 333 10 /// 58 003 6 000 0 7 0000 
18-JUN-2015 09 48064 3 2 5 70 3 04 01 10 370 20 291 3 0000 4 9996 5 0000 6 000 0 7 00 0 0 8 2 8 0 1 333 10 /// 58 001 6 000 0 7 0000 
18-JUN-2015 09 48065 3 2 5 58 4 14 05 10 370 20 246 3 0000 4 0000 5 0000 6 000 0 7 00 0 0 8 3 8 3 0 333 10 /// 58 000 6 000 0 7 0000 
18-JUN-2015 09 48071 2 1 4 58 7 23 04 10 290 20 274 3 0000 4 0025 5 0000 6 000 0 7 21 6 2 8 5 9 7 0 333 10 /// 58 010 6 000 0 7 0000 
18-JUN-2015 09 48072 3 2 4 60 6 18 06 10 310 20 282 3 0000 4 0000 5 0000 6 000 0 7 01 2 2 8 4 8 3 0 333 10 /// 58 000 6 000 0 7 0000 
18-JUN-2015 09 48074 3 2 4 61 6 18 04 10 330 20 258 3 0000 4 0014 5 0000 6 000 0 7 00 0 0 8 4 3 6 0 333 10 /// 58 002 6 000 0 7 0000 
18-JUN-2015 09 48075 3 2 4 57 5 13 01 10 330 20 172 3 0000 4 0000 5 0000 6 000 0 7 00 0 0 8 3 8 3 1 333 10 /// 59 017 6 000 0 7 0000 
18-JUN-2015 09 48077 3 2 5 59 7 23 03 10 327 20 258 3 0000 4 0020 5 0000 6 000 0 7 00 0 0 8 5 9 3 1 333 10 /// 58 001 6 000 0 7 0000 
18-JUN-2015 09 48078 3 2 5 58 5 18 01 10 336 20 250 3 0000 4 0030 5 0000 6 000 0 7 00 0 0 8 4 3 0 1 333 10 /// 58 006 6 000 0 7 0000 
18-JUN-2015 09 48080 3 2 4 59 7 22 03 10 301 20 253 3 0000 4 0031 5 0000 6 000 0 7 00 0 0 8 5 8 7 0 333 10 /// 58 000 6 000 0 7 0000 
18-JUN-2015 09 48085 2 2 4 58 7 32 02 10 300 20 253 3 0000 4 0023 5 0000 6 000 0 7 01 9 6 8 4 9 7 6 333 10 /// 58 002 6 000 0 7 0000 
18-JUN-2015 09 48087 3 2 5 60 6 23 01 10 316 20 265 3 0000 4 0000 5 0000 6 000 0 7 00 0 0 8 3 8 7 1 333 10 /// 58 000 6 000 0 7 0000 
18-JUN-2015 09 48092 3 2 4 58 6 23 02 10 290 20 254 3 0000 4 0011 5 0000 6 000 0 7 02 2 2 8 3 3 3 6 333 10 /// 59 005 6 000 0 7 0000 
18-JUN-2015 09 48093 2 1 5 57 7 23 01 10 272 20 268 3 0000 4 0000 5 0000 6 000 0 7 03 6 5 8 5 8 7 0 333 10 /// 58 000 6 000 0 7 0000 
18-JUN-2015 09 48094 2 2 4 59 7 22 03 10 305 20 250 3 0000 4 0032 5 0000 6 000 0 7 00 0 0 8 5 9 4 0 333 10 /// 58 002 6 000 0 7 0000 
18-JUN-2015 09 48095 2 1 4 58 8 22 01 10 305 20 282 3 0000 4 0000 5 0000 6 000 0 7 21 2 2 8 5 9 7 0 333 10 /// 58 000 6 000 0 7 0000 
18-JUN-2015 09 48097 3 1 5 57 7 18 02 10 305 20 254 3 0000 4 0040 5 0000 6 000 0 7 02 5 2 8 5 3 0 6 333 10 /// 59 006 6 000 0 7 0000 
18-JUN-2015 09 48099 2 1 3 30 8 23 01 10 280 20 268 3 0000 4 0046 5 0000 6 000 0 7 02 6 5 8 6 9 7 / 333 10 /// 58 017 6 000 0 7 0000 
18-JUN-2015 09 48101 2 1 4 58 8 23 03 10 301 20 239 3 0000 4 0000 5 0000 6 000 0 7 03 6 5 8 5 9 7 / 333 10 /// 58 000 6 000 0 7 0000 
18-JUN-2015 09 48103 3 2 4 57 6 22 02 10 318 20 265 3 0000 4 0037 5 0000 6 000 0 7 00 0 0 8 5 7 3 0 333 10 /// 58 004 6 000 0 7 0000 
18-JUN-2015 09 48107 3 2 3 50 5 23 02 10 284 20 250 3 0000 4 0055 5 0000 6 000 0 7 00 0 0 8 5 9 0 0 333 10 /// 58 017 6 000 0 7 0000 
18-JUN-2015 09 48108 2 1 5 96 7 23 03 10 280 20 250 3 0000 4 0064 5 0000 6 000 0 7 02 5 5 8 3 3 6 6 333 10 /// 58 012 6 000 0 7 0000 
18-JUN-2015 09 48110 2 1 5 96 8 18 03 10 295 20 250 3 0000 4 0071 5 0000 6 000 0 7 02 5 5 8 3 3 7 7 333 10 /// 58 014 6 000 0 7 0000 
18-JUN-2015 09 48112 2 1 5 97 8 14 01 10 275 20 256 3 0000 4 0074 5 0000 6 000 0 7 01 5 2 8 3 8 7 6 333 10 /// 59 003 6 000 0 7 0000 
