48001 NIL=
48004 21350 80000 10252 20252 70252 8697/ 333 56459=
48008 21450 62301 10245 20240 40036 75165 8597/ 333 56459 58003=
48010 21420 83601 10240 20240 40024 76166 887// 333 56899 59009=
48018 21550 83601 10235 20235 40022 76366 8497/ 333 56999 58005=
48019 21456 83201 10243 20240 40019 75155 8577/ 333 56569 58000=
48020 21256 80403 10255 20247 72055 8577/ 333 56899=
48025 22220 83601 10266 20256 40024 8587/ 333 56889 58016=
48035 32460 80402 10245 20215 70025 8597/ 333 56459 58002=
48037 22457 81802 10263 20246 40013 8587/ 333 56559 58016=
48042 22558 71305 10294 20248 40023 84870 333 56440 58015=
48045 21130 91402 10199 20199 72164 89/// 333 56999=
48048 21558 81802 10282 20233 40019 75055 8697/ 333 56499 58012=
48051 21456 81801 10254 20254 76066 86920 333 56490=
48053 22456 81803 10270 20256 40035 8557/ 333 56499 58013=
48060 22340 80000 10250 20226 40033 8677/ 333 56499 58022=
48062 21456 82303 10260 20260 40026 76165 86920 333 56990 58027=
48071 21356 82303 10250 20250 40042 76366 8692/ 333 5659/ 58027=
48075 21457 81401 10240 20226 40054 72055 8697/ 333 5649/ 58022=
48077 21457 80000 10274 20256 40035 70262 85970 333 56490 58016=
48078 21557 81801 10272 20256 40057 70255 8557/ 333 56499 58013=
48080 21458 80402 10263 20246 40053 70265 85870 333 56590 58024=
48085 22357 82205 10278 20270 40047 86720 333 56590 58018=
48095 22558 71803 10280 20268 70222 83840 333 56990=
48108 21494 82305 10260 20246 40090 75055 8537/ 333 5649/ 58015=
48109 22497 72301 10293 20259 40068 86930 333 56990 58023=
48110 21495 81303 10250 20250 40105 75165 8632/ 333 5669/ 58016=
48112 21597 81802 10265 20246 40107 75055 84876 333 56499 58017=
48030 21/09 90401 10186 20186 75055 89/// 333 56999=
48072 21458 81301 10280 20268 70365 8697/ 333 5699/=
48087 21450 82301 10268 20268 75055 8597/ 333 5649/=
48099 21440 82303 10272 20256 40065 70265 8697/ 333 5659/ 58006=
48101 21657 72301 10285 20268 70322 80070 333 56090=
48103 22450 81402 10270 20256 40068 8677/ 333 5655/ 58009=
48057 21456 82202 10210 20175 75055 86950 333 56590=
48094 22457 72202 10280 20270 40052 70322 85970 333 56590 58019=
48097 22557 72402 10290 20259 40065 85330 333 56590 58012=
48031 21/02 91801 10190 20190 76064 89/// 333 56999=
48033 22562 71801 10280 20250 40014 86970 333 56490 58012=
48034 21148 82302 10205 20205 75365 8692/ 333 56599=
48039 22460 72201 10281 20233 85960 333 56440=
48043 22540 81807 10210 20210 8687/ 333 56599=
48052 22460 71303 10284 20250 85970 333 56990=
48055 21456 62202 10252 20219 40032 70155 85930 333 56590 58009=
48064 21458 80000 10265 20260 40023 84820 333 56440 58034=
48065 21440 82201 10262 20262 75055 85970 333 56990=
48074 22458 72304 10280 20250 40059 85870 333 56440 58017=
48092 22457 71801 10280 20268 40035 84871 333 56599 58008=
48093 22456 82301 10282 20268 8637/ 333 56599=
48107 22330 72302 10278 20250 40079 85970 333 56550 58013=  