181200 48004 21110 80000 10253 20253 75065 8697/ 333 10270 56559 60032=
181200 48008 21456 80000 10265 20256 40005 75055 8497/ 333 10267 56449 58001 60012=
181200 48010 21410 80000 10250 20250 40000 76165 887// 333 10255 56599 58017 60042=
181200 48018 21556 80000 10245 20245 40008 75055 8497/ 333 10248 56999 58018 60282=
181200 48019 21450 83202 10250 20250 40009 70266 8572/ 333 10253 56599 58002 60012=
181200 48020 21350 80402 10260 20246 70355 85770 333 10275 56590 60002=
181200 48025 21330 73202 10266 20256 49992 70155 85770 333 10278 56890 58011 60032=
181200 48030 21/03 92202 10185 20185 76366 89/// 333 10220 56999 60172=
181200 48031 21/02 90401 10190 20190 76564 89/// 333 10210 56999 60112=
181200 48033 22560 81301 10260 20246 49993 86970 333 10314 56590 58017 60102=
181200 48034 21248 82301 10215 20215 75165 8692/ 333 10230 5659/ 60042=
181200 48035 21220 80000 10233 20230 40003 76266 8692/ 333 10252 56999 58005 60142=
181200 48037 21456 80000 10266 20266 49974 75055 8537/ 333 10308 56559 58012 60082=
181200 48039 32460 72201 10300 20239 8596/ 333 10324 56449 60002=
181200 48042 21557 81304 10280 20250 49991 76022 8597/ 333 10350 56449 58023 60012=
181200 48043 32520 81803 10230 20214 8587/ 333 10265 56599 60052=
181200 48045 21140 81802 10216 20205 72164 883// 333 10235 56599 60012=
181200 48048 22550 51801 10317 20236 49972 84950 333 10335 56490 58008 60062=
181200 48052 32450 71303 10315 20248 85930 333 10356 56390 60002=
181200 48053 21450 81803 10260 20260 49999 70265 8695/ 333 10295 56499 58015 60172=
181200 48055 21556 61805 10265 20214 49983 70255 85940 333 10289 56550 58018 60012=
181200 48057 21456 71302 10210 20195 70255 85950 333 10235 56490 60022=
181200 48060 32330 80000 10270 20226 40013 8597/ 333 10312 5659/ 58010 60002=
181200 48062 22456 82304 10270 20260 49989 86970 333 10300 56590 58007 60352=
181200 48064 21450 83601 10281 20268 49975 84870 333 10310 56440 58006 60012=
181200 48065 31450 80402 10280 20268 86970 333 10305 56990 60002=  
181200 48071 22356 82302 10260 20260 40000 8692/ 333 10275 5699/ 58011 60252=
181200 48072 21456 80000 10270 20256 70365 86970 333 10295 56590 60172=
181200 48101 21450 82302 10268 20256 75165 8697/ 333 10313 5659/ 60132=
181200 48108 21495 72303 10270 20263 40059 72055 84376 333 10300 56599 58010 60082=
