18-MAY-2015 00 48008 2 1 4 40 8 23 02 10 250 20 233 3 0000 4 0056 5 0000 6 000 0 7 51 5 5 8 4 9 7 / 333 20 240 59 000 6 990 2 7 0000 
18-MAY-2015 00 48010 3 2 5 40 6 00 00 10 270 20 240 3 0000 4 0040 5 0000 6 000 0 7 00 0 0 8 3 7 3 0 333 20 260 58 005 6 000 2 7 0000 
18-MAY-2015 00 48018 2 1 5 56 8 32 01 10 245 20 233 3 0000 4 0044 5 0000 6 000 0 7 63 9 6 8 5 9 7 / 333 20 240 59 011 6 017 2 7 0000 
18-MAY-2015 00 48019 2 1 4 50 8 32 01 10 237 20 230 3 0000 4 0061 5 0000 6 000 0 7 50 5 5 8 5 7 7 / 333 20 235 58 016 6 014 2 7 0000 
18-MAY-2015 00 48025 2 2 3 10 8 00 00 10 260 20 246 3 0000 4 0056 5 0000 6 000 0 7 00 0 0 8 5 7 7 / 333 20 254 58 011 6 021 2 7 0000 
18-MAY-2015 00 48033 2 2 5 60 2 13 01 10 243 20 240 3 0000 4 0068 5 0000 6 000 0 7 00 0 0 8 6 9 7 0 333 20 230 58 009 6 018 2 7 0000 
18-MAY-2015 00 48035 2 1 2 10 8 00 00 10 223 20 220 3 0000 4 0068 5 0000 6 000 0 7 52 6 6 8 6 9 2 / 333 20 216 58 013 6 002 2 7 0000 
18-MAY-2015 00 48037 2 1 5 50 8 36 01 10 249 20 240 3 0000 4 0061 5 0000 6 000 0 7 50 5 5 8 8 3 / / 333 20 233 58 031 6 022 2 7 0000 
18-MAY-2015 00 48042 2 1 5 56 7 00 00 10 255 20 255 3 0000 4 0057 5 0000 6 000 0 7 02 9 6 8 4 9 7 0 333 20 238 58 009 6 015 2 7 0000 
18-MAY-2015 00 48048 2 1 5 50 5 04 01 10 283 20 233 3 0000 4 0052 5 0000 6 000 0 7 20 5 5 8 4 8 5 0 333 20 278 58 013 6 990 2 7 0000 
18-MAY-2015 00 48052 3 2 4 50 5 00 00 10 298 20 253 3 0000 4 0000 5 0000 6 000 0 7 00 0 0 8 5 9 0 0 333 20 291 58 000 6 000 0 7 0000 
18-MAY-2015 00 48053 3 2 4 50 7 18 04 10 280 20 246 3 0000 4 0048 5 0000 6 000 0 7 00 0 0 8 5 8 5 0 333 20 258 59 010 6 000 2 7 0000 
18-MAY-2015 00 48055 2 2 5 56 4 00 00 10 208 20 201 3 0000 4 0068 5 0000 6 000 0 7 00 0 0 8 2 5 4 1 333 20 204 59 014 6 007 2 7 0000 
18-MAY-2015 00 48060 2 1 4 30 5 00 00 10 230 20 214 3 0000 4 0066 5 0000 6 000 0 7 40 4 4 8 4 8 3 0 333 20 212 59 003 6 990 2 7 0000 
18-MAY-2015 00 48062 2 1 4 40 8 00 00 10 260 20 250 3 0000 4 0064 5 0000 6 000 0 7 62 6 6 8 6 9 2 / 333 20 230 59 002 6 006 2 7 0000 
18-MAY-2015 00 48064 3 2 5 50 5 04 01 10 298 20 253 3 0000 4 0036 5 0000 6 000 0 7 00 0 0 8 3 8 3 1 333 20 264 58 012 6 000 0 7 0000 
18-MAY-2015 00 48071 2 1 3 40 8 05 02 10 260 20 246 3 0000 4 0061 5 0000 6 000 0 7 63 6 6 8 6 9 2 / 333 20 255 59 007 6 004 2 7 0000 
18-MAY-2015 00 48074 2 1 4 56 7 14 04 10 267 20 240 3 0000 4 0073 5 0000 6 000 0 7 01 5 5 8 4 7 7 0 333 20 240 58 004 6 990 2 7 0000 
18-MAY-2015 00 48075 2 2 4 56 5 00 00 10 230 20 230 3 0000 4 0078 5 0000 6 000 0 7 00 0 0 8 5 8 0 0 333 20 210 59 014 6 000 2 7 0000 
18-MAY-2015 00 48077 2 2 5 56 7 00 00 10 274 20 240 3 0000 4 0061 5 0000 6 000 0 7 00 0 0 8 5 9 3 1 333 20 235 58 002 6 000 0 7 0000 
18-MAY-2015 00 48078 2 2 5 50 3 18 02 10 276 20 240 3 0000 4 0079 5 0000 6 000 0 7 00 0 0 8 3 5 0 1 333 20 261 58 005 6 000 0 7 0000 
18-MAY-2015 00 48080 2 1 4 56 8 00 00 10 250 20 250 3 0000 4 0082 5 0000 6 000 0 7 51 9 6 8 5 7 2 0 333 20 250 58 012 6 032 2 7 0000 
18-MAY-2015 00 48085 2 1 3 56 8 09 01 10 254 20 250 3 0000 4 0067 5 0000 6 000 0 7 02 6 5 8 6 9 7 0 333 20 253 58 004 6 014 2 7 0000 
18-MAY-2015 00 48087 3 2 4 50 7 70 00 10 264 20 246 3 0000 4 0000 5 0000 6 000 0 7 00 0 0 8 4 8 7 0 333 20 247 58 000 6 000 0 7 0000 
18-MAY-2015 00 48092 3 1 5 57 6 00 00 10 265 20 258 3 0000 4 0051 5 0000 6 000 0 7 05 2 2 8 4 3 3 1 333 20 255 59 002 6 000 2 7 0000 
18-MAY-2015 00 48093 2 2 5 50 6 23 01 10 270 20 256 3 0000 4 0000 5 0000 6 000 0 7 00 0 0 8 3 8 4 1 333 20 264 58 000 6 000 0 7 0000 
18-MAY-2015 00 48094 2 1 4 57 8 00 00 10 260 20 260 3 0000 4 0080 5 0000 6 000 0 7 51 6 5 8 6 7 2 0 333 20 210 58 006 6 002 2 7 0000 
18-MAY-2015 00 48097 3 2 5 57 6 13 01 10 270 20 248 3 0000 4 0082 5 0000 6 000 0 7 00 0 0 8 3 5 5 0 333 20 248 59 012 6 000 0 7 0000 
18-MAY-2015 00 48099 2 1 3 30 7 18 01 10 260 20 246 3 0000 4 0081 5 0000 6 000 0 7 02 6 6 8 4 9 7 0 333 20 232 58 014 6 002 2 7 0000 
18-MAY-2015 00 48103 2 1 3 40 8 22 01 10 267 20 256 3 0000 4 0079 5 0000 6 000 0 7 50 6 6 8 7 7 2 0 333 20 247 58 005 6 019 2 7 0000 
18-MAY-2015 00 48108 2 1 4 94 8 23 01 10 245 20 245 3 0000 4 0098 5 0000 6 000 0 7 95 9 5 8 4 9 7 / 333 20 226 58 010 6 030 2 7 0000 
18-MAY-2015 00 48109 2 2 4 96 8 00 00 10 276 20 250 3 0000 4 0081 5 0000 6 000 0 7 00 0 0 8 6 9 7 / 333 20 212 58 007 6 012 2 7 0000 
18-MAY-2015 00 48110 2 1 5 96 8 13 02 10 260 20 246 3 0000 4 0098 5 0000 6 000 0 7 02 5 5 8 2 3 5 7 333 20 255 58 009 6 001 2 7 0000 
18-MAY-2015 00 48112 2 1 5 97 8 22 01 10 257 20 257 3 0000 4 0102 5 0000 6 000 0 7 17 9 5 8 4 9 7 6 333 20 205 58 012 6 012 2 7 0000 
