180900 48001 32556 50401 10280 20158 40081 83840 333 56220 58026=
180900 48004 31558 21301 10327 20191 70511 82800 333 56900=
180900 48008 31556 62302 10337 20145 40067 70544 82431 333 56566 59001=
180900 48010 32560 40000 10350 20202 40063 83830 333 56660 59002=
180900 48018 32960 02202 10370 20096 40062 333 58008=
180900 48019 32960 02301 10352 20203 40068 333 58005=
180900 48025 31440 23601 10370 20171 40066 70544 82500 333 56900 59002=
180900 48030 31256 62204 10228 20045 70544 86800 333 56500=
180900 48031 31259 40401 10260 20070 70511 84800 333 56400=
180900 48033 32963 03601 10380 20187 40067 333 58009=
180900 48034 32958 01801 10314 20068 333=
180900 48035 31920 02703 10329 20041 40033 70400 333 59005=
180900 48037 31956 03201 10390 20154 40087 70544 333 58022=
180900 48039 32958 31401 10370 20148 80002 333 56009=
180900 48042 32958 03602 10380 20112 40050 333 59008=
180900 48043 32059 03207 10295 20124 333=
180900 48045 32558 41405 10310 29019 84800 333 56500=
180900 48048 32962 00401 10380 20159 40063 333 58000=
180900 48051 32559 23603 10388 20150 70311 82200 333 56900=
180900 48052 32970 03201 10410 20189 333=
180900 48053 31950 03604 10380 20240 40067 70500 333 58008=
180900 48055 31556 32214 10341 20125 40021 70511 83100 333 56400 59007=
180900 48057 32460 33203 10304 20098 83800 333 56600=
180900 48060 31430 23203 10343 20145 40024 70544 81130 333 56560 59021=
180900 48062 32958 02709 10335 20290 40084 333 58001=
180900 48064 32970 01401 10404 20230 40037 333 59010=
180900 48065 32970 00000 10414 20120 333=
180900 48071 32960 03204 10320 20248 40086 333 58005=
180900 48072 32960 03206 10345 20280 70222 333=
180900 48074 31958 02703 10370 20227 40078 333 58006=
180900 48075 31957 00401 10350 20140 40044 70500 333 59003=
180900 48077 31958 00000 10390 20198 40064 70500 333 58005=
180900 48078 32558 22301 10374 20234 40066 81101 333 56909 58001=
180900 48080 32960 02206 10344 20225 40065 333 59002=
180900 48085 32458 33205 10314 20254 40082 83800 333 56700 58001=
180900 48087 32960 02301 10378 20203 333=
180900 48092 31557 21802 10360 20242 40049 70522 82500 333 56900 59015=
180900 48094 31960 03203 10370 20255 40074 70500 333 59001=
180900 48095 32960 01402 10370 20258 333=
180900 48097 32957 01401 10370 20190 40081 333 59018=
180900 48099 32456 62304 10362 20235 40073 85801 333 56509 59004=
180900 48101 32961 03201 10350 20219 333=
180900 48103 32556 42201 10337 20240 40077 84800 333 56500 59010=
180900 48107 32950 02701 10328 20234 40076 333 59006=
180900 48108 32596 43205 10350 20237 40086 83806 333 56409 59002=
180900 48109 32997 03601 10312 20254 40098 70122 333 59001=
180900 48110 31596 23205 10340 20240 40087 70511 81305 333 56909 59003=
