18-MAY-2015 12 48001 3 2 4 40 7 00 00 10 250 20 219 3 0000 4 0059 5 0000 6 000 0 7 00 0 0 8 4 8 5 0 333 10 266 58 014 6 000 0 7 0000 
18-MAY-2015 12 48008 2 2 4 50 8 04 01 10 255 20 229 3 0000 4 0000 5 0000 6 000 0 7 00 0 0 8 4 9 7 / 333 10 257 58 022 6 042 2 7 0000 
18-MAY-2015 12 48010 2 2 4 30 7 32 01 10 300 20 239 3 0000 4 0033 5 0000 6 000 0 7 00 0 0 8 4 9 7 0 333 10 317 58 021 6 990 2 7 0000 
18-MAY-2015 12 48018 2 1 5 56 8 00 00 10 265 20 226 3 0000 4 0037 5 0000 6 000 0 7 50 5 5 8 4 8 7 / 333 10 297 58 037 6 001 2 7 0000 
18-MAY-2015 12 48019 2 2 4 40 8 32 01 10 258 20 246 3 0000 4 0041 5 0000 6 000 0 7 00 0 0 8 5 7 7 / 333 10 317 58 020 6 000 2 7 0000 
18-MAY-2015 12 48025 2 1 2 20 8 18 02 10 256 20 246 3 0000 4 0049 5 0000 6 000 0 7 51 6 5 8 5 7 7 / 333 10 310 58 039 6 006 2 7 0000 
18-MAY-2015 12 48031 3 1 2 57 8 14 01 10 220 20 185 3 0000 4 0000 5 0000 6 000 0 7 05 4 4 8 8 8 / / 333 10 245 58 000 6 000 0 7 0000 
18-MAY-2015 12 48033 2 1 4 60 8 00 00 10 253 20 250 3 0000 4 0048 5 0000 6 000 0 7 50 5 5 8 6 9 7 / 333 10 263 58 029 6 000 0 7 0000 
18-MAY-2015 12 48035 2 1 2 30 8 00 00 10 247 20 219 3 0000 4 0037 5 0000 6 000 0 7 61 6 6 8 5 9 7 / 333 10 252 58 027 6 004 2 7 0000 
18-MAY-2015 12 48037 2 1 4 50 8 32 01 10 263 20 260 3 0000 4 0036 5 0000 6 000 0 7 21 6 2 8 5 8 2 / 333 10 308 58 009 6 009 0 7 0000 
18-MAY-2015 12 48042 2 1 4 56 8 00 00 10 245 20 245 3 0000 4 0039 5 0000 6 000 0 7 50 5 5 8 5 9 7 / 333 10 282 58 032 6 031 2 7 0000 
18-MAY-2015 12 48048 2 1 5 50 7 04 01 10 278 20 233 3 0000 4 0032 5 0000 6 000 0 7 20 5 5 8 5 9 5 0 333 10 380 58 027 6 990 2 7 0000 
18-MAY-2015 12 48052 3 2 4 50 8 04 08 10 305 20 237 3 0000 4 0000 5 0000 6 000 0 7 00 0 0 8 5 9 7 0 333 10 382 58 000 6 000 0 7 0000 
18-MAY-2015 12 48053 2 1 4 50 8 36 02 10 270 20 270 3 0000 4 0035 5 0000 6 000 0 7 51 5 5 8 5 9 7 / 333 10 320 58 023 6 003 2 7 0000 
18-MAY-2015 12 48055 2 1 4 56 7 04 05 10 240 20 226 3 0000 4 0034 5 0000 6 000 0 7 17 9 5 8 5 9 7 0 333 10 319 59 002 6 990 2 7 0000 
18-MAY-2015 12 48060 2 2 4 30 7 00 00 10 280 20 220 3 0000 4 0030 5 0000 6 000 0 7 00 0 0 8 4 7 7 0 333 10 342 58 025 6 990 2 7 0000 
18-MAY-2015 12 48062 2 1 4 56 8 18 05 10 270 20 260 3 0000 4 0046 5 0000 6 000 0 7 20 6 5 8 6 9 7 0 333 10 322 58 003 6 023 2 7 0000 
18-MAY-2015 12 48064 3 2 4 50 8 04 01 10 328 20 258 3 0000 4 0016 5 0000 6 000 0 7 00 0 0 8 4 8 7 0 333 10 365 58 014 6 000 0 7 0000 
18-MAY-2015 12 48065 2 2 4 50 8 14 04 10 325 20 244 3 0000 4 0000 5 0000 6 000 0 7 00 0 0 8 4 8 7 0 333 10 362 58 000 6 000 0 7 0000 
18-MAY-2015 12 48071 2 1 3 56 8 18 01 10 245 20 245 3 0000 4 0051 5 0000 6 000 0 7 21 6 2 8 6 9 2 / 333 10 320 59 002 6 064 2 7 0000 
18-MAY-2015 12 48074 2 1 4 57 6 23 01 10 285 20 250 3 0000 4 0040 5 0000 6 000 0 7 17 9 6 8 3 9 6 1 333 10 335 59 011 6 005 2 7 0000 
18-MAY-2015 12 48075 2 1 4 56 6 00 00 10 280 20 230 3 0000 4 0044 5 0000 6 000 0 7 02 6 5 8 4 8 3 0 333 10 305 58 018 6 003 2 7 0000 
18-MAY-2015 12 48077 2 1 4 56 8 23 02 10 270 20 240 3 0000 4 0046 5 0000 6 000 0 7 02 9 6 8 5 9 3 1 333 10 326 58 006 6 004 2 7 0000 
18-MAY-2015 12 48078 2 1 4 40 8 23 01 10 249 20 242 3 0000 4 0066 5 0000 6 000 0 7 95 9 6 8 6 9 2 / 333 10 307 58 007 6 035 2 7 0000 
18-MAY-2015 12 48080 2 1 4 57 8 04 01 10 255 20 255 3 0000 4 0063 5 0000 6 000 0 7 52 6 5 8 5 7 2 0 333 10 330 58 008 6 024 2 7 0000 
18-MAY-2015 12 48085 2 1 3 56 8 09 04 10 270 20 270 3 0000 4 0060 5 0000 6 000 0 7 50 6 5 8 6 9 7 0 333 10 330 58 003 6 013 2 7 0000 
18-MAY-2015 12 48092 2 1 4 56 7 00 00 10 260 20 253 3 0000 4 0049 5 0000 6 000 0 7 03 9 6 8 4 9 7 1 333 10 370 58 005 6 015 2 7 0000 
18-MAY-2015 12 48094 3 2 4 56 7 22 01 10 280 20 260 3 0000 4 0065 5 0000 6 000 0 7 03 2 2 8 5 9 7 0 333 10 325 58 000 6 012 2 7 0000 
18-MAY-2015 12 48097 2 1 4 56 8 33 02 10 260 20 260 3 0000 4 0069 5 0000 6 000 0 7 20 9 5 8 4 9 7 / 333 10 360 59 003 6 015 2 7 0000 
18-MAY-2015 12 48099 2 2 3 40 7 18 04 10 282 20 250 3 0000 4 0062 5 0000 6 000 0 7 00 0 0 8 5 9 4 0 333 10 300 59 001 6 012 2 7 0000 
18-MAY-2015 12 48103 2 2 5 50 6 14 01 10 292 20 259 3 0000 4 0063 5 0000 6 000 0 7 00 0 0 8 6 8 0 0 333 10 303 59 001 6 990 2 7 0000 
18-MAY-2015 12 48107 2 2 3 30 6 23 01 10 278 20 250 3 0000 4 0073 5 0000 6 000 0 7 00 0 0 8 4 9 7 0 333 10 292 59 002 6 014 2 7 0000 
18-MAY-2015 12 48108 3 2 5 96 6 23 02 10 295 20 263 3 0000 4 0077 5 0000 6 000 0 7 00 0 0 8 3 3 4 6 333 10 315 59 008 6 000 0 7 0000 
18-MAY-2015 12 48109 3 2 4 96 7 00 00 10 304 20 266 3 0000 4 0074 5 0000 6 000 0 7 02 2 2 8 5 9 7 0 333 10 314 58 005 6 000 2 7 0000 
18-MAY-2015 12 48110 2 1 4 96 8 18 02 10 295 20 256 3 0000 4 0083 5 0000 6 000 0 7 02 9 9 8 4 3 5 7 333 10 335 59 001 6 004 2 7 0000 
18-MAY-2015 12 48112 3 2 5 98 8 27 01 10 305 20 260 3 0000 4 0082 5 0000 6 000 0 7 01 2 2 8 2 2 1 6 333 10 340 58 001 6 000 0 7 0000 
