18-MAY-2015 18 48008 3 1 4 10 8 00 00 10 246 20 235 3 0000 4 0062 5 0000 6 000 0 7 02 5 5 8 4 9 7 / 333 10 /// 58 031 6 000 0 7 0000 
18-MAY-2015 18 48010 2 2 5 01 4 00 00 10 260 20 246 3 0000 4 0070 5 0000 6 000 0 7 00 0 0 8 2 5 3 0 333 10 /// 58 030 6 000 0 7 0000 
18-MAY-2015 18 48018 2 1 4 10 7 32 01 10 250 20 233 3 0000 4 0079 5 0000 6 000 0 7 20 5 5 8 3 8 7 / 333 10 /// 58 025 6 000 0 7 0000 
18-MAY-2015 18 48025 2 1 2 05 8 00 00 10 245 20 225 3 0000 4 0102 5 0000 6 000 0 7 02 6 5 8 5 7 7 / 333 10 /// 58 028 6 000 0 7 0000 
18-MAY-2015 18 48042 2 1 4 40 8 13 01 10 250 20 250 3 0000 4 0062 5 0000 6 000 0 7 50 6 6 8 5 9 7 / 333 10 /// 58 018 6 000 0 7 0000 
18-MAY-2015 18 48053 2 2 4 40 8 00 00 10 250 20 250 3 0000 4 0064 5 0000 6 000 0 7 02 9 5 8 5 9 7 / 333 10 /// 58 013 6 000 0 7 0000 
18-MAY-2015 18 48057 2 1 4 39 8 14 01 10 200 20 200 3 0000 4 0000 5 0000 6 000 0 7 53 6 5 8 5 9 7 0 333 10 /// 58 000 6 000 0 7 0000 
18-MAY-2015 18 48060 2 1 4 20 8 00 00 10 240 20 226 3 0000 4 0050 5 0000 6 000 0 7 50 5 5 8 5 9 7 / 333 10 /// 58 011 6 000 0 7 0000 
18-MAY-2015 18 48062 2 1 4 50 8 32 04 10 270 20 240 3 0000 4 0070 5 0000 6 000 0 7 20 5 5 8 6 9 7 / 333 10 /// 59 006 6 000 0 7 0000 
18-MAY-2015 18 48071 2 1 3 20 8 23 02 10 255 20 255 3 0000 4 0051 5 0000 6 000 0 7 60 6 6 8 6 9 2 / 333 10 /// 59 014 6 000 0 7 0000 
18-MAY-2015 18 48078 2 1 4 40 8 23 01 10 250 20 242 3 0000 4 0100 5 0000 6 000 0 7 00 0 0 8 5 9 7 / 333 10 /// 58 001 6 000 0 7 0000 
18-MAY-2015 18 48080 2 1 4 40 8 22 01 10 253 20 250 3 0000 4 0075 5 0000 6 000 0 7 51 6 5 8 5 7 2 0 333 10 /// 59 003 6 000 0 7 0000 
18-MAY-2015 18 48094 3 2 4 50 7 00 00 10 260 20 255 3 0000 4 0082 5 0000 6 000 0 7 00 0 0 8 5 9 7 0 333 10 /// 59 004 6 000 0 7 0000 
18-MAY-2015 18 48097 2 2 4 56 8 14 01 10 265 20 258 3 0000 4 0092 5 0000 6 000 0 7 00 0 0 8 8 5 / / 333 10 /// 58 003 6 000 0 7 0000 
18-MAY-2015 18 48099 2 1 2 10 8 00 00 10 250 20 250 3 0000 4 0107 5 0000 6 000 0 7 96 9 6 8 6 9 7 / 333 10 /// 58 014 6 000 0 7 0000 
18-MAY-2015 18 48103 2 1 4 10 8 14 02 10 260 20 260 3 0000 4 0070 5 0000 6 000 0 7 02 6 6 8 5 7 3 0 333 10 /// 59 006 6 000 0 7 0000 
18-MAY-2015 18 48108 3 2 5 94 5 32 01 10 265 20 258 3 0000 4 0110 5 0000 6 000 0 7 00 0 0 8 3 3 0 6 333 10 /// 58 008 6 000 0 7 0000 
18-MAY-2015 18 48110 2 1 4 95 6 13 02 10 260 20 246 3 0000 4 0111 5 0000 6 000 0 7 02 9 9 8 3 3 5 6 333 10 /// 58 005 6 000 0 7 0000 
18-MAY-2015 18 48112 3 2 5 98 6 22 02 10 285 20 268 3 0000 4 0093 5 0000 6 000 0 7 00 0 0 8 2 2 4 6 333 10 /// 58 000 6 000 0 7 0000 
