



*-*-*


<!--
.style2 {
	font-family:"Courier New", Courier, monospace;
	font-size: 14px;
}
-->






SMBM01 VBRR 180600

AAXX 18064

48001 NIL=

48004 31458 40401 10311 20146 70511 84900 333 56800=

48008 31556 52301 10308 20169 40105 70544 82431 333 56566 59004=

48010 32560 01801 10330 20172 40098 82801 333 56606 59004=

48018 32960 00402 10340 20125 40100 333 58000=

48019 32960 02301 10327 20173 40105 333 59002=

48020 31258 53602 10350 20219 70500 85700 333 56500=

48025 31430 10401 10357 20156 40108 70544 81500 333 56900 59004=

48030 32256 53204 10220 20065 70544 85800 333 56500=

48031 31960 00401 10255 20046 70500 333=

48033 32963 03601 10360 20195 40062 333 59011=

48034 32958 00403 10290 20060 333=

48035 31920 02203 10303 20069 40071 70400 333 58002=

48037 31956 03201 10365 20132 40104 70544 333 58010=

48039 31950 30401 10350 20143 70511 80002 333 56009=

48042 32957 03602 10365 20116 40085 333 59004=

48043 32758 23206 10280 20154 82200 333 56600=

48045 32560 21403 10290 20060 82800 333 56500=

48048 32962 00402 10355 20156 40104 333 59014=

48051 31958 03602 10371 20170 70500 333=

48052 32970 03202 10310 20269 333=

48053 31950 03602 10350 20237 40099 70500 333 59001=

48055 31556 10408 10322 20140 40057 70500 81100 333 56400 59013=

48057 32460 32201 10284 20126 83800 333 56600=

48060 31930 00000 10297 20149 40074 70544 333 59030=

48062 32958 02708 10345 20280 40111 333 59004=

48064 32970 00401 10368 20246 40074 333 59017=

48065 32970 00403 10370 20171 333=

48071 32960 03203 10310 20237 40108 333 59010=

48072 32960 02704 10340 20257 70122 333=

48074 32959 02701 10330 20244 40105 333 59015=

48075 31957 00901 10340 20150 40067 70500 333 59015=

48077 31958 02301 10370 20190 40093 70500 333 59007=

48078 32557 31801 10352 20237 40113 81501 333 56409 58003=

48080 32961 02204 10343 20225 40092 333 59010=

48085 31958 02705 10319 20248 40101 70500 333 59014=

48087 32960 02303 10323 20215 333=

48092 31557 21302 10345 20209 40092 70522 82500 333 56900 59009=

48093 32658 11401 10336 20225 70111 81100 333 56900=

48094 31960 03202 10350 20255 40103 70522 333 59011=

48095 32958 00000 10330 20244 333=

48096 32958 01207 10330 20191 40104 333 59010=

48097 32957 01301 10340 20206 40123 333 58002=

48099 31450 52704 10240 20240 40099 70522 83800 333 56500 59017=

48101 32960 03201 10327 20224 333=

48103 32557 62201 10336 20240 40107 86800 333 56500 59009=

48107 32950 02301 10340 20225 40102 333 59011=

48108 32596 52303 10345 20240 40111 83806 333 56509 59015=

48109 32497 23601 10310 20254 40105 70222 82800 333 56900 59007=

48110 32596 22703 10350 20237 40111 81305 333 56909 59012=

48112 NIL=  





