18-MAY-2015 06 48001 3 2 4 40 8 14 01 10 260 20 215 3 0000 4 0078 5 0000 6 000 0 7 00 0 0 8 4 8 6 / 333 10 /// 58 004 6 000 0 7 0000 
18-MAY-2015 06 48004 3 1 1 10 8 04 01 10 267 20 258 3 0000 4 0000 5 0000 6 000 0 7 50 5 2 8 6 9 7 / 333 10 /// 58 000 6 000 0 7 0000 
18-MAY-2015 06 48008 2 1 4 50 8 00 00 10 243 20 235 3 0000 4 0077 5 0000 6 000 0 7 63 6 5 8 4 9 7 / 333 10 /// 58 018 6 000 0 7 0000 
18-MAY-2015 06 48010 2 1 4 58 8 00 00 10 295 20 253 3 0000 4 0069 5 0000 6 000 0 7 50 5 5 8 5 7 7 / 333 10 /// 58 025 6 000 0 7 0000 
18-MAY-2015 06 48018 2 1 5 59 8 32 01 10 265 20 240 3 0000 4 0065 5 0000 6 000 0 7 50 5 5 8 5 8 7 / 333 10 /// 58 004 6 000 0 7 0000 
18-MAY-2015 06 48019 3 2 4 58 8 00 00 10 300 20 239 3 0000 4 0069 5 0000 6 000 0 7 00 0 0 8 4 7 6 0 333 10 /// 58 014 6 000 0 7 0000 
18-MAY-2015 06 48020 3 2 3 56 8 36 02 10 320 20 265 3 0000 4 0000 5 0000 6 000 0 7 00 0 0 8 8 8 0 0 333 10 /// 58 000 6 000 0 7 0000 
18-MAY-2015 06 48025 2 1 3 30 7 32 03 10 302 20 239 3 0000 4 0069 5 0000 6 000 0 7 20 5 5 8 4 8 7 0 333 10 /// 58 011 6 000 0 7 0000 
18-MAY-2015 06 48030 2 1 2 50 8 04 01 10 217 20 173 3 0000 4 0000 5 0000 6 000 0 7 50 5 5 8 6 9 7 / 333 10 /// 58 000 6 000 0 7 0000 
18-MAY-2015 06 48031 3 1 2 58 8 14 01 10 240 20 174 3 0000 4 0000 5 0000 6 000 0 7 05 4 4 8 8 8 / / 333 10 /// 58 000 6 000 0 7 0000 
18-MAY-2015 06 48033 2 1 5 61 7 09 01 10 230 20 230 3 0000 4 0067 5 0000 6 000 0 7 50 6 6 8 6 9 7 0 333 10 /// 58 015 6 000 0 7 0000 
18-MAY-2015 06 48034 2 1 2 48 8 00 00 10 195 20 195 3 0000 4 0000 5 0000 6 000 0 7 61 9 5 8 6 9 2 / 333 10 /// 58 000 6 000 0 7 0000 
18-MAY-2015 06 48035 2 1 3 20 8 22 02 10 241 20 209 3 0000 4 0068 5 0000 6 000 0 7 60 6 6 8 6 9 2 / 333 10 /// 58 029 6 000 0 7 0000 
18-MAY-2015 06 48037 2 1 5 58 6 32 02 10 294 20 259 3 0000 4 0058 5 0000 6 000 0 7 20 5 2 8 5 8 3 0 333 10 /// 58 009 6 000 0 7 0000 
18-MAY-2015 06 48039 3 2 4 59 7 14 02 10 274 20 240 3 0000 4 0000 5 0000 6 000 0 7 00 0 0 8 5 9 6 0 333 10 /// 58 000 6 000 0 7 0000 
18-MAY-2015 06 48042 2 1 4 57 7 13 01 10 263 20 263 3 0000 4 0063 5 0000 6 000 0 7 17 6 6 8 4 9 7 2 333 10 /// 58 013 6 000 0 7 0000 
18-MAY-2015 06 48043 3 2 5 40 8 18 03 10 235 20 209 3 0000 4 0000 5 0000 6 000 0 7 00 0 0 8 5 8 7 / 333 10 /// 58 000 6 000 0 7 0000 
18-MAY-2015 06 48045 3 1 / 06 9 04 01 10 227 20 214 3 0000 4 0000 5 0000 6 000 0 7 45 4 4 8 9 / / / 333 10 /// 58 000 6 000 0 7 0000 
18-MAY-2015 06 48048 3 2 5 60 6 22 02 10 360 20 235 3 0000 4 0049 5 0000 6 000 0 7 00 0 0 8 4 8 5 0 333 10 /// 58 001 6 000 0 7 0000 
18-MAY-2015 06 48052 3 2 4 68 5 22 03 10 372 20 227 3 0000 4 0000 5 0000 6 000 0 7 00 0 0 8 5 9 0 0 333 10 /// 58 000 6 000 0 7 0000 
18-MAY-2015 06 48053 2 1 4 50 6 18 01 10 300 20 266 3 0000 4 0070 5 0000 6 000 0 7 51 5 5 8 4 9 5 6 333 10 /// 58 016 6 000 0 7 0000 
18-MAY-2015 06 48055 3 2 5 56 6 23 05 10 296 20 202 3 0000 4 0039 5 0000 6 000 0 7 00 0 0 8 5 3 3 0 333 10 /// 58 001 6 000 0 7 0000 
18-MAY-2015 06 48057 3 2 4 58 7 22 04 10 253 20 167 3 0000 4 0000 5 0000 6 000 0 7 00 0 0 8 5 3 5 0 333 10 /// 58 000 6 000 0 7 0000 
18-MAY-2015 06 48060 3 2 4 56 5 22 02 10 340 20 184 3 0000 4 0032 5 0000 6 000 0 7 00 0 0 8 5 3 0 0 333 10 /// 59 005 6 000 0 7 0000 
18-MAY-2015 06 48062 2 1 4 56 8 13 05 10 280 20 270 3 0000 4 0074 5 0000 6 000 0 7 03 5 5 8 6 9 7 0 333 10 /// 59 001 6 000 0 7 0000 
18-MAY-2015 06 48064 3 2 4 70 8 04 01 10 310 20 267 3 0000 4 0053 5 0000 6 000 0 7 00 0 0 8 5 9 7 0 333 10 /// 58 012 6 000 0 7 0000 
18-MAY-2015 06 48065 2 1 4 68 8 04 02 10 302 20 266 3 0000 4 0000 5 0000 6 000 0 7 50 5 5 8 6 9 7 0 333 10 /// 58 000 6 000 0 7 0000 
18-MAY-2015 06 48071 2 1 3 58 8 05 02 10 265 20 265 3 0000 4 0083 5 0000 6 000 0 7 21 6 2 8 6 9 2 / 333 10 /// 58 000 6 000 0 7 0000 
18-MAY-2015 06 48072 2 1 4 58 8 00 00 10 270 20 250 3 0000 4 0000 5 0000 6 000 0 7 60 6 5 8 6 9 7 0 333 10 /// 58 000 6 000 0 7 0000 
18-MAY-2015 06 48074 3 2 5 59 6 09 02 10 330 20 244 3 0000 4 0073 5 0000 6 000 0 7 00 0 0 8 4 8 6 0 333 10 /// 59 001 6 000 0 7 0000 
18-MAY-2015 06 48075 3 2 4 57 7 22 01 10 290 20 230 3 0000 4 0076 5 0000 6 000 0 7 00 0 0 8 5 3 6 0 333 10 /// 58 015 6 000 0 7 0000 
18-MAY-2015 06 48077 3 2 5 59 7 23 02 10 320 20 248 3 0000 4 0070 5 0000 6 000 0 7 00 0 0 8 5 9 3 1 333 10 /// 58 007 6 000 0 7 0000 
18-MAY-2015 06 48078 2 1 4 40 8 27 01 10 290 20 259 3 0000 4 0082 5 0000 6 000 0 7 95 9 6 8 5 9 2 / 333 10 /// 58 006 6 000 0 7 0000 
18-MAY-2015 06 48080 3 2 4 60 6 22 06 10 322 20 265 3 0000 4 0063 5 0000 6 000 0 7 00 0 0 8 4 8 7 0 333 10 /// 59 001 6 000 0 7 0000 
18-MAY-2015 06 48085 3 2 4 58 6 22 03 10 316 20 254 3 0000 4 0075 5 0000 6 000 0 7 00 0 0 8 5 9 0 6 333 10 /// 59 006 6 000 0 7 0000 
18-MAY-2015 06 48087 3 2 4 59 6 23 07 10 338 20 240 3 0000 4 0000 5 0000 6 000 0 7 00 0 0 8 4 3 4 1 333 10 /// 58 000 6 000 0 7 0000 
18-MAY-2015 06 48092 3 2 4 58 7 03 05 10 330 20 239 3 0000 4 0065 5 0000 6 000 0 7 00 0 0 8 3 8 7 6 333 10 /// 58 014 6 000 0 7 0000 
18-MAY-2015 06 48093 3 2 6 57 5 23 01 10 328 20 244 3 0000 4 0000 5 0000 6 000 0 7 00 0 0 8 5 3 0 0 333 10 /// 58 000 6 000 0 7 0000 
18-MAY-2015 06 48094 3 2 4 59 5 22 02 10 317 20 270 3 0000 4 0078 5 0000 6 000 0 7 00 0 0 8 4 9 4 0 333 10 /// 59 001 6 000 0 7 0000 
18-MAY-2015 06 48095 3 2 4 58 7 00 00 10 325 20 265 3 0000 4 0000 5 0000 6 000 0 7 00 0 0 8 4 8 4 0 333 10 /// 58 000 6 000 0 7 0000 
18-MAY-2015 06 48096 3 2 4 58 7 21 08 10 320 20 236 3 0000 4 0097 5 0000 6 000 0 7 00 0 0 8 4 9 3 0 333 10 /// 58 007 6 000 0 7 0000 
18-MAY-2015 06 48097 3 2 5 57 7 13 02 10 330 20 244 3 0000 4 0086 5 0000 6 000 0 7 00 0 0 8 5 8 0 6 333 10 /// 59 002 6 000 0 7 0000 
18-MAY-2015 06 48099 2 1 2 30 8 00 00 10 264 20 264 3 0000 4 0096 5 0000 6 000 0 7 95 9 6 8 6 9 7 / 333 10 /// 58 008 6 000 0 7 0000 
18-MAY-2015 06 48101 3 2 5 58 8 18 02 10 300 20 266 3 0000 4 0000 5 0000 6 000 0 7 00 0 0 8 5 9 7 / 333 10 /// 58 000 6 000 0 7 0000 
18-MAY-2015 06 48103 2 1 4 56 6 14 01 10 297 20 266 3 0000 4 0094 5 0000 6 000 0 7 20 5 5 8 6 8 0 0 333 10 /// 59 002 6 000 0 7 0000 
18-MAY-2015 06 48107 2 1 3 30 8 23 01 10 270 20 270 3 0000 4 0100 5 0000 6 000 0 7 51 6 6 8 5 9 7 0 333 10 /// 58 006 6 000 0 7 0000 
18-MAY-2015 06 48108 3 2 5 96 8 14 03 10 305 20 254 3 0000 4 0110 5 0000 6 000 0 7 00 0 0 8 4 3 7 6 333 10 /// 58 007 6 000 0 7 0000 
18-MAY-2015 06 48109 3 2 4 97 6 00 00 10 280 20 268 3 0000 4 0098 5 0000 6 000 0 7 00 0 0 8 6 9 7 / 333 10 /// 58 002 6 000 0 7 0000 
18-MAY-2015 06 48110 2 1 4 96 7 32 03 10 335 20 281 3 0000 4 0107 5 0000 6 000 0 7 50 2 2 8 4 3 0 6 333 10 /// 58 006 6 000 0 7 0000 
18-MAY-2015 06 48112 3 2 5 98 6 27 01 10 325 20 270 3 0000 4 0111 5 0000 6 000 0 7 00 0 0 8 2 2 1 6 333 10 /// 58 007 6 000 0 7 0000 
