48001 32440 70000 10250 20219 40059 84850 333 10266 56550 58014=
48004 22440 71301 10262 20229 87900 333 10275 56500 60002=
48008 22450 80401 10255 20229 8497/ 333 10257 56119 58022 60422=
48010 22430 73201 10300 20239 40033 84970 333 10317 56660 58021 69902=
48018 21556 80000 10265 20226 40037 75055 8487/ 333 10297 56569 58037 60012=
48019 22440 83201 10258 20246 40041 8577/ 333 10317 56650 58020 60002=
48020 21350 80000 10250 20233 76055 88800 333 10345 56500 60172=
48025 21220 81802 10256 20246 40049 75165 8577/ 333 10310 56599 58039 60062=
48030 21256 82202 10200 20185 70255 8694/ 333 10256 56569 60012=
48031 31257 81401 10220 20185 70544 888// 333 10245 56499=
48033 21460 80000 10253 20250 40048 75055 8697/ 333 10263 5699/ 58029=
48034 21248 80000 10212 20195 75155 8692/ 333 10265 5659/ 60312=
48035 21230 80000 10247 20219 40037 76166 8597/ 333 10252 56569 58027 60042=
48037 21450 83201 10263 20260 40036 72162 8582/ 333 10308 56669 58009 60090=
48039 21456 80000 10250 20250 70255 887// 333 10285 56599 60522=
48042 21456 80000 10245 20245 40039 75055 8597/ 333 10282 56449 58032 60312=
48043 22520 80000 10210 20210 8587/ 333 10242 56599 60562=
48045 22556 71403 10230 20198 70244 85840 333 10250 56590 60032=
48048 21550 70401 10278 20233 40032 72055 85950 333 10380 56590 58027 69902=
48051 32558 71302 10288 20250 70322 85930 333 10328 56590 60002=
48052 32450 80408 10305 20237 85970 333 10382 56190=
48053 21450 83602 10270 20270 40035 75155 8597/ 333 10320 5659/ 58023 60032=
48055 21456 70405 10240 20226 40034 71795 85970 333 10319 56550 59002 69902=
48057 21456 71501 10210 20195 70355 84351 333 10260 56459 60012=
48060 22430 70000 10280 20220 40030 84770 333 10342 56590 58025 69902=
48062 21456 81805 10270 20260 40046 72065 86970 333 10322 56490 58003 60232=
48064 32450 80401 10328 20258 40016 84870 333 10365 56440 58014=
48065 22450 81404 10325 20244 84870 333 10362 56590=
48071 21356 81801 10245 20245 40051 72162 8692/ 333 10320 5699/ 59002 60642=
48072 21356 80000 10260 20260 76065 86970 333 10370 56990 60702=
48074 21457 62301 10285 20250 40040 71796 83961 333 10335 56559 59011 60052=
48075 21456 60000 10280 20230 40044 70265 84830 333 10305 56590 58018 60032=
48077 21456 82302 10270 20240 40046 70296 85931 333 10326 56499 58006 60042=
48078 21440 82301 10249 20242 40066 79596 8692/ 333 10307 56599 58007 60352=
48080 21457 80401 10255 20255 40063 75265 85720 333 10330 56590 58008 60242=
48085 21356 80904 10270 20270 40060 75065 86970 333 10330 56590 58003 60132=
48087 22450 72301 10260 20246 70322 8597/ 333 10350 5699/ 60134=
48092 21456 70000 10260 20253 40049 70396 84971 333 10370 56999 58005 60152=
48093 21430 82304 10263 20255 76165 8697/ 333 10344 56999 60232=
48094 32456 72201 10280 20260 40065 70322 85970 333 10325 56690 58000 60122=
48095 32456 70000 10310 20237 70322 83970 333 10348 56990 60002=
48097 21456 83302 10260 20260 40069 72095 8497/ 333 10360 5659/ 59003 60152=
48099 22340 71804 10282 20250 40062 85940 333 10300 56590 59001 60122=
48101 22550 72301 10301 20253 70222 84770 333 10319 56590 60012=
48103 22550 61401 10292 20259 40063 86800 333 10303 56300 59001 69902=
48107 22330 62301 10278 20250 40073 84970 333 10292 56550 59002 60142=
48108 32596 62302 10295 20263 40077 83346 333 10315 56699 59008=
48109 32496 70000 10304 20266 40074 70222 85970 333 10314 56990 58005 60002=
48110 21496 81802 10295 20256 40083 70299 84357 333 10335 56999 59001 60042=
48112 32598 82701 10305 20260 40082 70122 82216 333 10340 56699 58001=  48051 32558 71302 10288 20250 70322 85930 333 10328 56590 60002=  