18-MAY-2015 03 48001 2 1 4 30 8 00 00 10 230 20 214 3 0000 4 0084 5 0000 6 000 0 7 02 5 5 8 4 7 7 / 333 10 /// 58 008 6 000 0 7 0000 
18-MAY-2015 03 48004 3 2 2 40 7 13 01 10 270 20 240 3 0000 4 0000 5 0000 6 000 0 7 00 0 0 8 7 9 0 0 333 10 /// 58 000 6 000 0 7 0000 
18-MAY-2015 03 48008 2 1 4 50 8 00 00 10 240 20 226 3 0000 4 0080 5 0000 6 000 0 7 95 9 6 8 4 9 7 / 333 10 /// 58 006 6 000 0 7 0000 
18-MAY-2015 03 48010 3 1 5 40 8 00 00 10 280 20 250 3 0000 4 0078 5 0000 6 000 0 7 10 4 4 8 6 7 2 / 333 10 /// 58 007 6 000 0 7 0000 
18-MAY-2015 03 48018 2 1 5 58 7 32 02 10 255 20 246 3 0000 4 0067 5 0000 6 000 0 7 50 5 5 8 4 8 7 0 333 10 /// 58 002 6 000 0 7 0000 
18-MAY-2015 03 48019 2 2 4 58 7 27 01 10 267 20 229 3 0000 4 0067 5 0000 6 000 0 7 00 0 0 8 5 7 6 0 333 10 /// 58 005 6 000 0 7 0000 
18-MAY-2015 03 48020 3 2 3 50 6 00 00 10 280 20 250 3 0000 4 0000 5 0000 6 000 0 7 00 0 0 8 8 9 / / 333 10 /// 58 000 6 000 0 7 0000 
18-MAY-2015 03 48025 2 2 3 20 8 00 00 10 270 20 240 3 0000 4 0070 5 0000 6 000 0 7 00 0 0 8 5 9 7 / 333 10 /// 58 003 6 000 0 7 0000 
18-MAY-2015 03 48030 2 1 4 50 8 22 01 10 186 20 159 3 0000 4 0000 5 0000 6 000 0 7 50 5 5 8 6 9 7 / 333 10 /// 58 000 6 000 0 7 0000 
18-MAY-2015 03 48031 3 1 2 58 8 08 01 10 215 20 156 3 0000 4 0000 5 0000 6 000 0 7 05 4 4 8 8 9 / / 333 10 /// 58 000 6 000 0 7 0000 
18-MAY-2015 03 48033 2 1 5 61 8 09 01 10 240 20 240 3 0000 4 0066 5 0000 6 000 0 7 50 5 5 8 6 9 7 0 333 10 /// 58 009 6 000 0 7 0000 
18-MAY-2015 03 48034 2 1 2 48 6 04 01 10 190 20 186 3 0000 4 0000 5 0000 6 000 0 7 60 5 6 8 6 9 2 / 333 10 /// 58 000 6 000 0 7 0000 
18-MAY-2015 03 48035 2 1 2 20 8 22 02 10 233 20 214 3 0000 4 0071 5 0000 6 000 0 7 61 6 6 8 6 9 2 / 333 10 /// 58 011 6 000 0 7 0000 
18-MAY-2015 03 48037 2 2 5 56 8 36 01 10 265 20 255 3 0000 4 0061 5 0000 6 000 0 7 00 0 0 8 4 8 7 / 333 10 /// 58 016 6 000 0 7 0000 
18-MAY-2015 03 48039 2 1 4 56 8 14 01 10 278 20 250 3 0000 4 0000 5 0000 6 000 0 7 51 2 2 8 8 7 / / 333 10 /// 58 000 6 000 0 7 0000 
18-MAY-2015 03 48042 2 2 4 57 4 13 01 10 270 20 256 3 0000 4 0068 5 0000 6 000 0 7 00 0 0 8 5 9 7 / 333 10 /// 58 005 6 000 0 7 0000 
18-MAY-2015 03 48043 2 2 5 40 8 00 00 10 205 20 175 3 0000 4 0000 5 0000 6 000 0 7 00 0 0 8 5 8 7 / 333 10 /// 58 000 6 000 0 7 0000 
18-MAY-2015 03 48045 2 1 / 45 7 09 02 10 219 20 156 3 0000 4 0000 5 0000 6 000 0 7 41 4 4 8 7 7 0 0 333 10 /// 58 000 6 000 0 7 0000 
18-MAY-2015 03 48048 2 2 5 58 6 32 01 10 315 20 265 3 0000 4 0061 5 0000 6 000 0 7 00 0 0 8 5 9 5 0 333 10 /// 58 003 6 000 0 7 0000 
18-MAY-2015 03 48051 3 2 5 59 8 13 01 10 280 20 250 3 0000 4 0000 5 0000 6 000 0 7 00 0 0 8 5 9 3 0 333 10 /// 58 000 6 000 0 7 0000 
18-MAY-2015 03 48052 3 2 4 60 5 13 02 10 336 20 240 3 0000 4 0000 5 0000 6 000 0 7 00 0 0 8 5 9 0 0 333 10 /// 58 000 6 000 0 7 0000 
18-MAY-2015 03 48053 3 2 4 50 7 22 03 10 290 20 248 3 0000 4 0067 5 0000 6 000 0 7 00 0 0 8 4 5 5 6 333 10 /// 59 005 6 000 0 7 0000 
18-MAY-2015 03 48055 2 2 5 56 5 18 02 10 249 20 219 3 0000 4 0067 5 0000 6 000 0 7 00 0 0 8 4 3 3 0 333 10 /// 58 004 6 000 0 7 0000 
18-MAY-2015 03 48057 2 2 4 58 7 23 01 10 222 20 185 3 0000 4 0000 5 0000 6 000 0 7 00 0 0 8 5 3 5 0 333 10 /// 58 000 6 000 0 7 0000 
18-MAY-2015 03 48060 2 1 4 50 6 04 01 10 300 20 124 3 0000 4 0065 5 0000 6 000 0 7 03 4 4 8 3 1 3 2 333 10 /// 58 007 6 000 0 7 0000 
18-MAY-2015 03 48062 2 1 4 56 6 09 04 10 260 20 250 3 0000 4 0073 5 0000 6 000 0 7 60 6 5 8 4 9 2 0 333 10 /// 59 002 6 000 0 7 0000 
18-MAY-2015 03 48064 3 2 4 60 7 04 01 10 320 20 265 3 0000 4 0055 5 0000 6 000 0 7 00 0 0 8 4 8 7 0 333 10 /// 59 003 6 000 0 7 0000 
18-MAY-2015 03 48065 2 2 4 60 8 00 00 10 314 20 254 3 0000 4 0000 5 0000 6 000 0 7 00 0 0 8 5 9 7 / 333 10 /// 58 000 6 000 0 7 0000 
18-MAY-2015 03 48071 2 1 3 56 8 00 00 10 260 20 260 3 0000 4 0085 5 0000 6 000 0 7 63 6 6 8 6 9 2 / 333 10 /// 58 003 6 000 0 7 0000 
18-MAY-2015 03 48072 2 1 3 56 8 23 02 10 250 20 250 3 0000 4 0000 5 0000 6 000 0 7 60 6 5 8 6 9 7 0 333 10 /// 58 000 6 000 0 7 0000 
18-MAY-2015 03 48074 3 2 4 58 6 18 03 10 292 20 248 3 0000 4 0095 5 0000 6 000 0 7 00 0 0 8 4 8 6 0 333 10 /// 58 003 6 000 0 7 0000 
18-MAY-2015 03 48075 2 2 4 56 7 00 00 10 270 20 240 3 0000 4 0085 5 0000 6 000 0 7 00 0 0 8 5 7 7 0 333 10 /// 58 005 6 000 0 7 0000 
18-MAY-2015 03 48077 2 2 5 59 8 23 01 10 294 20 248 3 0000 4 0071 5 0000 6 000 0 7 00 0 0 8 5 9 3 1 333 10 /// 58 002 6 000 0 7 0000 
18-MAY-2015 03 48078 2 2 5 56 7 18 02 10 303 20 247 3 0000 4 0089 5 0000 6 000 0 7 00 0 0 8 4 8 7 1 333 10 /// 59 001 6 000 0 7 0000 
18-MAY-2015 03 48080 2 1 4 58 8 22 01 10 260 20 246 3 0000 4 0096 5 0000 6 000 0 7 50 6 5 8 6 7 7 0 333 10 /// 58 013 6 000 0 7 0000 
18-MAY-2015 03 48085 2 1 3 58 8 09 04 10 286 20 268 3 0000 4 0086 5 0000 6 000 0 7 02 6 5 8 5 9 7 0 333 10 /// 58 003 6 000 0 7 0000 
18-MAY-2015 03 48092 3 2 4 59 6 23 02 10 320 20 248 3 0000 4 0077 5 0000 6 000 0 7 00 0 0 8 4 8 3 0 333 10 /// 58 011 6 000 0 7 0000 
18-MAY-2015 03 48093 3 2 6 57 7 23 01 10 301 20 253 3 0000 4 0000 5 0000 6 000 0 7 00 0 0 8 5 3 7 0 333 10 /// 58 000 6 000 0 7 0000 
18-MAY-2015 03 48094 2 1 4 59 7 22 02 10 270 20 260 3 0000 4 0090 5 0000 6 000 0 7 01 5 5 8 5 8 7 0 333 10 /// 58 009 6 000 0 7 0000 
18-MAY-2015 03 48095 2 2 4 58 8 22 01 10 290 20 259 3 0000 4 0000 5 0000 6 000 0 7 00 0 0 8 3 6 7 0 333 10 /// 58 000 6 000 0 7 0000 
18-MAY-2015 03 48096 3 2 4 57 7 23 08 10 290 20 230 3 0000 4 0097 5 0000 6 000 0 7 00 0 0 8 5 9 4 0 333 10 /// 58 006 6 000 0 7 0000 
18-MAY-2015 03 48097 3 2 5 57 6 23 02 10 300 20 253 3 0000 4 0094 5 0000 6 000 0 7 00 0 0 8 5 8 3 0 333 10 /// 59 004 6 000 0 7 0000 
18-MAY-2015 03 48099 2 2 4 40 7 13 03 10 290 20 254 3 0000 4 0094 5 0000 6 000 0 7 00 0 0 8 5 9 3 0 333 10 /// 58 004 6 000 0 7 0000 
18-MAY-2015 03 48101 2 2 5 58 7 14 01 10 287 20 248 3 0000 4 0000 5 0000 6 000 0 7 00 0 0 8 3 7 2 1 333 10 /// 58 000 6 000 0 7 0000 
18-MAY-2015 03 48103 2 2 4 56 7 14 01 10 277 20 250 3 0000 4 0096 5 0000 6 000 0 7 00 0 0 8 7 5 0 0 333 10 /// 58 009 6 000 0 7 0000 
18-MAY-2015 03 48107 2 1 3 30 8 23 01 10 248 20 248 3 0000 4 0104 5 0000 6 000 0 7 51 6 6 8 5 9 7 0 333 10 /// 58 009 6 000 0 7 0000 
18-MAY-2015 03 48108 2 1 5 95 8 09 02 10 265 20 258 3 0000 4 0109 5 0000 6 000 0 7 20 9 5 8 4 9 7 7 333 10 /// 58 002 6 000 0 7 0000 
18-MAY-2015 03 48109 2 1 3 96 8 00 00 10 255 20 246 3 0000 4 0099 5 0000 6 000 0 7 61 6 6 8 6 9 7 / 333 10 /// 58 004 6 000 0 7 0000 
18-MAY-2015 03 48110 2 2 5 96 8 32 02 10 305 20 267 3 0000 4 0108 5 0000 6 000 0 7 00 0 0 8 3 3 0 7 333 10 /// 58 003 6 000 0 7 0000 
18-MAY-2015 03 48112 3 2 5 98 6 18 02 10 260 20 256 3 0000 4 0115 5 0000 6 000 0 7 00 0 0 8 2 2 1 6 333 10 /// 58 005 6 000 0 7 0000 
