180300 48001 21430 80000 10230 20214 40084 70255 8477/ 333 56119 58008=
180300 48004 32240 71301 10270 20240 87900 333 56500=
180300 48008 21450 80000 10240 20226 40080 79596 8497/ 333 56459 58006=
180300 48010 31540 80000 10280 20250 40078 71044 8672/ 333 56599 58007=
180300 48018 21558 73202 10255 20246 40067 75055 84870 333 56760 58002=
180300 48019 22458 72701 10267 20229 40067 85760 333 56560 58005=
180300 48020 32350 60000 10280 20250 889// 333 56599=
180300 48025 22320 80000 10270 20240 40070 8597/ 333 56559 58003=
180300 48030 21450 82201 10186 20159 75055 8697/ 333 56569=
180300 48031 31258 80801 10215 20156 70544 889// 333 56499=
180300 48033 21561 80901 10240 20240 40066 75055 86970 333 56550 58009=
180300 48034 21248 60401 10190 20186 76056 8692/ 333 5659/=
180300 48035 21220 82202 10233 20214 40071 76166 8692/ 333 56999 58011=
180300 48037 22556 83601 10265 20255 40061 8487/ 333 56669 58016=
180300 48039 21456 81401 10278 20250 75122 887// 333 56599=
180300 48042 22457 41301 10270 20256 40068 8597/ 333 56449 58005=
180300 48043 22540 80000 10205 20175 8587/ 333 56599=
180300 48045 21/45 70902 10219 20156 74144 87700 333 56500=
180300 48048 22558 63201 10315 20265 40061 85950 333 56590 58003=
180300 48051 32559 81301 10280 20250 85930 333 56490=
180300 48052 32460 51302 10336 20240 85900 333 56400=
180300 48053 32450 72203 10290 20248 40067 84556 333 56499 59005=
180300 48055 22556 51802 10249 20219 40067 84330 333 56550 58004=
180300 48057 22458 72301 10222 20185 85350 333 56690=
180300 48060 21450 60401 10300 20124 40065 70344 83132 333 56599 58007=
180300 48062 21456 60904 10260 20250 40073 76065 84920 333 56290 59002=
180300 48064 32460 70401 10320 20265 40055 84870 333 56440 59003=
180300 48065 22460 80000 10314 20254 8597/ 333 5699/=
180300 48071 21356 80000 10260 20260 40085 76366 8692/ 333 5699/ 58003=
180300 48072 21356 82302 10250 20250 76065 86970 333 56990=
180300 48074 32458 61803 10292 20248 40095 84860 333 56440 58003=
180300 48075 22456 70000 10270 20240 40085 85770 333 56590 58005=
180300 48077 22559 82301 10294 20248 40071 85931 333 56499 58002=
180300 48078 22556 71802 10303 20247 40089 84871 333 56499 59001=
180300 48080 21458 82201 10260 20246 40096 75065 86770 333 56690 58013=
180300 48085 21358 80904 10286 20268 40086 70265 85970 333 56590 58003=
180300 48092 32459 62302 10320 20248 40077 84830 333 56590 58011=
180300 48093 32657 72301 10301 20253 85370 333 56390=
180300 48094 21459 72202 10270 20260 40090 70155 85870 333 56690 58009=
180300 48095 22458 82201 10290 20259 83670 333 56990=
180300 48096 32457 72308 10290 20230 40097 85940 333 56990 58006=
180300 48097 32557 62302 10300 20253 40094 85830 333 56990 59004=
180300 48099 22440 71303 10290 20254 40094 85930 333 56390 58004=
180300 48101 22558 71401 10287 20248 83721 333 56999=
180300 48103 22456 71401 10277 20250 40096 87500 333 56300 58009=
180300 48107 21330 82301 10248 20248 40104 75166 85970 333 56550 58009=
180300 48108 21595 80902 10265 20258 40109 72095 84977 333 56299 58002=
180300 48109 21396 80000 10255 20246 40099 76166 8697/ 333 5699/ 58004=
180300 48110 22596 83202 10305 20267 40108 83307 333 56509 58003=
180300 48112 32598 61802 10260 20256 40115 82216 333 56499 58005=  
