180300 48001 32430 80000 10172 20154 40173 8486/ 333 56559 58017=
180300 48004 31110 81301 10202 20185 71022 8697/ 333 56559=
180300 48008 21456 80000 10210 20195 40163 70155 8497/ 333 56669 58012=
180300 48010 32440 80000 10220 20205 40172 8477/ 333 56599 59019=
180300 48018 32557 71401 10224 20195 40167 84870 333 56340 58031=
180300 48019 32457 70401 10220 20205 40156 85860 333 56560 58015=
180300 48020 21350 83602 10220 20205 75055 88700 333 56400=
180300 48025 21220 82701 10227 20214 40163 75055 8587/ 333 56659 58010=
180300 48030 21250 82202 10114 20114 75055 8794/ 333 56569=
180300 48031 21/05 93201 10130 20130 76064 89/// 333 56999=
180300 48033 32562 63601 10250 20205 40150 85930 333 56990 58016=
180300 48034 32456 62301 10175 20141 84830 333 56550=
180300 48035 31560 50000 10197 20150 40156 70544 83830 333 56190 58021=
180300 48037 32558 53601 10242 20209 40152 83139 333 56965 58026=
180300 48039 31457 60401 10245 20209 74044 83102 333 56404=
180300 48042 31550 50000 10295 20210 40146 71022 81452 333 56999 58015=
180300 48043 32056 41802 10185 20175 80002 333 56009=
180300 48045 32556 80404 10158 20144 8687/ 333 56189=
180300 48048 32558 60401 10240 20209 40159 84850 333 56890 58021=
180300 48052 32456 53601 10262 20215 85900 333 56900=
180300 48053 32550 53604 10250 20205 40152 82556 333 56699 58014=
180300 48055 31456 40401 10184 20170 40171 70144 81506 333 56509 58019=
180300 48057 32457 41401 10220 20156 81506 333 56409=
180300 48060 32440 30000 10190 20139 40169 82130 333 56560 58012=
180300 48062 32456 70401 10230 20210 40143 85970 333 56990 58016=
180300 48064 32556 61401 10240 20209 40135 83831 333 56559 58015=
180300 48065 32456 53201 10250 20212 84801 333 56909=
180300 48071 32458 73202 10270 20240 40139 85970 333 56790 58013=
180300 48072 32460 40401 10280 20233 83830 333 56690=
180300 48074 32458 53201 10250 20205 40143 81516 333 56699 58016=
180300 48075 32457 30000 10210 20195 40137 81105 333 56309 58019=
180300 48077 32559 30401 10270 20211 40130 81201 333 56909 58006=
180300 48078 32957 10402 10260 20215 40143 80001 333 56009 56009 58013=
180300 48080 32460 50402 10285 20230 40131 83840 333 56490 58012=
180300 48085 32958 23202 10290 20248 40131 80006 333 56009 58011=
180300 48087 32960 20402 10272 20226 80001 333 56009=
180300 48092 32557 20402 10280 20233 40117 81401 333 56909 58006=
180300 48093 32658 21401 10295 20239 81101 333 56309=
180300 48094 32560 20402 10288 20230 40133 82500 333 56900 58011=
180300 48095 32960 10401 10275 20240 80002 333 56009=
180300 48096 32957 10604 10270 20240 40142 80001 333 56009 58018=  
180300 48097 31557 51502 10275 20238 40141 70522 82416 333 56909 58021=
180300 48099 32456 33202 10300 20239 40132 83800 333 56700 58008=
180300 48101 32959 00401 10307 20237 333=
180300 48103 31450 40402 10302 20253 40134 70144 83830 333 56110 58011=
180300 48107 22950 01301 10300 20253 40116 333 58004=
180300 48108 22496 20503 10294 20244 40130 82800 333 56900 58005=
180300 48109 32497 30000 10315 20265 40135 83800 333 56900 58012=
180300 48110 31596 21802 10310 20260 40130 70511 81105 333 56909 58011=
180300 48112 32598 60402 10288 20248 40123 82216 333 56199 59002=
