18-NOV-2015 09 48001 3 2 4 40 8 00 00 10 207 20 195 3 0000 4 0157 5 0000 6 000 0 7 00 0 0 8 4 8 7 / 333 10 /// 58 039 6 000 0 7 0000 
18-NOV-2015 09 48004 3 2 2 40 8 32 01 10 228 20 198 3 0000 4 0000 5 0000 6 000 0 7 00 0 0 8 6 9 7 / 333 10 /// 58 000 6 000 0 7 0000 
18-NOV-2015 09 48008 3 1 4 56 8 00 00 10 225 20 198 3 0000 4 0156 5 0000 6 000 0 7 50 5 5 8 4 9 7 / 333 10 /// 58 046 6 000 0 7 0000 
18-NOV-2015 09 48010 3 2 4 40 8 00 00 10 245 20 209 3 0000 4 0149 5 0000 6 000 0 7 00 0 0 8 5 7 7 / 333 10 /// 58 032 6 000 0 7 0000 
18-NOV-2015 09 48018 3 2 5 56 8 14 01 10 250 20 205 3 0000 4 0146 5 0000 6 000 0 7 00 0 0 8 4 9 7 / 333 10 /// 58 039 6 000 0 7 0000 
18-NOV-2015 09 48019 3 2 4 56 8 04 02 10 252 20 186 3 0000 4 0145 5 0000 6 000 0 7 00 0 0 8 5 7 7 0 333 10 /// 58 041 6 000 0 7 0000 
18-NOV-2015 09 48020 2 1 3 50 8 36 02 10 230 20 214 3 0000 4 0000 5 0000 6 000 0 7 51 5 5 8 8 7 0 0 333 10 /// 58 000 6 000 0 7 0000 
18-NOV-2015 09 48025 2 1 1 20 8 00 00 10 230 20 214 3 0000 4 0156 5 0000 6 000 0 7 50 5 5 8 5 7 2 / 333 10 /// 58 042 6 000 0 7 0000 
18-NOV-2015 09 48030 2 1 1 40 8 22 02 10 134 20 134 3 0000 4 0000 5 0000 6 000 0 7 50 6 5 8 8 9 / / 333 10 /// 58 000 6 000 0 7 0000 
18-NOV-2015 09 48031 2 1 / 05 9 36 01 10 150 20 134 3 0000 4 0000 5 0000 6 000 0 7 60 6 4 8 9 / / / 333 10 /// 58 000 6 000 0 7 0000 
18-NOV-2015 09 48033 3 2 5 63 6 36 01 10 270 20 226 3 0000 4 0125 5 0000 6 000 0 7 00 0 0 8 6 9 0 0 333 10 /// 58 024 6 000 0 7 0000 
18-NOV-2015 09 48034 3 2 4 56 8 04 02 10 215 20 157 3 0000 4 0000 5 0000 6 000 0 7 00 0 0 8 6 3 7 / 333 10 /// 58 000 6 000 0 7 0000 
18-NOV-2015 09 48035 3 1 5 58 6 36 02 10 259 20 179 3 0000 4 0110 5 0000 6 000 0 7 05 2 2 8 4 9 6 0 333 10 /// 58 026 6 000 0 7 0000 
18-NOV-2015 09 48037 3 2 5 60 7 23 02 10 278 20 203 3 0000 4 0129 5 0000 6 000 0 7 00 0 0 8 4 8 7 0 333 10 /// 58 042 6 000 0 7 0000 
18-NOV-2015 09 48039 3 2 4 59 7 23 01 10 279 20 220 3 0000 4 0000 5 0000 6 000 0 7 00 0 0 8 4 9 6 0 333 10 /// 58 000 6 000 0 7 0000 
18-NOV-2015 09 48042 3 2 5 57 8 04 03 10 282 20 203 3 0000 4 0123 5 0000 6 000 0 7 00 0 0 8 4 8 7 / 333 10 /// 58 032 6 000 0 7 0000 
18-NOV-2015 09 48043 3 2 5 56 7 32 02 10 230 20 181 3 0000 4 0000 5 0000 6 000 0 7 00 0 0 8 5 2 3 0 333 10 /// 58 000 6 000 0 7 0000 
18-NOV-2015 09 48045 3 2 4 50 8 23 03 10 184 20 184 3 0000 4 0000 5 0000 6 000 0 7 40 4 4 8 8 8 0 0 333 10 /// 58 000 6 000 0 7 0000 
18-NOV-2015 09 48048 3 2 5 58 8 04 01 10 280 20 220 3 0000 4 0129 5 0000 6 000 0 7 00 0 0 8 6 9 7 / 333 10 /// 58 031 6 000 0 7 0000 
18-NOV-2015 09 48052 3 2 4 58 6 36 02 10 305 20 225 3 0000 4 0000 5 0000 6 000 0 7 00 0 0 8 5 9 2 0 333 10 /// 58 000 6 000 0 7 0000 
18-NOV-2015 09 48053 3 2 4 56 6 36 03 10 310 20 203 3 0000 4 0117 5 0000 6 000 0 7 00 0 0 8 2 5 5 6 333 10 /// 58 032 6 000 0 7 0000 
18-NOV-2015 09 48055 3 2 5 57 6 09 02 10 282 20 184 3 0000 4 0081 5 0000 6 000 0 7 00 0 0 8 3 8 0 6 333 10 /// 58 008 6 000 0 7 0000 
18-NOV-2015 09 48057 3 2 4 58 6 22 02 10 236 20 136 3 0000 4 0000 5 0000 6 000 0 7 00 0 0 8 5 3 0 1 333 10 /// 58 000 6 000 0 7 0000 
18-NOV-2015 09 48060 3 2 4 40 5 00 00 10 287 20 159 3 0000 4 0089 5 0000 6 000 0 7 00 0 0 8 2 1 3 2 333 10 /// 58 012 6 000 0 7 0000 
18-NOV-2015 09 48064 3 2 5 60 4 18 01 10 301 20 223 3 0000 4 0099 5 0000 6 000 0 7 00 0 0 8 2 5 0 1 333 10 /// 58 019 6 000 0 7 0000 
18-NOV-2015 09 48065 3 2 5 58 5 32 03 10 310 20 203 3 0000 4 0000 5 0000 6 000 0 7 00 0 0 8 3 8 0 6 333 10 /// 58 000 6 000 0 7 0000 
18-NOV-2015 09 48072 3 2 5 60 6 32 02 10 315 20 248 3 0000 4 0000 5 0000 6 000 0 7 00 0 0 8 3 8 3 0 333 10 /// 58 000 6 000 0 7 0000 
18-NOV-2015 09 48074 3 2 4 59 5 04 01 10 330 20 234 3 0000 4 0097 5 0000 6 000 0 7 00 0 0 8 3 5 0 6 333 10 /// 58 014 6 000 0 7 0000 
18-NOV-2015 09 48078 3 2 5 60 3 36 03 10 333 20 228 3 0000 4 0104 5 0000 6 000 0 7 00 0 0 8 2 2 0 1 333 10 /// 58 016 6 000 0 7 0000 
18-NOV-2015 09 48094 3 2 4 60 3 04 02 10 343 20 240 3 0000 4 0092 5 0000 6 000 0 7 00 0 0 8 2 8 0 1 333 10 /// 58 006 6 000 0 7 0000 
