180600 48001 32440 80000 10197 20185 40170 8487/ 333 56559 58018=
180600 48004 32340 71301 10220 20185 87900 333 56500=
180600 48008 31456 80000 10230 20198 40171 75055 8497/ 333 56669 58037=
180600 48010 32456 81801 10240 20209 40162 8577/ 333 56559 58034=
180600 48018 32557 71401 10245 20209 40160 84870 333 56430 58025=
180600 48019 32457 83601 10260 20203 40157 85760 333 56560 58027=
180600 48020 21356 83602 10230 20219 75155 88700 333 56400=
180600 48025 21130 80000 10230 20214 40173 75065 8577/ 333 56659 58032=
180600 48030 21130 82202 10123 20123 75055 889// 333 56599=
180600 48031 21/05 91801 10140 20140 76064 89/// 333 56999=
180600 48033 32563 63601 10280 20233 40146 86900 333 56900 58030=
180600 48034 32456 62302 10245 20161 84830 333 56550=
180600 48035 32560 60000 10242 20174 40140 84960 333 56290 58027=
180600 48037 32560 83602 10276 20220 40150 8457/ 333 56559 58033=
180600 48039 32458 70000 10272 20211 84860 333 56440=
180600 48042 31556 73202 10280 20203 40139 70522 84850 333 56990 58024=
180600 48043 32556 71803 10230 20181 85320 333 56590=
180600 48045 32556 72303 10182 20165 85870 333 56560=
180600 48048 32560 80401 10265 20229 40154 8697/ 333 56899 58030=
180600 48051 32559 63102 10270 20210 84930 333 56790=
180600 48052 32456 63601 10290 20215 70322 85920 333 56990=
180600 48053 32456 63603 10300 20185 40140 82556 333 56899 58024=
180600 48055 32556 60906 10262 20203 40122 83806 333 56509 58020=
180600 48057 32458 62202 10232 20124 84801 333 56509=
180600 48060 32440 50000 10248 20150 40135 82132 333 56566 58006=
180600 48062 32456 80404 10270 20240 40133 86970 333 56990 58017=
180600 48064 32560 61401 10298 20239 40138 70222 84831 333 56559 58018=
180600 48065 32558 50401 10302 20215 70222 83831 333 56999=
180600 48071 32458 73202 10290 20230 40128 85970 333 56790 58012=
180600 48072 32460 83201 10310 20237 8693/ 333 5669/=
180600 48074 32458 60401 10300 20207 40127 83506 333 56609 58023=
180600 48075 32558 42201 10280 20184 40124 82105 333 56509 58021=
180600 48077 32559 43601 10314 20225 40122 82201 333 56909 58010=
180600 48078 32558 23202 10320 20226 40128 81101 333 56909 58026=
180600 48080 32462 53202 10324 20248 40120 83830 333 56490 58012=
180600 48085 32458 33203 10320 20248 40117 81806 333 56409 58015=
180600 48087 32960 30402 10330 20244 80041 333 56099=
180600 48092 32458 30501 10335 20242 40100 82830 333 56990 58017=
180600 48093 32557 50901 10324 20248 84801 333 56309=
180600 48094 32965 00402 10340 20240 40119 333 58015=
180600 48095 32560 10401 10315 20254 70200 81200 333 56900=
180600 48096 32558 43204 10330 20224 40121 81136 333 56999 58016=  
180600 48097 32557 51302 10325 20262 40127 82856 333 56999 58015=
180600 48099 32557 22702 10335 20257 40110 82800 333 56900 58016=
180600 48101 32660 23201 10340 20257 70311 81130 333 56990=
180600 48103 32356 40402 10350 20240 40110 84800 333 56100 58010=
180600 48107 32350 21301 10342 20257 40103 82900 333 56300 58008=
180600 48108 32596 52303 10330 20244 40115 84306 333 56609 58014=
180600 48109 32497 30901 10330 20275 40117 83800 333 56900 58007=
180600 48110 31596 42702 10340 20270 40108 70522 82306 333 56209 58004=
180600 48112 32597 70903 10305 20260 40109 83876 333 56299 58012=
