18-NOV-2015 12 48001 3 2 4 20 8 00 00 10 195 20 195 3 0000 4 0170 5 0000 6 000 0 7 00 0 0 8 4 5 6 / 333 10 212 58 043 6 000 0 7 0000 
18-NOV-2015 12 48004 3 2 2 30 8 00 00 10 220 20 205 3 0000 4 0000 5 0000 6 000 0 7 00 0 0 8 6 9 7 / 333 10 227 58 000 6 000 0 7 0000 
18-NOV-2015 12 48008 2 1 4 40 8 00 00 10 215 20 185 3 0000 4 0158 5 0000 6 000 0 7 50 5 5 8 4 9 7 / 333 10 236 59 051 6 990 2 7 0000 
18-NOV-2015 12 48010 3 2 4 20 7 00 00 10 235 20 226 3 0000 4 0151 5 0000 6 000 0 7 00 0 0 8 4 7 7 0 333 10 245 58 037 6 000 0 7 0000 
18-NOV-2015 12 48018 2 1 5 40 8 32 01 10 230 20 198 3 0000 4 0156 5 0000 6 000 0 7 20 5 5 8 4 9 7 / 333 10 260 58 045 6 990 2 7 0000 
18-NOV-2015 12 48019 3 2 4 40 8 00 00 10 233 20 198 3 0000 4 0147 5 0000 6 000 0 7 00 0 0 8 5 7 6 / 333 10 270 58 039 6 000 0 7 0000 
18-NOV-2015 12 48025 2 1 1 20 8 27 01 10 226 20 214 3 0000 4 0159 5 0000 6 000 0 7 50 5 5 8 5 7 7 / 333 10 240 58 046 6 005 2 7 0000 
18-NOV-2015 12 48033 3 2 5 59 7 36 01 10 250 20 205 3 0000 4 0127 5 0000 6 000 0 7 00 0 0 8 6 9 7 0 333 10 280 58 032 6 000 0 7 0000 
18-NOV-2015 12 48034 3 2 4 56 8 04 02 10 185 20 143 3 0000 4 0000 5 0000 6 000 0 7 00 0 0 8 6 3 7 / 333 10 255 58 000 6 000 0 7 0000 
18-NOV-2015 12 48035 3 1 5 10 6 00 00 10 227 20 163 3 0000 4 0133 5 0000 6 000 0 7 05 2 2 8 4 9 6 0 333 10 261 58 022 6 000 0 7 0000 
18-NOV-2015 12 48037 3 2 5 30 8 32 02 10 262 20 203 3 0000 4 0139 5 0000 6 000 0 7 00 0 0 8 5 8 7 / 333 10 295 58 048 6 000 0 7 0000 
18-NOV-2015 12 48039 3 2 4 58 7 32 01 10 260 20 215 3 0000 4 0000 5 0000 6 000 0 7 00 0 0 8 4 9 6 0 333 10 289 58 000 6 000 0 7 0000 
18-NOV-2015 12 48042 3 2 5 50 6 00 00 10 260 20 215 3 0000 4 0130 5 0000 6 000 0 7 00 0 0 8 3 8 5 0 333 10 290 58 020 6 000 0 7 0000 
18-NOV-2015 12 48043 3 2 5 10 5 00 00 10 200 20 168 3 0000 4 0000 5 0000 6 000 0 7 00 0 0 8 5 8 7 0 333 10 240 58 000 6 000 0 7 0000 
18-NOV-2015 12 48045 3 1 4 40 8 04 02 10 166 20 154 3 0000 4 0000 5 0000 6 000 0 7 02 4 4 8 8 7 / / 333 10 195 58 000 6 000 0 7 0000 
18-NOV-2015 12 48048 3 2 5 50 7 36 01 10 266 20 211 3 0000 4 0132 5 0000 6 000 0 7 00 0 0 8 5 9 5 0 333 10 285 58 036 6 000 0 7 0000 
18-NOV-2015 12 48051 3 2 5 58 7 31 03 10 248 20 210 3 0000 4 0000 5 0000 6 000 0 7 03 2 2 8 5 9 3 0 333 10 285 58 000 6 000 0 7 0000 
18-NOV-2015 12 48052 3 2 4 50 7 36 01 10 282 20 220 3 0000 4 0000 5 0000 6 000 0 7 03 2 2 8 5 9 3 0 333 10 310 58 000 6 000 0 7 0000 
18-NOV-2015 12 48053 3 2 4 50 6 36 04 10 270 20 172 3 0000 4 0129 5 0000 6 000 0 7 00 0 0 8 3 5 5 6 333 10 315 58 031 6 000 0 7 0000 
18-NOV-2015 12 48055 3 2 5 56 5 09 02 10 232 20 206 3 0000 4 0119 5 0000 6 000 0 7 00 0 0 8 4 3 0 1 333 10 290 58 013 6 000 0 7 0000 
18-NOV-2015 12 48057 3 2 4 40 5 14 01 10 204 20 168 3 0000 4 0000 5 0000 6 000 0 7 00 0 0 8 5 8 0 0 333 10 250 58 000 6 000 0 7 0000 
18-NOV-2015 12 48060 3 2 4 20 5 00 00 10 230 20 181 3 0000 4 0128 5 0000 6 000 0 7 00 0 0 8 2 1 3 2 333 10 293 58 015 6 000 0 7 0000 
18-NOV-2015 12 48062 3 2 4 50 8 04 01 10 270 20 260 3 0000 4 0118 5 0000 6 000 0 7 00 0 0 8 6 9 7 0 333 10 310 58 014 6 000 0 7 0000 
18-NOV-2015 12 48064 3 2 4 50 7 00 00 10 274 20 211 3 0000 4 0120 5 0000 6 000 0 7 03 2 2 8 4 8 3 1 333 10 306 58 026 6 000 0 7 0000 
18-NOV-2015 12 48065 3 2 4 50 6 32 01 10 280 20 203 3 0000 4 0000 5 0000 6 000 0 7 05 2 2 8 3 8 3 1 333 10 322 58 000 6 000 0 7 0000 
18-NOV-2015 12 48071 3 2 4 40 6 32 02 10 285 20 230 3 0000 4 0116 5 0000 6 000 0 7 00 0 0 8 3 8 7 0 333 10 310 58 013 6 000 0 7 0000 
18-NOV-2015 12 48072 3 2 4 56 6 00 00 10 285 20 248 3 0000 4 0000 5 0000 6 000 0 7 00 0 0 8 2 3 0 0 333 10 350 58 000 6 000 0 7 0000 
18-NOV-2015 12 48074 3 2 4 58 7 32 01 10 300 20 185 3 0000 4 0110 5 0000 6 000 0 7 00 0 0 8 3 5 1 1 333 10 340 58 017 6 000 0 7 0000 
18-NOV-2015 12 48075 3 2 4 56 4 00 00 10 250 20 219 3 0000 4 0122 5 0000 6 000 0 7 00 0 0 8 4 8 0 0 333 10 300 58 018 6 000 2 7 0000 
18-NOV-2015 12 48077 3 2 5 56 3 00 00 10 294 20 230 3 0000 4 0105 5 0000 6 000 0 7 00 0 0 8 2 2 0 1 333 10 332 58 014 6 000 2 7 0000 
18-NOV-2015 12 48078 3 2 5 57 3 32 01 10 289 20 230 3 0000 4 0114 5 0000 6 000 0 7 00 0 0 8 1 2 0 1 333 10 337 58 017 6 000 0 7 0000 
18-NOV-2015 12 48080 3 2 4 56 5 00 00 10 290 20 248 3 0000 4 0112 5 0000 6 000 0 7 00 0 0 8 3 8 7 0 333 10 350 58 012 6 000 0 7 0000 
18-NOV-2015 12 48085 3 2 4 56 4 09 02 10 292 20 259 3 0000 4 0107 5 0000 6 000 0 7 00 0 0 8 1 8 7 6 333 10 324 58 013 6 000 0 7 0000 
18-NOV-2015 12 48087 3 2 9 50 2 00 00 10 296 20 239 3 0000 4 0000 5 0000 6 000 0 7 00 0 0 8 0 0 0 1 333 10 342 58 000 6 000 0 7 0000 
18-NOV-2015 12 48093 3 2 5 30 4 14 02 10 288 20 248 3 0000 4 0000 5 0000 6 000 0 7 00 0 0 8 2 8 4 1 333 10 343 58 000 6 000 0 7 0000 
18-NOV-2015 12 48094 3 2 4 56 1 00 00 10 305 20 245 3 0000 4 0110 5 0000 6 000 0 7 01 1 1 8 1 5 0 0 333 10 356 58 020 6 000 0 7 0000 
18-NOV-2015 12 48096 3 2 4 57 6 32 02 10 310 20 237 3 0000 4 0109 5 0000 6 000 0 7 00 0 0 8 3 9 3 1 333 10 340 58 010 6 000 0 7 0000 
18-NOV-2015 12 48097 3 2 5 56 7 13 02 10 290 20 248 3 0000 4 0113 5 0000 6 000 0 7 00 0 0 8 4 5 5 0 333 10 344 58 015 6 000 0 7 0000 
18-NOV-2015 12 48099 3 2 3 30 4 00 00 10 310 20 254 3 0000 4 0092 5 0000 6 000 0 7 00 0 0 8 4 9 0 0 333 10 357 58 002 6 000 0 7 0000 
18-NOV-2015 12 48101 3 2 6 50 2 00 00 10 290 20 248 3 0000 4 0000 5 0000 6 000 0 7 00 0 0 8 2 4 0 0 333 10 358 58 000 6 000 0 7 0000 
18-NOV-2015 12 48103 3 1 4 30 2 04 01 10 305 20 253 3 0000 4 0099 5 0000 6 000 0 7 10 1 1 8 2 9 0 0 333 10 358 58 017 6 000 0 7 0000 
18-NOV-2015 12 48107 3 2 3 30 2 13 01 10 298 20 253 3 0000 4 0096 5 0000 6 000 0 7 00 0 0 8 2 9 0 0 333 10 352 58 006 6 000 0 7 0000 
18-NOV-2015 12 48108 3 2 5 95 5 23 01 10 290 20 248 3 0000 4 0105 5 0000 6 000 0 7 00 0 0 8 3 3 0 6 333 10 350 58 008 6 000 2 7 0000 
18-NOV-2015 12 48109 3 2 4 96 2 00 00 10 313 20 282 3 0000 4 0101 5 0000 6 000 0 7 00 0 0 8 2 8 0 0 333 10 345 58 009 6 000 0 7 0000 
18-NOV-2015 12 48110 2 1 4 95 7 13 03 10 330 20 252 3 0000 4 0101 5 0000 6 000 0 7 02 5 5 8 4 3 0 6 333 10 340 58 013 6 000 0 7 0000 
18-NOV-2015 12 48112 3 2 5 97 8 04 06 10 287 20 248 3 0000 4 0094 5 0000 6 000 0 7 00 0 0 8 3 8 7 6 333 10 313 58 009 6 000 2 7 0000 
