181200 48001 32420 50000 10265 20246 40112 83902 333 10295 56505 58001 60002=
181200 48004 32560 20000 10275 20250 82800 333 10327 56900 60002=
181200 48008 32556 10000 10294 20230 40107 81400 333 10328 56800 59002 60002=
181200 48010 32530 40000 10290 20259 40105 82430 333 10327 56550 58003 60002=
181200 48018 32558 11401 10290 20248 40112 81400 333 10330 56900 58006 60002=
181200 48019 32956 11802 10296 20239 40099 81100 333 10332 56900 58002 60002=
181200 48020 32440 20000 10280 20250 82400 333 10336 56400 60002=
181200 48025 32458 42701 10296 20239 40108 83840 333 10321 56590 58008 60002=
181200 48035 32510 20000 10241 20209 40096 82800 333 10308 56900 58014 60002=
181200 48037 32930 00000 10303 20239 40095 333 10335 59002 60002=
181200 48042 32557 10000 10307 20254 40094 81400 333 10338 56900 58010 60002=
181200 48045 32450 62303 10215 20185 86300 333 10257 56600 60002=
181200 48048 32550 20401 10297 20239 40095 82800 333 10340 56900 58006 60002=
181200 48051 32558 20000 10308 20270 82200 333 10340 56900=
181200 48053 32450 40000 10300 20239 40103 83950 333 10340 56890 58008 60002=
181200 48060 22320 20000 10240 20204 40084 82100 333 10305 56200 58019 60012=
181200 48062 31350 22702 10300 20280 40100 71041 82800 333 10338 56900 58000=
181200 48071 32456 03203 10295 20266 40104 333 10328 58003=
181200 48075 32456 20000 10260 20215 40100 82500 333 10300 56500 59009=
181200 48077 32556 60000 10314 20254 40093 83831 333 10344 56999 58004=
181200 48078 32550 20000 10307 20260 40093 81201 333 10340 56909 58002 48080 32557 20000 10300 20253 40103 82800 333 10332 56900 58012=
181200 48085 32456 23602 10292 20259 40099 82800 333 10320 56300 58004=
181200 48095 32956 30000 10300 20266 80002 333 10320 56009=
181200 48108 32595 72302 10300 20223 40110 84306 333 10342 56609 58014=
181200 48109 32496 20000 10305 20267 40101 82500 333 10336 56900 59004=
181200 48112 32598 60403 10285 20254 40104 82216 333 10327 56199 58001=
181200 48030 32256 50401 10184 20165 84940 333 10231 56180 60002=
181200 48072 32556 12701 10290 20259 81200 333 10335 56600=
181200 48099 32440 40000 10302 20266 40088 84300 333 10342 56900 58006=
181200 48101 32556 40000 10288 20259 82331 333 10347 56999=
181200 48103 32430 32201 10293 20259 40094 83800 333 10349 56500 58005=
181200 48057 21450 52302 10223 20185 70199 84940 333 10268 56690 69902=
181200 48094 32456 30000 10315 20270 40099 82540 333 10355 56990 59001=
181200 48097 32556 61101 10285 20254 40115 83836 333 10346 56999 58011=
181200 48031 32359 50000 10190 20159 85800 333 10245 56900 60002=
181200 48033 32959 03601 10300 20253 40086 333 10330 59011 60002=
181200 48034 32956 00401 10225 20184 333 10292 60002=
181200 48039 32460 23201 10305 20263 82800 333 10340 56700 60002=
181200 48043 32020 00000 10230 20214 333 10275 60002=
181200 48052 32450 30000 10334 20258 83800 333 10370 56900 60002=
181200 48055 21456 62505 10242 20216 40099 72996 85940 333 10308 56550 58014 60012=
181200 48064 32950 10000 10290 20259 40079 80030 333 10345 56090 59004 60002=
181200 48065 32450 40000 10302 20253 82530 333 10350 56990 60002=
181200 48074 32456 12301 10300 20266 40097 81500 333 10345 56900 58005 60002=
181200 48093 32650 43201 10303 20253 82801 333 10349 56309=
181200 48107 32330 40000 10290 20259 40099 84900 333 10330 56100 58003=
181200 48096 32457 20602 10290 20259 40102 82300 333 10340 56600 58004=  48001 32420 50000 10265 20246 40112 83902 333 10295 56505 58001 60002=
181200 48004 32560 20000 10275 20250 82800 333 10327 56900 60002=
181200 48008 32556 10000 10294 20230 40107 81400 333 10328 56800 59002 60002=
181200 48010 32530 40000 10290 20259 40105 82430 333 10327 56550 58003 60002=
181200 48018 32558 11401 10290 20248 40112 81400 333 10330 56900 58006 60002=
181200 48019 32956 11802 10296 20239 40099 81100 333 10332 56900 58002 60002=
181200 48020 32440 20000 10280 20250 82400 333 10336 56400 60002=
181200 48025 32458 42701 10296 20239 40108 83840 333 10321 56590 58008 60002=
181200 48035 32510 20000 10241 20209 40096 82800 333 10308 56900 58014 60002=
181200 48037 32930 00000 10303 20239 40095 333 10335 59002 60002=
181200 48042 32557 10000 10307 20254 40094 81400 333 10338 56900 58010 60002=
181200 48045 32450 62303 10215 20185 86300 333 10257 56600 60002=
181200 48048 32550 20401 10297 20239 40095 82800 333 10340 56900 58006 60002=
181200 48051 32558 20000 10308 20270 82200 333 10340 56900=
181200 48053 32450 40000 10300 20239 40103 83950 333 10340 56890 58008 60002=
181200 48060 22320 20000 10240 20204 40084 82100 333 10305 56200 58019 60012=
181200 48062 31350 22702 10300 20280 40100 71041 82800 333 10338 56900 58000=
181200 48071 32456 03203 10295 20266 40104 333 10328 58003=
181200 48075 32456 20000 10260 20215 40100 82500 333 10300 56500 59009=
181200 48077 32556 60000 10314 20254 40093 83831 333 10344 56999 58004=
181200 48078 32550 20000 10307 20260 40093 81201 333 10340 56909 58002=
181200 48080 32557 20000 10300 20253 40103 82800 333 10332 56900 58012=
181200 48085 32456 23602 10292 20259 40099 82800 333 10320 56300 58004=
181200 48095 32956 30000 10300 20266 80002 333 10320 56009=
181200 48108 32595 72302 10300 20223 40110 84306 333 10342 56609 58014=
181200 48109 32496 20000 10305 20267 40101 82500 333 10336 56900 59004=
181200 48110 31495 82703 10290 20259 40110 71399 85977 333 10320 56299 58009=
181200 48112 32598 60403 10285 20254 40104 82216 333 10327 56199 58001=
181200 48030 32256 50401 10184 20165 84940 333 10231 56180 60002=
181200 48072 32556 12701 10290 20259 81200 333 10335 56600=
181200 48099 32440 40000 10302 20266 40088 84300 333 10342 56900 58006=
181200 48101 32556 40000 10288 20259 82331 333 10347 56999=
181200 48103 32430 32201 10293 20259 40094 83800 333 10349 56500 58005=
181200 48057 21450 52302 10223 20185 70199 84940 333 10268 56690 69902=
181200 48094 32456 30000 10315 20270 40099 82540 333 10355 56990 59001=
181200 48097 32556 61101 10285 20254 40115 83836 333 10346 56999 58011=
181200 48031 32359 50000 10190 20159 85800 333 10245 56900 60002=
181200 48033 32959 03601 10300 20253 40086 333 10330 59011 60002=
181200 48034 32956 00401 10225 20184 333 10292 60002=
181200 48039 32460 23201 10305 20263 82800 333 10340 56700 60002=
181200 48043 32020 00000 10230 20214 333 10275 60002=
181200 48052 32450 30000 10334 20258 83800 333 10370 56900 60002=
181200 48055 21456 62505 10242 20216 40099 72996 85940 333 10308 56550 58014 60012=
181200 48064 32950 10000 10290 20259 40079 80030 333 10345 56090 59004 60002=
181200 48065 32450 40000 10302 20253 82530 333 10350 56990 60002=
181200 48074 32456 12301 10300 20266 40097 81500 333 10345 56900 58005 60002=
181200 48093 32650 43201 10303 20253 82801 333 10349 56309=
181200 48107 32330 40000 10290 20259 40099 84900 333 10330 56100 58003=
181200 48096 32457 20602 10290 20259 40102 82300 333 10340 56600 58004=  
