48001 NIL=
48004 NIL=
48008 21456 80000 10205 20195 40090 70196 8597/ 333 20190 56119 58026 60102=
48010 22430 63601 10210 20195 40067 84770 333 20205 56550 58009 60022=
48018 22556 82201 10235 20214 40089 74244 8587/ 333 20220 56559 58022 60022=
48019 22440 40402 10228 20214 40083 82260 333 20223 56560 59019 60082=
48020 NIL=
48025 31410 30000 10246 20167 40070 70544 82840 333 20240 56590 58020=
48030 32256 22205 10152 20111 82800 333 20146 56500=
48031 31260 41801 10175 20108 70544 84800 333 20160 56400 69902=
48033 32960 00401 10270 20172 40056 333 20250 58031=
48034 22456 80000 10205 20171 8697/ 333 20185 5659/ 69902=
48035 31/01 90000 10189 20189 40083 74744 333 20182 58010=
48037 22950 03601 10267 20191 40059 333 20250 58012=
48039 22456 72201 10253 20205 83502 333 20251 56505=
48042 22556 31301 10275 20216 40064 82850 333 20263 56990 58012=
48043 NIL=
48045 NIL=
48048 32950 01801 10280 20203 40063 333 20275 58009=
48051 32558 30000 10240 20230 83800 333 20230 56900=
48052 32450 32202 10282 20203 83800 333 20280 56900=
48053 22540 51802 10250 20233 40061 82550 333 20250 56590 58002=
48055 31556 20000 10182 20165 40104 70511 81530 333 20178 56559 58009=
48057 32456 31401 10200 20150 82801 333 20185 56409=
48060 31430 20000 10197 20185 40090 74144 82100 333 20180 56500 59000=
48062 31550 50000 10260 20250 40082 84930 333 20240 56990 58006=
48064 32550 50401 10287 20230 40050 83831 333 20226 56449 58003=
48065 32450 60000 10281 20220 84831 333 20260 56559=
48071 32456 60000 10270 20256 40088 86800 333 20260 56900 58012=
48072 NIL=
48074 32456 70000 10283 20250 40086 84560 333 20265 56770 58001=
48075 32956 22201 10230 20210 40097 80005 333 20190 56009 59011=
48077 32556 50000 10270 20240 40070 84801 333 20250 56909 58005=
48078 32950 21801 10277 20245 40086 80001 333 20260 56009 58010=
48080 31408 40401 10244 20226 40104 74044 82230 333 20225 56990 58015=
48085 32456 20000 10262 20246 40084 81806 333 20260 58006=
48087 32950 22301 10250 20233 80041 333 20240 56099=
48092 31908 10000 10255 20248 40069 74011 80001 333 20245 56009 58005=
48093 32550 42301 10262 20246 84800 333 20256 56500=
48094 32950 00000 10265 20245 40089 333 20235 58003=
48095 NIL=
48097 32556 22301 10260 20246 40090 82500 333 20250 56900 59006=
48099 32440 40000 10262 20246 40086 84900 333 20240 56900 58002=
48101 31930 00000 10250 20250 74244 333 20215=
48103 32450 40401 10260 20246 40098 84800 333 20245 56100 58004=
48107 32340 40402 10229 20214 40097 84900 333 20220 56800 59002=
48108 31593 50000 10242 20236 40099 74244 82406 333 20225 56909 59005=
48109 NIL=
48110 31596 51802 10270 20256 40093 70522 82506 333 20265 56209 59005=
48112 32597 70402 10265 20240 40096 83876 333 20218 56199 58004=  