48001 21440 72701 10210 20195 40106 70355 8592/ 333 10225 56569 58008 60022=
48004 22460 53201 10255 20203 85900 333 10276 56500 69900=
48008 21556 60402 10240 20191 40095 70155 83970 333 10282 56450 58065 69902=
48010 32540 40000 10252 20219 40087 83730 333 10252 56760 58062=
48018 22556 63201 10295 20207 40071 83870 333 10310 56760 58035 69902=
48019 32450 80000 10267 20226 40084 86360 333 10298 56750 58064=
48020 22456 23603 10290 20215 82200 333 10305 56500=
48025 32456 43602 10320 20200 40062 84800 333 10363 56500 58041=
48035 21550 42702 10237 20191 40071 70522 83860 333 10308 56690 58024 60162=
48037 32956 03601 10352 20202 40051 333 10379 58047=
48042 32558 13601 10340 20206 40056 81200 333 10385 56900 58036=
48045 32558 41802 10249 20105 84300 333 10290 56500=
48048 32550 20401 10370 20227 40045 82800 333 10404 56900 58019=
48051 32559 33602 10320 20240 70111 83800 333 10357 56900 60002=
48053 32558 53601 10360 20264 40050 83956 333 10385 56699 58016=
48060 22430 20000 10276 20184 40056 82100 333 10330 56500 58031 69902=
48062 32556 12302 10312 20280 40088 81200 333 10343 56900 58023 60002=
48071 32958 02303 10320 20248 40089 333 10348 58015 60002=
48075 32456 42301 10300 20190 40066 70222 82105 333 10340 56509 58009 60002=
48077 32556 60000 10357 20214 40055 85901 333 10390 56909 58018 60002=
48078 32550 31801 10373 20273 40062 82201 333 10408 56509 58015=
48080 32458 32203 10320 20265 40090 82930 333 10372 56990 58017=
48085 32957 02704 10310 20254 40094 333 10345 58027 60002=
48095 32456 22203 10345 20257 70122 82200 333 10395 56900 60002=
48108 32596 63202 10310 20261 40090 83306 333 10376 56809 59003 60002=
48109 32997 20000 10320 20236 40098 70122 80001 333 10335 56009 58010 60002=
48110 32596 63205 10310 20267 40086 84306 333 10350 56909 58009=
48112 32596 60401 10323 20248 40083 70122 82216 333 10360 56199 58008=
48030 32256 62205 10192 20159 85940 333 10219 56560=
48072 32457 12702 10310 20254 70222 81200 333 10358 56900=
48087 32940 02302 10336 20184 333 10395=
48099 32456 32302 10336 20225 40073 83300 333 10384 56900 58013=
48101 32656 21401 10310 20254 70111 82300 333 10361 56909 60002=
48103 32450 22201 10326 20244 40078 82500 333 10383 56500 58007=
48057 32456 41402 10250 20126 82806 333 10285 56409=
48094 32956 03202 10315 20245 40091 333 10385 58021=
48097 32557 62303 10340 20225 40084 86500 333 10380 56900 58011=
48031 21259 51401 10200 20150 70122 85800 333 10218 56400 69902=
48033 NIL=
48034 22456 12301 10249 20126 81500 333 10280 56500 60102=
48039 32460 23201 10328 20191 82400 333 10380 56900=
48043 32030 03202 10270 20211 333 10292=
48052 32458 32203 10413 20230 83800 333 10435 56900=
48055 32556 22304 10312 20146 40041 82800 333 10341 56500 58023=
48064 32550 30402 10380 20255 40039 82801 333 10416 56409 58017=
48065 32950 20404 10380 20203 80001 333 10410 56009=
48074 32456 10000 10365 20249 40056 81100 333 10375 56900 58002=
48092 31956 02305 10355 20227 40059 70500 333 10390 56000 58024=
48093 32950 12301 10326 20224 80001 333 10384 56009=
48107 32340 32701 10310 20237 40090 83900 333 10368 56600 58010=  