190300 48001 21430 80000 10195 20185 40129 71555 8577/ 333 56129 58031=
190300 48004 31110 80000 10218 20205 75022 8697/ 333 56559=
190300 48008 32556 60401 10246 20186 40105 83970 333 56450 58020=
190300 48010 21456 70000 10220 20212 40113 72166 84770 333 56560 58043=
190300 48018 22558 63201 10270 20211 40107 70144 83870 333 56550 58020=
190300 48019 22960 20402 10268 20226 40092 80030 333 56060 58011=
190300 48020 21256 60000 10222 20205 72065 8577/ 333 56599=
190300 48025 31430 83601 10240 20191 40124 75055 8577/ 333 56559 58051=
190300 48030 21256 82205 10156 20123 72166 8694/ 333 56569=
190300 48031 21260 83601 10130 20113 76066 883// 333 56499=
190300 48033 32962 03601 10300 20207 40086 333 58010=
190300 48034 22457 41802 10253 20167 84800 333 56500=
190300 48035 31530 10000 10229 20198 40093 70544 81200 333 56700 58010=
190300 48037 22958 03602 10300 20149 40098 333 58026=
190300 48039 22956 21401 10315 20200 80002 333 56009=
190300 48042 22556 11803 10330 20212 40089 81200 333 56900 58013=
190300 48043 32656 31805 10250 20150 82230 333 56590=
190300 48045 32562 41808 10231 20097 84300 333 56500=
190300 48048 32560 11802 10328 20191 40090 81100 333 56900 58014=
190300 48051 32559 30402 10308 20240 70211 83200 333 56900=
190300 48052 32458 22203 10343 20184 82200 333 56900=
190300 48053 22550 52203 10300 20253 40084 82556 333 56599 59003=
190300 48055 31556 61802 10291 20150 40075 70511 83830 333 56450 59000=
190300 48057 32457 61402 10220 20156 82856 333 56499=
190300 48060 32440 40000 10280 20203 40090 82130 333 56560 58014=
190300 48062 31456 70902 10315 20280 40108 75022 85970 333 56390 58015=
190300 48064 32560 10401 10350 20237 40087 81100 333 56900 58014=
190300 48065 32460 22210 10337 20206 81101 333 56909=
190300 48071 32458 53202 10305 20267 40116 85800 333 56600 58010=
190300 48072 32459 61301 10310 20254 70222 84930 333 56790=
190300 48074 31956 11402 10310 20237 40123 70500 80001 333 56009 58009=
190300 48075 32457 23201 10280 20220 40100 82100 333 56500 58007=
190300 48077 32559 50000 10320 20236 40097 84801 333 56909 58006=
190300 48078 32556 21802 10316 20236 40113 81101 333 56909 58005=
190300 48080 31459 63202 10301 20266 40120 70344 84870 333 56590 58007=
190300 48085 32458 33204 10320 20265 40114 82806 333 56609 58009=
190300 48087 32960 20000 10322 20248 80041 333 56099=
190300 48092 31457 10000 10320 20248 40092 70511 81100 333 56900 58005=
190300 48093 32557 42301 10307 20254 84800 333 56500=
190300 48094 32458 33203 10320 20270 40111 83500 333 56700 58006=
190300 48095 32458 42203 10325 20265 70311 83840 333 56990=
190300 48097 32557 53301 10310 20254 40118 85800 333 56900 58000=
190300 48099 32450 31303 10312 20254 40110 82301 333 56309 59001=
190300 48101 22558 63203 10302 20253 70322 84331 333 56699=
190300 48103 32456 53201 10325 20236 40114 85800 333 56700 59001=
190300 48107 32350 22701 10310 20254 40107 82900 333 56800 59002=
190300 48108 31596 53203 10315 20242 40120 70244 83806 333 56609 59003=
190300 48109 32497 50901 10315 20265 40188 84901 333 56909 58005=
190300 48110 31596 83202 10320 20248 40114 70522 83306 333 56209 59005=
190300 48112 32598 60401 10315 20254 40113  82216 333 56199 59007=  48001 21430 80000 10195 20185 40129 71555 8577/ 333 56129 58031=
190300 48004 31110 80000 10218 20205 75022 8697/ 333 56559=
190300 48008 32556 60401 10246 20186 40105 83970 333 56450 58020=
190300 48010 21456 70000 10220 20212 40113 72166 84770 333 56560 58043=
190300 48018 22558 63201 10270 20211 40107 70144 83870 333 56550 58020=
190300 48019 22960 20402 10268 20226 40092 80030 333 56060 58011=
190300 48020 21256 60000 10222 20205 72065 8577/ 333 56599=
190300 48025 31430 83601 10240 20191 40124 75055 8577/ 333 56559 58051=
190300 48030 21256 82205 10156 20123 72166 8694/ 333 56569=
190300 48031 21260 83601 10130 20113 76066 883// 333 56499=
190300 48033 32962 03601 10300 20207 40086 333 58010=
190300 48034 22457 41802 10253 20167 84800 333 56500=
190300 48035 31530 10000 10229 20198 40093 70544 81200 333 56700 58010=
190300 48037 22958 03602 10300 20149 40098 333 58026=
190300 48039 22956 21401 10315 20200 80002 333 56009=
190300 48042 22556 11803 10330 20212 40089 81200 333 56900 58013=
190300 48043 32656 31805 10250 20150 82230 333 56590=
190300 48045 32562 41808 10231 20097 84300 333 56500=
190300 48048 32560 11802 10328 20191 40090 81100 333 56900 58014=
190300 48051 32559 30402 10308 20240 70211 83200 333 56900=
190300 48052 32458 22203 10343 20184 82200 333 56900=
190300 48053 22550 52203 10300 20253 40084 82556 333 56599 59003=
190300 48055 31556 61802 10291 20150 40075 70511 83830 333 56450 59000=
190300 48057 32457 61402 10220 20156 82856 333 56499=
190300 48060 32440 40000 10280 20203 40090 82130 333 56560 58014=
190300 48062 31456 70902 10315 20280 40108 75022 85970 333 56390 58015=
190300 48064 32560 10401 10350 20237 40087 81100 333 56900 58014=
190300 48065 32460 22210 10337 20206 81101 333 56909=
190300 48071 32458 53202 10305 20267 40116 85800 333 56600 58010=
190300 48072 32459 61301 10310 20254 70222 84930 333 56790=
190300 48074 31956 11402 10310 20237 40123 70500 80001 333 56009 58009=
190300 48075 32457 23201 10280 20220 40100 82100 333 56500 58007=
190300 48077 32559 50000 10320 20236 40097 84801 333 56909 58006=
190300 48078 32556 21802 10316 20236 40113 81101 333 56909 58005=
190300 48080 31459 63202 10301 20266 40120 70344 84870 333 56590 58007=
190300 48085 32458 33204 10320 20265 40114 82806 333 56609 58009=
190300 48087 32960 20000 10322 20248 80041 333 56099=
190300 48092 31457 10000 10320 20248 40092 70511 81100 333 56900 58005=
190300 48093 32557 42301 10307 20254 84800 333 56500=
190300 48094 32458 33203 10320 20270 40111 83500 333 56700 58006=
190300 48095 32458 42203 10325 20265 70311 83840 333 56990=
190300 48097 32557 53301 10310 20254 40118 85800 333 56900 58000=
190300 48099 32450 31303 10312 20254 40110 82301 333 56309 59001=
190300 48101 22558 63203 10302 20253 70322 84331 333 56699=
190300 48103 32456 53201 10325 20236 40114 85800 333 56700 59001=
190300 48107 32350 22701 10310 20254 40107 82900 333 56800 59002=
190300 48108 31596 53203 10315 20242 40120 70244 83806 333 56609 59003=
190300 48109 32497 50901 10315 20265 40188 84901 333 56909 58005=
190300 48110 31596 83202 10320 20248 40114 70522 83306 333 56209 59005=
190300 48112 32598 60401 10315 20254 40113  82216 333 56199 59007=  
