19-APR-2015 12 48001 2 1 4 40 7 27 01 10 210 20 195 3 0000 4 0106 5 0000 6 000 0 7 03 5 5 8 5 9 2 / 333 10 225 58 008 6 002 2 7 0000 
19-APR-2015 12 48008 2 1 5 56 6 04 02 10 240 20 191 3 0000 4 0095 5 0000 6 000 0 7 01 5 5 8 3 9 7 0 333 10 282 58 065 6 990 2 7 0000 
19-APR-2015 12 48010 3 2 5 40 4 00 00 10 252 20 219 3 0000 4 0087 5 0000 6 000 0 7 00 0 0 8 3 7 3 0 333 10 252 58 062 6 000 0 7 0000 
19-APR-2015 12 48018 2 2 5 56 6 32 01 10 295 20 207 3 0000 4 0071 5 0000 6 000 0 7 00 0 0 8 3 8 7 0 333 10 310 58 035 6 990 2 7 0000 
19-APR-2015 12 48019 3 2 4 50 8 00 00 10 267 20 226 3 0000 4 0084 5 0000 6 000 0 7 00 0 0 8 6 3 6 0 333 10 298 58 064 6 000 0 7 0000 
19-APR-2015 12 48020 2 2 4 56 2 36 03 10 290 20 215 3 0000 4 0000 5 0000 6 000 0 7 00 0 0 8 2 2 0 0 333 10 305 58 000 6 000 0 7 0000 
19-APR-2015 12 48025 3 2 4 56 4 36 02 10 320 20 200 3 0000 4 0062 5 0000 6 000 0 7 00 0 0 8 4 8 0 0 333 10 363 58 041 6 000 0 7 0000 
19-APR-2015 12 48030 3 2 2 56 6 22 05 10 192 20 159 3 0000 4 0000 5 0000 6 000 0 7 00 0 0 8 5 9 4 0 333 10 219 58 000 6 000 0 7 0000 
19-APR-2015 12 48035 2 1 5 50 4 27 02 10 237 20 191 3 0000 4 0071 5 0000 6 000 0 7 05 2 2 8 3 8 6 0 333 10 308 58 024 6 016 2 7 0000 
19-APR-2015 12 48037 3 2 9 56 0 36 01 10 352 20 202 3 0000 4 0051 5 0000 6 000 0 7 00 0 0 8 0 0 0 0 333 10 379 58 047 6 000 0 7 0000 
19-APR-2015 12 48039 3 2 4 60 2 32 01 10 328 20 191 3 0000 4 0000 5 0000 6 000 0 7 00 0 0 8 2 4 0 0 333 10 380 58 000 6 000 0 7 0000 
19-APR-2015 12 48042 3 2 5 58 1 36 01 10 340 20 206 3 0000 4 0056 5 0000 6 000 0 7 00 0 0 8 1 2 0 0 333 10 385 58 036 6 000 0 7 0000 
19-APR-2015 12 48043 3 2 0 30 0 32 02 10 270 20 211 3 0000 4 0000 5 0000 6 000 0 7 00 0 0 8 0 0 0 0 333 10 292 58 000 6 000 0 7 0000 
19-APR-2015 12 48045 3 2 5 58 4 18 02 10 249 20 105 3 0000 4 0000 5 0000 6 000 0 7 00 0 0 8 4 3 0 0 333 10 290 58 000 6 000 0 7 0000 
19-APR-2015 12 48048 3 2 5 50 2 04 01 10 370 20 227 3 0000 4 0045 5 0000 6 000 0 7 00 0 0 8 2 8 0 0 333 10 404 58 019 6 000 0 7 0000 
19-APR-2015 12 48052 3 2 4 58 3 22 03 10 413 20 230 3 0000 4 0000 5 0000 6 000 0 7 00 0 0 8 3 8 0 0 333 10 435 58 000 6 000 0 7 0000 
19-APR-2015 12 48053 3 2 5 58 5 36 01 10 360 20 264 3 0000 4 0050 5 0000 6 000 0 7 00 0 0 8 3 9 5 6 333 10 385 58 016 6 000 0 7 0000 
19-APR-2015 12 48055 3 2 5 56 2 23 04 10 312 20 146 3 0000 4 0041 5 0000 6 000 0 7 00 0 0 8 2 8 0 0 333 10 341 58 023 6 000 0 7 0000 
19-APR-2015 12 48057 3 2 4 56 4 14 02 10 250 20 126 3 0000 4 0000 5 0000 6 000 0 7 00 0 0 8 2 8 0 6 333 10 285 58 000 6 000 0 7 0000 
19-APR-2015 12 48060 2 2 4 30 2 00 00 10 276 20 184 3 0000 4 0056 5 0000 6 000 0 7 00 0 0 8 2 1 0 0 333 10 330 58 031 6 990 2 7 0000 
19-APR-2015 12 48062 3 2 5 56 1 23 02 10 312 20 280 3 0000 4 0088 5 0000 6 000 0 7 00 0 0 8 1 2 0 0 333 10 343 58 023 6 000 2 7 0000 
19-APR-2015 12 48064 3 2 5 50 3 04 02 10 380 20 255 3 0000 4 0039 5 0000 6 000 0 7 00 0 0 8 2 8 0 1 333 10 416 58 017 6 000 0 7 0000 
19-APR-2015 12 48065 3 2 9 50 2 04 04 10 380 20 203 3 0000 4 0000 5 0000 6 000 0 7 00 0 0 8 0 0 0 1 333 10 410 58 000 6 000 0 7 0000 
19-APR-2015 12 48071 3 2 9 58 0 23 03 10 320 20 248 3 0000 4 0089 5 0000 6 000 0 7 00 0 0 8 0 0 0 0 333 10 348 58 015 6 000 2 7 0000 
19-APR-2015 12 48072 3 2 4 57 1 27 02 10 310 20 254 3 0000 4 0000 5 0000 6 000 0 7 02 2 2 8 1 2 0 0 333 10 358 58 000 6 000 0 7 0000 
19-APR-2015 12 48074 3 2 4 56 1 00 00 10 365 20 249 3 0000 4 0056 5 0000 6 000 0 7 00 0 0 8 1 1 0 0 333 10 375 58 002 6 000 0 7 0000 
19-APR-2015 12 48075 3 2 4 56 4 23 01 10 300 20 190 3 0000 4 0066 5 0000 6 000 0 7 02 2 2 8 2 1 0 5 333 10 340 58 009 6 000 2 7 0000 
19-APR-2015 12 48077 3 2 5 56 6 00 00 10 357 20 214 3 0000 4 0055 5 0000 6 000 0 7 00 0 0 8 5 9 0 1 333 10 390 58 018 6 000 2 7 0000 
19-APR-2015 12 48078 3 2 5 50 3 18 01 10 373 20 273 3 0000 4 0062 5 0000 6 000 0 7 00 0 0 8 2 2 0 1 333 10 408 58 015 6 000 0 7 0000 
19-APR-2015 12 48080 3 2 4 58 3 22 03 10 320 20 265 3 0000 4 0090 5 0000 6 000 0 7 00 0 0 8 2 9 3 0 333 10 372 58 017 6 000 0 7 0000 
19-APR-2015 12 48085 3 2 9 57 0 27 04 10 310 20 254 3 0000 4 0094 5 0000 6 000 0 7 00 0 0 8 0 0 0 0 333 10 345 58 027 6 000 2 7 0000 
19-APR-2015 12 48087 3 2 9 40 0 23 02 10 336 20 184 3 0000 4 0000 5 0000 6 000 0 7 00 0 0 8 0 0 0 0 333 10 395 58 000 6 000 0 7 0000 
19-APR-2015 12 48092 3 1 9 56 0 23 05 10 355 20 227 3 0000 4 0059 5 0000 6 000 0 7 05 0 0 8 0 0 0 0 333 10 390 58 024 6 000 0 7 0000 
19-APR-2015 12 48093 3 2 9 50 1 23 01 10 326 20 224 3 0000 4 0000 5 0000 6 000 0 7 00 0 0 8 0 0 0 1 333 10 384 58 000 6 000 0 7 0000 
19-APR-2015 12 48094 3 2 9 56 0 32 02 10 315 20 245 3 0000 4 0091 5 0000 6 000 0 7 00 0 0 8 0 0 0 0 333 10 385 58 021 6 000 0 7 0000 
19-APR-2015 12 48097 3 2 5 57 6 23 03 10 340 20 225 3 0000 4 0084 5 0000 6 000 0 7 00 0 0 8 6 5 0 0 333 10 380 58 011 6 000 0 7 0000 
19-APR-2015 12 48099 3 2 4 56 3 23 02 10 336 20 225 3 0000 4 0073 5 0000 6 000 0 7 00 0 0 8 3 3 0 0 333 10 384 58 013 6 000 0 7 0000 
19-APR-2015 12 48103 3 2 4 50 2 22 01 10 326 20 244 3 0000 4 0078 5 0000 6 000 0 7 00 0 0 8 2 5 0 0 333 10 383 58 007 6 000 0 7 0000 
19-APR-2015 12 48107 3 2 3 40 3 27 01 10 310 20 237 3 0000 4 0090 5 0000 6 000 0 7 00 0 0 8 3 9 0 0 333 10 368 58 010 6 000 0 7 0000 
19-APR-2015 12 48108 3 2 5 96 6 32 02 10 310 20 261 3 0000 4 0090 5 0000 6 000 0 7 00 0 0 8 3 3 0 6 333 10 376 59 003 6 000 2 7 0000 
19-APR-2015 12 48109 3 2 9 97 2 00 00 10 320 20 236 3 0000 4 0098 5 0000 6 000 0 7 01 2 2 8 0 0 0 1 333 10 335 58 010 6 000 2 7 0000 
19-APR-2015 12 48110 3 2 5 96 6 32 05 10 310 20 267 3 0000 4 0086 5 0000 6 000 0 7 00 0 0 8 4 3 0 6 333 10 350 58 009 6 000 0 7 0000 
19-APR-2015 12 48112 3 2 5 96 6 04 01 10 323 20 248 3 0000 4 0083 5 0000 6 000 0 7 01 2 2 8 2 2 1 6 333 10 360 58 008 6 000 0 7 0000 
