190300 48001 21430 82301 10245 20240 40058 75055 8672/ 333 56749 58007=
190300 48004 21220 80401 10263 20263 70265 8697/ 333 56559=
190300 48008 22456 80000 10262 20255 40072 8497/ 333 56459 59003=
190300 48010 22450 81802 10280 20250 40066 8577/ 333 56449 59004=
190300 48018 32558 62201 10275 20240 40065 70322 8437/ 333 56559 58000=
190300 48019 32457 80000 10278 20268 40063 85770 333 56560 59009=
190300 48020 32458 60904 10300 20253 84830 333 56450=
190300 48025 32220 70401 10279 20250 40071 85840 333 56550 59014=
190300 48035 22560 82203 10251 20205 40081 8597/ 333 56799 58008=
190300 48037 32559 81802 10285 20233 40071 8587/ 333 56699 58007=
190300 48042 32558 71302 10292 20230 40079 84850 333 56440 58001=
190300 48045 32556 62301 10231 20163 85830 333 56550=
190300 48048 32560 51802 10315 20225 40072 84850 333 56490 59010=
190300 48051 22558 81301 10266 20260 86970 333 56690=
190300 48053 32456 61805 10280 20233 40097 83556 333 56599 58004=
190300 48060 32340 70000 10260 20229 40057 85830 333 56490 59010=
190300 48062 21356 81304 10270 20270 40100 76555 86920 333 56590 59000=
190300 48071 21458 80000 10275 20275 40105 76066 8692/ 333 5659/ 59004=
190300 48075 22456 80000 10250 20205 40106 86370 333 56590 59019=
190300 48077 32559 82304 10290 20248 40094 85931 333 56499 59008=
190300 48078 22556 71401 10270 20256 40112 84531 333 56699 59015=
190300 48080 21459 80402 10250 20250 40111 75065 85970 333 56590 59010=
190300 48085 21357 82201 10270 20256 40112 75065 85970 333 56990 59008=
190300 48095 22458 82202 10280 20268 85970 333 56590=
190300 48108 31596 70502 10290 20248 40119 70344 84366 333 56899 59002=
190300 48109 32497 72301 10290 20259 40133 85970 333 56990 58008=
190300 48110 21495 83203 10275 20262 40119 75165 85377 333 56999 59001=
190300 48112 32598 62201 10302 20253 40123 82216 333 56599 58005=
190300 48030 22256 82207 10187 20159 8784/ 333 56569=
190300 48072 21459 62702 10285 20274 70355 84930 333 56590=
190300 48087 22450 80000 10268 20256 8597/ 333 5649/=
190300 48099 21330 82302 10260 20240 40114 75155 8697/ 333 5699/ 59012=
190300 48101 21557 80000 10288 20274 75155 8477/ 333 5659/=
190300 48103 21340 82202 10252 20252 40103 76066 86720 333 56550 59001=
190300 48057 22457 72202 10200 20189 85950 333 56590=
190300 48094 22456 80000 10280 20270 40117 8597/ 333 5659/ 58000=
190300 48097 21557 82301 10275 20269 40128 75065 8633/ 333 5659/ 59004=
190300 48031 22256 53601 10200 20168 888// 333 56499=
190300 48033 32562 71801 10275 20233 40083 86930 333 56590 59002=
190300 48034 22456 80000 10213 20192 8692/ 333 5659/=
190300 48039 32460 71402 10289 20230 84950 333 56550=
190300 48043 32956 81806 10225 20198 8487/ 333 56599=
190300 48052 32460 51302 10312 20237 85900 333 56900=
190300 48055 32456 62303 10252 20212 40085 84930 333 56550 59010=
190300 48064 32458 82301 10294 20259 40073 84870 333 56440 59005=
190300 48065 32556 81401 10290 20248 85570 333 56990=
190300 48074 22458 82302 10260 20246 40122 8577/ 333 56499 58003=
190300 48092 22450 82605 10280 20250 40095 8597/ 333 5699/ 59010=
190300 48093 21456 82301 10270 20268 75155 8697/ 333 56999=
190300 48107 21330 82302 10248 20233 40144 76166 8597/ 333 5655/ 59003=  
