19-DEC-2015 00 48062 2 2 4 50 8 09 02 10 200 20 190 3 0000 4 0155 5 0000 6 000 0 7 00 0 0 8 6 9 7 0 333 20 170 58 018 6 000 0 7 0000 
19-DEC-2015 00 48071 2 1 4 50 8 00 00 10 228 20 214 3 0000 4 0159 5 0000 6 000 0 7 10 2 2 8 5 8 7 / 333 20 215 58 017 6 000 0 7 0000 
19-DEC-2015 00 48075 3 1 4 56 6 00 00 10 160 20 144 3 0000 4 0199 5 0000 6 000 0 7 20 4 4 8 4 7 7 0 333 20 155 58 015 6 000 0 7 0000 
19-DEC-2015 00 48077 3 2 5 56 8 00 00 10 222 20 185 3 0000 4 0150 5 0000 6 000 0 7 00 0 0 8 5 9 3 1 333 20 190 58 023 6 000 0 7 0000 
19-DEC-2015 00 48078 3 2 5 50 6 00 00 10 203 20 000 3 0000 4 0000 5 0000 6 000 0 7 00 0 0 8 0 0 0 0 333 10 181 58 000 6 000 0 7 0000 
19-DEC-2015 00 48085 3 2 3 56 8 14 02 10 194 20 190 3 0000 4 0151 5 0000 6 000 0 7 00 0 0 8 5 8 7 6 333 20 192 58 013 6 000 0 7 0000 
19-DEC-2015 00 48087 3 2 4 50 7 00 00 10 200 20 185 3 0000 4 0000 5 0000 6 000 0 7 00 0 0 8 4 8 7 0 333 20 144 58 000 6 000 0 7 0000 
19-DEC-2015 00 48092 3 1 5 10 1 13 01 10 195 20 188 3 0000 4 0143 5 0000 6 000 0 7 40 4 4 8 1 4 0 0 333 20 185 58 021 6 000 0 7 0000 
19-DEC-2015 00 48093 3 2 9 50 0 00 00 10 214 20 208 3 0000 4 0000 5 0000 6 000 0 7 00 0 0 8 0 0 0 0 333 20 208 58 000 6 000 0 7 0000 
19-DEC-2015 00 48094 3 2 4 56 5 00 00 10 215 20 205 3 0000 4 0160 5 0000 6 000 0 7 00 0 0 8 3 5 4 0 333 20 208 58 024 6 000 0 7 0000 
19-DEC-2015 00 48096 3 1 9 20 1 35 04 10 220 20 205 3 0000 4 0165 5 0000 6 000 0 7 10 1 1 8 0 0 0 1 333 20 205 58 023 6 000 0 7 0000 
19-DEC-2015 00 48097 3 1 5 10 2 04 01 10 220 20 212 3 0000 4 0157 5 0000 6 000 0 7 40 1 1 8 2 5 0 0 333 20 202 58 014 6 000 0 7 0000 
19-DEC-2015 00 48099 3 1 3 30 2 32 01 10 208 20 195 3 0000 4 0155 5 0000 6 000 0 7 41 4 4 8 2 7 0 0 333 20 192 58 024 6 000 0 7 0000 
19-DEC-2015 00 48103 3 2 9 40 0 04 09 10 228 20 163 3 0000 4 0160 5 0000 6 000 0 7 00 0 0 8 0 0 0 0 333 20 222 58 023 6 000 0 7 0000 
19-DEC-2015 00 48107 3 2 9 30 0 09 02 10 200 20 168 3 0000 4 0149 5 0000 6 000 0 7 41 4 4 8 0 0 0 0 333 20 192 58 030 6 000 0 7 0000 
19-DEC-2015 00 48108 3 1 4 92 4 00 00 10 183 20 178 3 0000 4 0156 5 0000 6 000 0 7 40 2 2 8 2 4 0 5 333 20 170 58 009 6 000 0 7 0000 
19-DEC-2015 00 48109 3 2 4 96 3 00 00 10 257 20 229 3 0000 4 0157 5 0000 6 000 0 7 00 0 0 8 3 9 0 0 333 20 202 58 025 6 000 0 7 0000 
19-DEC-2015 00 48110 3 1 9 96 3 13 02 10 215 20 180 3 0000 4 0157 5 0000 6 000 0 7 05 1 1 8 0 0 3 6 333 20 210 58 012 6 000 0 7 0000 
19-DEC-2015 00 48112 3 2 5 97 8 04 05 10 255 20 240 3 0000 4 0137 5 0000 6 000 0 7 00 0 0 8 4 8 7 6 333 20 202 58 007 6 000 0 7 0000 
