19-DEC-2015 03 48001 2 1 2 20 8 32 01 10 120 20 115 3 0000 4 0216 5 0000 6 000 0 7 51 5 5 8 5 7 2 / 333 10 /// 58 006 6 000 0 7 0000 
19-DEC-2015 03 48004 3 1 5 62 3 04 01 10 148 20 111 3 0000 4 0000 5 0000 6 000 0 7 01 4 4 8 3 8 0 0 333 10 /// 58 000 6 000 0 7 0000 
19-DEC-2015 03 48008 3 1 4 56 5 36 01 10 166 20 154 3 0000 4 0194 5 0000 6 000 0 7 01 9 6 8 3 9 7 0 333 10 /// 58 020 6 000 0 7 0000 
19-DEC-2015 03 48010 3 1 0 30 0 00 00 10 140 20 124 3 0000 4 0199 5 0000 6 000 0 7 40 4 4 8 0 0 0 0 333 10 /// 58 027 6 000 0 7 0000 
19-DEC-2015 03 48018 3 1 5 30 9 36 01 10 155 20 154 3 0000 4 0189 5 0000 6 000 0 7 42 4 4 8 9 / / / 333 10 /// 58 021 6 000 0 7 0000 
19-DEC-2015 03 48019 2 1 4 56 8 00 00 10 164 20 144 3 0000 4 0179 5 0000 6 000 0 7 50 5 5 8 5 7 7 0 333 10 /// 58 018 6 000 0 7 0000 
19-DEC-2015 03 48020 3 2 3 30 8 04 02 10 160 20 000 3 0000 4 0144 5 0000 6 000 0 7 00 0 0 8 8 7 0 0 333 10 /// 58 000 6 000 0 7 0000 
19-DEC-2015 03 48025 3 1 0 05 8 00 00 10 166 20 150 3 0000 4 0188 5 0000 6 000 0 7 47 4 4 8 8 6 / / 333 10 /// 58 021 6 000 0 7 0000 
19-DEC-2015 03 48030 2 2 2 56 1 22 07 10 114 20 069 3 0000 4 0000 5 0000 6 000 0 7 00 0 0 8 1 2 0 0 333 10 /// 58 000 6 000 0 7 0000 
19-DEC-2015 03 48031 2 2 2 60 3 27 01 10 150 20 073 3 0000 4 0000 5 0000 6 000 0 7 00 0 0 8 3 8 0 0 333 10 /// 58 000 6 000 0 7 0000 
19-DEC-2015 03 48033 2 2 5 62 5 36 01 10 210 20 160 3 0000 4 0170 5 0000 6 000 0 7 00 0 0 8 5 9 0 0 333 10 /// 59 001 6 000 0 7 0000 
19-DEC-2015 03 48034 2 1 4 56 4 00 00 10 130 20 113 3 0000 4 0000 5 0000 6 000 0 7 01 5 5 8 4 3 0 0 333 10 /// 58 000 6 000 0 7 0000 
19-DEC-2015 03 48035 3 1 5 30 5 32 01 10 158 20 144 3 0000 4 0172 5 0000 6 000 0 7 05 4 4 8 4 8 6 0 333 10 /// 58 009 6 000 0 7 0000 
19-DEC-2015 03 48037 2 2 5 56 5 04 01 10 207 20 175 3 0000 4 0166 5 0000 6 000 0 7 00 0 0 8 5 8 0 0 333 10 /// 58 002 6 000 0 7 0000 
19-DEC-2015 03 48039 2 1 4 40 3 22 01 10 230 20 183 3 0000 4 0000 5 0000 6 000 0 7 40 4 4 8 2 1 0 2 333 10 /// 58 000 6 000 0 7 0000 
19-DEC-2015 03 48042 3 1 5 40 2 13 01 10 237 20 191 3 0000 4 0169 5 0000 6 000 0 7 10 4 4 8 2 8 0 0 333 10 /// 58 009 6 000 0 7 0000 
19-DEC-2015 03 48043 3 2 0 56 0 00 00 10 160 20 144 3 0000 4 0000 5 0000 6 000 0 7 00 0 0 8 0 0 0 0 333 10 /// 58 000 6 000 0 7 0000 
19-DEC-2015 03 48045 3 2 5 57 6 23 05 10 158 20 085 3 0000 4 0000 5 0000 6 000 0 7 00 0 0 8 6 6 0 0 333 10 /// 58 000 6 000 0 7 0000 
19-DEC-2015 03 48048 3 1 9 58 1 00 00 10 210 20 175 3 0000 4 0173 5 0000 6 000 0 7 10 4 4 8 1 8 0 0 333 10 /// 58 011 6 000 0 7 0000 
19-DEC-2015 03 48051 3 1 4 58 8 04 02 10 186 20 180 3 0000 4 0000 5 0000 6 000 0 7 50 5 5 8 6 9 7 0 333 10 /// 58 000 6 000 0 7 0000 
19-DEC-2015 03 48052 3 1 4 56 3 18 03 10 233 20 181 3 0000 4 0000 5 0000 6 000 0 7 05 1 1 8 3 8 0 0 333 10 /// 58 000 6 000 0 7 0000 
19-DEC-2015 03 48053 2 2 5 40 3 18 02 10 220 20 173 3 0000 4 0168 5 0000 6 000 0 7 05 1 1 8 2 5 5 0 333 10 /// 58 011 6 000 0 7 0000 
19-DEC-2015 03 48055 2 1 4 40 8 23 03 10 147 20 137 3 0000 4 0218 5 0000 6 000 0 7 50 5 5 8 6 9 7 / 333 10 /// 58 032 6 000 0 7 0000 
19-DEC-2015 03 48057 2 1 4 56 8 14 03 10 120 20 120 3 0000 4 0000 5 0000 6 000 0 7 03 6 5 8 6 3 3 0 333 10 /// 58 000 6 000 0 7 0000 
19-DEC-2015 03 48060 2 1 4 30 8 00 00 10 148 20 134 3 0000 4 0228 5 0000 6 000 0 7 40 6 4 8 5 9 7 / 333 10 /// 58 015 6 000 0 7 0000 
19-DEC-2015 03 48062 2 2 4 56 7 09 05 10 280 20 200 3 0000 4 0175 5 0000 6 000 0 7 01 2 2 8 5 9 7 0 333 10 /// 58 018 6 000 0 7 0000 
19-DEC-2015 03 48064 3 2 9 58 0 04 01 10 215 20 185 3 0000 4 0154 5 0000 6 000 0 7 01 2 2 8 0 0 0 0 333 10 /// 58 002 6 000 0 7 0000 
19-DEC-2015 03 48065 2 2 4 56 2 00 00 10 225 20 192 3 0000 4 0000 5 0000 6 000 0 7 01 2 2 8 2 8 0 0 333 10 /// 58 000 6 000 0 7 0000 
19-DEC-2015 03 48071 2 2 4 58 7 04 01 10 250 20 205 3 0000 4 0176 5 0000 6 000 0 7 00 0 0 8 5 8 7 0 333 10 /// 58 015 6 000 0 7 0000 
19-DEC-2015 03 48072 3 2 4 58 8 00 00 10 250 20 219 3 0000 4 0000 5 0000 6 000 0 7 00 0 0 8 5 9 3 0 333 10 /// 58 000 6 000 0 7 0000 
19-DEC-2015 03 48074 3 2 4 58 7 04 03 10 220 20 185 3 0000 4 0184 5 0000 6 000 0 7 00 0 0 8 5 8 5 0 333 10 /// 58 018 6 000 0 7 0000 
19-DEC-2015 03 48075 2 1 4 56 5 00 00 10 180 20 147 3 0000 4 0220 5 0000 6 000 0 7 10 5 5 8 4 8 3 0 333 10 /// 58 026 6 000 0 7 0000 
19-DEC-2015 03 48077 3 2 5 58 8 00 00 10 230 20 198 3 0000 4 0170 5 0000 6 000 0 7 00 0 0 8 5 9 3 1 333 10 /// 58 020 6 000 0 7 0000 
19-DEC-2015 03 48078 3 2 5 57 6 00 00 10 222 20 179 3 0000 4 0188 5 0000 6 000 0 7 00 0 0 8 4 5 3 1 333 10 /// 58 019 6 000 0 7 0000 
19-DEC-2015 03 48080 3 2 4 59 8 00 00 10 211 20 175 3 0000 4 0172 5 0000 6 000 0 7 00 0 0 8 5 8 7 0 333 10 /// 58 018 6 000 0 7 0000 
19-DEC-2015 03 48085 3 2 4 58 7 09 02 10 230 20 214 3 0000 4 0174 5 0000 6 000 0 7 00 0 0 8 3 8 7 0 333 10 /// 58 012 6 000 0 7 0000 
19-DEC-2015 03 48087 3 2 4 58 7 04 03 10 240 20 174 3 0000 4 0000 5 0000 6 000 0 7 00 0 0 8 4 8 7 0 333 10 /// 58 000 6 000 0 7 0000 
19-DEC-2015 03 48092 3 1 5 10 2 13 01 10 230 20 222 3 0000 4 0161 5 0000 6 000 0 7 40 4 4 8 2 5 0 0 333 10 /// 58 021 6 000 0 7 0000 
19-DEC-2015 03 48093 3 2 5 57 4 04 01 10 256 20 215 3 0000 4 0000 5 0000 6 000 0 7 00 0 0 8 3 8 4 0 333 10 /// 58 000 6 000 0 7 0000 
19-DEC-2015 03 48094 3 2 4 58 6 32 02 10 235 20 205 3 0000 4 0180 5 0000 6 000 0 7 00 0 0 8 4 9 4 0 333 10 /// 58 024 6 000 0 7 0000 
19-DEC-2015 03 48095 3 2 4 58 5 04 01 10 235 20 198 3 0000 4 0000 5 0000 6 000 0 7 00 0 0 8 4 6 0 2 333 10 /// 58 000 6 000 0 7 0000 
19-DEC-2015 03 48096 3 1 5 56 4 13 03 10 250 20 219 3 0000 4 0187 5 0000 6 000 0 7 05 4 4 8 1 5 3 1 333 10 /// 58 022 6 000 0 7 0000 
19-DEC-2015 03 48097 3 1 5 57 5 04 02 10 260 20 229 3 0000 4 0183 5 0000 6 000 0 7 05 4 4 8 3 8 5 0 333 10 /// 58 019 6 000 0 7 0000 
19-DEC-2015 03 48099 3 1 4 40 3 32 01 10 253 20 186 3 0000 4 0180 5 0000 6 000 0 7 40 4 4 8 3 8 0 0 333 10 /// 58 023 6 000 0 7 0000 
19-DEC-2015 03 48101 3 2 9 58 0 36 01 10 248 20 205 3 0000 4 0000 5 0000 6 000 0 7 00 0 0 8 0 0 0 0 333 10 /// 58 000 6 000 0 7 0000 
19-DEC-2015 03 48103 3 2 9 56 0 04 10 10 265 20 160 3 0000 4 0186 5 0000 6 000 0 7 00 0 0 8 0 0 0 0 333 10 /// 58 026 6 000 0 7 0000 
19-DEC-2015 03 48107 3 1 9 50 0 09 02 10 263 20 271 3 0000 4 0171 5 0000 6 000 0 7 // 4 4 8 0 0 0 0 333 10 /// 58 030 6 000 0 7 0000 
19-DEC-2015 03 48108 3 1 5 96 2 23 01 10 270 20 172 3 0000 4 0179 5 0000 6 000 0 7 01 4 4 8 0 0 0 5 333 10 /// 58 017 6 000 0 7 0000 
19-DEC-2015 03 48109 3 2 4 97 3 00 00 10 288 20 230 3 0000 4 0178 5 0000 6 000 0 7 00 0 0 8 3 9 0 0 333 10 /// 58 019 6 000 0 7 0000 
19-DEC-2015 03 48110 3 1 9 96 4 13 02 10 270 20 191 3 0000 4 0177 5 0000 6 000 0 7 05 2 2 8 0 0 0 6 333 10 /// 58 016 6 000 0 7 0000 
19-DEC-2015 03 48112 3 2 5 97 8 04 06 10 270 20 256 3 0000 4 0140 5 0000 6 000 0 7 00 0 0 8 4 8 7 6 333 10 /// 59 010 6 000 0 7 0000 
