48001 21458 30401 10160 20144 40194 70155 83800 333 56500 58025=
48004 32562 20402 10220 20136 82800 333 56900=
48008 31456 82301 10172 20154 40196 75365 8497/ 333 56459 58041=
48010 32560 33601 10205 20150 40173 82830 333 56760 58022=
48018 21558 80401 10195 20175 40184 72055 8477/ 333 56999 58005=
48019 32458 70403 10210 20175 40178 83660 333 56560 58024=
48020 32330 70402 10200 20168 87800 333 56400=
48025 31330 73601 10202 20168 40187 70144 85840 333 56550 58019=
48035 31556 70000 10210 20091 40148 70522 85860 333 56560 58015=
48037 32558 20401 10260 20179 40157 82200 333 56600 58001=
48042 32556 62202 10287 20230 40153 84852 333 56559 58010=
48045 32559 32308 10199 20085 83600 333 56500=
48048 32560 21801 10290 20179 40154 84800 333 56500 58005=
48051 32559 43601 10226 20160 70122 83201 333 56709=
48053 32556 31803 10300 20166 40154 82550 333 56590 58018=
48060 21440 80000 10168 20135 40218 70255 85970 333 56560 58038=
48062 32456 80403 10225 20220 40167 70322 85970 333 56690 58011=
48071 32456 83202 10268 20226 40167 70322 8697/ 333 5679/ 58019=
48075 32457 42201 10240 20136 40168 70222 83801 333 56509 58018=
48077 32559 70401 10290 20179 40158 85931 333 56999 58025=
48078 32559 31801 10293 20202 40162 82201 333 56909 58011=
48080 31459 82203 10260 20229 40162 75022 85770 333 56590 58015=
48085 32458 71401 10282 20220 40161 70222 83876 333 56999 58009=
48095 32458 60401 10290 20230 70322 86600 333 56900=
48108 32596 20503 10310 20189 40171 80005 333 56009 58026=
48109 NIL=
48110 31996 60903 10310 20189 40160 70522 80006 333 56009 58019=
48112 32597 80405 10305 20260 40134 70222 84876 333 56199 59004=
48030 32960 02208 10150 20012 333=
48072 32459 82701 10250 20219 70322 85930 333 56990=
48087 32458 60000 10282 20203 70222 84870 333 56790=
48099 32450 32302 10305 20166 40162 83800 333 56500 58017=
48101 32960 03601 10308 20225 333=
48103 32957 00405 10307 20189 40152 333 58004=
48057 32456 61402 10170 20135 84350 333 56590=
48094 32960 13203 10310 20190 40164 80040 333 56090 58019=
48097 31557 61503 10310 20225 40162 70244 82830 333 56990 58010=
48031 32960 03201 10185 20056 333=
48033 32563 21801 10270 20172 40152 82500 333 56900 58015=
48034 NIL=
48039 32456 31401 10285 20203 82102 333 56509=
48043 32540 83206 10190 20159 8587/ 333 56599=
48052 32458 32205 10298 20163 83800 333 56900=
48055 22556 61302 10198 20150 40170 70155 86300 333 56400 58045=
48064 32560 50401 10265 20203 40140 82130 333 56660 58017=
48065 32457 63201 10298 20185 83870 333 56990=
48074 32559 20403 10270 20191 40165 81550 333 56550 58014=
48092 31456 71305 10310 20214 40154 70522 85830 333 56390 58027=
48093 32557 60401 10304 20207 84840 333 56390=
48107 32950 00902 10300 20185 40151 333 58018=
48096 32458 71802 10300 20223 40116 84340 333 56990 58018=  48001 21458 30401 10160 20144 40194 70155 83800 333 56500 58025=
48004 32562 20402 10220 20136 82800 333 56900=
48008 31456 82301 10172 20154 40196 75365 8497/ 333 56459 58041=
48010 32560 33601 10205 20150 40173 82830 333 56760 58022=
48018 21558 80401 10195 20175 40184 72055 8477/ 333 56999 58005=
48019 32458 70403 10210 20175 40178 83660 333 56560 58024=
48020 32330 70402 10200 20168 87800 333 56400=
48025 31330 73601 10202 20168 40187 70144 85840 333 56550 58019=
48035 31556 70000 10210 20091 40148 70522 85860 333 56560 58015=
48037 32558 20401 10260 20179 40157 82200 333 56600 58001=
48042 32556 62202 10287 20230 40153 84852 333 56559 58010=
48045 32559 32308 10199 20085 83600 333 56500=
48048 32560 21801 10290 20179 40154 84800 333 56500 58005=
48051 32559 43601 10226 20160 70122 83201 333 56709=
48053 32556 31803 10300 20166 40154 82550 333 56590 58018=
48060 21440 80000 10168 20135 40218 70255 85970 333 56560 58038=
48062 32456 80403 10225 20220 40167 70322 85970 333 56690 58011=
48071 32456 83202 10268 20226 40167 70322 8697/ 333 5679/ 58019=
48075 32457 42201 10240 20136 40168 70222 83801 333 56509 58018=
48077 32559 70401 10290 20179 40158 85931 333 56999 58025=
48078 32559 31801 10293 20202 40162 82201 333 56909 58011=
48080 31459 82203 10260 20229 40162 75022 85770 333 56590 58015=
48085 32458 71401 10282 20220 40161 70222 83876 333 56999 58009=
48095 32458 60401 10290 20230 70322 86600 333 56900=
48108 32596 20503 10310 20189 40171 80005 333 56009 58026=
48109 NIL=
48110 31996 60903 10310 20189 40160 70522 80006 333 56009 58019=
48112 32597 80405 10305 20260 40134 70222 84876 333 56199 59004=
48030 32960 02208 10150 20012 333=
48072 32459 82701 10250 20219 70322 85930 333 56990=
48087 32458 60000 10282 20203 70222 84870 333 56790=
48099 32450 32302 10305 20166 40162 83800 333 56500 58017=
48101 32960 03601 10308 20225 333=
48103 32957 00405 10307 20189 40152 333 58004=
48057 32456 61402 10170 20135 84350 333 56590=
48094 32960 13203 10310 20190 40164 80040 333 56090 58019=
48097 31557 61503 10310 20225 40162 70244 82830 333 56990 58010=
48031 32960 03201 10185 20056 333=
48033 32563 21801 10270 20172 40152 82500 333 56900 58015=
48034 NIL=
48039 32456 31401 10285 20203 82102 333 56509=
48043 32540 83206 10190 20159 8587/ 333 56599=
48052 32458 32205 10298 20163 83800 333 56900=
48055 22556 61302 10198 20150 40170 70155 86300 333 56400 58045=
48064 32560 50401 10265 20203 40140 82130 333 56660 58017=
48065 32457 63201 10298 20185 83870 333 56990=
48074 32559 20403 10270 20191 40165 81550 333 56550 58014=
48092 31456 71305 10310 20214 40154 70522 85830 333 56390 58027=
48093 32557 60401 10304 20207 84840 333 56390=
48107 32950 00902 10300 20185 40151 333 58018=
48096 32458 71802 10300 20223 40116 84340 333 56990 58018=  