19-FEB-2015 06 48004 3 2 3 58 8 32 01 10 246 20 150 3 0000 4 0000 5 0000 6 000 0 7 00 0 0 8 5 9 7 / 333 10 /// 58 000 6 000 0 7 0000 
19-FEB-2015 06 48008 3 2 5 57 4 04 02 10 252 20 126 3 0000 4 0148 5 0000 6 000 0 7 00 0 0 8 1 4 3 1 333 10 /// 58 006 6 000 0 7 0000 
19-FEB-2015 06 48010 3 1 5 58 6 00 00 10 255 20 203 3 0000 4 0132 5 0000 6 000 0 7 03 4 4 8 4 8 3 0 333 10 /// 59 002 6 000 0 7 0000 
19-FEB-2015 06 48018 3 2 5 58 7 14 01 10 275 20 154 3 0000 4 0143 5 0000 6 000 0 7 00 0 0 8 4 8 7 0 333 10 /// 59 021 6 000 0 7 0000 
19-FEB-2015 06 48019 3 2 9 60 0 04 02 10 257 20 160 3 0000 4 0139 5 0000 6 000 0 7 00 0 0 8 0 0 0 0 333 10 /// 58 005 6 000 0 7 0000 
19-FEB-2015 06 48020 3 2 4 57 2 36 04 10 260 20 203 3 0000 4 0000 5 0000 6 000 0 7 00 0 0 8 2 4 0 0 333 10 /// 58 000 6 000 0 7 0000 
19-FEB-2015 06 48025 3 2 4 40 1 32 02 10 280 20 146 3 0000 4 0143 5 0000 6 000 0 7 00 0 0 8 1 5 0 0 333 10 /// 58 002 6 000 0 7 0000 
19-FEB-2015 06 48030 3 1 2 56 2 22 05 10 197 20 072 3 0000 4 0000 5 0000 6 000 0 7 05 4 4 8 1 8 0 6 333 10 /// 58 000 6 000 0 7 0000 
19-FEB-2015 06 48031 3 1 2 60 3 04 01 10 210 20 072 3 0000 4 0000 5 0000 6 000 0 7 05 0 0 8 3 8 0 0 333 10 /// 58 000 6 000 0 7 0000 
19-FEB-2015 06 48033 3 2 9 63 0 18 01 10 300 20 124 3 0000 4 0116 5 0000 6 000 0 7 00 0 0 8 0 0 0 0 333 10 /// 59 031 6 000 0 7 0000 
19-FEB-2015 06 48034 3 2 4 58 1 18 02 10 250 20 068 3 0000 4 0000 5 0000 6 000 0 7 00 0 0 8 1 5 0 0 333 10 /// 58 000 6 000 0 7 0000 
19-FEB-2015 06 48035 3 1 5 50 1 27 02 10 251 20 105 3 0000 4 0115 5 0000 6 000 0 7 05 0 0 8 1 1 0 0 333 10 /// 58 000 6 000 0 7 0000 
19-FEB-2015 06 48037 3 2 9 60 0 36 02 10 298 20 149 3 0000 4 0121 5 0000 6 000 0 7 00 0 0 8 0 0 0 0 333 10 /// 59 002 6 000 0 7 0000 
19-FEB-2015 06 48039 3 1 9 56 2 09 02 10 297 20 149 3 0000 4 0000 5 0000 6 000 0 7 05 1 1 8 0 0 0 2 333 10 /// 58 000 6 000 0 7 0000 
19-FEB-2015 06 48042 3 1 9 56 0 22 01 10 310 20 146 3 0000 4 0129 5 0000 6 000 0 7 05 0 0 8 0 0 0 0 333 10 /// 58 020 6 000 0 7 0000 
19-FEB-2015 06 48043 3 2 6 57 2 32 05 10 150 20 068 3 0000 4 0000 5 0000 6 000 0 7 00 0 0 8 2 2 0 0 333 10 /// 58 000 6 000 0 7 0000 
19-FEB-2015 06 48045 3 2 5 60 2 14 05 10 238 20 066 3 0000 4 0000 5 0000 6 000 0 7 00 0 0 8 2 3 0 0 333 10 /// 58 000 6 000 0 7 0000 
19-FEB-2015 06 48048 3 2 9 62 0 04 01 10 305 20 146 3 0000 4 0135 5 0000 6 000 0 7 00 0 0 8 0 0 0 0 333 10 /// 58 005 6 000 0 7 0000 
19-FEB-2015 06 48051 3 2 9 59 0 36 01 10 304 20 170 3 0000 4 0000 5 0000 6 000 0 7 02 0 0 8 0 0 0 0 333 10 /// 58 000 6 000 0 7 0000 
19-FEB-2015 06 48052 3 2 9 70 0 04 01 10 315 20 140 3 0000 4 0000 5 0000 6 000 0 7 00 0 0 8 0 0 0 0 333 10 /// 58 000 6 000 0 7 0000 
19-FEB-2015 06 48053 3 1 9 50 0 22 02 10 320 20 140 3 0000 4 0136 5 0000 6 000 0 7 05 0 0 8 0 0 0 0 333 10 /// 58 016 6 000 0 7 0000 
19-FEB-2015 06 48055 3 1 9 56 0 23 06 10 261 20 102 3 0000 4 0106 5 0000 6 000 0 7 05 0 0 8 0 0 0 0 333 10 /// 58 000 6 000 0 7 0000 
19-FEB-2015 06 48057 3 2 4 56 1 14 02 10 228 20 048 3 0000 4 0000 5 0000 6 000 0 7 00 0 0 8 1 5 0 0 333 10 /// 58 000 6 000 0 7 0000 
19-FEB-2015 06 48060 3 2 4 40 1 27 01 10 233 20 074 3 0000 4 0141 5 0000 6 000 0 7 00 0 0 8 1 1 0 0 333 10 /// 58 014 6 000 0 7 0000 
19-FEB-2015 06 48062 3 2 9 56 0 09 04 10 275 20 220 3 0000 4 0145 5 0000 6 000 0 7 00 0 0 8 0 0 0 0 333 10 /// 59 010 6 000 0 7 0000 
19-FEB-2015 06 48064 3 2 9 70 0 14 01 10 308 20 203 3 0000 4 0120 5 0000 6 000 0 7 00 0 0 8 0 0 0 0 333 10 /// 58 013 6 000 0 7 0000 
19-FEB-2015 06 48065 3 2 9 70 0 04 01 10 320 20 116 3 0000 4 0000 5 0000 6 000 0 7 00 0 0 8 0 0 0 0 333 10 /// 58 000 6 000 0 7 0000 
19-FEB-2015 06 48071 3 2 9 60 0 32 02 10 262 20 215 3 0000 4 0143 5 0000 6 000 0 7 00 0 0 8 0 0 0 0 333 10 /// 58 010 6 000 0 7 0000 
19-FEB-2015 06 48072 3 2 9 60 0 27 02 10 290 20 196 3 0000 4 0000 5 0000 6 000 0 7 01 2 2 8 0 0 0 0 333 10 /// 58 000 6 000 0 7 0000 
19-FEB-2015 06 48074 3 2 9 60 0 32 01 10 305 20 146 3 0000 4 0138 5 0000 6 000 0 7 00 0 0 8 0 0 0 0 333 10 /// 58 014 6 000 0 7 0000 
19-FEB-2015 06 48075 3 1 9 57 0 14 01 10 280 20 100 3 0000 4 0124 5 0000 6 000 0 7 05 1 1 8 0 0 0 0 333 10 /// 58 002 6 000 0 7 0000 
19-FEB-2015 06 48077 3 1 9 58 0 23 02 10 328 20 126 3 0000 4 0119 5 0000 6 000 0 7 05 0 0 8 0 0 0 0 333 10 /// 58 005 6 000 0 7 0000 
19-FEB-2015 06 48078 3 2 9 57 1 18 01 10 325 20 121 3 0000 4 0137 5 0000 6 000 0 7 00 0 0 8 0 0 0 1 333 10 /// 58 013 6 000 0 7 0000 
19-FEB-2015 06 48080 3 2 9 61 2 04 05 10 303 20 223 3 0000 4 0122 5 0000 6 000 0 7 00 0 0 8 0 0 0 6 333 10 /// 58 011 6 000 0 7 0000 
19-FEB-2015 06 48085 3 1 9 57 1 27 06 10 280 20 220 3 0000 4 0135 5 0000 6 000 0 7 05 0 0 8 0 0 0 6 333 10 /// 58 015 6 000 0 7 0000 
19-FEB-2015 06 48087 3 2 9 60 3 23 01 10 322 20 140 3 0000 4 0000 5 0000 6 000 0 7 00 0 0 8 0 0 4 1 333 10 /// 58 000 6 000 0 7 0000 
19-FEB-2015 06 48092 3 1 5 57 6 22 03 10 320 20 163 3 0000 4 0116 5 0000 6 000 0 7 05 2 2 8 2 4 0 6 333 10 /// 58 010 6 000 0 7 0000 
19-FEB-2015 06 48093 3 2 9 58 1 32 01 10 314 20 189 3 0000 4 0000 5 0000 6 000 0 7 01 1 1 8 0 0 0 1 333 10 /// 58 000 6 000 0 7 0000 
19-FEB-2015 06 48094 3 2 4 60 4 32 02 10 310 20 170 3 0000 4 0136 5 0000 6 000 0 7 00 0 0 8 3 9 0 1 333 10 /// 58 019 6 000 0 7 0000 
19-FEB-2015 06 48095 3 2 4 58 6 04 01 10 290 20 179 3 0000 4 0000 5 0000 6 000 0 7 02 2 2 8 3 6 7 0 333 10 /// 58 000 6 000 0 7 0000 
19-FEB-2015 06 48096 3 2 9 57 4 14 08 10 320 20 163 3 0000 4 0141 5 0000 6 000 0 7 00 0 0 8 0 0 0 2 333 10 /// 58 021 6 000 0 7 0000 
19-FEB-2015 06 48097 3 2 5 57 6 23 01 10 330 20 138 3 0000 4 0141 5 0000 6 000 0 7 02 2 2 8 2 8 0 6 333 10 /// 58 021 6 000 0 7 0000 
19-FEB-2015 06 48099 3 2 4 56 4 27 01 10 330 20 172 3 0000 4 0130 5 0000 6 000 0 7 00 0 0 8 2 8 4 0 333 10 /// 58 013 6 000 0 7 0000 
19-FEB-2015 06 48101 3 2 9 60 4 00 00 10 298 20 166 3 0000 4 0000 5 0000 6 000 0 7 03 2 2 8 0 0 0 5 333 10 /// 58 000 6 000 0 7 0000 
19-FEB-2015 06 48103 3 2 5 56 4 22 01 10 328 20 191 3 0000 4 0135 5 0000 6 000 0 7 00 0 0 8 3 5 3 0 333 10 /// 58 022 6 000 0 7 0000 
19-FEB-2015 06 48107 3 2 3 50 6 32 01 10 342 20 145 3 0000 4 0120 5 0000 6 000 0 7 00 0 0 8 4 9 7 0 333 10 /// 58 017 6 000 0 7 0000 
19-FEB-2015 06 48108 3 2 5 96 7 32 03 10 315 20 231 3 0000 4 0134 5 0000 6 000 0 7 00 0 0 8 3 8 6 7 333 10 /// 58 019 6 000 0 7 0000 
19-FEB-2015 06 48109 3 2 5 97 1 04 01 10 304 20 223 3 0000 4 0140 5 0000 6 000 0 7 01 2 2 8 1 5 0 0 333 10 /// 58 008 6 000 0 7 0000 
19-FEB-2015 06 48110 2 1 5 96 8 18 02 10 320 20 248 3 0000 4 0130 5 0000 6 000 0 7 02 5 5 8 2 3 5 7 333 10 /// 58 014 6 000 0 7 0000 
19-FEB-2015 06 48112 3 2 5 97 8 36 01 10 315 20 231 3 0000 4 0131 5 0000 6 000 0 7 02 2 2 8 3 8 7 6 333 10 /// 58 019 6 000 0 7 0000 
