191200 48001 21450 82701 10180 20147 40145 75055 8497/ 333 10210 5645/ 59002 60022=
191200 48004 32356 73201 10216 20186 87900 333 10245 56500=
191200 48008 21550 70000 10237 20136 40114 71044 84970 333 10280 56560 58015 69902=
191200 48010 21540 50000 10215 20185 40106 70155 82830 333 10263 56560 58013 59902 69902=
191200 48018 32556 51401 10265 20160 40109 83870 333 10310 56550 59009=
191200 48019 32940 10000 10252 20205 40103 80001 333 10285 56009 58005=
191200 48020 21340 60000 10210 20185 70196 84940 333 10330 56550 50012 60012=      48025 32456 50401 10250 20150 40111 83840 333 10320 56550 58020=
191200 48030 31256 22204 10138 20056 70544 82800 333 10200 56500=
191200 48031 31250 51801 10160 20059 70522 85800 333 10220 56400=
191200 48033 32962 00000 10300 20207 40089 333 10340 59002=
191200 48034 32956 00000 10205 20109 333 10270=
191200 48035 31556 30000 10237 20136 40078 70500 83800 333 10284 56900 59011=
191200 48037 32530 20000 10312 20189 40098 82100 333 10348 56500 58008=
191200 48039 32459 30000 10300 20166 83400 333 10342 56900=
191200 48042 32958 00000 10310 20189 40087 333 10345 58002=
191200 48043 32920 00000 10215 20087 333 10263=
191200 48045 32558 41404 10220 20065 84300 333 10260 56500=
191200 48048 32950 02201 10322 20163 40084 333 10360 59001=
191200 48051 32559 03102 10283 20180 333 10334=
191200 48052 32950 02202 10330 20127 333 10350=
191200 48053 32550 22701 10310 20169 40084 82400 333 10345 56600 59003=
191200 48055 32556 30902 10240 20155 40081 83800 333 10297 56500 59004=
191200 48057 32450 21401 10204 20060 82500 333 10255 56900=
191200 48060 32420 10000 10240 20034 40095 81100 333 10295 56500 59012=
191200 48062 31540 22708 10260 20230 40095 71000 82500 333 56900 59011=
191200 48064 32950 01401 10300 20185 40165 333 10355 59001=
191200 48065 32950 10000 10303 20166 80001 333 10355=  48071 32956 03204 10260 20215 40113 333 10285 58010=
191200 48072 32957 03202 10256 20219 333 10330=
191200 48074 32957 00000 10294 20159 40090 333 10352 59006=
191200 48075 31956 12202 10240 20070 40099 70511 80001 333 10300 56009 59002=
191200 48077 31956 20000 10302 20069 40088 70511 80001 333 10362 56009 58008=
191200 48078 32950 20000 10305 20147 40097 80001 333 10355 56009 58001=
191200 48080 32458 42202 10265 20240 40112 82870 333 10315 56990 59004=
191200 48085 32956 23203 10256 20215 40112 80006 333 10293 56009 58009=
191200 48092 31456 62303 10300 20158 40089 70522 83406 333 10340 56909 58012=
191200 48094 32456 33201 10278 20200 40107 82801 333 10347 56909 58002=
191200 48095 32956 20000 10280 20220 80002 333 10330 56009=
191200 48096 32957 22306 10300 20149 40114 80001 333 10330 56009 58011=
191200 48097 32256 52301 10280 20158 40110 82501 333 10350 59909 58006=
191200 48099 32440 52704 10300 20165 40097 82831 333 10356 56559 58013=
191200 48101 32950 40000 10278 20203 80005 333 10332 56009=
191200 48103 32540 62201 10290 20215 40104 84530 333 10362 56550 58015=
191200 48107 32340 60000 10280 20184 40115 84970 333 10348 56550 58011=
191200 48108 22595 73201 10285 20233 40112 83867 333 10330 56999 58005 69902=
191200 48109 32497 30000 10282 20233 40116 83500 333 10316 56900 58005=
191200 48110 22596 83202 10300 20235 40109 82357 333 10320 56999 58010 59902=
191200 48112 32597 83601 10295 20235 40100 83876 333 10325 56899 59002=  
