



*-*-*


<!--
.style2 {
	font-family:"Courier New", Courier, monospace;
	font-size: 14px;
}
-->






SIBM20 VBRR 190900

AAXX 19094

48001 NIL=

48004 32562 42201 10254 20167 84900 333 56500=

48008 32558 32301 10252 20150 40137 82430 333 56560 59014=

48010 32560 11801 10230 20181 40140 81100 333 56900 58002=

48018 32560 40402 10255 20160 40134 70111 83810 333 56120 59003=

48019 32460 33601 10232 20181 40137 86800 333 56500 58006=

48020 NIL=

48025 32458 13601 10235 20174 40146 81100 333 56500 58006=

48030 32256 30404 10142 20082 83800 333 56100=

48031 32262 62201 10160 20085 86800 333 56400=

48033 32563 20901 10270 20254 40120 82500 333 56900 58000=

48034 32456 62302 10182 20109 86800 333 56500=

48035 31560 42702 10217 20136 40112 70522 83960 333 56590 58001=

48037 32560 43601 10280 20212 40125 82170 333 56690 58003=

48039 32458 31401 10251 20186 83800 333 56500=

48042 32556 61401 10240 20191 40141 82850 333 56940 58009=

48043 32556 63205 10185 20139 8487/ 333 56599=

48045 32560 51404 10201 20130 85300 333 56500=

48048 32560 20401 10270 20191 40134 82800 333 56900 58004=

48051 32558 43103 10270 20150 70322 83830 333 56590=

48052 32468 40401 10282 20203 84800 333 56900=

48053 32456 60901 10250 20186 40142 84850 333 56590 58021=

48055 32456 51912 10248 20126 40092 85300 333 56400 59008=

48057 32458 42203 10210 20120 84900 333 56500=

48060 32440 52201 10220 20136 40128 70122 84330 333 56590 59015=

48062 31556 33204 10260 20220 40105 70522 83800 333 56700 58022=

48064 32968 12701 10248 20205 40106 80001 333 56009 58005=

48065 32570 40000 10280 20158 83801 333 56909=

48071 32960 03203 10250 20167 40145 333 58020=

48072 32560 10402 10265 20226 70122 81200 333 56990=

48074 21560 50000 10285 20220 40125 70255 83860 333 56440 58011=

48075 32558 51802 10245 20150 40127 85300 333 56500 58016=

48077 32559 60000 10318 20184 40112 85901 333 56909 58004=

48078 NIL=

48080 32459 52203 10280 20220 40130 83230 333 56490 58005=

48085 32458 13207 10284 20203 40123 81800 333 56300 59004=

48087 32560 40000 10312 20203 82840 333 56590=

48092 31458 71301 10290 20206 40104 70522 85330 333 56990 58008=

48093 32557 62301 10293 20196 86800 333 56500=

48094 21459 63602 10280 20230 40125 75055 85940 333 56990 58010=

48095 32458 70000 10310 20237 70322 83970 333 56990=

48097 32556 72201 10290 20188 40136 70222 87300 333 56900 58014=

48099 32558 62304 10318 20184 40123 86800 333 56500 58008=

48101 32558 71402 10277 20203 70322 83771 333 56999=

48103 32956 03201 10313 20146 40141 333 58006=

48107 32950 03201 10318 20163 40110 333 58003=

48108 32996 31402 10320 20144 40120 80006 333 56009 58005=

48109 NIL=

48110 31596 63204 10310 20189 40120 70522 83306 333 56209 58007=

48112 NIL=  
SIBM20 VBRR 190900

AAXX 19094

48001 NIL=

48004 32562 42201 10254 20167 84900 333 56500=

48008 32558 32301 10252 20150 40137 82430 333 56560

59014=

48010 32560 11801 10230 20181 40140 81100 333 56900

58002=

48018 32560 40402 10255 20160 40134 70111 83810 333

56120 59003=

48019 32460 33601 10232 20181 40137 83800 333 56500

58006=

48020 NIL=

48025 32458 13601 10235 20174 40146 81100 333 56500

58006=

48035 31560 42702 10217 20136 40112 70522 83960 333

56590 58001=

48037 32560 43601 10280 20212 40125 82170 333 56690

58003=

48042 32556 61401 10240 20191 40141 82850 333 56940

58009=

48045 32560 51404 10201 20130 85300 333 56500=

48048 32560 20401 10270 20191 40134 82800 333 56900

58004=

48051 32558 43103 10270 20150 70322 83830 333 56590=

48053 32456 60901 10250 20186 40142 84850 333 56590

58021=

48060 32440 52201 10220 20136 40128 70122 84330 333

56590 59015=

48062 31556 33204 10230 20220 40145 70522 83800 333

56700 58022=

48071 32960 03203 10250 20167 40145 333 58020=

48075 NIL=

48077 32559 60000 10318 20184 40112 85901 333 56909

58004=

48078 NIL=

48080 32459 52203 10280 20220 40130 83230 333 56490

58005=

48085 32458 13207 10284 20203 40123 81800 333 56300

59004=

48095 32458 70000 10310 20237 70322 83970 333 56990=

48108 32996 31402 10320 20144 40120 80006 333 56009

58005=

48109 NIL=

48110 NIL=

48112 NIL=

48030 32256 30404 10142 20082 83800 333 56100=

48072 32560 10402 10265 20226 70122 81200 333 56990=

48087 32560 40000 10312 20203 82840 333 56590=

48099 32558 62304 10298 20184 40123 86800 333 56500

58008=

48101 32558 71402 10277 20203 70322 83771 333 56999=

48103 32956 03201 10313 20146 40121 80000 333 56000 58006=

48057 32458 42203 10210 20120 84900 333 56500=

48094 21459 63602 10280 20230 40125 75055 85940 333 56990

58010=

48097 32556 72203 10290 20188 40136 70222 87300 333

56900 58014=

48031 32262 62201 10160 20085 86800 333 56400=

48033 32563 20901 10270 20254 40120 82500 333 56900

58000=

48034 32456 62302 10182 20108 86800 333 56500=

48039 32458 31401 10251 20186 83800 333 56500=

48043 32556 63205 10185 20139 333 56599=

48052 32468 40401 10282 20203 84800 333 56900=

48055 32456 51912 10248 20126 40092 85300 333 56400

59008=

48064 32960 12701 10248 20205 40106 80001 333 56009

58005=

48065 32570 40000 10280 20158 83801 333 56909=

48074 21560 50000 10285 20220 40125 70255 83860 333

56440 58011=

48092 31458 71301 10290 20206 40104 70522 85330 333

56990 58008=

48093 32557 62301 10293 20196 86800 333 56500=

48107 32950 03201 10318 20163 40110 80000 333 56000

58003=  





