19-JAN-2015 00 48004 3 1 9 01 9 00 00 10 130 20 130 3 0000 4 0000 5 0000 6 000 0 7 47 4 4 8 0 0 0 0 333 20 115 58 000 6 000 0 7 0000 
19-JAN-2015 00 48008 3 1 5 40 4 00 00 10 130 20 125 3 0000 4 0147 5 0000 6 000 0 7 10 4 4 8 2 4 3 0 333 20 120 58 015 6 000 0 7 0000 
19-JAN-2015 00 48010 2 1 / 10 9 00 00 10 000 20 000 3 0000 4 0000 5 0000 6 000 0 7 00 0 0 8 0 0 0 0 333 10 /// 58 000 6 000 0 7 0000 
19-JAN-2015 00 48018 2 1 5 56 9 00 00 10 140 20 140 3 0000 4 0154 5 0000 6 000 0 7 42 4 4 8 0 0 0 0 333 20 140 58 003 6 000 0 7 0000 
19-JAN-2015 00 48019 2 2 4 40 8 00 00 10 140 20 140 3 0000 4 0152 5 0000 6 000 0 7 47 4 4 8 5 9 7 / 333 20 135 58 010 6 000 0 7 0000 
19-JAN-2015 00 48020 3 1 4 30 8 00 00 10 160 20 144 3 0000 4 0000 5 0000 6 000 0 7 05 4 4 8 8 9 / / 333 20 114 58 000 6 000 0 7 0000 
19-JAN-2015 00 48025 3 1 1 10 6 32 01 10 164 20 161 3 0000 4 0160 5 0000 6 000 0 7 42 4 4 8 6 6 0 0 333 20 158 58 017 6 000 0 7 0000 
19-JAN-2015 00 48030 3 1 0 05 0 22 04 10 022 20 022 3 0000 4 0000 5 0000 6 000 0 7 44 4 4 8 0 0 0 0 333 20 012 58 000 6 000 0 7 0000 
19-JAN-2015 00 48031 3 1 / 03 9 00 00 10 096 20 094 3 0000 4 0000 5 0000 6 000 0 7 47 4 4 8 9 / / / 333 20 082 58 000 6 000 0 7 0000 
19-JAN-2015 00 48033 3 2 9 62 0 33 01 10 160 20 144 3 0000 4 0146 5 0000 6 000 0 7 00 0 0 8 0 0 0 0 333 20 140 58 015 6 000 0 7 0000 
19-JAN-2015 00 48034 2 1 / 48 0 00 00 10 080 20 080 3 0000 4 0000 5 0000 6 000 0 7 40 4 4 8 0 0 0 0 333 20 070 58 000 6 000 0 7 0000 
19-JAN-2015 00 48035 2 1 2 10 8 00 00 10 141 20 140 3 0000 4 0164 5 0000 6 000 0 7 50 5 4 8 6 9 2 / 333 20 130 58 022 6 000 0 7 0000 
19-JAN-2015 00 48037 3 2 9 10 0 00 00 10 164 20 164 3 0000 4 0134 5 0000 6 000 0 7 00 0 0 8 0 0 0 0 333 20 160 58 020 6 000 0 7 0000 
19-JAN-2015 00 48039 2 1 4 50 4 32 01 10 169 20 154 3 0000 4 0000 5 0000 6 000 0 7 10 2 2 8 4 4 0 0 333 20 165 58 000 6 000 0 7 0000 
19-JAN-2015 00 48042 2 2 5 50 7 00 00 10 180 20 165 3 0000 4 0143 5 0000 6 000 0 7 00 0 0 8 3 9 5 0 333 20 168 58 000 6 000 0 7 0000 
19-JAN-2015 00 48043 2 1 4 10 8 18 06 10 120 20 120 3 0000 4 0000 5 0000 6 000 0 7 10 2 2 8 5 8 7 / 333 20 060 58 000 6 000 0 7 0000 
19-JAN-2015 00 48045 3 2 5 57 3 23 02 10 088 20 068 3 0000 4 0000 5 0000 6 000 0 7 00 0 0 8 3 6 0 0 333 20 084 58 000 6 000 0 7 0000 
19-JAN-2015 00 48048 3 2 5 40 3 00 00 10 178 20 147 3 0000 4 0147 5 0000 6 000 0 7 00 0 0 8 3 8 0 0 333 20 171 58 015 6 000 0 7 0000 
19-JAN-2015 00 48052 3 2 4 50 3 04 01 10 185 20 175 3 0000 4 0000 5 0000 6 000 0 7 00 0 0 8 3 8 0 0 333 20 128 58 000 6 000 0 7 0000 
19-JAN-2015 00 48053 2 1 4 20 6 36 01 10 180 20 180 3 0000 4 0139 5 0000 6 000 0 7 10 4 4 8 5 8 5 0 333 20 178 58 004 6 000 0 7 0000 
19-JAN-2015 00 48055 2 1 3 48 7 00 00 10 102 20 102 3 0000 4 0176 5 0000 6 000 0 7 40 5 4 8 5 9 4 1 333 20 092 58 020 6 000 0 7 0000 
19-JAN-2015 00 48057 3 2 4 39 4 14 01 10 130 20 113 3 0000 4 0000 5 0000 6 000 0 7 00 0 0 8 3 8 4 0 333 20 124 58 000 6 000 0 7 0000 
19-JAN-2015 00 48060 3 2 4 10 5 00 00 10 165 20 140 3 0000 4 0165 5 0000 6 000 0 7 00 0 0 8 4 3 3 0 333 20 150 59 015 6 000 0 7 0000 
19-JAN-2015 00 48062 3 1 4 40 4 00 00 10 155 20 140 3 0000 4 0147 5 0000 6 000 0 7 10 2 2 8 3 8 3 0 333 20 135 58 020 6 000 0 7 0000 
19-JAN-2015 00 48064 3 2 4 50 6 00 00 10 200 20 185 3 0000 4 0119 5 0000 6 000 0 7 00 0 0 8 4 8 3 0 333 20 165 58 015 6 000 0 7 0000 
19-JAN-2015 00 48065 3 2 4 50 7 00 00 10 198 20 190 3 0000 4 0000 5 0000 6 000 0 7 00 0 0 8 4 8 7 0 333 20 185 58 000 6 000 0 7 0000 
19-JAN-2015 00 48071 3 2 4 50 6 32 01 10 205 20 160 3 0000 4 0148 5 0000 6 000 0 7 00 0 0 8 5 8 3 0 333 20 185 58 020 6 000 0 7 0000 
19-JAN-2015 00 48074 2 1 4 30 6 00 00 10 212 20 195 3 0000 4 0151 5 0000 6 000 0 7 10 5 5 8 4 7 6 0 333 20 191 58 002 6 000 0 7 0000 
19-JAN-2015 00 48075 3 1 4 56 5 00 00 10 145 20 145 3 0000 4 0176 5 0000 6 000 0 7 10 2 2 8 5 8 0 0 333 20 130 59 006 6 000 0 7 0000 
19-JAN-2015 00 48077 3 1 5 56 2 00 00 10 190 20 175 3 0000 4 0127 5 0000 6 000 0 7 10 2 2 8 2 2 0 0 333 20 160 58 001 6 000 0 7 0000 
19-JAN-2015 00 48078 2 2 5 50 4 23 01 10 205 20 174 3 0000 4 0145 5 0000 6 000 0 7 00 0 0 8 3 5 0 1 333 20 175 58 008 6 000 0 7 0000 
19-JAN-2015 00 48085 3 1 4 40 2 00 00 10 182 20 180 3 0000 4 0136 5 0000 6 000 0 7 40 4 4 8 2 8 0 0 333 20 180 58 015 6 000 0 7 0000 
19-JAN-2015 00 48092 3 1 4 08 4 04 01 10 220 20 213 3 0000 4 0126 5 0000 6 000 0 7 40 4 4 8 4 8 0 0 333 20 215 58 007 6 000 0 7 0000 
19-JAN-2015 00 48093 3 2 5 60 8 14 01 10 233 20 198 3 0000 4 0000 5 0000 6 000 0 7 00 0 0 8 5 8 7 1 333 20 228 58 000 6 000 0 7 0000 
19-JAN-2015 00 48094 3 1 9 50 0 00 00 10 210 20 200 3 0000 4 0135 5 0000 6 000 0 7 10 0 0 8 0 0 0 0 333 20 175 58 005 6 000 0 7 0000 
19-JAN-2015 00 48097 3 2 5 56 7 13 03 10 230 20 214 3 0000 4 0149 5 0000 6 000 0 7 00 0 0 8 7 8 0 0 333 20 230 58 000 6 000 0 7 0000 
19-JAN-2015 00 48099 3 1 4 30 2 00 00 10 223 20 205 3 0000 4 0142 5 0000 6 000 0 7 05 1 1 8 2 5 0 0 333 10 /// 59 004 6 000 0 7 0000 
19-JAN-2015 00 48103 3 2 5 30 5 00 00 10 203 20 185 3 0000 4 0144 5 0000 6 000 0 7 00 0 0 8 4 5 3 0 333 20 180 58 004 6 000 0 7 0000 
19-JAN-2015 00 48107 3 2 9 30 2 09 02 10 195 20 150 3 0000 4 0146 5 0000 6 000 0 7 00 0 0 8 0 0 0 6 333 20 182 58 016 6 000 0 7 0000 
19-JAN-2015 00 48108 3 1 9 94 3 00 00 10 165 20 157 3 0000 4 0147 5 0000 6 000 0 7 10 1 1 8 0 0 0 6 333 20 145 58 002 6 000 0 7 0000 
19-JAN-2015 00 48109 3 2 4 96 7 00 00 10 250 20 233 3 0000 4 0139 5 0000 6 000 0 7 00 0 0 8 5 9 7 0 333 20 218 58 005 6 000 0 7 0000 
19-JAN-2015 00 48110 3 1 9 92 3 00 00 10 200 20 168 3 0000 4 0144 5 0000 6 000 0 7 42 4 4 8 0 0 0 5 333 20 200 58 006 6 000 0 7 0000 
19-JAN-2015 00 48112 3 2 5 97 8 04 01 10 230 20 214 3 0000 4 0138 5 0000 6 000 0 7 00 0 0 8 3 8 7 6 333 20 181 58 012 6 000 0 7 0000 
