19-JAN-2015 03 48004 2 1 5 62 2 04 01 10 150 20 111 3 0000 4 0000 5 0000 6 000 0 7 01 4 4 8 2 8 0 0 333 10 /// 58 000 6 000 0 7 0000 
19-JAN-2015 03 48008 3 1 4 56 6 14 01 10 166 20 154 3 0000 4 0186 5 0000 6 000 0 7 10 4 4 8 3 9 7 0 333 10 /// 58 018 6 000 0 7 0000 
19-JAN-2015 03 48010 3 1 / 10 9 00 00 10 145 20 145 3 0000 4 0195 5 0000 6 000 0 7 45 4 4 8 0 0 0 0 333 10 /// 58 015 6 000 0 7 0000 
19-JAN-2015 03 48018 2 1 5 58 5 04 01 10 150 20 134 3 0000 4 0179 5 0000 6 000 0 7 03 4 4 8 3 8 7 0 333 10 /// 58 024 6 000 0 7 0000 
19-JAN-2015 03 48019 2 1 1 56 9 04 01 10 144 20 140 3 0000 4 0168 5 0000 6 000 0 7 47 4 4 8 0 0 0 0 333 10 /// 58 007 6 000 0 7 0000 
19-JAN-2015 03 48020 3 2 9 40 8 00 00 10 170 20 154 3 0000 4 0000 5 0000 6 000 0 7 00 0 0 8 8 9 / / 333 10 /// 58 000 6 000 0 7 0000 
19-JAN-2015 03 48025 3 1 0 20 8 36 02 10 170 20 154 3 0000 4 0194 5 0000 6 000 0 7 42 4 4 8 5 6 7 / 333 10 /// 59 037 6 000 0 7 0000 
19-JAN-2015 03 48030 3 1 1 50 4 22 02 10 040 20 040 3 0000 4 0000 5 0000 6 000 0 7 03 4 4 8 4 8 0 0 333 10 /// 58 000 6 000 0 7 0000 
19-JAN-2015 03 48031 3 1 / 03 9 18 01 10 110 20 091 3 0000 4 0000 5 0000 6 000 0 7 47 4 4 8 0 0 0 0 333 10 /// 58 000 6 000 0 7 0000 
19-JAN-2015 03 48033 3 2 5 62 6 32 01 10 180 20 165 3 0000 4 0151 5 0000 6 000 0 7 00 0 0 8 5 9 3 0 333 10 /// 58 004 6 000 0 7 0000 
19-JAN-2015 03 48034 2 1 4 56 4 00 00 10 112 20 100 3 0000 4 0000 5 0000 6 000 0 7 10 4 4 8 4 8 0 0 333 10 /// 58 000 6 000 0 7 0000 
19-JAN-2015 03 48035 2 1 3 58 8 00 00 10 148 20 148 3 0000 4 0173 5 0000 6 000 0 7 05 2 2 8 5 9 7 0 333 10 /// 59 013 6 000 0 7 0000 
19-JAN-2015 03 48037 3 2 5 58 1 36 01 10 184 20 165 3 0000 4 0169 5 0000 6 000 0 7 00 0 0 8 1 1 0 0 333 10 /// 58 032 6 000 0 7 0000 
19-JAN-2015 03 48039 2 1 4 30 8 32 01 10 174 20 174 3 0000 4 0000 5 0000 6 000 0 7 40 4 4 8 8 7 / / 333 10 /// 58 000 6 000 0 7 0000 
19-JAN-2015 03 48042 2 1 4 10 8 00 00 10 180 20 180 3 0000 4 0165 5 0000 6 000 0 7 40 2 2 8 5 7 7 / 333 10 /// 58 012 6 000 0 7 0000 
19-JAN-2015 03 48043 2 2 5 40 2 18 02 10 145 20 134 3 0000 4 0000 5 0000 6 000 0 7 00 0 0 8 2 2 0 0 333 10 /// 58 000 6 000 0 7 0000 
19-JAN-2015 03 48045 3 2 5 59 3 18 02 10 100 20 056 3 0000 4 0000 5 0000 6 000 0 7 00 0 0 8 3 8 0 0 333 10 /// 58 000 6 000 0 7 0000 
19-JAN-2015 03 48048 3 2 5 58 2 04 01 10 187 20 159 3 0000 4 0165 5 0000 6 000 0 7 00 0 0 8 2 8 0 0 333 10 /// 58 011 6 000 0 7 0000 
19-JAN-2015 03 48051 3 2 5 58 2 31 01 10 172 20 150 3 0000 4 0000 5 0000 6 000 0 7 00 0 0 8 1 2 3 0 333 10 /// 58 000 6 000 0 7 0000 
19-JAN-2015 03 48052 3 2 4 58 4 04 02 10 202 20 168 3 0000 4 0000 5 0000 6 000 0 7 00 0 0 8 4 8 0 0 333 10 /// 58 000 6 000 0 7 0000 
19-JAN-2015 03 48053 2 1 4 50 7 36 02 10 190 20 175 3 0000 4 0160 5 0000 6 000 0 7 00 0 0 8 5 7 5 0 333 10 /// 58 008 6 000 0 7 0000 
19-JAN-2015 03 48055 2 1 4 50 5 18 01 10 150 20 134 3 0000 4 0190 5 0000 6 000 0 7 10 4 4 8 5 9 0 0 333 10 /// 59 025 6 000 0 7 0000 
19-JAN-2015 03 48057 3 2 4 58 5 15 01 10 162 20 123 3 0000 4 0000 5 0000 6 000 0 7 00 0 0 8 5 3 0 0 333 10 /// 58 000 6 000 0 7 0000 
19-JAN-2015 03 48060 3 2 4 30 8 00 00 10 180 20 138 3 0000 4 0188 5 0000 6 000 0 7 00 0 0 8 6 3 7 / 333 10 /// 59 005 6 000 0 7 0000 
19-JAN-2015 03 48062 3 2 9 57 0 04 01 10 180 20 160 3 0000 4 0167 5 0000 6 000 0 7 00 0 0 8 0 0 0 0 333 10 /// 58 020 6 000 0 7 0000 
19-JAN-2015 03 48064 3 2 4 60 6 27 01 10 200 20 185 3 0000 4 0155 5 0000 6 000 0 7 00 0 0 8 2 7 2 0 333 10 /// 58 010 6 000 0 7 0000 
19-JAN-2015 03 48065 3 2 4 60 7 00 00 10 209 20 185 3 0000 4 0000 5 0000 6 000 0 7 00 0 0 8 4 8 7 0 333 10 /// 58 000 6 000 0 7 0000 
19-JAN-2015 03 48071 3 2 4 58 5 32 01 10 225 20 181 3 0000 4 0123 5 0000 6 000 0 7 00 0 0 8 5 8 0 0 333 10 /// 58 022 6 000 0 7 0000 
19-JAN-2015 03 48072 3 2 4 58 6 36 02 10 215 20 185 3 0000 4 0000 5 0000 6 000 0 7 00 0 0 8 4 9 3 0 333 10 /// 58 000 6 000 0 7 0000 
19-JAN-2015 03 48074 2 2 4 50 6 00 00 10 215 20 205 3 0000 4 0168 5 0000 6 000 0 7 00 0 0 8 4 8 6 0 333 10 /// 58 010 6 000 0 7 0000 
19-JAN-2015 03 48075 3 1 4 56 5 22 02 10 190 20 180 3 0000 4 0177 5 0000 6 000 0 7 01 4 4 8 5 8 0 0 333 10 /// 59 009 6 000 0 7 0000 
19-JAN-2015 03 48077 3 2 9 59 0 04 01 10 220 20 185 3 0000 4 0153 5 0000 6 000 0 7 00 0 0 8 0 0 0 0 333 10 /// 58 007 6 000 0 7 0000 
19-JAN-2015 03 48078 2 2 5 56 4 18 01 10 226 20 184 3 0000 4 0175 5 0000 6 000 0 7 00 0 0 8 3 5 0 1 333 10 /// 58 015 6 000 0 7 0000 
19-JAN-2015 03 48080 2 1 9 59 0 04 01 10 190 20 175 3 0000 4 0165 5 0000 6 000 0 7 02 4 4 8 0 0 0 0 333 10 /// 58 021 6 000 0 7 0000 
19-JAN-2015 03 48085 3 2 4 58 1 04 01 10 240 20 226 3 0000 4 0158 5 0000 6 000 0 7 00 0 0 8 1 1 0 0 333 10 /// 58 014 6 000 0 7 0000 
19-JAN-2015 03 48087 2 2 5 60 3 00 00 10 212 20 195 3 0000 4 0000 5 0000 6 000 0 7 00 0 0 8 1 2 4 0 333 10 /// 58 000 6 000 0 7 0000 
19-JAN-2015 03 48092 3 1 5 56 1 13 01 10 260 20 215 3 0000 4 0150 5 0000 6 000 0 7 05 2 2 8 1 4 0 0 333 10 /// 58 010 6 000 0 7 0000 
19-JAN-2015 03 48093 3 2 5 56 8 14 03 10 246 20 186 3 0000 4 0000 5 0000 6 000 0 7 00 0 0 8 6 8 4 1 333 10 /// 58 000 6 000 0 7 0000 
19-JAN-2015 03 48094 3 2 4 59 2 00 00 10 250 20 220 3 0000 4 0157 5 0000 6 000 0 7 00 0 0 8 1 5 4 0 333 10 /// 58 003 6 000 0 7 0000 
19-JAN-2015 03 48095 2 2 4 58 6 00 00 10 225 20 205 3 0000 4 0000 5 0000 6 000 0 7 00 0 0 8 3 8 4 0 333 10 /// 58 000 6 000 0 7 0000 
19-JAN-2015 03 48097 3 2 6 57 7 23 02 10 275 20 223 3 0000 4 0172 5 0000 6 000 0 7 05 2 2 8 7 8 0 0 333 10 /// 58 004 6 000 0 7 0000 
19-JAN-2015 03 48099 3 1 4 50 7 23 02 10 242 20 174 3 0000 4 0170 5 0000 6 000 0 7 05 2 2 8 5 8 0 6 333 10 /// 58 004 6 000 0 7 0000 
19-JAN-2015 03 48101 3 2 5 58 3 00 00 10 257 20 229 3 0000 4 0000 5 0000 6 000 0 7 00 0 0 8 1 1 3 0 333 10 /// 58 000 6 000 0 7 0000 
19-JAN-2015 03 48103 3 2 5 40 5 04 01 10 242 20 155 3 0000 4 0170 5 0000 6 000 0 7 00 0 0 8 5 8 0 0 333 10 /// 58 006 6 000 0 7 0000 
19-JAN-2015 03 48107 3 2 9 50 0 09 02 10 260 20 138 3 0000 4 0151 5 0000 6 000 0 7 00 0 0 8 0 0 0 0 333 10 /// 58 002 6 000 0 7 0000 
19-JAN-2015 03 48108 3 2 9 96 3 05 03 10 250 20 167 3 0000 4 0167 5 0000 6 000 0 7 00 0 0 8 0 0 0 6 333 10 /// 58 006 6 000 0 7 0000 
19-JAN-2015 03 48109 3 2 4 97 7 00 00 10 280 20 233 3 0000 4 0155 5 0000 6 000 0 7 00 0 0 8 5 9 7 0 333 10 /// 58 000 6 000 0 7 0000 
19-JAN-2015 03 48110 3 1 9 95 8 13 03 10 264 20 179 3 0000 4 0160 5 0000 6 000 0 7 05 4 4 8 0 0 0 5 333 10 /// 58 005 6 000 0 7 0000 
19-JAN-2015 03 48112 3 2 5 98 6 04 02 10 245 20 219 3 0000 4 0154 5 0000 6 000 0 7 00 0 0 8 2 2 1 6 333 10 /// 58 010 6 000 0 7 0000 
