190300 48004 21562 20401 10150 20111 70144 82800 333 56900=
190300 48008 31456 61401 10166 20154 40186 71044 83970 333 56560 58018=
190300 48010 31/10 90000 10145 20145 40195 74544 333 58015=
190300 48018 21558 50401 10150 20134 40179 70344 83870 333 56120 58024=
190300 48019 21156 90401 10144 20140 40168 74744 333 58007=
190300 48020 32940 80000 10170 20154 889// 333 569//=
190300 48025 31020 83602 10170 20154 40194 74244 8567/ 333 5665/ 59037=
190300 48030 31150 42202 10040 20040 70344 84800 333 56500=
190300 48031 31/03 91801 10110 20091 74744 333=
190300 48033 32562 63201 10180 20165 40151 85930 333 56110 58004=
190300 48034 21456 40000 10112 20100 71044 84800 333 56500=
190300 48035 21358 80000 10148 20148 40173 70522 85970 333 56790 59013=
190300 48037 32558 13601 10184 20165 40169 81100 333 56900 58032=
190300 48039 21430 83201 10174 20174 74044 887// 333 565//=
190300 48042 21410 80000 10180 20180 40165 74022 8577/ 333 5699/ 58012=
190300 48043 22540 21802 10145 20134 82200 333 56500=
190300 48045 32559 31802 10100 20056 83800 333 56300=
190300 48048 32558 20401 10187 20159 40165 82800 333 56900 58011=
190300 48051 32558 23101 10172 20150 81230 333 56490=
190300 48052 32458 40402 10202 20168 84800 333 56900=
190300 48053 21450 73602 10190 20175 40160 85750 333 56790 58008=
190300 48055 21450 51801 10150 20134 40190 71044 85900 333 56500 59025=
190300 48057 32458 51501 10162 20123 85300 333 56400=
190300 48060 32430 80000 10180 20138 40188 8637/ 333 5659/ 59005=
190300 48062 32957 00401 10180 20160 40167 333 58020=
190300 48064 32460 62701 10200 20185 40155 82720 333 56880 58010=
190300 48065 32460 70000 10209 20185 84870 333 56990=
190300 48071 32458 53201 10225 20181 40123 85800 333 56700 58022=
190300 48072 32458 63602 10215 20185 84930 333 56590=
190300 48074 22450 60000 10215 20205 40168 84860 333 56440 58010=
190300 48075 31456 52202 10190 20180 40177 70144 85800 333 56500 59009=
190300 48077 32959 00401 10220 20185 40153 333 58007=
190300 48078 22556 41801 10226 20184 40175 83501 333 56509 58015=
190300 48080 21959 00401 10190 20175 40165 70244 333 58021=
190300 48085 32458 10401 10240 20226 40158 81100 333 56500 58014=
190300 48087 22560 30000 10212 20195 81240 333 56990=
190300 48092 31556 11301 10260 20215 40150 70522 81400 333 56900 58010=
190300 48093 32556 81403 10246 20186 86841 333 56599=
190300 48094 32459 20000 10250 20220 40157 81540 333 56990 58003=
190300 48095 22458 60000 10225 20205 83840 333 56990=
190300 48097 22657 72302 10275 20223 40172 70522 87800 333 56900 58004=
190300 48099 31450 72302 10242 20174 40170 70522 85806 333 56509 58004=
190300 48101 32558 30000 10257 20229 81130 333 56990=
190300 48103 32540 50401 10242 20155 40170 85800 333 56700 58006=
190300 48107 32950 00902 10260 20138 40151 333 58002=
190300 48108 32996 30503 10250 20167 40167 80006 333 56009 58006=
190300 48109 32497 70000 10280 20233 40155 85970 333 56990 58000=
190300 48110 31995 81303 10264 20179 40160 70544 80005 333 56009 58005=
190300 48112 32598 60402 10245 20219 40154 82216 333 56199 58010=  48001 NIL=
190300 48004 21562 20401 10150 20111 70144 82800 333 56900=
190300 48008 31456 61401 10166 20154 40186 71044 83970 333 56560 58018=
190300 48010 31/10 90000 10145 20145 40195 74544 333 58015=
190300 48018 21558 50401 10150 20134 40179 70344 83870 333 56120 58024=
190300 48019 21156 90401 10144 20140 40168 74744 333 58007=
190300 48020 32940 80000 10170 20154 889// 333 569//=
190300 48025 31020 83602 10170 20154 40194 74244 8567/ 333 5665/ 59037=
190300 48035 21358 80000 10148 20148 40173 70522 85970 333 56790 59013=
190300 48037 32558 13601 10184 20165 40169 81100 333 56900 58032=
190300 48042 21410 80000 10180 20180 40165 74022 8577/ 333 5699/ 58012=
190300 48045 32559 31802 10100 20056 83800 333 56300=
190300 48048 32558 20401 10187 20159 40165 82800 333 56900 58011=
190300 48051 32558 23101 10172 20150 81230 333 56490=
190300 48053 21450 73602 10190 20175 40160 85750 333 56790 58008=
190300 48060 32430 80000 10180 20138 40188 8637/ 333 5659/ 59005=
190300 48062 32957 00401 10180 20160 40167 333 58020=
190300 48071 32458 53201 10225 20181 40123 85800 333 56700 58022=
190300 48075 31456 52202 10190 20180 40177 70144 85800 333 56500 59009=
190300 48077 32959 00401 10220 20185 40153 333 58007=
190300 48078 22556 41801 10226 20184 40175 83501 333 56509 58015=
190300 48080 21959 00401 10190 20175 40165 70244 333 58021=
190300 48085 32458 10401 10240 20226 40158 81100 333 56500 58014=
190300 48095 22458 60000 10225 20205 83840 333 56990=
190300 48108 32996 30503 10250 20167 40167 80006 333 56009 58006=
190300 48109 32497 70000 10280 20233 40155 85970 333 56990 58000=
190300 48110 31995 81303 10264 20179 40160 70544 80005 333 56009 58005=
190300 48112 32598 60402 10245 20219 40154 82216 333 56199 58010=
190300 48030 31150 42202 10040 20040 70344 84800 333 56500=
190300 48072 32458 63602 10215 20185 84930 333 56590=
190300 48087 22560 30000 10212 20195 81240 333 56990=
190300 48099 31450 72302 10242 20174 40170 70522 85806 333 56509 58004=
190300 48101 32558 30000 10257 20229 81130 333 56990=
190300 48103 32540 50401 10242 20155 40170 85800 333 56700 58006=
190300 48057 32458 51501 10162 20123 85300 333 56400=
190300 48094 32459 20000 10250 20220 40157 81540 333 56990 58003=
190300 48097 32657 72302 10275 20223 40172 70522 87800 333 56900 58004=
190300 48031 31/03 91801 10110 20091 74744 333=
190300 48033 32562 63201 10180 20165 40151 85930 333 56110 58004=
190300 48034 21456 40000 10112 20100 71044 84800 333 56500=
190300 48039 21430 83201 10174 20174 74044 887// 333 565//=
190300 48043 22540 21802 10145 20134 82200 333 56500=
190300 48052 32458 40402 10202 20168 84800 333 56900=
190300 48055 21450 51801 10150 20134 40190 71044 85900 333 56500 59025=
190300 48064 32460 62701 10200 20185 40155 82720 333 56880 58010=
190300 48065 32460 70000 10209 20185 84870 333 56990=
190300 48074 22450 60000 10215 20205 40168 84860 333 56440 58010=
190300 48092 31556 11301 10260 20215 40150 70522 81400 333 56900 58010=
190300 48093 32556 81403 10246 20186 86841 333 56599=
190300 48107 32950 00902 10260 20138 40151 333 58002=  48080 21959 00401 10190 20175 40165 70244 333 58021=  
