48001 32456 30000 10195 20109 40162 83900 333 56200 58002=
48004 32562 30401 10224 20136 83800 333 56500=
48008 32557 43401 10224 20156 40169 82430 333 56560 58011=
48010 32556 70000 10170 20154 40186 84830 333 56880 58018=
48018 32560 50402 10215 20173 40171 83870 333 56120 58006=
48019 32460 23201 10200 20168 40166 82800 333 56800 58002=
48020 32240 82203 10190 20159 88900 333 56500=
48025 32456 80402 10195 20168 40182 85870 333 56450 58013=
48030 32256 40402 10118 20059 84800 333 56100=
48031 31262 62201 10165 20106 70144 86800 333 56400=
48033 32563 13201 10250 20167 40143 81100 333 56500 58010=
48034 32457 41802 10190 20118 84800 333 56500=
48035 31559 82701 10169 20154 40156 70522 8597/ 333 56549 58025=
48037 32559 13201 10254 20190 40170 81100 333 56600 58020=
48039 32456 51401 10205 20168 84850 333 56550=
48042 31330 82301 10200 20185 40156 71044 887// 333 56999 58008=
48043 32556 61805 10170 20154 8487/ 333 56599=
48045 32560 51802 10169 20117 85300 333 56500=
48048 32560 50401 10235 20174 40168 84850 333 56490 58023=
48051 32559 23101 10240 20170 70222 81301 333 56509=
48052 32470 33203 10250 20186 83800 333 56900=
48053 32456 63602 10230 20181 40155 84850 333 56590 58021=
48055 32456 52310 10230 20143 40128 70544 85900 333 56500 59004=
48057 32458 41402 10192 20139 84300 333 56400=
48060 32440 70000 10200 20140 40164 85870 333 56790 58000=
48062 32558 32302 10250 20210 40167 70322 83800 333 56900 58014=
48064 32568 30000 10237 20209 40138 82101 333 56809 58014=
48065 32468 41409 10257 20203 83801 333 56909=
48071 32960 03202 10248 20167 40165 333 58020=
48072 32560 10402 10260 20215 70122 81300 333 56990=
48074 32560 51801 10255 20203 40160 83860 333 56440 58002=
48075 32560 52202 10250 20150 40144 85300 333 56500 58001=
48077 32559 20401 10209 20179 40147 81201 333 56909 58015=
48078 32557 61803 10275 20164 40165 83831 333 56499 58024=
48080 32460 33202 10281 20203 40149 82230 333 56990 58005=
48085 32458 33206 10287 20184 40149 83300 333 56300 58022=
48087 32560 42301 10290 20196 82240 333 56990=
48092 31457 63201 10295 20202 40131 70522 86200 333 56900 58008=
48093 32557 50401 10298 20166 85800 333 56500=
48094 32460 51801 10320 20220 40146 85900 333 56900 58009=
48095 32558 40901 10285 20233 70122 83940 333 56990=
48097 32557 71403 10310 20214 40148 70222 87800 333 56900 58005=
48099 32456 71305 10295 20166 40152 85830 333 56390 58008=
48101 32558 51401 10280 20203 70322 84730 333 56390=
48103 32950 00402 10300 20149 40149 333 58006=
48107 32950 03201 10304 20149 40128 333 59003=
48108 32996 31403 10315 20155 40149 80006 333 56009 58006=
48109 32497 60401 10318 20248 40150 70122 84930 333 56990 58005=
48110 31996 21304 10310 20169 40147 70511 80005 333 56009 58005=
48112 NIL=  48001 32456 30000 10195 20102 83900 333 56200 58002=
48004 32562 30401 10224 20136 83800 333 56500=
48008 32558 43401 10224 20156 40169 82430 333 56560 58011=
48010 32556 70000 10170 20154 40186 84830 333 56880 58018=
48018 32560 50402 10215 20173 40171 83870 333 56120 58006=
48019 32460 23201 10200 20168 40166 82800 333 56800 58002=
48020 32240 82203 10190 20159 88900 333 56500=
48025 32456 80402 10195 20168 40182 85870 333 56450 58013=
48035 31559 82701 10169 20154 40156 70522 8597/ 333 56549 58025=
48037 32559 13601 10254 20190 40170 81100 333 56600 58020=
48042 31330 82301 10200 20185 40156 71044 887// 333 56999 58008=
48045 32560 51802 10169 20117 85300 333 56500=
48048 32560 50401 10235 20170 40168 84850 333 56490 58023=
48053 32456 63602 10230 20181 40155 84850 333 56590 58021=  48060 32440 70000 10200 20140 40164 85870 333 56790 58000=
48062 32558 32304 10250 20210 40167 70322 83800 333 56900 58014=
48071 32960 03202 10248 20167 40165 333 58020=
48075 32560 ///// 10250 20150 40144 85300 333 56500 58001=
48077 32559 20401 10290 20179 40147 81201 333 56909 58015=
48078 32557 61803 10275 20164 40165 83831 333 56499 58024=
48080 32460 33203 10281 20603 40149 82230 333 56990 58005=
48085 32458 33206 10287 20184 40149 83300 333 56300 58022=
48095 32558 40901 10285 20233 70122 83940 333 56990=
48108 31403 31403 10315 20155 70145 80006 333 56009 58006=
48109 32497 60401 10318 20248 40150 70122 84930 333 56990 58005=
48110 31996 21304 10310 20189 40147 70511 80005 333 56009 58005=
48112 NIL=
48030 32256 40402 10118 20059 81800 333 56100=
48051 32559 23101 10240 20170 70222 81201 333 56909=
48072 32560 10402 10260 20215 70122 81200 333 56990=
48074 32560 51801 10255 20203 40160 83860 333 56440 58002=
48087 32560 42301 10290 20196 82240 333 56990=
48099 32456 71305 10295 20166 40152 85830 333 56390 58008=
48101 32558 51401 10280 20203 70322 84730 333 56390=
48103 32950 00402 10200 20149 40149 80000 333 56000 58006=
48057 32458 41402 10192 20139 84300 333 56400=
48094 32460 51801 10320 20220 40146 85900 333 56900 58009=
48097 32557 71403 10310 20214 40148 70222 87800 333 56900 58005=
48031 31262 62201 10165 20106 70144 86800 333 56400=
48033 32563 13201 10250 20167 40143 81100 333 56500 58010=
48034 32457 41802 10190 20118 84800 333 56500=
48039 32456 51401 10205 40168 84850 333 56550=
48043 32556 61805 10170 20154 8487/ 333 56599=
48052 32470 33203 10250 20186 83800 333 56900=
48055 32456 52310 10230 20143 40128 70544 85900 333 56500 59004=
48064 32568 30000 10237 20209 40138 82101 333 56809 58014=
48065 32468 41409 10257 20203 83801 333 56909=
48074 NIL=
48092 31457 63201 10315 20202 40131 70522 86200 333 56900 58008=
48093 NIL=
48107 32950 03201 10304 20149 40128 80000 333 56000 59003=  