19-JAN-2015 12 48001 3 1 4 40 8 00 00 10 240 20 147 3 0000 4 0142 5 0000 6 000 0 7 03 2 2 8 4 7 2 0 333 10 240 59 000 6 000 0 7 0000 
19-JAN-2015 12 48004 3 2 4 58 5 00 00 10 215 20 185 3 0000 4 0000 5 0000 6 000 0 7 00 0 0 8 5 9 0 0 333 10 260 58 000 6 000 0 7 0000 
19-JAN-2015 12 48008 3 2 5 50 3 00 00 10 227 20 181 3 0000 4 0136 5 0000 6 000 0 7 00 0 0 8 2 4 3 0 333 10 266 58 001 6 000 0 7 0000 
19-JAN-2015 12 48010 3 2 5 40 3 00 00 10 205 20 185 3 0000 4 0149 5 0000 6 000 0 7 00 0 0 8 1 4 3 0 333 10 235 58 008 6 000 0 7 0000 
19-JAN-2015 12 48018 3 2 5 58 1 00 00 10 220 20 143 3 0000 4 0136 5 0000 6 000 0 7 00 0 0 8 1 1 0 0 333 10 262 58 008 6 000 0 7 0000 
19-JAN-2015 12 48019 3 2 4 40 3 00 00 10 215 20 195 3 0000 4 0133 5 0000 6 000 0 7 00 0 0 8 3 8 0 0 333 10 245 59 008 6 000 0 7 0000 
19-JAN-2015 12 48020 3 1 2 30 3 00 00 10 205 20 175 3 0000 4 0000 5 0000 6 000 0 7 05 2 2 8 3 8 0 0 333 10 240 58 000 6 000 0 7 0000 
19-JAN-2015 12 48025 3 2 4 58 4 32 01 10 216 20 156 3 0000 4 0141 5 0000 6 000 0 7 00 0 0 8 3 8 4 0 333 10 240 58 002 6 000 0 7 0000 
19-JAN-2015 12 48030 3 2 2 56 5 04 01 10 117 20 081 3 0000 4 0000 5 0000 6 000 0 7 00 0 0 8 5 8 0 0 333 10 158 58 000 6 000 0 7 0000 
19-JAN-2015 12 48031 3 2 2 62 6 18 01 10 125 20 102 3 0000 4 0000 5 0000 6 000 0 7 00 0 0 8 6 8 0 0 333 10 170 58 000 6 000 0 7 0000 
19-JAN-2015 12 48033 3 2 5 62 2 00 00 10 250 20 168 3 0000 4 0139 5 0000 6 000 0 7 00 0 0 8 2 5 0 0 333 10 280 58 026 6 000 0 7 0000 
19-JAN-2015 12 48034 3 2 4 56 2 00 00 10 162 20 120 3 0000 4 0000 5 0000 6 000 0 7 00 0 0 8 2 5 0 0 333 10 190 58 000 6 000 0 7 0000 
19-JAN-2015 12 48035 3 1 5 20 1 00 00 10 177 20 147 3 0000 4 0131 5 0000 6 000 0 7 05 1 1 8 1 1 0 0 333 10 218 59 010 6 000 0 7 0000 
19-JAN-2015 12 48037 3 2 9 30 0 00 00 10 254 20 208 3 0000 4 0132 5 0000 6 000 0 7 00 0 0 8 0 0 0 0 333 10 290 58 017 6 000 0 7 0000 
19-JAN-2015 12 48039 3 2 4 58 5 14 01 10 231 20 198 3 0000 4 0000 5 0000 6 000 0 7 00 0 0 8 4 6 6 0 333 10 262 58 000 6 000 0 7 0000 
19-JAN-2015 12 48042 3 2 5 57 5 14 01 10 235 20 209 3 0000 4 0123 5 0000 6 000 0 7 00 0 0 8 1 4 5 0 333 10 243 59 004 6 000 0 7 0000 
19-JAN-2015 12 48043 3 2 5 10 4 00 00 10 250 20 144 3 0000 4 0000 5 0000 6 000 0 7 00 0 0 8 4 8 0 0 333 10 190 58 000 6 000 0 7 0000 
19-JAN-2015 12 48045 3 2 5 58 3 14 02 10 156 20 111 3 0000 4 0000 5 0000 6 000 0 7 00 0 0 8 3 6 0 0 333 10 280 58 000 6 000 0 7 0000 
19-JAN-2015 12 48048 3 2 9 50 0 04 01 10 246 20 186 3 0000 4 0128 5 0000 6 000 0 7 00 0 0 8 0 0 0 0 333 10 275 58 008 6 000 0 7 0000 
19-JAN-2015 12 48051 3 2 5 58 3 00 00 10 230 20 180 3 0000 4 0000 5 0000 6 000 0 7 01 2 2 8 3 2 0 0 333 10 274 58 000 6 000 0 7 0000 
19-JAN-2015 12 48052 3 2 4 50 3 00 00 10 274 20 211 3 0000 4 0000 5 0000 6 000 0 7 00 0 0 8 3 8 0 0 333 10 295 58 000 6 000 0 7 0000 
19-JAN-2015 12 48053 3 2 4 50 6 00 00 10 230 20 198 3 0000 4 0125 5 0000 6 000 0 7 00 0 0 8 4 8 5 0 333 10 255 58 011 6 000 0 7 0000 
19-JAN-2015 12 48055 3 2 4 56 5 00 00 10 197 20 161 3 0000 4 0114 5 0000 6 000 0 7 00 0 0 8 5 9 0 0 333 10 260 58 003 6 000 0 7 0000 
19-JAN-2015 12 48057 3 2 4 56 5 14 01 10 170 20 117 3 0000 4 0000 5 0000 6 000 0 7 00 0 0 8 4 3 5 0 333 10 213 58 000 6 000 0 7 0000 
19-JAN-2015 12 48060 2 1 4 10 8 00 00 10 160 20 160 3 0000 4 0157 5 0000 6 000 0 7 64 2 2 8 4 7 7 / 333 10 220 58 004 6 000 0 7 0000 
19-JAN-2015 12 48062 3 1 5 50 4 27 02 10 235 20 210 3 0000 4 0135 5 0000 6 000 0 7 10 1 1 8 3 5 3 0 333 10 267 58 010 6 000 0 7 0000 
19-JAN-2015 12 48064 3 2 5 50 1 00 00 10 230 20 198 3 0000 4 0118 5 0000 6 000 0 7 00 0 0 8 1 8 0 0 333 10 260 58 017 6 000 0 7 0000 
19-JAN-2015 12 48065 3 2 4 50 3 00 00 10 238 20 191 3 0000 4 0000 5 0000 6 000 0 7 00 0 0 8 3 8 0 0 333 10 282 58 000 6 000 0 7 0000 
19-JAN-2015 12 48071 3 2 9 56 0 32 02 10 230 20 143 3 0000 4 0146 5 0000 6 000 0 7 00 0 0 8 0 0 0 0 333 10 253 58 021 6 000 0 7 0000 
19-JAN-2015 12 48072 3 2 9 58 0 36 01 10 235 20 209 3 0000 4 0000 5 0000 6 000 0 7 01 2 2 8 0 0 0 0 333 10 280 58 000 6 000 0 7 0000 
19-JAN-2015 12 48074 2 2 4 56 7 00 00 10 258 20 215 3 0000 4 0132 5 0000 6 000 0 7 00 0 0 8 4 8 6 0 333 10 285 58 020 6 000 0 7 0000 
19-JAN-2015 12 48075 3 2 4 56 3 00 00 10 210 20 180 3 0000 4 0147 5 0000 6 000 0 7 00 0 0 8 3 2 0 0 333 10 255 58 021 6 000 0 7 0000 
19-JAN-2015 12 48077 3 2 5 56 6 00 00 10 267 20 191 3 0000 4 0112 5 0000 6 000 0 7 00 0 0 8 5 9 0 1 333 10 320 58 006 6 000 0 7 0000 
19-JAN-2015 12 48078 3 2 5 50 4 00 00 10 270 20 201 3 0000 4 0129 5 0000 6 000 0 7 00 0 0 8 3 8 0 1 333 10 305 58 007 6 000 0 7 0000 
19-JAN-2015 12 48080 3 2 4 56 2 27 03 10 244 20 209 3 0000 4 0136 5 0000 6 000 0 7 00 0 0 8 2 5 0 0 333 10 295 58 016 6 000 0 7 0000 
19-JAN-2015 12 48085 3 2 4 56 2 32 05 10 254 20 167 3 0000 4 0124 5 0000 6 000 0 7 00 0 0 8 2 8 0 0 333 10 292 58 005 6 000 0 7 0000 
19-JAN-2015 12 48087 3 2 4 30 4 00 00 10 276 20 220 3 0000 4 0000 5 0000 6 000 0 7 00 0 0 8 2 8 4 0 333 10 314 58 000 6 000 0 7 0000 
19-JAN-2015 12 48092 3 1 5 56 5 13 01 10 270 20 211 3 0000 4 0113 5 0000 6 000 0 7 05 2 2 8 5 3 0 0 333 10 300 58 012 6 000 0 7 0000 
19-JAN-2015 12 48093 3 2 5 40 2 23 01 10 260 20 203 3 0000 4 0000 5 0000 6 000 0 7 00 0 0 8 2 1 0 0 333 10 304 58 000 6 000 0 7 0000 
19-JAN-2015 12 48094 3 1 4 56 7 36 01 10 270 20 210 3 0000 4 0135 5 0000 6 000 0 7 03 2 2 8 5 9 4 0 333 10 325 58 018 6 000 0 7 0000 
19-JAN-2015 12 48095 3 2 4 56 8 00 00 10 270 20 226 3 0000 4 0000 5 0000 6 000 0 7 03 2 2 8 4 9 7 0 333 10 320 58 000 6 000 0 7 0000 
19-JAN-2015 12 48097 3 2 5 56 7 13 01 10 265 20 179 3 0000 4 0140 5 0000 6 000 0 7 02 2 2 8 7 8 0 0 333 10 325 58 001 6 000 0 7 0000 
19-JAN-2015 12 48099 3 1 4 40 2 00 00 10 270 20 191 3 0000 4 0127 5 0000 6 000 0 7 10 1 1 8 2 8 0 0 333 10 322 58 012 6 000 0 7 0000 
19-JAN-2015 12 48101 3 2 5 50 8 14 01 10 262 20 215 3 0000 4 0000 5 0000 6 000 0 7 03 2 2 8 4 7 7 / 333 10 297 58 000 6 000 0 7 0000 
19-JAN-2015 12 48103 3 2 5 40 3 00 00 10 267 20 211 3 0000 4 0122 5 0000 6 000 0 7 00 0 0 8 3 5 0 0 333 10 324 58 004 6 000 0 7 0000 
19-JAN-2015 12 48107 3 2 9 30 0 00 00 10 262 20 179 3 0000 4 0118 5 0000 6 000 0 7 00 0 0 8 0 0 0 0 333 10 325 58 000 6 000 0 7 0000 
19-JAN-2015 12 48108 3 2 5 95 5 14 01 10 275 20 197 3 0000 4 0128 5 0000 6 000 0 7 00 0 0 8 1 4 0 6 333 10 322 58 002 6 000 0 7 0000 
19-JAN-2015 12 48109 3 2 4 96 7 00 00 10 282 20 250 3 0000 4 0127 5 0000 6 000 0 7 03 2 2 8 5 9 7 0 333 10 322 58 004 6 000 0 7 0000 
19-JAN-2015 12 48110 3 1 5 95 7 00 00 10 275 20 187 3 0000 4 0123 5 0000 6 000 0 7 05 2 2 8 1 3 0 6 333 10 315 58 001 6 000 0 7 0000 
19-JAN-2015 12 48112 3 2 5 97 8 04 03 10 275 20 191 3 0000 4 0121 5 0000 6 000 0 7 03 2 2 8 3 8 7 6 333 10 305 58 000 6 000 0 7 0000 
