190300 48001 22440 81401 10245 20233 40047 8477/ 333 56559 58001=
190300 48004 31110 80000 10257 20257 75065 8697/ 333 56559=
190300 48008 31450 82301 10258 20246 40058 76366 8497/ 333 56459 58009=
190300 48010 21320 80000 10245 20245 40062 79565 889// 333 56599 58008=
190300 48018 22559 50901 10280 20250 40058 70122 82872 333 56554 58015=
190300 48019 22457 80000 10275 20240 40040 8577/ 333 56599 59000=
190300 48020 32257 83603 10285 20255 85770 333 56490=
190300 48025 21420 61401 10290 20259 40047 70255 84840 333 56550 59001=
190300 48035 32560 70000 10249 20219 40056 85970 333 56190 58015=
190300 48037 32558 71401 10308 20237 40045 86800 333 56500 58008=
190300 48042 21558 61302 10303 20239 40042 70155 84950 333 56440 59002=
190300 48045 31/06 91403 10197 20197 74544 89/// 333 56999=
190300 48048 32560 61801 10310 20237 40049 85950 333 56490 58003=
190300 48051 32559 31302 10310 20250 70211 82201 333 56909=
190300 48053 32458 41803 10290 20248 40060 82856 333 56499 58005=
190300 48060 22350 50000 10276 20230 40042 70222 84830 333 56490 59014=
190300 48062 32457 70910 10295 20270 40026 70322 84970 333 56390 59009=
190300 48071 21356 82303 10280 20268 40033 76166 8692/ 333 5649/ 59005=
190300 48075 21457 71401 10280 20230 40062 70255 84841 333 56569 58011=
190300 48077 22559 72301 10290 20248 40045 85931 333 56499 58008=
190300 48078 21556 41801 10292 20248 40065 70155 83501 333 56409 58002=
190300 48080 32460 61303 10292 20248 40050 84836 333 56490 58005=
190300 48085 22458 71405 10314 20254 40041 85976 333 56399 58000=
190300 48095 22458 70000 10275 20256 70222 83670 333 56990=
190300 48108 22595 61402 10270 20248 40083 83366 333 56499 59009=
190300 48109 22397 72308 10295 20253 40052 70222 86970 333 56990 58000=
190300 48110 22496 81803 10270 20248 40092 85377 333 56599 58003=
190300 48112 21496 83601 10265 20265 40092 72152 8677/ 333 5689/ 59009=
190300 48030 22250 60401 10196 20175 72055 85340 333 56180=
190300 48072 21459 61305 10270 20270 70165 84930 333 56590=
190300 48087 32556 62302 10300 20253 83370 333 56490=
190300 48099 22460 71302 10255 20255 40075 85930 333 56390 58004=
190300 48101 21557 70000 10250 20233 70255 84970 333 56590=
190300 48103 21456 81402 10268 20256 40073 70255 86700 333 56300 58007=
190300 48057 22458 61402 10210 20195 85950 333 56490=
190300 48094 21458 82201 10265 20250 40049 76365 86720 333 56590 59004=
190300 48097 22557 81301 10280 20233 40079 70222 873// 333 569// 58002=
190300 48031 21/03 91401 10200 20197 74764 89/// 333 56999=
190300 48033 32562 71801 10290 20248 40047 86930 333 56590 58012=
190300 48034 21456 80000 10223 20210 70255 8692/ 333 5659/=
190300 48039 32460 62201 10299 20239 84860 333 56550=
190300 48043 22556 61802 10230 20230 84230 333 56490=
190300 48052 32460 61301 10310 20237 85920 333 56390=
190300 48055 32556 62707 10263 20215 40054 84801 333 56409 58003=
190300 48064 32458 73201 10298 20253 40026 84870 333 56440 58001=
190300 48065 32456 72102 10300 20239 85530 333 56990=
190300 48074 32459 51403 10283 20250 40069 83851 333 56449 58000=
190300 48092 22456 61305 10275 20253 40057 70166 82836 333 56999 58018=
190300 48093 21657 61401 10277 20250 75055 85801 333 56509=
190300 48107 22350 43201 10282 20250 40076 84900 333 56500 59000=  
