19-JUN-2015 12 48001 2 1 4 30 8 00 00 10 260 20 229 3 0000 4 0034 5 0000 6 000 0 7 02 9 6 8 4 7 7 / 333 10 280 58 031 6 015 2 7 0000 
19-JUN-2015 12 48008 2 2 5 56 5 23 01 10 314 20 254 3 0000 4 0026 5 0000 6 000 0 7 00 0 0 8 3 9 7 0 333 10 315 58 002 6 009 2 7 0000 
19-JUN-2015 12 48010 2 2 5 56 5 00 00 10 285 20 268 3 0000 4 0015 5 0000 6 000 0 7 00 0 0 8 3 8 3 0 333 10 295 58 000 6 061 2 7 0000 
19-JUN-2015 12 48018 3 2 5 60 4 36 01 10 315 20 254 3 0000 4 0019 5 0000 6 000 0 7 00 0 0 8 2 8 6 2 333 10 335 59 008 6 000 0 7 0000 
19-JUN-2015 12 48019 3 2 4 58 2 04 01 10 306 20 267 3 0000 4 0014 5 0000 6 000 0 7 00 0 0 8 1 2 0 1 333 10 335 59 004 6 000 0 7 0000 
19-JUN-2015 12 48020 3 2 3 56 6 36 04 10 305 20 260 3 0000 4 0000 5 0000 6 000 0 7 00 0 0 8 4 3 3 0 333 10 366 58 000 6 000 0 7 0000 
19-JUN-2015 12 48025 2 1 3 40 5 00 00 10 324 20 236 3 0000 4 0007 5 0000 6 000 0 7 50 6 5 8 3 7 7 0 333 10 335 58 000 6 000 0 7 0000 
19-JUN-2015 12 48031 3 1 / 05 9 22 02 10 208 20 195 3 0000 4 0000 5 0000 6 000 0 7 47 4 4 8 9 / / / 333 10 226 58 000 6 000 0 7 0000 
19-JUN-2015 12 48033 3 2 5 62 7 18 01 10 350 20 237 3 0000 4 0006 5 0000 6 000 0 7 00 0 0 8 4 9 0 1 333 10 370 59 017 6 000 0 7 0000 
19-JUN-2015 12 48035 2 1 5 60 6 00 00 10 253 20 219 3 0000 4 0021 5 0000 6 000 0 7 01 9 6 8 4 9 0 1 333 10 303 59 003 6 002 2 7 0000 
19-JUN-2015 12 48037 3 2 5 62 5 18 01 10 361 20 235 3 0000 4 9998 5 0000 6 000 0 7 00 0 0 8 2 3 3 1 333 10 378 58 001 6 000 0 7 0000 
19-JUN-2015 12 48039 3 2 4 60 7 04 01 10 330 20 244 3 0000 4 0000 5 0000 6 000 0 7 00 0 0 8 5 9 6 0 333 10 360 58 000 6 000 0 7 0000 
19-JUN-2015 12 48042 3 2 5 59 6 18 01 10 355 20 243 3 0000 4 0003 5 0000 6 000 0 7 00 0 0 8 4 9 5 0 333 10 376 58 005 6 000 0 7 0000 
19-JUN-2015 12 48043 3 2 5 20 8 00 00 10 250 20 219 3 0000 4 0000 5 0000 6 000 0 7 00 0 0 8 6 8 7 / 333 10 280 58 000 6 000 0 7 0000 
19-JUN-2015 12 48045 3 2 5 56 7 23 03 10 215 20 205 3 0000 4 0000 5 0000 6 000 0 7 00 0 0 8 7 3 0 0 333 10 242 58 000 6 000 0 7 0000 
19-JUN-2015 12 48048 2 1 5 50 6 32 01 10 332 20 212 3 0000 4 0006 5 0000 6 000 0 7 20 5 0 8 5 9 5 0 333 10 360 58 013 6 990 2 7 0000 
19-JUN-2015 12 48051 3 1 5 58 6 13 04 10 300 20 250 3 0000 4 0000 5 0000 6 000 0 7 17 9 9 8 4 9 3 0 333 10 345 58 000 6 000 0 7 0000 
19-JUN-2015 12 48052 3 2 4 50 5 13 01 10 350 20 240 3 0000 4 0000 5 0000 6 000 0 7 00 0 0 8 5 9 0 0 333 10 380 58 000 6 000 0 7 0000 
19-JUN-2015 12 48053 3 2 4 56 7 18 02 10 320 20 236 3 0000 4 0009 5 0000 6 000 0 7 00 0 0 8 4 9 5 6 333 10 350 58 008 6 000 0 7 0000 
19-JUN-2015 12 48055 3 2 5 57 4 20 05 10 295 20 202 3 0000 4 0003 5 0000 6 000 0 7 00 0 0 8 2 8 0 6 333 10 307 58 008 6 000 0 7 0000 
19-JUN-2015 12 48060 2 1 3 30 7 22 02 10 245 20 214 3 0000 4 0032 5 0000 6 000 0 7 95 9 6 8 5 9 7 0 333 10 318 58 035 6 001 2 7 0000 
19-JUN-2015 12 48062 3 2 4 56 8 18 09 10 295 20 270 3 0000 4 0009 5 0000 6 000 0 7 00 0 0 8 5 9 7 0 333 10 315 58 000 6 000 0 7 0000 
19-JUN-2015 12 48064 3 2 4 50 4 14 01 10 323 20 265 3 0000 4 0008 5 0000 6 000 0 7 00 0 0 8 2 8 3 1 333 10 356 58 026 6 000 0 7 0000 
19-JUN-2015 12 48065 3 2 4 50 7 13 05 10 312 20 254 3 0000 4 0000 5 0000 6 000 0 7 00 0 0 8 5 5 3 1 333 10 361 58 000 6 000 0 7 0000 
19-JUN-2015 12 48071 2 1 4 56 7 23 02 10 275 20 268 3 0000 4 0020 5 0000 6 000 0 7 60 6 6 8 5 9 7 0 333 10 305 58 003 6 013 2 7 0000 
19-JUN-2015 12 48074 3 2 4 57 7 14 05 10 303 20 239 3 0000 4 0045 5 0000 6 000 0 7 00 0 0 8 4 9 7 0 333 10 345 58 003 6 000 0 7 0000 
19-JUN-2015 12 48075 3 2 4 56 5 22 01 10 270 20 240 3 0000 4 0030 5 0000 6 000 0 7 00 0 0 8 3 8 4 0 333 10 300 58 021 6 000 0 7 0000 
19-JUN-2015 12 48077 2 1 5 56 8 00 00 10 260 20 260 3 0000 4 0045 5 0000 6 000 0 7 02 6 6 8 5 9 3 1 333 10 302 58 024 6 008 2 7 0000 
19-JUN-2015 12 48078 2 1 4 50 8 23 04 10 283 20 240 3 0000 4 0047 5 0000 6 000 0 7 50 5 5 8 5 9 7 / 333 10 328 58 006 6 990 2 7 0000 
19-JUN-2015 12 48080 2 1 4 57 8 22 01 10 260 20 246 3 0000 4 0038 5 0000 6 000 0 7 50 6 5 8 6 7 7 0 333 10 325 59 003 6 005 2 7 0000 
19-JUN-2015 12 48085 2 1 4 56 8 14 03 10 266 20 256 3 0000 4 0032 5 0000 6 000 0 7 50 9 6 8 6 9 7 0 333 10 312 58 007 6 014 2 7 0000 
19-JUN-2015 12 48092 2 2 4 56 8 13 04 10 270 20 263 3 0000 4 0033 5 0000 6 000 0 7 02 5 5 8 6 9 0 6 333 10 310 58 007 6 990 2 7 0000 
19-JUN-2015 12 48094 2 1 4 56 8 00 00 10 256 20 256 3 0000 4 0041 5 0000 6 000 0 7 51 5 5 8 5 9 2 / 333 10 280 58 002 6 047 2 7 0000 
19-JUN-2015 12 48097 2 1 5 57 7 13 02 10 275 20 262 3 0000 4 0058 5 0000 6 000 0 7 02 6 5 8 5 3 3 0 333 10 315 58 012 6 008 2 7 0000 
19-JUN-2015 12 48099 2 1 4 40 6 23 02 10 286 20 230 3 0000 4 0056 5 0000 6 000 0 7 13 5 5 8 4 9 7 0 333 10 310 58 019 6 990 2 7 0000 
19-JUN-2015 12 48103 2 2 4 40 6 14 02 10 273 20 240 3 0000 4 0058 5 0000 6 000 0 7 00 0 0 8 5 7 3 0 333 10 323 58 017 6 009 2 7 0000 
19-JUN-2015 12 48107 3 2 3 30 4 18 02 10 275 20 233 3 0000 4 0066 5 0000 6 000 0 7 00 0 0 8 4 9 0 0 333 10 336 58 009 6 000 0 7 0000 
19-JUN-2015 12 48108 2 2 5 95 8 14 02 10 275 20 245 3 0000 4 0021 5 0000 6 000 0 7 00 0 0 8 3 3 6 6 333 10 315 58 002 6 002 2 7 0000 
19-JUN-2015 12 48109 3 2 4 96 7 23 05 10 266 20 248 3 0000 4 0037 5 0000 6 000 0 7 00 0 0 8 5 9 3 0 333 10 325 59 005 6 000 2 7 0000 
19-JUN-2015 12 48110 2 2 5 96 8 18 02 10 275 20 250 3 0000 4 0075 5 0000 6 000 0 7 00 0 0 8 2 3 5 7 333 10 295 58 007 6 990 2 7 0000 
19-JUN-2015 12 48112 2 1 5 97 8 22 01 10 250 20 250 3 0000 4 0084 5 0000 6 000 0 7 01 5 2 8 4 8 7 6 333 10 275 58 017 6 030 2 7 0000 
