19-JUL-2015 03 48001 2 1 4 46 7 00 00 10 250 20 219 3 0000 4 0036 5 0000 6 000 0 7 20 5 5 8 4 7 7 0 333 10 /// 58 006 6 000 0 7 0000 
19-JUL-2015 03 48004 2 1 1 10 8 32 01 10 248 20 248 3 0000 4 0000 5 0000 6 000 0 7 50 6 5 8 6 9 7 / 333 10 /// 58 000 6 000 0 7 0000 
19-JUL-2015 03 48008 3 1 4 50 8 00 00 10 245 20 233 3 0000 4 0032 5 0000 6 000 0 7 63 6 6 8 4 9 7 / 333 10 /// 59 004 6 000 0 7 0000 
19-JUL-2015 03 48010 2 2 4 30 8 00 00 10 250 20 250 3 0000 4 0002 5 0000 6 000 0 7 00 0 0 8 5 7 7 / 333 10 /// 59 002 6 000 0 7 0000 
19-JUL-2015 03 48018 2 1 4 40 8 00 00 10 240 20 240 3 0000 4 0023 5 0000 6 000 0 7 61 6 6 8 5 9 7 / 333 10 /// 58 001 6 000 0 7 0000 
19-JUL-2015 03 48019 2 1 4 56 8 00 00 10 250 20 250 3 0000 4 0029 5 0000 6 000 0 7 60 6 5 8 5 7 7 / 333 10 /// 58 010 6 000 0 7 0000 
19-JUL-2015 03 48020 2 1 2 56 8 36 02 10 252 20 234 3 0000 4 0000 5 0000 6 000 0 7 20 5 5 8 8 7 / / 333 10 /// 58 000 6 000 0 7 0000 
19-JUL-2015 03 48025 2 2 2 20 8 36 01 10 258 20 246 3 0000 4 0029 5 0000 6 000 0 7 00 0 0 8 5 8 7 / 333 10 /// 58 005 6 000 0 7 0000 
19-JUL-2015 03 48030 2 2 2 56 8 22 01 10 178 20 165 3 0000 4 0000 5 0000 6 000 0 7 00 0 0 8 8 8 / / 333 10 /// 58 000 6 000 0 7 0000 
19-JUL-2015 03 48031 2 1 / 05 9 00 00 10 198 20 198 3 0000 4 0000 5 0000 6 000 0 7 47 4 4 8 9 / / / 333 10 /// 58 000 6 000 0 7 0000 
19-JUL-2015 03 48033 2 2 5 61 7 18 01 10 260 20 246 3 0000 4 0024 5 0000 6 000 0 7 00 0 0 8 6 9 3 0 333 10 /// 58 010 6 000 0 7 0000 
19-JUL-2015 03 48034 2 1 1 48 8 23 01 10 202 20 202 3 0000 4 0000 5 0000 6 000 0 7 53 6 5 8 6 9 2 / 333 10 /// 58 000 6 000 0 7 0000 
19-JUL-2015 03 48037 2 1 5 56 8 14 01 10 270 20 256 3 0000 4 0027 5 0000 6 000 0 7 02 5 5 8 8 6 / / 333 10 /// 58 014 6 000 0 7 0000 
19-JUL-2015 03 48039 3 2 4 60 8 14 01 10 279 20 233 3 0000 4 0000 5 0000 6 000 0 7 00 0 0 8 5 9 6 / 333 10 /// 58 000 6 000 0 7 0000 
19-JUL-2015 03 48042 3 2 5 58 8 18 04 10 288 20 248 3 0000 4 0025 5 0000 6 000 0 7 00 0 0 8 5 9 7 / 333 10 /// 58 002 6 000 0 7 0000 
19-JUL-2015 03 48043 3 2 5 56 8 18 05 10 225 20 198 3 0000 4 0000 5 0000 6 000 0 7 00 0 0 8 5 8 7 / 333 10 /// 58 000 6 000 0 7 0000 
19-JUL-2015 03 48045 2 2 2 50 7 14 02 10 225 20 198 3 0000 4 0000 5 0000 6 000 0 7 40 4 4 8 7 7 0 0 333 10 /// 58 000 6 000 0 7 0000 
19-JUL-2015 03 48051 2 2 5 58 8 18 01 10 278 20 270 3 0000 4 0000 5 0000 6 000 0 7 02 2 2 8 3 9 7 0 333 10 /// 58 000 6 000 0 7 0000 
19-JUL-2015 03 48052 2 2 4 60 6 13 03 10 300 20 239 3 0000 4 0000 5 0000 6 000 0 7 00 0 0 8 5 9 2 0 333 10 /// 58 000 6 000 0 7 0000 
19-JUL-2015 03 48053 2 2 4 56 7 18 03 10 270 20 256 3 0000 4 0031 5 0000 6 000 0 7 00 0 0 8 4 5 5 0 333 10 /// 59 004 6 000 0 7 0000 
19-JUL-2015 03 48055 3 2 4 56 7 23 03 10 250 20 212 3 0000 4 0031 5 0000 6 000 0 7 00 0 0 8 5 9 7 0 333 10 /// 59 001 6 000 0 7 0000 
19-JUL-2015 03 48057 2 2 4 58 8 23 01 10 216 20 185 3 0000 4 0000 5 0000 6 000 0 7 00 0 0 8 6 9 5 0 333 10 /// 58 000 6 000 0 7 0000 
19-JUL-2015 03 48060 2 2 4 40 7 00 00 10 282 20 220 3 0000 4 0028 5 0000 6 000 0 7 00 0 0 8 5 8 3 0 333 10 /// 59 006 6 000 0 7 0000 
19-JUL-2015 03 48062 2 2 4 56 8 13 02 10 280 20 270 3 0000 4 0047 5 0000 6 000 0 7 02 2 2 8 5 9 7 0 333 10 /// 58 001 6 000 0 7 0000 
19-JUL-2015 03 48064 2 2 4 58 7 32 01 10 285 20 248 3 0000 4 0024 5 0000 6 000 0 7 00 0 0 8 4 8 3 1 333 10 /// 58 000 6 000 0 7 0000 
19-JUL-2015 03 48065 2 2 4 56 8 00 00 10 292 20 259 3 0000 4 0000 5 0000 6 000 0 7 00 0 0 8 4 8 7 0 333 10 /// 58 000 6 000 0 7 0000 
19-JUL-2015 03 48071 2 2 4 58 7 23 01 10 285 20 274 3 0000 4 0035 5 0000 6 000 0 7 00 0 0 8 5 9 7 0 333 10 /// 59 007 6 000 0 7 0000 
19-JUL-2015 03 48072 2 1 4 59 8 13 01 10 280 20 268 3 0000 4 0000 5 0000 6 000 0 7 03 6 5 8 6 9 7 / 333 10 /// 58 000 6 000 0 7 0000 
19-JUL-2015 03 48074 3 2 3 56 8 18 02 10 270 20 256 3 0000 4 0059 5 0000 6 000 0 7 00 0 0 8 6 7 2 / 333 10 /// 58 000 6 000 0 7 0000 
19-JUL-2015 03 48075 2 2 4 57 7 00 00 10 230 20 214 3 0000 4 0054 5 0000 6 000 0 7 00 0 0 8 5 7 7 0 333 10 /// 58 000 6 000 0 7 0000 
19-JUL-2015 03 48077 2 2 5 59 8 23 01 10 276 20 250 3 0000 4 0039 5 0000 6 000 0 7 00 0 0 8 5 9 7 0 333 10 /// 58 004 6 000 0 7 0000 
19-JUL-2015 03 48078 2 1 4 40 8 18 01 10 258 20 253 3 0000 4 0061 5 0000 6 000 0 7 50 6 5 8 5 7 2 / 333 10 /// 58 004 6 000 0 7 0000 
19-JUL-2015 03 48080 2 1 4 59 8 04 04 10 253 20 233 3 0000 4 0055 5 0000 6 000 0 7 51 6 6 8 5 8 7 0 333 10 /// 58 002 6 000 0 7 0000 
19-JUL-2015 03 48085 2 1 3 56 8 09 02 10 262 20 260 3 0000 4 0048 5 0000 6 000 0 7 51 6 5 8 6 9 2 0 333 10 /// 58 001 6 000 0 7 0000 
19-JUL-2015 03 48087 2 1 4 50 8 00 00 10 267 20 256 3 0000 4 0000 5 0000 6 000 0 7 50 5 5 8 5 9 7 / 333 10 /// 58 000 6 000 0 7 0000 
19-JUL-2015 03 48092 2 2 4 57 8 23 04 10 270 20 256 3 0000 4 0052 5 0000 6 000 0 7 02 5 5 8 6 3 7 / 333 10 /// 58 017 6 000 0 7 0000 
19-JUL-2015 03 48093 2 1 4 56 8 32 01 10 267 20 256 3 0000 4 0000 5 0000 6 000 0 7 50 5 5 8 6 9 7 / 333 10 /// 58 000 6 000 0 7 0000 
19-JUL-2015 03 48094 2 1 4 59 8 22 01 10 262 20 250 3 0000 4 0053 5 0000 6 000 0 7 51 6 5 8 6 9 7 0 333 10 /// 58 001 6 000 0 7 0000 
19-JUL-2015 03 48095 2 2 4 58 8 22 02 10 265 20 246 3 0000 4 0000 5 0000 6 000 0 7 02 2 2 8 3 9 7 0 333 10 /// 58 000 6 000 0 7 0000 
19-JUL-2015 03 48097 2 1 4 57 8 23 01 10 260 20 253 3 0000 4 0075 5 0000 6 000 0 7 02 6 2 8 5 5 5 / 333 10 /// 58 010 6 000 0 7 0000 
19-JUL-2015 03 48099 2 1 3 30 8 23 01 10 268 20 256 3 0000 4 0066 5 0000 6 000 0 7 51 5 5 8 6 9 7 / 333 10 /// 58 001 6 000 0 7 0000 
19-JUL-2015 03 48101 2 1 4 57 8 27 01 10 266 20 256 3 0000 4 0000 5 0000 6 000 0 7 51 5 5 8 5 9 7 / 333 10 /// 58 000 6 000 0 7 0000 
19-JUL-2015 03 48103 2 1 4 40 8 22 02 10 267 20 256 3 0000 4 0064 5 0000 6 000 0 7 50 5 5 8 6 7 7 / 333 10 /// 59 004 6 000 0 7 0000 
19-JUL-2015 03 48107 2 1 3 50 7 23 01 10 264 20 264 3 0000 4 0079 5 0000 6 000 0 7 01 6 5 8 4 9 7 0 333 10 /// 58 000 6 000 0 7 0000 
19-JUL-2015 03 48108 2 1 4 95 8 23 01 10 270 20 256 3 0000 4 0080 5 0000 6 000 0 7 50 5 5 8 5 3 7 7 333 10 /// 59 010 6 000 0 7 0000 
19-JUL-2015 03 48109 3 2 4 97 4 23 03 10 290 20 259 3 0000 4 0059 5 0000 6 000 0 7 00 0 0 8 4 9 0 0 333 10 /// 59 001 6 000 0 7 0000 
19-JUL-2015 03 48110 2 1 4 96 8 13 01 10 265 20 258 3 0000 4 0083 5 0000 6 000 0 7 51 5 5 8 4 3 5 7 333 10 /// 59 022 6 000 0 7 0000 
19-JUL-2015 03 48112 2 1 4 96 8 22 02 10 250 20 250 3 0000 4 0100 5 0000 6 000 0 7 51 5 5 8 6 7 7 / 333 10 /// 59 007 6 000 0 7 0000 
