19-JUN-2015 03 48001 2 2 4 40 8 14 01 10 245 20 233 3 0000 4 0047 5 0000 6 000 0 7 00 0 0 8 4 7 7 / 333 10 /// 58 001 6 000 0 7 0000 
19-JUN-2015 03 48004 3 1 1 10 8 00 00 10 257 20 257 3 0000 4 0000 5 0000 6 000 0 7 50 6 5 8 6 9 7 / 333 10 /// 58 000 6 000 0 7 0000 
19-JUN-2015 03 48008 3 1 4 50 8 23 01 10 258 20 246 3 0000 4 0058 5 0000 6 000 0 7 63 6 6 8 4 9 7 / 333 10 /// 58 009 6 000 0 7 0000 
19-JUN-2015 03 48010 2 1 3 20 8 00 00 10 245 20 245 3 0000 4 0062 5 0000 6 000 0 7 95 6 5 8 8 9 / / 333 10 /// 58 008 6 000 0 7 0000 
19-JUN-2015 03 48018 2 2 5 59 5 09 01 10 280 20 250 3 0000 4 0058 5 0000 6 000 0 7 01 2 2 8 2 8 7 2 333 10 /// 58 015 6 000 0 7 0000 
19-JUN-2015 03 48019 2 2 4 57 8 00 00 10 275 20 240 3 0000 4 0040 5 0000 6 000 0 7 00 0 0 8 5 7 7 / 333 10 /// 59 000 6 000 0 7 0000 
19-JUN-2015 03 48020 3 2 2 57 8 36 03 10 285 20 255 3 0000 4 0000 5 0000 6 000 0 7 00 0 0 8 5 7 7 0 333 10 /// 58 000 6 000 0 7 0000 
19-JUN-2015 03 48025 2 1 4 20 6 14 01 10 290 20 259 3 0000 4 0047 5 0000 6 000 0 7 02 5 5 8 4 8 4 0 333 10 /// 59 001 6 000 0 7 0000 
19-JUN-2015 03 48030 2 2 2 50 6 04 01 10 196 20 175 3 0000 4 0000 5 0000 6 000 0 7 20 5 5 8 5 3 4 0 333 10 /// 58 000 6 000 0 7 0000 
19-JUN-2015 03 48031 2 1 / 03 9 14 01 10 200 20 197 3 0000 4 0000 5 0000 6 000 0 7 47 6 4 8 9 / / / 333 10 /// 58 000 6 000 0 7 0000 
19-JUN-2015 03 48033 3 2 5 62 7 18 01 10 290 20 248 3 0000 4 0047 5 0000 6 000 0 7 00 0 0 8 6 9 3 0 333 10 /// 58 012 6 000 0 7 0000 
19-JUN-2015 03 48034 2 1 4 56 8 00 00 10 223 20 210 3 0000 4 0000 5 0000 6 000 0 7 02 5 5 8 6 9 2 / 333 10 /// 58 000 6 000 0 7 0000 
19-JUN-2015 03 48035 3 2 5 60 7 00 00 10 249 20 219 3 0000 4 0056 5 0000 6 000 0 7 00 0 0 8 5 9 7 0 333 10 /// 58 015 6 000 0 7 0000 
19-JUN-2015 03 48037 3 2 5 58 7 14 01 10 308 20 237 3 0000 4 0045 5 0000 6 000 0 7 00 0 0 8 6 8 0 0 333 10 /// 58 008 6 000 0 7 0000 
19-JUN-2015 03 48039 3 2 4 60 6 22 01 10 299 20 239 3 0000 4 0000 5 0000 6 000 0 7 00 0 0 8 4 8 6 0 333 10 /// 58 000 6 000 0 7 0000 
19-JUN-2015 03 48042 2 1 5 58 6 13 02 10 303 20 239 3 0000 4 0042 5 0000 6 000 0 7 01 5 5 8 4 9 5 0 333 10 /// 59 002 6 000 0 7 0000 
19-JUN-2015 03 48043 2 2 5 56 6 18 02 10 230 20 230 3 0000 4 0000 5 0000 6 000 0 7 00 0 0 8 4 2 3 0 333 10 /// 58 000 6 000 0 7 0000 
19-JUN-2015 03 48045 3 1 / 06 9 14 03 10 197 20 197 3 0000 4 0000 5 0000 6 000 0 7 45 4 4 8 9 / / / 333 10 /// 58 000 6 000 0 7 0000 
19-JUN-2015 03 48048 3 2 5 60 6 18 01 10 310 20 237 3 0000 4 0049 5 0000 6 000 0 7 00 0 0 8 5 9 5 0 333 10 /// 58 003 6 000 0 7 0000 
19-JUN-2015 03 48051 3 2 5 59 3 13 02 10 310 20 250 3 0000 4 0000 5 0000 6 000 0 7 02 1 1 8 2 2 0 1 333 10 /// 58 000 6 000 0 7 0000 
19-JUN-2015 03 48052 3 2 4 60 6 13 01 10 310 20 237 3 0000 4 0000 5 0000 6 000 0 7 00 0 0 8 5 9 2 0 333 10 /// 58 000 6 000 0 7 0000 
19-JUN-2015 03 48053 3 2 4 58 4 18 03 10 290 20 248 3 0000 4 0060 5 0000 6 000 0 7 00 0 0 8 2 8 5 6 333 10 /// 58 005 6 000 0 7 0000 
19-JUN-2015 03 48055 3 2 5 56 6 27 07 10 263 20 215 3 0000 4 0054 5 0000 6 000 0 7 00 0 0 8 4 8 0 1 333 10 /// 58 003 6 000 0 7 0000 
19-JUN-2015 03 48057 2 2 4 58 6 14 02 10 210 20 195 3 0000 4 0000 5 0000 6 000 0 7 00 0 0 8 5 9 5 0 333 10 /// 58 000 6 000 0 7 0000 
19-JUN-2015 03 48060 2 2 3 50 5 00 00 10 276 20 230 3 0000 4 0042 5 0000 6 000 0 7 02 2 2 8 4 8 3 0 333 10 /// 59 014 6 000 0 7 0000 
19-JUN-2015 03 48062 3 2 4 57 7 09 10 10 295 20 270 3 0000 4 0026 5 0000 6 000 0 7 03 2 2 8 4 9 7 0 333 10 /// 59 009 6 000 0 7 0000 
19-JUN-2015 03 48064 3 2 4 58 7 32 01 10 298 20 253 3 0000 4 0026 5 0000 6 000 0 7 00 0 0 8 4 8 7 0 333 10 /// 58 001 6 000 0 7 0000 
19-JUN-2015 03 48065 3 2 4 56 7 21 02 10 300 20 239 3 0000 4 0000 5 0000 6 000 0 7 00 0 0 8 5 5 3 0 333 10 /// 58 000 6 000 0 7 0000 
19-JUN-2015 03 48071 2 1 3 56 8 23 03 10 280 20 268 3 0000 4 0033 5 0000 6 000 0 7 61 6 6 8 6 9 2 / 333 10 /// 59 005 6 000 0 7 0000 
19-JUN-2015 03 48072 2 1 4 59 6 13 05 10 270 20 270 3 0000 4 0000 5 0000 6 000 0 7 01 6 5 8 4 9 3 0 333 10 /// 58 000 6 000 0 7 0000 
19-JUN-2015 03 48074 3 2 4 59 5 14 03 10 283 20 250 3 0000 4 0069 5 0000 6 000 0 7 00 0 0 8 3 8 5 1 333 10 /// 58 000 6 000 0 7 0000 
19-JUN-2015 03 48075 2 1 4 57 7 14 01 10 280 20 230 3 0000 4 0062 5 0000 6 000 0 7 02 5 5 8 4 8 4 1 333 10 /// 58 011 6 000 0 7 0000 
19-JUN-2015 03 48077 2 2 5 59 7 23 01 10 290 20 248 3 0000 4 0045 5 0000 6 000 0 7 00 0 0 8 5 9 3 1 333 10 /// 58 008 6 000 0 7 0000 
19-JUN-2015 03 48078 2 1 5 56 4 18 01 10 292 20 248 3 0000 4 0065 5 0000 6 000 0 7 01 5 5 8 3 5 0 1 333 10 /// 58 002 6 000 0 7 0000 
19-JUN-2015 03 48080 3 2 4 60 6 13 03 10 292 20 248 3 0000 4 0050 5 0000 6 000 0 7 00 0 0 8 4 8 3 6 333 10 /// 58 005 6 000 0 7 0000 
19-JUN-2015 03 48085 2 2 4 58 7 14 05 10 314 20 254 3 0000 4 0041 5 0000 6 000 0 7 00 0 0 8 5 9 7 6 333 10 /// 58 000 6 000 0 7 0000 
19-JUN-2015 03 48087 3 2 5 56 6 23 02 10 300 20 253 3 0000 4 0000 5 0000 6 000 0 7 00 0 0 8 3 3 7 0 333 10 /// 58 000 6 000 0 7 0000 
19-JUN-2015 03 48092 2 2 4 56 6 13 05 10 275 20 253 3 0000 4 0057 5 0000 6 000 0 7 01 6 6 8 2 8 3 6 333 10 /// 58 018 6 000 0 7 0000 
19-JUN-2015 03 48093 2 1 6 57 6 14 01 10 277 20 250 3 0000 4 0000 5 0000 6 000 0 7 50 5 5 8 5 8 0 1 333 10 /// 58 000 6 000 0 7 0000 
19-JUN-2015 03 48094 2 1 4 58 8 22 01 10 265 20 250 3 0000 4 0049 5 0000 6 000 0 7 63 6 5 8 6 7 2 0 333 10 /// 59 004 6 000 0 7 0000 
19-JUN-2015 03 48095 2 2 4 58 7 00 00 10 275 20 256 3 0000 4 0000 5 0000 6 000 0 7 02 2 2 8 3 6 7 0 333 10 /// 58 000 6 000 0 7 0000 
19-JUN-2015 03 48097 2 2 5 57 8 13 01 10 280 20 233 3 0000 4 0079 5 0000 6 000 0 7 02 2 2 8 7 3 / / 333 10 /// 58 002 6 000 0 7 0000 
19-JUN-2015 03 48099 2 2 4 60 7 13 02 10 255 20 255 3 0000 4 0075 5 0000 6 000 0 7 00 0 0 8 5 9 3 0 333 10 /// 58 004 6 000 0 7 0000 
19-JUN-2015 03 48101 2 1 5 57 7 00 00 10 250 20 233 3 0000 4 0000 5 0000 6 000 0 7 02 5 5 8 4 9 7 0 333 10 /// 58 000 6 000 0 7 0000 
19-JUN-2015 03 48103 2 1 4 56 8 14 02 10 268 20 256 3 0000 4 0073 5 0000 6 000 0 7 02 5 5 8 6 7 0 0 333 10 /// 58 007 6 000 0 7 0000 
19-JUN-2015 03 48107 2 2 3 50 4 32 01 10 282 20 250 3 0000 4 0076 5 0000 6 000 0 7 00 0 0 8 4 9 0 0 333 10 /// 59 000 6 000 0 7 0000 
19-JUN-2015 03 48108 2 2 5 95 6 14 02 10 270 20 248 3 0000 4 0083 5 0000 6 000 0 7 00 0 0 8 3 3 6 6 333 10 /// 59 009 6 000 0 7 0000 
19-JUN-2015 03 48109 2 2 3 97 7 23 08 10 295 20 253 3 0000 4 0052 5 0000 6 000 0 7 02 2 2 8 6 9 7 0 333 10 /// 58 000 6 000 0 7 0000 
19-JUN-2015 03 48110 2 2 4 96 8 18 03 10 270 20 248 3 0000 4 0092 5 0000 6 000 0 7 00 0 0 8 5 3 7 7 333 10 /// 58 003 6 000 0 7 0000 
19-JUN-2015 03 48112 2 1 4 96 8 36 01 10 265 20 265 3 0000 4 0092 5 0000 6 000 0 7 21 5 2 8 6 7 7 / 333 10 /// 59 009 6 000 0 7 0000 
