



*-*-*


<!--
.style2 {
	font-family:"Courier New", Courier, monospace;
	font-size: 14px;
}
-->






SIBM20 VBRR 190900

AAXX 19094

48001 21330 83101 10253 20250 40035 76266 8476/ 333

5676/ 59029=

48004 31110 81301 10280 20268 70265 8697/ 333 56559=

48008 21556 61301 10302 20253 40041 83970 333 56330

58004=

48010 22558 70000 10275 20275 40031 83831 333 56669

58002=

48018 32560 63201 10325 20265 40039 70322 83872 333

56559 59007=

48019 32460 42303 10334 20258 40030 84700 333 56500

59010=

48020 31360 63604 10330 20258 71799 86900 333 56400=

48025 21456 72201 10324 20265 40020 70395 84970 333

56550 58004=

48035 31459 72201 10268 20226 40015 71799 85970 333

56790 58031=

48037 32562 51802 10372 20227 40011 84330 333 56440

58005=

48042 32560 60402 10368 20258 40003 84950 333 56640

58000=

48045 32557 70402 10239 20191 87300 333 56200=

48048 32558 71801 10355 20214 40013 85950 333 56490

58008=

48051 32559 51304 10330 20260 70322 84930 333 56490=

48053 32456 61803 10350 20254 40007 84956 333 56599

59003=

48060 32356 52201 10300 20223 40007 70222 85800 333

56500 59003=

48062 32457 71810 10310 20280 40013 70222 85970 333

56490 59005=

48071 21460 62303 10300 20253 40017 72162 84970 333

56490 59008=

48075 32558 72201 10300 20240 40031 85840 333 56590

58031=

48077 21558 82301 10260 20260 40033 70262 85970 333

56490 58013=

48078 21560 41801 10313 20250 40043 70255 83301 333

56409 58012=

48080 21458 80403 10264 20246 40041 75065 85870 333

56490 58010=

48085 21457 81402 10274 20256 40030 75096 86970 333

56390 58003=

48095 21458 80000 10290 20259 75155 84870 333 56990=

48108 21495 80503 10275 20245 40077 72055 84377 333

56199 58013=

48109 NIL=

48110 21496 81303 10295 20250 40083 70255 85377 333

56599 58012=

48112 21496 82202 10250 20250 40084 75055 8677/ 333

5659/ 58010=

48030 21256 80401 10217 20185 75055 8694/ 333 56199=

48072 21460 81312 10295 20267 75065 86870 333 56490=

48087 21458 82302 10260 20246 75065 8597/ 333 5649/=

48099 21456 71302 10305 20239 40052 70355 85930 333

56390 58006=

48101 21457 81402 10292 20274 70322 8597/ 333 5659/=

48103 22456 72203 10309 20237 40051 87800 333 56500

58014=

48057 22458 61403 10268 20191 84906 333 56409=

48094 21458 82201 10270 20270 40030 72166 8597/ 333

56599 58002=

48097 21557 81303 10260 20246 40051 75065 8687/ 333

5699/ 58011=

48031 31/05 91401 10220 20185 74744 89/// 333 56999=

48033 32563 41401 10360 20235 40006 83801 333 56409

59003=

48034 22457 62302 10288 20222 86300 333 56500=

48039 32460 50000 10355 20235 84901 333 56505=

48043 32556 71806 10275 20220 8587/ 333 56599=

48052 32468 42201 10375 20240 84800 333 56900=

48055 32557 61804 10302 20215 40003 84806 333 56409

58018=

48064 32568 60401 10350 20266 40004 84831 333 56449

58008=

48065 32560 52203 10355 20249 85300 333 56900=

48074 32562 31402 10340 20257 40025 82801 333 56409

58011=

48092 32458 81305 10280 20250 40038 70322 84976 333

56999 58027=

48093 21557 82301 10257 20254 75065 8697/ 333 56999=

48107 32350 42302 10270 20256 40065 84900 333 56500

58010=  





