19-MAY-2015 06 48001 3 2 4 40 3 09 01 10 297 20 223 3 0000 4 0044 5 0000 6 000 0 7 00 0 0 8 3 1 0 0 333 10 /// 59 034 6 000 0 7 0000 
19-MAY-2015 06 48004 3 2 5 62 4 22 01 10 325 20 234 3 0000 4 0000 5 0000 6 000 0 7 00 0 0 8 4 9 0 0 333 10 /// 58 000 6 000 0 7 0000 
19-MAY-2015 06 48008 3 2 5 58 2 14 01 10 308 20 237 3 0000 4 0049 5 0000 6 000 0 7 00 0 0 8 2 8 0 0 333 10 /// 59 028 6 000 0 7 0000 
19-MAY-2015 06 48010 3 2 5 60 3 18 01 10 325 20 236 3 0000 4 0054 5 0000 6 000 0 7 00 0 0 8 3 8 0 0 333 10 /// 59 014 6 000 0 7 0000 
19-MAY-2015 06 48018 3 2 5 60 4 14 02 10 305 20 223 3 0000 4 0063 5 0000 6 000 0 7 01 2 2 8 2 8 6 2 333 10 /// 59 002 6 000 0 7 0000 
19-MAY-2015 06 48019 3 2 4 60 3 23 01 10 305 20 223 3 0000 4 0051 5 0000 6 000 0 7 00 0 0 8 1 2 6 0 333 10 /// 59 018 6 000 0 7 0000 
19-MAY-2015 06 48020 3 2 3 58 3 04 02 10 315 20 248 3 0000 4 0000 5 0000 6 000 0 7 00 0 0 8 3 2 0 0 333 10 /// 58 000 6 000 0 7 0000 
19-MAY-2015 06 48025 3 2 4 56 5 14 01 10 317 20 236 3 0000 4 0061 5 0000 6 000 0 7 00 0 0 8 4 3 4 0 333 10 /// 59 009 6 000 0 7 0000 
19-MAY-2015 06 48030 3 2 2 56 7 04 03 10 203 20 168 3 0000 4 0000 5 0000 6 000 0 7 00 0 0 8 6 9 4 0 333 10 /// 58 000 6 000 0 7 0000 
19-MAY-2015 06 48031 2 1 2 58 7 18 01 10 230 20 163 3 0000 4 0000 5 0000 6 000 0 7 05 4 4 8 5 8 4 0 333 10 /// 58 000 6 000 0 7 0000 
19-MAY-2015 06 48033 3 2 5 62 7 11 01 10 260 20 246 3 0000 4 0034 5 0000 6 000 0 7 00 0 0 8 6 9 3 0 333 10 /// 59 003 6 000 0 7 0000 
19-MAY-2015 06 48034 2 1 2 48 8 18 01 10 227 20 214 3 0000 4 0000 5 0000 6 000 0 7 51 6 5 8 6 9 2 / 333 10 /// 58 000 6 000 0 7 0000 
19-MAY-2015 06 48035 3 1 4 60 8 22 03 10 241 20 226 3 0000 4 0044 5 0000 6 000 0 7 02 6 6 8 5 9 7 / 333 10 /// 59 024 6 000 0 7 0000 
19-MAY-2015 06 48037 3 2 5 56 7 23 01 10 280 20 250 3 0000 4 0053 5 0000 6 000 0 7 00 0 0 8 7 8 7 0 333 10 /// 59 000 6 000 0 7 0000 
19-MAY-2015 06 48039 2 1 4 59 7 00 00 10 270 20 256 3 0000 4 0000 5 0000 6 000 0 7 01 6 6 8 4 8 6 0 333 10 /// 58 000 6 000 0 7 0000 
19-MAY-2015 06 48042 2 1 5 57 7 14 02 10 365 20 265 3 0000 4 0054 5 0000 6 000 0 7 01 6 6 8 5 9 5 0 333 10 /// 59 009 6 000 0 7 0000 
19-MAY-2015 06 48043 2 1 5 40 8 18 05 10 210 20 210 3 0000 4 0000 5 0000 6 000 0 7 61 6 6 8 6 7 2 / 333 10 /// 58 000 6 000 0 7 0000 
19-MAY-2015 06 48045 2 1 / 09 9 09 02 10 190 20 190 3 0000 4 0000 5 0000 6 000 0 7 54 6 5 8 0 0 0 0 333 10 /// 58 000 6 000 0 7 0000 
19-MAY-2015 06 48048 3 2 5 58 7 32 01 10 305 20 254 3 0000 4 0059 5 0000 6 000 0 7 00 0 0 8 5 9 5 0 333 10 /// 58 010 6 000 0 7 0000 
19-MAY-2015 06 48051 3 2 5 59 6 36 02 10 300 20 250 3 0000 4 0000 5 0000 6 000 0 7 00 0 0 8 5 9 3 0 333 10 /// 58 000 6 000 0 7 0000 
19-MAY-2015 06 48052 3 1 4 60 8 32 02 10 310 20 254 3 0000 4 0000 5 0000 6 000 0 7 00 0 0 8 5 9 7 0 333 10 /// 58 000 6 000 0 7 0000 
19-MAY-2015 06 48053 2 1 4 50 8 18 02 10 300 20 239 3 0000 4 0057 5 0000 6 000 0 7 50 5 5 8 5 9 7 / 333 10 /// 59 014 6 000 0 7 0000 
19-MAY-2015 06 48055 3 2 4 56 7 22 08 10 285 20 200 3 0000 4 0043 5 0000 6 000 0 7 00 0 0 8 5 9 3 0 333 10 /// 58 004 6 000 0 7 0000 
19-MAY-2015 06 48057 3 2 4 58 6 22 02 10 230 20 181 3 0000 4 0000 5 0000 6 000 0 7 00 0 0 8 5 3 5 0 333 10 /// 58 000 6 000 0 7 0000 
19-MAY-2015 06 48060 3 2 4 50 5 00 00 10 300 20 223 3 0000 4 0036 5 0000 6 000 0 7 01 2 2 8 3 1 3 0 333 10 /// 58 004 6 000 0 7 0000 
19-MAY-2015 06 48062 2 1 3 57 8 09 05 10 263 20 260 3 0000 4 0050 5 0000 6 000 0 7 50 6 5 8 6 9 2 / 333 10 /// 59 024 6 000 0 7 0000 
19-MAY-2015 06 48064 2 2 4 65 8 00 00 10 290 20 259 3 0000 4 0038 5 0000 6 000 0 7 00 0 0 8 4 8 2 0 333 10 /// 58 015 6 000 0 7 0000 
19-MAY-2015 06 48065 3 1 4 65 8 00 00 10 280 20 268 3 0000 4 0000 5 0000 6 000 0 7 51 5 5 8 5 9 7 0 333 10 /// 58 000 6 000 0 7 0000 
19-MAY-2015 06 48071 2 1 3 56 8 13 04 10 250 20 250 3 0000 4 0046 5 0000 6 000 0 7 63 6 6 8 6 9 2 / 333 10 /// 59 036 6 000 0 7 0000 
19-MAY-2015 06 48072 2 1 4 58 8 18 10 10 270 20 256 3 0000 4 0000 5 0000 6 000 0 7 50 6 5 8 6 9 7 0 333 10 /// 58 000 6 000 0 7 0000 
19-MAY-2015 06 48074 3 2 4 58 8 09 03 10 320 20 248 3 0000 4 0074 5 0000 6 000 0 7 00 0 0 8 4 9 7 / 333 10 /// 58 001 6 000 0 7 0000 
19-MAY-2015 06 48075 3 2 4 57 7 14 01 10 270 20 230 3 0000 4 0059 5 0000 6 000 0 7 02 2 2 8 5 3 5 0 333 10 /// 59 016 6 000 0 7 0000 
19-MAY-2015 06 48077 2 1 4 58 8 00 00 10 270 20 256 3 0000 4 0050 5 0000 6 000 0 7 02 6 6 8 5 9 7 0 333 10 /// 59 020 6 000 0 7 0000 
19-MAY-2015 06 48078 2 1 5 57 7 18 01 10 273 20 268 3 0000 4 0077 5 0000 6 000 0 7 20 9 6 8 4 9 7 / 333 10 /// 59 004 6 000 0 7 0000 
19-MAY-2015 06 48080 2 1 4 59 8 04 03 10 360 20 248 3 0000 4 0035 5 0000 6 000 0 7 51 6 5 8 5 9 4 0 333 10 /// 59 028 6 000 0 7 0000 
19-MAY-2015 06 48085 2 1 6 57 8 14 03 10 262 20 260 3 0000 4 0060 5 0000 6 000 0 7 50 6 5 8 6 9 2 0 333 10 /// 58 015 6 000 0 7 0000 
19-MAY-2015 06 48087 2 1 4 56 8 23 03 10 276 20 268 3 0000 4 0000 5 0000 6 000 0 7 21 6 5 8 5 9 7 / 333 10 /// 58 000 6 000 0 7 0000 
19-MAY-2015 06 48092 2 1 5 58 7 23 05 10 315 20 257 3 0000 4 0065 5 0000 6 000 0 7 01 5 5 8 3 3 7 6 333 10 /// 59 000 6 000 0 7 0000 
19-MAY-2015 06 48093 2 1 5 57 8 04 01 10 300 20 253 3 0000 4 0000 5 0000 6 000 0 7 50 6 5 8 6 9 7 / 333 10 /// 58 000 6 000 0 7 0000 
19-MAY-2015 06 48094 2 1 4 58 8 22 03 10 260 20 260 3 0000 4 0073 5 0000 6 000 0 7 60 6 6 8 5 9 7 / 333 10 /// 59 005 6 000 0 7 0000 
19-MAY-2015 06 48095 2 1 4 58 8 22 02 10 270 20 270 3 0000 4 0000 5 0000 6 000 0 7 51 5 5 8 4 9 7 0 333 10 /// 58 000 6 000 0 7 0000 
19-MAY-2015 06 48096 2 1 4 50 8 19 10 10 280 20 268 3 0000 4 0080 5 0000 6 000 0 7 60 2 2 8 5 9 7 / 333 10 /// 59 017 6 000 0 7 0000 
19-MAY-2015 06 48097 2 1 4 57 8 11 02 10 260 20 253 3 0000 4 0090 5 0000 6 000 0 7 60 2 2 8 5 9 7 / 333 10 /// 58 004 6 000 0 7 0000 
19-MAY-2015 06 48099 2 1 4 56 6 13 04 10 310 20 254 3 0000 4 0080 5 0000 6 000 0 7 01 5 5 8 4 9 3 0 333 10 /// 59 016 6 000 0 7 0000 
19-MAY-2015 06 48101 2 1 5 57 8 23 01 10 251 20 251 3 0000 4 0000 5 0000 6 000 0 7 63 6 5 8 5 9 7 / 333 10 /// 58 000 6 000 0 7 0000 
19-MAY-2015 06 48103 3 2 4 56 7 14 01 10 315 20 265 3 0000 4 0080 5 0000 6 000 0 7 00 0 0 8 4 7 7 0 333 10 /// 59 014 6 000 0 7 0000 
19-MAY-2015 06 48107 3 2 3 50 4 23 02 10 330 20 258 3 0000 4 0077 5 0000 6 000 0 7 00 0 0 8 4 9 0 0 333 10 /// 59 023 6 000 0 7 0000 
19-MAY-2015 06 48108 3 2 5 95 7 23 03 10 330 20 258 3 0000 4 0093 5 0000 6 000 0 7 00 0 0 8 4 3 7 6 333 10 /// 59 017 6 000 0 7 0000 
19-MAY-2015 06 48109 2 1 3 96 8 23 01 10 263 20 260 3 0000 4 0087 5 0000 6 000 0 7 51 6 6 8 6 9 7 1 333 10 /// 59 011 6 000 0 7 0000 
19-MAY-2015 06 48110 3 2 5 96 4 13 01 10 340 20 270 3 0000 4 0095 5 0000 6 000 0 7 00 0 0 8 2 3 0 6 333 10 /// 59 012 6 000 0 7 0000 
