191800 48008 32556 20000 10280 20233 40017 81430 333 56450 59044=
191800 48010 32501 30000 10280 20250 40050 81430 333 56760 59020=
191800 48018 32920 02201 10270 20240 40052 333 59027=
191800 48025 32905 03201 10295 20234 40056 333 59046=
191800 48042 21450 70000 10247 20247 40040 70155 84970 333 56550 59022=
191800 48053 21430 81802 10240 20240 40049 75055 8597/ 333 5659/ 59015=
191800 48057 21456 71201 10190 20175 75255 85370 333 56990=
191800 48060 21420 80000 10240 20226 40041 76066 8577/ 333 5659/ 59009=
191800 48071 22420 60000 10253 20253 40043 84970 333 56990 59008=
191800 48078 21440 81801 10258 20246 40065 75096 8692/ 333 56599 59034=
191800 48080 21440 82207 10245 20245 40051 79596 85920 333 56690 59024=
191800 48094 22450 50000 10236 20236 40061 83870 333 56990 59021=
191800 48097 21556 61801 10250 20242 40091 70362 86500 333 56900 59001=
191800 48099 21320 81301 10250 20250 40085 75065 8697/ 333 5699/ 59022=
191800 48103 21210 81402 10260 20246 40078 70266 8572/ 333 5633/ 58009=
191800 48108 21493 82301 10250 20250 40114 75265 8537/ 333 5699/ 58005=
191800 48110 21494 83605 10255 20255 40119 76199 8632/ 333 5699/ 58008=
191800 48112 32597 82201 10285 20271 40096 84876 333 56599 58003=  
