190900 48001 32440 50401 10328 20212 40001 83150 333 56770 59065=
190900 48004 32460 51302 10355 20235 85900 333 56500=
190900 48008 32558 21401 10335 20225 40016 82800 333 56500 59054=
190900 48010 32560 30000 10350 20237 40022 82830 333 56550 59022=
190900 48018 32560 51402 10335 20225 40016 70322 82874 333 56329 59029=
190900 48019 32460 42301 10335 20257 40034 82162 333 56564 59032=
190900 48020 32358 30402 10345 20240 83200 333 56500=
190900 48025 32456 63201 10338 20225 40029 84370 333 56540 59016=
190900 48030 21256 72202 10214 20175 72055 86940 333 56560=
190900 48031 31258 71401 10240 20174 70544 87300 333 56400=
190900 48033 21562 71801 10270 20256 40032 72055 86930 333 56440 59012=
190900 48034 21248 62302 10225 20210 75155 8692/ 333 5659/=
190900 48035 31560 82204 10268 20191 40016 75022 8597/ 333 56799 59019=
190900 48037 32459 73201 10295 20259 40030 84370 333 56550 59012=
190900 48039 21459 73201 10284 20268 70266 85902 333 56505=
190900 48042 22558 71301 10280 20268 40036 85950 333 56540 59009=
190900 48043 22540 81806 10220 20220 8587/ 333 56599=
190900 48045 21/06 91403 10195 20195 75465 333=
190900 48047 22458 81301 10286 20274 72050 8695/ 333 56569=
190900 48048 21558 72701 10300 20253 40036 72165 85950 333 56490 58012=
190900 48051 32559 61301 10315 20270 84830 333 56390=
190900 48052 31460 83202 10312 20254 85970 333 56990=
190900 48053 21430 81801 10260 20260 40041 76166 8597/ 333 5669/ 58008=
190900 48055 32556 52203 10301 20207 40008 83901 333 56609 58011=
190900 48057 32458 62202 10244 20174 84350 333 56590=
190900 48060 32450 62202 10300 20207 40022 70322 84770 333 56590 59038=
190900 48062 21357 80904 10275 20250 40021 72055 8697/ 333 5629/ 59037=
190900 48064 21460 80000 10274 20256 40015 84820 333 56440 59011=
190900 48065 21460 80000 10268 20260 76065 85970 333 56490=
190900 48067 31459 81801 10250 20250 75165 8497/ 333 56499=
190900 48071 21356 81304 10250 20250 40012 76366 8692/ 333 5699/ 59058=
190900 48072 21459 80000 10270 20270 75065 86970 333 56990=
190900 48074 21458 81802 10285 20250 40054 75055 8497/ 333 56449 59006=
190900 48075 21458 82204 10270 20230 40053 70255 85870 333 56560 58016=
190900 48077 22558 82304 10284 20250 40027 85970 333 56490 59019=
190900 48078 21440 81801 10266 20251 40058 75096 8592/ 333 56599 59002=
190900 48080 31458 82215 10254 20250 40004 75165 85920 333 56490 59046=
190900 48085 21357 82202 10250 20248 40043 76365 86920 333 56590 59018=
190900 48087 21456 82302 10262 20246 75055 8597/ 333 5649/=
190900 48092 21457 82305 10280 20250 40046 75022 8537/ 333 5659/ 58010=
190900 48093 21557 82301 10267 20256 75065 8697/ 333 56399=
190900 48094 21458 82201 10255 20250 40056 70366 85970 333 56690 59011=
190900 48095 21458 80000 10270  20270 75055 83970 333 56990=
190900 48096 21456 82110 10260 20260 40067 76166 8597/ 333 5699/ 59002=
190900 48097 21457 82302 10260 20246 40076 75065 8597/ 333 5659/ 58005=
190900 48099 21220 81304 10258 20203 40072 76165 8697/ 333 5699/ 59001=
190900 48101 21456 80000 10262 20262 75165 8597/ 333 5659/=
190900 48103 21430 82202 10261 20246 40074 75065 85720 333 56550 58003=
190900 48107 21340 62702 10278 20250 40076 70166 84970 333 56550 58001=
190900 48108 21494 82304 10290 20259 40083 79595 84977 333 56699 58000=
190900 48110 32596 31302 10355 20272 40080 82306 333 56909 59013=
190900 48112 32597 82201 10315 20267 40084 83876 333 56599 58000=  
