19-MAY-2015 09 48001 3 2 4 40 5 04 01 10 328 20 212 3 0000 4 0001 5 0000 6 000 0 7 00 0 0 8 3 1 5 0 333 10 /// 59 065 6 000 0 7 0000 
19-MAY-2015 09 48004 3 2 4 60 5 13 02 10 355 20 235 3 0000 4 0000 5 0000 6 000 0 7 00 0 0 8 5 9 0 0 333 10 /// 58 000 6 000 0 7 0000 
19-MAY-2015 09 48008 3 2 5 58 2 14 01 10 335 20 225 3 0000 4 0016 5 0000 6 000 0 7 00 0 0 8 2 8 0 0 333 10 /// 59 054 6 000 0 7 0000 
19-MAY-2015 09 48010 3 2 5 60 3 00 00 10 350 20 237 3 0000 4 0022 5 0000 6 000 0 7 00 0 0 8 2 8 3 0 333 10 /// 59 022 6 000 0 7 0000 
19-MAY-2015 09 48018 3 2 5 60 5 14 02 10 335 20 225 3 0000 4 0016 5 0000 6 000 0 7 03 2 2 8 2 8 7 4 333 10 /// 59 029 6 000 0 7 0000 
19-MAY-2015 09 48019 3 2 4 60 4 23 01 10 335 20 257 3 0000 4 0034 5 0000 6 000 0 7 00 0 0 8 2 1 6 2 333 10 /// 59 032 6 000 0 7 0000 
19-MAY-2015 09 48020 3 2 3 58 3 04 02 10 345 20 240 3 0000 4 0000 5 0000 6 000 0 7 00 0 0 8 3 2 0 0 333 10 /// 58 000 6 000 0 7 0000 
19-MAY-2015 09 48025 3 2 4 56 6 32 01 10 338 20 225 3 0000 4 0029 5 0000 6 000 0 7 00 0 0 8 4 3 7 0 333 10 /// 59 016 6 000 0 7 0000 
19-MAY-2015 09 48030 2 1 2 56 7 22 02 10 214 20 175 3 0000 4 0000 5 0000 6 000 0 7 20 5 5 8 6 9 4 0 333 10 /// 58 000 6 000 0 7 0000 
19-MAY-2015 09 48031 3 1 2 58 7 14 01 10 240 20 174 3 0000 4 0000 5 0000 6 000 0 7 05 4 4 8 7 3 0 0 333 10 /// 58 000 6 000 0 7 0000 
19-MAY-2015 09 48033 2 1 5 62 7 18 01 10 270 20 256 3 0000 4 0032 5 0000 6 000 0 7 20 5 5 8 6 9 3 0 333 10 /// 59 012 6 000 0 7 0000 
19-MAY-2015 09 48034 2 1 2 48 6 23 02 10 225 20 210 3 0000 4 0000 5 0000 6 000 0 7 51 5 5 8 6 9 2 / 333 10 /// 58 000 6 000 0 7 0000 
19-MAY-2015 09 48035 3 1 5 60 8 22 04 10 268 20 191 3 0000 4 0016 5 0000 6 000 0 7 50 2 2 8 5 9 7 / 333 10 /// 59 019 6 000 0 7 0000 
19-MAY-2015 09 48037 3 2 4 59 7 32 01 10 295 20 259 3 0000 4 0030 5 0000 6 000 0 7 00 0 0 8 4 3 7 0 333 10 /// 59 012 6 000 0 7 0000 
19-MAY-2015 09 48039 2 1 4 59 7 32 01 10 284 20 268 3 0000 4 0000 5 0000 6 000 0 7 02 6 6 8 5 9 0 2 333 10 /// 58 000 6 000 0 7 0000 
19-MAY-2015 09 48042 2 2 5 58 7 13 01 10 280 20 268 3 0000 4 0036 5 0000 6 000 0 7 00 0 0 8 5 9 5 0 333 10 /// 59 009 6 000 0 7 0000 
19-MAY-2015 09 48043 2 2 5 40 8 18 06 10 220 20 220 3 0000 4 0000 5 0000 6 000 0 7 00 0 0 8 5 8 7 / 333 10 /// 58 000 6 000 0 7 0000 
19-MAY-2015 09 48045 2 1 / 06 9 14 03 10 195 20 195 3 0000 4 0000 5 0000 6 000 0 7 54 6 5 8 0 0 0 0 333 10 /// 58 000 6 000 0 7 0000 
19-MAY-2015 09 48047 2 2 4 58 8 13 01 10 286 20 274 3 0000 4 0000 5 0000 6 000 0 7 20 5 0 8 6 9 5 / 333 10 /// 58 000 6 000 0 7 0000 
19-MAY-2015 09 48048 2 1 5 58 7 27 01 10 300 20 253 3 0000 4 0036 5 0000 6 000 0 7 21 6 5 8 5 9 5 0 333 10 /// 58 012 6 000 0 7 0000 
19-MAY-2015 09 48051 3 2 5 59 6 13 01 10 315 20 270 3 0000 4 0000 5 0000 6 000 0 7 00 0 0 8 4 8 3 0 333 10 /// 58 000 6 000 0 7 0000 
19-MAY-2015 09 48052 3 1 4 60 8 32 02 10 312 20 254 3 0000 4 0000 5 0000 6 000 0 7 00 0 0 8 5 9 7 0 333 10 /// 58 000 6 000 0 7 0000 
19-MAY-2015 09 48053 2 1 4 30 8 18 01 10 260 20 260 3 0000 4 0041 5 0000 6 000 0 7 61 6 6 8 5 9 7 / 333 10 /// 58 008 6 000 0 7 0000 
19-MAY-2015 09 48055 3 2 5 56 5 22 03 10 301 20 207 3 0000 4 0008 5 0000 6 000 0 7 00 0 0 8 3 9 0 1 333 10 /// 58 011 6 000 0 7 0000 
19-MAY-2015 09 48057 3 2 4 58 6 22 02 10 244 20 174 3 0000 4 0000 5 0000 6 000 0 7 00 0 0 8 4 3 5 0 333 10 /// 58 000 6 000 0 7 0000 
19-MAY-2015 09 48060 3 2 4 50 6 22 02 10 300 20 207 3 0000 4 0022 5 0000 6 000 0 7 03 2 2 8 4 7 7 0 333 10 /// 59 038 6 000 0 7 0000 
19-MAY-2015 09 48062 2 1 3 57 8 09 04 10 275 20 250 3 0000 4 0021 5 0000 6 000 0 7 20 5 5 8 6 9 7 / 333 10 /// 59 037 6 000 0 7 0000 
19-MAY-2015 09 48064 2 1 4 60 8 00 00 10 274 20 256 3 0000 4 0015 5 0000 6 000 0 7 00 0 0 8 4 8 2 0 333 10 /// 59 011 6 000 0 7 0000 
19-MAY-2015 09 48065 2 1 4 60 8 00 00 10 268 20 260 3 0000 4 0000 5 0000 6 000 0 7 60 6 5 8 5 9 7 0 333 10 /// 58 000 6 000 0 7 0000 
19-MAY-2015 09 48067 3 1 4 59 8 18 01 10 250 20 250 3 0000 4 0000 5 0000 6 000 0 7 51 6 5 8 4 9 7 / 333 10 /// 58 000 6 000 0 7 0000 
19-MAY-2015 09 48071 2 1 3 56 8 13 04 10 250 20 250 3 0000 4 0012 5 0000 6 000 0 7 63 6 6 8 6 9 2 / 333 10 /// 59 058 6 000 0 7 0000 
19-MAY-2015 09 48072 2 1 4 59 8 00 00 10 270 20 270 3 0000 4 0000 5 0000 6 000 0 7 50 6 5 8 6 9 7 0 333 10 /// 58 000 6 000 0 7 0000 
19-MAY-2015 09 48074 2 1 4 58 8 18 02 10 285 20 250 3 0000 4 0054 5 0000 6 000 0 7 50 5 5 8 4 9 7 / 333 10 /// 59 006 6 000 0 7 0000 
19-MAY-2015 09 48075 2 1 4 58 8 22 04 10 270 20 230 3 0000 4 0053 5 0000 6 000 0 7 02 5 5 8 5 8 7 0 333 10 /// 58 016 6 000 0 7 0000 
19-MAY-2015 09 48077 2 2 5 58 8 23 04 10 284 20 250 3 0000 4 0027 5 0000 6 000 0 7 00 0 0 8 5 9 7 0 333 10 /// 59 019 6 000 0 7 0000 
19-MAY-2015 09 48078 2 1 4 40 8 18 01 10 266 20 251 3 0000 4 0058 5 0000 6 000 0 7 50 9 6 8 5 9 2 / 333 10 /// 59 002 6 000 0 7 0000 
19-MAY-2015 09 48080 3 1 4 58 8 22 15 10 254 20 250 3 0000 4 0004 5 0000 6 000 0 7 51 6 5 8 5 9 2 0 333 10 /// 59 046 6 000 0 7 0000 
19-MAY-2015 09 48085 2 1 3 57 8 22 02 10 250 20 248 3 0000 4 0043 5 0000 6 000 0 7 63 6 5 8 6 9 2 0 333 10 /// 59 018 6 000 0 7 0000 
19-MAY-2015 09 48087 2 1 4 56 8 23 02 10 262 20 246 3 0000 4 0000 5 0000 6 000 0 7 50 5 5 8 5 9 7 / 333 10 /// 58 000 6 000 0 7 0000 
19-MAY-2015 09 48092 2 1 4 57 8 23 05 10 280 20 250 3 0000 4 0046 5 0000 6 000 0 7 50 2 2 8 5 3 7 / 333 10 /// 58 010 6 000 0 7 0000 
19-MAY-2015 09 48093 2 1 5 57 8 23 01 10 267 20 256 3 0000 4 0000 5 0000 6 000 0 7 50 6 5 8 6 9 7 / 333 10 /// 58 000 6 000 0 7 0000 
19-MAY-2015 09 48094 2 1 4 58 8 22 01 10 255 20 250 3 0000 4 0056 5 0000 6 000 0 7 03 6 6 8 5 9 7 0 333 10 /// 59 011 6 000 0 7 0000 
19-MAY-2015 09 48095 2 1 4 58 8 00 00 10 270 20 000 3 0000 4 0000 5 0000 6 000 0 7 00 0 0 8 0 0 0 0 333 10 /// 58 000 6 000 0 7 0000 
19-MAY-2015 09 48096 2 1 4 56 8 21 10 10 260 20 260 3 0000 4 0067 5 0000 6 000 0 7 61 6 6 8 5 9 7 / 333 10 /// 59 002 6 000 0 7 0000 
19-MAY-2015 09 48097 2 1 4 57 8 23 02 10 260 20 246 3 0000 4 0076 5 0000 6 000 0 7 50 6 5 8 5 9 7 / 333 10 /// 58 005 6 000 0 7 0000 
19-MAY-2015 09 48099 2 1 2 20 8 13 04 10 258 20 203 3 0000 4 0072 5 0000 6 000 0 7 61 6 5 8 6 9 7 / 333 10 /// 59 001 6 000 0 7 0000 
19-MAY-2015 09 48101 2 1 4 56 8 00 00 10 262 20 262 3 0000 4 0000 5 0000 6 000 0 7 51 6 5 8 5 9 7 / 333 10 /// 58 000 6 000 0 7 0000 
19-MAY-2015 09 48103 2 1 4 30 8 22 02 10 261 20 246 3 0000 4 0074 5 0000 6 000 0 7 50 6 5 8 5 7 2 0 333 10 /// 58 003 6 000 0 7 0000 
19-MAY-2015 09 48107 2 1 3 40 6 27 02 10 278 20 250 3 0000 4 0076 5 0000 6 000 0 7 01 6 6 8 4 9 7 0 333 10 /// 58 001 6 000 0 7 0000 
19-MAY-2015 09 48108 2 1 4 94 8 23 04 10 290 20 259 3 0000 4 0083 5 0000 6 000 0 7 95 9 5 8 4 9 7 7 333 10 /// 58 000 6 000 0 7 0000 
19-MAY-2015 09 48110 3 2 5 96 3 13 02 10 355 20 272 3 0000 4 0080 5 0000 6 000 0 7 00 0 0 8 2 3 0 6 333 10 /// 59 013 6 000 0 7 0000 
19-MAY-2015 09 48112 3 2 5 97 8 22 01 10 315 20 267 3 0000 4 0084 5 0000 6 000 0 7 00 0 0 8 3 8 7 6 333 10 /// 58 000 6 000 0 7 0000 
