19-MAY-2015 12 48004 3 2 5 60 4 22 01 10 338 20 225 3 0000 4 0000 5 0000 6 000 0 7 00 0 0 8 4 9 0 0 333 10 360 58 000 6 000 0 7 0000 
19-MAY-2015 12 48008 3 2 5 57 1 04 01 10 328 20 224 3 0000 4 0004 5 0000 6 000 0 7 00 0 0 8 1 4 0 0 333 10 340 59 037 6 000 0 7 0000 
19-MAY-2015 12 48010 3 2 5 56 4 00 00 10 335 20 288 3 0000 4 0002 5 0000 6 000 0 7 00 0 0 8 2 8 3 0 333 10 360 59 032 6 000 0 7 0000 
19-MAY-2015 12 48018 3 2 5 56 5 22 01 10 325 20 234 3 0000 4 9995 5 0000 6 000 0 7 00 0 0 8 2 8 7 4 333 10 340 59 042 6 000 0 7 0000 
19-MAY-2015 12 48019 3 2 4 56 3 23 01 10 335 20 234 3 0000 4 0008 5 0000 6 000 0 7 00 0 0 8 0 0 4 0 333 10 345 59 033 6 000 0 7 0000 
19-MAY-2015 12 48020 3 2 3 50 4 04 02 10 340 20 240 3 0000 4 0000 5 0000 6 000 0 7 00 0 0 8 3 2 0 0 333 10 350 58 000 6 000 0 7 0000 
19-MAY-2015 12 48025 3 2 4 56 5 14 02 10 330 20 234 3 0000 4 0010 5 0000 6 000 0 7 00 0 0 8 3 3 4 1 333 10 341 59 038 6 000 0 7 0000 
19-MAY-2015 12 48031 3 1 2 58 5 14 01 10 220 20 185 3 0000 4 0000 5 0000 6 000 0 7 05 4 4 8 3 8 4 0 333 10 250 58 000 6 000 0 7 0000 
19-MAY-2015 12 48033 2 2 5 60 6 18 01 10 270 20 240 3 0000 4 0022 5 0000 6 000 0 7 00 0 0 8 6 9 0 0 333 10 280 59 026 6 002 2 7 0000 
19-MAY-2015 12 48035 2 2 5 56 8 22 02 10 261 20 215 3 0000 4 0014 5 0000 6 000 0 7 00 0 0 8 5 9 7 / 333 10 278 59 022 6 023 2 7 0000 
19-MAY-2015 12 48037 2 1 4 56 7 18 01 10 265 20 253 3 0000 4 0028 5 0000 6 000 0 7 50 6 5 8 4 8 7 0 333 10 297 59 008 6 009 2 7 0000 
19-MAY-2015 12 48042 2 1 5 56 8 00 00 10 255 20 255 3 0000 4 0032 5 0000 6 000 0 7 50 6 6 8 5 9 7 / 333 10 288 59 007 6 059 2 7 0000 
19-MAY-2015 12 48048 2 2 5 50 7 18 01 10 284 20 233 3 0000 4 0027 5 0000 6 000 0 7 00 0 0 8 5 9 5 0 333 10 310 58 005 6 001 2 7 0000 
19-MAY-2015 12 48051 3 2 5 58 5 13 02 10 303 20 250 3 0000 4 0000 5 0000 6 000 0 7 50 2 2 8 4 9 3 0 333 10 322 58 000 6 000 0 7 0000 
19-MAY-2015 12 48053 2 1 4 30 8 36 01 10 250 20 250 3 0000 4 0032 5 0000 6 000 0 7 51 3 5 8 5 9 7 / 333 10 300 59 003 6 006 2 7 0000 
19-MAY-2015 12 48055 2 1 4 56 8 23 05 10 227 20 219 3 0000 4 0035 5 0000 6 000 0 7 50 6 5 8 5 9 7 / 333 10 306 58 001 6 002 2 7 0000 
19-MAY-2015 12 48060 3 2 4 40 6 00 00 10 290 20 196 3 0000 4 0020 5 0000 6 000 0 7 00 0 0 8 4 8 3 0 333 10 322 59 010 6 000 0 7 0000 
19-MAY-2015 12 48064 2 1 4 50 8 14 01 10 268 20 256 3 0000 4 9999 5 0000 6 000 0 7 00 0 0 8 4 8 3 0 333 10 325 59 016 6 010 2 7 0000 
19-MAY-2015 12 48071 2 2 3 56 8 05 01 10 253 20 253 3 0000 4 0007 5 0000 6 000 0 7 00 0 0 8 6 9 2 / 333 10 260 59 044 6 056 2 7 0000 
19-MAY-2015 12 48074 2 1 3 56 8 23 02 10 265 20 246 3 0000 4 0050 5 0000 6 000 0 7 62 6 6 8 4 9 7 / 333 10 325 58 010 6 008 2 7 0000 
19-MAY-2015 12 48075 2 1 4 56 8 14 01 10 240 20 230 3 0000 4 0049 5 0000 6 000 0 7 50 5 5 8 6 7 7 / 333 10 295 58 005 6 001 2 7 0000 
19-MAY-2015 12 48077 2 1 4 56 8 23 02 10 250 20 250 3 0000 4 0019 5 0000 6 000 0 7 61 6 6 8 5 9 7 0 333 10 290 59 024 6 008 2 7 0000 
19-MAY-2015 12 48078 2 1 4 40 8 14 04 10 254 20 252 3 0000 4 0050 5 0000 6 000 0 7 50 9 6 8 5 9 2 / 333 10 285 59 017 6 005 2 7 0000 
19-MAY-2015 12 48085 2 1 3 56 8 18 06 10 250 20 248 3 0000 4 0041 5 0000 6 000 0 7 61 6 5 8 6 9 2 0 333 10 285 59 019 6 045 2 7 0000 
19-MAY-2015 12 48092 2 1 4 56 8 23 06 10 270 20 256 3 0000 4 0044 5 0000 6 000 0 7 50 2 2 8 8 9 / / 333 10 315 59 005 6 990 2 7 0000 
19-MAY-2015 12 48094 2 1 4 56 8 22 02 10 245 20 230 3 0000 4 0060 5 0000 6 000 0 7 60 6 6 8 6 9 2 0 333 10 272 59 005 6 067 2 7 0000 
19-MAY-2015 12 48096 2 1 4 56 8 20 08 10 260 20 260 3 0000 4 0067 5 0000 6 000 0 7 50 6 6 8 5 9 7 / 333 10 315 59 008 6 001 2 7 0000 
19-MAY-2015 12 48097 2 1 4 57 8 23 03 10 255 20 248 3 0000 4 0070 5 0000 6 000 0 7 50 6 5 8 5 9 7 / 333 10 326 58 001 6 005 2 7 0000 
19-MAY-2015 12 48099 2 1 3 30 8 13 02 10 256 20 246 3 0000 4 0074 5 0000 6 000 0 7 61 4 4 8 6 9 7 / 333 10 325 58 013 6 008 2 7 0000 
19-MAY-2015 12 48103 2 1 3 20 8 22 01 10 265 20 246 3 0000 4 0078 5 0000 6 000 0 7 50 6 5 8 5 7 2 0 333 10 330 58 014 6 011 2 7 0000 
19-MAY-2015 12 48107 2 1 3 30 8 00 00 10 254 20 254 3 0000 4 0076 5 0000 6 000 0 7 01 6 6 8 5 9 7 0 333 10 333 58 003 6 015 2 7 0000 
19-MAY-2015 12 48108 2 1 4 94 8 23 01 10 260 20 246 3 0000 4 0095 5 0000 6 000 0 7 50 9 6 8 5 9 7 / 333 10 325 58 017 6 009 2 7 0000 
19-MAY-2015 12 48109 2 1 3 96 8 23 02 10 250 20 250 3 0000 4 0077 5 0000 6 000 0 7 51 6 6 8 6 9 7 / 333 10 310 58 003 6 043 2 7 0000 
19-MAY-2015 12 48110 3 2 5 96 7 32 02 10 320 20 265 3 0000 4 0083 5 0000 6 000 0 7 00 0 0 8 4 3 0 6 333 10 360 59 000 6 000 0 7 0000 
19-MAY-2015 12 48112 3 2 5 97 8 22 01 10 302 20 253 3 0000 4 0084 5 0000 6 000 0 7 00 0 0 8 3 8 7 6 333 10 340 58 002 6 000 0 7 0000 
