191200 48004 32560 30000 10290 20196 83800 333 10330 56500=
191200 48008 31550 32301 10312 20146 40076 70544 82430 333 10345 56450 58005=
191200 48010 32040 00000 10340 20225 40074 70544 333 10368 58012=
191200 48018 31557 43201 10325 20163 40076 71044 83810 333 10370 56550 58020=
191200 48019 32950 00000 10315 20254 40071 333 10356 58007=
191200 48020 31956 00000 10340 20184 70500 333 10380=
191200 48025 31440 43602 10352 20143 40113 70544 81541 333 10375 56599 58041=
191200 48030 31250 32205 10213 20019 70544 80056 333 10245 56069=
191200 48031 31257 60401 10218 20065 70522 84870 333 10264 56890=
191200 48033 32962 40000 10350 20237 40066 80006 333 10380 56006 58011=
191200 48034 32456 30000 10250 20068 83500 333 10310 56500=
191200 48035 31540 43203 10281 20098 40063 70411 83830 333 10323 56590 58017=
191200 48037 31650 30000 10365 20214 40057 70544 80001 333 10390 56006 58008=
191200 48039 32456 40000 10335 20266 82402 333 10374 56505=
191200 48042 32558 30000 10357 20214 40065 81152 333 10388 56999 58006=
191200 48043 32030 03202 10265 20133 333 10305=
191200 48045 32558 41803 10272 20022 82806 333 10310 56509=
191200 48048 32550 20401 10352 20219 40060 82800 333 10395 56900 58006=
191200 48051 32958 23102 10340 20120 70211 80006 333 10390 56009 60002=
191200 48052 32958 00000 10385 20213 333 10418=
191200 48053 31950 03601 10360 20195 40059 70511 333 10395 59008=
191200 48055 31556 10000 10303 20098 40042 70511 81500 333 10349 56500 58004=
191200 48057 32950 01401 10264 20119 333 10305=
191200 48060 32920 00000 10285 20133 40072 333 10350 58019=
191200 48062 31450 23206 10315 20250 40087 70500 82500 333 10355 56900 58008=
191200 48064 32950 02201 10360 20235 40043 333 10408 58001=
191200 48065 32950 03206 10370 20171 333 10415=
191200 48071 32956 02703 10300 20267 40086 333 10330 58008 60002=
191200 48072 32956 03204 10290 20259 333 10350=
191200 48074 31956 00000 10354 20239 40061 70544 333 10391 59008=
191200 48075 31456 22201 10300 20150 40072 70511 82500 333 10355 56500 58009 60002=
191200 48077 31556 30000 10350 20202 40059 82830 333 10410 56990 58012=
191200 48078 32956 10000 10357 20227 40064 80001 333 10390 56009 59001=
191200 48080 31957 02701 10320 20265 40084 70500 333 10370 58010=
191200 48085 32456 12702 10290 20259 40088 81100 333 10323 56700 58012 60002=
191200 48087 32940 00000 10310 20237 333 10384=
191200 48092 31550 12201 10350 20240 40050 70511 81500 333 10382 56900 59004=
191200 48093 32950 02301 10329 20212 333 10370=
191200 48094 32956 03201 10310 20250 40083 333 10395 58007=
191200 48095 32956 00401 10340 20207 333 10365 60002=
191200 48096 31956 22403 10340 20257 40079 70222 80020 333 10375 56090 58011=
191200 48097 32556 42302 10320 20256 40091 84400 333 10382 56900 59033=
191200 48099 32440 22304 10330 20258 40076 82500 333 10378 56900 59001=
191200 48101 32956 00000 10298 20253 333 10352 60002=
191200 48103 32940 02202 10310 20254 40076 333 10367 59004=
191200 48107 32940 00000 10294 20230 40084 333 10350 59001=
191200 48108 32596 50000 10309 20254 40087 83806 333 10362 56909 59005=
191200 48110 31596 40000 10300 20253 40089 70522 81306 333 10335 56909 58002=
191200 48112 32597 83202 10300 20239 40092 70322 83876 333 10347 56799 58002=  
