190600 48001 32556 13601 10220 20185 40167 81100 333 56800 59003=
190600 48004 32562 51302 10244 20174 85900 333 56500=
190600 48008 32558 12301 10270 20172 40162 81100 333 56400 59001=
190600 48010 32560 31801 10275 20220 40168 83800 333 56500 58006=
190600 48018 32960 03202 10285 20158 40168 333 58003=
190600 48019 32960 02302 10285 20184 40161 333 58004=
190600 48020 32358 53602 10260 20215 85200 333 56400=
190600 48025 32340 60401 10265 20203 40181 85840 333 56790 58009=
190600 48035 32560 60401 10247 20167 40145 84960 333 56790 58005=
190600 48037 32560 73601 10283 20184 40157 83130 333 56550 58007=
190600 48042 32557 70000 10270 20211 40151 84850 333 56880 58012=
190600 48048 32558 83601 10260 20203 40162 8697/ 333 5689/ 58008=
190600 48051 32558 52702 10284 20220 70322 84830 333 56990 48057 NIL=
190600 48053 32450 73604 10260 20203 40152 85550 333 56990 58012=
190600 48060 32450 63201 10248 20167 40151 84132 333 56566 58016=
190600 48062 32456 70402 10285 20240 40135 85970 333 56990 58001=
190600 48071 32458 73203 10297 20223 40131 85970 333 56790 58003=
190600 48075 32457 41402 10270 20191 40131 70122 83801 333 56509 58007=
190600 48077 32559 70401 10280 20203 40137 85931 333 56999 58015=
190600 48078 32557 63204 10315 20230 40120 82232 333 56669 59007=
190600 48080 32461 53201 10332 20234 40124 83830 333 56490 58004=
190600 48085 32958 12703 10366 20240 40117 80001 333 56009 58000 48087 32960 00402 10317 20236 333=
190600 48095 32960 00402 10332 20239 333=
190600 48108 32596 61407 10340 20264 40106 84306 333 56309 59011=
190600 48110 31596 32302 10340 20257 40108 70511 82305 333 56209 59000=
190600 48112 32597 80403 10265 20254 40108 70222 84876 333 56199 59001=
190600 48030 31360 30401 10184 20129 70144 83800 333 56100=
190600 48072 32460 80000 10305 20237 70322 86830 333 56690=
190600 48099 32557 22701 10346 20240 40105 82300 333 56900 59005=
190600 48101 32760 13602 10320 20236 70311 80030 333 56090=
190600 48103 32457 30404 10340 20225 40106 82830 333 56110 59004=
190600 48057 32457 81401 10200 20168 85340 333 56690=
190600 48094 32565 20403 10325 20215 40125 70211 81101 333 56909 58006=
190600 48097 32557 33603 10315 20230 40127 70211 83800 333 56900 58000=
190600 48031 31/07 92201 10175 20147 74744 89/// 333 56999=
190600 48033 32563 33601 10290 20215 40138 83800 333 56900 59003=
190600 48034 32456 50402 10240 20145 85300 333 56500=
190600 48039 32460 72301 10270 20211 84850 333 56550=
190600 48043 32556 50505 10220 20173 83230 333 56990 48045 22556 71403 10190 20159 70165 85870 333 56340=
190600 48052 32456 73601 10274 20211 85930 333 56990=
190600 48055 32556 73603 10231 20172 40142 85970 333 56550 58020=
190600 48064 32456 81401 10265 20211 40134 84870 333 56440 59004=
190600 48065 32457 80302 10268 20191 85870 333 56440=
190600 48074 32458 60402 10300 20207 40131 83570 333 56790 58004=
190600 48092 32557 20501 10320 20236 40103 81430 333 56990 58003=
190600 48093 32658 40401 10312 20254 70322 84800 333 56300=
190600 48107 32350 51301 10330 20244 40107 85900 333 56200 58004=
190600 48096 32559 23604 10310 20237 40124 82100 333 56900 58003=  
