48001 32420 30000 10265 20246 40092 82850 333 10305 56550 59019 60002=
48004 32560 20000 10283 20147 82800 333 10330 56900 60002=
48008 32556 10000 10280 20250 40090 81100 333 10330 56900 59017 60002=
48010 32540 10000 10290 20248 40087 81400 333 10326 56900 59018 60002=
48018 31956 00000 10295 20230 40102 70544 333 10335 59010 60002=
48019 32950 00000 10297 20239 40087 333 10342 59011 60002=
48020 32440 10000 10280 20250 81400 333 10330 56900 60002=
48025 32458 32701 10300 20239 40091 83800 333 10325 56900 59017 60002=
48035 32510 10000 10252 20205 40081 81100 333 10313 56900 59015 60002=
48037 32958 00000 10327 20267 40084 333 10309 59010 60002=
48042 32557 10000 10307 20254 40076 81400 333 10337 56900 59018 60002=
48045 32450 42203 10208 20175 83830 333 10262 56560 60002=
48048 32550 20401 10306 20237 40088 82800 333 10350 56900 59007 60002=
48051 NIL=
48053 32956 00000 10310 20237 40089 333 10335 59013 60002=
48060 32320 20000 10262 20160 40067 82100 333 10324 56800 59017 60002=
48062 32450 32701 10300 20270 40094 70222 83500 333 10330 56900 59005 60002=
48071 32956 03202 10298 20253 40091 333 10323 59013=
48075 22456 30000 10242 20209 40098 83800 333 10305 56500 59002 69902=
48077 32556 62302 10300 20253 40078 85901 333 10346 56909 59015 60002=
48078 32558 20000 10300 20253 40086 82201 333 10335 56909 59007=
48080 32557 20000 10300 20253 40102 82300 333 10338 56900 59001=
48085 32456 20402 10290 20259 40090 81806 333 10320 56909 59009 60002=
48095 32456 30000 10290 20259 83800 333 10335 56900 60002=
48108 32595 53202 10290 20259 40093 83806 333 10343 56709 59018 60002=
48109 32496 20000 10306 20267 40103 70122 82800 333 10337 56900 58001 60002=
48110 32595 73205 10295 20256 40098 82906 333 10325 56909 59012=
48112 32597 82703 10294 20259 40099 70222 84876 333 10330 56699 59005 60002=
48030 21256 80401 10200 20185 75055 8794/ 333 10225 56189 69902=
48072 NIL=
48087 32450 70000 10298 20266 70322 8437/ 333 10346 5699/=
48099 NIL=
48101 22456 40000 10288 20274 70122 82305 333 10337 56909 60022=
48103 32430 32201 10292 20259 40093 83900 333 10334 56500 59001 60002=
48057 32450 30000 10218 20173 82801 333 10265 56909 60002=
48094 32456 40000 10305 20275 40093 70311 83940 333 10356 56990 59006=
48097 21556 71301 10260 20260 40104 70266 83506 333 10330 56909 59011 60962=
48031 32259 40000 10195 20168 82840 333 10250 56990 60002=
48033 32959 00000 10300 20266 40076 333 10330 59010 60002=
48034 22456 20401 10229 20181 82800 333 10295 56500 69902=
48039 32459 20000 10299 20266 81102 333 10337 56707 60002=
48043 32020 00000 10220 20205 333 10275 60002=
48052 32450 20000 10335 20300 82200 333 10372 56900 60002=
48055 21450 70902 10233 20222 40095 75055 85970 333 10300 56660 59004 60012=
48064 32950 10901 10290 20259 40071 80001 333 10350 56009 59008 60002=
48065 32550 20000 10295 20263 81830 333 10350 56990 60002=
48074 32557 10000 10290 20259 40083 81500 333 10345 56900 59014 60002=
48092 NIL=
48093 32540 52301 10288 20259 83841 333 10342 56399=
48107 22330 40000 10280 20250 40091 84900 333 10323 56500 59008 60122=
48096 22456 51703 10280 20250 40092 83931 333 10325 56999 59010=  