19-SEP-2015 06 48001 2 1 4 50 7 00 00 10 253 20 233 3 0000 4 0118 5 0000 6 000 0 7 15 5 5 8 5 7 7 / 333 10 /// 58 040 6 000 0 7 0000 
19-SEP-2015 06 48004 2 2 3 56 7 13 01 10 283 20 250 3 0000 4 0000 5 0000 6 000 0 7 00 0 0 8 7 9 0 0 333 10 /// 58 000 6 000 0 7 0000 
19-SEP-2015 06 48008 2 1 4 50 8 00 00 10 260 20 246 3 0000 4 0117 5 0000 6 000 0 7 61 6 6 8 4 9 7 / 333 10 /// 58 050 6 000 0 7 0000 
19-SEP-2015 06 48010 2 1 4 40 8 00 00 10 260 20 260 3 0000 4 0100 5 0000 6 000 0 7 60 6 6 8 8 7 / / 333 10 /// 58 029 6 000 0 7 0000 
19-SEP-2015 06 48018 2 1 5 56 8 00 00 10 265 20 246 3 0000 4 0107 5 0000 6 000 0 7 21 6 6 8 4 9 7 / 333 10 /// 58 037 6 000 0 7 0000 
19-SEP-2015 06 48019 2 1 4 56 8 00 00 10 235 20 230 3 0000 4 0115 5 0000 6 000 0 7 53 6 6 8 5 7 7 / 333 10 /// 58 048 6 000 0 7 0000 
19-SEP-2015 06 48020 2 1 3 56 8 04 02 10 270 20 263 3 0000 4 0000 5 0000 6 000 0 7 50 5 5 8 5 7 1 / 333 10 /// 58 000 6 000 0 7 0000 
19-SEP-2015 06 48025 2 1 1 20 8 00 00 10 252 20 252 3 0000 4 0098 5 0000 6 000 0 7 50 6 5 8 5 7 2 / 333 10 /// 58 020 6 000 0 7 0000 
19-SEP-2015 06 48030 2 1 / 05 9 04 01 10 180 20 180 3 0000 4 0000 5 0000 6 000 0 7 63 6 4 8 9 / / / 333 10 /// 58 000 6 000 0 7 0000 
19-SEP-2015 06 48031 2 1 / 03 9 14 01 10 180 20 180 3 0000 4 0000 5 0000 6 000 0 7 62 6 4 8 9 / / / 333 10 /// 58 000 6 000 0 7 0000 
19-SEP-2015 06 48033 2 2 5 61 7 14 01 10 270 20 240 3 0000 4 0103 5 0000 6 000 0 7 00 0 0 8 6 9 3 0 333 10 /// 58 054 6 000 0 7 0000 
19-SEP-2015 06 48034 2 1 3 56 8 23 02 10 210 20 200 3 0000 4 0000 5 0000 6 000 0 7 50 5 5 8 6 9 2 / 333 10 /// 58 000 6 000 0 7 0000 
19-SEP-2015 06 48035 3 2 5 60 8 18 03 10 267 20 211 3 0000 4 0091 5 0000 6 000 0 7 00 0 0 8 5 9 7 / 333 10 /// 58 023 6 000 0 7 0000 
19-SEP-2015 06 48037 3 2 5 60 8 18 02 10 279 20 250 3 0000 4 0092 5 0000 6 000 0 7 00 0 0 8 5 8 7 / 333 10 /// 58 045 6 000 0 7 0000 
19-SEP-2015 06 48039 2 1 4 60 8 22 01 10 299 20 239 3 0000 4 0000 5 0000 6 000 0 7 02 5 5 8 8 7 / / 333 10 /// 58 000 6 000 0 7 0000 
19-SEP-2015 06 48042 3 2 5 58 8 22 04 10 310 20 225 3 0000 4 0097 5 0000 6 000 0 7 00 0 0 8 5 9 7 / 333 10 /// 58 046 6 000 0 7 0000 
19-SEP-2015 06 48043 3 2 5 56 8 18 08 10 240 20 209 3 0000 4 0000 5 0000 6 000 0 7 00 0 0 8 5 8 7 / 333 10 /// 58 000 6 000 0 7 0000 
19-SEP-2015 06 48045 2 1 0 05 9 14 04 10 202 20 202 3 0000 4 0000 5 0000 6 000 0 7 52 6 4 8 9 / / / 333 10 /// 58 000 6 000 0 7 0000 
19-SEP-2015 06 48048 2 1 5 60 7 18 02 10 290 20 248 3 0000 4 0095 5 0000 6 000 0 7 20 5 5 8 5 9 5 0 333 10 /// 58 035 6 000 0 7 0000 
19-SEP-2015 06 48051 2 1 4 58 8 13 03 10 260 20 250 3 0000 4 0000 5 0000 6 000 0 7 60 6 6 8 6 9 7 0 333 10 /// 58 000 6 000 0 7 0000 
19-SEP-2015 06 48052 3 2 4 65 7 13 03 10 294 20 248 3 0000 4 0000 5 0000 6 000 0 7 00 0 0 8 5 9 3 0 333 10 /// 58 000 6 000 0 7 0000 
19-SEP-2015 06 48053 3 2 4 58 7 18 06 10 300 20 223 3 0000 4 0099 5 0000 6 000 0 7 00 0 0 8 4 9 5 6 333 10 /// 58 050 6 000 0 7 0000 
19-SEP-2015 06 48055 2 1 2 56 8 14 03 10 245 20 214 3 0000 4 0116 5 0000 6 000 0 7 21 6 5 8 5 9 7 / 333 10 /// 58 030 6 000 0 7 0000 
19-SEP-2015 06 48057 2 1 4 58 8 13 04 10 198 20 198 3 0000 4 0000 5 0000 6 000 0 7 02 5 5 8 6 9 7 / 333 10 /// 58 000 6 000 0 7 0000 
19-SEP-2015 06 48060 2 1 3 30 8 00 00 10 250 20 226 3 0000 4 0107 5 0000 6 000 0 7 50 5 5 8 5 8 7 / 333 10 /// 58 018 6 000 0 7 0000 
19-SEP-2015 06 48062 2 2 3 56 8 13 10 10 270 20 260 3 0000 4 0077 5 0000 6 000 0 7 02 2 2 8 3 9 7 0 333 10 /// 58 024 6 000 0 7 0000 
19-SEP-2015 06 48064 3 2 4 57 8 04 01 10 284 20 250 3 0000 4 0095 5 0000 6 000 0 7 00 0 0 8 4 8 7 0 333 10 /// 58 048 6 000 0 7 0000 
19-SEP-2015 06 48065 2 2 4 57 7 14 03 10 293 20 259 3 0000 4 0000 5 0000 6 000 0 7 02 5 0 8 5 8 7 0 333 10 /// 58 000 6 000 0 7 0000 
19-SEP-2015 06 48071 2 1 3 56 8 23 04 10 245 20 245 3 0000 4 0089 5 0000 6 000 0 7 63 6 6 8 6 9 2 / 333 10 /// 58 033 6 000 0 7 0000 
19-SEP-2015 06 48072 2 1 4 58 8 18 15 10 270 20 256 3 0000 4 0000 5 0000 6 000 0 7 50 5 5 8 6 9 7 / 333 10 /// 58 000 6 000 0 7 0000 
19-SEP-2015 06 48074 3 2 4 59 8 04 05 10 290 20 259 3 0000 4 0126 5 0000 6 000 0 7 00 0 0 8 5 8 7 / 333 10 /// 58 069 6 000 0 7 0000 
19-SEP-2015 06 48075 2 1 4 56 7 14 01 10 240 20 226 3 0000 4 0126 5 0000 6 000 0 7 01 5 2 8 5 7 7 0 333 10 /// 58 049 6 000 0 7 0000 
19-SEP-2015 06 48077 3 2 5 59 8 23 02 10 298 20 253 3 0000 4 0097 5 0000 6 000 0 7 00 0 0 8 5 9 3 1 333 10 /// 58 045 6 000 0 7 0000 
19-SEP-2015 06 48078 2 1 4 50 8 14 01 10 245 20 237 3 0000 4 0128 5 0000 6 000 0 7 51 6 5 8 5 7 2 / 333 10 /// 58 065 6 000 0 7 0000 
19-SEP-2015 06 48080 2 1 4 58 8 04 10 10 261 20 246 3 0000 4 0106 5 0000 6 000 0 7 51 6 5 8 6 7 2 0 333 10 /// 58 054 6 000 0 7 0000 
19-SEP-2015 06 48085 3 1 3 57 8 14 06 10 302 20 253 3 0000 4 0095 5 0000 6 000 0 7 02 5 2 8 6 9 7 0 333 10 /// 58 035 6 000 0 7 0000 
19-SEP-2015 06 48087 3 2 4 58 7 04 02 10 293 20 248 3 0000 4 0000 5 0000 6 000 0 7 03 2 2 8 4 3 7 1 333 10 /// 58 000 6 000 0 7 0000 
19-SEP-2015 06 48092 3 2 4 56 8 13 05 10 275 20 253 3 0000 4 0099 5 0000 6 000 0 7 00 0 0 8 6 9 7 / 333 10 /// 58 045 6 000 0 7 0000 
19-SEP-2015 06 48093 2 1 5 56 8 14 01 10 262 20 246 3 0000 4 0000 5 0000 6 000 0 7 02 6 6 8 6 3 4 / 333 10 /// 58 000 6 000 0 7 0000 
19-SEP-2015 06 48094 3 2 4 58 7 13 02 10 300 20 275 3 0000 4 0099 5 0000 6 000 0 7 03 2 2 8 5 9 7 0 333 10 /// 58 038 6 000 0 7 0000 
19-SEP-2015 06 48095 3 2 4 58 8 04 02 10 285 20 268 3 0000 4 0000 5 0000 6 000 0 7 02 2 2 8 3 8 4 0 333 10 /// 58 000 6 000 0 7 0000 
19-SEP-2015 06 48096 3 2 4 57 8 14 06 10 270 20 256 3 0000 4 0123 5 0000 6 000 0 7 00 0 0 8 6 9 7 / 333 10 /// 58 035 6 000 0 7 0000 
19-SEP-2015 06 48097 2 1 4 57 8 13 03 10 280 20 259 3 0000 4 0123 5 0000 6 000 0 7 03 6 5 8 5 8 5 / 333 10 /// 58 044 6 000 0 7 0000 
19-SEP-2015 06 48099 3 2 4 57 7 23 02 10 298 20 253 3 0000 4 0104 5 0000 6 000 0 7 00 0 0 8 5 3 7 0 333 10 /// 58 039 6 000 0 7 0000 
19-SEP-2015 06 48101 2 2 4 59 8 14 03 10 287 20 259 3 0000 4 0000 5 0000 6 000 0 7 02 2 2 8 5 9 7 / 333 10 /// 58 000 6 000 0 7 0000 
19-SEP-2015 06 48103 3 2 3 56 7 14 03 10 317 20 248 3 0000 4 0118 5 0000 6 000 0 7 00 0 0 8 6 7 3 0 333 10 /// 58 028 6 000 0 7 0000 
19-SEP-2015 06 48107 3 2 3 50 4 13 01 10 308 20 267 3 0000 4 0117 5 0000 6 000 0 7 00 0 0 8 4 9 0 0 333 10 /// 58 020 6 000 0 7 0000 
19-SEP-2015 06 48108 3 2 4 96 7 23 02 10 307 20 254 3 0000 4 0121 5 0000 6 000 0 7 00 0 0 8 3 3 5 6 333 10 /// 58 015 6 000 0 7 0000 
19-SEP-2015 06 48110 3 2 5 96 8 23 02 10 315 20 259 3 0000 4 0117 5 0000 6 000 0 7 00 0 0 8 3 3 5 7 333 10 /// 58 004 6 000 0 7 0000 
19-SEP-2015 06 48112 3 2 5 97 8 04 03 10 320 20 265 3 0000 4 0108 5 0000 6 000 0 7 02 2 2 8 3 8 7 6 333 10 /// 58 001 6 000 0 7 0000 
