200900 48001 32557 40401 10300 20149 40092 84800 333 56500 59011=
200900 48004 32560 30401 10335 20206 83800 333 56500=
200900 48008 32557 33601 10340 20184 40086 82230 333 56890 58001=
200900 48010 32560 61801 10310 20225 40086 84730 333 56550 59002=
200900 48018 31560 61402 10340 20184 40077 70522 83841 333 56329 59004=
200900 48019 32460 22302 10340 20225 40078 82200 333 56700 59005=
200900 48020 32460 23605 10350 20240 82800 333 56900=
200900 48025 32458 23603 10370 20227 40079 82400 333 56600 58007=
200900 48030 32256 62202 10230 20143 86900 333 56500=
200900 48031 31260 41401 10255 20150 70544 84800 333 56400=
200900 48033 32563 23201 10380 20221 40067 82500 333 56900 58007=
200900 48034 32457 63603 10275 20147 86800 333 56100=
200900 48035 31550 63202 10313 20146 40041 70511 84960 333 56790 59032=
200900 48037 32560 23602 10388 20198 40063 82100 333 56700 59004=
200900 48039 32460 11401 10369 20190 81100 333 56500=
200900 48042 32558 20401 10388 20213 40068 82800 333 56500 58009=
200900 48043 32059 03207 10300 20266 333 /////=
200900 48045 32560 50903 10295 20098 85300 333 56500=
200900 48048 32960 00401 10395 20196 40067 333 58008=
200900 48052 32970 03202 10410 20210 333 /////=
200900 48053 32556 43602 10380 20255 40069 84900 333 56500 59025=
200900 48055 32556 32705 10354 20150 40021 83800 333 56500 59015=
200900 48057 32460 32203 10290 20115 83800 333 56900=
200900 48060 32450 32304 10245 20144 40040 82130 333 56590 59002=
200900 48062 32558 22710 10335 20280 40096 70100 82500 333 56900 59001=
200900 48064 32970 01401 10410 20230 40053 333 58001=
200900 48065 32970 02209 10410 20189 333 /////=
200900 48071 32960 02704 10342 20270 40098 333 58000=
200900 48072 32960 02705 10350 20297 70122 333 /////=
200900 48074 32561 20402 10400 20196 40069 82100 333 56400 58002=
200900 48075 32558 22201 10350 20200 40054 82200 333 56500 58012=
200900 48077 32559 52301 10410 20210 40055 84901 333 56909 59005=
200900 48078 32560 30401 10406 20214 40061 82201 333 56909 59006=
200900 48080 32960 02206 10350 20240 40081 333 59015=
200900 48085 32458 23206 10336 20257 40087 82800 333 56700 59003=
200900 48087 32560 22301 10399 20214 81140 333 56990=
200900 48092 32458 33204 10405 20286 40051 70322 83100 333 56900 58000=
200900 48093 32958 02701 10395 20214 333 56000=
200900 48094 32460 22703 10380 20260 40073 82100 333 56900 59017=
200900 48097 32557 43603 10390 20206 40072 84800 333 56900 59022=
200900 48099 32560 42303 10375 20240 40068 84300 333 56500 59002=
200900 48101 32660 31404 10352 20240 70311 82200 333 56900=
200900 48103 32957 02202 10368 20246 40078 333 59001=
200900 48107 32350 22303 10350 20237 40084 82900 333 56700 58002=  48001 32557 40401 10300 20149 40092 84800 333 56500 59011=
200900 48108 32596 43207 10358 20249 40091 83306 333 56709 58005=
200900 48110 32596 53207 10345 20268 40092 82306 333 56909 58002=
200900 48112 32598 60405 10360 20278 40083 70222 82216 333 56199 59005=
