200300 48001 22450 40901 10200 20168 40155 84700 333 56600 58026=
200300 48004 22562 30401 10254 20167 83800 333 56500=
200300 48008 32957 00000 10240 20191 40135 333 58031=
200300 48010 32558 40000 10250 20186 40127 82431 333 56669 58014=
200300 48018 22958 00402 10265 20191 40127 333 58020=
200300 48019 32960 00402 10268 20133 40119 333 58027=
200300 48020 22357 53203 10255 20210 83830 333 56660=
200300 48025 32420 20401 10282 20184 40134 82800 333 56500 58010=
200300 48030 32256 22201 10180 20129 82800 333 56500=
200300 48033 32962 03601 10290 20215 40101 333 58015=
200300 48034 22457 10402 10242 20136 81500 333 56500=
200300 48035 32960 02201 10237 20174 40116 333 58022=
200300 48037 32956 00401 10290 20175 40116 333 58018=
200300 48039 32959 21401 10285 20158 80002 333 56009=
200300 48042 32957 01301 10300 20185 40115 333 58026=
200300 48043 32057 03206 10265 20172 333 /////=
200300 48045 32962 01402 10239 20114 333 /////=
200300 48048 32960 00401 10330 20191 40120 333 58030=
200300 48051 32558 23601 10306 20250 70311 81230 333 56990=
200300 48052 32958 03202 10320 20200 333 /////=
200300 48053 32556 33601 10300 20207 40124 83500 333 56500 58040=
200300 48055 32556 12703 10272 20172 40102 81100 333 56500 58027=
200300 48057 32458 31401 10236 20155 83800 333 56600=
200300 48060 22450 10000 10270 20191 40116 81100 333 56500 58026=
200300 48062 32556 30902 10322 20270 40126 70122 83800 333 56600 58008=
200300 48064 32960 01401 10330 20212 40106 333 58019=
200300 48065 32968 00405 10335 20184 333 /////=
200300 48071 32458 23203 10310 20254 40124 82300 333 56700 58008=
200300 48072 32459 40402 10320 20265 70222 83830 333 56790=
200300 48074 31458 00901 10310 20237 40131 70500 333 58008=
200300 48075 32557 21401 10280 20230 40113 82100 333 56500 58012=
200300 48077 32559 00401 10330 20212 40112 333 58015=
200300 48078 32957 11801 10257 20240 40122 80001 333 56009 58009=
200300 48080 32460 22702 10310 20267 40127 81130 333 56990 58007=
200300 48085 32458 23204 10314 20254 40123 82100 333 56700 58009=
200300 48087 32960 00000 10330 20244 333 /////=
200300 48092 31956 03201 10310 20237 40112 70500 333 58019=
200300 48093 32958 03201 10322 20248 333 56000=
200300 48094 32459 43202 10320 20250 40128 70322 84900 333 56700 58017=
200300 48095 32958 01403 10330 20244 333 /////=
200300 48097 32557 30501 10320 20215 40125 70211 83500 333 56900 58007=
200300 48099 32456 10401 10320 20236 40117 81100 333 56900 58007=
200300 48101 32959 03203 10310 20254 333 /////=
200300 48103 32456 31301 10330 20258 40120 83800 333 56300 58006=
200300 48107 32350 20901 10312 20254 40113 82900 333 56500 58006=
200300 48108 31596 53203 10320 20246 40130 70144 83806 333 56709 58010=
200300 48109 32497 20401 10310 20254 40127 70222 82500 333 56900 58009=
200300 48110 31596 63203 10320 20265 40127 70522 82306 333 56909 58013=
200300 48112 32597 80401 10310 20267 40126 70222 83876 333 56199 58013=  
