200000 48008 32556 20401 10202 20185 40123 81430 333 20163 56450 58034=
200000 48010 32440 60000 10210 20195 40112 83730 333 20200 56550 58045=
200000 48018 22956 93201 10213 20195 40110 70500 333 20200 58021=
200000 48019 32950 00000 10202 20200 40111 333 20200 58026=
200000 48025 32410 50000 10234 20181 40118 83840 333 20228 56660 58047=
200000 48030 32256 22201 10150 20111 82800 333 20140 56500=
200000 48031 21258 83201 10160 20144 888// 333 20150 56999 60092=
200000 48033 32960 03201 10230 20181 40089 333 20220 58033=
200000 48034 22956 00401 10168 20165 333 20157 60002=
200000 48035 31920 00000 10161 20144 40119 71011 333 20150 58035=
200000 48037 32940 03201 10245 20184 40114 333 20242 58045=
200000 48039 32456 30000 10240 20155 83400 333 20239 56900=
200000 48042 32557 10000 10250 20205 40093 81400 333 20235 56900 58029=
200000 48043 32030 00000 10180 20147 333 20132=
200000 48048 32950 00401 10252 20182 40094 333 20245 58031=
200000 48051 32956 03201 10248 20230 333 20238=
200000 48052 32950 00000 10260 20203 333 20250=
200000 48053 32550 60000 10260 20203 40099 84550 333 20250 56550 58038=
200000 48055 31556 40000 10167 20149 40128 70511 83801 333 20160 56509 58022=
200000 48057 31439 30000 10186 20175 71011 83800 333 20176 56600=
200000 48060 22440 40000 10184 20165 40128 82130 333 20168 56560 58038=
200000 48062 31540 40000 10270 20240 40106 71022 83830 333 20230 56990 58024=
200000 48064 32950 00401 10284 20203 40083 333 20225 58033=
200000 48065 32950 00000 10275 20172 333 20253=
200000 48071 32456 23202 10280 20233 40106 82800 333 20270 56700 58018=
200000 48074 31456 10000 10275 20233 40101 70500 81500 333 20258 56900 28015=
200000 48075 32456 00000 10210 20200 40134 333 20190 58037=
200000 48077 32556 40000 10270 20240 40092 82201 333 20250 56909 58022=
200000 48078 32956 10000 10276 20230 40102 80001 333 20257 56009 58017=
200000 48080 31409 20000 10243 20209 40120 71011 82200 333 20220 56900 58016=
200000 48085 32456 10401 10252 20233 40102 81800 333 20250 56700 58018=
200000 48087 32950 20000 10254 20233 80041 333 20242 56099=
200000 48092 31940 03601 10250 20233 40089 70500 333 20240 58020=
200000 48093 32950 02301 10260 20229 333 20256=
200000 48094 32956 00000 10260 20250 40112 333 20220 58023=
200000 48097 32556 31402 10265 20228 40098 83500 333 20250 56900 58008=
200000 48099 32440 20000 10262 20229 40101 82800 333 20238 56900 58015=
200000 48103 32440 33201 10265 20246 40107 83500 333 20246 56700 58009=
200000 48107 32340 20901 10238 20226 40108 82900 333 20230 56500 58011=
200000 48108 31593 60000 10240 20233 40114 74244 83406 333 20230 56909 58016=
200000 48109 32496 20000 10256 20246 40116 82500 333 20195 56900 58022=
200000 48110 31596 61801 10275 20262 40101 70522 82306 333 20270 56409 58008=
200000 48112 32597 80401 10277 20250 40101 83876 333 20234 56199 58010=  48001 NIL=
200000 48008 32556 20401 10202 20185 40123 81430 333 20163 56450 58034=
200000 48010 32440 60000 10210 20195 40112 83730 333 20200 56550 58045=
200000 48018 22956 93201 10213 20195 40110 70500 333 20200 58021=
200000 48019 32950 00000 10202 20200 40111 333 20200 58026=
200000 48025 32410 50000 10234 20181 40118 83840 333 20228 56660 58047=
200000 48030 32256 22201 10150 20111 82800 333 20140 56500=
200000 48031 21258 83201 10160 20144 888// 333 20150 56999 60092=
200000 48033 32960 03201 10230 20181 40089 333 20220 58033=
200000 48034 22956 00401 10168 20165 333 20157 60002=
200000 48035 31920 00000 10161 20144 40119 71011 333 20150 58035=
200000 48037 32940 03201 10245 20184 40114 333 20242 58045=
200000 48039 32456 30000 10240 20155 83400 333 20239 56900=
200000 48042 32557 10000 10250 20205 40093 81400 333 20235 56900 58029=
200000 48043 32030 00000 10180 20147 333 20132=
200000 48048 32950 00401 10252 20182 40094 333 20245 58031=
200000 48051 32956 03201 10248 20230 333 20238=
200000 48052 32950 00000 10260 20203 333 20250=
200000 48053 32550 60000 10260 20203 40099 84550 333 20250 56550 58038=
200000 48055 31556 40000 10167 20149 40128 70511 83801 333 20160 56509 58022=
200000 48057 31439 30000 10186 20175 71011 83800 333 20176 56600=
200000 48060 22440 40000 10184 20165 40128 82130 333 20168 56560 58038=
200000 48062 31540 40000 10270 20240 40106 71022 83830 333 20230 56990 58024=
200000 48064 32950 00401 10284 20203 40083 333 20225 58033=
200000 48065 32950 00000 10275 20172 333 20253=
200000 48071 32456 23202 10280 20233 40106 82800 333 20270 56700 58018=
200000 48074 31456 10000 10275 20233 40101 70500 81500 333 20258 56900 28015=
200000 48075 32456 00000 10210 20200 40134 333 20190 58037=
200000 48077 32556 40000 10270 20240 40092 82201 333 20250 56909 58022=
200000 48078 32956 10000 10276 20230 40102 80001 333 20257 56009 58017=
200000 48080 31409 20000 10243 20209 40120 71011 82200 333 20220 56900 58016=
200000 48085 32456 10401 10252 20233 40102 81800 333 20250 56700 58018=
200000 48087 32950 20000 10254 20233 80041 333 20242 56099=
200000 48092 31940 03601 10250 20233 40089 70500 333 20240 58020=
200000 48093 32950 02301 10260 20229 333 20256=
200000 48094 32956 00000 10260 20250 40112 333 20220 58023=
200000 48097 32556 31402 10265 20228 40098 83500 333 20250 56900 58008=
200000 48099 32440 20000 10262 20229 40101 82800 333 20238 56900 58015=
200000 48103 32440 33201 10265 20246 40107 83500 333 20246 56700 58009=
200000 48107 32340 20901 10238 20226 40108 82900 333 20230 56500 58011=
200000 48108 31593 60000 10240 20233 40114 74244 83406 333 20230 56909 58016=
200000 48109 32496 20000 10256 20246 40116 82500 333 20195 56900 58022=
200000 48110 31596 61801 10275 20262 40101 70522 82306 333 20270 56409 58008=
200000 48112 32597 80401 10277 20250 40101 83876 333 20234 56199 58010=  
