48001 21440 80000 10265 20256 40042 75055 8677/ 333 10275 56459 59003 60242=
48004 21110 80000 10252 20252 75096 8697/ 333 10282 56559 60162=
48008 21450 82302 10310 20254 40043 71722 8497/ 333 10330 56459 59007 60052=
48010 21440 81801 10280 20250 40035 70395 8577/ 333 10318 56559 58000 69902=
48018 32556 82301 10325 20265 40032 8487/ 333 10348 56459 59015 60002=
48019 32458 72303 10297 20253 40037 82170 333 10355 56590 59001 60002=
48020 32357 70000 10320 20281 85330 333 10355 56440=
48025 21330 71801 10296 20253 40035 75255 85770 333 10345 56450 59008 69902=
48035 21450 82202 10229 20229 40059 76266 8692/ 333 10302 56999 58009 60372=
48037 32558 71401 10343 20257 40025 84870 333 10353 56520 59004 60002=
48042 32558 72201 10340 20257 40020 85930 333 10352 56440 59018 60002=
48045 32450 61402 10225 20198 85330 333 10285 56560 60002=
48048 32550 51801 10345 20240 40022 84850 333 10375 56490 59017=
48051 22558 71302 10272 20270 70222 85930 333 10297 56490 60262=
48053 32456 61803 10320 20265 40032 83956 333 10340 56499 59023=
48060 21330 50000 10238 20226 40072 70152 83830 333 10267 56560 58038 60132=
48062 21350 80902 10260 20250 40055 75366 86920 333 10278 56590 59023 60532=
48071 21456 82302 10265 20265 40065 8692/ 333 10278 5659/ 59018 60662=
48075 21440 82201 10220 20220 40069 75096 8697/ 333 10310 5659/ 59013 60872=
48077 32556 82304 10294 20230 40036 85931 333 10332 56499 59041 60002=
48078 31556 82301 10274 20262 40061 70399 8537/ 333 10317 56699 59024=
48080 NIL=
48085 22456 73602 10284 20268 40064 83376 333 10295 56999 59020 60162=
48095 21456 80000 10250 20250 76055 86970 333 10310 56990 60352=
48108 21494 83205 10250 20242 40090 75055 8632/ 333 10305 5689/ 59013 60082=
48109 21496 82301 10270 20256 40089 75166 8697/ 333 10317 5699/ 59015 60102=
48110 22495 82706 10270 20240 40095 84377 333 10280 56999 59007 60152=
48112 21597 82702 10260 20246 40108 72152 84876 333 10305 56699 58004 60192=
48030 22250 82201 10209 20195 8694/ 333 10225 56569 60012=
48072 21456 82701 10260 20260 70365 86970 333 10295 56590 60322=
48087 NIL=
48099 21330 80000 10280 20250 40061 70255 8697/ 333 10315 5699/ 59029 60012=
48101 21450 80000 10250 20233 75166 8597/ 333 10320 5699/ 60312=
48103 21340 82201 10258 20258 40065 70266 8672/ 333 10323 5655/ 59022 60192=
48057 21456 81801 10214 20214 70295 8697/ 333 10264 5669/ 60012=
48094 32456 70000 10290 20260 40072 70322 85940 333 10320 56990 59012=
48097 21557 82501 10265 20258 40085 70265 8653/ 333 10325 5699/ 59018 60022=
48031 32/57 81801 10220 20205 888// 333 10240 56599=
48033 32562 71801 10320 20265 40034 85970 333 10340 56490 59019 60002=
48034 32456 81401 10240 20209 8632/ 333 10288 56599 60002=
48039 32460 70000 10325 20265 83952 333 10341 56555 60002=
48043 32520 70000 10250 20219 84230 333 10290 56590 60002=
48052 32450 51302 10362 20264 85900 333 10386 56900=
48055 21256 82305 10213 20213 40069 79596 8697/ 333 10300 56399 58018 60232=
48064 32450 60401 10334 20275 40012 83836 333 10372 56449 59025=
48065 32450 50000 10325 20265 83570 333 10370 56990=
48074 32458 70000 10300 20266 40054 85941 333 10320 56459 59024 60002=
48092 32456 82307 10280 20268 40058 70322 8697/ 333 10325 5659/ 59018 60002=
48093 21440 82601 10258 20256 70266 85371 333 10318 56599 60312=
48107 21330 82301 10262 20262 40082 70166 8597/ 333 10306 5666/ 59014 60082=  48080 21457 72701 10265 20256 40066 70265 85870 333 10305 56690 59019 60192=  