200900 48004 32562 12201 10217 20136 81800 333 56900=
200900 48008 32557 61301 10218 20111 40157 83970 333 56550 59017=
200900 48010 32560 20000 10245 20174 40155 82800 333 56600 58006=
200900 48018 32560 41401 10245 20136 40167 82870 333 56560 59003=
200900 48019 32560 10403 10223 20151 40151 81100 333 56500 59012=
200900 48020 32958 03602 10240 20174 333 56000=
200900 48025 32440 33201 10232 20143 40160 83840 333 56900 58000=
200900 48030 32960 02205 10192 29016 333 56000=
200900 48031 32960 01401 10180 20108 333 56000=
200900 48033 32563 13601 10250 20167 40123 70111 81100 333 56900 58005=
200900 48034 32457 22301 10215 20101 70111 82500 333 56500=
200900 48035 31560 52703 10231 20124 40107 70522 84960 333 56590 59003=
200900 48037 32560 10401 10264 20138 40125 70300 81100 333 56600 58001=
200900 48039 32958 23201 10265 20246 80002 333 56009=
200900 48042 32556 10000 10265 20185 40138 81100 333 56900 58016=
200900 48043 32057 01807 10210 20143 333 56000=
200900 48045 32558 21405 10184 20129 82800 333 56500=
200900 48048 32960 00401 10275 20184 40139 333 58013=
200900 48051 32959 03101 10262 20160 333=
200900 48052 32458 23602 10316 20195 70222 84800 333 56900=
200900 48053 32956 03601 10295 20159 40131 333 58008=
200900 48055 32556 30406 10241 20165 40119 83800 333 56500 59010=
200900 48057 32457 32202 10228 20097 83800 333 56600=
200900 48060 32440 62201 10237 20155 40133 84830 333 56550 59051=
200900 48062 32456 22071 10270 20240 40145 82500 333 56900 58000=
200900 48064 32960 00401 10240 20190 40113 70211 333 59003=
200900 48065 32960 00000 10282 20158 70211 333 56000=
200900 48071 32958 03205 10257 20203 40148 333 59004=
200900 48072 32960 00401 10270 20226 333=
200900 48074 32958 02302 10300 20166 40132 333 58001=
200900 48075 32457 51402 10260 20160 40128 85800 333 56500 58004=
200900 48077 32959 00401 10300 20149 40127 333 59006=
200900 48078 32560 22301 10304 20178 40133 81501 333 56609 59004=
200900 48080 32960 03203 10280 20220 40141 333 59005=
200900 48085 32958 03204 10304 20124 40131 333 59007=
200900 48087 32960 00401 10300 20166 333=
200900 48092 31457 20000 10320 20184 40106 70522 82400 333 56900 59006=
200900 48093 32658 51401 10330 20224 84801 333 56309=
200900 48094 32960 03201 10310 20190 40133 333 59002=
200900 48095 32960 00401 10300 20209 333=
200900 48096 32457 13304 10320 20200 40130 81100 333 56900 59007=  
200900 48097 32557 51301 10315 20194 40135 85800 333 56900 58005=
200900 48099 32456 52301 10320 20200 40122 84801 333 56509 59006=
200900 48101 32961 03201 10310 20225 333=
200900 48103 32456 13205 10318 20248 40122 81500 333 56700 59014=
200900 48107 32950 00403 10310 20189 40115 333 59012=
200900 48108 32996 60504 10325 20196 40120 80005 333 56009 59014=
200900 48110 31996 83203 10300 20207 40119 70822 80007 333 56009 59010=
200900 48112 32597 80409 10315 20287 40112 83876 333 56199 59012=
