48001 NIL=
48004 31560 10401 10166 20135 70144 81100 333 56900=
48008 31556 40401 10185 20139 40172 71044 82430 333 56560 58017=
48010 21040 00000 10165 20144 40170 333 58018=
48018 31956 03201 10183 20147 40153 70244 333 58000=
48019 32960 00401 10190 20159 40154 333 58015=
48020 21957 03602 10152 20134 70144 333=
48025 31220 12201 10170 20155 40166 74044 81600 333 56900 58018=
48030 31956 02202 10120 20030 70544 333=
48031 31957 00401 10180 20056 70500 333=
48033 32962 03601 10210 20175 40154 333 58013=
48034 22456 40000 10145 20107 84800 333 56500=
48035 31530 50000 10185 20118 40147 70522 83960 333 56490 59007=
48037 32965 03601 10205 20143 40154 333 58009=
48039 31956 22202 10218 20156 70511 80002 333 56005=
48042 31956 01801 10230 20163 40148 70500 333 58005=
48043 32056 00000 10170 20117 333=
48045 32960 01403 10181 29029 333=
48048 32960 00401 10250 20150 40155 333 58013=
48051 32958 03102 10218 20170 333=
48052 32958 00401 10230 20163 333=
48053 31950 02702 10230 20163 40152 70500 333 58012=
48055 31950 00000 10172 20097 40161 70500 333 59003=
48057 32958 01801 10200 20085 333=
48060 32430 10000 10170 20117 40165 81100 333 56500 59022=
48062 31530 10401 10213 20200 40145 71044 81500 333 56900 59009=
48064 32960 01401 10215 20111 40120 333 59005=
48065 32960 00000 10235 20163 333=
48071 31958 00000 10238 20226 40151 71040 333 58010=
48072 31957 00401 10230 20230 71044 333=
48074 32958 00404 10230 20143 40153 333 59004=
48075 31957 02301 10175 20140 40179 70511 333 58007=
48077 32959 00000 10228 20124 40136 333 58005=
48078 32950 11801 10215 20139 40157 80001 333 56009 58009=
48080 31959 00401 10201 20185 40145 70144 333 58004=
48085 31957 03201 10212 20210 40132 71044 333 59009=
48087 31320 50000 10190 20175 70244 85700 333 56900=
48092 31950 00403 10255 20173 40127 70511 333 59001=
48093 32957 00401 10230 20198 333=
48094 32959 03202 10240 20230 40144 333 58004=
48095 32958 00000 10220 20185 333=
48096 32956 00602 10230 20181 40152 333 59000=
48097 31557 30000 10260 20179 40145 70511 81501 333 56909 59008=
48099 31450 51302 10265 20179 40148 70522 82831 333 56339 59001=
48101 31758 20000 10245 20209 70144 80030 333 56090=
48103 32550 40401 10252 20205 40146 84500 333 56100 58003=
48107 31350 43201 10230 20143 40130 70144 84900 333 56500 59001=
48108 22596 73202 10275 20223 40142 82876 333 56699 59005=
48109 32497 33601 10270 20211 40152 83500 333 56900 58000=
48110 21596 50403 10290 20248 40134 70522 81256 333 56999 59011=
48112 32598 60401 10293 20230 40128 82216 333 56199 59014=  