20-FEB-2015 18 48008 3 1 5 10 6 00 00 10 210 20 160 3 0000 4 0122 5 0000 6 000 0 7 10 4 4 8 3 9 7 0 333 10 /// 59 002 6 000 0 7 0000 
20-FEB-2015 18 48010 3 1 5 01 2 00 00 10 180 20 172 3 0000 4 0134 5 0000 6 000 0 7 00 0 0 8 0 0 3 0 333 10 /// 59 007 6 000 0 7 0000 
20-FEB-2015 18 48018 3 2 5 10 2 14 01 10 180 20 147 3 0000 4 0132 5 0000 6 000 0 7 03 1 1 8 2 8 0 0 333 10 /// 59 006 6 000 0 7 0000 
20-FEB-2015 18 48025 3 2 9 05 0 04 01 10 210 20 160 3 0000 4 0144 5 0000 6 000 0 7 00 0 0 8 0 0 0 0 333 10 /// 59 002 6 000 0 7 0000 
20-FEB-2015 18 48042 3 2 5 50 0 00 00 10 228 20 163 3 0000 4 0107 5 0000 6 000 0 7 00 0 0 8 1 4 0 0 333 10 /// 59 002 6 000 0 7 0000 
20-FEB-2015 18 48053 3 2 9 40 0 00 00 10 220 20 136 3 0000 4 0126 5 0000 6 000 0 7 00 0 0 8 0 0 0 0 333 10 /// 58 016 6 000 0 7 0000 
20-FEB-2015 18 48057 3 2 9 39 0 14 01 10 162 20 106 3 0000 4 0000 5 0000 6 000 0 7 00 0 0 8 0 0 0 0 333 10 /// 58 000 6 000 0 7 0000 
20-FEB-2015 18 48060 3 2 9 10 0 00 00 10 120 20 102 3 0000 4 0148 5 0000 6 000 0 7 00 0 0 8 0 0 0 0 333 10 /// 58 005 6 000 0 7 0000 
20-FEB-2015 18 48062 3 2 4 50 2 00 00 10 210 20 210 3 0000 4 0131 5 0000 6 000 0 7 00 0 0 8 2 5 0 0 333 10 /// 59 004 6 000 0 7 0000 
20-FEB-2015 18 48071 3 1 9 20 0 00 00 10 225 20 198 3 0000 4 0130 5 0000 6 000 0 7 10 0 0 8 0 0 0 0 333 10 /// 58 005 6 000 0 7 0000 
20-FEB-2015 18 48078 3 2 9 50 2 00 00 10 199 20 159 3 0000 4 0128 5 0000 6 000 0 7 00 0 0 8 0 0 0 1 333 10 /// 59 003 6 000 0 7 0000 
20-FEB-2015 18 48080 3 2 9 40 0 00 00 10 183 20 147 3 0000 4 0131 5 0000 6 000 0 7 00 0 0 8 0 0 0 0 333 10 /// 59 004 6 000 0 7 0000 
20-FEB-2015 18 48094 3 2 9 50 0 00 00 10 220 20 210 3 0000 4 0129 5 0000 6 000 0 7 00 0 0 8 0 0 0 0 333 10 /// 58 001 6 000 0 7 0000 
20-FEB-2015 18 48097 3 2 9 56 0 04 01 10 220 20 185 3 0000 4 0128 5 0000 6 000 0 7 00 0 0 8 0 0 0 0 333 10 /// 59 005 6 000 0 7 0000 
20-FEB-2015 18 48099 3 2 9 30 0 27 01 10 230 20 198 3 0000 4 0106 5 0000 6 000 0 7 00 0 0 8 0 0 0 0 333 10 /// 59 017 6 000 0 7 0000 
20-FEB-2015 18 48103 3 2 5 10 2 04 02 10 245 20 191 3 0000 4 0107 5 0000 6 000 0 7 00 0 0 8 2 5 0 0 333 10 /// 59 012 6 000 0 7 0000 
20-FEB-2015 18 48108 3 2 5 95 5 09 01 10 240 20 209 3 0000 4 0129 5 0000 6 000 0 7 00 0 0 8 2 4 0 7 333 10 /// 59 007 6 000 0 7 0000 
20-FEB-2015 18 48109 3 2 5 96 1 00 00 10 253 20 219 3 0000 4 0117 5 0000 6 000 0 7 00 0 0 8 0 0 0 1 333 10 /// 59 006 6 000 0 7 0000 
20-FEB-2015 18 48110 2 1 5 95 4 13 02 10 265 20 234 3 0000 4 0128 5 0000 6 000 0 7 02 5 5 8 1 3 0 6 333 10 /// 59 005 6 000 0 7 0000 
20-FEB-2015 18 48112 3 2 5 97 8 04 02 10 272 20 226 3 0000 4 0110 5 0000 6 000 0 7 00 0 0 8 3 8 7 6 333 10 /// 58 000 6 000 0 7 0000 
