201200 48001 32456 70000 10215 20160 40113 84970 333 10240 56450 58031=
201200 48004 32357 70000 10247 20163 87900 333 10285 56500=
201200 48008 31556 60401 10243 20155 40119 71044 83970 333 10290 56560 58005=
201200 48010 31550 40000 10260 20203 40110 70544 82830 333 10300 56990 58004=
201200 48018 31956 00401 10265 20160 40109 71044 333 10295 58000=
201200 48019 32950 00000 10253 20205 40112 333 10298 58009=
201200 48020 32356 30000 10260 20203 82530 333 10302 56550=
201200 48025 32456 13201 10284 20126 40106 81500 333 10305 56900 59006=
201200 48030 31950 02204 10180 29014 70544 333 10213=
201200 48031 31956 02201 10170 20074 70500 333 10230=
201200 48033 32962 00000 10300 20185 40092 333 10330 58002=
201200 48034 32456 10000 10200 20109 81500 333 10245 56500=
201200 48035 31558 30000 10226 20143 40088 70511 83800 333 10274 56900 58010=
201200 48037 32940 00000 10300 20166 40091 333 10340 59007=
201200 48039 32459 30000 10289 20196 83400 333 10325 56900=
201200 48042 32957 00000 10298 20166 40089 333 10332 58002=
201200 48043 32020 00000 10210 20120 333 10260=
201200 48045 32557 21404 10215 20087 82800 333 10250 56500=
201200 48048 32950 00401 10302 20185 40087 333 10335 58003=
201200 48051 32959 03102 10310 20190 333 10344=
201200 48052 32450 33202 10340 20184 83800 333 10355 56900=
201200 48053 32950 00000 10310 20189 40082 333 10320 58003=
201200 48055 32556 20000 10234 20124 40093 82500 333 10291 56400 58011=
201200 48057 32957 01401 10202 20085 333 10250=
201200 48060 32920 00000 10220 20087 40106 333 10290 58011=
201200 48062 32556 22706 10262 20230 40111 82500 333 10310 56900 58016=
201200 48064 32950 01401 10285 20203 40072 333 10354 58007=
201200 48065 32950 00000 10302 20166 333 10350=
201200 48071 32956 02703 10265 20226 40118 333 10290 58005=
201200 48072 32957 03201 10260 20215 333 10295=
201200 48074 32457 10000 10300 20166 40090 81400 333 10345 56900 58000=
201200 48075 31956 02702 10250 20140 40101 70511 333 10300 58001=
201200 48077 32956 00000 10310 20092 40090 333 10360 58001=
201200 48078 32956 30000 10300 20157 40094 80002 333 10363 56009 59003=
201200 48080 32458 12202 10275 20233 40110 81500 333 10325 56900 59002=
201200 48085 32956 03203 10256 20219 40108 333 10295 59004=
201200 48087 32940 00000 10276 20184 333 10350=
201200 48092 32956 02702 10305 20159 40077 333 10355 59011=
201200 48093 32940 02301 10304 20185 333 10346=
201200 48094 32956 00000 10270 20210 40110 333 10350 58003=
201200 48095 32960 00000 10300 20223 333 10350=
201200 48097 32556 33601 10300 20158 40113 83500 333 10362 56900 58003=
201200 48099 32440 22702 10308 20189 40099 82800 333 10358 56900 58003=
201200 48101 32956 10000 10292 20196 80001 333 10330 56009=
201200 48103 32540 30000 10292 20196 40099 82530 333 10360 56550 59005=
201200 48107 32940 02702 10284 20233 40099 333 10345 59016=  
201200 48108 32596 53203 10295 20227 40101 83836 333 10350 56999 59011=
201200 48109 32997 10401 10277 20233 40118 80001 333 10325 56009 59001=
201200 48110 32596 73605 10295 20242 40098 84906 333 10340 56909 59011=
201200 48112 32598 60402 10313 20225 40098 82216 333 10347 56199 59002=
