20-FEB-2015 00 48008 3 1 5 50 7 04 01 10 160 20 144 3 0000 4 0149 5 0000 6 000 0 7 10 4 4 8 4 9 7 0 333 10 150 58 012 6 990 2 7 0000 
20-FEB-2015 00 48010 2 1 2 20 4 00 00 10 140 20 132 3 0000 4 0134 5 0000 6 000 0 7 42 4 4 8 4 6 0 0 333 20 135 58 017 6 000 0 7 0000 
20-FEB-2015 00 48018 3 2 9 10 0 22 01 10 150 20 134 3 0000 4 0142 5 0000 6 000 0 7 00 0 0 8 0 0 0 0 333 20 140 58 020 6 000 0 7 0000 
20-FEB-2015 00 48019 3 2 9 40 0 00 00 10 150 20 150 3 0000 4 0138 5 0000 6 000 0 7 00 0 0 8 0 0 0 0 333 20 147 58 014 6 000 0 7 0000 
20-FEB-2015 00 48025 3 1 1 10 1 22 01 10 146 20 134 3 0000 4 0149 5 0000 6 000 0 7 40 4 4 8 1 6 0 0 333 20 138 58 026 6 000 0 7 0000 
20-FEB-2015 00 48030 3 1 9 50 0 22 04 10 063 20 035 3 0000 4 0000 5 0000 6 000 0 7 05 4 4 8 0 0 0 0 333 20 048 58 000 6 000 0 7 0000 
20-FEB-2015 00 48031 3 1 9 50 0 22 01 10 100 20 056 3 0000 4 0000 5 0000 6 000 0 7 05 0 0 8 0 0 0 0 333 20 095 58 000 6 000 0 7 0000 
20-FEB-2015 00 48033 3 2 5 60 2 33 01 10 190 20 175 3 0000 4 0129 5 0000 6 000 0 7 00 0 0 8 2 5 0 0 333 20 180 58 012 6 000 0 7 0000 
20-FEB-2015 00 48035 3 1 5 40 7 00 00 10 141 20 124 3 0000 4 0155 5 0000 6 000 0 7 10 0 0 8 5 9 7 0 333 20 130 59 010 6 000 0 7 0000 
20-FEB-2015 00 48037 3 2 9 10 0 36 01 10 190 20 159 3 0000 4 0123 5 0000 6 000 0 7 00 0 0 8 0 0 0 0 333 20 180 58 008 6 000 0 7 0000 
20-FEB-2015 00 48039 3 1 4 50 3 32 01 10 178 20 149 3 0000 4 0000 5 0000 6 000 0 7 10 1 1 8 3 4 0 0 333 20 176 58 000 6 000 0 7 0000 
20-FEB-2015 00 48042 3 1 9 40 0 00 00 10 188 20 159 3 0000 4 0117 5 0000 6 000 0 7 10 0 0 8 0 0 0 0 333 20 177 58 001 6 000 0 7 0000 
20-FEB-2015 00 48043 3 2 9 20 0 00 00 10 110 20 091 3 0000 4 0000 5 0000 6 000 0 7 00 0 0 8 0 0 0 0 333 20 070 58 000 6 000 0 7 0000 
20-FEB-2015 00 48048 3 2 9 40 0 00 00 10 170 20 135 3 0000 4 0124 5 0000 6 000 0 7 00 0 0 8 0 0 0 0 333 20 163 58 005 6 000 0 7 0000 
20-FEB-2015 00 48051 3 2 9 56 0 00 00 10 156 20 140 3 0000 4 0000 5 0000 6 000 0 7 00 0 0 8 0 0 0 0 333 20 145 58 000 6 000 0 7 0000 
20-FEB-2015 00 48052 3 2 9 50 0 00 00 10 188 20 139 3 0000 4 0000 5 0000 6 000 0 7 00 0 0 8 0 0 0 0 333 20 180 58 000 6 000 0 7 0000 
20-FEB-2015 00 48053 3 2 9 50 0 00 00 10 170 20 135 3 0000 4 0110 5 0000 6 000 0 7 00 0 0 8 0 0 0 0 333 20 167 59 026 6 000 0 7 0000 
20-FEB-2015 00 48055 3 1 9 20 0 00 00 10 072 20 067 3 0000 4 0176 5 0000 6 000 0 7 10 1 1 8 0 0 0 0 333 20 066 59 012 6 000 0 7 0000 
20-FEB-2015 00 48057 3 2 9 56 0 00 00 10 116 20 081 3 0000 4 0000 5 0000 6 000 0 7 00 0 0 8 0 0 0 0 333 20 096 58 000 6 000 0 7 0000 
20-FEB-2015 00 48060 3 1 9 20 0 00 00 10 110 20 091 3 0000 4 0181 5 0000 6 000 0 7 42 4 4 8 0 0 0 0 333 20 093 59 003 6 000 0 7 0000 
20-FEB-2015 00 48062 3 1 5 20 2 00 00 10 192 20 190 3 0000 4 0127 5 0000 6 000 0 7 40 1 1 8 2 5 0 0 333 20 160 58 006 6 000 0 7 0000 
20-FEB-2015 00 48064 3 2 9 50 0 14 01 10 184 20 165 3 0000 4 0101 5 0000 6 000 0 7 00 0 0 8 0 0 0 0 333 20 145 59 004 6 000 0 7 0000 
20-FEB-2015 00 48065 3 2 9 50 0 00 00 10 167 20 160 3 0000 4 0000 5 0000 6 000 0 7 00 0 0 8 0 0 0 0 333 20 155 58 000 6 000 0 7 0000 
20-FEB-2015 00 48071 3 1 9 20 0 00 00 10 200 20 200 3 0000 4 0121 5 0000 6 000 0 7 44 4 4 8 0 0 0 0 333 20 190 59 005 6 000 0 7 0000 
20-FEB-2015 00 48074 3 2 4 50 1 00 00 10 190 20 139 3 0000 4 0138 5 0000 6 000 0 7 00 0 0 8 1 4 0 0 333 20 177 58 014 6 000 0 7 0000 
20-FEB-2015 00 48075 3 1 9 56 0 00 00 10 100 20 100 3 0000 4 0187 5 0000 6 000 0 7 10 2 2 8 0 0 0 0 333 20 095 58 007 6 000 0 7 0000 
20-FEB-2015 00 48080 3 1 4 08 4 00 00 10 131 20 113 3 0000 4 0131 5 0000 6 000 0 7 41 4 4 8 2 8 7 0 333 20 115 59 008 6 000 0 7 0000 
20-FEB-2015 00 48092 3 1 9 10 0 04 02 10 170 20 162 3 0000 4 0104 5 0000 6 000 0 7 10 1 1 8 0 0 0 0 333 20 165 58 005 6 000 0 7 0000 
20-FEB-2015 00 48093 3 1 9 20 0 00 00 10 184 20 155 3 0000 4 0000 5 0000 6 000 0 7 10 1 1 8 0 0 0 0 333 20 184 58 000 6 000 0 7 0000 
20-FEB-2015 00 48094 3 1 9 56 0 00 00 10 195 20 180 3 0000 4 0119 5 0000 6 000 0 7 10 0 0 8 0 0 0 0 333 20 158 59 003 6 000 0 7 0000 
20-FEB-2015 00 48096 3 1 9 50 0 06 02 10 190 20 190 3 0000 4 0116 5 0000 6 000 0 7 10 1 1 8 0 0 0 0 333 20 188 59 005 6 000 0 7 0000 
20-FEB-2015 00 48097 3 1 5 30 2 14 01 10 190 20 182 3 0000 4 0129 5 0000 6 000 0 7 10 1 1 8 2 5 0 0 333 10 /// 59 001 6 000 0 7 0000 
20-FEB-2015 00 48099 3 2 4 40 3 00 00 10 200 20 185 3 0000 4 0130 5 0000 6 000 0 7 00 0 0 8 1 1 3 0 333 20 192 58 008 6 000 0 7 0000 
20-FEB-2015 00 48101 3 1 7 40 3 00 00 10 196 20 185 3 0000 4 0000 5 0000 6 000 0 7 42 4 4 8 0 0 1 0 333 20 160 58 000 6 000 0 7 0000 
20-FEB-2015 00 48103 3 2 5 30 6 00 00 10 206 20 195 3 0000 4 0123 5 0000 6 000 0 7 00 0 0 8 4 5 3 0 333 20 171 59 005 6 000 0 7 0000 
20-FEB-2015 00 48107 3 1 3 30 6 13 01 10 220 20 185 3 0000 4 0117 5 0000 6 000 0 7 41 4 4 8 4 9 0 6 333 20 206 59 006 6 000 0 7 0000 
20-FEB-2015 00 48108 2 1 4 93 8 00 00 10 235 20 228 3 0000 4 0120 5 0000 6 000 0 7 10 2 2 8 3 5 6 7 333 20 210 59 012 6 990 2 7 0000 
20-FEB-2015 00 48109 3 1 4 96 4 00 00 10 218 20 205 3 0000 4 0130 5 0000 6 000 0 7 10 2 2 8 4 5 0 0 333 20 205 58 002 6 000 0 7 0000 
20-FEB-2015 00 48110 2 2 5 95 8 00 00 10 245 20 229 3 0000 4 0121 5 0000 6 000 0 7 05 2 2 8 3 3 3 7 333 20 245 59 003 6 000 0 7 0000 
20-FEB-2015 00 48112 3 2 5 97 8 04 02 10 265 20 226 3 0000 4 0112 5 0000 6 000 0 7 00 0 0 8 3 8 7 6 333 20 219 59 018 6 000 0 7 0000 
