20-FEB-2015 03 48004 3 1 5 60 1 04 01 10 166 20 135 3 0000 4 0000 5 0000 6 000 0 7 01 4 4 8 1 1 0 0 333 10 /// 58 000 6 000 0 7 0000 
20-FEB-2015 03 48008 3 1 5 56 4 04 01 10 185 20 139 3 0000 4 0172 5 0000 6 000 0 7 10 4 4 8 2 4 3 0 333 10 /// 58 017 6 000 0 7 0000 
20-FEB-2015 03 48010 2 1 0 40 0 00 00 10 165 20 144 3 0000 4 0170 5 0000 6 000 0 7 00 0 0 8 0 0 0 0 333 10 /// 58 018 6 000 0 7 0000 
20-FEB-2015 03 48018 3 1 9 56 0 32 01 10 183 20 147 3 0000 4 0153 5 0000 6 000 0 7 02 4 4 8 0 0 0 0 333 10 /// 58 000 6 000 0 7 0000 
20-FEB-2015 03 48019 3 2 9 60 0 04 01 10 190 20 159 3 0000 4 0154 5 0000 6 000 0 7 00 0 0 8 0 0 0 0 333 10 /// 58 015 6 000 0 7 0000 
20-FEB-2015 03 48020 2 1 9 57 0 36 02 10 152 20 134 3 0000 4 0000 5 0000 6 000 0 7 01 4 4 8 0 0 0 0 333 10 /// 58 000 6 000 0 7 0000 
20-FEB-2015 03 48025 3 1 2 20 1 22 01 10 170 20 155 3 0000 4 0166 5 0000 6 000 0 7 40 4 4 8 1 6 0 0 333 10 /// 58 018 6 000 0 7 0000 
20-FEB-2015 03 48030 3 1 9 56 0 22 02 10 120 20 030 3 0000 4 0000 5 0000 6 000 0 7 05 4 4 8 0 0 0 0 333 10 /// 58 000 6 000 0 7 0000 
20-FEB-2015 03 48031 3 1 9 57 0 04 01 10 180 20 056 3 0000 4 0000 5 0000 6 000 0 7 05 0 0 8 0 0 0 0 333 10 /// 58 000 6 000 0 7 0000 
20-FEB-2015 03 48033 3 2 9 62 0 36 01 10 210 20 175 3 0000 4 0154 5 0000 6 000 0 7 00 0 0 8 0 0 0 0 333 10 /// 58 013 6 000 0 7 0000 
20-FEB-2015 03 48034 2 2 4 56 4 00 00 10 145 20 107 3 0000 4 0000 5 0000 6 000 0 7 00 0 0 8 4 8 0 0 333 10 /// 58 000 6 000 0 7 0000 
20-FEB-2015 03 48035 3 1 5 30 5 00 00 10 185 20 118 3 0000 4 0147 5 0000 6 000 0 7 05 2 2 8 3 9 6 0 333 10 /// 59 007 6 000 0 7 0000 
20-FEB-2015 03 48037 3 2 9 65 0 36 01 10 205 20 143 3 0000 4 0154 5 0000 6 000 0 7 00 0 0 8 0 0 0 0 333 10 /// 58 009 6 000 0 7 0000 
20-FEB-2015 03 48039 3 1 9 56 2 22 02 10 218 20 156 3 0000 4 0000 5 0000 6 000 0 7 05 1 1 8 0 0 0 2 333 10 /// 58 000 6 000 0 7 0000 
20-FEB-2015 03 48042 3 1 9 56 0 18 01 10 230 20 163 3 0000 4 0148 5 0000 6 000 0 7 05 0 0 8 0 0 0 0 333 10 /// 58 005 6 000 0 7 0000 
20-FEB-2015 03 48043 3 2 0 56 0 00 00 10 170 20 117 3 0000 4 0000 5 0000 6 000 0 7 00 0 0 8 0 0 0 0 333 10 /// 58 000 6 000 0 7 0000 
20-FEB-2015 03 48045 3 2 9 60 0 14 03 10 181 20 000 3 0000 4 0000 5 0000 6 000 0 7 00 0 0 8 0 0 0 0 333 10 /// 58 000 6 000 0 7 0000 
20-FEB-2015 03 48048 3 2 9 60 0 04 01 10 250 20 150 3 0000 4 0155 5 0000 6 000 0 7 00 0 0 8 0 0 0 0 333 10 /// 58 013 6 000 0 7 0000 
20-FEB-2015 03 48051 3 2 9 58 0 31 02 10 218 20 170 3 0000 4 0000 5 0000 6 000 0 7 00 0 0 8 0 0 0 0 333 10 /// 58 000 6 000 0 7 0000 
20-FEB-2015 03 48052 3 2 9 58 0 04 01 10 230 20 163 3 0000 4 0000 5 0000 6 000 0 7 00 0 0 8 0 0 0 0 333 10 /// 58 000 6 000 0 7 0000 
20-FEB-2015 03 48053 3 1 9 50 0 27 02 10 230 20 163 3 0000 4 0152 5 0000 6 000 0 7 05 0 0 8 0 0 0 0 333 10 /// 58 012 6 000 0 7 0000 
20-FEB-2015 03 48055 3 1 9 50 0 00 00 10 172 20 097 3 0000 4 0161 5 0000 6 000 0 7 05 0 0 8 0 0 0 0 333 10 /// 59 003 6 000 0 7 0000 
20-FEB-2015 03 48057 3 2 9 58 0 18 01 10 200 20 085 3 0000 4 0000 5 0000 6 000 0 7 00 0 0 8 0 0 0 0 333 10 /// 58 000 6 000 0 7 0000 
20-FEB-2015 03 48060 3 2 4 30 1 00 00 10 170 20 117 3 0000 4 0165 5 0000 6 000 0 7 00 0 0 8 1 1 0 0 333 10 /// 59 022 6 000 0 7 0000 
20-FEB-2015 03 48062 3 1 5 30 1 04 01 10 213 20 200 3 0000 4 0145 5 0000 6 000 0 7 10 4 4 8 1 5 0 0 333 10 /// 59 009 6 000 0 7 0000 
20-FEB-2015 03 48064 3 2 9 60 0 14 01 10 215 20 111 3 0000 4 0120 5 0000 6 000 0 7 00 0 0 8 0 0 0 0 333 10 /// 59 005 6 000 0 7 0000 
20-FEB-2015 03 48065 3 2 9 60 0 00 00 10 235 20 163 3 0000 4 0000 5 0000 6 000 0 7 00 0 0 8 0 0 0 0 333 10 /// 58 000 6 000 0 7 0000 
20-FEB-2015 03 48071 3 1 9 58 0 00 00 10 238 20 226 3 0000 4 0151 5 0000 6 000 0 7 10 4 0 8 0 0 0 0 333 10 /// 58 010 6 000 0 7 0000 
20-FEB-2015 03 48072 3 1 9 57 0 04 01 10 230 20 230 3 0000 4 0000 5 0000 6 000 0 7 10 4 4 8 0 0 0 0 333 10 /// 58 000 6 000 0 7 0000 
20-FEB-2015 03 48074 3 2 9 58 0 04 04 10 230 20 143 3 0000 4 0153 5 0000 6 000 0 7 00 0 0 8 0 0 0 0 333 10 /// 59 004 6 000 0 7 0000 
20-FEB-2015 03 48075 3 1 9 57 0 23 01 10 175 20 140 3 0000 4 0179 5 0000 6 000 0 7 05 1 1 8 0 0 0 0 333 10 /// 58 007 6 000 0 7 0000 
20-FEB-2015 03 48077 3 2 9 59 0 00 00 10 228 20 124 3 0000 4 0136 5 0000 6 000 0 7 00 0 0 8 0 0 0 0 333 10 /// 58 005 6 000 0 7 0000 
20-FEB-2015 03 48078 3 2 9 50 1 18 01 10 215 20 139 3 0000 4 0157 5 0000 6 000 0 7 00 0 0 8 0 0 0 1 333 10 /// 58 009 6 000 0 7 0000 
20-FEB-2015 03 48080 3 1 9 59 0 04 01 10 201 20 185 3 0000 4 0145 5 0000 6 000 0 7 01 4 4 8 0 0 0 0 333 10 /// 58 004 6 000 0 7 0000 
20-FEB-2015 03 48085 3 1 9 57 0 32 01 10 212 20 210 3 0000 4 0132 5 0000 6 000 0 7 10 4 4 8 0 0 0 0 333 10 /// 59 009 6 000 0 7 0000 
20-FEB-2015 03 48087 3 1 3 20 5 00 00 10 190 20 175 3 0000 4 0000 5 0000 6 000 0 7 02 4 4 8 5 7 0 0 333 10 /// 58 000 6 000 0 7 0000 
20-FEB-2015 03 48092 3 1 9 50 0 04 03 10 255 20 173 3 0000 4 0127 5 0000 6 000 0 7 05 1 1 8 0 0 0 0 333 10 /// 59 001 6 000 0 7 0000 
20-FEB-2015 03 48093 3 2 9 57 0 04 01 10 230 20 198 3 0000 4 0000 5 0000 6 000 0 7 00 0 0 8 0 0 0 0 333 10 /// 58 000 6 000 0 7 0000 
20-FEB-2015 03 48094 3 2 9 59 0 32 02 10 240 20 230 3 0000 4 0144 5 0000 6 000 0 7 00 0 0 8 0 0 0 0 333 10 /// 58 004 6 000 0 7 0000 
20-FEB-2015 03 48095 3 2 9 58 0 00 00 10 220 20 185 3 0000 4 0000 5 0000 6 000 0 7 00 0 0 8 0 0 0 0 333 10 /// 58 000 6 000 0 7 0000 
20-FEB-2015 03 48096 3 2 9 56 0 06 02 10 230 20 181 3 0000 4 0152 5 0000 6 000 0 7 00 0 0 8 0 0 0 0 333 10 /// 59 000 6 000 0 7 0000 
20-FEB-2015 03 48097 3 1 5 57 3 00 00 10 260 20 179 3 0000 4 0145 5 0000 6 000 0 7 05 1 1 8 1 5 0 1 333 10 /// 59 008 6 000 0 7 0000 
20-FEB-2015 03 48099 3 1 4 50 5 13 02 10 265 20 179 3 0000 4 0148 5 0000 6 000 0 7 05 2 2 8 2 8 3 1 333 10 /// 59 001 6 000 0 7 0000 
20-FEB-2015 03 48101 3 1 7 58 2 00 00 10 245 20 209 3 0000 4 0000 5 0000 6 000 0 7 01 4 4 8 0 0 3 0 333 10 /// 58 000 6 000 0 7 0000 
20-FEB-2015 03 48103 3 2 5 50 4 04 01 10 252 20 205 3 0000 4 0146 5 0000 6 000 0 7 00 0 0 8 4 5 0 0 333 10 /// 58 003 6 000 0 7 0000 
20-FEB-2015 03 48107 3 1 3 50 4 32 01 10 230 20 143 3 0000 4 0130 5 0000 6 000 0 7 01 4 4 8 4 9 0 0 333 10 /// 59 001 6 000 0 7 0000 
20-FEB-2015 03 48108 2 2 5 96 7 32 02 10 275 20 223 3 0000 4 0142 5 0000 6 000 0 7 00 0 0 8 2 8 7 6 333 10 /// 59 005 6 000 0 7 0000 
20-FEB-2015 03 48109 3 2 4 97 3 36 01 10 270 20 211 3 0000 4 0152 5 0000 6 000 0 7 00 0 0 8 3 5 0 0 333 10 /// 58 000 6 000 0 7 0000 
20-FEB-2015 03 48110 2 1 5 96 5 04 03 10 290 20 248 3 0000 4 0134 5 0000 6 000 0 7 05 2 2 8 1 2 5 6 333 10 /// 59 011 6 000 0 7 0000 
20-FEB-2015 03 48112 3 2 5 98 6 04 01 10 293 20 230 3 0000 4 0128 5 0000 6 000 0 7 00 0 0 8 2 2 1 6 333 10 /// 59 014 6 000 0 7 0000 
