20-JAN-2015 18 48008 3 1 5 10 4 00 00 10 170 20 154 3 0000 4 0176 5 0000 6 000 0 7 10 4 4 8 2 4 3 0 333 10 /// 58 020 6 000 0 7 0000 
20-JAN-2015 18 48010 3 2 0 01 0 00 00 10 150 20 142 3 0000 4 0192 5 0000 6 000 0 7 00 0 0 8 0 0 0 0 333 10 /// 58 014 6 000 0 7 0000 
20-JAN-2015 18 48018 3 2 9 10 0 00 00 10 160 20 144 3 0000 4 0201 5 0000 6 000 0 7 00 0 0 8 0 0 0 0 333 10 /// 58 031 6 000 0 7 0000 
20-JAN-2015 18 48025 3 2 9 05 0 00 00 10 182 20 165 3 0000 4 0139 5 0000 6 000 0 7 00 0 0 8 0 0 0 0 333 10 /// 58 032 6 000 0 7 0000 
20-JAN-2015 18 48042 3 2 5 50 1 00 00 10 180 20 147 3 0000 4 0171 5 0000 6 000 0 7 00 0 0 8 1 4 0 0 333 10 /// 58 022 6 000 0 7 0000 
20-JAN-2015 18 48053 3 2 4 40 6 36 01 10 190 20 175 3 0000 4 0179 5 0000 6 000 0 7 00 0 0 8 2 5 0 0 333 10 /// 58 026 6 000 0 7 0000 
20-JAN-2015 18 48057 3 1 9 39 0 18 01 10 110 20 110 3 0000 4 0000 5 0000 6 000 0 7 10 0 0 8 0 0 0 0 333 10 /// 58 000 6 000 0 7 0000 
20-JAN-2015 18 48060 3 2 4 10 3 00 00 10 120 20 102 3 0000 4 0203 5 0000 6 000 0 7 00 0 0 8 1 1 3 0 333 10 /// 58 035 6 000 0 7 0000 
20-JAN-2015 18 48062 3 1 4 40 4 00 00 10 175 20 160 3 0000 4 0175 5 0000 6 000 0 7 40 4 4 8 3 8 3 0 333 10 /// 58 015 6 000 0 7 0000 
20-JAN-2015 18 48094 3 2 4 50 1 00 00 10 225 20 210 3 0000 4 0156 5 0000 6 000 0 7 00 0 0 8 1 5 0 0 333 10 /// 58 021 6 000 0 7 0000 
20-JAN-2015 18 48097 2 1 5 56 2 24 01 10 230 20 214 3 0000 4 0168 5 0000 6 000 0 7 02 6 1 8 2 5 0 0 333 10 /// 58 017 6 000 0 7 0000 
20-JAN-2015 18 48099 3 2 4 30 2 00 00 10 224 20 205 3 0000 4 0159 5 0000 6 000 0 7 00 0 0 8 2 5 0 0 333 10 /// 58 014 6 000 0 7 0000 
20-JAN-2015 18 48103 3 2 4 10 4 04 01 10 223 20 185 3 0000 4 0152 5 0000 6 000 0 7 00 0 0 8 4 5 0 0 333 10 /// 58 016 6 000 0 7 0000 
20-JAN-2015 18 48108 3 2 5 95 4 14 01 10 200 20 168 3 0000 4 0158 5 0000 6 000 0 7 00 0 0 8 2 4 0 6 333 10 /// 58 004 6 000 0 7 0000 
20-JAN-2015 18 48110 3 1 5 93 5 32 03 10 245 20 180 3 0000 4 0162 5 0000 6 000 0 7 05 2 2 8 1 2 0 6 333 10 /// 58 012 6 000 0 7 0000 
20-JAN-2015 18 48112 3 2 5 97 8 04 06 10 262 20 229 3 0000 4 0132 5 0000 6 000 0 7 00 0 0 8 3 8 7 6 333 10 /// 58 002 6 000 0 7 0000 
