200600 48004 32562 32201 10235 20155 83300 333 56500=
200600 48008 32557 20401 10228 20143 40181 82200 333 56100 58012=
200600 48010 32560 11801 10215 20156 40181 81100 333 56900 59006=
200600 48018 32560 21402 10243 20174 40189 82800 333 56900 58018=
200600 48019 32460 10402 10227 20163 40177 81100 333 56400 58011=
200600 48020 32258 53602 10220 20173 85800 333 56500=
200600 48025 31456 33203 10228 20163 40204 70144 82840 333 56990 58002=
200600 48035 31560 23202 10178 20147 40169 70144 82200 333 56700 59003=
200600 48037 32560 13601 10260 20160 40141 81120 333 56690 58004=
200600 48042 32558 32701 10255 20173 40170 82501 333 56509 58014=
200600 48045 32561 42303 10181 20086 84300 333 56500=
200600 48048 32560 30401 10250 20186 40177 83800 333 56900 58009=
200600 48051 32959 13601 10240 20160 70111 80001 333 56009=
200600 48053 32450 23601 10260 20160 40167 82500 333 56500 58012=
200600 48060 32440 40000 10200 20150 40172 84300 333 56500 58008=
200600 48062 32957 00402 10236 20210 40172 333 58005=
200600 48071 32960 00503 10252 20186 40171 333 58006=
200600 48075 32458 62201 10230 20160 40166 84360 333 56590 58022=
200600 48077 32559 60402 10290 20159 40158 85930 333 56990 58010=
200600 48078 32557 43202 10268 20191 40175 83501 333 56409 58010=
200600 48080 32461 32202 10281 20233 40147 82230 333 56490 59002=
200600 48085 32458 33204 10276 20191 40156 82870 333 56790 58007=
200600 48095 32458 20401 10300 20223 70122 82800 333 56900=
200600 48108 31996 30503 10320 20163 40153 70244 80006 333 56009 58004=
200600 48109 32497 70401 10276 20233 40162 85970 333 56990 58012=
200600 48110 31996 23203 10325 20199 40150 70511 80005 333 56009 58003=
200600 48112 32598 60407 10305 20230 40143 82216 333 56199 58005=
200600 48030 32256 42202 10158 20059 84800 333 56500=
200600 48072 32960 10402 10260 20215 70122 81200 333 56900=
200600 48087 32560 40401 10280 20203 82841 333 56999=
200600 48099 32456 63202 10306 20185 40158 84830 333 56790 58006=
200600 48101 32660 20000 10298 20207 70111 82100 333 56900=
200600 48103 32957 00401 10308 20169 40155 333 58004=
200600 48057 32456 41402 10182 20129 84300 333 56400=
200600 48094 32960 03602 10295 20200 40159 333 58013=
200600 48097 31557 51302 10320 20200 40155 70244 85800 333 56900 58007=
200600 48031 32262 61801 10160 20123 86800 333 56400=
200600 48033 32963 03601 10270 20172 40153 333 58010=
200600 48034 32457 21802 10205 20078 82500 333 56500=
200600 48039 32460 33202 10259 20179 82850 333 56770 48042=
200600 32558 32701 10255 10173 40170 82501 333 56500 58014=
200600 48043 32556 53205 10190 20118 85800 333 56500=
200600 48052 32470 33203 10250 20167 83800 333 56900=
200600 48055 32556 42304 10218 20146 40151 70244 84800 333 56500 58023=
200600 48064 32970 01401 10250 20186 40150 333 58012=
200600 48065 32968 10402 10260 20179 80001 333 56009=
200600 48074 32559 43203 10270 20172 40168 82860 333 56440 58008=
200600 48092 31456 41301 10300 20176 40141 70522 84800 333 56900 58018=
200600 48093 32657 42301 10300 20185 70311 84800 333 56500=
200600 48107 32950 02302 10312 20146 40136 333 56000 58008=  48001 NIL=
200600 48004 32562 32201 10235 20155 83300 333 56500=
200600 48008 32557 20401 10228 20143 40181 82200 333 56100 58012=
200600 48010 32560 11801 10215 20156 40181 81100 333 56900 59006=
200600 48018 32560 21402 10243 20174 40189 82800 333 56900 58018=
200600 48019 32460 10402 10227 20163 40177 81100 333 56400 58011=
200600 48020 32258 53602 10220 20173 85800 333 56500=
200600 48025 31456 33203 10228 20163 40204 70144 82840 333 56990 58002=
200600 48030 32256 42202 10158 20059 84800 333 56500=
200600 48031 32262 61801 10160 20123 86800 333 56400=
200600 48033 32963 03601 10270 20172 40153 333 58010=
200600 48034 32457 21802 10205 20078 82500 333 56500=
200600 48035 31560 23202 10178 20147 40169 70144 82200 333 56700 59003=
200600 48037 32560 13601 10260 20160 40141 81120 333 56690 58004=
200600 48039 32460 33202 10259 20179 82850 333 56770=
200600 48042 32558 32701 10255 20173 40170 82501 333 56500 58014=
200600 48043 32556 53205 10190 20118 85800 333 56500=
200600 48045 32561 42303 10181 20086 84300 333 56500=
200600 48048 32560 30401 10250 20186 40177 83800 333 56900 58009=
200600 48051 32959 13601 10240 20160 70111 80001 333 56009=
200600 48052 32470 33203 10250 20167 83800 333 56900=
200600 48053 32450 23601 10260 20160 40167 82500 333 56500 58012=
200600 48055 32556 42304 10218 20146 40151 70244 84800 333 56500 58023=
200600 48057 32456 41402 10182 20129 84300 333 56400=
200600 48060 32440 40000 10200 20150 40172 84300 333 56500 58008=
200600 48062 32957 00402 10236 20210 40172 333 58005=
200600 48064 32970 01401 10250 20186 40150 333 58012=
200600 48065 32968 10402 10260 20179 80001 333 56009=
200600 48071 32960 00503 10252 20186 40171 333 58006=
200600 48072 32960 10402 10260 20215 70122 81200 333 56900=
200600 48074 32559 43203 10270 20172 40168 82860 333 56440 58008=
200600 48075 32458 62201 10230 20160 40166 84360 333 56590 58022=
200600 48077 32559 60402 10290 20159 40158 85930 333 56990 58010=
200600 48078 32557 43202 10268 20191 40175 83501 333 56409 58010=
200600 48080 32461 32202 10281 20233 40147 82230 333 56490 59002=
200600 48085 32458 33204 10276 20191 40156 82870 333 56790 58007=
200600 48087 32560 40401 10280 20203 82841 333 56999=
200600 48092 31456 41301 10300 20176 40141 70522 84800 333 56900 58018=
200600 48093 32657 42301 10300 20185 70311 84800 333 56500=
200600 48094 32960 03602 10295 20200 40159 333 58013=
200600 48095 32458 20401 10300 20223 70122 82800 333 56900=
200600 48097 31557 51302 10320 20200 40155 70244 85800 333 56900 58007=
200600 48099 32456 63202 10306 20185 40158 84830 333 56790 58006=
200600 48101 32660 20000 10298 20207 70111 82100 333 56900=
200600 48103 32957 00401 10308 20169 40155 333 58004=
200600 48107 32950 02302 10312 20146 40136 333 56000 58008=
200600 48108 31996 30503 10320 20163 40153 70244 80006 333 56009 58004=
200600 48109 32497 70401 10276 20233 40162 85970 333 56990 58012=
200600 48110 31996 23203 10325 20199 40150 70511 80005 333 56009 58003=
200600 48112 32598 60407 10305 20230 40143 82216 333 56199 58005=  
