201200 48001 32456 30000 10180 20147 40158 83800 333 10235 56500 58016=
201200 48004 32560 12201 10210 20175 81100 333 10257 56900=
201200 48008 32550 40000 10228 20163 40152 82430 333 10270 56330 58017=
201200 48010 32040 00000 10230 20198 40164 333 10270 58014=
201200 48018 32556 10000 10230 20163 40164 70111 81100 333 10275 56900 58023=
201200 48019 32940 00000 10215 20195 40159 333 10268 58026=
201200 48020 32940 00000 10230 20163 333 10260=
201200 48025 32458 23202 10244 20136 40157 82800 333 10265 56500 58016=
201200 48030 32256 70402 10123 20102 87800 333 10168 56100=
201200 48031 32262 51801 10125 20120 85800 333 10165 56400=
201200 48033 32562 13301 10270 20172 40151 81500 333 10310 56900 58011=
201200 48034 32456 20000 10168 20117 82500 333 10230 56500=
201200 48035 32910 00000 10180 20118 40152 333 10239 58021=
201200 48037 32510 50000 10258 20179 40133 81171 333 10300 56569 58002=
201200 48039 32460 30000 10250 20167 82880 333 10300 56660=
201200 48042 32557 10000 10262 20203 40145 81400 333 10288 56900 58028=
201200 48043 32010 00000 10170 20135 333 10210=
201200 48045 32557 51402 10165 20117 84801 333 10209 56509=
201200 48048 32550 30401 10250 20205 40147 83800 333 10290 56900 58019=
201200 48051 32556 80000 10232 20180 70322 82205 333 10271 56609=
201200 48052 32450 40000 10282 20220 83801 333 10310 56909=
201200 48053 32450 30000 10240 20191 40147 81556 333 10270 56599 58018=
201200 48055 32556 50902 10210 20168 40137 84301 333 10259 56509 58023=
201200 48057 32450 51401 10170 20117 83806 333 10205 56409=
201200 48060 32410 32201 10200 20109 40154 70222 81106 333 10230 56509 59003=
201200 48062 31550 52702 10230 20200 40145 70522 83832 333 10265 56699 58010=
201200 48064 32550 30000 10230 20181 40131 81101 333 10275 56409 58013=
201200 48065 32950 10000 10239 20226 80001 333 10290 56009=
201200 48071 32456 23202 10235 20174 40155 82800 333 10270 56900 58009=
201200 48072 31456 30000 10245 20219 70522 83300 333 10290 56500=
201200 48074 32456 40000 10270 20211 40147 82402 333 10305 56409 58013=
201200 48075 32456 40000 10220 20160 40149 84300 333 10250 56500 58003=
201200 48077 32556 60000 10270 20172 40133 85930 333 10314 56990 58021=
201200 48078 32550 41401 10278 20220 40136 83801 333 10310 56609 58006=
201200 48080 32956 03201 10255 20233 40153 333 10300 58017=
201200 48085 32457 33205 10260 20179 40144 82806 333 10290 56709 58020=
201200 48087 32430 20000 10260 20215 82800 333 10314 56900=
201200 48092 21450 60000 10285 20218 40121 70522 86800 333 10325 56900 58009=
201200 48093 32640 32301 10266 20191 83800 333 10310 56500=
201200 48094 32456 23201 10266 20240 40146 82900 333 10327 56900 58011=
201200 48095 32956 20000 10280 20233 70222 80002 333 10315 56009=
201200 48096 32456 71705 10270 20191 40151 70322 87800 333 10310 56900 58019=
201200 48097 21556 72301 10250 20233 40150 72166 87300 333 10328 56900 58010=
201200 48099 21440 31801 10270 20211 40133 71011 82730 333 10320 56990 58006=
201200 48101 32550 60000 10260 20225 70322 83770 333 10314 56490=
201200 48103 32456 23201 10277 20206 40127 82500 333 10327 56500 58015=
201200 48107 32930 02701 10260 20179 40132 333 10330 58014=
201200 48108 32596 53601 10280 20184 40141 82806 333 10345 56909 58013=
201200 48109 21497 80401 10262 20246 40147 75022 8697/ 333 10295 5699/ 58020=
201200 48110 31596 52701 10285 20217 40132 70522 81206 333 10335 56909 58009=
201200 48112 32598 80405 10272 20226 40131 83876 333 10307 56199 58010=  
