201800 48008 31510 40000 10170 20154 40176 71044 82430 333 56330 58020=
201800 48010 32001 00000 10150 20142 40192 333 58014=
201800 48018 32910 00000 10160 20144 40201 333 58031=
201800 48025 32905 00000 10182 20165 40139 333 58032=
201800 48042 32550 10000 10180 20147 40171 81400 333 56900 58022=
201800 48053 32440 63601 10190 20175 40179 82500 333 56500 58026=
201800 48057 31939 01801 10110 20110 71000 333=
201800 48060 32410 30000 10120 20102 40203 81130 333 56590 58035=
201800 48062 31440 40000 10175 20160 40175 74044 83830 333 56990 58015=
201800 48094 32450 10000 10225 20210 40156 81500 333 56900 58021=
201800 48097 21556 22401 10230 20214 40168 70261 82500 333 56900 58017=
201800 48099 32430 20000 10224 20205 40159 82500 333 56900 58014=
201800 48103 32410 40401 10223 20185 40152 84500 333 56100 58016=
201800 48108 32595 41401 10200 20168 40158 82406 333 56909 58004=
201800 48110 31593 53203 10245 20180 40162 70522 81206 333 56209 58012=
201800 48112 32597 80406 10262 20229 40132 83876 333 56199 58002=  
