200000 48008 21440 80000 10250 20248 40035 70355 8497/ 333 20240 5645/ 58013 69902=
200000 48010 21430 80000 10245 20245 40018 75165 8572/ 333 20235 5644/ 58007 60082=
200000 48018 21556 80000 10240 20240 40019 76166 8597/ 333 20235 5699/ 58009 60112=
200000 48019 22450 70000 10245 20240 40021 85660 333 20243 56560 58010=
200000 48025 21110 80000 10254 20254 40020 70366 8577/ 333 20246 5689/ 58002 60462=
200000 48035 21356 80000 10227 20214 40020 70366 8597/ 333 20220 5667/ 59002 60062=
200000 48037 ///// 81401 10265 20229 40012 8587/ 333 20260 5666/ 59001=
200000 48042 22557 71303 10260 20238 40018 84870 333 20247 56440 58002 69902=
200000 48048 22550 71801 10273 20240 40014 85950 333 20267 56490 58007 69902=
200000 48051 22558 73601 10254 20240 85930 333 20247 56490 60012=
200000 48053 21440 81801 10240 20240 40029 75155 8597/ 333 20228 5659/ 58006 60332=
200000 48060 32340 80000 10237 20209 40030 84870 333 20220 56660 58018=
200000 48062 22656 61303 10270 20260 40014 86970 333 20260 56390 59003 60032=
200000 48071 21456 81802 10250 20250 40022 72162 8692/ 333 20245 5699/ 59005 60412=
200000 48075 22456 70000 10220 20212 40052 85770 333 56590 59002=
200000 48077 21556 80000 10260 20246 40030 70262 85931 333 20242 56499 59003 60062=
200000 48078 21440 71801 10250 20242 40047 70165 8477/ 333 20235 5649/ 58002 60042=
200000 48080 22456 80401 10250 20233 40040 85970 333 20243 56590 59009 60192=
200000 48085 22456 51403 10256 20255 40029 70165 81976 333 20240 56999 59008 60122=
200000 48108 21494 82301 10245 20236 40071 75165 8637/ 333 20230 5699/ 58005 60102=
200000 48109 21496 82304 10267 20256 40045 75399 8697/ 333 20198 5699/ 59009 60172=
200000 48110 21495 81302 10240 20240 40077 70255 85377 333 20240 56599 59001 60082=
200000 48112 21496 81402 10233 20233 40071 70152 8477/ 333 20185 5639/ 58001 60102=
200000 48030 21030 72201 10168 20168 74044 85840 333 20164 56560=
200000 48087 22450 70000 10258 20258 8497/ 333 20245 5649/ 60082=
200000 48099 21330 81301 10242 20242 40047 75166 8697/ 333 20284 5639/ 58000 60272=
200000 48101 21450 80000 10248 20233 75165 8697/ 333 20213 5659/ 60352=
200000 48103 21340 82202 10242 20240 40057 75065 8672/ 333 20237 5655/ 58006 60492=
200000 48057 22456 71401 10195 20185 85950 333 20185 56490=
200000 48094 22456 80000 10260 20255 40037 8597/ 333 20205 5659/ 59009 60102=
200000 48097 21557 81801 10250 20250 40053 75066 8637/ 333 20230 5649/ 58002 60292=
200000 48031 32/57 80000 10184 20184 888// 333 20180 569//=
200000 48033 22560 82302 10253 20250 40028 86970 333 20248 56450 58011 60012=
200000 48034 21356 80000 10200 20196 70365 8692/ 333 20197 5659/ 60082=
200000 48039 22456 80000 10255 20229 8596/ 333 20250 5655/=
200000 48043 22520 80000 10220 20220 8587/ 333 20169 5659/ 60032=
200000 48052 32450 71302 10272 20240 85930 333 20266 56990=
200000 48055 22256 70000 10215 20207 40031 84956 333 20205 56599 58007=
200000 48064 21450 80000 10257 20246 40014 84870 333 20232 56440 58015=
200000 48065 22450 81402 10255 20246 85870 333 20220 56490=
200000 48074 21350 80000 10250 20250 40037 70296 8677/ 333 20220 5644/ 59010 60472=
200000 48092 21456 81303 10250 20250 40041 75066 8697/ 333 20240 5669/ 58000 60262=
200000 48093 21440 82302 10253 20251 75065 8697/ 333 20243 5699/ 60322=
200000 48107 21330 82301 10238 20238 40071 76166 8597/ 333 20230 5655/ 58004 60102=  
