20-JUL-2015 09 48001 3 2 5 50 6 04 01 10 305 20 254 3 0000 4 0003 5 0000 6 000 0 7 00 0 0 8 4 8 2 0 333 10 /// 59 012 6 000 0 7 0000 
20-JUL-2015 09 48004 2 1 2 20 8 04 01 10 265 20 265 3 0000 4 0000 5 0000 6 000 0 7 02 6 5 8 6 9 7 / 333 10 /// 58 000 6 000 0 7 0000 
20-JUL-2015 09 48008 3 2 4 57 6 23 01 10 307 20 267 3 0000 4 0015 5 0000 6 000 0 7 00 0 0 8 3 9 7 0 333 10 /// 59 017 6 000 0 7 0000 
20-JUL-2015 09 48010 2 1 5 58 6 00 00 10 265 20 253 3 0000 4 0023 5 0000 6 000 0 7 01 6 6 8 3 8 3 1 333 10 /// 58 009 6 000 0 7 0000 
20-JUL-2015 09 48018 3 2 5 60 6 00 00 10 312 20 254 3 0000 4 0020 5 0000 6 000 0 7 00 0 0 8 3 8 7 0 333 10 /// 58 008 6 000 0 7 0000 
20-JUL-2015 09 48019 3 2 4 60 3 04 01 10 308 20 267 3 0000 4 0009 5 0000 6 000 0 7 00 0 0 8 2 2 6 0 333 10 /// 59 014 6 000 0 7 0000 
20-JUL-2015 09 48020 3 2 3 60 6 04 03 10 305 20 260 3 0000 4 0000 5 0000 6 000 0 7 00 0 0 8 4 3 3 0 333 10 /// 58 000 6 000 0 7 0000 
20-JUL-2015 09 48025 2 1 3 56 7 36 01 10 290 20 259 3 0000 4 0009 5 0000 6 000 0 7 02 5 5 8 4 7 7 0 333 10 /// 59 000 6 000 0 7 0000 
20-JUL-2015 09 48030 2 1 2 50 7 04 02 10 226 20 198 3 0000 4 0000 5 0000 6 000 0 7 01 5 5 8 5 9 2 0 333 10 /// 58 000 6 000 0 7 0000 
20-JUL-2015 09 48031 3 1 2 58 8 18 01 10 235 20 209 3 0000 4 0000 5 0000 6 000 0 7 01 4 4 8 8 8 / / 333 10 /// 58 000 6 000 0 7 0000 
20-JUL-2015 09 48033 3 2 5 63 4 18 01 10 330 20 258 3 0000 4 9995 5 0000 6 000 0 7 00 0 0 8 4 8 0 0 333 10 /// 59 012 6 000 0 7 0000 
20-JUL-2015 09 48034 3 2 4 57 6 23 02 10 260 20 215 3 0000 4 0000 5 0000 6 000 0 7 00 0 0 8 6 3 0 0 333 10 /// 58 000 6 000 0 7 0000 
20-JUL-2015 09 48035 3 2 5 60 8 00 00 10 287 20 230 3 0000 4 9986 5 0000 6 000 0 7 00 0 0 8 5 9 7 / 333 10 /// 59 010 6 000 0 7 0000 
20-JUL-2015 09 48037 3 2 5 60 6 18 01 10 340 20 257 3 0000 4 9989 5 0000 6 000 0 7 00 0 0 8 4 3 2 0 333 10 /// 59 006 6 000 0 7 0000 
20-JUL-2015 09 48039 2 1 4 60 7 14 01 10 319 20 248 3 0000 4 0000 5 0000 6 000 0 7 03 5 5 8 5 9 6 0 333 10 /// 58 000 6 000 0 7 0000 
20-JUL-2015 09 48042 3 2 5 59 6 18 02 10 340 20 240 3 0000 4 9999 5 0000 6 000 0 7 00 0 0 8 4 9 0 6 333 10 /// 58 004 6 000 0 7 0000 
20-JUL-2015 09 48043 3 2 5 56 8 18 08 10 255 20 215 3 0000 4 0000 5 0000 6 000 0 7 00 0 0 8 5 8 7 / 333 10 /// 58 000 6 000 0 7 0000 
20-JUL-2015 09 48045 2 1 9 03 9 14 03 10 228 20 214 3 0000 4 0000 5 0000 6 000 0 7 45 6 4 8 9 / / / 333 10 /// 58 000 6 000 0 7 0000 
20-JUL-2015 09 48048 2 1 5 58 7 18 02 10 350 20 237 3 0000 4 9999 5 0000 6 000 0 7 50 5 5 8 6 9 5 0 333 10 /// 58 001 6 000 0 7 0000 
20-JUL-2015 09 48051 3 2 5 59 7 04 01 10 298 20 250 3 0000 4 0000 5 0000 6 000 0 7 00 0 0 8 6 9 3 0 333 10 /// 58 000 6 000 0 7 0000 
20-JUL-2015 09 48052 3 2 4 68 5 13 01 10 378 20 240 3 0000 4 0000 5 0000 6 000 0 7 00 0 0 8 5 9 0 0 333 10 /// 58 000 6 000 0 7 0000 
20-JUL-2015 09 48053 3 2 4 56 7 18 03 10 330 20 203 3 0000 4 0008 5 0000 6 000 0 7 00 0 0 8 4 9 5 6 333 10 /// 59 001 6 000 0 7 0000 
20-JUL-2015 09 48055 3 2 5 56 6 23 05 10 300 20 228 3 0000 4 9983 5 0000 6 000 0 7 00 0 0 8 4 3 3 0 333 10 /// 59 020 6 000 0 7 0000 
20-JUL-2015 09 48057 3 2 4 58 6 22 02 10 242 20 191 3 0000 4 0000 5 0000 6 000 0 7 00 0 0 8 4 9 5 0 333 10 /// 58 000 6 000 0 7 0000 
20-JUL-2015 09 48060 3 2 3 40 6 32 01 10 306 20 225 3 0000 4 9994 5 0000 6 000 0 7 00 0 0 8 4 9 3 0 333 10 /// 58 006 6 000 0 7 0000 
20-JUL-2015 09 48062 2 1 4 56 8 23 08 10 290 20 270 3 0000 4 0015 5 0000 6 000 0 7 20 5 5 8 6 9 7 0 333 10 /// 59 010 6 000 0 7 0000 
20-JUL-2015 09 48064 3 2 5 60 3 32 01 10 326 20 275 3 0000 4 9987 5 0000 6 000 0 7 00 0 0 8 2 1 0 1 333 10 /// 58 001 6 000 0 7 0000 
20-JUL-2015 09 48065 2 2 5 60 4 14 01 10 320 20 265 3 0000 4 0000 5 0000 6 000 0 7 00 0 0 8 2 1 0 1 333 10 /// 58 000 6 000 0 7 0000 
20-JUL-2015 09 48071 2 2 4 58 8 23 03 10 275 20 268 3 0000 4 0023 5 0000 6 000 0 7 00 0 0 8 6 9 2 / 333 10 /// 58 001 6 000 0 7 0000 
20-JUL-2015 09 48072 2 1 4 58 8 18 04 10 270 20 256 3 0000 4 0000 5 0000 6 000 0 7 50 5 5 8 6 9 7 / 333 10 /// 58 000 6 000 0 7 0000 
20-JUL-2015 09 48074 3 2 4 60 4 23 01 10 320 20 265 3 0000 4 0035 5 0000 6 000 0 7 00 0 0 8 3 9 6 0 333 10 /// 59 001 6 000 0 7 0000 
20-JUL-2015 09 48075 3 2 4 57 7 14 01 10 270 20 226 3 0000 4 0016 5 0000 6 000 0 7 00 0 0 8 5 8 7 0 333 10 /// 59 019 6 000 0 7 0000 
20-JUL-2015 09 48077 3 2 5 59 8 00 00 10 310 20 267 3 0000 4 0021 5 0000 6 000 0 7 00 0 0 8 5 9 7 0 333 10 /// 59 008 6 000 0 7 0000 
20-JUL-2015 09 48078 3 2 5 58 6 18 01 10 298 20 260 3 0000 4 0036 5 0000 6 000 0 7 00 0 0 8 4 8 3 1 333 10 /// 58 002 6 000 0 7 0000 
20-JUL-2015 09 48080 2 1 4 59 8 22 05 10 282 20 268 3 0000 4 0031 5 0000 6 000 0 7 03 5 5 8 5 8 7 0 333 10 /// 58 006 6 000 0 7 0000 
20-JUL-2015 09 48085 2 1 4 57 8 22 01 10 275 20 268 3 0000 4 0029 5 0000 6 000 0 7 50 6 5 8 6 9 7 0 333 10 /// 59 002 6 000 0 7 0000 
20-JUL-2015 09 48087 3 2 5 60 6 23 01 10 300 20 253 3 0000 4 0000 5 0000 6 000 0 7 00 0 0 8 3 3 7 1 333 10 /// 58 000 6 000 0 7 0000 
20-JUL-2015 09 48092 2 1 4 57 8 23 06 10 270 20 240 3 0000 4 0021 5 0000 6 000 0 7 50 5 5 8 5 9 7 / 333 10 /// 59 004 6 000 0 7 0000 
20-JUL-2015 09 48093 2 1 4 56 8 23 01 10 280 20 268 3 0000 4 0000 5 0000 6 000 0 7 50 6 5 8 6 9 7 / 333 10 /// 58 000 6 000 0 7 0000 
20-JUL-2015 09 48094 3 2 4 59 8 22 03 10 307 20 270 3 0000 4 0026 5 0000 6 000 0 7 00 0 0 8 4 9 7 0 333 10 /// 59 016 6 000 0 7 0000 
20-JUL-2015 09 48095 2 1 4 58 8 00 00 10 280 20 280 3 0000 4 0000 5 0000 6 000 0 7 51 5 5 8 5 9 7 0 333 10 /// 58 000 6 000 0 7 0000 
20-JUL-2015 09 48097 2 1 5 57 8 23 01 10 240 20 240 3 0000 4 0056 5 0000 6 000 0 7 61 6 6 8 6 9 7 / 333 10 /// 58 018 6 000 0 7 0000 
20-JUL-2015 09 48099 2 2 4 57 6 13 02 10 295 20 253 3 0000 4 0040 5 0000 6 000 0 7 00 0 0 8 4 9 3 0 333 10 /// 59 001 6 000 0 7 0000 
20-JUL-2015 09 48101 2 1 4 57 8 00 00 10 272 20 256 3 0000 4 0000 5 0000 6 000 0 7 61 6 5 8 5 9 7 / 333 10 /// 58 000 6 000 0 7 0000 
20-JUL-2015 09 48103 3 2 4 56 3 22 04 10 311 20 254 3 0000 4 0040 5 0000 6 000 0 7 00 0 0 8 3 8 0 0 333 10 /// 58 004 6 000 0 7 0000 
20-JUL-2015 09 48107 3 2 3 50 6 27 02 10 298 20 253 3 0000 4 0053 5 0000 6 000 0 7 00 0 0 8 4 9 7 0 333 10 /// 58 004 6 000 0 7 0000 
20-JUL-2015 09 48108 2 1 4 95 8 23 05 10 280 20 250 3 0000 4 0064 5 0000 6 000 0 7 02 5 5 8 5 3 7 / 333 10 /// 58 003 6 000 0 7 0000 
20-JUL-2015 09 48109 2 1 4 96 8 23 07 10 280 20 250 3 0000 4 0038 5 0000 6 000 0 7 02 6 6 8 6 9 7 / 333 10 /// 59 009 6 000 0 7 0000 
20-JUL-2015 09 48110 2 1 4 95 8 23 05 10 250 20 250 3 0000 4 0075 5 0000 6 000 0 7 62 6 6 8 6 3 2 / 333 10 /// 59 007 6 000 0 7 0000 
20-JUL-2015 09 48112 2 1 5 97 8 22 05 10 250 20 233 3 0000 4 0082 5 0000 6 000 0 7 50 5 5 8 4 8 7 6 333 10 /// 58 008 6 000 0 7 0000 
