200900 48001 21440 83201 10290 20259 40047 70266 8477/ 333 56559 58011=
200900 48004 31458 61401 10286 20274 70165 86900 333 56500=
200900 48008 32457 71401 10322 20265 40033 84970 333 56560 59008=
200900 48010 22458 70000 10280 20274 40030 85870 333 56440 59002=
200900 48018 32560 42201 10345 20240 40043 82862 333 56569 58009=
200900 48020 32460 52704 10360 20278 84330 333 56440=
200900 48025 21456 72201 10302 20253 40034 72055 84370 333 56440 58015=
200900 48030 21250 82202 10220 20185 75055 86940 333 56560=
200900 48031 31/03 91402 10200 20200 74744 89/// 333 56999=
200900 48033 32563 41801 10360 20235 40016 84800 333 56400 58010=
200900 48034 32457 62302 10278 20220 86300 333 56500=
200900 48035 32560 62202 10314 20226 49997 84960 333 56490 59017=
200900 48037 21560 61801 10330 20244 40024 70166 84832 333 56449 58013=
200900 48039 32460 31401 10350 20219 83100 333 56400=
200900 48042 32560 31804 10368 20227 40017 83800 333 56400 58014=
200900 48043 22656 80000 10250 20219 8587/ 333 56599=
200900 48045 21005 91802 10206 20206 76264 89/// 333 56999=
200900 48048 32560 51801 10336 20240 40022 83950 333 56490 58009=
200900 48052 32468 41301 10350 20240 84800 333 56900=
200900 48053 32456 51805 10350 20237 40038 84906 333 56409 58003=
200900 48055 32556 62308 10286 20224 40026 86300 333 56300 58011=
200900 48057 21458 61401 10240 20191 84350 333 56590=
200900 48060 32350 72202 10284 20200 40006 85932 333 56699 59001=
200900 48062 21458 71308 10297 20280 40020 72196 85970 333 56490 58006=
200900 48064 32570 40401 10285 20268 40016 83801 333 56509 58012=
200900 48065 22457 60000 10302 20253 84870 333 56590=
200900 48071 32458 82309 10310 20254 40025 8697/ 333 5649/ 58008=
200900 48072 21460 81804 10275 20265 76066 86970 333 56490=
200900 48074 32461 51404 10336 20257 40034 84960 333 56540 58009=
200900 48075 32457 62201 10300 20207 40035 85830 333 56590 58004=
200900 48077 32559 72304 10320 20248 40031 85931 333 56499 59002=
200900 48078 22560 51403 10333 20257 40045 84301 333 56409 58002=
200900 48080 32459 82210 10300 20266 40041 86970 333 56490 58000=
200900 48085 21457 81403 10294 20248 40034 70365 85876 333 56599 58004=
200900 48087 22458 72301 10278 20250 70322 84971 333 56499=
200900 48092 21457 71303 10280 20259 40041 70366 84936 333 56599 58003=
200900 48093 21557 41401 10296 20266 84800 333 56500=
200900 48094 22460 62203 10295 20260 40046 84970 333 56590 58016=
200900 48095 21458 80000 10285 20250 75055 85970 333 56990=
200900 48097 21457 82403 10240 20240 40065 76095 8697/ 333 5699/ 58014=
200900 48099 21456 62301 10286 20248 40061 70166 84970 333 56590 58009=
200900 48101 22458 72304 10308 20254 85920 333 56590=
200900 48103 21456 61402 10293 20259 40066 72166 86800 333 56300 58014=
200900 48107 32350 62303 10314 20254 40065 84970 333 56550 58000=  48099 21456 62301 10286 20248 40061 70166 84970 333 56590 58009=  
200900 48108 21495 82301 10310 20254 40073 72055 84377 333 56699 59004=
200900 48109 32497 71802 10298 20253 40059 86930 333 56990 58014=
200900 48110 32596 71302 10320 20248 40079 84356 333 56599 59004=
200900 48112 32597 82201 10275 20256 40087 83876 333 56599 58003=
