20-MAR-2015 00 48008 3 1 5 50 2 04 01 10 190 20 175 3 0000 4 0113 5 0000 6 000 0 7 10 4 4 8 2 4 0 0 333 20 180 58 016 6 000 0 7 0000 
20-MAR-2015 00 48010 3 2 0 30 0 00 00 10 165 20 152 3 0000 4 0122 5 0000 6 000 0 7 00 0 0 8 0 0 0 0 333 20 155 58 028 6 000 0 7 0000 
20-MAR-2015 00 48018 3 1 9 40 0 32 01 10 185 20 147 3 0000 4 0113 5 0000 6 000 0 7 10 4 4 8 0 0 0 0 333 20 160 58 019 6 000 0 7 0000 
20-MAR-2015 00 48019 3 2 9 40 0 00 00 10 179 20 154 3 0000 4 0101 5 0000 6 000 0 7 00 0 0 8 0 0 0 0 333 20 178 58 012 6 000 0 7 0000 
20-MAR-2015 00 48025 3 1 4 10 1 00 00 10 196 20 150 3 0000 4 0116 5 0000 6 000 0 7 05 4 4 8 1 5 0 0 333 20 190 58 016 6 000 0 7 0000 
20-MAR-2015 00 48030 3 1 9 50 0 22 04 10 100 20 056 3 0000 4 0000 5 0000 6 000 0 7 05 4 4 8 0 0 0 0 333 20 070 58 000 6 000 0 7 0000 
20-MAR-2015 00 48033 3 2 9 60 4 36 02 10 256 20 203 3 0000 4 0099 5 0000 6 000 0 7 00 0 0 8 0 0 0 6 333 20 240 58 008 6 000 0 7 0000 
20-MAR-2015 00 48034 3 2 9 56 0 00 00 10 128 20 099 3 0000 4 0000 5 0000 6 000 0 7 00 0 0 8 0 0 0 0 333 20 118 58 000 6 000 0 7 0000 
20-MAR-2015 00 48035 3 1 5 10 1 00 00 10 127 20 113 3 0000 4 0130 5 0000 6 000 0 7 10 1 1 8 1 5 0 0 333 20 120 58 009 6 000 0 7 0000 
20-MAR-2015 00 48037 3 2 9 20 0 36 01 10 226 20 143 3 0000 4 0095 5 0000 6 000 0 7 00 0 0 8 0 0 0 0 333 20 215 58 005 6 000 0 7 0000 
20-MAR-2015 00 48039 3 1 4 40 2 00 00 10 220 20 136 3 0000 4 0000 5 0000 6 000 0 7 05 1 1 8 1 4 0 2 333 20 219 58 000 6 000 0 7 0000 
20-MAR-2015 00 48042 3 1 5 56 3 00 00 10 240 20 155 3 0000 4 0079 5 0000 6 000 0 7 05 1 1 8 1 1 0 2 333 20 228 59 010 6 000 0 7 0000 
20-MAR-2015 00 48043 3 2 0 30 4 00 00 10 160 20 123 3 0000 4 0000 5 0000 6 000 0 7 00 0 0 8 0 0 0 2 333 20 125 58 000 6 000 0 7 0000 
20-MAR-2015 00 48048 3 2 5 40 2 04 01 10 215 20 156 3 0000 4 0097 5 0000 6 000 0 7 00 0 0 8 2 8 0 0 333 20 208 58 005 6 000 0 7 0000 
20-MAR-2015 00 48051 3 1 5 40 3 04 01 10 200 20 170 3 0000 4 0000 5 0000 6 000 0 7 10 1 1 8 1 5 0 6 333 20 180 58 000 6 000 0 7 0000 
20-MAR-2015 00 48052 3 2 4 50 3 04 01 10 220 20 156 3 0000 4 0000 5 0000 6 000 0 7 00 0 0 8 3 8 0 0 333 20 215 58 000 6 000 0 7 0000 
20-MAR-2015 00 48053 3 1 9 30 0 22 01 10 230 20 163 3 0000 4 0089 5 0000 6 000 0 7 05 0 0 8 0 0 0 0 333 20 228 59 002 6 000 0 7 0000 
20-MAR-2015 00 48055 3 1 9 40 0 00 00 10 112 20 101 3 0000 4 0153 5 0000 6 000 0 7 10 0 0 8 0 0 0 0 333 20 106 58 014 6 000 0 7 0000 
20-MAR-2015 00 48057 3 1 9 39 1 00 00 10 170 20 135 3 0000 4 0000 5 0000 6 000 0 7 10 0 0 8 0 0 0 1 333 20 154 58 000 6 000 0 7 0000 
20-MAR-2015 00 48060 3 1 9 20 0 00 00 10 155 20 129 3 0000 4 0140 5 0000 6 000 0 7 41 4 4 8 0 0 0 0 333 20 135 58 000 6 000 0 7 0000 
20-MAR-2015 00 48062 3 1 5 60 5 36 01 10 215 20 190 3 0000 4 0111 5 0000 6 000 0 7 10 1 1 8 3 8 3 2 333 20 186 58 016 6 000 0 7 0000 
20-MAR-2015 00 48064 3 2 9 50 1 32 01 10 234 20 198 3 0000 4 0069 5 0000 6 000 0 7 00 0 0 8 0 0 0 1 333 20 180 58 000 6 000 0 7 0000 
20-MAR-2015 00 48065 3 2 9 50 1 00 00 10 220 20 173 3 0000 4 0000 5 0000 6 000 0 7 00 0 0 8 0 0 0 1 333 20 205 58 000 6 000 0 7 0000 
20-MAR-2015 00 48071 3 2 9 56 0 32 02 10 238 20 209 3 0000 4 0111 5 0000 6 000 0 7 00 0 0 8 0 0 0 0 333 20 210 58 015 6 000 0 7 0000 
20-MAR-2015 00 48074 3 1 4 56 3 14 05 10 250 20 167 3 0000 4 0107 5 0000 6 000 0 7 05 0 0 8 1 4 0 2 333 20 235 58 000 6 000 0 7 0000 
20-MAR-2015 00 48075 3 1 9 56 0 00 00 10 175 20 170 3 0000 4 0136 5 0000 6 000 0 7 05 0 0 8 0 0 0 0 333 20 160 58 002 6 000 0 7 0000 
20-MAR-2015 00 48077 3 1 9 56 0 00 00 10 230 20 214 3 0000 4 0086 5 0000 6 000 0 7 05 1 1 8 0 0 0 0 333 20 210 59 000 6 000 0 7 0000 
20-MAR-2015 00 48078 3 2 9 50 1 00 00 10 232 20 181 3 0000 4 0101 5 0000 6 000 0 7 00 0 0 8 0 0 0 1 333 20 215 59 000 6 000 0 7 0000 
20-MAR-2015 00 48080 3 1 9 08 0 00 00 10 181 20 165 3 0000 4 0107 5 0000 6 000 0 7 40 4 4 8 0 0 0 0 333 20 173 58 008 6 000 0 7 0000 
20-MAR-2015 00 48085 3 1 4 50 1 14 01 10 188 20 186 3 0000 4 0086 5 0000 6 000 0 7 40 4 4 8 1 1 0 0 333 20 187 59 007 6 000 0 7 0000 
20-MAR-2015 00 48092 3 1 / 30 9 00 00 10 240 20 240 3 0000 4 0065 5 0000 6 000 0 7 47 4 4 8 9 / / / 333 20 225 59 014 6 000 0 7 0000 
20-MAR-2015 00 48093 3 1 6 20 8 23 01 10 259 20 246 3 0000 4 0000 5 0000 6 000 0 7 10 2 2 8 6 8 7 / 333 20 255 58 000 6 000 0 7 0000 
20-MAR-2015 00 48094 3 1 9 50 0 00 00 10 238 20 210 3 0000 4 0107 5 0000 6 000 0 7 10 0 0 8 0 0 0 0 333 20 198 58 014 6 000 0 7 0000 
20-MAR-2015 00 48096 3 1 3 08 4 12 03 10 240 20 240 3 0000 4 0100 5 0000 6 000 0 7 40 2 2 8 4 6 / / 333 20 240 58 008 6 000 0 7 0000 
20-MAR-2015 00 48097 3 1 5 56 5 13 02 10 245 20 236 3 0000 4 0098 5 0000 6 000 0 7 10 2 2 8 5 5 0 0 333 20 232 58 003 6 000 0 7 0000 
20-MAR-2015 00 48099 3 2 3 30 3 09 01 10 260 20 246 3 0000 4 0092 5 0000 6 000 0 7 00 0 0 8 3 7 0 0 333 20 250 59 002 6 000 0 7 0000 
20-MAR-2015 00 48103 3 1 9 30 0 04 01 10 260 20 246 3 0000 4 0099 5 0000 6 000 0 7 40 4 4 8 0 0 0 0 333 20 248 59 005 6 000 0 7 0000 
20-MAR-2015 00 48107 3 1 3 40 6 00 00 10 254 20 233 3 0000 4 0102 5 0000 6 000 0 7 41 4 4 8 4 9 7 0 333 20 247 59 002 6 000 0 7 0000 
20-MAR-2015 00 48108 3 1 5 94 6 14 01 10 255 20 248 3 0000 4 0109 5 0000 6 000 0 7 10 2 2 8 3 4 0 6 333 20 245 59 003 6 000 0 7 0000 
20-MAR-2015 00 48109 3 2 9 96 0 00 00 10 250 20 233 3 0000 4 0107 5 0000 6 000 0 7 02 2 2 8 0 0 0 0 333 20 237 58 005 6 000 0 7 0000 
20-MAR-2015 00 48110 3 1 9 92 4 18 02 10 255 20 239 3 0000 4 0103 5 0000 6 000 0 7 42 4 4 8 0 0 0 6 333 20 250 58 002 6 000 0 7 0000 
20-MAR-2015 00 48112 3 2 5 97 8 36 01 10 265 20 240 3 0000 4 0106 5 0000 6 000 0 7 00 0 0 8 3 8 7 6 333 20 219 59 008 6 000 0 7 0000 
