201800 48008 32510 50000 10290 20230 40044 83930 333 56490 59013=
201800 48010 32501 50000 10300 20266 40009 83970 333 56660 59042=
201800 48018 32920 00000 10285 20233 40021 333 59031=
201800 48025 32405 53201 10335 20244 40030 84840 333 56690 59026=
201800 48042 22550 21803 10266 20256 40026 81450 333 56590 59014=
201800 48053 22440 61803 10260 20246 40049 84556 333 56499 58000=
201800 48057 21439 81501 10190 20190 75055 86370 333 56490=
201800 48060 21320 80000 10222 20205 40051 70355 85970 333 56590 58010=
201800 48062 32450 61801 10290 20280 40051 84970 333 56490 59011=
201800 48071 32460 40000 10280 20268 40046 82970 333 56990 58003=
201800 48078 21440 71401 10258 20246 40069 70155 8477/ 333 5649/ 58004=
201800 48080 32440 80000 10250 20233 40065 85870 333 56490 58014=
201800 48094 21450 80000 10245 20245 40059 70365 8597/ 333 5699/ 59002=
201800 48097 22556 42201 10260 20246 40082 84500 333 56900 59009=
201800 48099 21220 81301 10252 20252 40072 75155 8697/ 333 5699/ 59013=
201800 48103 21310 41402 10260 20246 40067 76066 8592/ 333 5633/ 59011=
201800 48108 21494 83202 10250 20250 40090 75165 8697/ 333 5699/ 59024=
201800 48109 21395 62307 10270 20256 40062 75165 8697/ 333 5699/ 59009=
201800 48110 21495 80000 10250 20250 40115 70299 84377 333 56599 59004=
201800 48112 22597 82702 10270 20256 40091 83876 333 56699 59005=  
