20-MAR-2015 12 48004 3 1 5 58 2 22 01 10 299 20 185 3 0000 4 0000 5 0000 6 000 0 7 05 1 1 8 2 8 0 0 333 10 350 58 000 6 000 0 7 0000 
20-MAR-2015 12 48008 3 1 5 40 3 00 00 10 313 20 189 3 0000 4 0081 5 0000 6 000 0 7 05 4 4 8 2 4 3 0 333 10 350 58 006 6 000 0 7 0000 
20-MAR-2015 12 48010 3 1 0 40 0 00 00 10 310 20 225 3 0000 4 0086 5 0000 6 000 0 7 05 4 4 8 0 0 0 0 333 10 360 58 012 6 000 0 7 0000 
20-MAR-2015 12 48018 3 1 9 58 0 00 00 10 330 20 191 3 0000 4 0088 5 0000 6 000 0 7 10 4 4 8 0 0 0 0 333 10 365 58 012 6 000 0 7 0000 
20-MAR-2015 12 48019 3 1 9 50 1 00 00 10 310 20 237 3 0000 4 0074 5 0000 6 000 0 7 00 0 0 8 0 0 0 1 333 10 349 58 004 6 000 0 7 0000 
20-MAR-2015 12 48020 3 1 2 50 2 00 00 10 310 20 267 3 0000 4 0000 5 0000 6 000 0 7 05 0 0 8 0 0 2 0 333 10 380 58 000 6 000 0 7 0000 
20-MAR-2015 12 48025 3 1 4 40 4 23 01 10 352 20 113 3 0000 4 0071 5 0000 6 000 0 7 05 4 4 8 3 8 4 0 333 10 375 59 041 6 000 0 7 0000 
20-MAR-2015 12 48030 3 1 2 50 4 04 01 10 223 20 035 3 0000 4 0000 5 0000 6 000 0 7 05 4 4 8 2 8 5 0 333 10 277 58 000 6 000 0 7 0000 
20-MAR-2015 12 48031 3 1 2 60 2 18 01 10 225 20 136 3 0000 4 0000 5 0000 6 000 0 7 05 0 0 8 0 0 0 2 333 10 270 58 000 6 000 0 7 0000 
20-MAR-2015 12 48033 3 2 9 62 4 33 02 10 350 20 237 3 0000 4 0070 5 0000 6 000 0 7 00 0 0 8 0 0 0 6 333 10 380 58 004 6 000 0 7 0000 
20-MAR-2015 12 48034 3 1 4 56 3 04 02 10 253 20 068 3 0000 4 0000 5 0000 6 000 0 7 05 1 1 8 2 8 5 0 333 10 303 58 000 6 000 0 7 0000 
20-MAR-2015 12 48035 3 1 5 20 3 00 00 10 274 20 191 3 0000 4 0063 5 0000 6 000 0 7 04 0 0 8 3 8 0 0 333 10 336 58 000 6 000 0 7 0000 
20-MAR-2015 12 48037 3 1 5 56 3 00 00 10 364 20 195 3 0000 4 0066 5 0000 6 000 0 7 05 4 4 8 0 0 3 6 333 10 388 58 009 6 000 0 7 0000 
20-MAR-2015 12 48039 3 1 4 50 6 22 01 10 333 20 151 3 0000 4 0000 5 0000 6 000 0 7 05 2 2 8 3 4 0 2 333 10 374 58 000 6 000 0 7 0000 
20-MAR-2015 12 48042 3 2 5 56 5 00 00 10 360 20 195 3 0000 4 0065 5 0000 6 000 0 7 00 0 0 8 1 1 0 2 333 10 388 58 000 6 000 0 7 0000 
20-MAR-2015 12 48043 3 2 0 30 0 00 00 10 260 20 138 3 0000 4 0000 5 0000 6 000 0 7 00 0 0 8 0 0 0 0 333 10 315 58 000 6 000 0 7 0000 
20-MAR-2015 12 48048 3 2 5 50 3 04 01 10 336 20 184 3 0000 4 0072 5 0000 6 000 0 7 00 0 0 8 3 8 0 0 333 10 385 58 012 6 000 0 7 0000 
20-MAR-2015 12 48051 3 2 5 58 4 31 03 10 323 20 120 3 0000 4 0000 5 0000 6 000 0 7 00 0 0 8 3 8 0 1 333 10 383 58 000 6 000 0 7 0000 
20-MAR-2015 12 48052 3 2 4 58 4 00 00 10 370 20 190 3 0000 4 0000 5 0000 6 000 0 7 00 0 0 8 3 8 0 1 333 10 395 58 000 6 000 0 7 0000 
20-MAR-2015 12 48053 3 1 9 40 2 00 00 10 350 20 219 3 0000 4 0064 5 0000 6 000 0 7 05 1 1 8 0 0 0 2 333 10 375 58 004 6 000 0 7 0000 
20-MAR-2015 12 48055 3 1 5 56 3 04 03 10 302 20 149 3 0000 4 0047 5 0000 6 000 0 7 05 1 1 8 3 8 0 0 333 10 360 58 004 6 000 0 7 0000 
20-MAR-2015 12 48057 3 2 9 56 0 22 02 10 260 20 102 3 0000 4 0000 5 0000 6 000 0 7 00 0 0 8 0 0 0 0 333 10 306 58 000 6 000 0 7 0000 
20-MAR-2015 12 48060 3 2 9 20 4 00 00 10 298 20 098 3 0000 4 0069 5 0000 6 000 0 7 00 0 0 8 2 1 3 0 333 10 354 59 004 6 000 0 7 0000 
20-MAR-2015 12 48062 3 1 5 56 4 32 08 10 300 20 220 3 0000 4 0092 5 0000 6 000 0 7 05 2 2 8 3 8 3 0 333 10 345 58 005 6 000 0 7 0000 
20-MAR-2015 12 48064 3 2 9 50 1 14 01 10 345 20 225 3 0000 4 0054 5 0000 6 000 0 7 00 0 0 8 0 0 0 1 333 10 402 58 001 6 000 0 7 0000 
20-MAR-2015 12 48065 3 2 9 50 1 00 00 10 360 20 150 3 0000 4 0000 5 0000 6 000 0 7 00 0 0 8 0 0 0 1 333 10 400 58 000 6 000 0 7 0000 
20-MAR-2015 12 48071 3 2 9 56 0 32 03 10 295 20 223 3 0000 4 0098 5 0000 6 000 0 7 00 0 0 8 0 0 0 0 333 10 325 58 012 6 000 0 7 0000 
20-MAR-2015 12 48072 3 2 9 57 0 32 04 10 290 20 215 3 0000 4 0000 5 0000 6 000 0 7 00 0 0 8 0 0 0 0 333 10 350 58 000 6 000 0 7 0000 
20-MAR-2015 12 48074 3 1 9 56 0 00 00 10 350 20 202 3 0000 4 0076 5 0000 6 000 0 7 05 4 4 8 0 0 0 0 333 10 400 58 015 6 000 0 7 0000 
20-MAR-2015 12 48075 3 1 4 56 2 27 02 10 290 20 115 3 0000 4 0086 5 0000 6 000 0 7 05 1 1 8 1 2 0 1 333 10 360 58 013 6 000 0 7 0000 
20-MAR-2015 12 48077 3 2 9 56 0 00 00 10 350 20 182 3 0000 4 0059 5 0000 6 000 0 7 00 0 0 8 0 0 0 0 333 10 410 59 000 6 000 0 7 0000 
20-MAR-2015 12 48078 3 2 9 40 2 00 00 10 356 20 208 3 0000 4 0065 5 0000 6 000 0 7 00 0 0 8 0 0 0 2 333 10 402 58 001 6 000 0 7 0000 
20-MAR-2015 12 48080 3 1 9 56 0 32 02 10 320 20 236 3 0000 4 0091 5 0000 6 000 0 7 05 0 0 8 0 0 0 0 333 10 375 58 007 6 000 0 7 0000 
20-MAR-2015 12 48085 3 2 4 56 1 32 05 10 294 20 251 3 0000 4 0091 5 0000 6 000 0 7 00 0 0 8 1 1 0 0 333 10 346 58 005 6 000 0 7 0000 
20-MAR-2015 12 48087 3 2 9 50 0 00 00 10 328 20 151 3 0000 4 0000 5 0000 6 000 0 7 00 0 0 8 0 0 0 0 333 10 410 58 000 6 000 0 7 0000 
20-MAR-2015 12 48092 3 1 9 57 1 23 05 10 360 20 242 3 0000 4 0048 5 0000 6 000 0 7 05 2 2 8 0 0 0 1 333 10 405 59 002 6 000 0 7 0000 
20-MAR-2015 12 48093 3 2 9 50 1 04 01 10 342 20 240 3 0000 4 0000 5 0000 6 000 0 7 03 1 1 8 0 0 0 1 333 10 383 58 000 6 000 0 7 0000 
20-MAR-2015 12 48094 3 2 9 56 0 32 02 10 315 20 255 3 0000 4 0088 5 0000 6 000 0 7 00 0 0 8 0 0 0 0 333 10 395 58 005 6 000 0 7 0000 
20-MAR-2015 12 48095 3 2 9 56 0 04 01 10 340 20 225 3 0000 4 0000 5 0000 6 000 0 7 00 0 0 8 0 0 0 0 333 10 375 58 000 6 000 0 7 0000 
20-MAR-2015 12 48097 3 2 5 57 4 23 01 10 350 20 253 3 0000 4 0092 5 0000 6 000 0 7 02 1 1 8 2 5 0 6 333 10 398 58 001 6 000 0 7 0000 
20-MAR-2015 12 48101 3 2 9 56 2 32 02 10 317 20 236 3 0000 4 0000 5 0000 6 000 0 7 00 0 0 8 0 0 0 5 333 10 373 58 000 6 000 0 7 0000 
20-MAR-2015 12 48103 3 2 5 40 2 22 01 10 307 20 267 3 0000 4 0074 5 0000 6 000 0 7 00 0 0 8 2 5 0 0 333 10 375 59 002 6 000 0 7 0000 
20-MAR-2015 12 48107 3 2 3 40 5 27 01 10 300 20 253 3 0000 4 0086 5 0000 6 000 0 7 00 0 0 8 3 9 0 6 333 10 355 58 002 6 000 0 7 0000 
20-MAR-2015 12 48108 3 2 5 96 8 32 01 10 310 20 237 3 0000 4 0089 5 0000 6 000 0 7 00 0 0 8 4 3 6 7 333 10 360 58 003 6 000 0 7 0000 
20-MAR-2015 12 48110 3 1 5 96 8 00 00 10 310 20 254 3 0000 4 0087 5 0000 6 000 0 7 05 2 2 8 2 3 0 7 333 10 350 59 002 6 000 0 7 0000 
20-MAR-2015 12 48112 3 2 5 97 8 27 01 10 310 20 254 3 0000 4 0095 5 0000 6 000 0 7 00 0 0 8 3 8 7 6 333 10 346 58 003 6 000 0 7 0000 
