20-MAR-2015 09 48004 3 1 5 58 2 22 01 10 341 20 145 3 0000 4 0000 5 0000 6 000 0 7 05 1 1 8 2 8 0 0 333 10 /// 58 000 6 000 0 7 0000 
20-MAR-2015 09 48008 3 1 5 57 2 04 01 10 348 20 158 3 0000 4 0086 5 0000 6 000 0 7 05 4 4 8 1 4 3 0 333 10 /// 58 001 6 000 0 7 0000 
20-MAR-2015 09 48010 3 2 4 60 0 00 00 10 350 20 182 3 0000 4 0085 5 0000 6 000 0 7 00 0 0 8 0 0 0 0 333 10 /// 58 011 6 000 0 7 0000 
20-MAR-2015 09 48018 3 2 9 60 0 14 02 10 365 20 156 3 0000 4 0096 5 0000 6 000 0 7 00 0 0 8 0 0 0 0 333 10 /// 58 011 6 000 0 7 0000 
20-MAR-2015 09 48019 3 1 9 58 0 36 01 10 337 20 206 3 0000 4 0087 5 0000 6 000 0 7 05 0 0 8 0 0 0 0 333 10 /// 58 009 6 000 0 7 0000 
20-MAR-2015 09 48025 3 1 4 40 2 36 01 10 370 20 125 3 0000 4 0082 5 0000 6 000 0 7 05 4 4 8 2 5 0 0 333 10 /// 59 003 6 000 0 7 0000 
20-MAR-2015 09 48030 3 1 2 50 0 32 03 10 272 20 000 3 0000 4 0000 5 0000 6 000 0 7 00 0 0 8 0 0 0 0 333 10 /// 58 000 6 000 0   333= 
20-MAR-2015 09 48031 3 1 9 60 0 04 01 10 265 20 000 3 0000 4 0000 5 0000 6 000 0 7 00 0 0 8 0 0 0 0 333 10 /// 58 000 6 000 0   333= 
20-MAR-2015 09 48033 3 2 9 63 0 36 02 10 380 20 285 3 0000 4 0077 5 0000 6 000 0 7 00 0 0 8 0 0 0 0 333 10 /// 59 010 6 000 0 7 0000 
20-MAR-2015 09 48034 3 1 4 57 2 04 02 10 290 20 092 3 0000 4 0000 5 0000 6 000 0 7 05 1 1 8 2 5 0 0 333 10 /// 58 000 6 000 0 7 0000 
20-MAR-2015 09 48035 3 1 5 30 2 36 03 10 331 20 076 3 0000 4 0044 5 0000 6 000 0 7 04 0 0 8 2 8 0 0 333 10 /// 58 000 6 000 0 7 0000 
20-MAR-2015 09 48037 3 1 6 56 1 32 01 10 385 20 159 3 0000 4 0071 5 0000 6 000 0 7 05 4 4 8 0 0 0 6 333 10 /// 59 007 6 000 0 7 0000 
20-MAR-2015 09 48039 3 1 9 50 4 04 01 10 368 20 171 3 0000 4 0000 5 0000 6 000 0 7 05 2 2 8 0 0 0 2 333 10 /// 58 000 6 000 0 7 0000 
20-MAR-2015 09 48042 3 1 5 56 4 04 02 10 378 20 150 3 0000 4 0063 5 0000 6 000 0 7 05 1 1 8 2 9 0 2 333 10 /// 59 005 6 000 0 7 0000 
20-MAR-2015 09 48043 3 2 0 59 0 32 05 10 305 20 189 3 0000 4 0000 5 0000 6 000 0 7 00 0 0 8 0 0 0 0 333 10 /// 58 000 6 000 0 7 0000 
20-MAR-2015 09 48045 3 2 9 58 5 09 05 10 285 20 060 3 0000 4 0000 5 0000 6 000 0 7 00 0 0 8 0 0 0 6 333 10 /// 58 000 6 000 0 7 0000 
20-MAR-2015 09 48048 3 2 5 60 6 04 01 10 375 20 159 3 0000 4 0080 5 0000 6 000 0 7 00 0 0 8 5 9 5 0 333 10 /// 58 012 6 000 0 7 0000 
20-MAR-2015 09 48051 3 1 9 59 0 04 02 10 376 20 110 3 0000 4 0000 5 0000 6 000 0 7 05 0 0 8 0 0 0 0 333 10 /// 58 000 6 000 0 7 0000 
20-MAR-2015 09 48052 3 2 4 70 4 04 02 10 386 20 154 3 0000 4 0000 5 0000 6 000 0 7 00 0 0 8 3 8 0 1 333 10 /// 58 000 6 000 0 7 0000 
20-MAR-2015 09 48053 3 1 5 50 4 36 02 10 370 20 227 3 0000 4 0074 5 0000 6 000 0 7 05 1 1 8 3 5 0 6 333 10 /// 58 011 6 000 0 7 0000 
20-MAR-2015 09 48055 3 1 5 56 3 32 04 10 353 20 158 3 0000 4 0011 5 0000 6 000 0 7 05 1 1 8 3 8 0 0 333 10 /// 59 018 6 000 0 7 0000 
20-MAR-2015 09 48057 3 2 9 58 2 14 02 10 298 20 124 3 0000 4 0000 5 0000 6 000 0 7 00 0 0 8 0 0 0 6 333 10 /// 58 000 6 000 0 7 0000 
20-MAR-2015 09 48060 3 1 9 30 0 00 00 10 350 20 158 3 0000 4 0052 5 0000 6 000 0 7 05 4 4 8 0 0 0 0 333 10 /// 58 018 6 000 0 7 0000 
20-MAR-2015 09 48062 3 2 5 57 4 32 09 10 330 20 230 3 0000 4 0099 5 0000 6 000 0 7 00 0 0 8 3 8 3 0 333 10 /// 58 006 6 000 0 7 0000 
20-MAR-2015 09 48064 3 2 9 70 1 14 01 10 398 20 214 3 0000 4 0064 5 0000 6 000 0 7 00 0 0 8 0 0 0 1 333 10 /// 58 012 6 000 0 7 0000 
20-MAR-2015 09 48065 3 2 9 70 0 00 00 10 393 20 131 3 0000 4 0000 5 0000 6 000 0 7 00 0 0 8 0 0 0 0 333 10 /// 58 000 6 000 0 7 0000 
20-MAR-2015 09 48071 3 2 4 60 1 32 05 10 320 20 215 3 0000 4 0096 5 0000 6 000 0 7 00 0 0 8 1 2 0 0 333 10 /// 58 000 6 000 0 7 0000 
20-MAR-2015 09 48072 3 2 9 60 0 27 06 10 340 20 257 3 0000 4 0000 5 0000 6 000 0 7 00 0 0 8 0 0 0 0 333 10 /// 58 000 6 000 0 7 0000 
20-MAR-2015 09 48074 3 1 9 60 0 36 05 10 400 20 176 3 0000 4 0067 5 0000 6 000 0 7 00 0 0 8 0 0 0 0 333 10 /// 59 002 6 000 0 7 0000 
20-MAR-2015 09 48075 3 1 4 57 1 14 01 10 360 20 075 3 0000 4 0042 5 0000 6 000 0 7 05 1 1 8 1 1 0 0 333 10 /// 59 019 6 000 0 7 0000 
20-MAR-2015 09 48077 3 2 5 59 2 04 01 10 408 20 210 3 0000 4 0061 5 0000 6 000 0 7 00 0 0 8 2 2 0 0 333 10 /// 59 004 6 000 0 7 0000 
20-MAR-2015 09 48078 3 2 9 60 1 18 01 10 398 20 217 3 0000 4 0068 5 0000 6 000 0 7 00 0 0 8 0 0 0 1 333 10 /// 59 005 6 000 0 7 0000 
20-MAR-2015 09 48080 3 1 4 59 1 32 06 10 362 20 235 3 0000 4 0078 5 0000 6 000 0 7 05 1 1 8 1 2 0 0 333 10 /// 58 003 6 000 0 7 0000 
20-MAR-2015 09 48085 3 2 9 58 1 32 05 10 334 20 244 3 0000 4 0088 5 0000 6 000 0 7 00 0 0 8 0 0 0 6 333 10 /// 59 003 6 000 0 7 0000 
20-MAR-2015 09 48092 3 1 9 57 0 22 01 10 400 20 230 3 0000 4 0036 5 0000 6 000 0 7 05 0 0 8 0 0 0 0 333 10 /// 59 018 6 000 0 7 0000 
20-MAR-2015 09 48093 3 2 9 58 0 32 01 10 384 20 255 3 0000 4 0000 5 0000 6 000 0 7 00 0 0 8 0 0 0 0 333 10 /// 58 000 6 000 0 7 0000 
20-MAR-2015 09 48094 3 2 9 60 0 32 02 10 380 20 190 3 0000 4 0081 5 0000 6 000 0 7 00 0 0 8 0 0 0 0 333 10 /// 58 002 6 000 0 7 0000 
20-MAR-2015 09 48095 3 2 9 60 0 04 01 10 375 20 246 3 0000 4 0000 5 0000 6 000 0 7 00 0 0 8 0 0 0 0 333 10 /// 58 000 6 000 0 7 0000 
20-MAR-2015 09 48097 3 2 5 57 4 05 01 10 385 20 261 3 0000 4 0088 5 0000 6 000 0 7 00 0 0 8 4 8 0 0 333 10 /// 58 010 6 000 0 7 0000 
20-MAR-2015 09 48099 3 2 4 56 6 32 03 10 380 20 240 3 0000 4 0064 5 0000 6 000 0 7 00 0 0 8 4 8 3 0 333 10 /// 59 006 6 000 0 7 0000 
20-MAR-2015 09 48101 3 2 9 61 0 36 02 10 372 20 207 3 0000 4 0000 5 0000 6 000 0 7 00 0 0 8 0 0 0 0 333 10 /// 58 000 6 000 0 7 0000 
20-MAR-2015 09 48103 3 2 9 56 0 32 02 10 361 20 264 3 0000 4 0070 5 0000 6 000 0 7 00 0 0 8 0 0 0 0 333 10 /// 59 018 6 000 0 7 0000 
20-MAR-2015 09 48107 3 2 9 50 0 23 02 10 340 20 257 3 0000 4 0074 5 0000 6 000 0 7 00 0 0 8 0 0 0 0 333 10 /// 59 013 6 000 0 7 0000 
20-MAR-2015 09 48108 3 2 5 96 8 32 03 10 350 20 240 3 0000 4 0080 5 0000 6 000 0 7 00 0 0 8 4 3 6 6 333 10 /// 58 000 6 000 0 7 0000 
20-MAR-2015 09 48109 3 2 9 97 0 04 01 10 320 20 265 3 0000 4 0103 5 0000 6 000 0 7 00 0 0 8 0 0 0 0 333 10 /// 58 002 6 000 0 7 0000 
20-MAR-2015 09 48110 3 1 5 96 8 32 03 10 350 20 250 3 0000 4 0085 5 0000 6 000 0 7 05 2 2 8 2 3 0 7 333 10 /// 59 002 6 000 0 7 0000 
