200900 48001 32556 10000 10245 20219 40123 82200 333 56100 59019=
200900 48004 32562 10401 10270 20191 70111 81100 333 56900=
200900 48008 32958 00000 10290 20179 40137 333 58002=
200900 48010 32560 10000 10295 20207 40127 81100 333 56900 59019=
200900 48018 32559 31401 10305 20166 40128 70322 82840 333 56310 59007=
200900 48019 32960 00403 10298 20185 40125 333 59003=
200900 48020 32460 13603 10280 20220 81200 333 56900=
200900 48025 32456 33601 10280 20220 40136 83400 333 56900 59009=
200900 48035 32660 10000 10280 20146 40103 81100 333 56900 59004=
200900 48037 32960 03601 10312 20189 40105 333 59021=
200900 48042 32558 20402 10305 20194 40107 82200 333 56900 59010=
200900 48045 32556 61403 10205 20175 86800 333 56300=
200900 48048 32560 20401 10330 20191 40116 82800 333 56900 59014=
200900 48051 32560 23102 10326 20240 82200 333 56900=
200900 48053 32556 23604 10320 20215 40104 82500 333 56900 59021=
200900 48060 32450 20000 10292 20159 40125 82100 333 56500 58002=
200900 48062 32958 02706 10330 20290 40100 333 59009=
200900 48071 32960 03203 10320 20236 40102 333 59004=
200900 48075 32458 31401 10290 20179 40090 83200 333 56500 59012=
200900 48077 32959 00402 10328 20201 40100 333 59012=
200900 48078 32559 33203 10318 20236 40101 82201 333 56909 58002=
200900 48080 32961 00403 10342 20225 40090 333 59010=
200900 48085 32458 22703 10328 20244 40093 82800 333 56300 59010=
200900 48095 32960 00402 10315 20237 333=
200900 48108 31596 60503 10345 20248 40075 71792 84966 333 56399 59008=
200900 48110 31596 43604 10335 20250 40077 70522 82356 333 56299 59007=
200900 48112 32598 60405 10325 20265 40073 82216 333 56199 59013=
200900 48030 32360 10402 10197 20150 81200 333 56100=
200900 48072 32961 03201 10330 20258 333=
200900 48087 32960 00401 10333 20258 333=
200900 48099 32560 22701 10362 20249 40077 82800 333 56900 59011=
200900 48101 32960 03202 10333 20244 333=
200900 48103 32456 33203 10356 20235 40078 83800 333 56700 59009=
200900 48057 32458 32202 10247 20150 83800 333 56500=
200900 48094 32460 10402 10336 20230 40093 81500 333 56900 59007=
200900 48097 32557 42302 10335 20250 40098 84800 333 56900 59002=
200900 48031 31260 31801 10220 20156 70211 83800 333 56400=
200900 48033 32963 03601 10300 20185 40112 70200 333 58001=
200900 48034 32458 22302 10273 20110 82800 333 56500=
200900 48039 32960 00401 10312 20225 333 56000=
200900 48043 32556 51403 10245 20186 83230 333 56590=
200900 48052 32950 03601 10344 20225 70211 80000 333 56000=
200900 48055 32557 21302 10288 20179 40081 82800 333 56500 59042=
200900 48064 32958 00000 10308 20225 40112 70111 333 59005=
200900 48065 32960 03202 10328 20184 70111 333 56000=
200900 48074 32959 00402 10330 20234 40092 333 59016=
200900 48092 32459 23201 10340 20240 40068 82100 333 56900 59017=
200900 48093 32658 30402 10342 20257 83100 333 56300=
200900 48107 32350 23602 10330 20244 40077 82900 333 56200 59011=
200900 48096 32559 13604 10330 20244 40093 81100 333 56400 59002=  48001 32556 10000 10245 20219 40123 82200 333 56100 59019=
200900 48004 32562 10401 10270 20191 70111 81100 333 56900=
200900 48008 32958 00000 10290 20179 40137 333 58002=
200900 48010 32560 10000 10295 20207 40127 81100 333 56900 59019=
200900 48018 32559 31401 10305 20166 40128 70322 82840 333 56310 59007=
200900 48019 32960 00403 10298 20185 40125 333 59003=
200900 48020 32460 13603 10280 20220 81200 333 56900=
200900 48025 32456 33601 10280 20220 40136 83400 333 56900 59009=
200900 48035 32660 10000 10280 20146 40103 81100 333 56900 59004=
200900 48037 32960 03601 10312 20189 40105 333 59021=
200900 48042 32558 20402 10305 20194 40107 82200 333 56900 59010=
200900 48045 32556 61403 10205 20175 86800 333 56300=
200900 48048 32560 20401 10330 20191 40116 82800 333 56900 59014=
200900 48051 32560 23102 10326 20240 82200 333 56900=
200900 48053 32556 23604 10320 20215 40104 82500 333 56900 59021=
200900 48060 32450 20000 10292 20159 40125 82100 333 56500 58002=
200900 48062 32958 02706 10330 20290 40100 333 59009=
200900 48071 32960 03203 10320 20236 40102 333 59004=
200900 48075 32458 31401 10290 20179 40090 83200 333 56500 59012=
200900 48077 32959 00402 10328 20201 40100 333 59012=
200900 48078 32559 33203 10318 20236 40101 82201 333 56909 58002=
200900 48080 32961 00403 10342 20225 40090 333 59010=
200900 48085 32458 22703 10328 20244 40093 82800 333 56300 59010=
200900 48095 32960 00402 10315 20237 333=
200900 48108 31596 60503 10345 20248 40075 71792 84966 333 56399 59008=
200900 48110 31596 43604 10335 20250 40077 70522 82356 333 56299 59007=
200900 48112 32598 60405 10325 20265 40073 82216 333 56199 59013=
200900 48030 32360 10402 10197 20150 81200 333 56100=
200900 48072 32961 03201 10330 20258 333=
200900 48087 32960 00401 10333 20258 333=
200900 48099 32560 22701 10362 20249 40077 82800 333 56900 59011=
200900 48101 32960 03202 10333 20244 333=
200900 48103 32456 33203 10356 20235 40078 83800 333 56700 59009=
200900 48057 32458 32202 10247 20150 83800 333 56500=
200900 48094 32460 10402 10336 20230 40093 81500 333 56900 59007=
200900 48097 32557 42302 10335 20250 40098 84800 333 56900 59002=
200900 48031 31260 31801 10220 20156 70211 83800 333 56400=
200900 48033 32963 03601 10300 20185 40112 70200 333 58001=
200900 48034 32458 22302 10273 20110 82800 333 56500=
200900 48039 32960 00401 10312 20225 333 56000=
200900 48043 32556 51403 10245 20186 83230 333 56590=
200900 48052 32950 03601 10344 20225 70211 80000 333 56000=
200900 48055 32557 21302 10288 20179 40081 82800 333 56500 59042=
200900 48064 32958 00000 10308 20225 40112 70111 333 59005=
200900 48065 32960 03202 10328 20184 70111 333 56000=
200900 48074 32959 00402 10330 20234 40092 333 59016=
200900 48092 32459 23201 10340 20240 40068 82100 333 56900 59017=
200900 48093 32658 30402 10342 20257 83100 333 56300=
200900 48107 32350 23602 10330 20244 40077 82900 333 56200 59011=
200900 48096 32559 13604 10330 20244 40093 81100 333 56400 59002=  
