20-OCT-2015 06 48001 3 2 4 40 1 04 01 10 285 20 248 3 0000 4 0104 5 0000 6 000 0 7 00 0 0 8 1 1 0 0 333 10 /// 59 020 6 000 0 7 0000 
20-OCT-2015 06 48004 3 2 5 62 2 04 01 10 298 20 207 3 0000 4 0000 5 0000 6 000 0 7 00 0 0 8 2 8 0 0 333 10 /// 58 000 6 000 0 7 0000 
20-OCT-2015 06 48008 3 2 5 58 2 04 01 10 302 20 233 3 0000 4 0100 5 0000 6 000 0 7 00 0 0 8 2 8 0 0 333 10 /// 59 026 6 000 0 7 0000 
20-OCT-2015 06 48010 3 2 5 60 2 18 01 10 320 20 248 3 0000 4 0100 5 0000 6 000 0 7 00 0 0 8 2 8 0 0 333 10 /// 59 031 6 000 0 7 0000 
20-OCT-2015 06 48018 3 2 5 60 2 36 01 10 313 20 225 3 0000 4 0116 5 0000 6 000 0 7 03 1 1 8 2 8 0 0 333 10 /// 59 027 6 000 0 7 0000 
20-OCT-2015 06 48019 3 2 4 62 1 32 02 10 326 20 212 3 0000 4 0098 5 0000 6 000 0 7 00 0 0 8 1 2 0 0 333 10 /// 59 022 6 000 0 7 0000 
20-OCT-2015 06 48020 3 2 4 62 2 09 03 10 310 20 254 3 0000 4 0000 5 0000 6 000 0 7 00 0 0 8 2 2 0 0 333 10 /// 58 000 6 000 0 7 0000 
20-OCT-2015 06 48025 3 2 4 56 4 36 01 10 302 20 239 3 0000 4 0110 5 0000 6 000 0 7 00 0 0 8 3 8 4 0 333 10 /// 59 030 6 000 0 7 0000 
20-OCT-2015 06 48030 3 1 2 56 6 04 01 10 192 20 175 3 0000 4 0000 5 0000 6 000 0 7 03 4 4 8 6 9 0 0 333 10 /// 58 000 6 000 0 7 0000 
20-OCT-2015 06 48031 3 2 2 60 2 22 01 10 240 20 174 3 0000 4 0000 5 0000 6 000 0 7 00 0 0 8 2 8 0 0 333 10 /// 58 000 6 000 0 7 0000 
20-OCT-2015 06 48033 3 2 5 63 2 36 01 10 320 20 236 3 0000 4 0090 5 0000 6 000 0 7 00 0 0 8 2 5 0 0 333 10 /// 59 029 6 000 0 7 0000 
20-OCT-2015 06 48034 3 2 4 58 3 04 02 10 280 20 169 3 0000 4 0000 5 0000 6 000 0 7 00 0 0 8 3 8 0 0 333 10 /// 58 000 6 000 0 7 0000 
20-OCT-2015 06 48035 3 2 5 60 1 22 02 10 277 20 184 3 0000 4 0077 5 0000 6 000 0 7 00 0 0 8 1 2 0 0 333 10 /// 59 016 6 000 0 7 0000 
20-OCT-2015 06 48037 3 2 4 62 3 36 02 10 320 20 248 3 0000 4 0094 5 0000 6 000 0 7 00 0 0 8 3 3 0 0 333 10 /// 59 030 6 000 0 7 0000 
20-OCT-2015 06 48039 3 2 4 60 2 00 00 10 322 20 236 3 0000 4 0000 5 0000 6 000 0 7 00 0 0 8 2 1 0 0 333 10 /// 58 000 6 000 0 7 0000 
20-OCT-2015 06 48042 3 2 5 57 2 32 01 10 322 20 215 3 0000 4 0093 5 0000 6 000 0 7 00 0 0 8 2 8 0 0 333 10 /// 59 018 6 000 0 7 0000 
20-OCT-2015 06 48043 3 2 6 58 4 23 05 10 270 20 191 3 0000 4 0000 5 0000 6 000 0 7 00 0 0 8 4 2 0 0 333 10 /// 58 000 6 000 0 7 0000 
20-OCT-2015 06 48045 3 2 5 57 5 22 04 10 240 20 191 3 0000 4 0000 5 0000 6 000 0 7 00 0 0 8 5 8 0 0 333 10 /// 58 000 6 000 0 7 0000 
20-OCT-2015 06 48048 3 2 5 60 2 04 01 10 330 20 258 3 0000 4 0103 5 0000 6 000 0 7 00 0 0 8 2 8 0 0 333 10 /// 59 022 6 000 0 7 0000 
20-OCT-2015 06 48051 3 2 5 59 3 36 01 10 314 20 250 3 0000 4 0000 5 0000 6 000 0 7 03 1 1 8 3 2 0 0 333 10 /// 58 000 6 000 0 7 0000 
20-OCT-2015 06 48052 3 2 4 58 2 36 01 10 352 20 266 3 0000 4 0000 5 0000 6 000 0 7 00 0 0 8 2 2 0 0 333 10 /// 58 000 6 000 0 7 0000 
20-OCT-2015 06 48053 3 2 4 58 3 36 02 10 320 20 236 3 0000 4 0095 5 0000 6 000 0 7 00 0 0 8 3 5 0 0 333 10 /// 59 023 6 000 0 7 0000 
20-OCT-2015 06 48055 3 2 5 57 3 14 04 10 272 20 191 3 0000 4 0079 5 0000 6 000 0 7 00 0 0 8 3 8 0 0 333 10 /// 59 012 6 000 0 7 0000 
20-OCT-2015 06 48057 3 2 4 60 3 23 02 10 240 20 174 3 0000 4 0000 5 0000 6 000 0 7 00 0 0 8 3 3 0 0 333 10 /// 58 000 6 000 0 7 0000 
20-OCT-2015 06 48060 3 2 3 56 2 00 00 10 290 20 179 3 0000 4 0053 5 0000 6 000 0 7 00 0 0 8 2 1 0 0 333 10 /// 59 019 6 000 0 7 0000 
20-OCT-2015 06 48062 3 2 4 57 4 27 01 10 320 20 280 3 0000 4 0104 5 0000 6 000 0 7 03 2 2 8 4 9 0 0 333 10 /// 59 020 6 000 0 7 0000 
20-OCT-2015 06 48064 3 2 5 60 2 09 01 10 325 20 265 3 0000 4 0092 5 0000 6 000 0 7 00 0 0 8 2 8 0 0 333 10 /// 59 007 6 000 0 7 0000 
20-OCT-2015 06 48065 3 2 5 60 1 22 01 10 335 20 244 3 0000 4 0000 5 0000 6 000 0 7 00 0 0 8 1 1 0 0 333 10 /// 58 000 6 000 0 7 0000 
20-OCT-2015 06 48071 3 2 4 60 1 32 03 10 312 20 254 3 0000 4 0106 5 0000 6 000 0 7 00 0 0 8 1 2 0 0 333 10 /// 59 018 6 000 0 7 0000 
20-OCT-2015 06 48072 3 2 4 60 1 04 04 10 315 20 265 3 0000 4 0000 5 0000 6 000 0 7 01 2 2 8 1 2 0 0 333 10 /// 58 000 6 000 0 7 0000 
20-OCT-2015 06 48074 3 2 5 61 1 32 02 10 310 20 254 3 0000 4 0098 5 0000 6 000 0 7 00 0 0 8 1 1 0 0 333 10 /// 59 020 6 000 0 7 0000 
20-OCT-2015 06 48075 3 2 4 58 2 32 01 10 280 20 184 3 0000 4 0094 5 0000 6 000 0 7 02 2 2 8 2 2 0 0 333 10 /// 59 013 6 000 0 7 0000 
20-OCT-2015 06 48077 3 2 5 59 3 00 00 10 326 20 258 3 0000 4 0093 5 0000 6 000 0 7 00 0 0 8 2 9 0 1 333 10 /// 59 016 6 000 0 7 0000 
20-OCT-2015 06 48078 3 2 5 62 3 32 01 10 332 20 258 3 0000 4 0099 5 0000 6 000 0 7 00 0 0 8 2 2 0 1 333 10 /// 59 015 6 000 0 7 0000 
20-OCT-2015 06 48080 3 2 5 62 3 32 02 10 320 20 265 3 0000 4 0098 5 0000 6 000 0 7 00 0 0 8 2 2 3 0 333 10 /// 59 017 6 000 0 7 0000 
20-OCT-2015 06 48085 3 2 4 58 2 32 05 10 312 20 267 3 0000 4 0098 5 0000 6 000 0 7 00 0 0 8 2 8 0 0 333 10 /// 59 018 6 000 0 7 0000 
20-OCT-2015 06 48087 3 2 5 60 3 04 03 10 337 20 270 3 0000 4 0000 5 0000 6 000 0 7 00 0 0 8 3 8 0 0 333 10 /// 58 000 6 000 0 7 0000 
20-OCT-2015 06 48092 3 2 4 57 6 04 01 10 330 20 267 3 0000 4 0072 5 0000 6 000 0 7 00 0 0 8 6 2 0 0 333 10 /// 59 026 6 000 0 7 0000 
20-OCT-2015 06 48093 3 2 5 58 5 04 01 10 322 20 281 3 0000 4 0000 5 0000 6 000 0 7 00 0 0 8 5 8 0 0 333 10 /// 58 000 6 000 0 7 0000 
20-OCT-2015 06 48094 3 2 4 60 3 32 02 10 335 20 265 3 0000 4 0094 5 0000 6 000 0 7 00 0 0 8 3 8 0 0 333 10 /// 59 008 6 000 0 7 0000 
20-OCT-2015 06 48095 3 2 4 60 6 00 00 10 325 20 265 3 0000 4 0000 5 0000 6 000 0 7 03 2 2 8 3 8 4 0 333 10 /// 58 000 6 000 0 7 0000 
20-OCT-2015 06 48096 3 2 4 58 7 05 04 10 320 20 265 3 0000 4 0092 5 0000 6 000 0 7 00 0 0 8 5 9 4 0 333 10 /// 59 021 6 000 0 7 0000 
20-OCT-2015 06 48097 3 2 5 57 5 07 04 10 320 20 256 3 0000 4 0104 5 0000 6 000 0 7 00 0 0 8 5 4 0 0 333 10 /// 59 019 6 000 0 7 0000 
20-OCT-2015 06 48099 3 2 5 57 5 23 01 10 335 20 270 3 0000 4 0086 5 0000 6 000 0 7 00 0 0 8 5 9 0 0 333 10 /// 59 014 6 000 0 7 0000 
20-OCT-2015 06 48101 3 2 5 60 5 36 01 10 328 20 258 3 0000 4 0000 5 0000 6 000 0 7 03 2 2 8 5 3 0 0 333 10 /// 58 000 6 000 0 7 0000 
20-OCT-2015 06 48103 2 1 3 56 7 14 02 10 312 20 267 3 0000 4 0089 5 0000 6 000 0 7 50 5 5 8 7 7 0 0 333 10 /// 59 018 6 000 0 7 0000 
20-OCT-2015 06 48107 3 2 3 50 6 27 01 10 323 20 265 3 0000 4 0089 5 0000 6 000 0 7 00 0 0 8 4 9 7 0 333 10 /// 59 016 6 000 0 7 0000 
20-OCT-2015 06 48108 3 2 5 96 6 23 05 10 330 20 251 3 0000 4 0093 5 0000 6 000 0 7 00 0 0 8 4 3 0 6 333 10 /// 59 015 6 000 0 7 0000 
20-OCT-2015 06 48109 3 2 4 97 2 23 01 10 313 20 267 3 0000 4 0103 5 0000 6 000 0 7 00 0 0 8 2 5 0 0 333 10 /// 59 018 6 000 0 7 0000 
20-OCT-2015 06 48110 3 1 5 96 6 18 03 10 335 20 272 3 0000 4 0096 5 0000 6 000 0 7 05 2 2 8 4 9 0 6 333 10 /// 59 010 6 000 0 7 0000 
20-OCT-2015 06 48112 3 2 5 97 8 04 03 10 325 20 270 3 0000 4 0104 5 0000 6 000 0 7 02 2 2 8 3 8 7 6 333 10 /// 59 005 6 000 0 7 0000 
