20-SEP-2015 06 48004 2 1 1 10 8 00 00 10 248 20 248 3 0000 4 0000 5 0000 6 000 0 7 53 6 5 8 6 9 7 / 333 10 /// 58 000 6 000 0 7 0000 
20-SEP-2015 06 48008 3 1 4 56 8 00 00 10 262 20 246 3 0000 4 0116 5 0000 6 000 0 7 50 6 5 8 4 9 7 / 333 10 /// 59 001 6 000 0 7 0000 
20-SEP-2015 06 48010 2 1 4 40 8 00 00 10 250 20 250 3 0000 4 0095 5 0000 6 000 0 7 51 6 6 8 8 / / / 333 10 /// 59 006 6 000 0 7 0000 
20-SEP-2015 06 48018 2 1 5 56 8 00 00 10 255 20 250 3 0000 4 0118 5 0000 6 000 0 7 20 5 5 8 4 9 7 / 333 10 /// 58 011 6 000 0 7 0000 
20-SEP-2015 06 48019 2 2 4 56 8 36 01 10 260 20 246 3 0000 4 0107 5 0000 6 000 0 7 00 0 0 8 5 7 7 / 333 10 /// 59 008 6 000 0 7 0000 
20-SEP-2015 06 48020 2 1 3 57 7 04 02 10 270 20 256 3 0000 4 0000 5 0000 6 000 0 7 01 5 5 8 5 7 7 / 333 10 /// 58 000 6 000 0 7 0000 
20-SEP-2015 06 48025 2 1 3 40 8 00 00 10 274 20 256 3 0000 4 0106 5 0000 6 000 0 7 02 5 5 8 5 7 7 / 333 10 /// 58 007 6 000 0 7 0000 
20-SEP-2015 06 48030 2 1 2 56 8 04 01 10 198 20 185 3 0000 4 0000 5 0000 6 000 0 7 02 5 5 8 6 9 4 / 333 10 /// 58 000 6 000 0 7 0000 
20-SEP-2015 06 48031 3 1 2 58 8 14 01 10 205 20 205 3 0000 4 0000 5 0000 6 000 0 7 01 4 4 8 8 8 / / 333 10 /// 58 000 6 000 0 7 0000 
20-SEP-2015 06 48033 3 2 5 63 7 18 01 10 310 20 254 3 0000 4 0100 5 0000 6 000 0 7 00 0 0 8 5 9 7 0 333 10 /// 58 003 6 000 0 7 0000 
20-SEP-2015 06 48034 2 1 4 56 8 23 02 10 218 20 185 3 0000 4 0000 5 0000 6 000 0 7 02 5 5 8 6 3 7 / 333 10 /// 58 000 6 000 0 7 0000 
20-SEP-2015 06 48035 3 2 5 60 8 22 02 10 259 20 215 3 0000 4 0097 5 0000 6 000 0 7 00 0 0 8 5 9 7 / 333 10 /// 58 006 6 000 0 7 0000 
20-SEP-2015 06 48037 3 2 4 60 7 14 01 10 299 20 253 3 0000 4 0101 5 0000 6 000 0 7 00 0 0 8 4 3 7 0 333 10 /// 58 010 6 000 0 7 0000 
20-SEP-2015 06 48039 3 2 4 60 7 14 01 10 325 20 236 3 0000 4 0000 5 0000 6 000 0 7 00 0 0 8 4 9 6 0 333 10 /// 58 000 6 000 0 7 0000 
20-SEP-2015 06 48042 3 2 5 58 7 13 03 10 335 20 237 3 0000 4 0098 5 0000 6 000 0 7 00 0 0 8 4 9 5 0 333 10 /// 58 001 6 000 0 7 0000 
20-SEP-2015 06 48043 3 2 5 58 6 18 08 10 250 20 219 3 0000 4 0000 5 0000 6 000 0 7 00 0 0 8 4 8 3 0 333 10 /// 58 000 6 000 0 7 0000 
20-SEP-2015 06 48045 3 1 1 20 7 14 03 10 231 20 205 3 0000 4 0000 5 0000 6 000 0 7 02 4 4 8 7 6 0 0 333 10 /// 58 000 6 000 0 7 0000 
20-SEP-2015 06 48048 3 2 5 62 4 18 02 10 310 20 237 3 0000 4 0108 5 0000 6 000 0 7 00 0 0 8 4 8 0 0 333 10 /// 58 011 6 000 0 7 0000 
20-SEP-2015 06 48051 2 1 4 58 7 13 03 10 288 20 260 3 0000 4 0000 5 0000 6 000 0 7 50 5 5 8 5 9 7 0 333 10 /// 58 000 6 000 0 7 0000 
20-SEP-2015 06 48052 3 2 4 68 5 22 01 10 320 20 265 3 0000 4 0000 5 0000 6 000 0 7 00 0 0 8 5 9 0 0 333 10 /// 58 000 6 000 0 7 0000 
20-SEP-2015 06 48053 3 2 4 56 6 18 04 10 310 20 225 3 0000 4 0102 5 0000 6 000 0 7 00 0 0 8 4 9 5 6 333 10 /// 58 003 6 000 0 7 0000 
20-SEP-2015 06 48055 3 2 5 57 7 23 04 10 288 20 215 3 0000 4 0092 5 0000 6 000 0 7 00 0 0 8 4 3 3 6 333 10 /// 59 024 6 000 0 7 0000 
20-SEP-2015 06 48057 3 2 4 60 7 23 01 10 240 20 191 3 0000 4 0000 5 0000 6 000 0 7 00 0 0 8 4 9 0 6 333 10 /// 58 000 6 000 0 7 0000 
20-SEP-2015 06 48060 3 2 3 50 6 22 01 10 292 20 215 3 0000 4 0084 5 0000 6 000 0 7 00 0 0 8 4 9 3 0 333 10 /// 59 023 6 000 0 7 0000 
20-SEP-2015 06 48064 3 2 4 58 7 04 01 10 310 20 267 3 0000 4 0078 5 0000 6 000 0 7 00 0 0 8 4 8 3 1 333 10 /// 59 017 6 000 0 7 0000 
20-SEP-2015 06 48065 3 2 4 57 7 22 02 10 305 20 254 3 0000 4 0000 5 0000 6 000 0 7 00 0 0 8 5 8 7 0 333 10 /// 58 000 6 000 0 7 0000 
20-SEP-2015 06 48071 3 2 4 60 7 18 04 10 300 20 266 3 0000 4 0098 5 0000 6 000 0 7 00 0 0 8 5 9 7 0 333 10 /// 59 009 6 000 0 7 0000 
20-SEP-2015 06 48072 3 2 4 60 4 13 12 10 310 20 267 3 0000 4 0000 5 0000 6 000 0 7 01 2 2 8 3 8 3 0 333 10 /// 58 000 6 000 0 7 0000 
20-SEP-2015 06 48077 3 2 5 59 8 00 00 10 304 20 253 3 0000 4 0104 5 0000 6 000 0 7 00 0 0 8 5 9 3 1 333 10 /// 58 007 6 000 0 7 0000 
20-SEP-2015 06 48078 3 2 5 58 5 18 01 10 298 20 253 3 0000 4 0120 5 0000 6 000 0 7 00 0 0 8 4 8 0 1 333 10 /// 59 008 6 000 0 7 0000 
20-SEP-2015 06 48080 3 2 4 60 5 22 04 10 312 20 255 3 0000 4 0110 5 0000 6 000 0 7 00 0 0 8 3 2 0 6 333 10 /// 58 004 6 000 0 7 0000 
20-SEP-2015 06 48085 3 2 4 58 4 14 04 10 318 20 267 3 0000 4 0104 5 0000 6 000 0 7 00 0 0 8 3 3 0 6 333 10 /// 58 009 6 000 0 7 0000 
20-SEP-2015 06 48087 3 2 5 60 5 04 02 10 315 20 265 3 0000 4 0000 5 0000 6 000 0 7 00 0 0 8 3 3 4 1 333 10 /// 58 000 6 000 0 7 0000 
20-SEP-2015 06 48092 3 2 4 57 5 23 05 10 320 20 257 3 0000 4 0094 5 0000 6 000 0 7 00 0 0 8 5 3 0 0 333 10 /// 59 005 6 000 0 7 0000 
20-SEP-2015 06 48093 3 2 5 57 5 23 01 10 313 20 267 3 0000 4 0000 5 0000 6 000 0 7 00 0 0 8 5 3 0 0 333 10 /// 58 000 6 000 0 7 0000 
20-SEP-2015 06 48094 3 2 4 60 5 13 03 10 315 20 270 3 0000 4 0105 5 0000 6 000 0 7 00 0 0 8 3 9 7 0 333 10 /// 58 006 6 000 0 7 0000 
20-SEP-2015 06 48095 3 2 5 60 4 14 02 10 315 20 282 3 0000 4 0000 5 0000 6 000 0 7 00 0 0 8 2 2 4 0 333 10 /// 58 000 6 000 0 7 0000 
20-SEP-2015 06 48096 3 2 4 58 5 22 07 10 320 20 248 3 0000 4 0117 5 0000 6 000 0 7 00 0 0 8 3 8 3 1 333 10 /// 59 005 6 000 0 7 0000 
20-SEP-2015 06 48097 3 2 5 57 3 18 02 10 330 20 251 3 0000 4 0124 5 0000 6 000 0 7 00 0 0 8 3 4 0 0 333 10 /// 58 001 6 000 0 7 0000 
20-SEP-2015 06 48099 3 2 4 57 5 23 01 10 326 20 258 3 0000 4 0114 5 0000 6 000 0 7 00 0 0 8 5 8 0 0 333 10 /// 59 010 6 000 0 7 0000 
20-SEP-2015 06 48101 3 2 5 59 5 14 02 10 304 20 267 3 0000 4 0000 5 0000 6 000 0 7 02 2 2 8 3 3 3 0 333 10 /// 58 000 6 000 0 7 0000 
20-SEP-2015 06 48103 3 2 5 50 3 22 02 10 330 20 244 3 0000 4 0115 5 0000 6 000 0 7 00 0 0 8 3 8 0 0 333 10 /// 59 002 6 000 0 7 0000 
20-SEP-2015 06 48107 3 2 3 50 6 00 00 10 330 20 258 3 0000 4 0106 5 0000 6 000 0 7 00 0 0 8 4 9 7 0 333 10 /// 59 011 6 000 0 7 0000 
20-SEP-2015 06 48108 3 2 5 96 6 32 05 10 330 20 244 3 0000 4 0113 5 0000 6 000 0 7 00 0 0 8 3 3 0 6 333 10 /// 59 008 6 000 0 7 0000 
20-SEP-2015 06 48110 3 2 5 96 8 32 03 10 330 20 275 3 0000 4 0114 5 0000 6 000 0 7 00 0 0 8 1 3 0 7 333 10 /// 59 003 6 000 0 7 0000 
20-SEP-2015 06 48112 3 2 5 97 8 22 02 10 317 20 274 3 0000 4 0113 5 0000 6 000 0 7 02 2 2 8 3 8 7 6 333 10 /// 58 005 6 000 0 7 0000 
