201200 48001 21330 80000 10238 20235 40067 75366 887// 333 10250 56799 59010 60192=
201200 48004 21110 80000 10244 20244 76365 8597/ 333 10253 56559 60602=
201200 48008 21450 82100 10262 20258 40082 75065 8497/ 333 10272 56459 59021 60092=
201200 48010 21440 70000 10255 20255 40063 70166 84770 333 10267 56560 59010 60302=
201200 48018 21550 80000 10260 20246 40072 72055 8497/ 333 10270 56339 59015 60052=
201200 48019 21450 80000 10257 20233 40077 75055 8577/ 333 10270 56999 59019 60042=
201200 48020 22350 60000 10285 20255 84530 333 10300 56440 69902=
201200 48025 22456 70000 10286 20274 40068 85870 333 10290 56540 59003 60012=
201200 48030 21150 80401 10192 20192 70255 8694/ 333 10214 56189 69902=
201200 48031 21/03 92201 10190 20190 74764 89/// 333 10215 56999 60022=
201200 48033 32562 71801 10310 20237 40062 85970 333 10330 56450 59019=
201200 48034 22456 70000 10227 20196 87300 333 10240 56500 60012=
201200 48035 32558 80000 10254 20233 40066 8697/ 333 10268 56229 59010=
201200 48037 32458 61401 10305 20254 40070 83830 333 10326 56440 58018=
201200 48039 32456 71401 10310 20237 83862 333 10334 56444=
201200 48042 32557 62201 10320 20236 40060 83952 333 10345 56449 59006=
201200 48043 32520 81802 10230 20198 8487/ 333 10266 56999=
201200 48045 31002 81402 10215 20205 74044 887// 333 10243 56399=
201200 48048 32550 62201 10304 20239 40068 85950 333 10323 56490 58006=
201200 48051 22558 71302 10268 20260 85930 333 10305 56490 60092=
201200 48052 32450 60000 10305 20267 85920 333 10325 56990=
201200 48053 32456 51801 10310 20225 40066 83956 333 10325 56599 59021=
201200 48055 32556 70000 10273 20233 40060 83946 333 10302 56559 59003=
201200 48057 32456 60000 10223 20185 83806 333 10257 56909=
201200 48060 32420 40000 10270 20233 40057 83130 333 10306 56699 59029=
201200 48062 22456 81306 10270 20240 40068 86970 333 10325 56390 58010 60132=
201200 48064 21450 80000 10285 20268 40061 84720 333 10325 56440 59008 60032=
201200 48065 21450 81601 10290 20259 76022 8697/ 333 10318 5699/=
201200 48071 21456 72301 10272 20256 40073 72162 85970 333 10303 56490 58003 60052=
201200 48072 22456 81802 10280 20268 84870 333 10315 56490 60062=
201200 48074 32458 70000 10290 20259 40082 85810 333 10320 56990 59015=
201200 48075 32456 31401 10270 20226 40080 82501 333 10290 56509 59019=
201200 48077 21456 80000 10270 20256 40078 70296 85970 333 10318 56490 59002 60082=
201200 48078 32556 41802 10280 20250 40087 82331 333 10305 56449 59016=
201200 48080 32559 62201 10290 20259 40085 84870 333 10330 56490 58008=
201200 48085 22357 70000 10296 20260 40085 86970 333 10320 56590 58004 60162=
201200 48087 32450 72301 10300 20266 83371 333 10330 56499=
201200 48092 32456 71801 10295 20270 40064 84936 333 10330 56599 59026=
201200 48093 32540 72401 10286 20254 85870 333 10327 56390=
201200 48094 32457 52202 10296 20250 40083 82940 333 10325 56990 59006=
201200 48095 32456 60000 10295 20274 83970 333 10322 56990=
201200 48096 32457 71809 10300 20253 40090 85930 333 10330 56990 59011=  
201200 48097 32557 52702 10295 20250 40100 82802 333 10335 56909 59002=
201200 48099 32450 70000 10295 20253 40080 85830 333 10335 56990 59011=
201200 48101 32656 40000 10287 20259 80035 333 10319 56099=
201200 48103 32556 40000 10295 20239 40087 82950 333 10340 56559 59011=
201200 48107 32930 22301 10288 20248 40087 80001 333 10337 56009 59008=
201200 48108 32596 63202 10290 20259 40090 83307 333 10335 56709 59010=
201200 48109 21496 82301 10272 20256 40089 75022 8697/ 333 10316 5699/ 58006 60012=
201200 48110 32596 82703 10290 20259 40091 82357 333 10330 56999 59006=
201200 48112 32597 83202 10300 20266 40087 83876 333 10325 56799 59002=
