210300 48001 32450 72301 10210 20175 40107 70322 84750 333 56110 59048=
210300 48004 31240 80401 10241 20209 75052 8697/ 333 56559=
210300 48008 31450 80401 10244 20191 40099 72055 8497/ 333 56569 59037=
210300 48010 22450 80000 10235 20209 40098 8577/ 333 56669 59029=
210300 48018 21558 73202 10255 20229 40088 72195 84970 333 56760 59040=
210300 48019 31456 82701 10240 20209 40101 79599 8597/ 333 56569  59017=
210300 48020 32457 33202 10280 20232 82430 333 56660=
210300 48025 32430 13602 10293 20196 40096 81500 333 56900 59038=
210300 48030 22256 62207 10202 20085 85840 333 56560=
210300 48031 31260 21401 10225 20111 70544 82800 333 56900=
210300 48033 32962 03601 10320 20215 40076 333 59025=
210300 48034 32457 43601 10228 20156 81530 333 56550=
210300 48035 31430 82702 10229 20181 40094 76066 8597/ 333 56569 59021=
210300 48037 32956 03601 10314 20203 40082 333 59034=
210300 48039 32959 31401 10320 20200 80002 333 56009=
210300 48042 32556 11803 10330 20234 40091 81200 333 56900 59024=
210300 48043 32957 03205 10265 20172 333 /////=
210300 48045 32962 22312 10247 20046 80006 333 56009=
210300 48048 32960 00401 10355 20214 40082 333 59020=
210300 48051 32559 73601 10340 20240 70322 85930 333 56590=
210300 48052 32958 02202 10350 20219 333 /////=
210300 48053 32556 31803 10310 20254 40092 81556 333 56599 59032=
210300 48055 31556 21803 10272 20154 40091 70511 81101 333 56509 59011=
210300 48057 32958 02202 10250 20126 333 /////=
210300 48060 32940 00000 10260 20160 40093 333 59023=
210300 48062 32556 23206 10315 20280 40117 84900 333 56900 59009=
210300 48064 32960 13201 10350 20240 40074 80001 333 56009 59032=
210300 48065 32968 00000 10362 20214 333 /////=
210300 48071 32458 43203 10320 20265 40119 84800 333 56900 59005=
210300 48072 32460 23204 10330 20258 82300 333 56700=
210300 48074 32958 32203 10316 20248 40114 80002 333 56007 59017=
210300 48075 32457 21401 10290 20180 40098 80005 333 56009 59015=
210300 48077 32959 00000 10322 20215 40096 333 59016=
210300 48078 32957 11401 10326 20253 40107 80001 333 56009 59015=
210300 48080 32458 63202 10314 20267 40126 84870 333 56590 59001=
210300 48085 32458 23204 10320 20254 40113 82800 333 56800 59010=
210300 48087 32960 00000 10328 20224 333 /////=
210300 48092 31456 32303 10310 20246 40091 70522 84100 333 56900 59020=
210300 48093 32558 31401 10368 20254 83800 333 56500 /////=
210300 48094 32458 23302 10320 20250 40110 82500 333 56700 59018=
210300 48095 32958 02203 10320 20248 333 /////=
210300 48096 32456 41907 10310 20237 40112 84800 333 56900 59012=
210300 48097 32557 62302 10315 20251 40121 86300 333 56900 59004=
210300 48099 32450 11303 10318 20248 40111 81100 333 56300 59006=
210300 48101 32559 32704 10310 20237 83100 333 56600=
210300 48103 32556 61403 10332 20172 40113 82800 333 56300 59009=
210300 48107 31350 42701 10306 20254 40115 84900 333 56600 58002=
210300 48108 32596 63203 10320 20248 40139 83306 333 56009 58009=
210300 48109 21496 42301 10305 20254 40133 75099 84970 333 56900 58006=
210300 48110 31596 63604 10315 20259 40121 70522 84306 333 56909 59006=
210300 48112 32596 60401 10320 20248 40136 82216 333 56199 58000=  48001 32450 72301 10210 20175 40107 70322 84750 333 56110 59048=
210300 48004 31240 80401 10241 20209 75052 8697/ 333 56559=
210300 48008 31450 80401 10244 20191 40099 72055 8497/ 333 56569 59037=
210300 48010 22450 80000 10235 20209 40098 8577/ 333 56669 59029=
210300 48018 21558 73202 10255 20229 40088 72195 84970 333 56760 59040=
210300 48019 31456 82701 10240 20209 40101 79599 8597/ 333 56569  59017=
210300 48020 32457 33202 10280 20232 82430 333 56660=
210300 48025 32430 13602 10293 20196 40096 81500 333 56900 59038=
210300 48030 22256 62207 10202 20085 85840 333 56560=
210300 48031 31260 21401 10225 20111 70544 82800 333 56900=
210300 48033 32962 03601 10320 20215 40076 333 59025=
210300 48034 32457 43601 10228 20156 81530 333 56550=
210300 48035 31430 82702 10229 20181 40094 76066 8597/ 333 56569 59021=
210300 48037 32956 03601 10314 20203 40082 333 59034=
210300 48039 32959 31401 10320 20200 80002 333 56009=
210300 48042 32556 11803 10330 20234 40091 81200 333 56900 59024=
210300 48043 32957 03205 10265 20172 333 /////=
210300 48045 32962 22312 10247 20046 80006 333 56009=
210300 48048 32960 00401 10355 20214 40082 333 59020=
210300 48051 32559 73601 10340 20240 70322 85930 333 56590=
210300 48052 32958 02202 10350 20219 333 /////=
210300 48053 32556 31803 10310 20254 40092 81556 333 56599 59032=
210300 48055 31556 21803 10272 20154 40091 70511 81101 333 56509 59011=
210300 48057 32958 02202 10250 20126 333 /////=
210300 48060 32940 00000 10260 20160 40093 333 59023=
210300 48062 32556 23206 10315 20280 40117 84900 333 56900 59009=
210300 48064 32960 13201 10350 20240 40074 80001 333 56009 59032=
210300 48065 32968 00000 10362 20214 333 /////=
210300 48071 32458 43203 10320 20265 40119 84800 333 56900 59005=
210300 48072 32460 23204 10330 20258 82300 333 56700=
210300 48074 32958 32203 10316 20248 40114 80002 333 56007 59017=
210300 48075 32457 21401 10290 20180 40098 80005 333 56009 59015=
210300 48077 32959 00000 10322 20215 40096 333 59016=
210300 48078 32957 11401 10326 20253 40107 80001 333 56009 59015=
210300 48080 32458 63202 10314 20267 40126 84870 333 56590 59001=
210300 48085 32458 23204 10320 20254 40113 82800 333 56800 59010=
210300 48087 32960 00000 10328 20224 333 /////=
210300 48092 31456 32303 10310 20246 40091 70522 84100 333 56900 59020=
210300 48093 32558 31401 10368 20254 83800 333 56500 /////=
210300 48094 32458 23302 10320 20250 40110 82500 333 56700 59018=
210300 48095 32958 02203 10320 20248 333 /////=
210300 48096 32456 41907 10310 20237 40112 84800 333 56900 59012=
210300 48097 32557 62302 10315 20251 40121 86300 333 56900 59004=
210300 48099 32450 11303 10318 20248 40111 81100 333 56300 59006=
210300 48101 32559 32704 10310 20237 83100 333 56600=
210300 48103 32556 61403 10332 20172 40113 82800 333 56300 59009=
210300 48107 31350 42701 10306 20254 40115 84900 333 56600 58002=
210300 48108 32596 63203 10320 20248 40139 83306 333 56009 58009=
210300 48109 21496 42301 10305 20254 40133 75099 84970 333 56900 58006=
210300 48110 31596 63604 10315 20259 40121 70522 84306 333 56909 59006=
210300 48112 32596 60401 10320 20248 40136 82216 333 56199 58000=  
