21-APR-2015 06 48004 3 1 3 56 7 13 01 10 261 20 215 3 0000 4 0000 5 0000 6 000 0 7 01 6 5 8 7 9 0 0 333 10 /// 58 000 6 000 0 7 0000 
21-APR-2015 06 48008 3 2 5 57 6 04 01 10 323 20 189 3 0000 4 0086 5 0000 6 000 0 7 00 0 0 8 3 9 7 0 333 10 /// 59 039 6 000 0 7 0000 
21-APR-2015 06 48010 2 1 4 58 7 18 01 10 250 20 219 3 0000 4 0087 5 0000 6 000 0 7 01 6 5 8 4 7 7 0 333 10 /// 59 032 6 000 0 7 0000 
21-APR-2015 06 48018 2 1 5 59 7 04 02 10 290 20 215 3 0000 4 0084 5 0000 6 000 0 7 50 5 5 8 4 8 7 0 333 10 /// 59 025 6 000 0 7 0000 
21-APR-2015 06 48019 2 2 4 58 7 32 01 10 275 20 220 3 0000 4 0087 5 0000 6 000 0 7 00 0 0 8 4 7 6 0 333 10 /// 59 029 6 000 0 7 0000 
21-APR-2015 06 48020 2 1 3 57 8 27 04 10 250 20 219 3 0000 4 0000 5 0000 6 000 0 7 21 9 6 8 5 9 7 / 333 10 /// 58 000 6 000 0 7 0000 
21-APR-2015 06 48025 3 2 4 40 7 32 01 10 345 20 184 3 0000 4 0096 5 0000 6 000 0 7 00 0 0 8 4 8 7 0 333 10 /// 59 019 6 000 0 7 0000 
21-APR-2015 06 48030 3 2 2 56 8 22 04 10 220 20 065 3 0000 4 0000 5 0000 6 000 0 7 00 0 0 8 8 9 / / 333 10 /// 58 000 6 000 0 7 0000 
21-APR-2015 06 48031 2 1 2 57 8 22 02 10 175 20 108 3 0000 4 0000 5 0000 6 000 0 7 95 9 6 8 8 9 / / 333 10 /// 58 000 6 000 0 7 0000 
21-APR-2015 06 48033 3 2 9 63 0 18 01 10 370 20 227 3 0000 4 0069 5 0000 6 000 0 7 00 0 0 8 0 0 0 0 333 10 /// 59 023 6 000 0 7 0000 
21-APR-2015 06 48035 3 1 5 58 3 00 00 10 275 20 184 3 0000 4 0084 5 0000 6 000 0 7 01 6 6 8 3 8 0 0 333 10 /// 58 009 6 000 0 7 0000 
21-APR-2015 06 48037 3 2 9 57 0 04 01 10 379 20 203 3 0000 4 0068 5 0000 6 000 0 7 00 0 0 8 0 0 0 0 333 10 /// 59 034 6 000 0 7 0000 
21-APR-2015 06 48039 3 2 4 60 1 14 01 10 370 20 227 3 0000 4 0000 5 0000 6 000 0 7 00 0 0 8 1 1 0 0 333 10 /// 58 000 6 000 0 7 0000 
21-APR-2015 06 48042 3 2 5 57 1 18 02 10 390 20 233 3 0000 4 0069 5 0000 6 000 0 7 00 0 0 8 1 2 0 0 333 10 /// 59 030 6 000 0 7 0000 
21-APR-2015 06 48043 3 2 7 58 2 32 07 10 305 20 203 3 0000 4 0000 5 0000 6 000 0 7 00 0 0 8 2 2 0 0 333 10 /// 58 000 6 000 0 7 0000 
21-APR-2015 06 48045 3 2 5 63 2 18 05 10 307 20 092 3 0000 4 0000 5 0000 6 000 0 7 00 0 0 8 2 8 0 0 333 10 /// 58 000 6 000 0 7 0000 
21-APR-2015 06 48048 3 2 9 62 0 32 01 10 405 20 210 3 0000 4 0072 5 0000 6 000 0 7 00 0 0 8 0 0 0 0 333 10 /// 59 031 6 000 0 7 0000 
21-APR-2015 06 48051 3 2 5 59 5 13 02 10 352 20 240 3 0000 4 0000 5 0000 6 000 0 7 00 0 0 8 4 9 3 0 333 10 /// 58 000 6 000 0 7 0000 
21-APR-2015 06 48052 3 2 9 70 0 32 03 10 401 20 214 3 0000 4 0000 5 0000 6 000 0 7 00 0 0 8 0 0 0 0 333 10 /// 58 000 6 000 0 7 0000 
21-APR-2015 06 48053 3 2 5 56 3 18 03 10 380 20 285 3 0000 4 0067 5 0000 6 000 0 7 00 0 0 8 3 9 0 0 333 10 /// 59 042 6 000 0 7 0000 
21-APR-2015 06 48055 3 2 6 56 6 18 03 10 332 20 172 3 0000 4 0051 5 0000 6 000 0 7 00 0 0 8 6 9 0 0 333 10 /// 59 013 6 000 0 7 0000 
21-APR-2015 06 48057 3 2 9 58 5 22 03 10 280 20 126 3 0000 4 0000 5 0000 6 000 0 7 00 0 0 8 5 3 0 0 333 10 /// 58 000 6 000 0 7 0000 
21-APR-2015 06 48060 3 2 4 56 4 32 01 10 335 20 168 3 0000 4 0059 5 0000 6 000 0 7 00 0 0 8 2 1 3 2 333 10 /// 59 021 6 000 0 7 0000 
21-APR-2015 06 48062 3 2 5 58 4 27 08 10 335 20 300 3 0000 4 0113 5 0000 6 000 0 7 00 0 0 8 4 9 0 0 333 10 /// 59 008 6 000 0 7 0000 
21-APR-2015 06 48064 3 2 5 70 1 14 01 10 415 20 291 3 0000 4 0062 5 0000 6 000 0 7 00 0 0 8 1 1 0 0 333 10 /// 59 030 6 000 0 7 0000 
21-APR-2015 06 48065 3 2 5 70 2 14 06 10 407 20 196 3 0000 4 0000 5 0000 6 000 0 7 00 0 0 8 1 1 0 1 333 10 /// 58 000 6 000 0 7 0000 
21-APR-2015 06 48071 3 2 4 60 2 32 04 10 335 20 270 3 0000 4 0113 5 0000 6 000 0 7 00 0 0 8 2 3 0 0 333 10 /// 59 016 6 000 0 7 0000 
21-APR-2015 06 48072 3 2 4 60 2 27 05 10 345 20 297 3 0000 4 0000 5 0000 6 000 0 7 00 0 0 8 2 2 0 0 333 10 /// 58 000 6 000 0 7 0000 
21-APR-2015 06 48074 3 2 5 61 1 14 04 10 370 20 246 3 0000 4 0082 5 0000 6 000 0 7 00 0 0 8 1 1 0 0 333 10 /// 59 033 6 000 0 7 0000 
21-APR-2015 06 48075 3 2 4 57 5 23 01 10 335 20 175 3 0000 4 0058 5 0000 6 000 0 7 00 0 0 8 5 3 0 0 333 10 /// 59 034 6 000 0 7 0000 
21-APR-2015 06 48077 3 2 5 59 3 23 02 10 390 20 213 3 0000 4 0086 5 0000 6 000 0 7 00 0 0 8 3 9 0 0 333 10 /// 59 010 6 000 0 7 0000 
21-APR-2015 06 48078 3 2 5 60 2 14 01 10 386 20 236 3 0000 4 0085 5 0000 6 000 0 7 00 0 0 8 1 1 0 1 333 10 /// 59 016 6 000 0 7 0000 
21-APR-2015 06 48080 3 2 4 60 3 22 09 10 354 20 240 3 0000 4 0097 5 0000 6 000 0 7 00 0 0 8 2 2 3 0 333 10 /// 59 007 6 000 0 7 0000 
21-APR-2015 06 48085 3 2 4 59 4 32 05 10 336 20 258 3 0000 4 0104 5 0000 6 000 0 7 00 0 0 8 2 8 0 0 333 10 /// 59 009 6 000 0 7 0000 
21-APR-2015 06 48087 3 2 5 60 2 04 02 10 382 20 221 3 0000 4 0000 5 0000 6 000 0 7 00 0 0 8 2 2 0 0 333 10 /// 58 000 6 000 0 7 0000 
21-APR-2015 06 48092 3 2 4 57 1 23 01 10 375 20 224 3 0000 4 0089 5 0000 6 000 0 7 00 0 0 8 1 1 0 0 333 10 /// 58 001 6 000 0 7 0000 
21-APR-2015 06 48093 3 2 9 58 0 23 01 10 366 20 227 3 0000 4 0000 5 0000 6 000 0 7 00 0 0 8 0 0 0 0 333 10 /// 58 000 6 000 0 7 0000 
21-APR-2015 06 48094 3 2 4 60 2 32 02 10 370 20 250 3 0000 4 0104 5 0000 6 000 0 7 00 0 0 8 2 5 0 0 333 10 /// 59 003 6 000 0 7 0000 
21-APR-2015 06 48095 3 2 5 60 1 22 03 10 370 20 246 3 0000 4 0000 5 0000 6 000 0 7 00 0 0 8 1 1 0 0 333 10 /// 58 000 6 000 0 7 0000 
21-APR-2015 06 48096 3 2 4 59 1 24 08 10 360 20 249 3 0000 4 0099 5 0000 6 000 0 7 00 0 0 8 1 1 0 0 333 10 /// 58 003 6 000 0 7 0000 
21-APR-2015 06 48097 3 2 5 57 3 34 02 10 370 20 248 3 0000 4 0104 5 0000 6 000 0 7 00 0 0 8 3 3 0 0 333 10 /// 59 009 6 000 0 7 0000 
21-APR-2015 06 48099 3 2 4 56 5 04 02 10 352 20 240 3 0000 4 0094 5 0000 6 000 0 7 00 0 0 8 5 9 0 0 333 10 /// 59 006 6 000 0 7 0000 
21-APR-2015 06 48101 3 2 6 60 2 27 03 10 346 20 237 3 0000 4 0000 5 0000 6 000 0 7 00 0 0 8 2 2 0 0 333 10 /// 58 000 6 000 0 7 0000 
21-APR-2015 06 48103 3 2 5 56 6 22 01 10 358 20 249 3 0000 4 0101 5 0000 6 000 0 7 00 0 0 8 6 8 0 0 333 10 /// 59 002 6 000 0 7 0000 
21-APR-2015 06 48107 3 2 3 50 2 13 02 10 344 20 240 3 0000 4 0098 5 0000 6 000 0 7 00 0 0 8 4 9 0 0 333 10 /// 59 007 6 000 0 7 0000 
21-APR-2015 06 48108 3 2 5 96 6 05 08 10 360 20 257 3 0000 4 0112 5 0000 6 000 0 7 00 0 0 8 3 3 0 6 333 10 /// 59 007 6 000 0 7 0000 
21-APR-2015 06 48110 3 1 5 96 3 32 05 10 345 20 261 3 0000 4 0111 5 0000 6 000 0 7 05 1 1 8 2 3 0 5 333 10 /// 59 006 6 000 0 7 0000 
21-APR-2015 06 48112 3 2 5 98 6 04 01 10 353 20 266 3 0000 4 0117 5 0000 6 000 0 7 00 0 0 8 2 2 1 6 333 10 /// 58 002 6 000 0 7 0000 
