21-DEC-2015 00 48001 3 1 9 02 9 00 00 10 056 20 056 3 0000 4 0213 5 0000 6 000 0 7 43 4 4 8 9 / / / 333 20 040 59 002 6 000 0 7 0000 
21-DEC-2015 00 48008 3 1 5 40 6 00 00 10 118 20 102 3 0000 4 0178 5 0000 6 000 0 7 10 4 4 8 3 9 7 0 333 20 100 58 011 6 000 0 7 0000 
21-DEC-2015 00 48010 3 1 3 10 3 00 00 10 125 20 125 3 0000 4 0172 5 0000 6 000 0 7 42 4 4 8 3 6 0 0 333 20 120 59 006 6 000 0 7 0000 
21-DEC-2015 00 48018 3 2 9 20 0 00 00 10 115 20 095 3 0000 4 0179 5 0000 6 000 0 7 00 0 0 8 0 0 0 0 333 20 110 59 013 6 000 0 7 0000 
21-DEC-2015 00 48019 3 2 9 30 0 00 00 10 123 20 120 3 0000 4 0169 5 0000 6 000 0 7 00 0 0 8 0 0 0 0 333 20 120 59 003 6 000 0 7 0000 
21-DEC-2015 00 48030 3 2 9 50 0 22 01 11 028 21 028 3 0000 4 0000 5 0000 6 000 0 7 00 0 0 8 0 0 0 0 333 21 042 58 000 6 000 0 7 0000 
21-DEC-2015 00 48031 3 2 2 56 4 36 01 10 075 20 075 3 0000 4 0000 5 0000 6 000 0 7 00 0 0 8 4 8 0 0 333 20 060 58 000 6 000 0 7 0000 
21-DEC-2015 00 48034 3 1 4 56 1 00 00 10 065 20 053 3 0000 4 0000 5 0000 6 000 0 7 10 1 1 8 1 5 0 0 333 20 058 58 000 6 000 0 7 0000 
21-DEC-2015 00 48035 3 1 / 01 9 00 00 10 107 20 091 3 0000 4 0171 5 0000 6 000 0 7 47 4 4 8 0 0 0 0 333 20 100 59 007 6 000 0 7 0000 
21-DEC-2015 00 48037 3 2 9 05 0 00 00 10 145 20 132 3 0000 4 0162 5 0000 6 000 0 7 00 0 0 8 0 0 0 0 333 20 140 58 008 6 000 0 7 0000 
21-DEC-2015 00 48039 3 1 4 50 3 00 00 10 155 20 144 3 0000 4 0000 5 0000 6 000 0 7 10 1 1 8 3 4 0 0 333 20 152 58 000 6 000 0 7 0000 
21-DEC-2015 00 48043 3 1 0 10 0 00 00 10 075 20 075 3 0000 4 0000 5 0000 6 000 0 7 10 4 4 8 0 0 0 0 333 20 045 58 000 6 000 0 7 0000 
21-DEC-2015 00 48048 3 2 9 40 0 00 00 10 136 20 107 3 0000 4 0164 5 0000 6 000 0 7 00 0 0 8 0 0 0 0 333 20 130 59 002 6 000 0 7 0000 
21-DEC-2015 00 48052 3 1 9 20 0 36 02 10 162 20 160 3 0000 4 0000 5 0000 6 000 0 7 44 2 2 8 0 0 0 0 333 20 145 58 000 6 000 0 7 0000 
21-DEC-2015 00 48053 3 1 9 40 0 36 01 10 160 20 144 3 0000 4 0143 5 0000 6 000 0 7 10 0 0 8 0 0 0 0 333 20 156 59 032 6 000 0 7 0000 
21-DEC-2015 00 48055 3 1 / 05 9 00 00 10 093 20 091 3 0000 4 0192 5 0000 6 000 0 7 45 4 4 8 / / / / 333 20 068 59 007 6 000 0 7 0000 
21-DEC-2015 00 48057 3 1 4 40 3 18 01 10 123 20 123 3 0000 4 0000 5 0000 6 000 0 7 10 1 1 8 3 8 0 0 333 20 108 58 000 6 000 0 7 0000 
21-DEC-2015 00 48060 3 1 4 20 8 00 00 10 140 20 124 3 0000 4 0189 5 0000 6 000 0 7 10 4 4 8 5 8 7 0 333 20 130 59 006 6 000 0 7 0000 
21-DEC-2015 00 48062 3 1 4 09 2 04 01 10 180 20 180 3 0000 4 0149 5 0000 6 000 0 7 42 4 4 8 2 8 0 0 333 20 165 59 011 6 000 0 7 0000 
21-DEC-2015 00 48064 3 2 9 50 0 04 01 10 140 20 124 3 0000 4 0134 5 0000 6 000 0 7 02 1 1 8 0 0 0 0 333 20 095 59 011 6 000 0 7 0000 
21-DEC-2015 00 48065 3 1 9 50 0 00 00 10 145 20 132 3 0000 4 0000 5 0000 6 000 0 7 05 2 2 8 0 0 0 0 333 20 110 58 000 6 000 0 7 0000 
21-DEC-2015 00 48071 3 1 4 50 0 04 01 10 190 20 175 3 0000 4 0148 5 0000 6 000 0 7 40 4 4 8 0 0 0 0 333 20 160 59 018 6 000 0 7 0000 
21-DEC-2015 00 48074 3 2 9 57 0 04 03 10 160 20 144 3 0000 4 0149 5 0000 6 000 0 7 00 0 0 8 0 0 0 0 333 20 155 59 010 6 000 0 7 0000 
21-DEC-2015 00 48077 3 2 9 56 0 00 00 10 174 20 154 3 0000 4 0139 5 0000 6 000 0 7 00 0 0 8 0 0 0 0 333 20 154 59 023 6 000 0 7 0000 
21-DEC-2015 00 48080 3 1 9 08 0 00 00 10 140 20 124 3 0000 4 0144 5 0000 6 000 0 7 40 4 4 8 0 0 0 0 333 20 133 59 014 6 000 0 7 0000 
21-DEC-2015 00 48085 3 1 9 50 1 14 01 10 000 20 154 3 0000 4 0000 5 0000 6 000 0 7 00 0 0 8 0 0 0 0 333 20 150 58 000 6 000 0   8000 
21-DEC-2015 00 48087 3 1 9 40 6 00 00 10 140 20 124 3 0000 4 0000 5 0000 6 000 0 7 10 4 4 8 0 0 4 1 333 20 130 58 000 6 000 0 7 0000 
21-DEC-2015 00 48092 3 1 5 50 3 00 00 10 160 20 144 3 0000 4 0122 5 0000 6 000 0 7 05 2 2 8 2 4 0 2 333 20 145 59 013 6 000 0 7 0000 
21-DEC-2015 00 48093 3 2 9 40 1 04 01 10 194 20 175 3 0000 4 0000 5 0000 6 000 0 7 00 0 0 8 0 0 0 1 333 20 190 58 000 6 000 0 7 0000 
21-DEC-2015 00 48094 3 1 9 50 0 00 00 10 000 20 190 3 0000 4 0000 5 0000 6 000 0 7 00 0 0 8 0 0 0 0 333 20 180 58 000 6 000 0   333  
21-DEC-2015 00 48097 3 1 5 56 3 08 01 10 200 20 168 3 0000 4 0161 5 0000 6 000 0 7 00 0 0 8 3 5 0 0 333 10 /// 59 005 6 000 0 7 0000 
21-DEC-2015 00 48099 3 1 3 30 3 00 00 10 210 20 195 3 0000 4 0131 5 0000 6 000 0 7 40 4 4 8 3 8 0 0 333 20 194 59 018 6 000 0 7 0000 
21-DEC-2015 00 48103 3 1 4 40 4 14 02 10 198 20 198 3 0000 4 0138 5 0000 6 000 0 7 43 4 4 8 4 8 0 0 333 20 197 59 015 6 000 0 7 0000 
21-DEC-2015 00 48107 3 1 9 30 2 09 02 10 188 20 175 3 0000 4 0128 5 0000 6 000 0 7 41 4 4 8 0 0 0 6 333 20 180 59 011 6 000 0 7 0000 
21-DEC-2015 00 48108 3 1 4 94 4 00 00 10 180 20 165 3 0000 4 0128 5 0000 6 000 0 7 40 1 1 8 1 4 0 6 333 20 170 59 019 6 000 0 7 0000 
21-DEC-2015 00 48109 3 2 4 96 4 00 00 10 263 20 229 3 0000 4 0143 5 0000 6 000 0 7 00 0 0 8 4 9 0 0 333 20 215 59 014 6 000 0 7 0000 
21-DEC-2015 00 48110 3 1 5 95 4 00 00 10 210 20 175 3 0000 4 0130 5 0000 6 000 0 7 05 2 2 8 1 4 0 6 333 20 210 59 018 6 000 0 7 0000 
21-DEC-2015 00 48112 3 2 5 97 8 32 02 10 230 20 214 3 0000 4 0124 5 0000 6 000 0 7 00 0 0 8 3 8 7 6 333 20 175 59 018 6 000 0 7 0000 
