210000 48001 31902 90000 10056 20056 40213 74344 89/// 333 20040 56999 59002=
210000 48008 31540 60000 10118 20102 40178 71044 83970 333 20100 56550 58011=
210000 48010 31310 30000 10125 20125 40172 74244 83600 333 20120 56800 59006=
210000 48018 32920 00000 10115 20095 40179 333 20110 59013=
210000 48019 32930 00000 10123 20120 40169 333 20120 59003=
210000 48035 31/01 90000 10107 20091 40171 74744 333 20100 59007=
210000 48037 32905 00000 10145 20132 40162 333 20140 58008=
210000 48048 32940 00000 10136 20107 40164 333 20130 59002=
210000 48053 31940 03601 10160 20144 40143 71000 333 20156 59032=
210000 48060 31420 80000 10140 20124 40189 71044 85870 333 20130 56590 59006=
210000 48030 32950 02201 11028 21028 333 21042=
210000 48057 31440 31801 10123 20123 71011 83800 333 20108 56400=
210000 48031 32256 43601 10075 20075 84800 333 20060 56400=
210000 48034 31456 10000 10065 20053 71011 81500 333 20058 56500=
210000 48039 31450 30000 10155 20144 71011 83400 333 20152 56900=
210000 48043 31010 00000 10075 20075 71044 333 20045=
210000 48052 31920 03602 10162 20160 74422 333 20145 56000=
210000 48055 31/05 90000 10093 20091 40192 74544 8//// 333 20068 56999 59007=
210000 48064 32950 00401 10140 20124 40134 70211 333 20095 56000 59011=
210000 48065 31950 00000 10145 20132 70522 333 20110 56000=
210000 48074 32957 00403 10160 20144 40149 333 20155 59010=
210000 48062 31409 20401 10180 20180 40149 74244 82800 333 20165 56900 59011=
210000 48071 31450 00401 10190 20175 40148 74044 333 20160 59018=
210000 48077 32956 00000 10174 20154 40139 333 20154 59023=
210000 48080 31908 00000 10140 20124 40144 74044 333 20133 59014=
210000 48085 31950 11401 20154 20150 40141 71044 80006 333 20153 56009 59015=
210000 48108 31494 40000 10180 20165 40128 74011 81406 333 20170 56909 59019=
210000 48109 32496 40000 10263 20229 40143 84900 333 20215 56900 59014=
210000 48110 31595 40000 10210 20175 40130 70522 81406 333 20210 56909 59018=
210000 48112 32597 83202 10230 20214 40124 83876 333 20175 56799 59018=
210000 48087 31940 60000 10140 20124 71044 80041 333 20130 56099=
210000 48099 31330 30000 10210 20195 40131 74044 83800 333 20194 56900 59018=
210000 48103 31440 41402 10198 20198 40138 74344 84800 333 20197 56300 59015=
210000 48094 31950 00000 20190 20180 40138 71000 333 20185 59015=
210000 48097 31556 30801 10200 20168 40161 83500 333 56900 59005=
210000 48092 31550 30000 10160 20144 40122 70522 82402 333 20145 56909 59013=
210000 48093 32940 10401 10194 20175 80001 333 20190 56009=
210000 48107 31930 20902 10188 20175 40128 74144 80006 333 20180 56009 59011=  
