21-DEC-2015 09 48001 3 2 4 50 3 36 01 10 198 20 168 3 0000 4 0159 5 0000 6 000 0 7 00 0 0 8 3 8 0 0 333 10 /// 59 002 6 000 0 7 0000 
21-DEC-2015 09 48004 3 2 5 62 3 22 01 10 220 20 136 3 0000 4 0000 5 0000 6 000 0 7 00 0 0 8 3 8 0 0 333 10 /// 58 000 6 000 0 7 0000 
21-DEC-2015 09 48008 3 2 5 58 1 00 00 10 242 20 136 3 0000 4 0154 5 0000 6 000 0 7 00 0 0 8 1 4 0 0 333 10 /// 59 003 6 000 0 7 0000 
21-DEC-2015 09 48010 3 2 5 60 2 00 00 10 240 20 155 3 0000 4 0157 5 0000 6 000 0 7 00 0 0 8 2 8 0 0 333 10 /// 58 001 6 000 0 7 0000 
21-DEC-2015 09 48018 3 2 5 60 1 04 01 10 255 20 150 3 0000 4 0156 5 0000 6 000 0 7 00 0 0 8 1 4 0 0 333 10 /// 59 011 6 000 0 7 0000 
21-DEC-2015 09 48019 3 2 5 60 1 04 02 10 237 20 155 3 0000 4 0149 5 0000 6 000 0 7 00 0 0 8 0 0 4 0 333 10 /// 59 002 6 000 0 7 0000 
21-DEC-2015 09 48020 3 2 3 58 4 09 04 10 240 20 174 3 0000 4 0000 5 0000 6 000 0 7 00 0 0 8 2 4 0 0 333 10 /// 58 000 6 000 0 7 0000 
21-DEC-2015 09 48025 3 2 4 40 5 32 01 10 240 20 136 3 0000 4 0162 5 0000 6 000 0 7 00 0 0 8 4 8 4 0 333 10 /// 58 002 6 000 0 7 0000 
21-DEC-2015 09 48030 3 2 9 60 0 04 01 10 162 20 106 3 0000 4 0000 5 0000 6 000 0 7 00 0 0 8 0 0 0 0 333 10 /// 58 000 6 000 0 7 0000 
21-DEC-2015 09 48031 3 2 2 60 1 18 01 10 170 20 074 3 0000 4 0000 5 0000 6 000 0 7 00 0 0 8 1 2 0 0 333 10 /// 58 000 6 000 0 7 0000 
21-DEC-2015 09 48033 3 2 5 63 3 16 01 10 260 20 160 3 0000 4 0122 5 0000 6 000 0 7 00 0 0 8 1 1 0 0 333 10 /// 59 001 6 000 0 7 0000 
21-DEC-2015 09 48034 3 2 4 56 3 18 01 10 230 20 110 3 0000 4 0000 5 0000 6 000 0 7 00 0 0 8 3 8 0 0 333 10 /// 58 000 6 000 0 7 0000 
21-DEC-2015 09 48035 3 1 5 60 3 22 02 10 239 20 114 3 0000 4 0117 5 0000 6 000 0 7 05 0 0 8 3 8 0 0 333 10 /// 58 009 6 000 0 7 0000 
21-DEC-2015 09 48037 3 2 5 59 2 32 01 10 260 20 138 3 0000 4 0140 5 0000 6 000 0 7 00 0 0 8 2 1 0 0 333 10 /// 58 016 6 000 0 7 0000 
21-DEC-2015 09 48039 3 2 9 58 2 22 01 10 280 20 220 3 0000 4 0000 5 0000 6 000 0 7 00 0 0 8 0 0 0 2 333 10 /// 58 000 6 000 0 7 0000 
21-DEC-2015 09 48042 3 2 9 56 0 04 01 10 277 20 158 3 0000 4 0135 5 0000 6 000 0 7 00 0 0 8 0 0 0 0 333 10 /// 59 003 6 000 0 7 0000 
21-DEC-2015 09 48043 3 2 0 57 0 27 03 10 220 20 156 3 0000 4 0000 5 0000 6 000 0 7 00 0 0 8 0 0 0 0 333 10 /// 58 000 6 000 0 7 0000 
21-DEC-2015 09 48045 3 2 5 58 7 14 04 10 159 20 123 3 0000 4 0000 5 0000 6 000 0 7 00 0 0 8 7 8 0 0 333 10 /// 58 000 6 000 0 7 0000 
21-DEC-2015 09 48051 3 2 9 60 0 36 01 10 271 20 150 3 0000 4 0000 5 0000 6 000 0 7 00 0 0 8 0 0 0 0 333 10 /// 58 000 6 000 0 7 0000 
21-DEC-2015 09 48052 3 2 9 58 0 36 03 10 305 20 175 3 0000 4 0000 5 0000 6 000 0 7 00 0 0 8 0 0 0 0 333 10 /// 58 000 6 000 0 7 0000 
21-DEC-2015 09 48053 3 2 9 50 0 22 02 10 300 20 166 3 0000 4 0126 5 0000 6 000 0 7 00 0 0 8 0 0 0 0 333 10 /// 59 005 6 000 0 7 0000 
21-DEC-2015 09 48057 3 2 4 56 6 22 02 10 222 20 087 3 0000 4 0000 5 0000 6 000 0 7 00 0 0 8 4 8 0 1 333 10 /// 58 000 6 000 0 7 0000 
21-DEC-2015 09 48060 3 2 4 40 5 22 01 10 247 20 150 3 0000 4 0143 5 0000 6 000 0 7 00 0 0 8 2 1 3 2 333 10 /// 58 009 6 000 0 7 0000 
21-DEC-2015 09 48062 3 2 9 56 0 09 03 10 270 20 240 3 0000 4 0135 5 0000 6 000 0 7 00 0 0 8 0 0 0 0 333 10 /// 59 010 6 000 0 7 0000 
21-DEC-2015 09 48064 3 2 9 60 2 14 01 10 241 20 191 3 0000 4 0118 5 0000 6 000 0 7 00 0 0 8 0 0 0 1 333 10 /// 58 005 6 000 0 7 0000 
21-DEC-2015 09 48065 3 2 9 58 1 32 01 10 290 20 179 3 0000 4 0000 5 0000 6 000 0 7 00 0 0 8 0 0 0 1 333 10 /// 58 000 6 000 0 7 0000 
21-DEC-2015 09 48071 3 2 9 58 0 32 03 10 256 20 203 3 0000 4 0133 5 0000 6 000 0 7 00 0 0 8 0 0 0 0 333 10 /// 59 015 6 000 0 7 0000 
21-DEC-2015 09 48072 3 2 9 60 0 04 04 10 280 20 220 3 0000 4 0000 5 0000 6 000 0 7 00 0 0 8 0 0 0 0 333 10 /// 58 000 6 000 0 7 0000 
21-DEC-2015 09 48074 3 2 6 58 5 04 02 10 300 20 149 3 0000 4 0142 5 0000 6 000 0 7 00 0 0 8 0 0 0 6 333 10 /// 58 010 6 000 0 7 0000 
21-DEC-2015 09 48075 3 2 4 57 6 14 02 10 260 20 160 3 0000 4 0132 5 0000 6 000 0 7 00 0 0 8 4 8 3 0 333 10 /// 58 004 6 000 0 7 0000 
21-DEC-2015 09 48077 3 2 9 59 0 00 00 10 300 20 149 3 0000 4 0119 5 0000 6 000 0 7 00 0 0 8 0 0 0 0 333 10 /// 59 008 6 000 0 7 0000 
21-DEC-2015 09 48078 3 2 9 59 2 27 01 10 298 20 176 3 0000 4 0123 5 0000 6 000 0 7 00 0 0 8 0 0 0 2 333 10 /// 59 010 6 000 0 7 0000 
21-DEC-2015 09 48080 3 2 4 60 3 22 04 10 272 20 172 3 0000 4 0130 5 0000 6 000 0 7 00 0 0 8 2 2 0 6 333 10 /// 59 011 6 000 0 7 0000 
21-DEC-2015 09 48085 3 2 4 58 3 32 03 10 288 20 196 3 0000 4 0125 5 0000 6 000 0 7 00 0 0 8 1 1 0 6 333 10 /// 59 006 6 000 0 7 0000 
21-DEC-2015 09 48087 3 2 9 60 5 04 01 10 304 20 166 3 0000 4 0000 5 0000 6 000 0 7 00 0 0 8 0 0 4 1 333 10 /// 58 000 6 000 0 7 0000 
21-DEC-2015 09 48092 3 1 5 57 6 32 01 10 310 20 146 3 0000 4 0104 5 0000 6 000 0 7 05 2 2 8 4 4 0 6 333 10 /// 59 002 6 000 0 7 0000 
21-DEC-2015 09 48093 3 2 5 58 2 14 01 10 314 20 203 3 0000 4 0000 5 0000 6 000 0 7 00 0 0 8 2 1 0 0 333 10 /// 58 000 6 000 0 7 0000 
21-DEC-2015 09 48094 3 2 9 60 3 32 01 10 320 20 200 3 0000 4 0125 5 0000 6 000 0 7 00 0 0 8 0 0 0 6 333 10 /// 59 008 6 000 0 7 0000 
21-DEC-2015 09 48095 3 2 4 58 6 04 01 10 290 20 179 3 0000 4 0000 5 0000 6 000 0 7 00 0 0 8 4 6 0 2 333 10 /// 58 000 6 000 0 7 0000 
21-DEC-2015 09 48096 3 2 9 59 6 32 06 10 310 20 169 3 0000 4 0125 5 0000 6 000 0 7 00 0 0 8 0 0 3 6 333 10 /// 59 005 6 000 0 7 0000 
21-DEC-2015 09 48097 3 2 5 57 6 13 02 10 310 20 189 3 0000 4 0134 5 0000 6 000 0 7 00 0 0 8 6 8 3 6 333 10 /// 59 001 6 000 0 7 0000 
21-DEC-2015 09 48099 3 2 4 56 3 23 01 10 332 20 212 3 0000 4 0113 5 0000 6 000 0 7 00 0 0 8 3 8 0 0 333 10 /// 59 009 6 000 0 7 0000 
21-DEC-2015 09 48101 3 2 7 60 4 00 00 10 300 20 185 3 0000 4 0000 5 0000 6 000 0 7 00 0 0 8 0 0 1 5 333 10 /// 58 000 6 000 0 7 0000 
21-DEC-2015 09 48103 3 2 4 57 2 04 02 10 326 20 275 3 0000 4 0110 5 0000 6 000 0 7 00 0 0 8 2 2 0 0 333 10 /// 59 012 6 000 0 7 0000 
21-DEC-2015 09 48107 3 2 9 50 2 04 01 10 326 20 172 3 0000 4 0108 5 0000 6 000 0 7 00 0 0 8 0 0 0 6 333 10 /// 59 007 6 000 0 7 0000 
21-DEC-2015 09 48108 3 2 5 96 5 14 03 10 330 20 234 3 0000 4 0115 5 0000 6 000 0 7 00 0 0 8 3 8 0 6 333 10 /// 59 005 6 000 0 7 0000 
21-DEC-2015 09 48110 3 1 5 96 7 32 03 10 305 20 205 3 0000 4 0112 5 0000 6 000 0 7 05 2 2 8 1 1 5 6 333 10 /// 59 009 6 000 0 7 0000 
21-DEC-2015 09 48112 3 2 5 97 8 04 08 10 320 20 281 3 0000 4 0102 5 0000 6 000 0 7 00 0 0 8 3 8 7 6 333 10 /// 59 010 6 000 0 7 0000 
