21-DEC-2015 03 48062 3 2 4 50 2 02 02 10 200 20 190 3 0000 4 0167 5 0000 6 000 0 7 10 4 4 8 2 5 0 0 333 10 /// 59 018 6 000 0 7 0000 
21-DEC-2015 03 48071 3 2 9 58 0 32 02 10 222 20 185 3 0000 4 0173 5 0000 6 000 0 7 00 0 0 8 0 0 0 0 333 10 /// 59 010 6 000 0 7 0000 
21-DEC-2015 03 48075 3 1 9 56 0 00 00 10 180 20 147 3 0000 4 0193 5 0000 6 000 0 7 01 4 4 8 0 0 0 0 333 10 /// 59 017 6 000 0 7 0000 
21-DEC-2015 03 48077 3 2 5 59 3 04 02 10 200 20 150 3 0000 4 0161 5 0000 6 000 0 7 00 0 0 8 2 2 0 1 333 10 /// 59 016 6 000 0 7 0000 
21-DEC-2015 03 48078 3 2 9 56 1 32 02 10 200 20 168 3 0000 4 0174 5 0000 6 000 0 7 00 0 0 8 0 0 0 1 333 10 /// 59 012 6 000 0 7 0000 
21-DEC-2015 03 48080 3 1 9 59 0 00 00 10 174 20 135 3 0000 4 0165 5 0000 6 000 0 7 00 0 0 8 0 0 0 0 333 10 /// 59 011 6 000 0 7 0000 
21-DEC-2015 03 48085 3 1 4 58 3 04 01 10 223 20 185 3 0000 4 0165 5 0000 6 000 0 7 00 0 0 8 1 1 0 6 333 10 /// 59 009 6 000 0 7 0000 
21-DEC-2015 03 48092 3 1 5 57 5 36 01 10 250 20 167 3 0000 4 0144 5 0000 6 000 0 7 05 2 2 8 5 4 0 0 333 10 /// 59 008 6 000 0 7 0000 
21-DEC-2015 03 48093 3 2 5 57 4 14 01 10 248 20 205 3 0000 4 0000 5 0000 6 000 0 7 00 0 0 8 4 8 0 0 333 10 /// 58 000 6 000 0 7 0000 
21-DEC-2015 03 48094 3 2 5 58 3 32 03 10 225 20 175 3 0000 4 0178 5 0000 6 000 0 7 00 0 0 8 2 5 0 1 333 10 /// 59 004 6 000 0 7 0000 
21-DEC-2015 03 48095 3 2 4 58 6 04 02 10 225 20 173 3 0000 4 0000 5 0000 6 000 0 7 00 0 0 8 4 6 0 2 333 10 /// 58 000 6 000 0 7 0000 
21-DEC-2015 03 48096 3 2 9 57 4 03 03 10 230 20 181 3 0000 4 0173 5 0000 6 000 0 7 00 0 0 8 0 0 0 2 333 10 /// 59 007 6 000 0 7 0000 
21-DEC-2015 03 48097 3 1 5 57 6 13 02 10 240 20 162 3 0000 4 0172 5 0000 6 000 0 7 05 2 2 8 1 4 0 6 333 10 /// 59 017 6 000 0 7 0000 
21-DEC-2015 03 48101 3 2 6 57 6 00 00 10 234 20 181 3 0000 4 0000 5 0000 6 000 0 7 00 0 0 8 2 7 1 5 333 10 /// 58 000 6 000 0 7 0000 
21-DEC-2015 03 48103 3 1 4 56 4 04 02 10 252 20 205 3 0000 4 0166 5 0000 6 000 0 7 02 4 4 8 4 2 0 0 333 10 /// 59 012 6 000 0 7 0000 
21-DEC-2015 03 48107 3 1 9 50 0 32 01 10 246 20 205 3 0000 4 0125 5 0000 6 000 0 7 // 4 4 8 0 0 0 0 333 10 /// 59 016 6 000 0 7 0000 
21-DEC-2015 03 48108 3 2 5 96 4 05 03 10 255 20 194 3 0000 4 0161 5 0000 6 000 0 7 00 0 0 8 2 4 0 6 333 10 /// 59 016 6 000 0 7 0000 
21-DEC-2015 03 48109 3 2 4 97 4 00 00 10 288 20 230 3 0000 4 0166 5 0000 6 000 0 7 00 0 0 8 4 9 0 0 333 10 /// 59 009 6 000 0 7 0000 
21-DEC-2015 03 48110 3 1 9 96 6 32 02 10 270 20 191 3 0000 4 0152 5 0000 6 000 0 7 05 2 2 8 0 0 0 6 333 10 /// 59 019 6 000 0 7 0000 
21-DEC-2015 03 48112 3 2 5 97 8 32 05 10 270 20 240 3 0000 4 0142 5 0000 6 000 0 7 00 0 0 8 3 8 7 6 333 10 /// 59 022 6 000 0 7 0000 
