210600 48001 32450 50902 10210 20143 40139 83850 333 56110 59032=
210600 48004 32562 11301 10260 20138 81100 333 56900=
210600 48008 32556 13401 10260 20138 40132 81400 333 56500 59024=
210600 48010 31560 11801 10265 20160 40122 70344 81100 333 56900 59030=
210600 48018 32560 23201 10275 20154 40142 82800 333 56500 59020=
210600 48019 32960 03202 10267 20138 40130 333 59023=
210600 48020 32458 13603 10280 20203 81200 333 56900=
210600 48025 32440 10401 10290 20159 40144 81100 333 56900 59007=
210600 48035 31956 03203 10257 20070 40103 70500 333 59021=
210600 48037 31958 03602 10309 20146 40119 70544 333 59007=
210600 48042 32957 02201 10305 20159 40122 333 59007=
210600 48045 32560 11406 10226 20074 81100 333 56500=
210600 48048 32962 00401 10315 20163 40128 333 59015=
210600 48051 31959 00402 10304 20150 333=
210600 48053 31950 03602 10310 20169 40119 70500 333 59022=
210600 48060 32450 13201 10250 20105 40113 81100 333 56600 59003=
210600 48062 32958 03602 10280 20230 40141 333 59003=
210600 48071 32960 03203 10265 20226 40138 333 59010=
210600 48075 31958 01401 10270 20110 40138 70500 333 58013=
210600 48077 32959 02301 10334 20126 40114 333 59016=
210600 48078 32556 23202 10318 20140 40123 81101 333 56909 59017=
210600 48080 32960 02201 10310 20237 40123 333 59003=
210600 48085 32950 03202 10286 20215 40124 333 59015=
210600 48095 32960 00000 10290 20196 333=
210600 48108 32596 62303 10338 20240 40121 83366 333 56679 59010=
210600 48109 32997 00402 10308 20237 40131 333 59018=
210600 48110 31596 50904 10335 20232 40119 70522 83305 333 56909 59007=
210600 48112 32597 80902 10330 20234 40110 70322 84876 333 56299 59007=
210600 48030 32956 02203 10189 29024 70544 333=
210600 48072 32959 00402 10290 20215 70122 333=
210600 48087 32960 00000 10318 20140 333=
210600 48099 32557 12302 10334 20191 40117 81500 333 56500 59015=
210600 48101 32960 00000 10305 20207 333=
210600 48103 32557 21301 10337 20184 40116 82500 333 56300 59017=
210600 48057 32456 11402 10232 20045 81500 333 56300=
210600 48094 32960 03203 10316 20200 40122 333 59018=
210600 48097 31557 20401 10330 20126 40134 70511 82500 333 56900 59006=
210600 48031 31960 01401 10205 20085 70500 333=
210600 48033 32963 00901 10310 20169 40124 333 59012=
210600 48034 32457 22302 10240 20034 82500 333 56500=
210600 48039 31958 21402 10300 20149 70511 80002 333 56005=
210600 48043 32058 02706 10250 20046 333=
210600 48052 32970 00401 10315 20140 333=
210600 48055 32956 02303 10272 20099 40101 333 58000=
210600 48064 32970 01401 10315 20236 40110 333 59008=
210600 48065 32970 03207 10313 20169 333=
210600 48074 32960 01402 10302 20149 40123 333 59020=
210600 48092 31957 00401 10330 20178 40102 70500 333 59016=
210600 48093 32958 02301 10318 20200 333=
210600 48107 32350 32302 10340 20206 40109 83900 333 56500 59007=  48001 32450 50902 10210 20143 40139 83850 333 56110 59032=
210600 48004 32562 11301 10260 20138 81100 333 56900=
210600 48008 32556 13401 10260 20138 40132 81400 333 56500 59024=
210600 48010 31560 11801 10265 20160 40122 70344 81100 333 56900 59030=
210600 48018 32560 23201 10275 20154 40142 82800 333 56500 59020=
210600 48019 32960 03202 10267 20138 40130 333 59023=
210600 48020 32458 13603 10280 20203 81200 333 56900=
210600 48025 32440 10401 10290 20159 40144 81100 333 56900 59007=
210600 48030 32956 02203 10189 29024 70544 333=
210600 48031 31960 01401 10205 20085 70500 333=
210600 48033 32963 00901 10310 20169 40124 333 59012=
210600 48034 32457 22302 10240 20034 82500 333 56500=
210600 48035 31956 03203 10257 20070 40103 70500 333 59021=
210600 48037 31958 03602 10309 20146 40119 70544 333 59007=
210600 48039 31958 21402 10300 20149 70511 80002 333 56005=
210600 48042 32957 02201 10305 20159 40122 333 59007=
210600 48043 32058 02706 10250 20046 333=
210600 48045 32560 11406 10226 20074 81100 333 56500=
210600 48048 32962 00401 10315 20163 40128 333 59015=
210600 48051 31959 00402 10304 20150 333=
210600 48052 32970 00401 10315 20140 333=
210600 48053 31950 03602 10310 20169 40119 70500 333 59022=
210600 48055 32956 02303 10272 20099 40101 333 58000=
210600 48057 32456 11402 10232 20045 81500 333 56300=
210600 48060 32450 13201 10250 20105 40113 81100 333 56600 59003=
210600 48062 32958 03602 10280 20230 40141 333 59003=
210600 48064 32970 01401 10315 20236 40110 333 59008=
210600 48065 32970 03207 10313 20169 333=
210600 48071 32960 03203 10265 20226 40138 333 59010=
210600 48072 32959 00402 10290 20215 70122 333=
210600 48074 32960 01402 10302 20149 40123 333 59020=
210600 48075 31958 01401 10270 20110 40138 70500 333 58013=
210600 48077 32959 02301 10334 20126 40114 333 59016=
210600 48078 32556 23202 10318 20140 40123 81101 333 56909 59017=
210600 48080 32960 02201 10310 20237 40123 333 59003=
210600 48085 32950 03202 10286 20215 40124 333 59015=
210600 48087 32960 00000 10318 20140 333=
210600 48092 31957 00401 10330 20178 40102 70500 333 59016=
210600 48093 32958 02301 10318 20200 333=
210600 48094 32960 03203 10316 20200 40122 333 59018=
210600 48095 32960 00000 10290 20196 333=
210600 48097 31557 20401 10330 20126 40134 70511 82500 333 56900 59006=
210600 48099 32557 12302 10334 20191 40117 81500 333 56500 59015=
210600 48101 32960 00000 10305 20207 333=
210600 48103 32557 21301 10337 20184 40116 82500 333 56300 59017=
210600 48107 32350 32302 10340 20206 40109 83900 333 56500 59007=
210600 48108 32596 62303 10338 20240 40121 83366 333 56679 59010=
210600 48109 32997 00402 10308 20237 40131 333 59018=
210600 48110 31596 50904 10335 20232 40119 70522 83305 333 56909 59007=
210600 48112 32597 80902 10330 20234 40110 70322 84876 333 56299 59007=  
