21-FEB-2015 12 48001 3 2 4 58 7 00 00 10 215 20 175 3 0000 4 0115 5 0000 6 000 0 7 00 0 0 8 4 9 7 0 333 10 250 58 002 6 000 0 7 0000 
21-FEB-2015 12 48004 3 2 4 58 5 00 00 10 265 20 215 3 0000 4 0000 5 0000 6 000 0 7 00 0 0 8 5 9 0 0 333 10 286 58 000 6 000 0 7 0000 
21-FEB-2015 12 48008 3 1 5 50 2 00 00 10 265 20 154 3 0000 4 0098 5 0000 6 000 0 7 10 4 4 8 1 4 3 0 333 10 300 59 022 6 000 0 7 0000 
21-FEB-2015 12 48010 3 2 5 40 2 00 00 10 275 20 220 3 0000 4 0063 5 0000 6 000 0 7 00 0 0 8 2 8 0 0 333 10 322 59 046 6 000 0 7 0000 
21-FEB-2015 12 48018 3 2 5 58 6 00 00 10 275 20 172 3 0000 4 0098 5 0000 6 000 0 7 00 0 0 8 3 8 7 0 333 10 310 59 011 6 000 0 7 0000 
21-FEB-2015 12 48019 3 2 5 50 2 00 00 10 253 20 219 3 0000 4 0097 5 0000 6 000 0 7 00 0 0 8 0 0 0 2 333 10 310 59 016 6 000 0 7 0000 
21-FEB-2015 12 48020 3 2 4 50 2 00 00 10 280 20 203 3 0000 4 0000 5 0000 6 000 0 7 00 0 0 8 1 4 0 1 333 10 320 58 000 6 000 0 7 0000 
21-FEB-2015 12 48025 3 2 4 58 5 32 02 10 202 20 124 3 0000 4 0090 5 0000 6 000 0 7 00 0 0 8 3 8 4 1 333 10 322 59 016 6 000 0 7 0000 
21-FEB-2015 12 48030 3 1 2 50 1 22 05 10 178 20 000 3 0000 4 0000 5 0000 6 000 0 7 00 0 0 8 0 0 0 0 333 10 /// 58 000 6 000 0   8110 
21-FEB-2015 12 48031 3 1 2 57 5 04 01 10 190 20 014 3 0000 4 0000 5 0000 6 000 0 7 05 1 1 8 0 0 5 0 333 10 230 58 000 6 000 0 7 0000 
21-FEB-2015 12 48033 3 2 9 62 0 00 00 10 310 20 225 3 0000 4 0089 5 0000 6 000 0 7 00 0 0 8 0 0 0 0 333 10 340 59 002 6 000 0 7 0000 
21-FEB-2015 12 48034 3 2 9 56 0 00 00 10 207 20 091 3 0000 4 0000 5 0000 6 000 0 7 00 0 0 8 0 0 0 0 333 10 265 58 000 6 000 0 7 0000 
21-FEB-2015 12 48035 3 1 5 56 3 00 00 10 231 20 143 3 0000 4 0081 5 0000 6 000 0 7 05 0 0 8 3 8 0 0 333 10 281 59 006 6 000 0 7 0000 
21-FEB-2015 12 48037 3 1 9 40 0 00 00 10 309 20 169 3 0000 4 0076 5 0000 6 000 0 7 05 4 4 8 0 0 0 0 333 10 352 59 015 6 000 0 7 0000 
21-FEB-2015 12 48039 3 2 4 60 2 22 01 10 300 20 149 3 0000 4 0000 5 0000 6 000 0 7 00 0 0 8 2 4 0 0 333 10 343 58 000 6 000 0 7 0000 
21-FEB-2015 12 48042 3 2 9 58 0 00 00 10 315 20 176 3 0000 4 0083 5 0000 6 000 0 7 00 0 0 8 0 0 0 0 333 10 340 59 006 6 000 0 7 0000 
21-FEB-2015 12 48043 3 2 0 20 0 00 00 10 220 20 082 3 0000 4 0000 5 0000 6 000 0 7 00 0 0 8 0 0 0 0 333 10 265 58 000 6 000 0 7 0000 
21-FEB-2015 12 48045 3 2 5 57 2 14 02 10 221 20 067 3 0000 4 0000 5 0000 6 000 0 7 00 0 0 8 2 8 0 0 333 10 270 58 000 6 000 0 7 0000 
21-FEB-2015 12 48048 3 2 9 50 0 00 00 10 306 20 189 3 0000 4 0094 5 0000 6 000 0 7 00 0 0 8 0 0 0 0 333 10 365 59 007 6 000 0 7 0000 
21-FEB-2015 12 48051 3 2 9 59 0 04 01 10 286 20 260 3 0000 4 0000 5 0000 6 000 0 7 02 0 0 8 0 0 0 0 333 10 344 58 000 6 000 0 7 0000 
21-FEB-2015 12 48052 3 2 9 50 0 32 02 10 350 20 143 3 0000 4 0000 5 0000 6 000 0 7 00 0 0 8 0 0 0 0 333 10 365 58 000 6 000 0 7 0000 
21-FEB-2015 12 48053 3 2 9 50 0 00 00 10 320 20 163 3 0000 4 0082 5 0000 6 000 0 7 00 0 0 8 0 0 0 0 333 10 340 58 001 6 000 0 7 0000 
21-FEB-2015 12 48055 3 1 5 56 1 00 00 10 253 20 138 3 0000 4 0066 5 0000 6 000 0 7 05 0 0 8 1 5 0 0 333 10 300 59 026 6 000 0 7 0000 
21-FEB-2015 12 48057 3 2 9 50 0 14 01 10 212 20 051 3 0000 4 0000 5 0000 6 000 0 7 00 0 0 8 0 0 0 0 333 10 255 58 000 6 000 0 7 0000 
21-FEB-2015 12 48060 3 2 9 20 0 00 00 10 240 20 114 3 0000 4 0097 5 0000 6 000 0 7 00 0 0 8 0 0 0 0 333 10 295 59 009 6 000 0 7 0000 
21-FEB-2015 12 48062 3 2 9 56 0 27 06 10 266 20 240 3 0000 4 0107 5 0000 6 000 0 7 00 0 0 8 0 0 0 0 333 10 310 59 004 6 000 0 7 0000 
21-FEB-2015 12 48064 3 2 9 50 0 14 01 10 295 20 207 3 0000 4 0073 5 0000 6 000 0 7 00 0 0 8 0 0 0 0 333 10 356 58 001 6 000 0 7 0000 
21-FEB-2015 12 48065 3 2 9 50 0 00 00 10 313 20 189 3 0000 4 0000 5 0000 6 000 0 7 00 0 0 8 0 0 0 0 333 10 355 58 000 6 000 0 7 0000 
21-FEB-2015 12 48071 3 2 9 56 0 32 03 10 270 20 211 3 0000 4 0101 5 0000 6 000 0 7 00 0 0 8 0 0 0 0 333 10 283 59 017 6 000 0 7 0000 
21-FEB-2015 12 48072 3 2 9 57 0 32 01 10 260 20 215 3 0000 4 0000 5 0000 6 000 0 7 00 0 0 8 0 0 0 0 333 10 310 58 000 6 000 0 7 0000 
21-FEB-2015 12 48074 3 2 4 57 1 00 00 10 303 20 185 3 0000 4 0082 5 0000 6 000 0 7 00 0 0 8 1 4 0 0 333 10 352 58 008 6 000 0 7 0000 
21-FEB-2015 12 48075 3 1 9 56 0 27 01 10 250 20 130 3 0000 4 0101 5 0000 6 000 0 7 05 1 1 8 0 0 0 0 333 10 310 58 000 6 000 0 7 0000 
21-FEB-2015 12 48077 3 2 9 56 0 00 00 10 320 20 140 3 0000 4 0076 5 0000 6 000 0 7 00 0 0 8 0 0 0 0 333 10 372 59 013 6 000 0 7 0000 
21-FEB-2015 12 48078 3 2 9 40 1 00 00 10 306 20 178 3 0000 4 0085 5 0000 6 000 0 7 00 0 0 8 0 0 0 2 333 10 355 59 009 6 000 0 7 0000 
21-FEB-2015 12 48080 3 2 9 58 0 22 02 10 280 20 233 3 0000 4 0101 5 0000 6 000 0 7 00 0 0 8 0 0 0 0 333 10 330 59 009 6 000 0 7 0000 
21-FEB-2015 12 48085 3 2 9 56 0 32 03 10 258 20 215 3 0000 4 0098 5 0000 6 000 0 7 00 0 0 8 0 0 0 0 333 10 296 59 010 6 000 0 7 0000 
21-FEB-2015 12 48087 3 2 9 50 1 00 00 10 280 20 158 3 0000 4 0000 5 0000 6 000 0 7 00 0 0 8 0 0 0 1 333 10 355 58 000 6 000 0 7 0000 
21-FEB-2015 12 48092 3 1 9 50 0 23 02 10 310 20 169 3 0000 4 0070 5 0000 6 000 0 7 05 0 0 8 0 0 0 0 333 10 355 59 007 6 000 0 7 0000 
21-FEB-2015 12 48093 3 2 9 40 0 14 01 10 310 20 189 3 0000 4 0000 5 0000 6 000 0 7 00 0 0 8 0 0 0 0 333 10 347 58 000 6 000 0 7 0000 
21-FEB-2015 12 48094 3 2 9 56 0 32 01 10 290 20 250 3 0000 4 0098 5 0000 6 000 0 7 00 0 0 8 0 0 0 0 333 10 360 59 012 6 000 0 7 0000 
21-FEB-2015 12 48097 3 2 5 56 3 23 01 10 295 20 172 3 0000 4 0105 5 0000 6 000 0 7 00 0 0 8 3 5 0 0 333 10 358 59 011 6 000 0 7 0000 
21-FEB-2015 12 48099 3 2 4 40 3 32 01 10 305 20 207 3 0000 4 0080 5 0000 6 000 0 7 00 0 0 8 2 8 0 0 333 10 360 59 020 6 000 0 7 0000 
21-FEB-2015 12 48101 3 2 9 50 0 00 00 10 278 20 203 3 0000 4 0000 5 0000 6 000 0 7 00 0 0 8 0 0 0 0 333 10 340 58 000 6 000 0 7 0000 
21-FEB-2015 12 48103 3 2 5 40 2 13 01 10 288 20 230 3 0000 4 0089 5 0000 6 000 0 7 00 0 0 8 2 5 0 0 333 10 367 59 009 6 000 0 7 0000 
21-FEB-2015 12 48107 3 2 3 40 3 27 01 10 288 20 215 3 0000 4 0094 5 0000 6 000 0 7 00 0 0 8 3 9 0 0 333 10 350 59 005 6 000 0 7 0000 
21-FEB-2015 12 48108 3 2 5 95 6 23 01 10 300 20 231 3 0000 4 0098 5 0000 6 000 0 7 00 0 0 8 0 0 6 7 333 10 345 59 003 6 000 0 7 0000 
21-FEB-2015 12 48109 3 2 4 96 2 04 01 10 282 20 233 3 0000 4 0109 5 0000 6 000 0 7 00 0 0 8 2 5 0 0 333 10 315 59 009 6 000 0 7 0000 
21-FEB-2015 12 48110 3 2 4 96 8 32 02 10 310 20 254 3 0000 4 0091 5 0000 6 000 0 7 00 0 0 8 5 3 0 6 333 10 340 59 007 6 000 0 7 0000 
21-FEB-2015 12 48112 3 2 5 98 6 04 03 10 300 20 223 3 0000 4 0090 5 0000 6 000 0 7 01 2 2 8 2 2 1 6 333 10 346 59 008 6 000 0 7 0000 
