21-FEB-2015 06 48001 3 2 4 50 5 09 02 10 210 20 143 3 0000 4 0139 5 0000 6 000 0 7 00 0 0 8 3 8 5 0 333 10 /// 59 032 6 000 0 7 0000 
21-FEB-2015 06 48004 3 2 5 62 1 13 01 10 260 20 138 3 0000 4 0000 5 0000 6 000 0 7 00 0 0 8 1 1 0 0 333 10 /// 58 000 6 000 0 7 0000 
21-FEB-2015 06 48008 3 2 5 56 1 34 01 10 260 20 138 3 0000 4 0132 5 0000 6 000 0 7 00 0 0 8 1 4 0 0 333 10 /// 59 024 6 000 0 7 0000 
21-FEB-2015 06 48010 3 1 5 60 1 18 01 10 265 20 160 3 0000 4 0122 5 0000 6 000 0 7 03 4 4 8 1 1 0 0 333 10 /// 59 030 6 000 0 7 0000 
21-FEB-2015 06 48018 3 2 5 60 2 32 01 10 275 20 154 3 0000 4 0142 5 0000 6 000 0 7 00 0 0 8 2 8 0 0 333 10 /// 59 020 6 000 0 7 0000 
21-FEB-2015 06 48019 3 2 9 60 0 32 02 10 267 20 138 3 0000 4 0130 5 0000 6 000 0 7 00 0 0 8 0 0 0 0 333 10 /// 59 023 6 000 0 7 0000 
21-FEB-2015 06 48020 3 2 4 58 1 36 03 10 280 20 203 3 0000 4 0000 5 0000 6 000 0 7 00 0 0 8 1 2 0 0 333 10 /// 58 000 6 000 0 7 0000 
21-FEB-2015 06 48025 3 2 4 40 1 04 01 10 290 20 159 3 0000 4 0144 5 0000 6 000 0 7 00 0 0 8 1 1 0 0 333 10 /// 59 007 6 000 0 7 0000 
21-FEB-2015 06 48030 3 2 9 56 0 22 03 10 189 20 000 3 0000 4 0000 5 0000 6 000 0 7 00 0 0 8 0 0 0 0 333 10 /// 58 000 6 000 0   333= 
21-FEB-2015 06 48031 3 1 9 60 0 14 01 10 205 20 085 3 0000 4 0000 5 0000 6 000 0 7 05 0 0 8 0 0 0 0 333 10 /// 58 000 6 000 0 7 0000 
21-FEB-2015 06 48033 3 2 9 63 0 09 01 10 310 20 169 3 0000 4 0124 5 0000 6 000 0 7 00 0 0 8 0 0 0 0 333 10 /// 59 012 6 000 0 7 0000 
21-FEB-2015 06 48034 3 2 4 57 2 23 02 10 240 20 034 3 0000 4 0000 5 0000 6 000 0 7 00 0 0 8 2 5 0 0 333 10 /// 58 000 6 000 0 7 0000 
21-FEB-2015 06 48035 3 1 9 56 0 32 03 10 257 20 070 3 0000 4 0103 5 0000 6 000 0 7 05 0 0 8 0 0 0 0 333 10 /// 59 021 6 000 0 7 0000 
21-FEB-2015 06 48037 3 1 9 58 0 36 02 10 309 20 146 3 0000 4 0119 5 0000 6 000 0 7 05 4 4 8 0 0 0 0 333 10 /// 59 007 6 000 0 7 0000 
21-FEB-2015 06 48039 3 1 9 58 2 14 02 10 300 20 149 3 0000 4 0000 5 0000 6 000 0 7 05 1 1 8 0 0 0 2 333 10 /// 58 000 6 000 0 7 0000 
21-FEB-2015 06 48042 3 2 9 57 0 22 01 10 305 20 159 3 0000 4 0122 5 0000 6 000 0 7 00 0 0 8 0 0 0 0 333 10 /// 59 007 6 000 0 7 0000 
21-FEB-2015 06 48043 3 2 0 58 0 27 06 10 250 20 046 3 0000 4 0000 5 0000 6 000 0 7 00 0 0 8 0 0 0 0 333 10 /// 58 000 6 000 0 7 0000 
21-FEB-2015 06 48045 3 2 5 60 1 14 06 10 226 20 074 3 0000 4 0000 5 0000 6 000 0 7 00 0 0 8 1 1 0 0 333 10 /// 58 000 6 000 0 7 0000 
21-FEB-2015 06 48048 3 2 9 62 0 04 01 10 315 20 163 3 0000 4 0128 5 0000 6 000 0 7 00 0 0 8 0 0 0 0 333 10 /// 59 015 6 000 0 7 0000 
21-FEB-2015 06 48051 3 1 9 59 0 04 02 10 304 20 150 3 0000 4 0000 5 0000 6 000 0 7 00 0 0 8 0 0 0 0 333 10 /// 58 000 6 000 0 7 0000 
21-FEB-2015 06 48052 3 2 9 70 0 04 01 10 315 20 140 3 0000 4 0000 5 0000 6 000 0 7 00 0 0 8 0 0 0 0 333 10 /// 58 000 6 000 0 7 0000 
21-FEB-2015 06 48053 3 1 9 50 0 36 02 10 310 20 169 3 0000 4 0119 5 0000 6 000 0 7 05 0 0 8 0 0 0 0 333 10 /// 59 022 6 000 0 7 0000 
21-FEB-2015 06 48055 3 2 9 56 0 23 03 10 272 20 099 3 0000 4 0101 5 0000 6 000 0 7 00 0 0 8 0 0 0 0 333 10 /// 58 000 6 000 0 7 0000 
21-FEB-2015 06 48057 3 2 4 56 1 14 02 10 232 20 045 3 0000 4 0000 5 0000 6 000 0 7 00 0 0 8 1 5 0 0 333 10 /// 58 000 6 000 0 7 0000 
21-FEB-2015 06 48060 3 2 4 50 1 32 01 10 250 20 105 3 0000 4 0113 5 0000 6 000 0 7 00 0 0 8 1 1 0 0 333 10 /// 59 003 6 000 0 7 0000 
21-FEB-2015 06 48062 3 2 9 58 0 36 02 10 280 20 230 3 0000 4 0141 5 0000 6 000 0 7 00 0 0 8 0 0 0 0 333 10 /// 59 003 6 000 0 7 0000 
21-FEB-2015 06 48064 3 2 9 70 0 14 01 10 315 20 236 3 0000 4 0110 5 0000 6 000 0 7 00 0 0 8 0 0 0 0 333 10 /// 59 008 6 000 0 7 0000 
21-FEB-2015 06 48065 3 2 9 70 0 32 07 10 313 20 169 3 0000 4 0000 5 0000 6 000 0 7 00 0 0 8 0 0 0 0 333 10 /// 58 000 6 000 0 7 0000 
21-FEB-2015 06 48071 3 2 9 60 0 32 03 10 265 20 226 3 0000 4 0138 5 0000 6 000 0 7 00 0 0 8 0 0 0 0 333 10 /// 59 010 6 000 0 7 0000 
21-FEB-2015 06 48072 3 2 9 59 0 04 02 10 290 20 215 3 0000 4 0000 5 0000 6 000 0 7 01 2 2 8 0 0 0 0 333 10 /// 58 000 6 000 0 7 0000 
21-FEB-2015 06 48074 3 2 9 60 0 14 02 10 302 20 149 3 0000 4 0123 5 0000 6 000 0 7 00 0 0 8 0 0 0 0 333 10 /// 59 020 6 000 0 7 0000 
21-FEB-2015 06 48075 3 1 9 58 0 14 01 10 270 20 110 3 0000 4 0138 5 0000 6 000 0 7 05 0 0 8 0 0 0 0 333 10 /// 58 013 6 000 0 7 0000 
21-FEB-2015 06 48077 3 2 9 59 0 23 01 10 334 20 126 3 0000 4 0114 5 0000 6 000 0 7 00 0 0 8 0 0 0 0 333 10 /// 59 016 6 000 0 7 0000 
21-FEB-2015 06 48078 3 2 5 56 2 32 02 10 318 20 140 3 0000 4 0123 5 0000 6 000 0 7 00 0 0 8 1 1 0 1 333 10 /// 59 017 6 000 0 7 0000 
21-FEB-2015 06 48080 3 2 9 60 0 22 01 10 310 20 237 3 0000 4 0123 5 0000 6 000 0 7 00 0 0 8 0 0 0 0 333 10 /// 59 003 6 000 0 7 0000 
21-FEB-2015 06 48085 3 2 9 50 0 32 02 10 286 20 215 3 0000 4 0124 5 0000 6 000 0 7 00 0 0 8 0 0 0 0 333 10 /// 59 015 6 000 0 7 0000 
21-FEB-2015 06 48087 3 2 9 60 0 00 00 10 318 20 140 3 0000 4 0000 5 0000 6 000 0 7 00 0 0 8 0 0 0 0 333 10 /// 58 000 6 000 0 7 0000 
21-FEB-2015 06 48092 3 1 9 57 0 04 01 10 330 20 178 3 0000 4 0102 5 0000 6 000 0 7 05 0 0 8 0 0 0 0 333 10 /// 59 016 6 000 0 7 0000 
21-FEB-2015 06 48093 3 2 9 58 0 23 01 10 318 20 200 3 0000 4 0000 5 0000 6 000 0 7 00 0 0 8 0 0 0 0 333 10 /// 58 000 6 000 0 7 0000 
21-FEB-2015 06 48094 3 2 9 60 0 32 03 10 316 20 200 3 0000 4 0122 5 0000 6 000 0 7 00 0 0 8 0 0 0 0 333 10 /// 59 018 6 000 0 7 0000 
21-FEB-2015 06 48095 3 2 9 60 0 00 00 10 290 20 196 3 0000 4 0000 5 0000 6 000 0 7 00 0 0 8 0 0 0 0 333 10 /// 58 000 6 000 0 7 0000 
21-FEB-2015 06 48097 3 1 5 57 2 04 01 10 330 20 126 3 0000 4 0134 5 0000 6 000 0 7 05 1 1 8 2 5 0 0 333 10 /// 59 006 6 000 0 7 0000 
21-FEB-2015 06 48099 3 2 5 57 1 23 02 10 334 20 191 3 0000 4 0117 5 0000 6 000 0 7 00 0 0 8 1 5 0 0 333 10 /// 59 015 6 000 0 7 0000 
21-FEB-2015 06 48101 3 2 9 60 0 00 00 10 305 20 207 3 0000 4 0000 5 0000 6 000 0 7 00 0 0 8 0 0 0 0 333 10 /// 58 000 6 000 0 7 0000 
21-FEB-2015 06 48103 3 2 5 57 2 13 01 10 337 20 184 3 0000 4 0116 5 0000 6 000 0 7 00 0 0 8 2 5 0 0 333 10 /// 59 017 6 000 0 7 0000 
21-FEB-2015 06 48107 3 2 3 50 3 23 02 10 340 20 206 3 0000 4 0109 5 0000 6 000 0 7 00 0 0 8 3 9 0 0 333 10 /// 59 007 6 000 0 7 0000 
21-FEB-2015 06 48108 3 2 5 96 6 23 03 10 338 20 240 3 0000 4 0121 5 0000 6 000 0 7 00 0 0 8 3 3 6 6 333 10 /// 59 010 6 000 0 7 0000 
21-FEB-2015 06 48109 3 2 9 97 0 04 02 10 308 20 237 3 0000 4 0131 5 0000 6 000 0 7 00 0 0 8 0 0 0 0 333 10 /// 59 018 6 000 0 7 0000 
21-FEB-2015 06 48110 3 1 5 96 5 09 04 10 335 20 232 3 0000 4 0119 5 0000 6 000 0 7 05 2 2 8 3 3 0 5 333 10 /// 59 007 6 000 0 7 0000 
21-FEB-2015 06 48112 3 2 5 97 8 09 02 10 330 20 234 3 0000 4 0110 5 0000 6 000 0 7 03 2 2 8 4 8 7 6 333 10 /// 59 007 6 000 0 7 0000 
