21-FEB-2015 00 48008 3 1 5 50 4 00 00 10 147 20 134 3 0000 4 0136 5 0000 6 000 0 7 10 4 4 8 2 4 3 0 333 20 139 59 014 6 000 0 7 0000 
21-FEB-2015 00 48010 3 1 2 20 3 00 00 10 150 20 150 3 0000 4 0127 5 0000 6 000 0 7 40 4 4 8 3 6 0 0 333 20 145 59 007 6 000 0 7 0000 
21-FEB-2015 00 48018 3 2 9 20 0 14 01 10 155 20 134 3 0000 4 0133 5 0000 6 000 0 7 00 0 0 8 0 0 0 0 333 20 145 59 009 6 000 0 7 0000 
21-FEB-2015 00 48019 3 2 9 40 0 00 00 10 134 20 130 3 0000 4 0124 5 0000 6 000 0 7 00 0 0 8 0 0 0 0 333 20 130 59 013 6 000 0 7 0000 
21-FEB-2015 00 48025 3 1 1 10 1 27 01 10 164 20 144 3 0000 4 0133 5 0000 6 000 0 7 40 4 4 8 1 6 0 0 333 20 158 59 016 6 000 0 7 0000 
21-FEB-2015 00 48030 3 1 9 50 0 22 02 10 050 20 025 3 0000 4 0000 5 0000 6 000 0 7 05 4 4 8 0 0 0 0 333 20 037 58 000 6 000 0 7 0000 
21-FEB-2015 00 48031 3 1 9 50 0 36 01 10 100 20 056 3 0000 4 0000 5 0000 6 000 0 7 05 0 0 8 0 0 0 0 333 20 090 58 000 6 000 0 7 0000 
21-FEB-2015 00 48033 3 2 9 60 0 23 01 10 170 20 154 3 0000 4 0118 5 0000 6 000 0 7 00 0 0 8 0 0 0 0 333 20 160 59 011 6 000 0 7 0000 
21-FEB-2015 00 48034 3 1 4 56 2 00 00 10 090 20 068 3 0000 4 0000 5 0000 6 000 0 7 10 1 1 8 2 5 0 0 333 20 080 58 000 6 000 0 7 0000 
21-FEB-2015 00 48035 3 1 / 01 9 00 00 10 069 20 069 3 0000 4 0168 5 0000 6 000 0 7 47 4 4 8 0 0 0 0 333 20 063 58 012 6 000 0 7 0000 
21-FEB-2015 00 48037 3 2 9 10 0 00 00 10 183 20 147 3 0000 4 0104 5 0000 6 000 0 7 00 0 0 8 0 0 0 0 333 20 176 59 019 6 000 0 7 0000 
21-FEB-2015 00 48039 3 2 4 50 2 32 02 10 188 20 139 3 0000 4 0000 5 0000 6 000 0 7 00 0 0 8 1 4 0 2 333 20 185 58 000 6 000 0 7 0000 
21-FEB-2015 00 48042 3 2 5 56 2 00 00 10 185 20 153 3 0000 4 0112 5 0000 6 000 0 7 00 0 0 8 1 4 5 0 333 20 175 59 005 6 000 0 7 0000 
21-FEB-2015 00 48043 3 2 0 20 1 00 00 10 125 20 086 3 0000 4 0000 5 0000 6 000 0 7 00 0 0 8 0 0 0 0 333 20 085 58 000 6 000 0 7 0000 
21-FEB-2015 00 48048 3 2 9 40 0 00 00 10 164 20 106 3 0000 4 0119 5 0000 6 000 0 7 00 0 0 8 0 0 0 0 333 20 157 59 005 6 000 0 7 0000 
21-FEB-2015 00 48051 3 2 9 40 0 36 01 10 150 20 130 3 0000 4 0000 5 0000 6 000 0 7 00 0 0 8 0 0 0 0 333 20 144 58 000 6 000 0 7 0000 
21-FEB-2015 00 48052 3 2 9 50 0 00 00 10 188 20 118 3 0000 4 0000 5 0000 6 000 0 7 00 0 0 8 0 0 0 0 333 20 176 58 000 6 000 0 7 0000 
21-FEB-2015 00 48053 3 2 9 50 0 00 00 10 170 20 135 3 0000 4 0114 5 0000 6 000 0 7 00 0 0 8 0 0 0 0 333 20 167 59 007 6 000 0 7 0000 
21-FEB-2015 00 48055 3 1 9 40 0 00 00 10 067 20 053 3 0000 4 0178 5 0000 6 000 0 7 10 0 0 8 0 0 0 0 333 20 050 58 002 6 000 0 7 0000 
21-FEB-2015 00 48057 3 1 9 39 0 00 00 10 110 20 091 3 0000 4 0000 5 0000 6 000 0 7 10 0 0 8 0 0 0 0 333 20 100 58 000 6 000 0 7 0000 
21-FEB-2015 00 48060 3 2 9 20 0 00 00 10 105 20 085 3 0000 4 0166 5 0000 6 000 0 7 00 0 0 8 0 0 0 0 333 20 092 59 015 6 000 0 7 0000 
21-FEB-2015 00 48062 3 2 5 40 2 00 00 10 190 20 190 3 0000 4 0136 5 0000 6 000 0 7 10 2 2 8 2 5 0 0 333 20 150 58 009 6 000 0 7 0000 
21-FEB-2015 00 48064 3 2 9 50 0 14 01 10 180 20 147 3 0000 4 0103 5 0000 6 000 0 7 00 0 0 8 0 0 0 0 333 20 138 58 002 6 000 0 7 0000 
21-FEB-2015 00 48065 3 2 9 50 0 00 00 10 170 20 154 3 0000 4 0000 5 0000 6 000 0 7 00 0 0 8 0 0 0 0 333 20 160 58 000 6 000 0 7 0000 
21-FEB-2015 00 48071 3 1 9 30 0 00 00 10 195 20 185 3 0000 4 0121 5 0000 6 000 0 7 42 4 4 8 0 0 0 0 333 20 190 58 000 6 000 0 7 0000 
21-FEB-2015 00 48074 3 2 4 50 1 04 06 10 200 20 130 3 0000 4 0123 5 0000 6 000 0 7 00 0 0 8 1 4 0 0 333 20 181 59 015 6 000 0 7 0000 
21-FEB-2015 00 48075 3 1 9 56 0 00 00 10 100 20 100 3 0000 4 0184 5 0000 6 000 0 7 10 2 2 8 0 0 0 0 333 20 095 59 003 6 000 0 7 0000 
21-FEB-2015 00 48078 3 2 9 50 1 00 00 10 169 20 135 3 0000 4 0118 5 0000 6 000 0 7 00 0 0 8 0 0 0 1 333 20 148 59 010 6 000 0 7 0000 
21-FEB-2015 00 48080 3 1 9 08 0 00 00 10 161 20 144 3 0000 4 0121 5 0000 6 000 0 7 41 4 4 8 0 0 0 0 333 20 112 59 010 6 000 0 7 0000 
21-FEB-2015 00 48085 3 1 9 20 0 14 01 10 166 20 164 3 0000 4 0118 5 0000 6 000 0 7 44 4 4 8 0 0 0 0 333 20 165 59 008 6 000 0 7 0000 
21-FEB-2015 00 48092 3 2 / 01 9 23 01 10 180 20 180 3 0000 4 0097 5 0000 6 000 0 7 47 4 4 8 0 0 0 0 333 20 170 59 007 6 000 0 7 0000 
21-FEB-2015 00 48093 3 2 9 30 0 14 01 10 182 20 155 3 0000 4 0000 5 0000 6 000 0 7 00 0 0 8 0 0 0 0 333 20 180 58 000 6 000 0 7 0000 
21-FEB-2015 00 48094 3 1 9 40 0 00 00 10 200 20 190 3 0000 4 0116 5 0000 6 000 0 7 10 0 0 8 0 0 0 0 333 20 168 59 003 6 000 0 7 0000 
21-FEB-2015 00 48096 3 1 9 01 0 00 00 10 200 20 200 3 0000 4 0122 5 0000 6 000 0 7 42 4 1 8 0 0 0 0 333 20 190 58 006 6 000 0 7 0000 
21-FEB-2015 00 48097 3 1 / 10 1 31 01 10 200 20 200 3 0000 4 0117 5 0000 6 000 0 7 43 4 4 8 0 0 0 0 333 20 190 59 012 6 000 0 7 0000 
21-FEB-2015 00 48099 3 2 3 30 1 36 01 10 210 20 195 3 0000 4 0116 5 0000 6 000 0 7 00 0 0 8 1 5 0 0 333 20 195 59 014 6 000 0 7 0000 
21-FEB-2015 00 48101 3 1 5 50 8 00 00 10 212 20 195 3 0000 4 0000 5 0000 6 000 0 7 44 4 4 8 3 7 2 / 333 20 198 58 000 6 000 0 7 0000 
21-FEB-2015 00 48103 3 2 5 40 2 04 01 10 206 20 195 3 0000 4 0113 5 0000 6 000 0 7 00 0 0 8 2 5 0 0 333 20 198 59 010 6 000 0 7 0000 
21-FEB-2015 00 48107 3 1 9 30 0 04 01 10 200 20 185 3 0000 4 0111 5 0000 6 000 0 7 41 4 4 8 0 0 0 0 333 20 186 59 006 6 000 0 7 0000 
21-FEB-2015 00 48108 3 1 5 94 8 14 01 10 215 20 208 3 0000 4 0118 5 0000 6 000 0 7 10 2 2 8 2 4 5 7 333 20 190 59 002 6 000 0 7 0000 
21-FEB-2015 00 48109 3 1 4 96 2 00 00 10 238 20 226 3 0000 4 0117 5 0000 6 000 0 7 10 2 2 8 2 5 0 0 333 20 224 59 013 6 000 0 7 0000 
21-FEB-2015 00 48110 2 1 5 95 8 00 00 10 245 20 229 3 0000 4 0115 5 0000 6 000 0 7 05 2 2 8 1 3 5 7 333 20 240 59 006 6 000 0 7 0000 
21-FEB-2015 00 48112 3 2 5 97 8 04 01 10 256 20 229 3 0000 4 0112 5 0000 6 000 0 7 00 0 0 8 3 8 7 6 333 20 211 58 002 6 000 0 7 0000 
