210900 48001 31450 70401 10240 20155 40112 85920 333 56620 59031=
210900 48004 32458 51301 10281 20158 85900 333 56500=
210900 48008 32557 23401 10293 20115 40101 81430 333 56560 59021=
210900 48010 32560 11801 10315 20200 40091 81100 333 56900 59038=
210900 48018 32560 23201 10305 20149 40106 82800 333 56500 59022=
210900 48019 32960 00402 10297 20166 40114 333 59006=
210900 48025 32457 10401 10314 20146 40092 81100 333 56900 59024=
210900 48030 31356 12202 10201 29026 70544 81100 333 56500=
210900 48031 32960 01801 10225 20065 70500 333=
210900 48033 32563 22701 10330 20172 40087 82500 333 56900 59022=
210900 48034 32457 32304 10260 20070 83500 333 56500=
210900 48035 31556 32704 10279 20073 40073 70500 83800 333 56900 59004=
210900 48037 31958 03601 10338 20145 40082 70544 333 59015=
210900 48039 32459 31402 10334 20126 81102 333 56505=
210900 48042 32958 02701 10335 20136 40093 333 59007=
210900 48043 32058 01806 10260 20102 333=
210900 48045 32559 21408 10254 20068 82800 333 56500=
210900 48048 32962 00401 10360 20156 40096 333 59013=
210900 48051 32960 03103 10340 20150 70200 333=
210900 48052 32970 03202 10360 20156 333=
210900 48053 32956 02702 10340 20164 40089 333 59013=
210900 48055 31556 12302 10296 20120 40062 70500 81100 333 56500 59012=
210900 48057 32457 21403 10250 20046 82500 333 56400=
210900 48060 32950 02201 10290 20115 40067 333 59013=
210900 48062 32958 02707 10300 20240 40110 333 59001=
210900 48064 32970 01401 10350 20237 40068 333 59012=
210900 48065 32970 00000 10348 20143 333=
210900 48071 32960 03203 10280 20203 40111 333 59010=
210900 48072 32960 03202 10295 20207 333=
210900 48074 32960 03203 10346 20158 40084 333 59027=
210900 48075 31558 21401 10310 20070 40064 70511 82100 333 56500 59019=
210900 48077 32959 02301 10370 20125 40086 333 59008=
210900 48078 32557 21401 10352 20098 40090 81101 333 56909 59014=
210900 48080 32960 02202 10325 20244 40097 333 59001=
210900 48085 32958 03205 10294 20215 40102 333 59010=
210900 48092 32558 12303 10350 20143 40071 81400 333 56900 59013=
210900 48093 32958 00401 10343 20164 333=
210900 48094 32960 03203 10358 20250 40090 333 59015=
210900 48095 32960 02202 10340 20225 333=
210900 48097 32557 31402 10350 20158 40098 70211 83800 333 56900 59007=
210900 48099 32560 33202 10350 20182 40096 83800 333 56700 58001=
210900 48101 32960 03201 10337 20184 333=
210900 48103 32557 33201 10360 20195 40086 83800 333 56700 59012=
210900 48107 32350 42303 10328 20212 40087 84900 333 56500 59006=
210900 48108 32596 72303 10325 20246 40094 84367 333 56699 59008=
210900 48109 32997 10401 10310 20237 40110 333 59012=
210900 48110 31596 42303 10340 20257 40089 70522 83305 333 56909 59004=
210900 48112 32597 80903 10345 20240 40085 83876 333 56299 59003=  48001 31450 70401 10240 20155 40112 85920 333 56620 59031=
210900 48004 32458 51301 10281 20158 85900 333 56500=
210900 48008 32557 23401 10293 20115 40101 81430 333 56560 59021=
210900 48010 32560 11801 10315 20200 40091 81100 333 56900 59038=
210900 48018 32560 23201 10305 20149 40106 82800 333 56500 59022=
210900 48019 32960 00402 10297 20166 40114 333 59006=
210900 48025 32457 10401 10314 20146 40092 81100 333 56900 59024=
210900 48035 31556 32704 10279 20073 40073 70500 83800 333 56900 59004=
210900 48037 31958 03601 10338 20145 40082 70544 333 59015=
210900 48042 32958 02701 10335 20136 40093 333 59007=
210900 48045 32559 21408 10254 20068 82800 333 56500=
210900 48048 32962 00401 10360 20156 40096 333 59013=
210900 48051 32960 03103 10340 20150 70200 333=
210900 48053 32956 02702 10340 20164 40089 333 59013=
210900 48060 32950 02201 10290 20115 40067 333 59013=
210900 48062 32958 02707 10300 20240 40110 333 59001=
210900 48071 32960 03203 10280 20203 40111 333 59010=
210900 48075 31558 21401 10310 20070 40064 70511 82100 333 56500 59019=
210900 48077 32959 02301 10370 20125 40086 333 59008=
210900 48078 32557 21401 10352 20098 40090 81101 333 56909 59014=
210900 48080 32960 02202 10325 20244 40097 333 59001=
210900 48085 32958 03205 10294 20215 40102 333 59010=
210900 48095 32960 02202 10340 20225 333=
210900 48108 32596 72303 10325 20246 40094 84367 333 56699 59008=
210900 48109 32997 10401 10310 20237 40110 333 59012=
210900 48110 31596 42303 10340 20257 40089 70522 83305 333 56909 59004=
210900 48112 32597 80903 10345 20240 40085 83876 333 56299 59003=
210900 48030 31356 12202 10201 29026 70544 81100 333 56500=
210900 48072 32960 03202 10295 20207 333=
210900 48099 32560 33202 10350 20182 40096 83800 333 56700 58001=
210900 48101 32960 03201 10337 20184 333=
210900 48103 32557 33201 10360 20195 40086 83800 333 56700 59012=
210900 48057 32457 21403 10250 20046 82500 333 56400=
210900 48094 32960 03203 10358 20250 40090 333 59015=
210900 48097 32557 31402 10350 20158 40098 70211 83800 333 56900 59007=
210900 48031 32960 01801 10225 20065 70500 333=
210900 48033 32563 22701 10330 20172 40087 82500 333 56900 59022=
210900 48034 32457 32304 10260 20070 83500 333 56500=
210900 48039 32459 31402 10334 20126 81102 333 56505=
210900 48043 32058 01806 10260 20102 333=
210900 48052 32970 03202 10360 20156 333=
210900 48055 31556 12302 10296 20120 40062 70500 81100 333 56500 59012=
210900 48064 32970 01401 10350 20237 40068 333 59012=
210900 48065 32970 00000 10348 20143 333=
210900 48074 32960 03203 10346 20158 40084 333 59027=
210900 48092 32558 12303 10350 20143 40071 81400 333 56900 59013=
210900 48093 32958 00401 10343 20164 333=
210900 48107 32350 42303 10328 20212 40087 84900 333 56500 59006=  48001 NIL=
210900 48004 32460 43202 10261 20179 84900 333 56500=
210900 48008 32557 70402 10273 20133 40121 83970 333 56560 58020=
210900 48010 22560 30000 10275 20184 40109 81401 333 56609 58018=
210900 48018 32560 71401 10270 20154 40119 84870 333 56550 58013=
210900 48019 32458 70402 10278 20172 40116 85770 333 56560 58001=
210900 48025 31456 43201 10308 20146 40114 70544 82540 333 56550 59022=
210900 48030 31256 62205 10184 20086 70544 86800 333 56500=
210900 48031 31257 51801 10214 20072 70522 85800 333 56400=
210900 48033 32963 03601 10330 20172 40098 333 58010=
210900 48035 31560 52203 10280 20043 40068 70500 83860 333 56790 59005=
210900 48037 32558 23601 10337 20145 40092 82100 333 56600 58010=
210900 48039 32457 22201 10333 20151 82100 333 56500=
210900 48042 32958 02702 10348 20143 40080 333 59013=
210900 48043 32958 03206 10260 20119 333=
210900 48045 32560 21404 10256 20039 82800 333 56500=
210900 48048 32962 03601 10340 20164 40102 333 58006=
210900 48051 32559 13605 10332 20150 81200 333 56900=
210900 48052 32970 03202 10260 20156 333=
210900 48053 31950 02702 10350 20143 40091 70522 333 58002=
210900 48055 31556 42203 10291 20076 40061 70511 84800 333 56500 59001=
210900 48057 32458 23203 10242 20095 82800 333 56500=
210900 48060 32450 22303 10322 20124 40076 82100 333 56500 58009=
210900 48062 32950 02701 10300 20220 40116 333 58006=
210900 48064 32970 01401 10350 20202 40086 333 58018=
210900 48065 32970 00000 10350 20158 333=
210900 48071 32960 03203 10280 20220 40121 333 58010=
210900 48072 32960 02705 10295 20185 333=
210900 48074 32960 02303 10355 20132 40099 333 58015=
210900 48075 31957 02201 10310 20070 40084 70511 333 59019=
210900 48077 32959 00000 10350 20132 40093 333 58007=
210900 48078 32556 21801 10357 20139 40091 81201 333 56909 58001=
210900 48080 32960 02203 10330 20258 40107 333 58010=
210900 48085 32958 03203 10295 20215 40111 333 58013=
210900 48092 32558 32303 10350 20143 40092 81430 333 56990 58021=
210900 48093 32958 11401 10346 20182 80001 333 56009=
210900 48094 32460 33203 10345 20190 40111 82840 333 56990 58021=
210900 48095 32960 12202 10345 20164 80002 333 56009=
210900 48097 32557 42404 10345 20161 40108 82130 333 56490 58010=
210900 48099 32458 52301 10348 20219 40101 84301 333 56509 58005=
210900 48101 32960 12702 10325 20162 80001 333 56009=
210900 48103 32457 30401 10347 20202 40104 83800 333 56100 58018=
210900 48107 32350 22302 10340 20184 40102 82900 333 56500 58015=
210900 48108 32596 72306 10330 20244 40113 84366 333 56699 58020=
210900 48109 32997 00401 10310 20237 40125 333 58015=
210900 48110 31596 43205 10350 20250 40107 70522 83305 333 56909 58018=
