21-JAN-2015 03 48001 3 1 9 06 9 00 00 10 100 20 100 3 0000 4 0226 5 0000 6 000 0 7 45 4 4 8 9 / / / 333 10 /// 58 011 6 000 0 7 0000 
21-JAN-2015 03 48004 3 1 5 60 1 04 01 10 132 20 086 3 0000 4 0000 5 0000 6 000 0 7 10 4 4 8 1 5 0 0 333 10 /// 58 000 6 000 0 7 0000 
21-JAN-2015 03 48008 3 2 5 58 1 00 00 10 177 20 129 3 0000 4 0231 5 0000 6 000 0 7 00 0 0 8 1 4 0 0 333 10 /// 58 031 6 000 0 7 0000 
21-JAN-2015 03 48010 3 1 5 20 1 00 00 10 145 20 124 3 0000 4 0232 5 0000 6 000 0 7 40 4 4 8 1 6 0 0 333 10 /// 58 030 6 000 0 7 0000 
21-JAN-2015 03 48018 3 2 5 58 3 04 01 10 153 20 134 3 0000 4 0229 5 0000 6 000 0 7 00 0 0 8 2 8 1 0 333 10 /// 58 040 6 000 0 7 0000 
21-JAN-2015 03 48019 3 2 9 60 0 00 00 10 162 20 123 3 0000 4 0222 5 0000 6 000 0 7 00 0 0 8 0 0 0 0 333 10 /// 58 037 6 000 0 7 0000 
21-JAN-2015 03 48020 3 1 9 40 9 00 00 10 160 20 144 3 0000 4 0000 5 0000 6 000 0 7 43 4 4 8 9 / / / 333 10 /// 58 000 6 000 0 7 0000 
21-JAN-2015 03 48025 3 2 4 50 5 04 01 10 190 20 159 3 0000 4 0234 5 0000 6 000 0 7 00 0 0 8 3 8 4 1 333 10 /// 58 034 6 000 0 7 0000 
21-JAN-2015 03 48030 3 2 1 50 7 22 02 10 088 20 068 3 0000 4 0000 5 0000 6 000 0 7 00 0 0 8 5 8 5 0 333 10 /// 58 000 6 000 0 7 0000 
21-JAN-2015 03 48031 3 1 / 03 9 36 01 10 155 20 120 3 0000 4 0000 5 0000 6 000 0 7 47 4 4 8 9 / / / 333 10 /// 58 000 6 000 0 7 0000 
21-JAN-2015 03 48033 3 2 5 62 2 36 01 10 210 20 143 3 0000 4 0180 5 0000 6 000 0 7 00 0 0 8 2 5 0 0 333 10 /// 58 009 6 000 0 7 0000 
21-JAN-2015 03 48034 3 1 4 56 1 00 00 10 122 20 081 3 0000 4 0000 5 0000 6 000 0 7 10 1 1 8 1 5 0 0 333 10 /// 58 000 6 000 0 7 0000 
21-JAN-2015 03 48035 3 1 / 01 9 00 00 10 101 20 100 3 0000 4 0241 5 0000 6 000 0 7 47 4 4 8 0 0 0 0 333 10 /// 58 040 6 000 0 7 0000 
21-JAN-2015 03 48037 3 2 5 58 2 36 01 10 208 20 177 3 0000 4 0191 5 0000 6 000 0 7 00 0 0 8 1 1 2 0 333 10 /// 58 065 6 000 0 7 0000 
21-JAN-2015 03 48039 3 1 4 40 3 22 01 10 187 20 159 3 0000 4 0000 5 0000 6 000 0 7 40 4 4 8 1 4 0 2 333 10 /// 58 000 6 000 0 7 0000 
21-JAN-2015 03 48042 3 2 5 57 3 36 01 10 200 20 168 3 0000 4 0212 5 0000 6 000 0 7 00 0 0 8 1 4 5 2 333 10 /// 58 030 6 000 0 7 0000 
21-JAN-2015 03 48045 3 2 5 59 7 14 02 10 130 20 086 3 0000 4 0000 5 0000 6 000 0 7 00 0 0 8 7 7 0 0 333 10 /// 58 000 6 000 0 7 0000 
21-JAN-2015 03 48048 3 2 5 60 4 04 01 10 195 20 168 3 0000 4 0121 5 0000 6 000 0 7 00 0 0 8 4 8 0 0 333 10 /// 58 025 6 000 0 7 0000 
21-JAN-2015 03 48051 3 2 9 58 3 04 02 10 170 20 150 3 0000 4 0000 5 0000 6 000 0 7 03 1 1 8 0 0 0 2 333 10 /// 58 000 6 000 0 7 0000 
21-JAN-2015 03 48052 3 2 4 58 4 04 02 10 210 20 175 3 0000 4 0000 5 0000 6 000 0 7 00 0 0 8 4 8 0 0 333 10 /// 58 000 6 000 0 7 0000 
21-JAN-2015 03 48053 3 2 9 50 1 36 02 10 200 20 150 3 0000 4 0208 5 0000 6 000 0 7 00 0 0 8 0 0 0 6 333 10 /// 58 035 6 000 0 7 0000 
21-JAN-2015 03 48055 3 1 4 40 4 00 00 10 122 20 092 3 0000 4 0205 5 0000 6 000 0 7 10 4 4 8 2 5 0 1 333 10 /// 58 045 6 000 0 7 0000 
21-JAN-2015 03 48057 3 2 9 58 3 22 02 10 154 20 073 3 0000 4 0000 5 0000 6 000 0 7 00 0 0 8 0 0 0 6 333 10 /// 58 000 6 000 0 7 0000 
21-JAN-2015 03 48060 3 1 9 20 9 00 00 10 130 20 113 3 0000 4 0256 5 0000 6 000 0 7 40 4 4 8 0 0 0 0 333 10 /// 58 057 6 000 0 7 0000 
21-JAN-2015 03 48062 3 1 5 50 5 04 02 10 185 20 180 3 0000 4 0198 5 0000 6 000 0 7 10 4 4 8 3 8 3 0 333 10 /// 58 027 6 000 0 7 0000 
21-JAN-2015 03 48064 3 2 5 60 2 14 01 10 200 20 168 3 0000 4 0205 5 0000 6 000 0 7 00 0 0 8 1 1 0 1 333 10 /// 58 031 6 000 0 7 0000 
21-JAN-2015 03 48065 3 2 4 60 5 04 03 10 208 20 198 3 0000 4 0000 5 0000 6 000 0 7 00 0 0 8 4 8 3 0 333 10 /// 58 000 6 000 0 7 0000 
21-JAN-2015 03 48071 3 2 4 58 3 00 00 10 230 20 198 3 0000 4 0203 5 0000 6 000 0 7 00 0 0 8 3 8 0 0 333 10 /// 58 028 6 000 0 7 0000 
21-JAN-2015 03 48072 3 1 4 56 7 04 01 10 224 20 185 3 0000 4 0000 5 0000 6 000 0 7 05 2 2 8 5 8 3 0 333 10 /// 58 000 6 000 0 7 0000 
21-JAN-2015 03 48074 3 2 5 58 3 04 03 10 210 20 175 3 0000 4 0208 5 0000 6 000 0 7 00 0 0 8 1 4 0 1 333 10 /// 58 033 6 000 0 7 0000 
21-JAN-2015 03 48075 3 1 4 58 5 32 01 10 180 20 170 3 0000 4 0229 5 0000 6 000 0 7 01 4 4 8 5 3 0 0 333 10 /// 58 025 6 000 0 7 0000 
21-JAN-2015 03 48077 3 2 5 59 3 04 01 10 230 20 163 3 0000 4 0192 5 0000 6 000 0 7 00 0 0 8 2 2 0 1 333 10 /// 58 023 6 000 0 7 0000 
21-JAN-2015 03 48078 3 2 5 56 3 32 02 10 220 20 185 3 0000 4 0205 5 0000 6 000 0 7 00 0 0 8 2 5 0 1 333 10 /// 58 029 6 000 0 7 0000 
21-JAN-2015 03 48080 3 2 4 59 4 04 02 10 204 20 168 3 0000 4 0199 5 0000 6 000 0 7 00 0 0 8 4 2 0 0 333 10 /// 58 022 6 000 0 7 0000 
21-JAN-2015 03 48085 3 1 9 57 1 04 01 10 243 20 209 3 0000 4 0189 5 0000 6 000 0 7 05 4 4 8 0 0 0 1 333 10 /// 58 023 6 000 0 7 0000 
21-JAN-2015 03 48087 3 2 9 60 2 04 03 10 238 20 191 3 0000 4 0000 5 0000 6 000 0 7 00 0 0 8 0 0 0 1 333 10 /// 58 000 6 000 0 7 0000 
21-JAN-2015 03 48092 3 1 4 50 2 04 02 10 250 20 205 3 0000 4 0175 5 0000 6 000 0 7 05 2 2 8 2 8 0 0 333 10 /// 58 018 6 000 0 7 0000 
21-JAN-2015 03 48093 3 2 6 57 1 23 01 10 256 20 203 3 0000 4 0000 5 0000 6 000 0 7 01 1 1 8 1 1 0 0 333 10 /// 58 000 6 000 0 7 0000 
21-JAN-2015 03 48094 3 2 4 59 2 04 01 10 250 20 190 3 0000 4 0190 5 0000 6 000 0 7 00 0 0 8 1 5 0 1 333 10 /// 58 021 6 000 0 7 0000 
21-JAN-2015 03 48095 3 2 4 58 4 04 01 10 240 20 209 3 0000 4 0000 5 0000 6 000 0 7 00 0 0 8 3 6 4 0 333 10 /// 58 000 6 000 0 7 0000 
21-JAN-2015 03 48096 3 2 4 57 4 04 08 10 240 20 209 3 0000 4 0201 5 0000 6 000 0 7 00 0 0 8 4 8 0 0 333 10 /// 58 025 6 000 0 7 0000 
21-JAN-2015 03 48097 2 1 5 57 3 05 02 10 250 20 205 3 0000 4 0187 5 0000 6 000 0 7 05 1 1 8 1 5 3 0 333 10 /// 58 012 6 000 0 7 0000 
21-JAN-2015 03 48099 2 1 4 40 4 13 02 10 255 20 206 3 0000 4 0196 5 0000 6 000 0 7 05 1 1 8 4 8 0 0 333 10 /// 58 018 6 000 0 7 0000 
21-JAN-2015 03 48101 3 2 9 59 0 04 01 10 253 20 219 3 0000 4 0000 5 0000 6 000 0 7 00 0 0 8 0 0 0 0 333 10 /// 58 000 6 000 0 7 0000 
21-JAN-2015 03 48103 3 1 4 56 2 04 01 10 248 20 186 3 0000 4 0189 5 0000 6 000 0 7 01 4 4 8 2 5 0 0 333 10 /// 58 019 6 000 0 7 0000 
21-JAN-2015 03 48107 3 1 9 50 0 32 01 10 242 20 174 3 0000 4 0177 5 0000 6 000 0 7 // 4 4 8 0 0 0 0 333 10 /// 58 020 6 000 0 7 0000 
21-JAN-2015 03 48108 3 2 9 96 4 09 02 10 240 20 174 3 0000 4 0187 5 0000 6 000 0 7 00 0 0 8 0 0 0 6 333 10 /// 58 019 6 000 0 7 0000 
21-JAN-2015 03 48109 2 2 4 97 5 04 03 10 280 20 233 3 0000 4 0191 5 0000 6 000 0 7 00 0 0 8 3 9 7 0 333 10 /// 58 026 6 000 0 7 0000 
21-JAN-2015 03 48110 3 1 5 96 2 13 02 10 270 20 191 3 0000 4 0187 5 0000 6 000 0 7 05 1 1 8 1 1 0 5 333 10 /// 58 022 6 000 0 7 0000 
21-JAN-2015 03 48112 3 2 5 98 6 04 03 10 265 20 215 3 0000 4 0172 5 0000 6 000 0 7 00 0 0 8 2 2 1 6 333 10 /// 58 018 6 000 0 7 0000 
