21-JAN-2015 09 48001 3 2 4 56 2 04 01 10 233 20 143 3 0000 4 0171 5 0000 6 000 0 7 00 0 0 8 2 8 0 0 333 10 /// 58 013 6 000 0 7 0000 
21-JAN-2015 09 48004 3 2 5 62 1 32 01 10 256 20 160 3 0000 4 0000 5 0000 6 000 0 7 00 0 0 8 1 1 0 0 333 10 /// 58 000 6 000 0 7 0000 
21-JAN-2015 09 48008 3 2 5 59 1 14 01 10 268 20 133 3 0000 4 0182 5 0000 6 000 0 7 00 0 0 8 1 4 0 0 333 10 /// 58 027 6 000 0 7 0000 
21-JAN-2015 09 48010 3 2 5 60 2 18 01 10 280 20 184 3 0000 4 0182 5 0000 6 000 0 7 00 0 0 8 1 1 0 1 333 10 /// 58 039 6 000 0 7 0000 
21-JAN-2015 09 48018 3 2 5 60 1 04 01 10 270 20 154 3 0000 4 0172 5 0000 6 000 0 7 00 0 0 8 1 1 0 0 333 10 /// 58 020 6 000 0 7 0000 
21-JAN-2015 09 48019 3 2 9 60 0 04 01 10 258 20 138 3 0000 4 0185 5 0000 6 000 0 7 00 0 0 8 0 0 0 0 333 10 /// 58 029 6 000 0 7 0000 
21-JAN-2015 09 48025 3 2 4 58 5 36 01 10 274 20 133 3 0000 4 0182 5 0000 6 000 0 7 00 0 0 8 3 8 4 0 333 10 /// 58 026 6 000 0 7 0000 
21-JAN-2015 09 48030 3 2 2 56 2 04 04 10 158 20 102 3 0000 4 0000 5 0000 6 000 0 7 00 0 0 8 1 2 0 1 333 10 /// 58 000 6 000 0 7 0000 
21-JAN-2015 09 48031 3 2 2 62 5 14 01 10 160 20 085 3 0000 4 0000 5 0000 6 000 0 7 00 0 0 8 5 3 0 0 333 10 /// 58 000 6 000 0 7 0000 
21-JAN-2015 09 48033 3 2 9 63 0 36 01 10 300 20 149 3 0000 4 0154 5 0000 6 000 0 7 00 0 0 8 0 0 0 0 333 10 /// 58 008 6 000 0 7 0000 
21-JAN-2015 09 48035 3 1 9 60 0 22 02 10 239 20 095 3 0000 4 0145 5 0000 6 000 0 7 05 1 1 8 0 0 0 0 333 10 /// 58 015 6 000 0 7 0000 
21-JAN-2015 09 48037 3 2 5 62 4 36 01 10 300 20 124 3 0000 4 0169 5 0000 6 000 0 7 00 0 0 8 2 1 0 1 333 10 /// 58 025 6 000 0 7 0000 
21-JAN-2015 09 48039 3 2 9 60 2 04 01 10 285 20 203 3 0000 4 0000 5 0000 6 000 0 7 00 0 0 8 0 0 0 2 333 10 /// 58 000 6 000 0 7 0000 
21-JAN-2015 09 48042 3 2 5 59 2 32 01 10 290 20 140 3 0000 4 0165 5 0000 6 000 0 7 00 0 0 8 1 2 0 2 333 10 /// 58 022 6 000 0 7 0000 
21-JAN-2015 09 48043 3 2 5 57 3 32 05 10 220 20 136 3 0000 4 0000 5 0000 6 000 0 7 00 0 0 8 3 2 0 0 333 10 /// 58 000 6 000 0 7 0000 
21-JAN-2015 09 48045 3 2 5 60 5 14 04 10 201 20 085 3 0000 4 0000 5 0000 6 000 0 7 00 0 0 8 4 3 0 1 333 10 /// 58 000 6 000 0 7 0000 
21-JAN-2015 09 48048 3 2 5 60 4 04 01 10 290 20 196 3 0000 4 0172 5 0000 6 000 0 7 00 0 0 8 4 8 0 0 333 10 /// 58 023 6 000 0 7 0000 
21-JAN-2015 09 48051 3 2 5 59 4 04 01 10 290 20 180 3 0000 4 0000 5 0000 6 000 0 7 00 0 0 8 1 2 0 6 333 10 /// 58 000 6 000 0 7 0000 
21-JAN-2015 09 48052 3 2 4 68 4 32 01 10 302 20 166 3 0000 4 0000 5 0000 6 000 0 7 00 0 0 8 3 8 0 1 333 10 /// 58 000 6 000 0 7 0000 
21-JAN-2015 09 48053 3 2 9 56 3 36 02 10 280 20 126 3 0000 4 0173 5 0000 6 000 0 7 00 0 0 8 0 0 5 6 333 10 /// 58 038 6 000 0 7 0000 
21-JAN-2015 09 48055 3 2 5 57 4 32 01 10 247 20 110 3 0000 4 0145 5 0000 6 000 0 7 00 0 0 8 1 1 0 6 333 10 /// 58 032 6 000 0 7 0000 
21-JAN-2015 09 48057 3 2 9 60 3 27 02 10 206 20 072 3 0000 4 0000 5 0000 6 000 0 7 00 0 0 8 0 0 0 6 333 10 /// 58 000 6 000 0 7 0000 
21-JAN-2015 09 48060 3 2 4 40 1 00 00 10 247 20 126 3 0000 4 0165 5 0000 6 000 0 7 00 0 0 8 1 1 0 0 333 10 /// 58 029 6 000 0 7 0000 
21-JAN-2015 09 48062 3 1 5 56 6 27 03 10 270 20 230 3 0000 4 0173 5 0000 6 000 0 7 05 2 2 8 3 8 3 2 333 10 /// 58 019 6 000 0 7 0000 
21-JAN-2015 09 48064 3 2 9 70 3 14 01 10 268 20 221 3 0000 4 0160 5 0000 6 000 0 7 00 0 0 8 0 0 0 6 333 10 /// 58 026 6 000 0 7 0000 
21-JAN-2015 09 48065 3 2 5 70 3 00 00 10 290 20 179 3 0000 4 0000 5 0000 6 000 0 7 00 0 0 8 1 1 0 1 333 10 /// 58 000 6 000 0 7 0000 
21-JAN-2015 09 48071 3 2 4 60 1 32 03 10 267 20 211 3 0000 4 0168 5 0000 6 000 0 7 00 0 0 8 1 2 0 0 333 10 /// 58 013 6 000 0 7 0000 
21-JAN-2015 09 48072 3 2 5 60 1 32 04 10 280 20 233 3 0000 4 0000 5 0000 6 000 0 7 00 0 0 8 1 2 0 0 333 10 /// 58 000 6 000 0 7 0000 
21-JAN-2015 09 48074 3 2 5 59 3 04 02 10 305 20 146 3 0000 4 0176 5 0000 6 000 0 7 00 0 0 8 2 8 0 1 333 10 /// 58 026 6 000 0 7 0000 
21-JAN-2015 09 48075 3 2 5 58 5 00 00 10 260 20 120 3 0000 4 0149 5 0000 6 000 0 7 00 0 0 8 5 3 0 0 333 10 /// 58 013 6 000 0 7 0000 
21-JAN-2015 09 48077 3 2 5 59 4 00 00 10 324 20 184 3 0000 4 0156 5 0000 6 000 0 7 00 0 0 8 3 9 0 1 333 10 /// 58 024 6 000 0 7 0000 
21-JAN-2015 09 48078 3 2 5 58 4 36 01 10 314 20 165 3 0000 4 0165 5 0000 6 000 0 7 00 0 0 8 3 5 0 1 333 10 /// 58 018 6 000 0 7 0000 
21-JAN-2015 09 48080 3 2 4 59 4 22 07 10 320 20 265 3 0000 4 0143 5 0000 6 000 0 7 00 0 0 8 2 2 3 0 333 10 /// 58 016 6 000 0 7 0000 
21-JAN-2015 09 48085 3 2 4 58 3 32 05 10 298 20 207 3 0000 4 0156 5 0000 6 000 0 7 00 0 0 8 2 8 3 0 333 10 /// 58 019 6 000 0 7 0000 
21-JAN-2015 09 48087 3 2 9 60 0 00 00 10 316 20 184 3 0000 4 0000 5 0000 6 000 0 7 00 0 0 8 0 0 0 0 333 10 /// 58 000 6 000 0 7 0000 
21-JAN-2015 09 48092 3 2 5 57 6 31 02 10 310 20 203 3 0000 4 0134 5 0000 6 000 0 7 00 0 0 8 4 8 3 0 333 10 /// 58 016 6 000 0 7 0000 
21-JAN-2015 09 48093 3 2 6 58 1 04 01 10 315 20 169 3 0000 4 0000 5 0000 6 000 0 7 00 0 0 8 1 1 0 0 333 10 /// 58 000 6 000 0 7 0000 
21-JAN-2015 09 48094 3 2 4 58 5 04 01 10 330 20 210 3 0000 4 0157 5 0000 6 000 0 7 00 0 0 8 5 9 0 0 333 10 /// 58 022 6 000 0 7 0000 
21-JAN-2015 09 48095 3 2 9 60 1 04 01 10 310 20 203 3 0000 4 0000 5 0000 6 000 0 7 00 0 0 8 0 0 0 1 333 10 /// 58 000 6 000 0 7 0000 
21-JAN-2015 09 48097 3 2 5 57 6 04 05 10 320 20 163 3 0000 4 0159 5 0000 6 000 0 7 00 0 0 8 3 6 0 0 333 10 /// 58 013 6 000 0 7 0000 
21-JAN-2015 09 48099 3 2 5 58 5 32 03 10 330 20 191 3 0000 4 0151 5 0000 6 000 0 7 00 0 0 8 3 8 3 0 333 10 /// 58 016 6 000 0 7 0000 
21-JAN-2015 09 48101 3 2 5 59 4 32 01 10 310 20 203 3 0000 4 0000 5 0000 6 000 0 7 00 0 0 8 3 7 3 0 333 10 /// 58 000 6 000 0 7 0000 
21-JAN-2015 09 48103 3 2 4 57 2 04 01 10 323 20 163 3 0000 4 0148 5 0000 6 000 0 7 00 0 0 8 2 8 0 0 333 10 /// 58 016 6 000 0 7 0000 
21-JAN-2015 09 48107 3 2 3 50 2 32 01 10 313 20 169 3 0000 4 0131 5 0000 6 000 0 7 00 0 0 8 2 9 0 0 333 10 /// 58 012 6 000 0 7 0000 
21-JAN-2015 09 48108 3 2 5 96 5 05 01 10 330 20 182 3 0000 4 0144 5 0000 6 000 0 7 00 0 0 8 3 8 0 6 333 10 /// 58 010 6 000 0 7 0000 
21-JAN-2015 09 48109 3 2 4 97 3 04 01 10 303 20 239 3 0000 4 0162 5 0000 6 000 0 7 00 0 0 8 3 9 0 0 333 10 /// 58 010 6 000 0 7 0000 
21-JAN-2015 09 48110 3 1 5 96 3 32 03 10 330 20 201 3 0000 4 0139 5 0000 6 000 0 7 05 1 1 8 1 2 0 5 333 10 /// 58 015 6 000 0 7 0000 
