210000 48008 31540 20000 10127 20113 40184 71044 81430 333 20119 56560 58027=
210000 48010 31/10 90000 10125 20125 40179 74744 89/// 333 20120 56999 58014=
210000 48018 32956 00000 10135 20124 40166 333 20130 56000 58012=
210000 48019 32940 00000 10135 20130 40175 333 20134 58022=
210000 48025 31008 63201 10162 20144 40175 74244 86600 333 20156 56600 58015=
210000 48030 32150 62202 10064 20064 86700 333 20050 56500=
210000 48031 31/03 93601 10110 20091 74444 89/// 333 20095 56999=
210000 48033 32560 10000 10160 20144 40162 81500 333 10138 56900 58015=
210000 48034 31948 00000 10062 20055 71000 333 20050=
210000 48035 31/01 90000 10121 20120 40177 74744 333 20115 58013=
210000 48037 32910 00000 10160 20152 40154 333 20152 56000 58019=
210000 48039 31450 33203 10170 20154 71011 83400 333 20164 56500=
210000 48042 32550 10000 10158 20144 40156 81400 333 20148 56900 58013=
210000 48048 32940 00000 10150 20134 40160 333 20143 58013=
210000 48051 31940 03601 10130 20120 71000 333 20124=
210000 48052 32450 50000 10162 20144 83830 333 20110 56990=
210000 48053 31420 60000 10180 20165 40156 71022 84856 333 20172 56699 58016=
210000 48055 31430 30000 10087 20087 40193 74044 83500 333 20083 56400 58017=
210000 48057 32439 40000 10116 20102 84800 333 20100 56900=
210000 48060 21410 80000 10150 20150 40185 71022 8587/ 333 20140 5699/ 58020=
210000 48062 31440 60000 10155 20150 40157 74244 84830 333 20130 56590 58013=
210000 48064 32450 20000 10172 20154 40133 82100 333 20120 56400 58014=
210000 48065 32450 10000 10178 20165 81100 333 20165 56900=
210000 48071 32950 00502 10200 20168 40150 333 20178 58002=
210000 48074 22450 50000 10198 20185 40143 82560 333 20186 56550 58008=
210000 48075 31456 40000 10130 20130 40183 71022 82505 333 20125 56509 58007=
210000 48077 31556 40000 10200 20168 40141 71022 84800 333 20174 56900 58014=
210000 48080 31450 30000 10154 20134 40155 71044 83200 333 20142 56400 58013=
210000 48085 31450 21402 10168 20165 40152 74044 82800 333 20166 56400 58016=
210000 48094 32450 50000 10200 20190 40150 84940 333 20168 56990 58017=
210000 48097 21530 70401 10225 20202 40165 71022 83550 333 20218 56990 58021=
210000 48099 32440 20000 10200 20185 40144 82500 333 20185 56900 59006=
210000 48103 32440 70401 10193 20175 40152 85830 333 20187 56110 58008=
210000 48107 31930 00901 10172 20154 40147 74144 80000 333 20158 56000 58001=
210000 48108 31993 40000 10155 20147 40155 74011 80006 333 20135 56009 58008=
210000 48109 32496 70404 10254 20233 40143 70222 85970 333 20230 56990 58004=
210000 48110 31995 40000 10210 20160 40150 70522 80005 333 20205 56009 58006=
210000 48112 32597 80406 10236 20209 40156 83876 333 20193 56199 58019=  48001 NIL=
210000 48008 31540 20000 10130 20125 40203 71044 82400 333 20120 56500 58013=
210000 48010 32020 00000 10135 20135 40206 333 20128 58027=
210000 48018 32920 00000 10135 20113 40206 333 20130 58040=
210000 48019 32940 00000 10102 20100 40199 333 20100 58025=
210000 48025 31110 40000 10158 20144 40209 74244 84600 333 20150 56600 58035=
210000 48030 32150 42202 10090 20090 84700 333 20070 56500=
210000 48031 31/02 91801 10107 20106 74744 333 20089=
210000 48033 32560 13601 10140 20124 40186 85100 333 20128 56690 58024=
210000 48034 31948 00000 10058 20050 71000 333 20048=
210000 48035 31/01 90000 10083 20080 40229 74744 333 20076 58052=
210000 48037 32010 03601 10154 20134 40199 333 20150 58045=
210000 48039 31450 33201 10160 20144 71011 83400 333 20157 56900=
210000 48042 32556 10000 10157 20144 40181 81400 333 20147 56900 58026=
210000 48043 31010 00000 10095 20095 71022 333 20047=
210000 48048 32540 20000 10157 20123 40187 82830 333 20150 56900 58027=
210000 48052 32450 40401 10182 20165 84800 333 20128 56900=
210000 48053 32950 00000 10180 20147 40181 333 20167 58025=
210000 48055 31420 60000 10063 20063 40236 74044 84930 333 20061 56550 58043=
210000 48057 31939 20000 10092 20090 71000 80006 333 20086 56009=
210000 48060 32910 20000 10150 20096 40243 80006 333 20058 56009 58058=
210000 48062 31405 40000 10160 20160 40179 74244 82830 333 20135 56990 58022=
210000 48064 32450 21401 10181 20165 40162 82100 333 20146 56400 58029=
210000 48065 32450 60000 10185 20175 84870 333 20170 56990=
210000 48074 32450 33601 10186 20175 40173 82550 333 20175 56440 58030=
210000 48075 31456 60000 10120 20120 40223 71044 84505 333 20110 56509 58039=
210000 48077 31556 60000 10210 20175 40165 71022 85930 333 20176 56990 58024=
210000 48085 31450 21402 10172 20170 40166 74044 81830 333 20170 56990 58014=
210000 48093 32530 60401 10210 20195 84840 333 20204 56590=
210000 48094 32450 20000 10220 20190 40163 82500 333 20184 56900 58010=
210000 48096 31450 73403 10220 20215 40181 71022 83530 333 20216 56990 58029=
210000 48097 21530 70401 10225 20202 40165 71022 83550 333 20218 56990 58021=
210000 48099 31440 60000 10204 20185 40166 74044 82840 333 20185 56990 58022=
210000 48103 31440 60401 10184 20165 40167 74044 84730 333 20180 56110 58015=
210000 48107 31930 20901 10172 20154 40169 74144 80006 333 20158 56009 58022=
210000 48108 31593 50000 10170 20154 40165 71022 82406 333 20130 56909 58010=
210000 48110 31595 60000 10210 20175 40169 70522 83506 333 20210 56909 58019=
210000 48112 32597 80403 10245 20219 40156 83876 333 20200 56199 58019=  48001 NIL=
210000 48008 31540 20000 10130 20125 40203 71044 82400 333 20120 56500 58013=
210000 48010 32020 00000 10135 20135 40206 333 20128 58027=
210000 48018 32920 00000 10135 20113 40206 333 20130 58040=
210000 48019 32940 00000 10102 20100 40199 333 20100 58025=
210000 48025 31110 40000 10158 20144 40209 74244 84600 333 20150 56600 58035=
210000 48035 31/01 90000 10083 20080 40229 74744 333 20076 58052=
210000 48037 32010 03601 10154 20134 40199 333 20150 58045=
210000 48042 32556 10000 10157 20144 40181 81400 333 20147 56900 58026=
210000 48048 32540 20000 10157 20123 40187 82830 333 20150 56900 58027=
210000 48053 32950 00000 10180 20147 40181 333 20167 58025=
210000 48060 32910 20000 10150 20096 40243 80006 333 20058 56009 58058=
210000 48062 31405 40000 10160 20160 40179 74244 82830 333 20135 56990 58022=
210000 48075 31456 60000 10120 20120 40223 71044 84505 333 20110 56509 58039=
210000 48077 31556 60000 10210 20175 40165 71022 85930 333 20176 56990 58024=
210000 48085 31450 21402 10172 20170 40166 74044 81830 333 20170 56990 58014=
210000 48108 31593 50000 10170 20154 40165 71022 82406 333 20130 56909 58010=
210000 48110 31595 60000 10210 20175 40169 70522 83506 333 20210 56909 58019=
210000 48112 32597 80403 10245 20219 40156 83876 333 20200 56199 58019=
210000 48030 32150 42202 10090 20090 84700 333 20070 56500=
210000 48099 31440 60000 10204 20185 40166 74044 82840 333 20185 56990 58022=
210000 48103 31440 60401 10184 20165 40167 74044 84730 333 20180 56110 58015=
210000 48057 31939 20000 10092 20090 71000 80006 333 20086 56009=
210000 48094 32450 20000 10220 20190 40163 82500 333 20184 56900 58010=
210000 48097 21530 70401 10225 20202 40165 71022 83550 333 20218 56990 58021=
210000 48031 31/02 91801 10107 20106 74744 333 20089=
210000 48033 32560 13601 10140 20124 40186 85100 333 20128 56690 58024=
210000 48034 31948 00000 10058 20050 71000 333 20048=
210000 48039 31450 33201 10160 20144 71011 83400 333 20157 56900=
210000 48043 31010 00000 10095 20095 71022 333 20047=
210000 48052 32450 40401 10182 20165 84800 333 20128 56900=
210000 48055 31420 60000 10063 20063 40236 74044 84930 333 20061 56550 58043=
210000 48064 32450 21401 10181 20165 40162 82100 333 20146 56400 58029=
210000 48065 32450 60000 10185 20175 84870 333 20170 56990=
210000 48074 32450 33601 10186 20175 40173 82550 333 20175 56440 58030=
210000 48093 32530 60401 10210 20195 84840 333 20204 56590=
210000 48107 31930 20901 10172 20154 40169 74144 80006 333 20158 56009 58022=  
