21-JUL-2015 06 48001 3 2 4 50 7 13 01 10 280 20 233 3 0000 4 0043 5 0000 6 000 0 7 00 0 0 8 3 8 7 0 333 10 /// 58 017 6 000 0 7 0000 
21-JUL-2015 06 48004 3 1 1 10 8 04 01 10 270 20 256 3 0000 4 0000 5 0000 6 000 0 7 50 6 5 8 6 9 7 / 333 10 /// 58 000 6 000 0 7 0000 
21-JUL-2015 06 48008 3 1 4 56 8 00 00 10 270 20 256 3 0000 4 0057 5 0000 6 000 0 7 60 5 5 8 4 9 7 / 333 10 /// 58 020 6 000 0 7 0000 
21-JUL-2015 06 48010 2 2 4 56 6 00 00 10 260 20 260 3 0000 4 0052 5 0000 6 000 0 7 00 0 0 8 3 8 7 0 333 10 /// 58 021 6 000 0 7 0000 
21-JUL-2015 06 48018 3 2 5 60 7 14 01 10 305 20 239 3 0000 4 0061 5 0000 6 000 0 7 00 0 0 8 3 8 7 0 333 10 /// 58 006 6 000 0 7 0000 
21-JUL-2015 06 48019 2 1 4 57 8 32 01 10 277 20 268 3 0000 4 0051 5 0000 6 000 0 7 50 6 6 8 5 7 7 / 333 10 /// 58 018 6 000 0 7 0000 
21-JUL-2015 06 48020 3 2 4 60 4 09 03 10 302 20 239 3 0000 4 0000 5 0000 6 000 0 7 00 0 0 8 3 8 3 0 333 10 /// 58 000 6 000 0 7 0000 
21-JUL-2015 06 48025 3 2 3 40 7 32 01 10 286 20 274 3 0000 4 0050 5 0000 6 000 0 7 00 0 0 8 4 7 7 0 333 10 /// 58 022 6 000 0 7 0000 
21-JUL-2015 06 48030 2 1 1 40 8 04 02 10 200 20 200 3 0000 4 0000 5 0000 6 000 0 7 50 5 5 8 8 8 / / 333 10 /// 58 000 6 000 0 7 0000 
21-JUL-2015 06 48031 3 1 / 06 9 18 01 10 200 20 200 3 0000 4 0000 5 0000 6 000 0 7 47 4 4 8 9 / / / 333 10 /// 58 000 6 000 0 7 0000 
21-JUL-2015 06 48033 3 2 5 63 5 18 01 10 320 20 248 3 0000 4 0035 5 0000 6 000 0 7 00 0 0 8 5 9 0 0 333 10 /// 58 007 6 000 0 7 0000 
21-JUL-2015 06 48034 3 2 4 56 7 23 01 10 238 20 191 3 0000 4 0000 5 0000 6 000 0 7 00 0 0 8 7 3 0 0 333 10 /// 58 000 6 000 0 7 0000 
21-JUL-2015 06 48035 3 2 5 60 8 22 03 10 264 20 229 3 0000 4 0048 5 0000 6 000 0 7 00 0 0 8 5 9 7 / 333 10 /// 58 032 6 000 0 7 0000 
21-JUL-2015 06 48037 3 2 5 58 7 18 01 10 322 20 245 3 0000 4 0039 5 0000 6 000 0 7 00 0 0 8 3 8 3 0 333 10 /// 58 026 6 000 0 7 0000 
21-JUL-2015 06 48039 3 2 4 60 5 14 01 10 328 20 244 3 0000 4 0000 5 0000 6 000 0 7 00 0 0 8 5 9 0 0 333 10 /// 58 000 6 000 0 7 0000 
21-JUL-2015 06 48042 3 2 5 59 6 18 04 10 347 20 237 3 0000 4 0033 5 0000 6 000 0 7 00 0 0 8 4 8 5 2 333 10 /// 58 010 6 000 0 7 0000 
21-JUL-2015 06 48043 3 2 5 56 8 18 05 10 260 20 229 3 0000 4 0000 5 0000 6 000 0 7 00 0 0 8 5 8 7 / 333 10 /// 58 000 6 000 0 7 0000 
21-JUL-2015 06 48045 3 1 0 05 9 14 02 10 216 20 205 3 0000 4 0000 5 0000 6 000 0 7 45 4 4 8 9 / / / 333 10 /// 58 000 6 000 0 7 0000 
21-JUL-2015 06 48048 3 2 5 60 7 22 01 10 315 20 236 3 0000 4 0042 5 0000 6 000 0 7 00 0 0 8 6 9 5 0 333 10 /// 58 018 6 000 0 7 0000 
21-JUL-2015 06 48051 3 2 5 59 8 13 03 10 312 20 270 3 0000 4 0000 5 0000 6 000 0 7 02 2 2 8 4 9 3 0 333 10 /// 58 000 6 000 0 7 0000 
21-JUL-2015 06 48052 3 2 4 65 6 13 01 10 344 20 257 3 0000 4 0000 5 0000 6 000 0 7 00 0 0 8 5 9 2 0 333 10 /// 58 000 6 000 0 7 0000 
21-JUL-2015 06 48053 3 2 5 58 6 18 05 10 310 20 237 3 0000 4 0050 5 0000 6 000 0 7 00 0 0 8 4 8 5 0 333 10 /// 58 017 6 000 0 7 0000 
21-JUL-2015 06 48055 2 1 4 56 5 14 06 10 272 20 226 3 0000 4 0042 5 0000 6 000 0 7 01 6 5 8 5 9 0 0 333 10 /// 58 034 6 000 0 7 0000 
21-JUL-2015 06 48057 3 2 4 58 6 13 03 10 242 20 209 3 0000 4 0000 5 0000 6 000 0 7 00 0 0 8 5 9 5 0 333 10 /// 58 000 6 000 0 7 0000 
21-JUL-2015 06 48060 2 2 3 40 6 00 00 10 275 20 230 3 0000 4 0034 5 0000 6 000 0 7 01 2 2 8 4 8 3 0 333 10 /// 58 009 6 000 0 7 0000 
21-JUL-2015 06 48062 2 1 3 56 8 09 05 10 270 20 270 3 0000 4 0042 5 0000 6 000 0 7 50 6 5 8 6 9 2 0 333 10 /// 58 019 6 000 0 7 0000 
21-JUL-2015 06 48064 3 2 5 60 5 32 01 10 320 20 265 3 0000 4 0033 5 0000 6 000 0 7 00 0 0 8 3 8 3 1 333 10 /// 58 024 6 000 0 7 0000 
21-JUL-2015 06 48065 3 2 5 57 6 14 01 10 320 20 248 3 0000 4 0000 5 0000 6 000 0 7 00 0 0 8 3 8 3 1 333 10 /// 58 000 6 000 0 7 0000 
21-JUL-2015 06 48071 3 2 4 60 6 23 03 10 298 20 274 3 0000 4 0046 5 0000 6 000 0 7 00 0 0 8 5 9 3 0 333 10 /// 58 016 6 000 0 7 0000 
21-JUL-2015 06 48072 3 2 4 60 4 18 05 10 310 20 267 3 0000 4 0000 5 0000 6 000 0 7 02 2 2 8 3 8 3 0 333 10 /// 58 000 6 000 0 7 0000 
21-JUL-2015 06 48074 3 2 4 59 5 14 03 10 310 20 254 3 0000 4 0065 5 0000 6 000 0 7 00 0 0 8 3 8 6 0 333 10 /// 58 023 6 000 0 7 0000 
21-JUL-2015 06 48075 3 2 4 57 7 14 02 10 270 20 211 3 0000 4 0060 5 0000 6 000 0 7 00 0 0 8 5 7 7 0 333 10 /// 58 016 6 000 0 7 0000 
21-JUL-2015 06 48077 2 1 5 59 7 23 01 10 290 20 259 3 0000 4 0043 5 0000 6 000 0 7 01 6 2 8 5 9 3 / 333 10 /// 58 004 6 000 0 7 0000 
21-JUL-2015 06 48078 3 2 5 58 4 18 01 10 312 20 261 3 0000 4 0062 5 0000 6 000 0 7 00 0 0 8 3 8 0 1 333 10 /// 58 008 6 000 0 7 0000 
21-JUL-2015 06 48080 3 2 4 61 5 13 02 10 320 20 265 3 0000 4 0048 5 0000 6 000 0 7 00 0 0 8 3 8 7 0 333 10 /// 58 007 6 000 0 7 0000 
21-JUL-2015 06 48085 2 1 4 57 8 09 03 10 278 20 256 3 0000 4 0056 5 0000 6 000 0 7 51 6 5 8 5 7 7 0 333 10 /// 58 020 6 000 0 7 0000 
21-JUL-2015 06 48087 2 1 4 56 8 00 00 10 282 20 268 3 0000 4 0000 5 0000 6 000 0 7 50 6 5 8 5 9 7 / 333 10 /// 58 000 6 000 0 7 0000 
21-JUL-2015 06 48092 3 2 4 57 6 23 05 10 300 20 253 3 0000 4 0048 5 0000 6 000 0 7 00 0 0 8 5 8 3 0 333 10 /// 58 014 6 000 0 7 0000 
21-JUL-2015 06 48093 2 1 4 58 8 18 01 10 262 20 260 3 0000 4 0000 5 0000 6 000 0 7 51 6 5 8 6 9 7 / 333 10 /// 58 000 6 000 0 7 0000 
21-JUL-2015 06 48094 3 2 4 60 6 22 02 10 300 20 245 3 0000 4 0057 5 0000 6 000 0 7 00 0 0 8 6 9 0 0 333 10 /// 58 018 6 000 0 7 0000 
21-JUL-2015 06 48095 2 1 4 58 8 22 02 10 275 20 275 3 0000 4 0000 5 0000 6 000 0 7 50 5 5 8 4 9 7 0 333 10 /// 58 000 6 000 0 7 0000 
21-JUL-2015 06 48097 3 2 5 57 7 23 01 10 290 20 259 3 0000 4 0068 5 0000 6 000 0 7 00 0 0 8 4 8 3 1 333 10 /// 58 010 6 000 0 7 0000 
21-JUL-2015 06 48099 2 1 3 30 8 18 05 10 264 20 246 3 0000 4 0070 5 0000 6 000 0 7 51 6 5 8 6 9 7 / 333 10 /// 58 008 6 000 0 7 0000 
21-JUL-2015 06 48101 3 2 5 58 8 23 02 10 278 20 250 3 0000 4 0000 5 0000 6 000 0 7 02 2 2 8 5 9 2 / 333 10 /// 58 000 6 000 0 7 0000 
21-JUL-2015 06 48103 2 1 3 50 8 22 03 10 285 20 250 3 0000 4 0071 5 0000 6 000 0 7 50 5 5 8 6 7 7 0 333 10 /// 58 011 6 000 0 7 0000 
21-JUL-2015 06 48107 2 1 3 30 8 27 01 10 244 20 244 3 0000 4 0095 5 0000 6 000 0 7 61 6 6 8 5 9 7 / 333 10 /// 58 024 6 000 0 7 0000 
21-JUL-2015 06 48108 2 1 5 95 7 23 05 10 290 20 248 3 0000 4 0098 5 0000 6 000 0 7 20 5 5 8 4 3 7 6 333 10 /// 58 018 6 000 0 7 0000 
21-JUL-2015 06 48109 3 2 4 96 8 23 06 10 280 20 233 3 0000 4 0074 5 0000 6 000 0 7 00 0 0 8 6 9 7 / 333 10 /// 58 016 6 000 0 7 0000 
21-JUL-2015 06 48110 2 1 4 95 8 23 03 10 280 20 250 3 0000 4 0111 5 0000 6 000 0 7 02 5 5 8 6 3 7 7 333 10 /// 58 027 6 000 0 7 0000 
21-JUL-2015 06 48112 2 1 4 96 8 32 02 10 240 20 240 3 0000 4 0125 5 0000 6 000 0 7 51 5 5 8 6 7 7 / 333 10 /// 58 040 6 000 0 7 0000 
