210900 48001 32440 73601 10297 20239 40034 83860 333 56330 59012=
210900 48004 31460 51301 10284 20268 70165 85900 333 56500=
210900 48008 32557 42301 10325 20244 40026 82970 333 56450 59007=
210900 48010 21457 70000 10290 20282 40039 72165 84770 333 56540 58010=
210900 48018 32560 62202 10340 20257 40037 70322 83870 333 56550 59006=
210900 48019 32560 43202 10343 20257 40018 82260 333 56660 59002=
210900 48020 32360 62703 10332 20258 84830 333 56440=
210900 48025 21230 81401 10288 20259 40036 75055 8577/ 333 56459 58002=
210900 48030 21/05 90401 10200 20200 75055 333=
210900 48031 21/05 91402 10196 20196 74744 333=
210900 48033 32563 61801 10330 20244 40020 86900 333 56400 58004=
210900 48034 32456 72302 10254 20205 87200 333 56500=
210900 48035 32560 42303 10317 20200 40995 83960  333 56590 59002=
210900 48037 32560 71801 10350 20237 40018 85370 333 56440 59006=
210900 48039 32460 51401 10344 20257 85900 333 56500=
210900 48042 32560 61803 10370 20227 40012 83850 333 56440 59005=
210900 48043 32556 61806 10270 20226 84230 333 56590=
210900 48045 21004 91402 10220 20220 76264 333=
210900 48048 32560 71803 10347 20237 40022 85950 333 56490 58000=
210900 48051 21458 71304 10280 20270 70265 86970 333 56490=
210900 48052 22465 71301 10310 20267 85970 333 56390=
210900 48053 32460 61806 10340 20240 40028 83956 333 56499 59010=
210900 48055 32557 72504 10288 20215 40019 85330 333 56550 59007=
210900 48057 32458 62303 10253 20186 85930 333 56590=
210900 48060 32356 52704 10330 20202 40983 70322 85800 333 56600 59023=
210900 48064 32468 83201 10320 20265 40017 84870 333 56440 58001=
210900 48065 22557 82202 10328 20244 70262 85570 333 56990=
210900 48071 21458 82303 10278 20278 40043 76366 8692/ 333 5699/ 58018=
210900 48072 21456 80904 10260 20260 76066 8697/ 333 5699/=
210900 48074 32458 70403 10320 20248 40053 84970 333 56540 58019=
210900 48075 21558 72202 10290 20230 40046 70255 85840 333 56590 58011=
210900 48077 21559 72303 10310 20254 40037 70266 85931 333 56499 58007=
210900 48078 21558 61801 10299 20260 40054 75055 84331 333 56499 59011=
210900 48080 21458 82205 10275 20267 40061 75165 86720 333 56490 58020=
210900 48085 21357 81402 10260 20246 40062 75165 86920 333 56390 58028=
210900 48087 21458 72301 10280 20250 72165 8597/ 333 5649/=
210900 48092 21450 82301 10250 20242 40053 75165 8697/ 333 5699/ 58012=
210900 48093 21556 83201 10265 20256 75065 8697/ 333 56999=
210900 48094 21456 82202 10270 20260 40063 70322 8697/ 333 56599 58017=
210900 48095 21558 80000 10255 20255 72155 84970 333 56690=
210900 48097 21457 82301 10255 20248 40078 75065 8697/ 333 5659/ 59013=
210900 48099 21330 82302 10260 20260 40070 76096 8697/ 333 5659/ 58009=
210900 48103 21350 82201 10277 20268 40066 75066 8572/ 333 5655/ 58001=
210900 48107 32350 62302 10300 20239 40069 84970 333 56550 58004=  48025 21230 81401 10288 20259 40036 75055 8577/ 333 56459 58002=  
210900 48108 22596 82301 10294 20244 40081 84377 333 56579 58008=
210900 48112 21496 82201 10280 20268 40080 75055 8677/ 333 5659/ 59007=
