48001 32440 81201 10262 20246 40011 8487/ 333 56529 59024=
48004 22460 60401 10270 20256 86900 333 56500=
48008 21456 80000 10266 20256 40056 75155 8497/ 333 56439 58020=
48010 21410 80000 10250 20250 40055 76366 887// 333 56499 58017=
48018 21560 61401 10270 20256 40058 72166 83872 333 56449 58010=
48019 21456 80000 10268 20256 40047 75655 8577/ 333 56999 58015=
48020 22358 83203 10260 20253 8572/ 333 56449=
48025 22220 83201 10265 20246 40043 8587/ 333 56879 58007=
48035 31560 80000 10244 20226 40062 70266 8597/ 333 56999 58029=
48037 22557 81801 10286 20248 40032 8587/ 333 56449 58001=
48042 NIL=
48045 NIL=
48048 NIL=
48051 NIL=
48053 NIL=
48060 NIL=
48062 NIL=
48071 NIL=
48075 NIL=
48077 NIL=
48078 NIL=
48080 NIL=
48085 NIL=
48095 NIL=
48108 NIL=
48109 NIL=
48110 NIL=
48112 NIL=
48030 21/03 90401 10184 20184 74244 89/// 333 56999=
48072 NIL=
48087 NIL=
48099 NIL=
48101 NIL=
48103 NIL=
48057 NIL=
48094 NIL=
48097 NIL=
48031 21/02 91801 10200 20200 74744 89/// 333 56999=
48033 32562 61801 10290 20248 40060 86900 333 56599 58026=
48034 22356 80000 10217 20208 8692/ 333 5659/=
48039 NIL=
48043 NIL=
48052 NIL=
48055 NIL=
48064 NIL=
48065 NIL=
48074 NIL=
48092 NIL=
48093 NIL=
48107 NIL=  48042 32558 71804 10302 20230 40043 84850 333 56440 58008=
48045 22105 81402 10209 20195 74044 887// 333 56599=
48048 22560 71802 10295 20239 40042 85950 333 56490 58000=
48051 22559 61302 10293 20260 70122 84930 333 56490=
48053 32456 61803 10280 20233 40051 83556 333 56499 58003=
48060 21330 80000 10230 20214 40065 75365 8587/ 333 5669/ 58027=
48062 22457 80905 10285 20270 40034 84930 333 56990 58011=
48071 22458 61802 10285 20274 40038 85930 333 56390 58001=
48075 22457 71401 10240 20226 40075 85770 333 56590 58020=
48077 32558 80000 10277 20250 40046 85970 333 56490 58006=
48078 22556 51801 10285 20254 40069 83531 333 56499 58015=
48080 22460 51304 10290 20259 40061 83830 333 56990 58010=
48085 22458 50903 10304 20253 40056 83809 333 56309 58016=
48095 21458 80000 10270 20270 75055 84870 333 56990=
48108 21495 82302 10260 20246 40097 72055 85377 333 56599 58005=
48109 21496 82308 10250 20233 40081 75066 8697/ 333 5699/ 58026=
48110 21495 81301 10255 20247 40112 75165 8632/ 333 5699/ 58029=
48112 22597 81402 10252 20252 40114 84876 333 56399 58026=
48072 22462 41304 10290 20259 70122 83830 333 56590=
48087 22456 70000 10278 20268 8437/ 333 5649/=
48099 22340 81302 10278 20250 40069 8693/ 333 5649/ 58004=
48101 21457 80000 10260 20260 75155 8597/ 333 5699/=
48103 21350 83202 10270 20256 40074 75055 86770 333 56770 58008=
48057 22358 81402 10208 20195 86950 333 56490=
48094 21459 63203 10284 20270 40061 84870 333 56590 58016=
48097 21557 72501 10280 20268 40072 70265 85350 333 56990 58007=
48039 22460 21401 10291 20248 82852 333 56999=
48043 32556 81803 10240 20209 8587/ 333 56599=
48052 32460 71801 10298 20239 85930 333 56390=
48055 22456 72301 10245 20222 40061 85970 333 56440 58023=
48064 32458 63201 10287 20259 40036 84831 333 56449 58024=
48065 22456 60303 10298 20253 85830 333 56590=
48074 22458 72302 10280 20250 40063 85860 333 56440 58005=
48092 21456 71401 10280 20268 40048 70255 85370 333 56390 58012=
48093 21456 81401 10273 20256 75155 863// 333 56399=
48107 21350 72301 10268 20256 40083 70166 85970 333 56550 58010=  