21-JUN-2015 12 48001 2 1 2 20 8 00 00 10 260 20 246 3 0000 4 0021 5 0000 6 000 0 7 63 2 2 8 6 9 2 / 333 10 305 59 012 6 002 2 7 0000 
21-JUN-2015 12 48008 2 2 5 56 6 23 01 10 324 20 265 3 0000 4 0001 5 0000 6 000 0 7 00 0 0 8 3 9 7 0 333 10 335 59 006 6 018 2 7 0000 
21-JUN-2015 12 48010 2 2 4 40 6 00 00 10 280 20 268 3 0000 4 0015 5 0000 6 000 0 7 00 0 0 8 3 7 3 1 333 10 298 59 010 6 003 2 7 0000 
21-JUN-2015 12 48018 3 2 5 60 4 14 01 10 325 20 236 3 0000 4 0009 5 0000 6 000 0 7 01 2 2 8 2 8 7 0 333 10 345 59 011 6 000 2 7 0000 
21-JUN-2015 12 48019 3 2 5 56 5 27 02 10 332 20 258 3 0000 4 0008 5 0000 6 000 0 7 00 0 0 8 2 1 0 3 333 10 347 59 001 6 000 0 7 0000 
21-JUN-2015 12 48020 3 2 3 56 7 32 02 10 325 20 259 3 0000 4 0000 5 0000 6 000 0 7 00 0 0 8 4 8 4 0 333 10 350 58 000 6 000 0 7 0000 
21-JUN-2015 12 48025 2 1 3 40 6 22 01 10 302 20 266 3 0000 4 0011 5 0000 6 000 0 7 01 5 5 8 4 7 7 0 333 10 315 59 002 6 003 2 7 0000 
21-JUN-2015 12 48033 3 2 5 62 5 18 01 10 350 20 237 3 0000 4 0029 5 0000 6 000 0 7 00 0 0 8 5 9 0 0 333 10 360 58 006 6 000 0 7 0000 
21-JUN-2015 12 48035 3 2 5 60 4 22 05 10 284 20 220 3 0000 4 0003 5 0000 6 000 0 7 00 0 0 8 3 9 6 0 333 10 318 58 005 6 000 0 7 0000 
21-JUN-2015 12 48037 3 2 5 58 5 18 03 10 340 20 240 3 0000 4 0004 5 0000 6 000 0 7 00 0 0 8 3 8 3 1 333 10 365 59 001 6 000 0 7 0000 
21-JUN-2015 12 48042 3 2 5 59 7 18 03 10 344 20 225 3 0000 4 0004 5 0000 6 000 0 7 18 0 3 8 4 9 5 0 333 10 377 59 003 6 000 0 7 0000 
21-JUN-2015 12 48048 3 2 5 50 6 18 01 10 317 20 248 3 0000 4 0014 5 0000 6 000 0 7 00 0 0 8 4 9 5 0 333 10 353 58 000 6 000 2 7 0000 
21-JUN-2015 12 48052 2 2 4 50 5 13 01 10 308 20 267 3 0000 4 0000 5 0000 6 000 0 7 00 0 0 8 5 9 0 0 333 10 340 58 000 6 000 0 7 0000 
21-JUN-2015 12 48053 3 2 4 56 7 18 05 10 290 20 248 3 0000 4 0003 5 0000 6 000 0 7 00 0 0 8 4 9 5 6 333 10 345 58 004 6 000 0 7 0000 
21-JUN-2015 12 48057 3 2 4 56 6 13 01 10 230 20 181 3 0000 4 0000 5 0000 6 000 0 7 00 0 0 8 5 3 5 0 333 10 256 58 000 6 000 0 7 0000 
21-JUN-2015 12 48060 3 2 3 30 7 22 04 10 302 20 185 3 0000 4 9988 5 0000 6 000 0 7 03 2 2 8 5 3 7 0 333 10 330 59 011 6 000 0 7 0000 
21-JUN-2015 12 48062 2 1 4 50 8 18 09 10 260 20 260 3 0000 4 0022 5 0000 6 000 0 7 65 6 6 8 6 9 / / 333 10 285 58 010 6 045 2 7 0000 
21-JUN-2015 12 48064 3 2 4 50 8 04 01 10 303 20 239 3 0000 4 0005 5 0000 6 000 0 7 00 0 0 8 4 8 7 0 333 10 323 59 002 6 000 0 7 0000 
21-JUN-2015 12 48071 2 1 3 56 8 23 04 10 255 20 255 3 0000 4 0037 5 0000 6 000 0 7 63 6 6 8 6 9 2 / 333 10 295 58 015 6 062 2 7 0000 
21-JUN-2015 12 48074 2 1 3 50 8 23 01 10 260 20 246 3 0000 4 0069 5 0000 6 000 0 7 60 9 6 8 5 9 2 / 333 10 330 58 018 6 008 2 7 0000 
21-JUN-2015 12 48075 2 2 4 56 6 22 01 10 280 20 220 3 0000 4 0048 5 0000 6 000 0 7 02 2 2 8 3 8 3 1 333 10 300 58 019 6 007 2 7 0000 
21-JUN-2015 12 48077 2 2 5 56 7 23 02 10 288 20 248 3 0000 4 0036 5 0000 6 000 0 7 00 0 0 8 5 9 3 1 333 10 310 58 005 6 009 2 7 0000 
21-JUN-2015 12 48078 2 1 4 40 8 14 01 10 249 20 242 3 0000 4 0071 5 0000 6 000 0 7 50 6 5 8 6 7 2 / 333 10 305 58 012 6 010 2 7 0000 
21-JUN-2015 12 48080 2 1 4 56 8 13 02 10 265 20 240 3 0000 4 0048 5 0000 6 000 0 7 50 6 5 8 6 7 2 0 333 10 305 58 017 6 026 2 7 0000 
21-JUN-2015 12 48085 2 1 3 56 8 14 01 10 268 20 256 3 0000 4 0052 5 0000 6 000 0 7 02 6 5 8 6 9 2 0 333 10 300 58 013 6 037 2 7 0000 
21-JUN-2015 12 48092 2 1 4 50 8 00 00 10 260 20 246 3 0000 4 0045 5 0000 6 000 0 7 02 5 5 8 6 9 7 / 333 10 310 58 014 6 011 2 7 0000 
21-JUN-2015 12 48094 2 1 4 56 8 22 02 10 250 20 250 3 0000 4 0063 5 0000 6 000 0 7 60 6 6 8 6 9 7 / 333 10 285 58 018 6 025 2 7 0000 
21-JUN-2015 12 48097 2 1 4 57 7 23 02 10 260 20 253 3 0000 4 0071 5 0000 6 000 0 7 01 6 5 8 5 3 3 6 333 10 280 58 004 6 017 2 7 0000 
21-JUN-2015 12 48099 2 1 3 30 8 18 01 10 250 20 250 3 0000 4 0060 5 0000 6 000 0 7 60 6 5 8 6 9 2 / 333 10 300 59 001 6 016 2 7 0000 
21-JUN-2015 12 48103 2 1 3 30 8 22 01 10 277 20 268 3 0000 4 0064 5 0000 6 000 0 7 50 5 5 8 6 7 7 / 333 10 307 59 002 6 024 4 7 0000 
21-JUN-2015 12 48107 3 2 3 30 6 23 01 10 288 20 248 3 0000 4 0069 5 0000 6 000 0 7 00 0 0 8 4 9 7 0 333 10 318 59 008 6 000 2 7 0000 
21-JUN-2015 12 48108 2 2 5 96 8 23 01 10 283 20 209 3 0000 4 0088 5 0000 6 000 0 7 00 0 0 8 4 3 7 7 333 10 316 58 013 6 099 2 7 0000 
21-JUN-2015 12 48109 3 2 4 96 7 23 02 10 302 20 266 3 0000 4 0057 5 0000 6 000 0 7 00 0 0 8 6 9 3 0 333 10 323 58 003 6 000 0 7 0000 
21-JUN-2015 12 48110 2 1 4 96 8 00 00 10 285 20 247 3 0000 4 0085 5 0000 6 000 0 7 51 5 5 8 4 3 6 7 333 10 300 58 005 6 002 2 7 0000 
21-JUN-2015 12 48112 2 1 4 96 8 27 02 10 252 20 252 3 0000 4 0082 5 0000 6 000 0 7 17 9 5 8 6 9 7 / 333 10 282 58 007 6 010 2 7 0000 
