210600 48001 32450 71301 10280 20233 40043 83870 333 56550 58017=
210600 48004 31110 80401 10270 20256 75065 8697/ 333 56559=
210600 48008 31456 80000 10270 20256 40057 76055 8497/ 333 56449 58020=
210600 48010 22456 60000 10260 20260 40052 83870 333 56490 58021=
210600 48018 32560 71401 10305 20239 40061 83870 333 56330 58006=
210600 48019 21457 83201 10277 20268 40051 75066 8577/ 333 56499 58018=
210600 48020 32460 40903 10302 20239 83830 333 56440=
210600 48025 32340 73201 10286 20274 40050 84770 333 56560 58022=
210600 48035 32560 82203 10264 20229 40048 8597/ 333 56599 58032=
210600 48037 32558 71801 10322 20245 40039 83830 333 56440 58026=
210600 48042 32559 61804 10347 20237 40033 84852 333 56449 58010=
210600 48045 31005 91402 10216 20205 74544 89/// 333 56999=
210600 48048 32560 72201 10315 20236 40042 86950 333 56490 58018=
210600 48051 32559 81303 10312 20270 70222 84930 333 56490=
210600 48053 32558 61805 10310 20237 40050 84850 333 56490 58017=
210600 48060 22340 60000 10275 20230 40034 70122 84830 333 56590 58009=
210600 48062 21356 80905 10270 20270 40042 75065 86920 333 56390 58019=
210600 48071 32460 62303 10298 20274 40046 85930 333 56490 58016=
210600 48075 32457 71402 10270 20211 40060 85770 333 56590 58016=
210600 48077 21559 72301 10290 20259 40043 70162 8593/ 333 56499 58004=
210600 48078 32558 41801 10312 20261 40062 83801 333 56409 58008=
210600 48080 32461 51302 10320 20265 40048 83870 333 56490 58007=
210600 48085 21457 80903 10278 20256 40056 75165 85770 333 56390 58020=
210600 48095 21458 82202 10275 20275 75055 84970 333 56990=
210600 48108 21595 72305 10290 20248 40098 72055 84376 333 56599 58018=
210600 48109 32496 82306 10280 20233 40074 8697/ 333 5699/ 58016=
210600 48110 21495 82303 10280 20250 40111 70255 86377 333 56599 58027=
210600 48112 21496 83202 10240 20240 40125 75155 8677/ 333 5679/ 58040=
210600 48030 21140 80402 10200 20200 75055 888// 333 56199=
210600 48072 32460 41805 10310 20267 70222 83830 333 56590=
210600 48087 21456 80000 10282 20268 75065 8597/ 333 5649/=
210600 48099 21330 81805 10264 20246 40070 75165 8697/ 333 5659/ 58008=
210600 48101 32558 82302 10278 20250 70222 8592/ 333 5649/=
210600 48103 21350 82203 10285 20250 40071 75055 86770 333 56550 58011=
210600 48057 32458 61303 10242 20209 85950 333 56590=
210600 48094 32460 62202 10300 20245 40057 86900 333 56500 58018=
210600 48097 32557 72301 10290 20259 40068 84831 333 56999 58010=
210600 48031 31/06 91801 10200 20200 74744 89/// 333 56999=
210600 48033 32563 51801 10320 20248 40035 85900 333 56400 58007=
210600 48034 32456 72301 10238 20191 87300 333 56500=
210600 48039 32460 51401 10328 20244 85900 333 56400=
210600 48043 32556 81805 10260 20229 8587/ 333 56599=
210600 48052 32465 61301 10344 20257 85920 333 56390=
210600 48055 21456 51406 10272 20226 40042 70165 85900 333 56400 58034=
210600 48064 32560 53201 10320 20265 40033 83831 333 56449 58024=
210600 48065 32557 61401 10320 20248 83831 333 56449=
210600 48074 32459 51403 10310 20254 40065 83860 333 56440 58023=
210600 48092 32457 62305 10300 20253 40048 85830 333 56590 58014=
210600 48093 21458 81801 10262 20260 75165 8697/ 333 56999=
210600 48107 21330 82701 10244 20244 40095 76166 8597/ 333 5655/ 58024=  
