21-MAY-2015 00 48008 3 2 5 56 6 00 00 10 268 20 256 3 0000 4 0019 5 0000 6 000 0 7 00 0 0 8 3 9 7 0 333 20 253 59 023 6 000 0 7 0000 
21-MAY-2015 00 48010 2 1 5 40 6 00 00 10 260 20 253 3 0000 4 0023 5 0000 6 000 0 7 63 9 6 8 4 7 3 0 333 20 250 59 007 6 005 2 7 0000 
21-MAY-2015 00 48018 3 2 5 58 3 22 01 10 272 20 240 3 0000 4 0021 5 0000 6 000 0 7 00 0 0 8 1 4 6 2 333 20 250 59 012 6 000 0 7 0000 
21-MAY-2015 00 48019 3 2 4 50 3 00 00 10 267 20 256 3 0000 4 0025 5 0000 6 000 0 7 00 0 0 8 2 2 5 0 333 20 260 59 012 6 000 0 7 0000 
21-MAY-2015 00 48025 3 2 4 20 6 14 01 10 298 20 253 3 0000 4 0020 5 0000 6 000 0 7 00 0 0 8 3 8 4 0 333 20 294 59 023 6 000 0 7 0000 
21-MAY-2015 00 48033 3 2 5 60 4 18 02 10 264 20 246 3 0000 4 0041 5 0000 6 000 0 7 00 0 0 8 3 5 0 1 333 20 250 59 004 6 000 0 7 0000 
21-MAY-2015 00 48034 3 2 4 56 8 00 00 10 205 20 195 3 0000 4 0000 5 0000 6 000 0 7 00 0 0 8 6 9 7 / 333 20 200 58 000 6 000 0 7 0000 
21-MAY-2015 00 48035 2 1 5 30 7 00 00 10 231 20 214 3 0000 4 0033 5 0000 6 000 0 7 10 2 2 8 5 9 6 0 333 20 225 59 005 6 000 0 7 0000 
21-MAY-2015 00 48037 3 2 5 50 6 18 01 10 270 20 256 3 0000 4 0016 5 0000 6 000 0 7 00 0 0 8 2 5 3 1 333 20 264 59 018 6 000 0 7 0000 
21-MAY-2015 00 48039 2 2 4 56 7 00 00 10 265 20 246 3 0000 4 0000 5 0000 6 000 0 7 00 0 0 8 3 8 5 2 333 20 264 58 000 6 000 0 7 0000 
21-MAY-2015 00 48042 2 2 5 56 5 13 04 10 260 20 246 3 0000 4 0038 5 0000 6 000 0 7 00 0 0 8 2 8 5 2 333 20 247 59 004 6 000 0 7 0000 
21-MAY-2015 00 48048 3 2 5 50 3 22 01 10 278 20 250 3 0000 4 0034 5 0000 6 000 0 7 00 0 0 8 3 8 0 0 333 20 272 59 007 6 000 0 7 0000 
21-MAY-2015 00 48052 3 2 4 50 5 32 03 10 280 20 250 3 0000 4 0000 5 0000 6 000 0 7 00 0 0 8 5 9 0 0 333 20 275 58 000 6 000 0 7 0000 
21-MAY-2015 00 48053 2 2 4 56 7 18 03 10 260 20 246 3 0000 4 0045 5 0000 6 000 0 7 00 0 0 8 3 5 5 6 333 20 256 58 015 6 000 0 7 0000 
21-MAY-2015 00 48055 2 2 4 56 7 00 00 10 213 20 208 3 0000 4 0051 5 0000 6 000 0 7 00 0 0 8 4 9 4 1 333 20 207 59 001 6 000 0 7 0000 
21-MAY-2015 00 48060 2 2 3 30 8 00 00 10 229 20 214 3 0000 4 0060 5 0000 6 000 0 7 00 0 0 8 5 9 7 0 333 20 212 58 004 6 002 2 7 0000 
21-MAY-2015 00 48062 3 2 5 56 7 00 00 10 282 20 270 3 0000 4 0037 5 0000 6 000 0 7 00 0 0 8 5 9 7 0 333 20 250 59 001 6 000 0 7 0000 
21-MAY-2015 00 48064 3 2 4 50 4 32 01 10 274 20 256 3 0000 4 0019 5 0000 6 000 0 7 00 0 0 8 4 8 3 1 333 20 230 59 004 6 000 0 7 0000 
21-MAY-2015 00 48065 3 2 4 50 4 00 00 10 270 20 256 3 0000 4 0000 5 0000 6 000 0 7 00 0 0 8 2 8 0 6 333 20 242 58 000 6 000 0 7 0000 
21-MAY-2015 00 48071 2 1 4 56 8 13 01 10 270 20 256 3 0000 4 0033 5 0000 6 000 0 7 21 6 2 8 3 9 7 0 333 20 265 59 002 6 002 2 7 0000 
21-MAY-2015 00 48074 2 1 4 56 7 04 01 10 254 20 254 3 0000 4 0056 5 0000 6 000 0 7 01 6 6 8 4 7 7 0 333 20 236 58 011 6 004 2 7 0000 
21-MAY-2015 00 48075 2 2 4 58 6 00 00 10 215 20 215 3 0000 4 0088 5 0000 6 000 0 7 00 0 0 8 4 8 3 0 333 20 180 58 007 6 000 0 7 0000 
21-MAY-2015 00 48077 2 1 4 56 8 00 00 10 260 20 246 3 0000 4 0042 5 0000 6 000 0 7 02 9 6 8 5 9 7 0 333 20 230 58 002 6 003 2 7 0000 
21-MAY-2015 00 48078 2 1 4 40 7 14 01 10 250 20 242 3 0000 4 0059 5 0000 6 000 0 7 02 5 5 8 4 7 7 / 333 20 235 59 000 6 990 2 7 0000 
21-MAY-2015 00 48080 2 1 4 56 7 13 01 10 253 20 233 3 0000 4 0059 5 0000 6 000 0 7 52 6 5 8 4 9 2 0 333 20 242 59 001 6 010 2 7 0000 
21-MAY-2015 00 48085 2 1 3 50 8 14 03 10 258 20 246 3 0000 4 0044 5 0000 6 000 0 7 02 6 5 8 6 9 7 0 333 20 256 59 002 6 021 2 7 0000 
21-MAY-2015 00 48087 3 2 4 50 7 00 00 10 250 20 233 3 0000 4 0000 5 0000 6 000 0 7 00 0 0 8 4 3 7 / 333 20 238 58 000 6 000 0 7 0000 
21-MAY-2015 00 48092 2 1 4 56 7 05 01 10 250 20 250 3 0000 4 0051 5 0000 6 000 0 7 05 2 2 8 4 9 7 0 333 20 250 58 005 6 000 0 7 0000 
21-MAY-2015 00 48093 2 2 5 50 6 14 01 10 259 20 246 3 0000 4 0000 5 0000 6 000 0 7 00 0 0 8 4 3 7 0 333 20 251 58 000 6 000 0 7 0000 
21-MAY-2015 00 48094 2 2 4 56 8 00 00 10 250 20 250 3 0000 4 0050 5 0000 6 000 0 7 00 0 0 8 5 9 7 / 333 20 205 59 003 6 010 2 7 0000 
21-MAY-2015 00 48096 3 2 4 56 7 10 03 10 250 20 233 3 0000 4 0058 5 0000 6 000 0 7 00 0 0 8 5 9 7 0 333 20 230 59 008 6 000 0 7 0000 
21-MAY-2015 00 48097 2 2 5 57 7 13 01 10 260 20 246 3 0000 4 0060 5 0000 6 000 0 7 00 0 0 8 5 8 3 0 333 20 247 59 017 6 000 0 7 0000 
21-MAY-2015 00 48099 2 1 3 30 8 13 01 10 250 20 250 3 0000 4 0071 5 0000 6 000 0 7 02 6 6 8 5 9 7 0 333 20 220 59 004 6 035 2 7 0000 
21-MAY-2015 00 48103 2 1 3 30 7 14 01 10 258 20 266 3 0000 4 0069 5 0000 6 000 0 7 02 6 6 8 4 7 6 0 333 20 245 59 005 6 055 2 7 0000 
21-MAY-2015 00 48107 2 1 3 30 7 23 01 10 248 20 248 3 0000 4 0078 5 0000 6 000 0 7 01 6 6 8 4 9 7 0 333 20 240 59 005 6 012 2 7 0000 
21-MAY-2015 00 48108 2 1 4 94 8 23 02 10 258 20 248 3 0000 4 0091 5 0000 6 000 0 7 95 6 5 8 6 9 7 / 333 20 240 58 000 6 013 2 7 0000 
21-MAY-2015 00 48109 2 2 3 96 8 27 03 10 268 20 240 3 0000 4 0062 5 0000 6 000 0 7 00 0 0 8 6 9 7 / 333 20 195 59 004 6 032 2 7 0000 
21-MAY-2015 00 48110 2 2 5 96 8 18 02 10 250 20 241 3 0000 4 0097 5 0000 6 000 0 7 00 0 0 8 1 3 5 7 333 10 245 59 005 6 009 2 7 0000 
21-MAY-2015 00 48112 2 2 5 97 8 22 01 10 265 20 246 3 0000 4 0096 5 0000 6 000 0 7 00 0 0 8 3 8 7 6 333 10 219 59 002 6 000 0 7 0000 
