21-MAR-2015 09 48004 3 1 0 58 0 22 01 10 350 20 158 3 0000 4 0000 5 0000 6 000 0 7 05 1 1 8 0 0 0 0 333 10 /// 58 000 6 000 0 7 0000 
21-MAR-2015 09 48008 3 1 5 56 3 34 01 10 358 20 102 3 0000 4 0078 5 0000 6 000 0 7 05 4 4 8 2 4 3 0 333 10 /// 59 008 6 000 0 7 0000 
21-MAR-2015 09 48010 3 2 0 60 0 00 00 10 350 20 158 3 0000 4 0075 5 0000 6 000 0 7 00 0 0 8 0 0 0 0 333 10 /// 59 033 6 000 0 7 0000 
21-MAR-2015 09 48018 3 2 9 60 0 14 01 10 360 20 177 3 0000 4 0086 5 0000 6 000 0 7 00 0 0 8 0 0 0 0 333 10 /// 59 010 6 000 0 7 0000 
21-MAR-2015 09 48019 3 1 9 50 0 32 01 10 342 20 184 3 0000 4 0071 5 0000 6 000 0 7 05 0 0 8 0 0 0 0 333 10 /// 59 015 6 000 0 7 0000 
21-MAR-2015 09 48025 3 1 4 40 2 36 01 10 367 20 148 3 0000 4 0081 5 0000 6 000 0 7 05 4 4 8 2 5 0 0 333 10 /// 59 001 6 000 0 7 0000 
21-MAR-2015 09 48030 3 1 9 50 0 04 02 10 262 20 039 3 0000 4 0000 5 0000 6 000 0 7 05 4 4 8 0 0 0 0 333 10 /// 58 000 6 000 0 7 0000 
21-MAR-2015 09 48031 3 1 9 60 0 14 01 10 270 20 057 3 0000 4 0000 5 0000 6 000 0 7 05 0 0 8 0 0 0 0 333 10 /// 58 000 6 000 0 7 0000 
21-MAR-2015 09 48033 3 2 9 63 0 00 00 10 380 20 285 3 0000 4 0058 5 0000 6 000 0 7 00 0 0 8 0 0 0 0 333 10 /// 59 019 6 000 0 7 0000 
21-MAR-2015 09 48034 3 1 9 57 0 32 01 10 330 20 041 3 0000 4 0000 5 0000 6 000 0 7 05 0 0 8 0 0 0 0 333 10 /// 58 000 6 000 0 7 0000 
21-MAR-2015 09 48035 3 1 5 30 0 36 04 10 341 20 098 3 0000 4 0032 5 0000 6 000 0 7 04 0 0 8 2 8 0 0 333 10 /// 59 012 6 000 0 7 0000 
21-MAR-2015 09 48037 3 1 9 56 0 36 01 10 397 20 176 3 0000 4 0050 5 0000 6 000 0 7 05 4 4 8 0 0 0 0 333 10 /// 59 021 6 000 0 7 0000 
21-MAR-2015 09 48039 3 2 9 56 3 00 00 10 384 20 129 3 0000 4 0000 5 0000 6 000 0 7 00 0 0 8 0 0 0 2 333 10 /// 58 000 6 000 0 7 0000 
21-MAR-2015 09 48042 3 2 9 57 0 13 01 10 398 20 145 3 0000 4 0060 5 0000 6 000 0 7 00 0 0 8 0 0 0 0 333 10 /// 59 003 6 000 0 7 0000 
21-MAR-2015 09 48043 3 2 0 60 0 18 05 10 320 20 160 3 0000 4 0000 5 0000 6 000 0 7 00 0 0 8 0 0 0 0 333 10 /// 58 000 6 000 0 7 0000 
21-MAR-2015 09 48045 3 1 5 57 0 04 03 10 292 20 060 3 0000 4 0000 5 0000 6 000 0 7 04 0 0 8 0 0 0 0 333 10 /// 58 000 6 000 0 7 0000 
21-MAR-2015 09 48048 3 2 9 60 0 36 01 10 417 20 185 3 0000 4 0051 5 0000 6 000 0 7 00 0 0 8 0 0 0 0 333 10 /// 59 029 6 000 0 7 0000 
21-MAR-2015 09 48051 3 1 9 58 0 04 01 10 384 20 150 3 0000 4 0000 5 0000 6 000 0 7 05 0 0 8 0 0 0 0 333 10 /// 58 000 6 000 0 7 0000 
21-MAR-2015 09 48052 3 2 4 70 2 04 01 10 414 20 141 3 0000 4 0000 5 0000 6 000 0 7 00 0 0 8 2 2 0 0 333 10 /// 58 000 6 000 0 7 0000 
21-MAR-2015 09 48053 3 1 9 50 0 36 01 10 400 20 246 3 0000 4 0060 5 0000 6 000 0 7 05 0 0 8 0 0 0 0 333 10 /// 59 013 6 000 0 7 0000 
21-MAR-2015 09 48055 3 1 9 56 0 23 03 10 356 20 116 3 0000 4 0027 5 0000 6 000 0 7 05 0 0 8 0 0 0 0 333 10 /// 58 016 6 000 0 7 0000 
21-MAR-2015 09 48057 3 2 9 60 0 22 03 10 312 20 092 3 0000 4 0000 5 0000 6 000 0 7 00 0 0 8 0 0 0 0 333 10 /// 58 000 6 000 0 7 0000 
21-MAR-2015 09 48060 3 1 9 30 0 00 00 10 332 20 172 3 0000 4 0042 5 0000 6 000 0 7 42 4 4 8 0 0 0 0 333 10 /// 59 010 6 000 0 7 0000 
21-MAR-2015 09 48062 3 2 9 58 0 27 10 10 324 20 250 3 0000 4 0089 5 0000 6 000 0 7 00 0 0 8 0 0 0 0 333 10 /// 59 010 6 000 0 7 0000 
21-MAR-2015 09 48064 3 2 9 70 0 14 01 10 406 20 240 3 0000 4 0058 5 0000 6 000 0 7 00 0 0 8 0 0 0 0 333 10 /// 59 006 6 000 0 7 0000 
21-MAR-2015 09 48065 3 2 9 70 0 22 03 10 414 20 120 3 0000 4 0000 5 0000 6 000 0 7 00 0 0 8 0 0 0 0 333 10 /// 58 000 6 000 0 7 0000 
21-MAR-2015 09 48071 3 2 9 60 0 32 04 10 303 20 207 3 0000 4 0093 5 0000 6 000 0 7 00 0 0 8 0 0 0 0 333 10 /// 59 003 6 000 0 7 0000 
21-MAR-2015 09 48072 3 2 9 60 0 27 06 10 315 20 248 3 0000 4 0000 5 0000 6 000 0 7 02 2 2 8 0 0 0 0 333 10 /// 58 000 6 000 0 7 0000 
21-MAR-2015 09 48074 3 2 9 61 0 22 03 10 400 20 214 3 0000 4 0075 5 0000 6 000 0 7 00 0 0 8 0 0 0 0 333 10 /// 58 008 6 000 0 7 0000 
21-MAR-2015 09 48075 3 1 5 57 2 22 01 10 270 20 061 3 0000 4 0054 5 0000 6 000 0 7 05 1 1 8 2 5 0 0 333 10 /// 58 009 6 000 0 7 0000 
21-MAR-2015 09 48077 3 1 9 58 0 00 00 10 400 20 145 3 0000 4 0066 5 0000 6 000 0 7 05 0 0 8 0 0 0 0 333 10 /// 58 005 6 000 0 7 0000 
21-MAR-2015 09 48078 3 2 9 56 1 09 03 10 401 20 230 3 0000 4 0070 5 0000 6 000 0 7 00 0 0 8 0 0 0 1 333 10 /// 58 002 6 000 0 7 0000 
21-MAR-2015 09 48080 3 1 9 59 0 27 07 10 340 20 240 3 0000 4 0086 5 0000 6 000 0 7 05 0 0 8 0 0 0 0 333 10 /// 58 008 6 000 0 7 0000 
21-MAR-2015 09 48085 3 1 9 58 0 27 05 10 316 20 236 3 0000 4 0088 5 0000 6 000 0 7 05 0 0 8 0 0 0 0 333 10 /// 58 000 6 000 0 7 0000 
21-MAR-2015 09 48092 3 2 4 58 2 23 05 10 390 20 298 3 0000 4 0051 5 0000 6 000 0 7 03 2 2 8 1 4 1 0 333 10 /// 58 015 6 000 0 7 0000 
21-MAR-2015 09 48093 3 2 9 58 0 04 01 10 378 20 285 3 0000 4 0000 5 0000 6 000 0 7 01 1 1 8 0 0 0 0 333 10 /// 58 000 6 000 0 7 0000 
21-MAR-2015 09 48094 3 2 9 61 0 32 02 10 374 20 190 3 0000 4 0083 5 0000 6 000 0 7 00 0 0 8 0 0 0 0 333 10 /// 58 002 6 000 0 7 0000 
21-MAR-2015 09 48095 3 2 9 60 0 22 02 10 390 20 233 3 0000 4 0000 5 0000 6 000 0 7 00 0 0 8 0 0 0 0 333 10 /// 58 000 6 000 0 7 0000 
21-MAR-2015 09 48097 3 2 9 57 0 14 04 10 380 20 140 3 0000 4 0090 5 0000 6 000 0 7 00 0 0 8 0 0 0 0 333 10 /// 58 002 6 000 0 7 0000 
21-MAR-2015 09 48099 3 2 4 56 4 32 03 10 376 20 255 3 0000 4 0072 5 0000 6 000 0 7 00 0 0 8 4 8 0 0 333 10 /// 58 008 6 000 0 7 0000 
21-MAR-2015 09 48101 3 2 9 61 0 00 00 10 358 20 195 3 0000 4 0000 5 0000 6 000 0 7 00 0 0 8 0 0 0 0 333 10 /// 58 000 6 000 0 7 0000 
21-MAR-2015 09 48103 3 2 4 57 2 32 01 10 352 20 266 3 0000 4 0079 5 0000 6 000 0 7 00 0 0 8 2 5 0 0 333 10 /// 58 010 6 000 0 7 0000 
21-MAR-2015 09 48107 3 2 9 50 2 23 03 10 330 20 258 3 0000 4 0083 5 0000 6 000 0 7 00 0 0 8 0 0 0 6 333 10 /// 58 009 6 000 0 7 0000 
21-MAR-2015 09 48108 3 2 5 96 6 23 08 10 325 20 253 3 0000 4 0090 5 0000 6 000 0 7 00 0 0 8 4 3 6 6 333 10 /// 58 010 6 000 0 7 0000 
21-MAR-2015 09 48109 3 2 9 97 0 04 01 10 316 20 215 3 0000 4 0113 5 0000 6 000 0 7 02 2 2 8 0 0 0 0 333 10 /// 58 010 6 000 0 7 0000 
21-MAR-2015 09 48110 3 1 5 96 4 13 02 10 360 20 235 3 0000 4 0095 5 0000 6 000 0 7 05 2 2 8 1 3 0 6 333 10 /// 58 010 6 000 0 7 0000 
