21-MAR-2015 06 48004 3 1 5 58 1 22 01 10 330 20 151 3 0000 4 0000 5 0000 6 000 0 7 05 1 1 8 1 1 0 0 333 10 /// 58 000 6 000 0 7 0000 
21-MAR-2015 06 48008 3 1 5 56 3 04 02 10 318 20 140 3 0000 4 0123 5 0000 6 000 0 7 05 4 4 8 2 4 3 0 333 10 /// 59 001 6 000 0 7 0000 
21-MAR-2015 06 48010 3 2 0 60 0 00 00 10 305 20 166 3 0000 4 0123 5 0000 6 000 0 7 00 0 0 8 0 0 0 0 333 10 /// 58 001 6 000 0 7 0000 
21-MAR-2015 06 48018 3 2 9 60 0 32 01 10 325 20 163 3 0000 4 0122 5 0000 6 000 0 7 00 0 0 8 0 0 0 0 333 10 /// 59 009 6 000 0 7 0000 
21-MAR-2015 06 48019 3 2 9 60 0 32 01 10 308 20 168 3 0000 4 0112 5 0000 6 000 0 7 00 0 0 8 0 0 0 0 333 10 /// 59 012 6 000 0 7 0000 
21-MAR-2015 06 48020 3 1 9 58 0 04 02 10 330 20 212 3 0000 4 0000 5 0000 6 000 0 7 05 0 0 8 0 0 0 0 333 10 /// 58 000 6 000 0 7 0000 
21-MAR-2015 06 48025 3 1 4 30 2 04 01 10 330 20 126 3 0000 4 0127 5 0000 6 000 0 7 05 4 4 8 2 5 0 0 333 10 /// 59 009 6 000 0 7 0000 
21-MAR-2015 06 48030 3 1 9 56 0 04 03 10 240 20 034 3 0000 4 0000 5 0000 6 000 0 7 05 4 4 8 0 0 0 0 333 10 /// 58 000 6 000 0 7 0000 
21-MAR-2015 06 48031 3 1 2 60 4 14 01 10 250 20 000 3 0000 4 0000 5 0000 6 000 0 7 00 0 0 8 0 0 0 0 333 10 /// 58 000 6 000 0   8000 
21-MAR-2015 06 48033 3 2 9 63 0 36 01 10 350 20 219 3 0000 4 0089 5 0000 6 000 0 7 00 0 0 8 0 0 0 0 333 10 /// 59 005 6 000 0 7 0000 
21-MAR-2015 06 48034 3 1 4 57 2 04 02 10 310 20 040 3 0000 4 0000 5 0000 6 000 0 7 05 1 1 8 2 5 0 0 333 10 /// 58 000 6 000 0 7 0000 
21-MAR-2015 06 48035 3 1 5 30 3 32 02 10 310 20 092 3 0000 4 0072 5 0000 6 000 0 7 04 0 0 8 3 8 0 0 333 10 /// 59 009 6 000 0 7 0000 
21-MAR-2015 06 48037 3 1 9 56 0 36 01 10 350 20 143 3 0000 4 0090 5 0000 6 000 0 7 05 4 4 8 0 0 0 0 333 10 /// 59 024 6 000 0 7 0000 
21-MAR-2015 06 48039 3 1 4 50 4 22 01 10 345 20 145 3 0000 4 0000 5 0000 6 000 0 7 05 2 2 8 2 1 0 2 333 10 /// 58 000 6 000 0 7 0000 
21-MAR-2015 06 48042 3 1 9 50 0 22 01 10 350 20 167 3 0000 4 0100 5 0000 6 000 0 7 05 0 0 8 0 0 0 0 333 10 /// 58 006 6 000 0 7 0000 
21-MAR-2015 06 48043 3 2 0 60 0 00 00 10 315 20 116 3 0000 4 0000 5 0000 6 000 0 7 00 0 0 8 0 0 0 0 333 10 /// 58 000 6 000 0 7 0000 
21-MAR-2015 06 48045 3 1 5 58 0 09 04 10 283 20 043 3 0000 4 0000 5 0000 6 000 0 7 04 0 0 8 0 0 0 0 333 10 /// 58 000 6 000 0 7 0000 
21-MAR-2015 06 48048 3 2 9 60 0 04 01 10 365 20 177 3 0000 4 0100 5 0000 6 000 0 7 00 0 0 8 0 0 0 0 333 10 /// 59 019 6 000 0 7 0000 
21-MAR-2015 06 48051 3 1 9 58 0 04 01 10 350 20 140 3 0000 4 0000 5 0000 6 000 0 7 05 0 0 8 0 0 0 0 333 10 /// 58 000 6 000 0 7 0000 
21-MAR-2015 06 48052 3 2 9 68 0 04 03 10 305 20 269 3 0000 4 0000 5 0000 6 000 0 7 00 0 0 8 0 0 0 0 333 10 /// 58 000 6 000 0 7 0000 
21-MAR-2015 06 48053 3 1 9 50 0 36 01 10 360 20 195 3 0000 4 0103 5 0000 6 000 0 7 05 0 0 8 0 0 0 0 333 10 /// 58 001 6 000 0 7 0000 
21-MAR-2015 06 48055 3 1 9 48 0 23 03 10 325 20 146 3 0000 4 0073 5 0000 6 000 0 7 05 0 0 8 0 0 0 0 333 10 /// 58 002 6 000 0 7 0000 
21-MAR-2015 06 48057 3 2 9 60 0 27 02 10 290 20 115 3 0000 4 0000 5 0000 6 000 0 7 00 0 0 8 0 0 0 0 333 10 /// 58 000 6 000 0 7 0000 
21-MAR-2015 06 48060 3 1 9 30 0 00 00 10 277 20 158 3 0000 4 0099 5 0000 6 000 0 7 42 4 4 8 0 0 0 0 333 10 /// 58 003 6 000 0 7 0000 
21-MAR-2015 06 48062 3 2 9 58 0 27 05 10 320 20 240 3 0000 4 0118 5 0000 6 000 0 7 00 0 0 8 0 0 0 0 333 10 /// 59 009 6 000 0 7 0000 
21-MAR-2015 06 48064 3 2 9 70 0 14 01 10 370 20 207 3 0000 4 0086 5 0000 6 000 0 7 00 0 0 8 0 0 0 0 333 10 /// 59 012 6 000 0 7 0000 
21-MAR-2015 06 48065 3 2 9 70 0 32 05 10 370 20 125 3 0000 4 0000 5 0000 6 000 0 7 00 0 0 8 0 0 0 0 333 10 /// 58 000 6 000 0 7 0000 
21-MAR-2015 06 48071 3 2 9 60 0 32 04 10 295 20 207 3 0000 4 0120 5 0000 6 000 0 7 00 0 0 8 0 0 0 0 333 10 /// 59 008 6 000 0 7 0000 
21-MAR-2015 06 48072 3 2 9 60 0 27 05 10 310 20 225 3 0000 4 0000 5 0000 6 000 0 7 01 2 2 8 0 0 0 0 333 10 /// 58 000 6 000 0 7 0000 
21-MAR-2015 06 48074 3 2 9 60 0 14 03 10 350 20 219 3 0000 4 0104 5 0000 6 000 0 7 00 0 0 8 0 0 0 0 333 10 /// 59 016 6 000 0 7 0000 
21-MAR-2015 06 48075 3 1 9 57 0 22 01 10 340 20 063 3 0000 4 0092 5 0000 6 000 0 7 05 0 0 8 0 0 0 0 333 10 /// 58 012 6 000 0 7 0000 
21-MAR-2015 06 48077 3 1 9 58 0 00 00 10 372 20 125 3 0000 4 0097 5 0000 6 000 0 7 05 0 0 8 0 0 0 0 333 10 /// 58 003 6 000 0 7 0000 
21-MAR-2015 06 48078 3 2 5 56 2 14 02 10 362 20 235 3 0000 4 0111 5 0000 6 000 0 7 00 0 0 8 1 1 0 1 333 10 /// 58 004 6 000 0 7 0000 
21-MAR-2015 06 48080 3 1 9 59 0 22 03 10 350 20 237 3 0000 4 0114 5 0000 6 000 0 7 05 0 0 8 0 0 0 0 333 10 /// 58 010 6 000 0 7 0000 
21-MAR-2015 06 48085 3 1 9 58 0 36 04 10 310 20 237 3 0000 4 0117 5 0000 6 000 0 7 05 0 0 8 0 0 0 0 333 10 /// 58 003 6 000 0 7 0000 
21-MAR-2015 06 48087 3 2 9 60 0 36 03 10 357 20 177 3 0000 4 0000 5 0000 6 000 0 7 00 0 0 8 0 0 0 0 333 10 /// 58 000 6 000 0 7 0000 
21-MAR-2015 06 48092 3 2 9 57 0 13 05 10 370 20 246 3 0000 4 0088 5 0000 6 000 0 7 00 0 0 8 0 0 0 0 333 10 /// 58 006 6 000 0 7 0000 
21-MAR-2015 06 48093 3 2 9 58 0 04 01 10 361 20 278 3 0000 4 0000 5 0000 6 000 0 7 01 1 1 8 0 0 0 0 333 10 /// 58 000 6 000 0 7 0000 
21-MAR-2015 06 48094 3 2 9 61 0 32 03 10 360 20 210 3 0000 4 0110 5 0000 6 000 0 7 00 0 0 8 0 0 0 0 333 10 /// 58 000 6 000 0 7 0000 
21-MAR-2015 06 48095 3 2 9 60 0 04 01 10 360 20 214 3 0000 4 0000 5 0000 6 000 0 7 00 0 0 8 0 0 0 0 333 10 /// 58 000 6 000 0 7 0000 
21-MAR-2015 06 48097 3 2 9 57 2 32 02 10 370 20 148 3 0000 4 0122 5 0000 6 000 0 7 00 0 0 8 0 0 0 1 333 10 /// 58 003 6 000 0 7 0000 
21-MAR-2015 06 48099 3 1 4 50 7 13 04 10 340 20 257 3 0000 4 0109 5 0000 6 000 0 7 05 2 2 8 5 8 3 0 333 10 /// 58 002 6 000 0 7 0000 
21-MAR-2015 06 48101 3 2 9 60 1 32 01 10 328 20 212 3 0000 4 0000 5 0000 6 000 0 7 03 1 1 8 0 0 0 1 333 10 /// 58 000 6 000 0 7 0000 
21-MAR-2015 06 48103 3 2 4 57 4 22 01 10 350 20 240 3 0000 4 0111 5 0000 6 000 0 7 00 0 0 8 4 8 0 0 333 10 /// 58 007 6 000 0 7 0000 
21-MAR-2015 06 48107 3 2 3 50 5 23 02 10 353 20 237 3 0000 4 0104 5 0000 6 000 0 7 00 0 0 8 3 9 0 6 333 10 /// 58 008 6 000 0 7 0000 
21-MAR-2015 06 48108 3 2 5 96 8 23 06 10 340 20 257 3 0000 4 0110 5 0000 6 000 0 7 00 0 0 8 4 3 6 6 333 10 /// 59 003 6 000 0 7 0000 
21-MAR-2015 06 48110 3 1 5 96 8 23 03 10 350 20 237 3 0000 4 0116 5 0000 6 000 0 7 05 2 2 8 3 3 0 7 333 10 /// 58 005 6 000 0 7 0000 
21-MAR-2015 06 48112 3 2 5 98 6 32 02 10 352 20 266 3 0000 4 0122 5 0000 6 000 0 7 01 2 2 8 2 2 1 6 333 10 /// 58 003 6 000 0 7 0000 
