210300 48001 32440 70000 10257 20229 40064 84860 333 56110 59003=
210300 48004 32460 50401 10272 20240 85900 333 56500=
210300 48008 31450 81401 10265 20256 40053 79596 8497/ 333 56569 59003=
210300 48010 22556 60000 10290 20253 40048 84801 333 56606 59008=
210300 48018 32559 42202 10305 20254 40049 82842 333 56559 58008=
210300 48019 32460 62301 10303 20266 40038 83250 333 56560 59008=
210300 48020 32358 33602 10345 20264 83200 333 56400=
210300 48025 32440 40901 10339 20253 40026 83840 333 56590 59015=
210300 48030 22357 42202 10199 20168 83940 333 56560=
210300 48031 32260 40901 10230 20181 82202 333 56909=
210300 48033 32562 51801 10300 20239 40038 85900 333 56400 59004=
210300 48034 21256 82302 10218 20218 75065 8692/ 333 5659/=
210300 48035 32560 62202 10267 20226 40048 85960 333 56590 59001=
210300 48037 32556 71801 10297 20253 40027 84370 333 56550 59018=
210300 48039 22459 21401 10300 20239 82800 333 56500=
210300 48042 22557 21804 10295 20250 40043 84800 333 56400 59005=
210300 48043 32656 61805 10235 20209 86800 333 56500=
210300 48045 21450 71401 10225 20214 74144 87300 333 56300=
210300 48048 32560 41801 10305 20237 40041 84800 333 56400 59010=
210300 48051 22559 53602 10310 20270 83820 333 56490=
210300 48052 32458 31801 10322 20248 83800 333 56900=
210300 48053 22456 61801 10280 20250 40056 84856 333 56499 58009=
210300 48055 22456 82303 10243 20209 40055 8697/ 333 5659/ 59003=
210300 48057 22458 61401 10228 20198 85350 333 56490=
210300 48060 22340 70000 10253 20219 40065 84970 333 56590 58019=
210300 48062 32558 60903 10300 20270 40048 84930 333 56390 59000=
210300 48064 32460 73601 10292 20259 40039 85831 333 56449 58008=
210300 48065 32460 70403 10292 20239 85830 333 56490=
210300 48071 22458 62302 10305 20282 40049 84970 333 56990 58000=
210300 48072 22458 81302 10300 20266 86970 333 56590=
210300 48074 22458 71403 10274 20256 40066 84770 333 56990 59008=
210300 48075 22457 71401 10250 20230 40070 85870 333 56590 58009=
210300 48077 22458 80000 10262 20246 40054 85970 333 56490 59002=
210300 48078 21556 61801 10288 20248 40069 84531 333 56449 59002=
210300 48080 22459 62202 10300 20253 40055 84870 333 56490 59008=
210300 48085 22358 81405 10282 20268 40057 86920 333 56290 59006=
210300 48087 32456 71402 10298 20253 8437/ 333 5639/=
210300 48092 22457 71309 10295 20256 40055 86330 333 56990 58000=
210300 48093 22557 82301 10290 20259 8637/ 333 56399=
210300 48094 22456 82202 10260 20258 40065 8597/ 333 56599 59002=
210300 48095 22450 81801 10280 20268 85970 333 56990=
210300 48097 21557 81503 10285 20249 40070 75022 8652/ 333 5629/ 59020=
210300 48099 21330 81302 10263 20263 40088 70255 86930 333 56390 58005=
210300 48101 21457 81402 10270 20256 75165 8597/ 333 5659/=
210300 48103 22450 70402 10285 20250 40081 84730 333 56110 59005=
210300 48107 21330 71301 10250 20250 40097 75166 85970 333 56550 59003=  
210300 48108 21495 81401 10255 20248 40110 75196 8597/ 333 5649/ 58002=
210300 48109 32996 32703 10276 20233 40082 8697/ 333 5699/ 59006=
210300 48110 22496 81302 10300 20253 40116 84377 333 56599 58010=
210300 48112 22598 60401 10315 20267 40116 82216 333 56199 58000=
