21-MAY-2015 06 48001 3 2 3 30 8 36 01 10 275 20 233 3 0000 4 0041 5 0000 6 000 0 7 00 0 0 8 4 8 7 / 333 10 /// 58 008 6 000 0 7 0000 
21-MAY-2015 06 48004 3 1 4 60 6 27 01 10 325 20 258 3 0000 4 0000 5 0000 6 000 0 7 50 5 2 8 6 9 0 0 333 10 /// 58 000 6 000 0 7 0000 
21-MAY-2015 06 48008 3 1 4 56 6 00 00 10 292 20 248 3 0000 4 0044 5 0000 6 000 0 7 01 6 6 8 4 8 3 0 333 10 /// 58 006 6 000 0 7 0000 
21-MAY-2015 06 48010 3 2 5 60 4 00 00 10 330 20 275 3 0000 4 0033 5 0000 6 000 0 7 00 0 0 8 3 8 3 0 333 10 /// 58 001 6 000 0 7 0000 
21-MAY-2015 06 48018 3 2 5 60 4 22 02 10 345 20 240 3 0000 4 0037 5 0000 6 000 0 7 00 0 0 8 2 8 7 2 333 10 /// 58 000 6 000 0 7 0000 
21-MAY-2015 06 48019 3 2 4 58 5 36 04 10 320 20 248 3 0000 4 0031 5 0000 6 000 0 7 00 0 0 8 5 9 0 0 333 10 /// 59 005 6 000 0 7 0000 
21-MAY-2015 06 48020 3 2 3 57 4 36 02 10 365 20 274 3 0000 4 0000 5 0000 6 000 0 7 00 0 0 8 4 8 0 0 333 10 /// 58 000 6 000 0 7 0000 
21-MAY-2015 06 48025 3 2 4 40 6 32 01 10 363 20 249 3 0000 4 0027 5 0000 6 000 0 7 00 0 0 8 5 3 4 0 333 10 /// 59 013 6 000 0 7 0000 
21-MAY-2015 06 48030 3 2 3 56 7 04 02 10 242 20 155 3 0000 4 0000 5 0000 6 000 0 7 00 0 0 8 6 9 4 0 333 10 /// 58 000 6 000 0 7 0000 
21-MAY-2015 06 48031 3 2 2 58 4 04 01 10 255 20 186 3 0000 4 0000 5 0000 6 000 0 7 00 0 0 8 2 2 0 2 333 10 /// 58 000 6 000 0 7 0000 
21-MAY-2015 06 48033 3 2 5 63 4 18 01 10 330 20 244 3 0000 4 0024 5 0000 6 000 0 7 00 0 0 8 4 9 0 0 333 10 /// 59 003 6 000 0 7 0000 
21-MAY-2015 06 48034 2 1 4 57 6 23 02 10 258 20 215 3 0000 4 0000 5 0000 6 000 0 7 01 5 5 8 6 3 0 0 333 10 /// 58 000 6 000 0 7 0000 
21-MAY-2015 06 48035 3 2 5 60 7 22 02 10 292 20 230 3 0000 4 0025 5 0000 6 000 0 7 00 0 0 8 5 9 6 0 333 10 /// 59 000 6 000 0 7 0000 
21-MAY-2015 06 48037 3 2 5 60 7 14 01 10 335 20 257 3 0000 4 0038 5 0000 6 000 0 7 00 0 0 8 5 3 7 0 333 10 /// 58 011 6 000 0 7 0000 
21-MAY-2015 06 48039 3 2 4 60 3 22 02 10 326 20 258 3 0000 4 0000 5 0000 6 000 0 7 00 0 0 8 3 1 0 0 333 10 /// 58 000 6 000 0 7 0000 
21-MAY-2015 06 48042 3 2 5 58 4 18 05 10 327 20 258 3 0000 4 0032 5 0000 6 000 0 7 00 0 0 8 4 2 0 0 333 10 /// 59 003 6 000 0 7 0000 
21-MAY-2015 06 48043 3 2 6 57 6 18 06 10 265 20 226 3 0000 4 0000 5 0000 6 000 0 7 00 0 0 8 3 2 0 0 333 10 /// 58 000 6 000 0 7 0000 
21-MAY-2015 06 48045 3 1 5 57 7 18 02 10 264 20 215 3 0000 4 0000 5 0000 6 000 0 7 41 4 4 8 7 3 0 0 333 10 /// 58 000 6 000 0 7 0000 
21-MAY-2015 06 48048 3 2 5 60 6 22 01 10 350 20 240 3 0000 4 0038 5 0000 6 000 0 7 00 0 0 8 5 9 5 0 333 10 /// 59 004 6 000 0 7 0000 
21-MAY-2015 06 48051 3 2 5 59 4 36 02 10 310 20 270 3 0000 4 0000 5 0000 6 000 0 7 00 0 0 8 3 9 3 0 333 10 /// 58 000 6 000 0 7 0000 
21-MAY-2015 06 48052 3 2 4 68 4 13 01 10 354 20 240 3 0000 4 0000 5 0000 6 000 0 7 00 0 0 8 4 8 8 0 333 10 /// 58 000 6 000 0 7 0000 
21-MAY-2015 06 48053 3 2 4 56 6 18 03 10 310 20 267 3 0000 4 0058 5 0000 6 000 0 7 00 0 0 8 3 9 5 6 333 10 /// 58 017 6 000 0 7 0000 
21-MAY-2015 06 48055 3 2 5 56 6 23 04 10 280 20 203 3 0000 4 0027 5 0000 6 000 0 7 00 0 0 8 5 9 3 0 333 10 /// 59 015 6 000 0 7 0000 
21-MAY-2015 06 48057 3 2 4 58 6 15 02 10 218 20 205 3 0000 4 0000 5 0000 6 000 0 7 00 0 0 8 5 3 5 0 333 10 /// 58 000 6 000 0 7 0000 
21-MAY-2015 06 48060 3 2 3 40 7 00 00 10 288 20 215 3 0000 4 0030 5 0000 6 000 0 7 00 0 0 8 4 9 7 0 333 10 /// 58 002 6 000 0 7 0000 
21-MAY-2015 06 48062 3 2 5 58 6 18 04 10 325 20 290 3 0000 4 0043 5 0000 6 000 0 7 00 0 0 8 4 9 3 0 333 10 /// 59 000 6 000 0 7 0000 
21-MAY-2015 06 48064 3 2 5 70 4 14 01 10 338 20 288 3 0000 4 0023 5 0000 6 000 0 7 00 0 0 8 3 8 0 1 333 10 /// 59 003 6 000 0 7 0000 
21-MAY-2015 06 48065 3 2 5 70 3 14 03 10 330 20 258 3 0000 4 0000 5 0000 6 000 0 7 00 0 0 8 2 8 0 1 333 10 /// 58 000 6 000 0 7 0000 
21-MAY-2015 06 48071 3 2 4 58 7 13 02 10 333 20 258 3 0000 4 0046 5 0000 6 000 0 7 00 0 0 8 5 9 7 0 333 10 /// 59 007 6 000 0 7 0000 
21-MAY-2015 06 48072 3 2 4 59 7 09 04 10 290 20 248 3 0000 4 0000 5 0000 6 000 0 7 00 0 0 8 5 8 3 0 333 10 /// 58 000 6 000 0 7 0000 
21-MAY-2015 06 48074 3 2 4 59 6 23 03 10 317 20 248 3 0000 4 0057 5 0000 6 000 0 7 00 0 0 8 4 9 6 0 333 10 /// 58 003 6 000 0 7 0000 
21-MAY-2015 06 48077 3 2 5 59 8 23 02 10 310 20 254 3 0000 4 0046 5 0000 6 000 0 7 00 0 0 8 5 9 3 1 333 10 /// 58 006 6 000 0 7 0000 
21-MAY-2015 06 48078 3 2 5 58 6 18 02 10 310 20 237 3 0000 4 0062 5 0000 6 000 0 7 00 0 0 8 4 8 3 1 333 10 /// 59 001 6 000 0 7 0000 
21-MAY-2015 06 48080 3 2 4 60 8 22 06 10 300 20 266 3 0000 4 0058 5 0000 6 000 0 7 00 0 0 8 5 8 7 0 333 10 /// 59 003 6 000 0 7 0000 
21-MAY-2015 06 48085 3 1 3 57 8 18 04 10 300 20 253 3 0000 4 0054 5 0000 6 000 0 7 50 5 5 8 6 9 2 0 333 10 /// 59 005 6 000 0 7 0000 
21-MAY-2015 06 48087 2 1 4 56 8 00 00 10 308 20 267 3 0000 4 0000 5 0000 6 000 0 7 20 5 5 8 5 9 7 / 333 10 /// 58 000 6 000 0 7 0000 
21-MAY-2015 06 48092 2 1 4 50 8 13 01 10 260 20 260 3 0000 4 0051 5 0000 6 000 0 7 60 6 6 8 8 9 / / 333 10 /// 59 001 6 000 0 7 0000 
21-MAY-2015 06 48094 2 1 4 58 7 22 01 10 265 20 260 3 0000 4 0061 5 0000 6 000 0 7 50 5 5 8 5 9 7 / 333 10 /// 59 012 6 000 0 7 0000 
21-MAY-2015 06 48096 2 1 4 50 8 22 04 10 260 20 260 3 0000 4 0063 5 0000 6 000 0 7 50 5 1 8 5 9 7 / 333 10 /// 59 011 6 000 0 7 0000 
21-MAY-2015 06 48097 2 1 4 57 8 14 02 10 260 20 260 3 0000 4 0058 5 0000 6 000 0 7 51 6 5 8 5 9 7 / 333 10 /// 59 021 6 000 0 7 0000 
21-MAY-2015 06 48099 2 1 3 40 6 13 01 10 273 20 256 3 0000 4 0068 5 0000 6 000 0 7 01 6 5 8 5 9 3 0 333 10 /// 59 014 6 000 0 7 0000 
21-MAY-2015 06 48101 2 1 4 56 8 27 04 10 268 20 256 3 0000 4 0000 5 0000 6 000 0 7 61 6 5 8 6 9 7 / 333 10 /// 58 000 6 000 0 7 0000 
21-MAY-2015 06 48103 3 2 3 56 7 14 02 10 301 20 253 3 0000 4 0072 5 0000 6 000 0 7 00 0 0 8 5 7 3 0 333 10 /// 59 018 6 000 0 7 0000 
21-MAY-2015 06 48107 2 1 3 50 7 23 02 10 270 20 256 3 0000 4 0083 5 0000 6 000 0 7 01 6 6 8 4 9 7 0 333 10 /// 59 010 6 000 0 7 0000 
21-MAY-2015 06 48108 2 1 4 95 8 23 03 10 265 20 258 3 0000 4 0100 5 0000 6 000 0 7 50 6 5 8 5 3 7 / 333 10 /// 59 008 6 000 0 7 0000 
21-MAY-2015 06 48110 2 1 4 95 8 32 02 10 315 20 253 3 0000 4 0107 5 0000 6 000 0 7 60 2 2 8 6 3 7 7 333 10 /// 59 004 6 000 0 7 0000 
