210600 48001 32440 13601 10195 20168 40173 81100 333 56500 58006=
210600 48004 32563 10401 10247 20167 81100 333 56900=
210600 48008 32558 10401 10260 20179 40162 81100 333 56400 58001=
210600 48010 32060 01801 10270 20191 40160 333 58000=
210600 48018 32560 21402 10275 20184 40161 82800 333 56300 58000=
210600 48019 32960 00401 10270 20172 40151 333 59004=
210600 48020 32460 13204 10270 20211 81200 333 56400=
210600 48025 31440 30401 10260 20215 40171 70144 83800 333 56500 59002=
210600 48035 31560 13202 10249 20150 40138 70144 81100 333 56900 59001=
210600 48037 32960 03202 10282 20184 40148 333 58008=
210600 48042 32558 12701 10290 20196 40141 81100 333 56900 58007=
210600 48045 31450 82303 10200 20168 74044 886// 333 56599=
210600 48048 32562 20401 10305 20189 40146 82800 333 56900 58001=
210600 48053 32456 23602 10310 20169 40141 82500 333 56800 59002=
210600 48060 32450 20000 10244 20136 40142 82100 333 56500 58004=
210600 48030 32960 00401 10182 20129 333=
210600 48057 32458 21502 10233 20163 82800 333 56400=
210600 48031 31260 41401 10215 20156 82800 333 56400=
210600 48033 32963 03601 10290 20196 40148 333 58010=
210600 48034 32456 11801 10255 20132 81500 333 56500=
210600 48039 32460 23201 10298 20207 82100 333 56500=
210600 48043 32557 20505 10240 20174 82200 333 56600=
210600 48052 32958 03601 10308 20203 70211 80000 333 56000=
210600 48055 32556 10403 10255 20173 40127 81100 333 56500 58007=
210600 48064 32960 01801 10300 20239 40137 70000 80000 333 56000 58009=
210600 48065 32957 00302 10312 20203 70200 80000 333 56000=
210600 48074 32958 00402 10300 20207 40132 333 59005=  48001 32440 13601 10195 20168 40173 81100 333 56500 58006=
210600 48004 32563 10401 10247 20167 81100 333 56900=
210600 48008 32558 10401 10260 20179 40162 81100 333 56400 58001=
210600 48010 32060 01801 10270 20191 40160 333 58000=
210600 48018 32560 21402 10275 20184 40161 82800 333 56300 58000=
210600 48019 32960 00401 10270 20172 40151 333 59004=
210600 48020 32460 13204 10270 20211 81200 333 56400=
210600 48025 31440 30401 10260 20215 40171 70144 83800 333 56500 59002=
210600 48035 31560 13202 10249 20150 40138 70144 81100 333 56900 59001=
210600 48037 32960 03202 10282 20184 40148 333 58008=
210600 48042 32558 12701 10290 20196 40141 81100 333 56900 58007=
210600 48045 31450 82303 10200 20168 74044 886// 333 56599=
210600 48048 32562 20401 10305 20189 40146 82800 333 56900 58001=
210600 48053 32456 23602 10310 20169 40141 82500 333 56800 59002=
210600 48060 32450 20000 10244 20136 40142 82100 333 56500 58004=
210600 48030 32960 00401 10182 20129 333=
210600 48057 32458 21502 10233 20163 82800 333 56400=
210600 48031 31260 41401 10215 20156 82800 333 56400=
210600 48033 32963 03601 10290 20196 40148 333 58010=
210600 48034 32456 11801 10255 20132 81500 333 56500=
210600 48039 32460 23201 10298 20207 82100 333 56500=
210600 48043 32557 20505 10240 20174 82200 333 56600=
210600 48052 32958 03601 10308 20203 70211 80000 333 56000=
210600 48055 32556 10403 10255 20173 40127 81100 333 56500 58007=
210600 48064 32960 01801 10300 20239 40137 70000 80000 333 56000 58009=
210600 48065 32957 00302 10312 20203 70200 80000 333 56000=
210600 48074 32958 00402 10300 20207 40132 333 59005=  
