48001 NIL=
48004 NIL=
48008 NIL=
48010 NIL=
48018 NIL=
48019 NIL=
48020 NIL=
48025 NIL=
48035 NIL=
48037 NIL=
48042 NIL=
48045 NIL=
48048 NIL=
48051 32560 23602 10321 20240 82300 333 56900=
48053 NIL=
48060 NIL=
48062 NIL=
48071 32960 03203 10315 20245 40099 333 59003=
48075 32558 32201 10290 20196 40088 70222 82101 333 56509 59002=
48077 32959 00402 10330 20201 40090 333 59011=
48078 32562 33202 10332 20223 40092 82201 333 56909 59009=
48080 32960 02206 10340 20225 40091 333 58001=
48085 32458 13203 10328 20244 40086 81800 333 56300 59007=
48095 32960 00401 10320 20248 333=
48108 32596 63202 10345 20248 40077 84306 333 56509 58003=
48109 NIL=
48110 31596 23204 10340 20257 40075 70511 81305 333 56909 59002=
48112 32598 60406 10318 20248 40070 70122 82216 333 56199 59003=
48030 NIL=
48072 32961 03203 10330 20258 333=
48087 NIL=
48099 32560 13202 10352 20237 40075 81800 333 56900 59002=
48101 32660 13601 10343 20257 70311 81200 333 56900=
48103 32456 30402 10351 20237 40076 83800 333 56100 59002=
48057 NIL=
48094 32963 00403 10345 20230 40084 333 59009=
48097 32557 50402 10340 20240 40091 85300 333 56900 59007=
48031 NIL=
48033 NIL=
48034 NIL=
48039 NIL=
48043 NIL=
48052 NIL=
48055 NIL=
48064 NIL=
48065 NIL=
48074 NIL=
48092 32459 33201 10345 20239 40062 83100 333 56900 59006=
48093 32558 12301 10346 20240 81100 333 56300=
48107 32350 40901 10337 20257 40075 84900 333 56200 59002=
48096 32559 40404 10340 20240 40087 84900 333 56900 59007=  48001 32440 13601 10247 20205 40141 81100 333 56500 58018=
48004 32563 10401 10261 20179 81100 333 56900=
48008 32558 10401 10280 20158 40131 81100 333 56400 59006=
48010 32060 00000 10285 20203 40130 333 58003=
48018 32559 31401 10305 20166 40124 82840 333 56330 59005=
48019 32960 00402 10293 20179 40112 333 59012=
48020 32460 13603 10280 20203 81200 333 56500=
48025 32456 13201 10280 20184 40131 81100 333 56900 59005=
48035 32560 12702 10268 20133 40094 81100 333 56900 59008=
48037 32562 13602 10312 20189 40110 81100 333 56500 58006=
48042 32559 13601 10310 20189 40116 81200 333 56900 58009=
48045 31450 61403 10188 20175 70144 86800 333 56300=
48048 32562 20401 10330 20191 40118 82800 333 56500 58002=
48053 32456 23603 10320 20184 40104 82500 333 56900 59001=
48060 32450 10000 10282 20146 40107 81100 333 56500 59018=
48030 32960 02204 10217 20065 333=
48057 32458 32201 10254 20150 83800 333 56500=
48031 32356 32201 10225 20156 83800 333 56400=
48033 32963 03601 10300 20185 40121 333 58009=
48034 32456 21801 10265 20135 82500 333 56500=
48039 32460 10000 10313 20203 81100 333 56500=
48043 32657 13205 10260 20179 81200 333 56600=
48052 32958 00401 10344 20225 70211 80000 333 56000=
48055 32557 13603 10272 20172 40091 81100 333 56500 58010=
48064 32960 01801 10307 20225 40090 70000 80000 333 56000 59022=
48065 32958 03201 10330 20212 70200 80000 333 56000=
48074 32959 03202 10330 20212 40089 333 59003=  