210000 48030 31/03 92201 10070 20070 74244 89/// 333 20056 56999=
210000 48051 32956 00000 10221 20210 333 20218 48062 32440 30401 10225 20220 40125 74244 83800 333 20210 56900 58002=
210000 48071 32950 03201 10240 20226 40119 333 20223 59005=
210000 48075 32456 20000 10160 20144 40171 82500 333 20150 56500 58007=
210000 48077 32956 00000 10234 20214 40115 333 20214 59014=
210000 48080 32456 20000 10220 20205 40114 81140 333 20200 56990 59008=
210000 48085 31956 21401 10218 20205 40116 80036 333 20216 56099 58002=
210000 48087 32950 20000 10230 20214 80041 333 20210 56099=
210000 48092 31557 13201 10225 20210 40098 70511 81400 333 20210 56900 59001=
210000 48093 32940 01401 10239 20226 333 20236=
210000 48094 32456 20000 10240 20210 40121 82500 333 20215 56900 58007=
210000 48096 32057 03204 10240 20226 40127 333 20220 58003=  
210000 48097 32557 20401 10235 20212 40120 82500 333 20218 56900 59011=
210000 48099 31340 22701 10246 20233 40111 70244 82800 333 20233 56900 58008=
210000 48103 31430 23202 10245 20226 40113 71011 82500 333 20240 56700 58003=
210000 48107 21330 40901 10238 20226 40110 74144 82806 333 20230 56209 59009=
210000 48108 31495 50000 10230 20222 40110 71022 83306 333 20220 56909 58007=
210000 48112 32598 60403 10260 20246 40100 82216 333 20205 56199 58000=
