21-OCT-2015 00 48051 3 2 5 58 3 13 01 10 237 20 230 3 0000 4 0000 5 0000 6 000 0 7 00 0 0 8 3 5 0 0 333 20 233 58 000 6 000 0 7 0000 
21-OCT-2015 00 48057 3 2 9 56 1 00 00 10 144 20 144 3 0000 4 0000 5 0000 6 000 0 7 10 1 1 8 0 0 0 1 333 20 140 58 000 6 000 0 7 0000 
21-OCT-2015 00 48071 3 2 4 56 1 00 00 10 245 20 233 3 0000 4 0101 5 0000 6 000 0 7 00 0 0 8 1 8 0 0 333 20 235 58 001 6 000 0 7 0000 
21-OCT-2015 00 48075 3 2 4 56 2 00 00 10 160 20 134 3 0000 4 0141 5 0000 6 000 0 7 00 0 0 8 2 5 0 0 333 20 152 59 021 6 000 0 7 0000 
21-OCT-2015 00 48077 3 2 5 56 3 00 00 10 250 20 233 3 0000 4 0087 5 0000 6 000 0 7 00 0 0 8 2 2 0 1 333 20 236 59 003 6 000 0 7 0000 
21-OCT-2015 00 48078 3 2 9 56 1 00 00 10 226 20 210 3 0000 4 0109 5 0000 6 000 0 7 00 0 0 8 0 0 0 1 333 20 215 58 004 6 000 0 7 0000 
21-OCT-2015 00 48080 3 1 4 30 5 00 00 10 225 20 214 3 0000 4 0095 5 0000 6 000 0 7 40 4 4 8 3 8 3 0 333 20 215 59 005 6 000 0 7 0000 
21-OCT-2015 00 48085 3 1 9 50 0 14 01 10 222 20 220 3 0000 4 0097 5 0000 6 000 0 7 40 4 4 8 0 0 0 0 333 20 220 58 000 6 000 0 7 0000 
21-OCT-2015 00 48087 3 2 9 50 3 00 00 10 256 20 246 3 0000 4 0000 5 0000 6 000 0 7 00 0 0 8 0 0 4 1 333 20 242 58 000 6 000 0 7 0000 
21-OCT-2015 00 48092 2 1 5 56 4 32 01 10 250 20 250 3 0000 4 0074 5 0000 6 000 0 7 05 2 2 8 2 3 3 1 333 20 245 59 001 6 000 0 7 0000 
21-OCT-2015 00 48093 3 2 5 50 8 14 01 10 262 20 260 3 0000 4 0000 5 0000 6 000 0 7 00 0 0 8 6 8 7 0 333 20 257 58 000 6 000 0 7 0000 
21-OCT-2015 00 48094 3 2 4 56 2 00 00 10 240 20 230 3 0000 4 0094 5 0000 6 000 0 7 00 0 0 8 2 5 0 0 333 20 175 59 007 6 000 0 7 0000 
21-OCT-2015 00 48096 2 1 4 50 2 31 02 10 250 20 233 3 0000 4 0095 5 0000 6 000 0 7 10 2 2 8 2 6 0 0 333 20 240 59 003 6 000 0 7 0000 
21-OCT-2015 00 48097 2 2 5 57 2 18 01 10 250 20 242 3 0000 4 0098 5 0000 6 000 0 7 10 1 1 8 1 8 0 1 333 20 234 59 005 6 000 0 7 0000 
21-OCT-2015 00 48099 3 1 3 30 7 00 00 10 260 20 246 3 0000 4 0092 5 0000 6 000 0 7 40 4 4 8 5 9 7 0 333 20 250 58 007 6 000 0 7 0000 
21-OCT-2015 00 48103 2 2 3 30 5 04 01 10 258 20 246 3 0000 4 0096 5 0000 6 000 0 7 00 0 0 8 4 7 3 0 333 20 254 59 004 6 000 0 7 0000 
21-OCT-2015 00 48107 3 2 3 30 4 00 00 10 248 20 233 3 0000 4 0099 5 0000 6 000 0 7 00 0 0 8 4 9 0 0 333 20 242 59 002 6 000 0 7 0000 
21-OCT-2015 00 48108 3 1 5 95 6 14 01 10 240 20 233 3 0000 4 0100 5 0000 6 000 0 7 10 2 2 8 4 3 0 6 333 20 230 58 002 6 000 0 7 0000 
21-OCT-2015 00 48109 3 1 4 96 3 00 00 10 256 20 246 3 0000 4 0108 5 0000 6 000 0 7 10 2 2 8 2 9 0 1 333 20 202 59 001 6 000 0 7 0000 
21-OCT-2015 00 48110 2 1 5 95 8 13 01 10 250 20 250 3 0000 4 0103 5 0000 6 000 0 7 05 2 2 8 3 3 0 6 333 20 250 58 002 6 032 2 7 0000 
21-OCT-2015 00 48112 3 2 5 97 8 04 03 10 262 20 246 3 0000 4 0100 5 0000 6 000 0 7 00 0 0 8 3 8 7 6 333 20 209 58 000 6 000 0 7 0000 
