48001 32440 41401 10232 20214 40135 83850 333 56760 58002=
48004 31563 10401 10252 20205 70144 81100 333 56900=
48008 32557 30401 10245 20219 40121 82430 333 56690 59004=
48010 32556 20000 10265 20229 40127 81130 333 56550 59004=
48018 32560 11401 10260 20229 40127 81200 333 56900 59002=
48019 32960 01801 10270 20191 40119 333 58000=
48020 31357 50403 10265 20243 70144 85800 333 56500=
48025 31110 53601 10270 20240 40122 74044 85600 333 56600 59004=
48035 31558 00401 10209 20175 40126 70144 333 58000=
48037 32957 03601 10267 20256 40112 333 59003=
48042 32557 10401 10273 20226 40114 81400 333 56900 58004=
48045 32557 22203 10224 20156 82100 333 56500=
48048 32560 22201 10295 20239 40118 82800 333 56900 58000=
48051 NIL=
48053 32956 01801 10280 20220 40119 333 58012=
48060 32350 10000 10220 20173 40111 81100 333 56300 58001=
48062 NIL=
48071 NIL=
48075 NIL=
48077 NIL=
48078 NIL=
48080 NIL=
48085 NIL=
48095 NIL=
48108 NIL=
48109 NIL=
48110 NIL=
48112 NIL=
48030 21/05 92201 10142 20142 74344 89/// 333 56999=
48072 NIL=
48087 NIL=
48099 NIL=
48101 32959 02701 10298 20253 333=
48103 NIL=
48057 32458 11402 10220 20173 81500 333 56400=
48094 NIL=
48097 NIL=
48031 32260 33601 10205 20168 83800 333 56400=
48033 32962 03601 10280 20233 40123 333 59003=
48034 32956 00402 10218 20173 333=
48039 32958 20000 10276 20233 80002 333 56009=
48043 32058 00501 10215 20173 333=
48052 32960 00000 10296 20239 333=
48055 32556 12102 10224 20181 40126 81100 333 56500 58003=
48064 32956 00401 10258 20246 40104 333 59011=
48065 32958 00000 10282 20233 333=
48074 32959 03203 10260 20215 40134 333 58002=
48092 NIL=
48093 NIL=
48107 NIL=
48096 NIL=  48051 32458 43102 10260 20250 84500 333 56800=
48062 32456 30902 10280 20250 40121 83800 333 56900 58003=
48071 32458 43202 10290 20259 40119 84900 333 56600 58001=
48075 32957 00000 10230 20198 40142 333 58015=
48077 32959 10000 10284 20250 40110 80001 333 56009 58003=
48078 32559 23201 10272 20211 40122 81201 333 56909 58003=
48080 32560 11302 10285 20248 40115 81100 333 56900 58002=
48085 32457 13202 10284 20268 40116 81100 333 56800 58003=
48095 32960 00000 10295 20259 333=
48108 32596 63203 10300 20253 40118 84306 333 56709 58002=
48109 32497 40000 10300 20253 40125 84900 333 56900 58001=
48110 21595 63202 10305 20274 40116 70522 84306 333 56109 58002=
48112 32597 80403 10290 20259 40118 83876 333 56199 58000=
48072 32460 41302 10305 20254 83830 333 56590=
48087 32960 00000 10308 20267 333=
48099 32450 42702 10300 20253 40113 84900 333 56900 58005=
48103 22450 42203 10302 20253 40117 84800 333 56500 58006=
48097 21557 53303 10295 20250 40119 70522 85800 333 56900 59005=
48092 22458 10401 10310 20254 40096 81100 333 56900 58003=
48093 32658 61401 10301 20266 84841 333 56399=
48107 32950 01301 10298 20239 40114 333 58006=
48096 22558 33202 10310 20254 40122 83300 333 56900 58003=  