210900 48001 32440 20401 10300 20282 40074 82800 333 56500 59002=
210900 48004 32562 22201 10327 20244 82800 333 56900=
210900 48008 32958 00000 10320 20215 40083 333 58011=
210900 48010 32558 40000 10325 20236 40077 83830 333 56550 58001=
210900 48018 32560 41401 10325 20236 40099 82462 333 56566 58018=
210900 48019 32462 12302 10340 20240 40079 81200 333 56700 58000=
210900 48020 32462 33603 10300 20258 83200 333 56500=
210900 48025 32458 20401 10330 20244 40085 82800 333 56900 58010=
210900 48035 32560 13202 10306 20189 40053 81200 333 56900 58007=
210900 48037 32460 53201 10338 20240 40086 85300 333 56200 58022=
210900 48042 32557 23201 10333 20212 40069 82200 333 56900 59005=
210900 48045 32457 52204 10252 20205 84330 333 56560=
210900 48048 32560 20901 10345 20257 40069 82800 333 56900 58001=
210900 48051 32559 10401 10328 20260 81200 333 56900=
210900 48053 32558 33602 10330 20212 40078 83800 333 56800 58009=
210900 48060 32356 22701 10322 20184 40021 82100 333 56200 59011=
210900 48062 32457 32703 10330 20290 40083 83900 333 56900 59012=
210900 48071 32960 03204 10315 20245 40081 333 58002=
210900 48075 32558 21401 10310 20169 40073 82100 333 56500 58021=
210900 48077 32559 40000 10330 20244 40073 84800 333 56900 58016=
210900 48078 32560 30901 10333 20250 40079 82801 333 56809 58010=
210900 48080 32961 02206 10323 20248 40076 333 58002=
210900 48085 32458 23203 10312 20254 40080 82800 333 56900 58008=
210900 48095 32560 30000 10334 20258 83800 333 56900=
210900 48108 32596 62305 10330 20258 40075 84306 333 56609 58008=
210900 48109 32497 30000 10324 20265 40087 83800 333 56900 58009=
210900 48110 31596 73202 10330 20258 40086 70522 83356 333 56999 58013=
210900 48112 32597 80903 10331 20275 40080 83876 333 56299 58006=
210900 48030 32256 60401 10218 20185 85940 333 56180=
210900 48072 32460 12704 10320 20265 81200 333 56900=
210900 48087 32560 20000 10346 20280 82800 333 56900=
210900 48099 32558 23202 10345 20257 40065 82800 333 56900 58007=
210900 48101 32660 33201 10345 20240 83200 333 56100=
210900 48103 32456 32203 10337 20257 40068 83800 333 56500 58008=
210900 48057 32458 42203 10260 20160 84300 333 56400=
210900 48094 32459 33202 10340 20265 40077 83900 333 56900 58009=
210900 48097 32557 51302 10320 20248 40082 84330 333 56190 59004=
210900 48031 32260 61801 10235 20136 86800 333 56400=
210900 48033 32963 00000 10330 20275 40076 333 58010=
210900 48034 21456 60401 10232 20198 75055 86300 333 56500=
210900 48039 32460 20401 10325 20191 82100 333 56600=
210900 48043 32658 23205 10260 20203 82300 333 56900=
210900 48052 32458 20000 10380 20375 82200 333 56900=
210900 48055 32557 32304 10308 20196 40045 83800 333 56500 58005=
210900 48064 32958 00000 10340 20257 40062 333 59001=
210900 48065 32960 02201 10350 20237 333=
210900 48074 32561 32302 10340 20240 40077 83800 333 56900 58009=
210900 48092 32459 43201 10345 20240 40051 70122 84200 333 56900 58005=
210900 48093 32558 31401 10340 20270 83100 333 56300=
210900 48107 32350 42701 10328 20244 40076 84900 333 56600 59010=
210900 48096 32559 13304 10330 20244 40075 81200 333 56800 58005=  
