21-SEP-2015 12 48001 2 1 2 20 8 27 01 10 243 20 240 3 0000 4 0044 5 0000 6 000 0 7 51 6 6 8 8 7 / / 333 10 270 59 043 6 004 2 7 0000 
21-SEP-2015 12 48008 2 1 4 40 8 23 02 10 260 20 246 3 0000 4 0059 5 0000 6 000 0 7 50 5 5 8 5 9 7 / 333 10 310 59 023 6 002 2 7 0000 
21-SEP-2015 12 48010 2 2 5 40 7 18 01 10 280 20 268 3 0000 4 0045 5 0000 6 000 0 7 00 0 0 8 4 7 7 0 333 10 300 59 018 6 990 2 7 0000 
21-SEP-2015 12 48018 3 2 5 56 5 23 01 10 305 20 253 3 0000 4 0047 5 0000 6 000 0 7 00 0 0 8 3 8 3 0 333 10 325 58 000 6 000 0 7 0000 
21-SEP-2015 12 48019 2 2 4 40 7 00 00 10 280 20 268 3 0000 4 0052 5 0000 6 000 0 7 00 0 0 8 5 7 6 0 333 10 310 59 025 6 006 2 7 0000 
21-SEP-2015 12 48025 3 2 4 58 6 00 00 10 320 20 281 3 0000 4 0043 5 0000 6 000 0 7 00 0 0 8 4 8 4 0 333 10 325 59 025 6 000 2 7 0000 
21-SEP-2015 12 48033 3 2 5 62 3 18 01 10 320 20 265 3 0000 4 0050 5 0000 6 000 0 7 00 0 0 8 3 9 0 0 333 10 350 59 011 6 000 2 7 0000 
21-SEP-2015 12 48035 3 1 5 57 6 00 00 10 262 20 229 3 0000 4 0033 5 0000 6 000 0 7 05 2 2 8 4 9 6 0 333 10 308 59 033 6 000 2 7 0000 
21-SEP-2015 12 48037 3 2 5 58 5 18 01 10 321 20 248 3 0000 4 0058 5 0000 6 000 0 7 00 0 0 8 3 1 3 9 333 10 346 59 012 6 000 2 7 0000 
21-SEP-2015 12 48042 2 2 5 58 7 00 00 10 324 20 265 3 0000 4 0041 5 0000 6 000 0 7 00 0 0 8 5 9 5 0 333 10 345 59 019 6 002 2 7 0000 
21-SEP-2015 12 48048 3 2 5 50 4 22 01 10 312 20 237 3 0000 4 0050 5 0000 6 000 0 7 00 0 0 8 4 8 0 0 333 10 345 59 018 6 000 2 7 0000 
21-SEP-2015 12 48053 2 1 4 56 6 18 01 10 280 20 250 3 0000 4 0072 5 0000 6 000 0 7 01 9 5 8 3 9 5 6 333 10 330 58 006 6 001 2 7 0000 
21-SEP-2015 12 48055 3 2 5 56 5 00 00 10 266 20 235 3 0000 4 0047 5 0000 6 000 0 7 00 0 0 8 4 9 3 0 333 10 311 59 014 6 000 2 7 0000 
21-SEP-2015 12 48060 3 2 4 60 6 22 02 10 272 20 191 3 0000 4 0034 5 0000 6 000 0 7 00 0 0 8 3 6 3 2 333 10 315 59 023 6 000 2 7 0000 
21-SEP-2015 12 48062 2 2 4 56 8 18 03 10 290 20 260 3 0000 4 0065 5 0000 6 000 0 7 00 0 0 8 6 9 7 0 333 10 310 59 003 6 003 2 7 0000 
21-SEP-2015 12 48064 2 2 4 50 5 04 01 10 270 20 256 3 0000 4 0043 5 0000 6 000 0 7 00 0 0 8 3 8 3 1 333 10 330 59 018 6 013 2 7 0000 
21-SEP-2015 12 48071 2 2 4 56 8 00 00 10 265 20 265 3 0000 4 0075 5 0000 6 000 0 7 00 0 0 8 5 9 7 / 333 10 275 58 002 6 056 2 7 0000 
21-SEP-2015 12 48074 3 2 4 56 8 00 00 10 290 20 259 3 0000 4 0086 5 0000 6 000 0 7 00 0 0 8 6 9 2 / 333 10 338 58 004 6 000 2 7 0000 
21-SEP-2015 12 48075 3 2 4 56 5 00 00 10 270 20 226 3 0000 4 0073 5 0000 6 000 0 7 00 0 0 8 3 8 0 5 333 10 300 59 007 6 000 2 7 0000 
21-SEP-2015 12 48077 3 2 5 56 5 00 00 10 300 20 253 3 0000 4 0060 5 0000 6 000 0 7 00 0 0 8 3 9 3 1 333 10 322 59 017 6 000 2 7 0000 
21-SEP-2015 12 48078 2 1 5 50 6 18 01 10 301 20 260 3 0000 4 0075 5 0000 6 000 0 7 03 5 5 8 4 3 3 1 333 10 330 59 011 6 990 2 7 0000 
21-SEP-2015 12 48080 3 2 4 57 6 22 01 10 292 20 259 3 0000 4 0077 5 0000 6 000 0 7 00 0 0 8 4 8 7 0 333 10 330 59 007 6 000 2 7 0000 
21-SEP-2015 12 48085 3 2 4 57 4 00 00 10 282 20 268 3 0000 4 0078 5 0000 6 000 0 7 00 0 0 8 3 8 3 0 333 10 295 59 007 6 000 2 7 0000 
21-SEP-2015 12 48092 3 2 4 56 7 00 00 10 300 20 266 3 0000 4 0055 5 0000 6 000 0 7 00 0 0 8 4 3 5 6 333 10 325 59 009 6 000 2 7 0000 
21-SEP-2015 12 48096 3 2 4 57 8 18 04 10 280 20 268 3 0000 4 0085 5 0000 6 000 0 7 00 0 0 8 3 9 0 1 333 10 330 59 005 6 000 2 7 0000 
21-SEP-2015 12 48097 3 1 5 57 6 23 02 10 280 20 265 3 0000 4 0093 5 0000 6 000 0 7 02 9 9 8 4 3 3 0 333 10 335 59 007 6 000 2 7 0000 
21-SEP-2015 12 48099 3 2 4 50 6 00 00 10 295 20 253 3 0000 4 0072 5 0000 6 000 0 7 00 0 0 8 4 8 3 0 333 10 335 59 008 6 000 2 7 0000 
21-SEP-2015 12 48103 3 2 4 30 6 22 01 10 290 20 226 3 0000 4 0074 5 0000 6 000 0 7 00 0 0 8 4 9 0 5 333 10 341 59 013 6 000 2 7 0000 
21-SEP-2015 12 48107 3 2 3 30 5 00 00 10 293 20 248 3 0000 4 0082 5 0000 6 000 0 7 00 0 0 8 3 9 0 6 333 10 336 59 005 6 000 2 7 0000 
21-SEP-2015 12 48108 3 2 5 95 6 32 01 10 290 20 259 3 0000 4 0083 5 0000 6 000 0 7 00 0 0 8 3 3 0 6 333 10 333 59 007 6 000 2 7 0000 
21-SEP-2015 12 48109 3 2 4 96 5 00 00 10 300 20 266 3 0000 4 0085 5 0000 6 000 0 7 00 0 0 8 5 9 0 0 333 10 320 59 004 6 000 2 7 0000 
21-SEP-2015 12 48110 3 2 5 95 8 32 05 10 290 20 248 3 0000 4 0083 5 0000 6 000 0 7 00 0 0 8 2 3 5 7 333 10 320 59 008 6 000 2 7 0000 
21-SEP-2015 12 48112 3 1 5 97 8 32 03 10 290 20 248 3 0000 4 0082 5 0000 6 000 0 7 05 2 2 8 3 8 4 6 333 10 325 59 005 6 000 2 7 0000 
