21-SEP-2015 06 48001 2 1 2 20 8 00 00 10 250 20 233 3 0000 4 0077 5 0000 6 000 0 7 00 0 0 8 4 7 7 / 333 10 /// 59 026 6 000 0 7 0000 
21-SEP-2015 06 48004 3 2 3 56 7 04 01 10 271 20 271 3 0000 4 0000 5 0000 6 000 0 7 00 0 0 8 7 9 0 0 333 10 /// 58 000 6 000 0 7 0000 
21-SEP-2015 06 48008 3 2 5 57 7 00 00 10 293 20 259 3 0000 4 0084 5 0000 6 000 0 7 00 0 0 8 4 9 7 0 333 10 /// 59 032 6 000 0 7 0000 
21-SEP-2015 06 48018 3 2 5 58 7 23 01 10 300 20 253 3 0000 4 0086 5 0000 6 000 0 7 00 0 0 8 4 8 7 0 333 10 /// 59 032 6 000 0 7 0000 
21-SEP-2015 06 48019 3 1 4 57 7 00 00 10 295 20 248 3 0000 4 0079 5 0000 6 000 0 7 51 2 2 8 5 7 6 0 333 10 /// 59 029 6 000 0 7 0000 
21-SEP-2015 06 48025 3 2 4 56 5 36 01 10 308 20 254 3 0000 4 0077 5 0000 6 000 0 7 00 0 0 8 4 8 4 0 333 10 /// 59 028 6 000 0 7 0000 
21-SEP-2015 06 48030 3 2 3 57 5 22 02 10 206 20 160 3 0000 4 0000 5 0000 6 000 0 7 00 0 0 8 4 8 4 0 333 10 /// 58 000 6 000 0 7 0000 
21-SEP-2015 06 48031 3 2 2 58 8 14 01 10 225 20 195 3 0000 4 0000 5 0000 6 000 0 7 00 0 0 8 8 8 / / 333 10 /// 58 000 6 000 0 7 0000 
21-SEP-2015 06 48033 3 2 3 56 4 18 01 10 330 20 258 3 0000 4 0078 5 0000 6 000 0 7 00 0 0 8 5 9 0 0 333 10 /// 59 022 6 000 0 7 0000 
21-SEP-2015 06 48034 3 2 4 56 8 23 02 10 245 20 207 3 0000 4 0000 5 0000 6 000 0 7 00 0 0 8 6 3 7 / 333 10 /// 58 000 6 000 0 7 0000 
21-SEP-2015 06 48035 3 1 5 58 8 27 02 10 282 20 220 3 0000 4 0055 5 0000 6 000 0 7 05 2 2 8 5 9 7 / 333 10 /// 59 041 6 000 0 7 0000 
21-SEP-2015 06 48037 3 2 5 59 7 18 02 10 319 20 248 3 0000 4 0080 5 0000 6 000 0 7 00 0 0 8 2 3 7 0 333 10 /// 59 021 6 000 0 7 0000 
21-SEP-2015 06 48039 3 2 4 60 7 14 01 10 328 20 244 3 0000 4 0000 5 0000 6 000 0 7 00 0 0 8 4 9 6 0 333 10 /// 58 000 6 000 0 7 0000 
21-SEP-2015 06 48042 3 2 5 57 7 18 04 10 338 20 240 3 0000 4 0077 5 0000 6 000 0 7 00 0 0 8 4 8 5 0 333 10 /// 59 021 6 000 0 7 0000 
21-SEP-2015 06 48043 3 2 5 57 7 05 08 10 260 20 215 3 0000 4 0000 5 0000 6 000 0 7 00 0 0 8 5 8 7 / 333 10 /// 58 000 6 000 0 7 0000 
21-SEP-2015 06 48045 3 1 1 40 6 23 07 10 234 20 198 3 0000 4 0000 5 0000 6 000 0 7 41 5 4 8 6 3 0 0 333 10 /// 58 000 6 000 0 7 0000 
21-SEP-2015 06 48048 3 2 5 60 5 18 01 10 312 20 267 3 0000 4 0084 5 0000 6 000 0 7 00 0 0 8 4 8 5 0 333 10 /// 59 024 6 000 0 7 0000 
21-SEP-2015 06 48051 2 1 4 56 8 31 01 10 276 20 270 3 0000 4 0000 5 0000 6 000 0 7 20 6 6 8 6 9 2 0 333 10 /// 58 000 6 000 0 7 0000 
21-SEP-2015 06 48052 3 2 4 68 4 13 01 10 322 20 265 3 0000 4 0000 5 0000 6 000 0 7 00 0 0 8 4 8 0 0 333 10 /// 58 000 6 000 0 7 0000 
21-SEP-2015 06 48053 3 2 4 56 6 18 03 10 320 20 248 3 0000 4 0091 5 0000 6 000 0 7 00 0 0 8 3 9 5 6 333 10 /// 59 012 6 000 0 7 0000 
21-SEP-2015 06 48055 3 2 5 56 5 18 03 10 293 20 215 3 0000 4 0059 5 0000 6 000 0 7 00 0 0 8 5 3 0 0 333 10 /// 59 033 6 000 0 7 0000 
21-SEP-2015 06 48057 3 2 4 60 5 23 02 10 250 20 205 3 0000 4 0000 5 0000 6 000 0 7 00 0 0 8 4 3 3 0 333 10 /// 58 000 6 000 0 7 0000 
21-SEP-2015 06 48060 3 2 4 50 6 32 01 10 306 20 203 3 0000 4 0058 5 0000 6 000 0 7 00 0 0 8 3 8 7 0 333 10 /// 59 026 6 000 0 7 0000 
21-SEP-2015 06 48062 3 2 4 57 7 18 04 10 305 20 280 3 0000 4 0091 5 0000 6 000 0 7 00 0 0 8 5 9 7 0 333 10 /// 58 000 6 000 0 7 0000 
21-SEP-2015 06 48064 3 2 4 60 6 04 01 10 328 20 291 3 0000 4 0071 5 0000 6 000 0 7 00 0 0 8 4 8 3 1 333 10 /// 59 006 6 000 0 7 0000 
21-SEP-2015 06 48065 3 2 4 56 8 00 00 10 320 20 265 3 0000 4 0000 5 0000 6 000 0 7 00 0 0 8 5 3 7 0 333 10 /// 58 000 6 000 0 7 0000 
21-SEP-2015 06 48071 2 1 4 58 8 23 01 10 265 20 265 3 0000 4 0100 5 0000 6 000 0 7 29 9 2 8 6 9 2 / 333 10 /// 58 002 6 000 0 7 0000 
21-SEP-2015 06 48072 3 2 4 60 6 27 04 10 310 20 267 3 0000 4 0000 5 0000 6 000 0 7 03 2 2 8 4 8 3 0 333 10 /// 58 000 6 000 0 7 0000 
21-SEP-2015 06 48074 3 2 4 59 7 23 04 10 310 20 267 3 0000 4 0102 5 0000 6 000 0 7 00 0 0 8 4 8 6 0 333 10 /// 59 016 6 000 0 7 0000 
21-SEP-2015 06 48075 3 2 4 58 7 22 01 10 290 20 215 3 0000 4 0088 5 0000 6 000 0 7 00 0 0 8 5 8 5 0 333 10 /// 59 017 6 000 0 7 0000 
21-SEP-2015 06 48077 3 2 5 59 5 23 01 10 320 20 265 3 0000 4 0092 5 0000 6 000 0 7 00 0 0 8 3 9 3 1 333 10 /// 59 012 6 000 0 7 0000 
21-SEP-2015 06 48078 3 2 5 58 4 18 01 10 318 20 265 3 0000 4 0100 5 0000 6 000 0 7 00 0 0 8 3 8 0 1 333 10 /// 59 020 6 000 0 7 0000 
21-SEP-2015 06 48080 3 2 4 61 5 22 04 10 320 20 265 3 0000 4 0100 5 0000 6 000 0 7 00 0 0 8 3 8 3 0 333 10 /// 59 010 6 000 0 7 0000 
21-SEP-2015 06 48085 3 2 3 58 7 27 01 10 292 20 259 3 0000 4 0103 5 0000 6 000 0 7 00 0 0 8 5 9 7 6 333 10 /// 59 001 6 000 0 7 0000 
21-SEP-2015 06 48087 3 2 4 58 6 23 03 10 314 20 254 3 0000 4 0000 5 0000 6 000 0 7 00 0 0 8 4 3 7 0 333 10 /// 58 000 6 000 0 7 0000 
21-SEP-2015 06 48092 3 1 4 57 6 23 02 10 315 20 251 3 0000 4 0087 5 0000 6 000 0 7 05 2 2 8 4 2 3 0 333 10 /// 59 007 6 000 0 7 0000 
21-SEP-2015 06 48093 3 2 5 58 6 23 01 10 325 20 258 3 0000 4 0000 5 0000 6 000 0 7 00 0 0 8 4 8 4 1 333 10 /// 58 000 6 000 0 7 0000 
21-SEP-2015 06 48094 2 1 4 59 7 22 01 10 285 20 275 3 0000 4 0103 5 0000 6 000 0 7 21 6 6 8 4 9 7 0 333 10 /// 59 002 6 000 0 7 0000 
21-SEP-2015 06 48095 3 2 4 60 5 18 02 10 320 20 292 3 0000 4 0000 5 0000 6 000 0 7 00 0 0 8 2 8 4 0 333 10 /// 58 000 6 000 0 7 0000 
21-SEP-2015 06 48096 3 2 4 58 4 27 04 10 310 20 259 3 0000 4 0108 5 0000 6 000 0 7 00 0 0 8 4 9 0 0 333 10 /// 59 009 6 000 0 7 0000 
21-SEP-2015 06 48097 3 2 5 57 5 24 02 10 325 20 246 3 0000 4 0111 5 0000 6 000 0 7 02 2 2 8 4 5 3 0 333 10 /// 59 013 6 000 0 7 0000 
21-SEP-2015 06 48101 2 1 5 58 6 23 01 10 296 20 253 3 0000 4 0000 5 0000 6 000 0 7 03 6 5 8 4 3 3 0 333 10 /// 58 000 6 000 0 7 0000 
21-SEP-2015 06 48103 3 2 4 57 6 22 02 10 331 20 258 3 0000 4 0103 5 0000 6 000 0 7 00 0 0 8 5 9 0 2 333 10 /// 59 012 6 000 0 7 0000 
21-SEP-2015 06 48107 3 2 3 50 3 23 01 10 320 20 248 3 0000 4 0097 5 0000 6 000 0 7 00 0 0 8 3 9 0 0 333 10 /// 59 009 6 000 0 7 0000 
21-SEP-2015 06 48108 3 2 5 96 5 32 02 10 330 20 258 3 0000 4 0098 5 0000 6 000 0 7 00 0 0 8 3 3 0 6 333 10 /// 59 015 6 000 0 7 0000 
21-SEP-2015 06 48110 3 1 5 95 4 36 05 10 320 20 265 3 0000 4 0107 5 0000 6 000 0 7 05 2 2 8 1 3 3 6 333 10 /// 59 007 6 000 0 7 0000 
21-SEP-2015 06 48112 3 2 5 97 8 32 05 10 312 20 254 3 0000 4 0103 5 0000 6 000 0 7 00 0 0 8 3 8 7 6 333 10 /// 59 010 6 000 0 7 0000 
