22-APR-2015 12 48008 2 2 5 56 8 00 00 10 273 20 226 3 0000 4 0065 5 0000 6 000 0 7 00 0 0 8 4 9 7 / 333 10 290 58 006 6 990 2 7 0000 
22-APR-2015 12 48010 2 1 4 40 6 36 01 10 260 20 229 3 0000 4 0048 5 0000 6 000 0 7 03 6 5 8 4 7 3 0 333 10 295 58 002 6 002 2 7 0000 
22-APR-2015 12 48018 3 2 5 58 3 14 01 10 300 20 167 3 0000 4 0067 5 0000 6 000 0 7 00 0 0 8 2 8 1 0 333 10 310 59 003 6 000 0 7 0000 
22-APR-2015 12 48019 3 2 9 56 0 00 00 10 300 20 239 3 0000 4 0053 5 0000 6 000 0 7 00 0 0 8 0 0 0 0 333 10 300 59 004 6 000 0 7 0000 
22-APR-2015 12 48025 2 1 4 58 5 00 00 10 298 20 223 3 0000 4 0051 5 0000 6 000 0 7 00 0 0 8 3 8 4 1 333 10 365 58 000 6 003 2 7 0000 
22-APR-2015 12 48033 3 2 5 62 7 23 01 10 350 20 219 3 0000 4 0051 5 0000 6 000 0 7 00 0 0 8 5 9 7 0 333 10 382 59 010 6 000 0 7 0000 
22-APR-2015 12 48034 3 2 4 56 6 00 00 10 255 20 173 3 0000 4 0000 5 0000 6 000 0 7 00 0 0 8 6 3 0 0 333 10 272 58 000 6 000 0 7 0000 
22-APR-2015 12 48035 3 1 5 50 3 00 00 10 267 20 211 3 0000 4 0054 5 0000 6 000 0 7 05 2 2 8 3 8 0 0 333 10 285 59 045 6 001 2 7 0000 
22-APR-2015 12 48037 3 2 5 56 5 36 01 10 320 20 200 3 0000 4 0041 5 0000 6 000 0 7 00 0 0 8 3 8 1 0 333 10 377 58 004 6 000 0 7 0000 
22-APR-2015 12 48039 3 2 4 59 7 00 00 10 340 20 225 3 0000 4 0000 5 0000 6 000 0 7 00 0 0 8 4 8 5 0 333 10 366 58 000 6 000 0 7 0000 
22-APR-2015 12 48042 3 2 5 58 5 13 01 10 358 20 235 3 0000 4 0040 5 0000 6 000 0 7 00 0 0 8 3 9 5 0 333 10 383 59 008 6 000 0 7 0000 
22-APR-2015 12 48043 3 2 0 30 0 00 00 10 270 20 256 3 0000 4 0000 5 0000 6 000 0 7 00 0 0 8 0 0 0 0 333 10 305 58 000 6 000 0 7 0000 
22-APR-2015 12 48045 3 1 5 57 4 18 09 10 240 20 114 3 0000 4 0000 5 0000 6 000 0 7 01 9 9 8 2 6 4 0 333 10 291 58 000 6 000 0 7 0000 
22-APR-2015 12 48048 3 1 5 50 5 04 01 10 296 20 185 3 0000 4 0060 5 0000 6 000 0 7 29 9 5 8 4 8 5 0 333 10 395 58 017 6 990 2 7 0000 
22-APR-2015 12 48051 3 2 5 59 4 09 02 10 318 20 260 3 0000 4 0000 5 0000 6 000 0 7 00 0 0 8 1 9 3 0 333 10 350 58 000 6 000 0 7 0000 
22-APR-2015 12 48052 3 2 4 56 2 04 01 10 310 20 189 3 0000 4 0000 5 0000 6 000 0 7 00 0 0 8 2 2 0 0 333 10 306 58 000 6 000 0 7 0000 
22-APR-2015 12 48053 3 2 5 56 7 18 05 10 370 20 274 3 0000 4 0047 5 0000 6 000 0 7 00 0 0 8 5 9 5 0 333 10 395 58 025 6 000 0 7 0000 
22-APR-2015 12 48055 3 1 5 56 3 07 03 10 265 20 176 3 0000 4 0054 5 0000 6 000 0 7 02 5 5 8 2 5 3 0 333 10 295 58 025 6 990 2 7 0000 
22-APR-2015 12 48060 2 2 4 30 5 00 00 10 218 20 185 3 0000 4 0113 5 0000 6 000 0 7 00 0 0 8 3 8 4 0 333 10 300 58 066 6 013 2 7 0000 
22-APR-2015 12 48062 3 1 4 56 7 18 02 10 310 20 280 3 0000 4 0077 5 0000 6 000 0 7 02 2 2 8 5 9 7 0 333 10 327 58 004 6 000 0 7 0000 
22-APR-2015 12 48064 3 2 5 50 1 36 01 10 365 20 235 3 0000 4 0033 5 0000 6 000 0 7 00 0 0 8 0 0 0 1 333 10 417 58 011 6 000 0 7 0000 
22-APR-2015 12 48065 3 2 9 50 0 14 03 10 360 20 195 3 0000 4 0000 5 0000 6 000 0 7 00 0 0 8 0 0 0 0 333 10 422 58 000 6 000 0 7 0000 
22-APR-2015 12 48071 3 2 4 56 4 32 02 10 310 20 267 3 0000 4 0084 5 0000 6 000 0 7 00 0 0 8 4 8 3 0 333 10 330 58 005 6 000 0 7 0000 
22-APR-2015 12 48072 3 2 4 56 1 32 01 10 310 20 263 3 0000 4 0000 5 0000 6 000 0 7 00 0 0 8 1 2 0 0 333 10 345 58 000 6 000 0 7 0000 
22-APR-2015 12 48074 3 2 4 58 3 00 00 10 373 20 246 3 0000 4 0052 5 0000 6 000 0 7 00 0 0 8 2 9 5 0 333 10 397 58 014 6 000 0 7 0000 
22-APR-2015 12 48075 3 2 4 56 3 22 01 10 310 20 230 3 0000 4 0045 5 0000 6 000 0 7 00 0 0 8 3 8 0 0 333 10 342 59 049 6 000 0 7 0000 
22-APR-2015 12 48077 3 2 5 56 6 23 04 10 360 20 214 3 0000 4 0036 5 0000 6 000 0 7 00 0 0 8 5 9 0 1 333 10 370 59 005 6 000 0 7 0000 
22-APR-2015 12 48078 3 2 5 50 6 23 02 10 327 20 224 3 0000 4 0059 5 0000 6 000 0 7 00 0 0 8 4 3 0 4 333 10 405 58 014 6 000 0 7 0000 
22-APR-2015 12 48080 3 2 4 57 3 33 01 10 321 20 243 3 0000 4 0078 5 0000 6 000 0 7 00 0 0 8 2 8 0 0 333 10 375 59 003 6 000 0 7 0000 
22-APR-2015 12 48085 3 2 4 58 2 27 03 10 306 20 253 3 0000 4 0074 5 0000 6 000 0 7 00 0 0 8 2 8 0 0 333 10 346 59 003 6 000 0 7 0000 
22-APR-2015 12 48087 3 2 9 40 1 43 01 10 328 20 201 3 0000 4 0000 5 0000 6 000 0 7 00 0 0 8 0 0 4 0 333 10 405 58 000 6 000 0 7 0000 
22-APR-2015 12 48092 3 1 5 56 3 00 00 10 365 20 214 3 0000 4 0036 5 0000 6 000 0 7 05 1 1 8 1 4 0 1 333 10 390 58 003 6 000 0 7 0000 
22-APR-2015 12 48093 3 2 6 50 2 23 01 10 333 20 244 3 0000 4 0000 5 0000 6 000 0 7 00 0 0 8 1 1 0 1 333 10 384 58 000 6 000 0 7 0000 
22-APR-2015 12 48094 3 2 9 56 2 32 02 10 320 20 260 3 0000 4 0073 5 0000 6 000 0 7 00 0 0 8 0 0 0 1 333 10 385 59 004 6 000 0 7 0000 
22-APR-2015 12 48097 3 2 5 57 5 13 02 10 330 20 258 3 0000 4 0084 5 0000 6 000 0 7 00 0 0 8 3 5 0 6 333 10 400 58 017 6 000 0 7 0000 
22-APR-2015 12 48099 3 2 4 50 6 27 01 10 330 20 244 3 0000 4 0062 5 0000 6 000 0 7 00 0 0 8 4 9 3 1 333 10 385 58 004 6 000 0 7 0000 
22-APR-2015 12 48101 3 2 6 56 4 00 00 10 336 20 240 3 0000 4 0000 5 0000 6 000 0 7 00 0 0 8 2 3 0 5 333 10 362 58 000 6 000 0 7 0000 
22-APR-2015 12 48103 3 2 4 50 6 22 02 10 313 20 254 3 0000 4 0070 5 0000 6 000 0 7 00 0 0 8 2 8 0 0 333 10 371 58 001 6 000 0 7 0000 
22-APR-2015 12 48107 3 2 9 40 0 27 01 10 308 20 254 3 0000 4 0082 5 0000 6 000 0 7 00 0 0 8 0 0 0 0 333 10 362 58 005 6 000 0 7 0000 
22-APR-2015 12 48108 3 2 5 96 7 32 02 10 310 20 267 3 0000 4 0087 5 0000 6 000 0 7 00 0 0 8 3 3 0 6 333 10 366 58 002 6 000 0 7 0000 
22-APR-2015 12 48110 3 2 5 96 6 36 02 10 310 20 267 3 0000 4 0082 5 0000 6 000 0 7 00 0 0 8 2 9 0 6 333 10 350 59 000 6 000 0 7 0000 
22-APR-2015 12 48112 3 2 5 97 8 04 02 10 300 20 253 3 0000 4 0085 5 0000 6 000 0 7 03 2 2 8 3 8 7 6 333 10 362 58 005 6 000 0 7 0000 
