48001 21330 80000 10213 20195 40096 75366 8692/ 333 56429 58016=
48004 31230 83201 10230 20214 75065 8697/ 333 56559=
48008 31556 83601 10288 20196 40076 75055 8497/ 333 56879 58019=
48010 32558 42201 10290 20230 40060 83801 333 56506 59012=
48018 32560 72201 10302 20185 40083 84870 333 56550 59005=
48019 32457 80000 10278 20233 40069 85770 333 56450 59000=
48020 21257 71302 10325 20253 71795 84930 333 56660=
48025 32458 52701 10362 20195 40051 83840 333 56560 59024=
48030 32256 52205 10212 20091 84940 333 56560=
48031 32258 81401 10230 20143 70322 883// 333 56499=
48033 32562 42301 10370 20207 40057 84900 333 56600 58030=
48034 32456 81802 10258 20160 8637/ 333 5659/=
48035 31556 50000 10281 20184 40054 70522 84960 333 56590 59000=
48037 32558 61801 10369 20190 40043 84370 333 56760 58015=
48039 32460 11401 10361 20214 81100 333 56500=
48042 32558 31302 10377 20221 40058 83800 333 56600 58029=
48043 32656 43205 10300 20266 83230 333 56690=
48045 32558 72305 10279 20098 87300 333 56500=
48048 32560 53601 10390 20213 40052 85950 333 56590 58020=
48051 32559 61302 10347 20240 85930 333 56990=
48052 32468 32202 10400 20214 83800 333 56900=
48053 32956 02205 10390 20286 40037 333 58005=
48055 22556 53605 10282 20158 40052 70155 84830 333 56550 58034=
48057 22458 62201 10240 20155 85350 333 56690=
48060 21440 60000 10220 20173 40085 70396 83870 333 56560 58064=
48062 32457 71803 10325 20290 40080 85970 333 56590 59007=
48064 32570 30901 10404 20230 40029 81131 333 56449 59001=
48065 32970 40000 10415 20189 83830 333 56990=
48071 32458 73203 10320 20265 40094 87900 333 56900 58001=
48072 32459 52704 10335 20288 70322 84930 333 56790=
48074 32461 21403 10390 20213 40061 82300 333 56500 58001=
48075 32557 43201 10340 20210 40044 84300 333 56500 58021=
48077 32557 43201 10340 20210 40044 84300 333 56500 58021=
48078 32562 22301 10400 20269 40053 81101 333 56909 58004=
48080 32460 22207 10350 20240 40071 82200 333 56900 59002=
48085 32458 23205 10336 20258 40076 82800 333 56900 59003=
48087 32560 10401 10400 20230 81100 333 56900=
48092 32458 41303 10380 20260 40043 70322 84800 333 56900 58006=
48093 32658 31401 10378 20240 83800 333 56500=
48094 32460 23203 10370 20255 40075 82800 333 56900 59005=
48095 32460 20000 10385 20275 70222 82200 333 56900=
48097 32557 63102 10390 20233 40078 86800 333 56900 58002=
48099 32457 62303 10360 20209 40066 85930 333 56550 59004=
48101 32660 31402 10350 20240 70111 83300 333 56900=
48103 32457 42202 10355 20249 40067 84800 333 56500 59003=
48107 32350 42701 10346 20237 40074 84900 333 56500 58001=
48108 32596 42307 10352 20265 40080 83306 333 56409 59006=
48109 32497 30401 10340 20270 40098 83900 333 56900 59015=
48110 31596 43206 10350 20266 40081 70522 83906 333 56909 59005=
48112 32598 60405 10360 20278 40078 83876 333 56199 59010=  48001 21330 80000 10213 20195 40096 75366 8692/ 333 56429 58016=
48004 31230 83201 10230 20214 75065 8697/ 333 56559=
48008 31556 83601 10288 20196 40076 75055 8497/ 333 56879 58019=
48010 32558 42201 10290 20230 40060 83801 333 56506 59012=
48018 32560 72201 10302 20185 40083 84870 333 56550 59005=
48019 32457 80000 10278 20233 40069 85770 333 56450 59000=
48020 21257 71302 10325 20253 71795 84930 333 56660=
48025 32458 52701 10362 20195 40051 83840 333 56560 59024=
48030 32256 52205 10212 20091 84940 333 56560=
48031 32258 81401 10230 20143 70322 883// 333 56499=
48033 32562 42301 10370 20207 40057 84900 333 56600 58030=
48034 32456 81802 10258 20160 8637/ 333 5659/=
48035 31556 50000 10281 20184 40054 70522 84960 333 56590 59000=
48037 32558 61801 10369 20190 40043 84370 333 56760 58015=
48039 32460 11401 10361 20214 81100 333 56500=
48042 32558 31302 10377 20221 40058 83800 333 56600 58029=
48043 32656 43205 10300 20266 83230 333 56690=
48045 32558 72305 10279 20098 87300 333 56500=
48048 32560 53601 10390 20213 40052 85950 333 56590 58020=
48051 32559 61302 10347 20240 85930 333 56990=
48052 32468 32202 10400 20214 83800 333 56900=
48053 32956 02205 10390 20286 40037 333 58005=
48055 22556 53605 10282 20158 40052 70155 84830 333 56550 58034=
48057 22458 62201 10240 20155 85350 333 56690=
48060 21440 60000 10220 20173 40085 70396 83870 333 56560 58064=
48062 32457 71803 10325 20290 40080 85970 333 56590 59007=
48064 32570 30901 10404 20230 40029 81131 333 56449 59001=
48065 32970 40000 10415 20189 83830 333 56990=
48071 32458 73203 10320 20265 40094 87900 333 56900 58001=
48072 32459 52704 10335 20288 70322 84930 333 56790=
48074 32461 21403 10390 20213 40061 82300 333 56500 58001=
48075 32557 43201 10340 20210 40044 84300 333 56500 58021=
48077 32557 43201 10340 20210 40044 84300 333 56500 58021=
48078 32562 22301 10400 20269 40053 81101 333 56909 58004=
48080 32460 22207 10350 20240 40071 82200 333 56900 59002=
48085 32458 23205 10336 20258 40076 82800 333 56900 59003=
48087 32560 10401 10400 20230 81100 333 56900=
48092 32458 41303 10380 20260 40043 70322 84800 333 56900 58006=
48093 32658 31401 10378 20240 83800 333 56500=
48094 32460 23203 10370 20255 40075 82800 333 56900 59005=
48095 32460 20000 10385 20275 70222 82200 333 56900=
48097 32557 63102 10390 20233 40078 86800 333 56900 58002=
48099 32457 62303 10360 20209 40066 85930 333 56550 59004=
48101 32660 31402 10350 20240 70111 83300 333 56900=
48103 32457 42202 10355 20249 40067 84800 333 56500 59003=
48107 32350 42701 10346 20237 40074 84900 333 56500 58001=
48108 32596 42307 10352 20265 40080 83306 333 56409 59006=
48109 32497 30401 10340 20270 40098 83900 333 56900 59015=
48110 31596 43206 10350 20266 40081 70522 83906 333 56909 59005=
48112 32598 60405 10360 20278 40078 83876 333 56199 59010=  