22-AUG-2015 12 48008 2 2 5 57 6 00 00 10 298 20 266 3 0000 4 0010 5 0000 6 000 0 7 00 0 0 8 3 9 7 0 333 10 316 59 004 6 031 2 7 0000 
22-AUG-2015 12 48010 3 2 5 40 7 00 00 10 280 20 268 3 0000 4 0011 5 0000 6 000 0 7 00 0 0 8 5 9 7 0 333 10 306 59 017 6 000 2 7 0000 
22-AUG-2015 12 48019 2 2 4 50 5 00 00 10 316 20 265 3 0000 4 0000 5 0000 6 000 0 7 00 0 0 8 3 2 6 0 333 10 334 59 008 6 002 2 7 0000 
22-AUG-2015 12 48025 2 2 3 40 5 32 01 10 292 20 259 3 0000 4 0002 5 0000 6 000 0 7 00 0 0 8 2 8 4 1 333 10 305 59 011 6 001 2 7 0000 
22-AUG-2015 12 48033 3 2 5 62 7 13 01 10 310 20 254 3 0000 4 9998 5 0000 6 000 0 7 00 0 0 8 5 9 0 6 333 10 340 59 024 6 000 2 7 0000 
22-AUG-2015 12 48037 3 2 5 58 6 18 01 10 340 20 257 3 0000 4 9986 5 0000 6 000 0 7 00 0 0 8 3 8 2 2 333 10 360 59 015 6 000 2 7 0000 
22-AUG-2015 12 48042 3 2 5 58 7 13 02 10 327 20 258 3 0000 4 9987 5 0000 6 000 0 7 00 0 0 8 5 9 5 0 333 10 350 59 013 6 000 2 7 0000 
22-AUG-2015 12 48048 3 2 5 50 4 22 01 10 327 20 234 3 0000 4 9991 5 0000 6 000 0 7 00 0 0 8 4 8 0 0 333 10 343 59 021 6 000 2 7 0000 
22-AUG-2015 12 48053 3 2 4 58 7 18 02 10 310 20 254 3 0000 4 0009 5 0000 6 000 0 7 00 0 0 8 4 9 5 6 333 10 355 59 001 6 000 2 7 0000 
22-AUG-2015 12 48055 2 2 4 56 6 22 01 10 278 20 233 3 0000 4 0002 5 0000 6 000 0 7 01 6 6 8 4 9 0 1 333 10 292 59 021 6 008 2 7 0000 
22-AUG-2015 12 48060 3 2 4 30 5 13 01 10 275 20 207 3 0000 4 0000 5 0000 6 000 0 7 03 2 2 8 3 8 0 6 333 10 312 59 033 6 000 2 7 0000 
22-AUG-2015 12 48062 2 2 4 56 7 18 04 10 273 20 260 3 0000 4 0012 5 0000 6 000 0 7 00 0 0 8 5 9 7 0 333 10 300 59 016 6 005 2 7 0000 
22-AUG-2015 12 48064 2 1 4 50 7 14 01 10 280 20 268 3 0000 4 9994 5 0000 6 000 0 7 95 9 6 8 6 9 0 1 333 10 360 58 002 6 008 2 7 0000 
22-AUG-2015 12 48071 2 2 4 58 7 23 02 10 270 20 256 3 0000 4 0025 5 0000 6 000 0 7 00 0 0 8 5 9 7 0 333 10 288 59 005 6 001 2 7 0000 
22-AUG-2015 12 48074 2 2 4 56 7 16 01 10 260 20 246 3 0000 4 0037 5 0000 6 000 0 7 00 0 0 8 5 9 7 1 333 10 314 58 001 6 001 2 7 0000 
22-AUG-2015 12 48075 2 1 4 56 7 00 00 10 250 20 219 3 0000 4 0047 5 0000 6 000 0 7 02 9 6 8 5 8 4 0 333 10 290 58 004 6 003 2 7 0000 
22-AUG-2015 12 48077 3 2 5 56 8 00 00 10 290 20 248 3 0000 4 0021 5 0000 6 000 0 7 00 0 0 8 5 9 3 1 333 10 322 59 007 6 000 2 7 0000 
22-AUG-2015 12 48078 2 1 4 50 8 18 02 10 261 20 253 3 0000 4 0044 5 0000 6 000 0 7 50 9 6 8 6 7 2 / 333 10 279 58 004 6 016 2 7 0000 
22-AUG-2015 12 48080 2 1 4 56 8 04 04 10 250 20 250 3 0000 4 0036 5 0000 6 000 0 7 52 6 5 8 6 7 2 0 333 10 305 59 002 6 022 2 7 0000 
22-AUG-2015 12 48085 2 1 3 56 8 22 03 10 284 20 250 3 0000 4 0035 5 0000 6 000 0 7 50 5 5 8 5 9 7 6 333 10 292 59 003 6 000 2 7 0000 
22-AUG-2015 12 48092 2 1 4 56 8 23 02 10 250 20 250 3 0000 4 0023 5 0000 6 000 0 7 51 5 5 8 5 9 7 / 333 10 315 58 002 6 003 2 7 0000 
22-AUG-2015 12 48094 2 2 4 56 8 00 00 10 275 20 245 3 0000 4 0045 5 0000 6 000 0 7 00 0 0 8 5 9 7 / 333 10 305 59 004 6 001 2 7 0000 
22-AUG-2015 12 48097 2 1 5 57 8 15 02 10 245 20 236 3 0000 4 0048 5 0000 6 000 0 7 50 6 5 8 6 9 5 / 333 10 305 59 000 6 004 2 7 0000 
22-AUG-2015 12 48099 2 1 3 30 8 23 03 10 250 20 250 3 0000 4 0092 5 0000 6 000 0 7 51 6 5 8 6 9 7 / 333 10 270 58 004 6 028 2 7 0000 
22-AUG-2015 12 48103 2 1 3 30 8 22 01 10 260 20 260 3 0000 4 0049 5 0000 6 000 0 7 60 6 6 8 6 7 2 / 333 10 283 59 000 6 078 2 7 0000 
22-AUG-2015 12 48107 2 1 3 30 8 23 01 10 252 20 252 3 0000 4 0069 5 0000 6 000 0 7 60 6 6 8 5 9 7 / 333 10 271 59 002 6 044 2 7 0000 
22-AUG-2015 12 48108 2 1 4 95 7 18 01 10 267 20 243 3 0000 4 0075 5 0000 6 000 0 7 02 5 5 8 4 3 7 7 333 10 272 59 008 6 011 2 7 0000 
22-AUG-2015 12 48109 2 1 3 96 8 23 02 10 265 20 256 3 0000 4 0063 5 0000 6 000 0 7 50 6 5 8 6 9 7 / 333 10 295 59 008 6 003 2 7 0000 
22-AUG-2015 12 48110 2 1 4 95 8 32 02 10 250 20 233 3 0000 4 0080 5 0000 6 000 0 7 02 5 5 8 4 3 7 7 333 10 290 59 010 6 015 2 7 0000 
22-AUG-2015 12 48112 3 2 5 97 8 22 02 10 285 20 240 3 0000 4 0078 5 0000 6 000 0 7 60 2 2 8 4 8 7 6 333 10 295 59 011 6 000 2 7 0000 
