220300 48075 21456 71401 10240 20226 40073 85370 333 56390 59006=
220300 48077 22559 82302 10290 20259 40044 85931 333 56499 59011=
220300 48080 22460 61303 10271 20240 40052 84830 333 56690 59018=
220300 48085 21357 72705 10270 20256 40056 70152 85976 333 56699 59015=
220300 48095 32458 72202 10280 20268 84840 333 56990=
220300 48108 21494 81301 10250 20250 40097 75155 8537/ 333 5639/ 59001=
220300 48109 21396 82305 10252 20250 40084 76365 86970 333 5659/ 59010=
220300 48112 21496 82707 10265 20251 40112 70152 8677/ 333 5669/ 59005=
220300 48087 32558 72301 10280 20250 8437/ 333 5649/=
220300 48099 21330 80000 10250 20250 40079 76165 8697/ 333 5699/ 58006=
220300 48101 22458 63202 10283 20250 84931 333 56999=
220300 48103 21350 82201 10248 20248 40079 76066 8672/ 333 5655/ 58010=
220300 48094 21459 72201 10275 20260 40062 70155 85970 333 56590 59021=
220300 48097 22557 72303 10275 20262 40071 87800 333 56500 59030=
220300 48093 21556 83201 10275 20268 70255 86841 333 56599=
220300 48107 21330 82301 10250 20250 40090 76366 8597/ 333 5666/ 58002=  48078 22557 81802 10276 20264 40062 8557/ 333 56499 59008=
220300 48110 21494 82303 10290 20259 40120 76166 8632/ 333 5699/ 58011=
220300 48092 22457 82303 10280 20250 40048 84376 333 56599 59016=  
