22-AUG-2015 06 48048 3 2 5 60 6 18 01 10 323 20 248 3 0000 4 0029 5 0000 6 000 0 7 00 0 0 8 4 9 5 0 333 10 /// 59 013 6 000 0 7 0000 
22-AUG-2015 06 48051 3 2 5 59 6 13 02 10 316 20 270 3 0000 4 0000 5 0000 6 000 0 7 00 0 0 8 5 9 3 0 333 10 /// 58 000 6 000 0 7 0000 
22-AUG-2015 06 48052 3 2 4 68 4 22 01 10 328 20 258 3 0000 4 0000 5 0000 6 000 0 7 00 0 0 8 4 8 0 0 333 10 /// 58 000 6 000 0 7 0000 
22-AUG-2015 06 48053 3 2 4 56 6 18 03 10 320 20 248 3 0000 4 0031 5 0000 6 000 0 7 00 0 0 8 4 9 5 6 333 10 /// 59 015 6 000 0 7 0000 
22-AUG-2015 06 48055 2 1 3 50 7 18 02 10 242 20 226 3 0000 4 0039 5 0000 6 000 0 7 60 6 6 8 6 9 3 0 333 10 /// 59 027 6 000 0 7 0000 
22-AUG-2015 06 48057 2 1 3 58 7 14 02 10 240 20 174 3 0000 4 0000 5 0000 6 000 0 7 03 5 2 8 6 9 5 0 333 10 /// 58 000 6 000 0 7 0000 
22-AUG-2015 06 48062 2 1 4 57 8 18 03 10 280 20 274 3 0000 4 0033 5 0000 6 000 0 7 02 5 5 8 6 9 7 0 333 10 /// 59 027 6 000 0 7 0000 
22-AUG-2015 06 48064 3 2 5 60 3 04 01 10 343 20 257 3 0000 4 0013 5 0000 6 000 0 7 00 0 0 8 2 8 0 1 333 10 /// 59 013 6 000 0 7 0000 
22-AUG-2015 06 48065 3 2 5 60 3 22 01 10 340 20 257 3 0000 4 0000 5 0000 6 000 0 7 00 0 0 8 3 5 0 0 333 10 /// 58 000 6 000 0 7 0000 
22-AUG-2015 06 48071 2 1 4 60 7 23 03 10 288 20 274 3 0000 4 0038 5 0000 6 000 0 7 21 6 2 8 5 9 7 0 333 10 /// 59 023 6 000 0 7 0000 
22-AUG-2015 06 48072 3 2 4 60 6 18 02 10 295 20 266 3 0000 4 0000 5 0000 6 000 0 7 00 0 0 8 4 9 3 0 333 10 /// 58 000 6 000 0 7 0000 
22-AUG-2015 06 48074 3 2 4 60 7 18 03 10 300 20 266 3 0000 4 0042 5 0000 6 000 0 7 00 0 0 8 5 8 6 0 333 10 /// 59 025 6 000 0 7 0000 
22-AUG-2015 06 48075 2 1 4 57 7 14 01 10 262 20 229 3 0000 4 0056 5 0000 6 000 0 7 02 5 2 8 5 3 6 0 333 10 /// 59 003 6 000 0 7 0000 
22-AUG-2015 06 48077 3 2 5 59 7 23 02 10 314 20 254 3 0000 4 0031 5 0000 6 000 0 7 00 0 0 8 5 9 3 1 333 10 /// 59 015 6 000 0 7 0000 
22-AUG-2015 06 48078 2 1 5 58 8 18 03 10 273 20 262 3 0000 4 0050 5 0000 6 000 0 7 50 6 5 8 5 8 2 / 333 10 /// 59 015 6 000 0 7 0000 
22-AUG-2015 06 48080 2 1 4 59 7 04 03 10 272 20 256 3 0000 4 0050 5 0000 6 000 0 7 03 6 5 8 4 9 7 0 333 10 /// 59 012 6 000 0 7 0000 
22-AUG-2015 06 48085 3 2 4 58 8 27 02 10 290 20 259 3 0000 4 0058 5 0000 6 000 0 7 00 0 0 8 6 3 7 0 333 10 /// 59 006 6 000 0 7 0000 
22-AUG-2015 06 48087 3 2 5 58 6 23 03 10 304 20 253 3 0000 4 0000 5 0000 6 000 0 7 00 0 0 8 3 3 7 1 333 10 /// 58 000 6 000 0 7 0000 
22-AUG-2015 06 48092 3 1 4 57 7 23 05 10 300 20 253 3 0000 4 0037 5 0000 6 000 0 7 80 2 2 8 4 9 3 1 333 10 /// 59 011 6 000 0 7 0000 
22-AUG-2015 06 48093 3 2 6 58 8 32 01 10 298 20 253 3 0000 4 0000 5 0000 6 000 0 7 00 0 0 8 6 8 4 1 333 10 /// 58 000 6 000 0 7 0000 
22-AUG-2015 06 48094 2 1 4 56 8 22 02 10 290 20 260 3 0000 4 0057 5 0000 6 000 0 7 50 9 5 8 5 9 7 / 333 10 /// 59 014 6 000 0 7 0000 
22-AUG-2015 06 48095 2 1 4 58 8 00 00 10 260 20 260 3 0000 4 0000 5 0000 6 000 0 7 61 5 5 8 4 9 7 0 333 10 /// 58 000 6 000 0 7 0000 
22-AUG-2015 06 48097 3 2 5 57 8 23 03 10 300 20 266 3 0000 4 0068 5 0000 6 000 0 7 00 0 0 8 6 3 3 / 333 10 /// 59 010 6 000 0 7 0000 
22-AUG-2015 06 48099 2 1 3 30 8 13 01 10 255 20 255 3 0000 4 0068 5 0000 6 000 0 7 60 6 5 8 6 9 7 / 333 10 /// 58 006 6 000 0 7 0000 
22-AUG-2015 06 48101 3 2 4 58 7 23 03 10 296 20 253 3 0000 4 0000 5 0000 6 000 0 7 00 0 0 8 5 9 7 0 333 10 /// 58 000 6 000 0 7 0000 
22-AUG-2015 06 48103 2 1 3 56 8 22 03 10 265 20 260 3 0000 4 0066 5 0000 6 000 0 7 02 6 5 8 6 7 2 / 333 10 /// 59 001 6 000 0 7 0000 
22-AUG-2015 06 48108 2 1 4 94 8 13 02 10 250 20 242 3 0000 4 0097 5 0000 6 000 0 7 50 6 5 8 5 3 7 / 333 10 /// 58 002 6 000 0 7 0000 
22-AUG-2015 06 48110 2 1 4 95 8 18 01 10 240 20 240 3 0000 4 0113 5 0000 6 000 0 7 51 6 5 8 6 3 2 / 333 10 /// 58 010 6 000 0 7 0000 
