22-AUG-2015 03 48075 2 1 4 56 7 14 01 10 240 20 226 3 0000 4 0073 5 0000 6 000 0 7 00 0 0 8 5 3 7 0 333 10 /// 59 006 6 000 0 7 0000 
22-AUG-2015 03 48077 2 2 5 59 8 23 02 10 290 20 259 3 0000 4 0044 5 0000 6 000 0 7 00 0 0 8 5 9 3 1 333 10 /// 59 011 6 000 0 7 0000 
22-AUG-2015 03 48080 2 2 4 60 6 13 03 10 271 20 240 3 0000 4 0052 5 0000 6 000 0 7 00 0 0 8 4 8 3 0 333 10 /// 59 018 6 000 0 7 0000 
22-AUG-2015 03 48085 2 1 3 57 7 27 05 10 270 20 256 3 0000 4 0056 5 0000 6 000 0 7 01 5 2 8 5 9 7 6 333 10 /// 59 015 6 000 0 7 0000 
22-AUG-2015 03 48087 3 2 5 58 7 23 01 10 280 20 250 3 0000 4 0000 5 0000 6 000 0 7 00 0 0 8 4 3 7 / 333 10 /// 58 000 6 000 0 7 0000 
22-AUG-2015 03 48092 2 2 4 57 8 23 03 10 280 20 250 3 0000 4 0048 5 0000 6 000 0 7 00 0 0 8 4 3 7 6 333 10 /// 59 016 6 000 0 7 0000 
22-AUG-2015 03 48093 2 1 5 56 8 32 01 10 275 20 268 3 0000 4 0000 5 0000 6 000 0 7 02 5 5 8 6 8 4 1 333 10 /// 58 000 6 000 0 7 0000 
22-AUG-2015 03 48094 2 1 4 59 7 22 01 10 275 20 260 3 0000 4 0062 5 0000 6 000 0 7 01 5 5 8 5 9 7 0 333 10 /// 59 021 6 000 0 7 0000 
22-AUG-2015 03 48095 3 2 4 58 7 22 02 10 280 20 268 3 0000 4 0000 5 0000 6 000 0 7 00 0 0 8 4 8 4 0 333 10 /// 58 000 6 000 0 7 0000 
22-AUG-2015 03 48097 2 2 5 57 7 23 03 10 275 20 262 3 0000 4 0071 5 0000 6 000 0 7 00 0 0 8 7 8 0 0 333 10 /// 59 030 6 000 0 7 0000 
22-AUG-2015 03 48099 2 1 3 30 8 00 00 10 250 20 250 3 0000 4 0079 5 0000 6 000 0 7 61 6 5 8 6 9 7 / 333 10 /// 58 006 6 000 0 7 0000 
22-AUG-2015 03 48101 2 2 4 58 6 32 02 10 283 20 250 3 0000 4 0000 5 0000 6 000 0 7 00 0 0 8 4 9 3 1 333 10 /// 58 000 6 000 0 7 0000 
22-AUG-2015 03 48103 2 1 3 50 8 22 01 10 248 20 248 3 0000 4 0079 5 0000 6 000 0 7 60 6 6 8 6 7 2 / 333 10 /// 58 010 6 000 0 7 0000 
22-AUG-2015 03 48107 2 1 3 30 8 23 01 10 250 20 250 3 0000 4 0090 5 0000 6 000 0 7 63 6 6 8 5 9 7 / 333 10 /// 58 002 6 000 0 7 0000 
22-AUG-2015 03 48108 2 1 4 94 8 13 01 10 250 20 250 3 0000 4 0097 5 0000 6 000 0 7 51 5 5 8 5 3 7 / 333 10 /// 59 001 6 000 0 7 0000 
22-AUG-2015 03 48109 2 1 3 96 8 23 05 10 252 20 250 3 0000 4 0084 5 0000 6 000 0 7 63 6 5 8 6 9 7 0 333 10 /// 59 010 6 000 0 7 0000 
22-AUG-2015 03 48110 2 1 4 94 8 23 03 10 290 20 259 3 0000 4 0120 5 0000 6 000 0 7 61 6 6 8 6 3 2 / 333 10 /// 58 011 6 000 0 7 0000 
22-AUG-2015 03 48112 2 1 4 96 8 27 07 10 265 20 251 3 0000 4 0112 5 0000 6 000 0 7 01 5 2 8 6 7 7 / 333 10 /// 59 005 6 000 0 7 0000 
