48001 32556 10000 10270 20135 40193 81100 333 56300 59005=
48004 32562 30401 10200 20109 70111 83800 333 56500=
48008 32557 40401 10210 20120 40197 82470 333 56550 58010=
48010 32560 11801 10225 20136 40191 81100 333 56900 58009=
48018 32558 41401 10240 20155 40182 82870 333 56560 59000=
48019 32960 00402 10220 20185 40189 333 58009=
48020 32358 33602 10205 20150 83200 333 56400=
48025 31330 53201 10201 20150 40213 70144 84840 333 56590 58023=
48035 31560 42702 10232 20143 40149 70522 83860 333 56990 59000=
48037 32958 03201 10238 20136 40196 58023=
48042 32556 13201 10256 20160 40179 81100 333 56900 58015=
48045 32562 11404 10188 20118 81100 333 56900=
48048 32960 00901 10250 20167 40187 333 58013=
48051 32958 03601 10246 20190 70200 333 56000=
48053 31950 03605 10260 20138 40178 70500 333 58052=
48060 32440 60401 10198 20150 40197 83870 333 56550 58022=
48062 32957 00902 10265 20210 40175 333 58015=
48071 32958 03203 10265 20179 40178 333 58016=
48075 32558 23202 10250 20167 40162 82100 333 56300 58006=
48077 32959 00401 10270 20172 40173 333 58017=
48078 32958 10402 10277 20156 40175 80001 333 56009 58013=
48080 32961 03203 10290 20179 40171 333 58013=
48085 32958 02702 10282 20203 40163 70300 333 58018=
48095 32960 20403 10265 20179 70100 80002 333 56009=
48108 32596 61304 10318 20202 40146 82856 333 56299 58003=
48109 32497 50401 10310 20237 40163 70322 85900 333 56900 58013=
48110 31596 83204 10320 20207 40138 70522 81357 333 56999 58002=
48112 32597 80406 10302 20266 40138 70222 83876 333 56199 58012=
48030 32960 02205 10167 20074 333=
48072 32960 00404 10280 20220 70122 333 56000=
48087 32960 20405 10278 20158 80001 333 56009=
48099 32550 13201 10315 20200 40152 81800 333 56900 58009=
48101 32960 13602 10292 20196 70111 80001 333 56009=
48103 32456 23204 10322 20163 40148 82800 333 56700 58003=
48057 32457 12202 10220 20065 81500 333 56400=
48094 32960 03203 10298 20190 40165 333 58009=
48097 32557 10302 10300 20253 40161 70211 82500 333 56900 58002=
48031 32260 10901 10185 20147 70100 81200 333 56900=
48033 32963 03601 10250 20186 40178 70200 333 58031=
48034 32456 11801 10205 20114 81500 333 56500=
48039 32956 33201 10256 20160 80002 333 56009=
48043 32058 02707 10200 20109 333=
48052 32958 03604 10268 20172 333=
48055 32556 11302 10231 20143 40151 70244 81100 333 56500 58002=
48064 32960 20901 10227 20181 40172 70322 80006 333 56009 58012=
48065 32958 03201 10255 20169 333=
48074 32959 03203 10260 20160 40180 333 58005=
48092 32957 02602 10294 20196 40144 333 58012=
48093 32658 23201 10304 20185 70111 81101 333 56409=
48107 32350 30401 10300 20185 40133 83900 333 56300 58003=
48096 NIL=  