22-DEC-2015 00 48001 3 1 9 03 9 00 00 10 045 20 045 3 0000 4 0218 5 0000 6 000 0 7 43 4 4 8 0 0 0 0 333 20 033 58 004 6 000 0 7 0000 
22-DEC-2015 00 48004 3 1 9 03 9 00 00 10 088 20 088 3 0000 4 0000 5 0000 6 000 0 7 46 4 4 8 0 0 0 0 333 20 041 58 000 6 000 0 7 0000 
22-DEC-2015 00 48008 3 1 5 50 2 00 00 10 120 20 115 3 0000 4 0190 5 0000 6 000 0 7 10 4 4 8 1 4 3 0 333 20 102 58 013 6 000 0 7 0000 
22-DEC-2015 00 48010 3 1 3 20 3 00 00 10 115 20 111 3 0000 4 0186 5 0000 6 000 0 7 40 4 4 8 3 6 0 0 333 20 110 58 013 6 000 0 7 0000 
22-DEC-2015 00 48018 3 1 9 20 0 00 00 10 120 20 120 3 0000 4 0190 5 0000 6 000 0 7 10 4 4 8 0 0 0 0 333 20 105 58 011 6 000 0 7 0000 
22-DEC-2015 00 48019 3 1 / 09 9 04 01 10 130 20 113 3 0000 4 0176 5 0000 6 000 0 7 42 4 4 8 0 0 0 0 333 20 120 58 007 6 000 0 7 0000 
22-DEC-2015 00 48020 3 1 9 02 9 00 00 10 125 20 120 3 0000 4 0000 5 0000 6 000 0 7 45 4 4 8 0 0 0 0 333 20 100 58 000 6 000 0 7 0000 
22-DEC-2015 00 48025 3 1 / 05 5 32 01 10 138 20 124 3 0000 4 0188 5 0000 6 000 0 7 42 4 4 8 5 6 0 0 333 20 134 58 013 6 000 0 7 0000 
22-DEC-2015 00 48031 3 2 2 56 2 27 01 10 085 20 007 3 0000 4 0000 5 0000 6 000 0 7 00 0 0 8 2 8 0 0 333 20 058 58 000 6 000 0 7 0000 
22-DEC-2015 00 48033 3 2 9 59 0 36 01 10 140 20 140 3 0000 4 0174 5 0000 6 000 0 7 00 0 0 8 0 0 0 0 333 20 130 58 030 6 000 0 7 0000 
22-DEC-2015 00 48034 3 1 9 56 0 00 00 10 065 20 053 3 0000 4 0000 5 0000 6 000 0 7 10 0 0 8 0 0 0 0 333 20 058 58 000 6 000 0 7 0000 
22-DEC-2015 00 48035 3 1 / 01 9 00 00 10 105 20 091 3 0000 4 0188 5 0000 6 000 0 7 47 4 4 8 0 0 0 0 333 20 095 58 017 6 000 0 7 0000 
22-DEC-2015 00 48037 3 2 9 20 0 36 01 10 150 20 134 3 0000 4 0170 5 0000 6 000 0 7 00 0 0 8 0 0 0 0 333 20 145 58 008 6 000 0 7 0000 
22-DEC-2015 00 48039 3 1 4 50 3 00 00 10 150 20 134 3 0000 4 0000 5 0000 6 000 0 7 10 1 1 8 3 4 0 0 333 20 148 58 000 6 000 0 7 0000 
22-DEC-2015 00 48042 3 1 5 30 1 00 00 10 155 20 139 3 0000 4 0167 5 0000 6 000 0 7 10 1 1 8 1 4 0 0 333 20 138 58 012 6 000 0 7 0000 
22-DEC-2015 00 48043 3 1 0 10 0 00 00 10 070 20 070 3 0000 4 0000 5 0000 6 000 0 7 10 4 4 8 0 0 0 0 333 20 040 58 000 6 000 0 7 0000 
22-DEC-2015 00 48048 3 2 9 40 0 04 01 10 132 20 113 3 0000 4 0174 5 0000 6 000 0 7 00 0 0 8 0 0 0 0 333 20 126 58 010 6 000 0 7 0000 
22-DEC-2015 00 48052 3 1 9 20 0 32 01 10 140 20 124 3 0000 4 0000 5 0000 6 000 0 7 44 2 2 8 0 0 0 0 333 20 134 58 000 6 000 0 7 0000 
22-DEC-2015 00 48053 3 2 9 40 0 00 00 10 160 20 144 3 0000 4 0164 5 0000 6 000 0 7 00 0 0 8 0 0 0 0 333 20 165 59 011 6 000 0 7 0000 
22-DEC-2015 00 48055 3 1 / 03 9 00 00 10 091 20 089 3 0000 4 0208 5 0000 6 000 0 7 47 4 4 8 0 0 0 0 333 20 064 58 016 6 000 0 7 0000 
22-DEC-2015 00 48057 3 1 4 40 1 14 01 10 102 20 102 3 0000 4 0000 5 0000 6 000 0 7 10 1 1 8 1 5 0 0 333 20 095 58 000 6 000 0 7 0000 
22-DEC-2015 00 48060 3 1 4 20 6 00 00 10 140 20 124 3 0000 4 0196 5 0000 6 000 0 7 10 4 4 8 2 1 3 2 333 20 130 58 007 6 000 0 7 0000 
22-DEC-2015 00 48062 3 1 4 20 3 04 01 10 160 20 160 3 0000 4 0157 5 0000 6 000 0 7 40 4 2 8 2 5 3 0 333 20 150 58 001 6 000 0 7 0000 
22-DEC-2015 00 48064 3 2 9 50 0 04 01 10 150 20 150 3 0000 4 0167 5 0000 6 000 0 7 00 0 0 8 0 0 0 0 333 20 106 58 033 6 000 0 7 0000 
22-DEC-2015 00 48065 3 1 9 50 0 00 00 10 152 20 142 3 0000 4 0000 5 0000 6 000 0 7 05 2 2 8 0 0 0 0 333 20 111 58 000 6 000 0 7 0000 
22-DEC-2015 00 48071 3 2 9 50 0 04 02 10 208 20 175 3 0000 4 0157 5 0000 6 000 0 7 00 0 0 8 0 0 0 0 333 20 185 58 009 6 000 0 7 0000 
22-DEC-2015 00 48074 3 2 9 57 0 00 00 10 160 20 144 3 0000 4 0166 5 0000 6 000 0 7 00 0 0 8 0 0 0 0 333 20 159 58 017 6 000 0 7 0000 
22-DEC-2015 00 48075 3 1 9 50 0 00 00 10 120 20 102 3 0000 4 0203 5 0000 6 000 0 7 10 4 4 8 0 0 0 0 333 20 110 58 022 6 000 2 7 0000 
22-DEC-2015 00 48077 3 2 5 56 3 00 00 10 184 20 155 3 0000 4 0159 5 0000 6 000 0 7 00 0 0 8 2 2 0 1 333 20 158 58 020 6 000 0 7 0000 
22-DEC-2015 00 48078 3 2 9 40 1 00 00 10 167 20 154 3 0000 4 0164 5 0000 6 000 0 7 00 0 0 8 0 0 0 1 333 20 150 58 014 6 000 0 7 0000 
22-DEC-2015 00 48080 3 1 9 08 0 00 00 10 134 20 113 3 0000 4 0156 5 0000 6 000 0 7 40 4 4 8 0 0 0 0 333 20 122 58 012 6 000 0 7 0000 
22-DEC-2015 00 48085 3 1 9 20 1 00 00 10 150 20 148 3 0000 4 0151 5 0000 6 000 0 7 42 4 4 8 0 0 0 6 333 20 148 58 010 6 000 0 7 0000 
22-DEC-2015 00 48087 3 2 9 40 2 00 00 10 160 20 123 3 0000 4 0000 5 0000 6 000 0 7 00 0 0 8 0 0 4 1 333 20 118 58 000 6 000 0 7 0000 
22-DEC-2015 00 48092 3 2 4 56 1 00 00 10 180 20 147 3 0000 4 0144 5 0000 6 000 0 7 00 0 0 8 1 4 0 0 333 20 158 58 022 6 000 0 7 0000 
22-DEC-2015 00 48093 3 2 9 50 2 04 01 10 194 20 186 3 0000 4 0000 5 0000 6 000 0 7 00 0 0 8 0 0 4 1 333 20 187 58 000 6 000 0 7 0000 
22-DEC-2015 00 48094 3 1 4 50 1 00 00 10 195 20 180 3 0000 4 0149 5 0000 6 000 0 7 10 0 0 8 1 5 0 0 333 20 180 58 011 6 000 0 7 0000 
22-DEC-2015 00 48096 3 2 9 56 5 22 02 10 190 20 175 3 0000 4 0157 5 0000 6 000 0 7 00 0 0 8 0 0 0 6 333 20 187 58 012 6 000 0 7 0000 
22-DEC-2015 00 48097 3 1 5 56 4 04 01 10 190 20 159 3 0000 4 0158 5 0000 6 000 0 7 10 1 1 8 4 5 0 0 333 20 170 59 001 6 000 0 7 0000 
22-DEC-2015 00 48099 3 1 3 40 4 04 01 10 210 20 195 3 0000 4 0140 5 0000 6 000 0 7 03 4 4 8 1 5 4 0 333 20 192 58 009 6 000 0 7 0000 
22-DEC-2015 00 48103 3 2 4 40 3 04 06 10 210 20 195 3 0000 4 0147 5 0000 6 000 0 7 00 0 0 8 2 8 3 0 333 20 202 58 009 6 000 0 7 0000 
22-DEC-2015 00 48107 3 1 3 30 2 09 02 10 192 20 192 3 0000 4 0139 5 0000 6 000 0 7 41 4 4 8 2 3 0 0 333 20 184 58 011 6 000 0 7 0000 
22-DEC-2015 00 48108 3 1 4 93 5 09 02 10 205 20 190 3 0000 4 0137 5 0000 6 000 0 7 40 2 2 8 3 4 0 6 333 20 185 58 009 6 000 0 7 0000 
22-DEC-2015 00 48110 2 1 4 96 8 18 03 10 250 20 195 3 0000 4 0138 5 0000 6 000 0 7 50 2 2 8 5 3 5 7 333 20 245 58 008 6 990 2 7 0000 
22-DEC-2015 00 48112 3 1 5 97 8 04 03 10 245 20 230 3 0000 4 0137 5 0000 6 000 0 7 05 2 2 8 3 8 4 6 333 20 188 58 013 6 000 2 7 0000 
