



*-*-*


<!--
.style2 {
	font-family:"Courier New", Courier, monospace;
	font-size: 14px;
}
-->






SIBM20 VBRR 220327

AAXX 22034

48001 31905 90000 10100 20096 40218 74544 333 59008=

48004 31558 10000 10128 20113 71044 81100 333 56900=

48008 32557 10000 10145 20111 40211 81400 333 56100 59021=

48010 31530 11401 10150 20134 40227 74044 81100 333 56500 59005=

48018 31956 00000 10140 20132 40221 74244 333 59008=

48019 32960 01401 10160 20123 40217 333 59005=

48020 32250 30000 10170 20154 70122 83200 333 56500=

48025 32456 32201 10168 20154 40210 82840 333 56550 59025=

48030 31009 82202 10040 20040 70144 88700 333 56500=

48031 32262 61801 10115 20112 86800 333 56400=

48033 32962 03601 10190 20159 40201 333 58022=

48034 31456 40000 10100 20079 71022 84500 333 56500=

48035 31930 00000 10111 20091 40241 71044 333 58000=

48037 32956 03601 10176 20129 40206 333 58015=

48039 31440 30401 10192 20139 74044 82102 333 56101=

48042 31550 20000 10187 20159 40212 71011 81402 333 56909 58000=

48043 31040 10000 10125 20086 71022 80002 333 56009=

48045 32560 31402 10126 20086 81501 333 56209=

48048 32560 20401 10180 20147 40205 82800 333 56900 59006=

48051 32958 23601 10190 20180 70311 80006 333 56009=

48052 32458 30403 10200 20150 83800 333 56900=

48053 32950 23604 10200 20150 40204 80006 333 56009 59004=

48055 31556 20000 10125 20096 40235 70544 81501 333 56509 58000=

48057 32958 31401 10160 20106 80006 333 56009=

48060 32440 30000 10140 20067 40248 82130 333 56560 59008=

48062 32550 00301 10205 20182 40199 71044 82230 333 56990 58001=

48064 32960 11401 10190 20159 40197 80001 333 56009 59008=

48065 32960 00000 10208 20175 333=

48071 32458 10000 10235 20226 40156 81200 333 56900 59047=

48072 31458 43202 10245 20205 70522 83330 333 56990=

48074 32958 00000 10200 20150 40208 333 58000=

48075 31956 10000 10170 20150 40238 70144 80001 333 56009 58009=

48077 32559 30401 10220 20173 40187 82201 333 56909 59005= 

48078 32956 13201 10208 20160 40212 80001 333 56009 58008=

48080 32959 01301 10200 20150 40192 333 59004=

48085 31957 00000 10230 20214 40193 70544 333 58004=

48087 32960 00000 10230 20181 333=

48092 31950 00901 10250 20186 40176 70522 333 58001=

48093 32956 00401 10229 20181 333=

48094 32459 10402 10265 20235 40197 70111 81500 333 56900 58007=

48095 32958 00000 10220 20185 333=

48097 31557 20503 10250 20158 40196 70511 82500 333 56900 58007= 

48099 31450 30402 10250 20186 40192 70511 82830 333 56190 58000=

48101 32959 00401 10238 20134 333=

48103 31956 00401 10242 20209 40190 70144 333 58001=

48107 31950 03201 10244 20191 40172 7//44 333 59005=

48108 31596 51402 10225 20183 40186 70144 82407 333 56909 58000=

48109 32497 50401 10265 20240 40189 83930 333 56990 59003=

48110 31996 31303 10260 20173 40181 70544 80006 333 56009 59006=

48112 32598 60402 10245 20214 40178 82216 333 56199 58006=  
SIBM20 VBRR 220300

AAXX 22034

48001 31905 90000 10100 20096 40218 74544 333 59008=

48004 31558 10000 10128 20113 71044 81100 333 56900=

48008 32557 10000 10145 20111 40211 81400 333 56100

59021=

48010 31530 11401 10150 20134 40227 74044 81100 333

56500 59005=

48018 31956 00000 10140 20132 40221 74244 333 59008=

48019 32960 01401 10160 20123 40217 333 59005=

48020 32250 30000 10170 20154 70122 83200 333 56500=

48025 32456 32201 10168 20154 40210 82840 333 56550

59025=

48035 31930 00000 10111 20091 40241 71044 333 58000=

48037 32956 03601 10176 20129 40206 333 58015=

48042 31550 20000 10187 20159 40212 71011 81402 333

56909 58000=

48045 32560 31402 10126 20086 81501 333 56209=

48048 32560 20401 10180 20147 40205 82800 333 56900

59006=

48051 32958 23601 10190 20180 70311 80006 333 56009=

48053 32950 23604 10200 20150 40204 80006 333 56009

59004=

48060 32440 30000 10140 20067 40248 82130 333 56560

59008=

48062 32550 00301 10205 20182 40199 71044 82230 333

56990 58001=

48071 32458 10000 10235 20226 40156 81200 333 56900

59047=

48075 31956 10000 10170 20150 40238 70144 80001 333

56009 58009=

48077 32559 30401 10220 20173 40187 82201 333 56909

59005=

48078 32956 13201 10208 20160 40212 80001 333 56009

58008=

48080 32959 01301 10200 20150 40192 333 59004=

48085 31957 00000 10230 20214 40193 70544 333 58004=

48095 32958 00000 10220 20185 333=

48108 31596 51402 10225 20183 40186 70144 82407 333

56909 58000=

48109 32497 50401 10265 20240 40189 83930 333 56990

59003=

48110 31996 31303 10260 20173 40181 70544 80006 333

56009 59006=

48112 32598 60402 10245 20214 40178 82216 333 56199

58006=

48030 31009 82202 10040 20040 70144 88700 333 56500=

48072 31458 43202 10245 20205 70522 83330 333 56990=

48087 32960 00000 10230 20181 333=

48099 31450 30402 10250 20186 40192 70511 82830 333

56190 58000=

48101 32959 00401 10238 20134 333=

48103 31956 00401 10242 20209 40190 70144 333 58001=

48057 32958 31401 10160 20106 80006 333 56009=

48094 32459 10402 10265 20235 40197 70111 81500 333

56900 58007=

48097 31557 20503 10250 20158 40196 70511 82500 333

56900 58007=

48031 32262 61801 10115 20112 86800 333 56400=

48033 32962 03601 10190 20159 40201 333 58022=

48034 31456 40000 10100 20079 71022 84500 333 56500=

48039 31440 30401 10192 20139 74044 82102 333 56101=

48043 31040 10000 10125 20086 71022 80002 333 56009=

48052 32458 30403 10200 20150 83800 333 56900=

48055 31556 20000 10125 20096 40235 70544 81501 333

56509 58000=

48064 32960 11401 10190 20159 40197 80001 333 56009

59008=

48065 32960 00000 10208 20175 333=

48074 32958 00000 10200 20150 40208 333 58000=

48092 31950 00901 10250 20186 40176 70522 333 58001=

48093 32956 00401 10229 20181 333=

48107 31950 03201 10244 20191 40172 7//44 333 59005=  





