48001 32557 13601 10172 20117 40195 81100 333 56900 59002=
48004 32562 20401 10220 20136 82800 333 56900=
48008 32557 10401 10225 20124 40139 81200 333 56100 58007=
48010 32560 11801 10230 20163 40206 81100 333 56900 58007=
48018 32560 11402 10240 20155 40211 81100 333 56500 59010=
48019 32960 03201 10226 20163 40211 333 59002=
48020 32558 23602 10245 20167 82200 333 56500=
48025 32558 13601 10252 20150 40121 81100 333 56900 58015=
48030 32256 12204 10160 20028 81100 333 56500=
48031 32262 51401 10170 20117 85800 333 56400=
48033 32963 03601 10270 20154 40185 333 58000=
48034 32456 31802 10205 20100 83500 333 56500=
48035 32560 33202 10210 20120 40181 82960 333 56790 59005=
48037 32960 03601 10260 20138 40188 333 59016=
48039 32460 12201 10259 20179 81100 333 56500=
48042 32558 12701 10268 20154 40195 81100 333 56900 58016=
48043 32656 23205 10200 20109 82200 333 56900=
48045 32562 41405 10181 20180 82801 333 56505=
48048 32560 20401 10260 20160 40195 82800 333 56900 59011=
48051 32959 13601 10280 20180 80111 333 56009=
48052 32470 30403 10260 20160 83800 333 56900=
48053 32456 33601 10270 20133 40192 82806 333 56609 59009=
48055 31556 22304 10230 20124 40173 70244 82800 333 56500 59005=
48057 32958 22201 10193 20096 80006 333 56009=
48060 32440 30000 10203 20109 40209 82130 333 56560 58003=
48062 32557 41302 10270 20250 40196 82500 333 56909 59004=
48064 32968 01401 10247 20186 40172 333 59022=
48065 32970 00000 10273 20172 333=
48071 32560 03201 10270 20191 40193 333 59003=
48072 32560 13201 10280 20220 70122 81200 333 56900=
48074 32560 10000 10280 20146 40201 81100 333 56900 59001=
48075 32558 21401 10240 20140 40192 81101 333 56509 58001=
48077 32559 30000 10297 20149 40170 82201 333 56909 59010=
48078 32558 20402 10296 20132 40186 81201 333 56909 58000=
48080 32960 02202 10303 20223 40170 333 58002=
48085 31458 12703 10287 20220 40180 70500 81100 333 56100 58003=
48087 32960 00402 10304 20166 333=
48092 32957 01302 10315 20176 40166 333 58007=
48093 32958 00401 10296 20166 70211 333=
48094 32459 50401 10315 20245 40178 85900 333 56900 59001=
48095 32960 00402 10290 20179 333=
48097 32557 20503 10305 20168 40184 70211 82500 333 56900 58002=
48099 32456 23206 10312 20203 40168 82800 333 56700 59008=
48101 32960 00402 10293 20215 333=
48103 32956 03201 10314 20189 40170 333 56700 59004=
48107 32950 00401 10320 20163 40149 333 59008=
48108 31596 53203 10320 20163 40168 70244 82407 333 56909 59008=
48109 32497 50401 10306 20254 40182 85900 333 56900 59001=
48110 31996 23204 10310 20203 40167 70511 80005 333 56009 59004=
48112 32598 60402 10300 20223 40163 82216 333 56199 59005=  