48097 21557 62401 10275 20262 40109 70265 83831 333 10290 56499 58037 60112=  48001 21110 82702 10242 20240 40036 76366 887// 333 10270 56299 58044 60642=
48004 21110 80401 10260 20260 75065 8697/ 333 10284 56559 60502=
48008 22456 82301 10283 20268 40041 8497/ 333 10293 56459 58008 60062=
48010 22430 70000 10275 20274 40032 84970 333 10276 56550 58007 60992=
48018 22558 71401 10310 20254 40042 83372 333 10315 56446 58012 60122=
48019 22450 60000 10282 20268 40034 82235 333 10283 56569 58015 60342=
48020 21240 80000 10290 20259 75155 8577/ 333 10332 56499 60022=
48025 21450 62201 10278 20268 40036 72155 85340 333 10305 56590 58014 60042=
48035 21460 72204 10237 20226 40041 76066 85970 333 10287 56490 58032 60032=
48037 32560 41801 10329 20244 40023 82332 333 10335 56449 59001 60002=
48042 32559 61806 10317 20248 40039 84802 333 10360 56409 58028 60002=
48045 31350 71402 10220 20173 70344 87300 333 10247 56300 60002=
48048 32550 62201 10307 20237 40037 85950 333 10345 56490 58025 60002=
48051 21556 81302 10257 20250 75065 86970 333 10295 56490 60802=
48053 21450 81801 10250 20250 40063 75065 8595/ 333 10310 56499 58037 60062=
48060 21320 83202 10255 20217 40039 76265 8577/ 333 10290 5649/ 58019 60012=
48062 32456 82307 10286 20270 40051 86970 333 10310 56590 58022 60002=
48071 21456 82302 10260 20257 40065 76066 8597/ 333 10290 5659/ 58027 60272=
48075 21456 71401 10250 20219 40083 72055 85770 333 10280 56390 58030 69902=
48077 21556 80000 10270 20256 40064 70262 85970 333 10306 56490 58031 60122=
48078 21440 81802 10250 20242 40097 75065 8572/ 333 10288 56499 58038 60112=
48080 21457 81302 10265 20256 40068 75065 85770 333 10290 56490 58018 60412=
48085 NIL=
48095 22456 70000 10265 20246 83670 333 10274 56990 60212=
48108 21493 81402 10250 20233 40110 72065 8532/ 333 10315 5699/ 58017 60102=
48109 21396 72310 10258 20246 40087 76365 85970 333 10300 56990 58011 60132=
48110 32596 83202 10295 20256 40107 82357 333 10335 56999 58005 60002=
48112 21597 80902 10290 20248 40106 75055 84876 333 10338 56299 58004 69902=
48030 21230 82201 10186 20186 75055 8684/ 333 10217 56599 60042=
48072 21456 80000 10270 20256 70355 86970 333 10295 56590 60112=
48087 22450 80000 10250 20250 8597/ 333 10296 5649/ 60202=
48099 21330 71301 10250 20250 40108 70151 85930 333 10300 56490 58035 60192=
48101 22556 72301 10273 20256 84325 333 10283 56599 60262=
48103 22440 71402 10273 20256 40098 84730 333 10295 56330 58025 60242=
48057 21456 81403 10210 20195 75055 86950 333 10245 56490 69902=
48094 32456 82201 10275 20240 40079 84970 333 10293 56590 58017 60002=
48097 NIL=
48031 21/07 92201 10190 20190 74764 89/// 333 10215 56999 60182=
48033 32562 42301 10315 20265 40038 84900 333 10330 56500 58026 60002=
48034 21456 72301 10235 20220 75055 87300 333 10257 56500 60052=
48039 32460 71401 10319 20265 85960 333 10327 56770 60002=
48043 32520 81803 10235 20226 8587/ 333 10260 56599 60002=
48052 22450 70000 10260 20260 85970 333 10354 56990 60092=
48055 22456 82202 10233 20214 40060 8697/ 333 10295 5659/ 58038 60052=
48064 21450 80000 10284 20250 40036 84820 333 10310 56440 58023 60032=
48065 32450 80402 10280 20268 85570 333 10310 56990 60002=
48074 22357 71803 10260 20260 40074 84770 333 10290 56440 58025 60102=
48092 22456 71802 10270 20248 40072 84331 333 10300 56499 58024 60012=
48093 21440 82701 10258 20246 70255 8637/ 333 10291 56599 60152=
48107 21330 81301 10232 20232 40107 70166 8597/ 333 10306 5655/ 58015 60112=  