220000 48001 21440 80000 10248 20233 40041 70366 8672/ 333 20235 56629 59008 60042=
220000 48004 21110 80000 10253 20253 70365 8697/ 333 20220 56559 60042=
220000 48008 32556 70000 10260 20246 40061 84970 333 20245 56430 58021=
220000 48010 21420 80000 10260 20253 40046 75155 8572/ 333 20250 56339 58013 69902=
220000 48018 21556 80000 10250 20250 40063 76396 8597/ 333 20245 56999 58025 60432=
220000 48019 21440 82301 10250 20250 40058 76566 8577/ 333 20248 56999 58023 60022=
220000 48020 21250 80000 10252 20243 70366 887// 333 20236 56499 60172=
220000 48025 21110 80000 10256 20256 40055 70365 8577/ 333 20250 56699 58016 60222=
220000 48030 21256 82201 10170 20170 70166 8684/ 333 20166 56569 60262=
220000 48031 21/57 82201 10180 20180 70264 888// 333 20175 56999 60122=
220000 48033 32561 71302 10263 20246 40068 85906 333 20250 56409 58026 60002=
220000 48034 21248 81802 10203 20199 75165 8692/ 333 20200 5659/ 60152=
220000 48035 21120 80000 10217 20205 40073 76296 8692/ 333 20210 5699/ 58027 60452=
220000 48037 21556 63601 10277 20250 40046 70355 8563/ 333 20263 56449 58032 60012=
220000 48039 21456 71401 10270 20240 70355 83560 333 20269 56550 69902=
220000 48042 22557 72202 10275 20245 40052 84850 333 20260 56440 58015 60012=
220000 48043 22520 81803 10210 20210 8687/ 333 20180 56599 60022=
220000 48048 21550 42201 10266 20240 40051 72050 84800 333 20260 56440 58019 69902=
220000 48051 21556 80901 10260 20250 75055 86970 333 20254 56390 60032=
220000 48052 32450 61301 10270 20240 85920 333 20265 56990 60002=
220000 48053 32450 81802 10260 20229 40067 8597/ 333 20250 56499 58027 60002=
220000 48055 32456 80000 10212 20204 40078 8597/ 333 20206 5659/ 58020 60032=
220000 48057 21356 81401 10195 20195 70265 86950 333 20185 56490 60202=
220000 48060 21320 82302 10225 20217 40075 75165 8577/ 333 20216 5649/ 58011 60042=
220000 48062 21456 81803 10260 20260 40058 70355 86970 333 20240 56990 58031 60042=
220000 48064 22450 80401 10265 20229 40052 84870 333 20230 56440 58025=
220000 48065 22450 81402 10265 20256 85570 333 20235 56490=
220000 48071 21456 70000 10260 20258 40060 76162 84970 333 20240 56990 58025 60082=
220000 48074 21350 80000 10250 20250 40076 70265 8672/ 333 20230 56499 58024 60022=
220000 48075 21456 80000 10215 20190 40080 72065 8697/ 333 5659/ 58012=
220000 48077 22556 80000 10260 20246 40064 85970 333 20240 56490 58029 60002=
220000 48078 21440 71801 10250 20242 40087 70265 8477/ 333 20235 56499 58030 60032=
220000 48080 21456 82205 10252 20250 40080 76166 85920 333 20245 56490 58030 60132=
220000 48085 21356 81804 10252 20250 40076 76066 86720 333 20249 56490 58033 60302=
220000 48087 22450 70000 10260 20246 70322 8497/ 333 20250 5649/ 60062=
220000 48092 21450 61301 10250 20250 40071 75055 8692/ 333 20240 5699/ 58027 60032=
220000 48093 21440 81401 10252 20248 75165 8697/ 333 20242 56999 60102=
220000 48094 21456 60000 10255 20250 40083 72166 84970 333 20205 56590 58035 60082=
220000 48097 21457 82401 10245 20245 40093 75055 8597/ 333 20240 5659/ 58037 60042=
220000 48099 21990 81301 10240 20240 40096 76065 8697/ 333 20230 5649/ 58043 60402=
220000 48101 21450 82301 10255 20246 75155 8697/ 333 20215 5659/ 60182=
220000 48103 21430 82202 10230 20230 40058 76066 8672/ 333 20225 5659/ 59001 60502=
220000 48107 21330 62301 10240 20240 40104 70166 84970 333 20230 56550 58029 60192=  
220000 48108 21493 81402 10240 20233 40112 70255 85377 333 20230 56999 58029 60042=
220000 48109 22496 62308 10267 20240 40093 84930 333 20198 56990 58034 60072=
220000 48110 22496 80000 10245 20237 40114 84357 333 20240 56599 58017 69902=
220000 48112 22597 80405 10245 20226 40112 84876 333 20192 56199 58021 60202=
