22-JUL-2015 12 48008 2 2 4 56 8 23 01 10 283 20 268 3 0000 4 0041 5 0000 6 000 0 7 00 0 0 8 4 9 7 / 333 10 293 58 008 6 006 2 7 0000 
22-JUL-2015 12 48010 2 2 4 30 7 00 00 10 275 20 274 3 0000 4 0032 5 0000 6 000 0 7 00 0 0 8 4 9 7 0 333 10 276 58 007 6 099 2 7 0000 
22-JUL-2015 12 48018 2 2 5 58 7 14 01 10 310 20 254 3 0000 4 0042 5 0000 6 000 0 7 00 0 0 8 3 3 7 2 333 10 315 58 012 6 012 2 7 0000 
22-JUL-2015 12 48019 2 2 4 50 6 00 00 10 282 20 268 3 0000 4 0034 5 0000 6 000 0 7 00 0 0 8 2 2 3 5 333 10 283 58 015 6 034 2 7 0000 
22-JUL-2015 12 48025 2 1 4 50 6 22 01 10 278 20 268 3 0000 4 0036 5 0000 6 000 0 7 21 5 5 8 5 3 4 0 333 10 305 58 014 6 004 2 7 0000 
22-JUL-2015 12 48033 3 2 5 62 4 23 01 10 315 20 265 3 0000 4 0038 5 0000 6 000 0 7 00 0 0 8 4 9 0 0 333 10 330 58 026 6 000 2 7 0000 
22-JUL-2015 12 48035 2 1 4 60 7 22 04 10 237 20 226 3 0000 4 0041 5 0000 6 000 0 7 60 6 6 8 5 9 7 0 333 10 287 58 032 6 003 2 7 0000 
22-JUL-2015 12 48037 3 2 5 60 4 18 01 10 329 20 244 3 0000 4 0023 5 0000 6 000 0 7 00 0 0 8 2 3 3 2 333 10 335 59 001 6 000 2 7 0000 
22-JUL-2015 12 48042 3 2 5 59 6 18 06 10 317 20 248 3 0000 4 0039 5 0000 6 000 0 7 00 0 0 8 4 8 0 2 333 10 360 58 028 6 000 2 7 0000 
22-JUL-2015 12 48048 3 2 5 50 6 22 01 10 307 20 237 3 0000 4 0037 5 0000 6 000 0 7 00 0 0 8 5 9 5 0 333 10 345 58 025 6 000 2 7 0000 
22-JUL-2015 12 48053 2 1 4 50 8 18 01 10 250 20 250 3 0000 4 0063 5 0000 6 000 0 7 50 6 5 8 5 9 5 / 333 10 310 58 037 6 006 2 7 0000 
22-JUL-2015 12 48055 2 2 4 56 8 22 02 10 233 20 214 3 0000 4 0060 5 0000 6 000 0 7 00 0 0 8 6 9 7 / 333 10 295 58 038 6 005 2 7 0000 
22-JUL-2015 12 48060 2 1 3 20 8 32 02 10 255 20 217 3 0000 4 0039 5 0000 6 000 0 7 62 6 5 8 5 7 7 / 333 10 290 58 019 6 001 2 7 0000 
22-JUL-2015 12 48062 3 2 4 56 8 23 07 10 286 20 270 3 0000 4 0051 5 0000 6 000 0 7 00 0 0 8 6 9 7 0 333 10 310 58 022 6 000 2 7 0000 
22-JUL-2015 12 48064 2 1 4 50 8 00 00 10 284 20 250 3 0000 4 0036 5 0000 6 000 0 7 00 0 0 8 4 8 2 0 333 10 310 58 023 6 003 2 7 0000 
22-JUL-2015 12 48071 2 1 4 56 8 23 02 10 260 20 257 3 0000 4 0065 5 0000 6 000 0 7 60 6 6 8 5 9 7 / 333 10 290 58 027 6 027 2 7 0000 
22-JUL-2015 12 48074 2 2 3 57 7 18 03 10 260 20 260 3 0000 4 0074 5 0000 6 000 0 7 00 0 0 8 4 7 7 0 333 10 290 58 025 6 010 2 7 0000 
22-JUL-2015 12 48075 2 1 4 56 7 14 01 10 250 20 219 3 0000 4 0083 5 0000 6 000 0 7 20 5 5 8 5 7 7 0 333 10 280 58 030 6 990 2 7 0000 
22-JUL-2015 12 48077 2 1 5 56 8 00 00 10 270 20 256 3 0000 4 0064 5 0000 6 000 0 7 02 6 2 8 5 9 7 0 333 10 306 58 031 6 012 2 7 0000 
22-JUL-2015 12 48078 2 1 4 40 8 18 02 10 250 20 242 3 0000 4 0097 5 0000 6 000 0 7 50 6 5 8 5 7 2 / 333 10 288 58 038 6 011 2 7 0000 
22-JUL-2015 12 48080 2 1 4 57 8 13 02 10 265 20 256 3 0000 4 0068 5 0000 6 000 0 7 50 6 5 8 5 7 7 0 333 10 290 58 018 6 041 2 7 0000 
22-JUL-2015 12 48092 2 2 4 56 7 18 02 10 270 20 248 3 0000 4 0072 5 0000 6 000 0 7 00 0 0 8 4 3 3 1 333 10 300 58 024 6 001 2 7 0000 
22-JUL-2015 12 48094 3 2 4 56 8 22 01 10 275 20 240 3 0000 4 0079 5 0000 6 000 0 7 00 0 0 8 4 9 7 0 333 10 293 58 017 6 000 2 7 0000 
22-JUL-2015 12 48097 2 1 5 57 6 24 01 10 275 20 262 3 0000 4 0109 5 0000 6 000 0 7 02 6 5 8 3 8 3 1 333 10 290 58 037 6 011 2 7 0000 
22-JUL-2015 12 48099 2 1 3 30 7 13 01 10 250 20 250 3 0000 4 0108 5 0000 6 000 0 7 01 5 1 8 5 9 3 0 333 10 300 58 035 6 019 2 7 0000 
22-JUL-2015 12 48103 2 2 4 40 7 14 02 10 273 20 256 3 0000 4 0098 5 0000 6 000 0 7 00 0 0 8 4 7 3 0 333 10 295 58 025 6 024 2 7 0000 
22-JUL-2015 12 48107 2 1 3 30 8 13 01 10 232 20 232 3 0000 4 0107 5 0000 6 000 0 7 01 6 6 8 5 9 7 / 333 10 306 58 015 6 011 2 7 0000 
22-JUL-2015 12 48108 2 1 4 93 8 14 02 10 250 20 233 3 0000 4 0110 5 0000 6 000 0 7 20 6 5 8 5 3 2 / 333 10 315 58 017 6 010 2 7 0000 
22-JUL-2015 12 48109 2 1 3 96 7 23 10 10 258 20 246 3 0000 4 0087 5 0000 6 000 0 7 63 6 5 8 5 9 7 0 333 10 300 58 011 6 013 2 7 0000 
22-JUL-2015 12 48110 3 2 5 96 8 32 02 10 295 20 256 3 0000 4 0107 5 0000 6 000 0 7 00 0 0 8 2 3 5 7 333 10 335 58 005 6 000 2 7 0000 
22-JUL-2015 12 48112 2 1 5 97 8 09 02 10 290 20 248 3 0000 4 0106 5 0000 6 000 0 7 50 5 5 8 4 8 7 6 333 10 338 58 004 6 990 2 7 0000 
