48001 22440 60401 10270 20226 40051 84850 333 56550 59012=
48004 32358 72201 10267 20256 87900 333 56500=
48008 31450 80000 10253 20246 40049 79595 8497/ 333 56179 59004=
48010 21440 70000 10265 20265 40061 8577/ 333 56699 58012=
48018 21456 83201 10253 20233 40058 76196 8497/ 333 56999 58009=
48019 22457 80902 10285 20250 40042 8577/ 333 56569 58003=
48020 22356 63602 10285 20259 86800 333 56500=
48025 32440 63602 10316 20265 40039 84841 333 56799 58012=
48030 22357 52202 10210 20143 80046 333 56069=
48031 31260 43201 10225 20150 70544 82802 333 56909=
48033 32562 51801 10290 20248 40040 84830 333 56490 58002=
48034 22456 62301 10227 20198 86300 333 56500=
48035 32560 72202 10257 20215 40038 85960 333 56190 59009=
48037 32556 81401 10305 20254 40037 8533/ 333 56999 58010=
48039 32460 42201 10300 20239 82802 333 56707=
48042 32558 31301 10303 20239 40043 82802 333 56409 58000=
48043 32757 51805 10250 20205 83230 333 56590=
48045 21556 70401 10210 20175 70264 87700 333 56300=
48048 32558 62201 10315 20248 40045 85950 333 56490 59004=
48051 32559 63101 10306 20270 70322 85930 333 56690=
48052 32460 51301 10320 20248 85900 333 56400=
48053 32456 61802 10330 20253 40052 82556 333 56559 59004=
48055 22456 70902 10245 20214 40048 85970 333 56590 59007=
48057 22456 62201 10215 20205 86300 333 56500=
48060 21330 80000 10245 20230 40060 75155 8477/ 333 5659/ 59005=
48062 32558 80903 10310 20300 40049 70322 86930 333 56990 58001=
48064 32560 50401 10305 20267 40026 83831 333 56449 59013=
48065 32565 50405 10310 20267 83830 333 56590=
48071 22458 71301 10298 20266 40054 85970 333 56990 59006=
48072 22459 82302 10275 20268 70322 86970 333 56990=
48074 32458 73204 10275 20250 40066 84860 333 56550 58000=
48075 22457 70000 10250 20230 40077 85360 333 56590 58007=
48077 32558 80000 10270 20256 85931 333 56499 59005=
48078 22556 51401 10278 20250 40072 83531 333 56599 58004=
48080 21457 81303 10215 20250 40066 76096 85720 333 56690 58011=
48085 21350 80406 10237 20230 40070 79596 86920 333 56590 58013=
48087 21450 82302 10270 20256 70322 8437/ 333 5649/=
48092 21440 82302 10250 20250 40056 76196 889// 333 565// 58001=
48093 21556 82301 10250 20250 76366 8697/ 333 56697=
48094 21456 80000 10255 20255 40077 75095 8597/ 333 56699 58012=
48095 21456 80000 10255 20255 76565 84970 333 56990=
48096 21450 82405 10250 20250 40082 76061 8597/ 333 5659/ 58014=
48097 21456 80401 10250 20250 40068 75065 8597/ 333 5659/ 59002=
48099 21340 81301 10255 20255 40078 70265 86970 333 56390 59010=
48101 21557 82701 10278 20268 75055 8497/ 333 5699/=
48103 22350 71401 10283 20250 40075 85770 333 56330 59006=
48107 22330 72701 10270 20256 40091 85970 333 56550 59006=
48108 21494 81401 10245 20245 40108 75196 8697/ 333 5699/ 59002=
48109 21496 82301 10250 20233 40088 79599 8697/ 333 5699/ 58007=
48110 21495 83603 10290 20259 40111 70255 84377 333 56599 59005=
48112 21496 81402 10250 20250 40125 79595 8697/ 333 5639/ 58009 =  