220900 48004 32560 51301 10340 20257 85900 333 56500=
220900 48008 32557 50000 10314 20237 40016 83930 333 56880 59009=
220900 48010 32560 41801 10330 20275 49993 83803 333 56550 59005=
220900 48018 22560 51402 10323 20236 40020 70122 82862 333 56569 58014=
220900 48019 22460 43203 10322 20265 40016 83660 333 56450 59000=
220900 48020 32358 53602 10375 20285 85800 333 56400=
220900 48025 32456 63201 10281 20255 40994 84840 333 56550 59003=
220900 48030 32356 62203 10257 20138 84940 333 56560=
220900 48031 32258 42201 10290 20140 70544 84800 333 56400=
220900 48033 32562 41801 10350 20237 40009 84800 333 56900 58000=
220900 48034 32457 42302 10286 20215 84800 333 56500=
220900 48035 32559 72203 10306 20225 40988 85960 333 56790 58003=
220900 48037 32560 41801 10331 20244 40012 80035 333 56066 59013=
220900 48039 21450 72201 10265 20265 76369 87700 333 56500=
220900 48042 31558 61802 10310 20254 40012 71722 85902 333 56509 58014=
220900 48043 32757 21805 10275 20220 82200 333 56500=
220900 48048 32558 62201 10308 20255 40007 85950 333 56490 58004=
220900 48051 32559 53601 10378 20260 70322 84930 333 56690=
220900 48052 32468 31301 10370 20258 83800 333 56900=
220900 48053 32456 51802 10340 20288 40014 84950 333 56590 59004=
220900 48055 21456 71403 10235 20227 40021 71796 86902 333 56409 58032=
220900 48057 32458 62202 10260 20203 84350 333 56590=
220900 48060 22450 52201 10275 20230 40009 71022 83830 333 56590 58005=
220900 48062 32558 51805 10340 20300 40030 83902 333 56409 58005=
220900 48064 31468 70401 10330 20275 40006 71799 85970 333 56440 58014=
220900 48065 31465 71402 10315 20265 71799 85970 333 56990=
220900 48071 32460 72704 10335 20270 40033 85970 333 56990 58003=
220900 48072 32460 80904 10310 20267 86930 333 56990=
220900 48074 32458 71401 10325 20265 40040 85960 333 56440 58012=
220900 48075 32557 71401 10290 20250 40029 85360 333 56590 59026=
220900 48077 32558 82302 10298 20253 40028 85931 333 56499 58001=
220900 48078 31550 71802 10286 20254 40057 71799 8497/ 333 56499 58013=
220900 48080 21458 80403 10270 20256 40052 70255 85870 333 56590 58006=
220900 48085 21356 82202 10258 20256 40042 72165 86920 333 56590 58004=
220900 48087 21456 82302 10252 20252 75065 8597/ 333 5649/=
220900 48092 21456 82303 10280 20250 40035 75055 8697/ 333 5669/ 58016=
220900 48093 21456 81401 10260 20246 70255 8697/ 333 56999=
220900 48094 21357 80000 10245 20245 40055 76166 8592/ 333 56599 58007=
220900 48095 21458 82202 10260 20260 76522 85970 333 56990=
220900 48097 22457 72102 10270 20240 40060 873// 333 569// 58002=
220900 48099 21220 81301 10250 20250 40062 76165 8697/ 333 5699/ 58020=
220900 48101 21457 80000 10260 20246 75165 8597/ 333 5659/=
220900 48103 21340 81401 10262 20262 40058 79596 8692/ 333 5633/ 58012=
220900 48107 21330 82301 10252 20252 40075 75166 8597/ 333 5655/ 58005=
220900 48108 21495 82303 10270 20256 40080 72055 8637/ 333 5649/ 58002=
220900 48110 21495 81304 10270 20256 40092 70255 8632/ 333 5699/ 58000=
220900 48112 22597 82210 10303 20253 40098 83876 333 56499 58008=  48052 32468 31301 10370 20258 83800 333 56900=  
