220000 48008 31550 50000 10175 20147 40106 71044 82430 333 20165 56450 59015=
220000 48010 31920 00000 10175 20172 40107 70544 333 20170 59015=
220000 48018 31940 01401 10185 20165 40115 71044 333 20168 58001=
220000 48019 32940 00000 10159 20150 40102 333 20156 59012=
220000 48025 31410 13201 10210 20143 40107 70544 81500 333 20202 56900 59012=
220000 48030 31950 02202 10084 20035 70544 333 20073=
220000 48033 32960 00401 10220 20173 40100 333 20210 58000=
220000 48034 32956 00000 10125 20083 333 20115=
220000 48035 31/05 90000 10113 20110 40141 74744 333 20106 58004=
220000 48037 31920 00000 10220 20136 40082 70544 333 20210 59018=
220000 48039 31950 20000 10230 20181 70511 81402 333 20228 56909=
220000 48042 31956 01802 10270 20191 40084 70500 333 20235 59013=
220000 48043 32930 00000 10180 20147 333 20140=
220000 48048 32940 00401 10207 20160 40092 333 20202 59015=
220000 48051 31940 00000 10176 20160 71000 333 20170=
220000 48052 32950 00000 10220 20156 333 20212=
220000 48053 32550 41802 10260 20203 40092 82506 333 20256 56509 59002=
220000 48055 31940 00000 10106 20095 40154 71000 333 20102 58005=
220000 48057 32950 01801 10162 20123 333 20140=
220000 48060 31910 00000 10170 20135 40156 74244 333 20144 58002=
220000 48062 31930 00401 10190 20180 40103 74042 333 20170 59008=
220000 48064 32950 11401 10250 20186 40070 80001 333 20173 56009 59015=
220000 48065 32950 00000 10250 20167 333 20220=
220000 48071 31910 00000 10200 20198 40100 74444 333 20195 59008=
220000 48074 31950 00000 10250 20205 40111 70500 333 20238 59003=
220000 48075 31956 00000 10165 20150 40153 70500 333 20150 58005=
220000 48077 31956 00000 10220 20185 40099 70500 333 20198 58007=
220000 48078 32440 51401 10257 20232 40109 85701 333 20241 56409 58003=
220000 48080 31908 00000 10154 20134 40112 74044 333 20143 58002=
220000 48085 31450 50000 10194 20190 40104 74044 85800 333 20192 56700 59005=
220000 48087 31940 20000 10190 20175 71044 80040 333 20170 56090=
220000 48092 31/01 90902 10200 20200 40101 74344 333 20195 58020=
220000 48093 32940 20401 10235 20226 80001 333 20233 56009=
220000 48094 31956 00000 10210 20200 40104 71000 333 20172 59001=
220000 48096 31930 00602 10230 20210 40113 71000 333 20216 58006=
220000 48097 32556 40000 10225 20210 40117 70511 84500 333 20213 56900 58008=
220000 48099 32330 62303 10274 20256 40109 84830 333 20258 56590 58005=
220000 48101 31950 20000 10205 20205 70244 80001 333 20176 56009=
220000 48103 32540 41401 10268 20226 40112 84500 333 20239 56300 58000=
220000 48107 32930 00902 10222 20205 40114 333 20212 58001=
220000 48108 31594 60000 10231 20222 40115 71022 83406 333 20218 56909 58001=
220000 48109 32496 40000 10233 20214 40115 84500 333 20220 56900 59007=L 48110 31995 41802 10260 20246 40118 70522 80006 333 20260 56009 59003=
220000 48112 32597 70401 10262 20246 40121 83876 333 20222 56199 58007=  
