221200 48004 31556 10000 10315 20236 70511 81100 333 10365 56900=
221200 48008 31550 51401 10304 20149 40064 70544 82430 333 56330 59005=
221200 48010 31040 00000 10315 20248 40051 70544 333 10365 59015=
221200 48018 31956 90000 10310 20189 40071 71044 89333 333 10350 56999 59005=
221200 48019 31950 00000 10290 20230 40061 70522 333 10331 59005=
221200 48020 31950 00000 10300 20207 70500 333 10370=
221200 48025 31440 13201 10336 20164 40056 70544 81500 333 10355 56900 59008=
221200 48030 31950 02204 10230 20074 70544 333 10249=
221200 48031 31956 02201 10220 20065 70544 333 10267=
221200 48033 32962 01301 10350 20240 40048 333 10375 59011=
221200 48034 31956 00000 10262 20138 70500 333 10325=
221200 48035 31510 10000 10271 20154 40029 70200 81500 333 10340 56900 59005=
221200 48037 31940 00000 10369 20227 40050 70544 333 10390 58007=
221200 48039 32456 30000 10349 20202 83400 333 10390 56900=
221200 48042 32957 00000 10350 20202 40043 333 10396 59013=
221200 48043 32030 00000 10270 20172 333 10315=
221200 48045 31956 00000 10252 20105 70400 333 10292=
221200 48048 31950 02201 10357 20195 40042 71044 333 10405 59010=
221200 48051 32958 01303 10320 20200 70200 333 10390=
221200 48052 32958 02202 10380 20159 333 10410=
221200 48053 32950 00000 10360 20214 40049 333 10395 59004=
221200 48055 31956 02306 10327 20109 40021 70500 333 10367 59012=
221200 48057 32956 02202 10270 20133 333 10315=
221200 48060 31920 00000 10283 20158 40073 74244 333 10323 58015=
221200 48062 31456 22708 10290 20230 40076 70500 82500 333 10325 56900 59006=
221200 48064 32950 01401 10360 20235 40036 333 10405 59008=
221200 48065 32950 00404 10370 20148 333 10405=
221200 48071 31956 03203 10285 20230 40085 70500 333 10310 58000=
221200 48072 32956 03203 10280 20220 333 10315=
221200 48074 31956 00000 10350 20219 40066 70500 333 10385 59001=
221200 48075 31456 22201 10300 20135 40066 70511 82100 333 10355 56500 59008=
221200 48077 31956 00000 10344 20164 40055 70500 333 10392 59000=
221200 48078 32557 21403 10349 20202 40067 81101 333 10383 56909 58004=
221200 48080 31457 12201 10290 20240 40087 70511 81500 333 10350 56900 59001=
221200 48085 32456 32702 10286 20230 40088 83800 333 10314 56700 58003=
221200 48087 32950 00000 10328 20124 333 10396=
221200 48092 31556 22301 10330 20275 40057 70522 81401 333 10370 56909 58006=
221200 48093 32650 21401 10325 20224 81101 333 10374 56509=
221200 48094 32956 03202 10305 20230 40088 333 10375 58004=
221200 48095 32956 02201 10310 20225 333 10370=
221200 48097 32556 51302 10320 20196 40091 83406 333 10376 56909 59003=
221200 48099 32440 22302 10323 20248 40086 81501 333 10378 56909 58000=
221200 48101 32956 20000 10308 20237 70311 80005 333 10357 56009=
221200 48103 32550 12201 10309 20254 40088 81500 333 10370 56500 58002=
221200 48107 32340 42302 10298 20253 40092 82906 333 10352 56509 58006=
221200 48108 32596 52301 10310 20246 40100 83406 333 10362 56909 58003=
221200 48110 31496 81305 10305 20238 40105 71722 85307 333 10365 56909 58006=
221200 48112 32597 81101 10317 20248 40100 70222 83806 333 10360 56599 58005=  
