22-MAR-2015 00 48008 3 1 5 50 5 00 00 10 175 20 147 3 0000 4 0106 5 0000 6 000 0 7 10 4 4 8 2 4 3 0 333 20 165 59 015 6 000 0 7 0000 
22-MAR-2015 00 48010 3 1 9 20 0 00 00 10 175 20 172 3 0000 4 0107 5 0000 6 000 0 7 05 4 4 8 0 0 0 0 333 20 170 59 015 6 000 0 7 0000 
22-MAR-2015 00 48018 3 1 9 40 0 14 01 10 185 20 165 3 0000 4 0115 5 0000 6 000 0 7 10 4 4 8 0 0 0 0 333 20 168 58 001 6 000 0 7 0000 
22-MAR-2015 00 48019 3 2 9 40 0 00 00 10 159 20 150 3 0000 4 0102 5 0000 6 000 0 7 00 0 0 8 0 0 0 0 333 20 156 59 012 6 000 0 7 0000 
22-MAR-2015 00 48025 3 1 4 10 1 32 01 10 210 20 143 3 0000 4 0107 5 0000 6 000 0 7 05 4 4 8 1 5 0 0 333 20 202 59 012 6 000 0 7 0000 
22-MAR-2015 00 48030 3 1 9 50 0 22 02 10 084 20 035 3 0000 4 0000 5 0000 6 000 0 7 05 4 4 8 0 0 0 0 333 20 073 58 000 6 000 0 7 0000 
22-MAR-2015 00 48033 3 2 9 60 0 04 01 10 220 20 173 3 0000 4 0100 5 0000 6 000 0 7 00 0 0 8 0 0 0 0 333 20 210 58 000 6 000 0 7 0000 
22-MAR-2015 00 48034 3 2 9 56 0 00 00 10 125 20 083 3 0000 4 0000 5 0000 6 000 0 7 00 0 0 8 0 0 0 0 333 20 115 58 000 6 000 0 7 0000 
22-MAR-2015 00 48035 3 1 / 05 9 00 00 10 113 20 110 3 0000 4 0141 5 0000 6 000 0 7 47 4 4 8 0 0 0 0 333 20 106 58 004 6 000 0 7 0000 
22-MAR-2015 00 48037 3 1 9 20 0 00 00 10 220 20 136 3 0000 4 0082 5 0000 6 000 0 7 05 4 4 8 0 0 0 0 333 20 210 59 018 6 000 0 7 0000 
22-MAR-2015 00 48039 3 1 9 50 2 00 00 10 230 20 181 3 0000 4 0000 5 0000 6 000 0 7 05 1 1 8 1 4 0 2 333 20 228 58 000 6 000 0 7 0000 
22-MAR-2015 00 48042 3 1 9 56 0 18 02 10 270 20 191 3 0000 4 0084 5 0000 6 000 0 7 05 0 0 8 0 0 0 0 333 20 235 59 013 6 000 0 7 0000 
22-MAR-2015 00 48043 3 2 9 30 0 00 00 10 180 20 147 3 0000 4 0000 5 0000 6 000 0 7 00 0 0 8 0 0 0 0 333 20 140 58 000 6 000 0 7 0000 
22-MAR-2015 00 48048 3 2 9 40 0 04 01 10 207 20 160 3 0000 4 0092 5 0000 6 000 0 7 00 0 0 8 0 0 0 0 333 20 202 59 015 6 000 0 7 0000 
22-MAR-2015 00 48051 3 1 9 40 0 00 00 10 176 20 160 3 0000 4 0000 5 0000 6 000 0 7 10 0 0 8 0 0 0 0 333 20 170 58 000 6 000 0 7 0000 
22-MAR-2015 00 48052 3 2 9 50 0 00 00 10 220 20 156 3 0000 4 0000 5 0000 6 000 0 7 00 0 0 8 0 0 0 0 333 20 212 58 000 6 000 0 7 0000 
22-MAR-2015 00 48053 3 2 5 50 4 18 02 10 260 20 203 3 0000 4 0092 5 0000 6 000 0 7 00 0 0 8 2 5 0 6 333 20 256 59 002 6 000 0 7 0000 
22-MAR-2015 00 48055 3 1 9 40 0 00 00 10 106 20 095 3 0000 4 0154 5 0000 6 000 0 7 10 0 0 8 0 0 0 0 333 20 102 58 005 6 000 0 7 0000 
22-MAR-2015 00 48057 3 2 9 50 0 18 01 10 162 20 123 3 0000 4 0000 5 0000 6 000 0 7 00 0 0 8 0 0 0 0 333 20 140 58 000 6 000 0 7 0000 
22-MAR-2015 00 48060 3 1 9 10 0 00 00 10 170 20 135 3 0000 4 0156 5 0000 6 000 0 7 42 4 4 8 0 0 0 0 333 20 144 58 002 6 000 0 7 0000 
22-MAR-2015 00 48062 3 1 9 30 0 04 01 10 190 20 180 3 0000 4 0103 5 0000 6 000 0 7 40 4 2 8 0 0 0 0 333 20 170 59 008 6 000 0 7 0000 
22-MAR-2015 00 48064 3 2 9 50 1 14 01 10 250 20 186 3 0000 4 0070 5 0000 6 000 0 7 00 0 0 8 0 0 0 1 333 20 173 59 015 6 000 0 7 0000 
22-MAR-2015 00 48065 3 2 9 50 0 00 00 10 250 20 167 3 0000 4 0000 5 0000 6 000 0 7 00 0 0 8 0 0 0 0 333 20 220 58 000 6 000 0 7 0000 
22-MAR-2015 00 48071 3 1 9 10 0 00 00 10 200 20 198 3 0000 4 0100 5 0000 6 000 0 7 44 4 4 8 0 0 0 0 333 20 195 59 008 6 000 0 7 0000 
22-MAR-2015 00 48074 3 1 9 50 0 00 00 10 250 20 205 3 0000 4 0111 5 0000 6 000 0 7 05 0 0 8 0 0 0 0 333 20 238 59 003 6 000 0 7 0000 
22-MAR-2015 00 48075 3 1 9 56 0 00 00 10 165 20 150 3 0000 4 0153 5 0000 6 000 0 7 05 0 0 8 0 0 0 0 333 20 150 58 005 6 000 0 7 0000 
22-MAR-2015 00 48077 3 1 9 56 0 00 00 10 220 20 185 3 0000 4 0099 5 0000 6 000 0 7 05 0 0 8 0 0 0 0 333 20 198 58 007 6 000 0 7 0000 
22-MAR-2015 00 48078 3 2 4 40 5 14 01 10 257 20 232 3 0000 4 0109 5 0000 6 000 0 7 00 0 0 8 5 7 0 1 333 20 241 58 003 6 000 0 7 0000 
22-MAR-2015 00 48080 3 1 9 08 0 00 00 10 154 20 134 3 0000 4 0112 5 0000 6 000 0 7 40 4 4 8 0 0 0 0 333 20 143 58 002 6 000 0 7 0000 
22-MAR-2015 00 48085 3 1 4 50 5 00 00 10 194 20 190 3 0000 4 0104 5 0000 6 000 0 7 40 4 4 8 5 8 0 0 333 20 192 59 005 6 000 0 7 0000 
22-MAR-2015 00 48087 3 1 9 40 2 00 00 10 190 20 175 3 0000 4 0000 5 0000 6 000 0 7 10 4 4 8 0 0 4 0 333 20 170 58 000 6 000 0 7 0000 
22-MAR-2015 00 48092 3 1 / 01 9 09 02 10 200 20 200 3 0000 4 0101 5 0000 6 000 0 7 43 4 4 8 0 0 0 0 333 20 195 58 020 6 000 0 7 0000 
22-MAR-2015 00 48093 3 2 9 40 2 04 01 10 235 20 226 3 0000 4 0000 5 0000 6 000 0 7 00 0 0 8 0 0 0 1 333 20 233 58 000 6 000 0 7 0000 
22-MAR-2015 00 48094 3 1 9 56 0 00 00 10 210 20 200 3 0000 4 0104 5 0000 6 000 0 7 10 0 0 8 0 0 0 0 333 20 172 59 001 6 000 0 7 0000 
22-MAR-2015 00 48096 3 1 9 30 0 06 02 10 230 20 210 3 0000 4 0113 5 0000 6 000 0 7 10 0 0 8 0 0 0 0 333 20 216 58 006 6 000 0 7 0000 
22-MAR-2015 00 48097 3 2 5 56 4 00 00 10 225 20 210 3 0000 4 0117 5 0000 6 000 0 7 05 1 1 8 4 5 0 0 333 20 213 58 008 6 000 0 7 0000 
22-MAR-2015 00 48099 3 2 3 30 6 23 03 10 274 20 256 3 0000 4 0109 5 0000 6 000 0 7 00 0 0 8 4 8 3 0 333 20 258 58 005 6 000 0 7 0000 
22-MAR-2015 00 48101 3 1 9 50 2 00 00 10 205 20 205 3 0000 4 0000 5 0000 6 000 0 7 02 4 4 8 0 0 0 1 333 20 176 58 000 6 000 0 7 0000 
22-MAR-2015 00 48103 3 2 5 40 4 14 01 10 268 20 226 3 0000 4 0112 5 0000 6 000 0 7 00 0 0 8 4 5 0 0 333 20 239 58 000 6 000 0 7 0000 
22-MAR-2015 00 48107 3 2 9 30 0 09 02 10 222 20 205 3 0000 4 0114 5 0000 6 000 0 7 00 0 0 8 0 0 0 0 333 20 212 58 001 6 000 0 7 0000 
22-MAR-2015 00 48108 3 1 5 94 6 00 00 10 231 20 222 3 0000 4 0115 5 0000 6 000 0 7 10 2 2 8 3 4 0 6 333 20 218 58 001 6 000 0 7 0000 
22-MAR-2015 00 48109 3 2 4 96 4 00 00 10 233 20 214 3 0000 4 0115 5 0000 6 000 0 7 00 0 0 8 4 5 0 0 333 20 220 59 007 6 000 0 7 0000 
22-MAR-2015 00 48112 3 2 5 97 7 04 01 10 262 20 246 3 0000 4 0121 5 0000 6 000 0 7 00 0 0 8 3 8 7 6 333 20 222 58 007 6 000 0 7 0000 
