220600 48001 32440 61801 10300 20228 40034 84950 333 56770 59006=
220600 48004 32360 70401 10316 20265 87900 333 56500=
220600 48008 32450 61401 10272 20240 40049 79596 8497/ 333 56439 59005=
220600 48010 32560 41801 10300 20266 40036 83830 333 56550 58003=
220600 48018 21558 70401 10280 20250 40099 72166 83872 333 56559 58018=
220600 48019 21458 83202 10280 20260 40040 75055 8577/ 333 56459 58010=
220600 48020 32358 63602 10340 20270 86200 333 56400=
220600 48025 32456 60401 10353 20240 40038 84840 333 56650 58011=
220600 48030 32357 42203 10250 20126 84900 333 56500=
220600 48031 32558 31401 10270 20154 70544 83800 333 56400=
220600 48033 32563 51801 10320 20248 40035 85900 333 56500 58011=
220600 48034 32457 62302 10266 20211 86300 333 56500=
220600 48035 32560 72201 10299 20207 40013 84961 333 56199 59012=
220600 48037 32558 61801 10306 20254 40039 8587/ 333 56669 58000=
220600 48039 32460 41401 10330 20244 84800 333 56700=
220600 48042 32559 41304 10340 20257 40032 84800 333 56400 58000=
220600 48043 32757 31805 10270 20211 83200 333 56500=
220600 48045 22557 61402 10251 20219 86300 333 56700=
220600 48048 32558 62201 10350 20240 40040 85950 333 56490 58002=
220600 48051 32559 43601 10350 20240 70122 83830 333 56990=
220600 48052 32465 62201 10352 20240 85920 333 56500=
220600 48053 32456 61804 10320 20265 40046 85950 333 56490 59012=
220600 48055 32456 70402 10280 20227 40023 86930 333 56590 59004=
220600 48057 32458 72202 10252 20186 85350 333 56690=
220600 48060 22440 60000 10265 20235 40039 70162 83870 333 56590 58009=
220600 48062 32558 51804 10360 20300 40049 70122 83931 333 56799 58006=
220600 48064 32570 40401 10347 20280 40022 82831 333 56449 59002=
220600 48065 32570 41405 10348 20240 82131 333 56999=
220600 48071 32458 73202 10320 20265 40055 85970 333 56990 58009=
220600 48072 32459 82701 10310 20267 70222 86830 333 56490=
220600 48074 32458 81402 10295 20239 40061 8596/ 333 56449 58004=
220600 48075 32557 61401 10270 20240 40066 84360 333 56590 58017=
220600 48077  32558 82301 10290 20259 40046 85931 333 56499 59000=
220600 48078 32557 61801 10300 20253 40065 84831 333 56599 58004=
220600 48080 21458 80401 10254 20250 40066 79596 85920 333 56590 58008=
220600 48085 21356 80403 10250 20250 40070 76066 86920 333 56590 58016=
220600 48087 21456 82303 10280 20250 72165 8597/ 333 5649/=
220600 48092 21457 82701 10275 20253 40050 70266 8697/ 333 5669/ 58000=
220600 48093 21456 82301 10264 20260 75065 8697/ 333 56599=
220600 48094 21457 80000 10245 20245 40073 8592/ 333 56999 58012=
220600 48095 32458 82203 10260 20260 83940 333 56590=
220600 48097 21457 72302 10280 20259 40045 70265 873// 333 565// 58007=
220600 48099 21330 83201 10252 20252 40078 75196 8697/ 333 5699/ 58010=
220600 48101 21457 82703 10270 20256 75165 8597/ 333 5669/=
220600 48103 21340 82201 10260 20246 40072 79196 8692/ 333 5655/ 59000=
220600 48107 32350 62301 10300 20266 40081 84970 333 56550 59002=
220600 48108 21495 82302 10250 20250 40102 75155 8697/ 333 5659/ 58002 555=
220600 48109 21396 81801 10252 20250 40101 79599 8697/ 333 5699/ 58026=
220600 48110 21495 81304 10255 20255 40114 75169 8632/ 333 5659/ 58007=
220600 48112 21496 81802 10275 20262 40115 70195 8697/ 333 5649/ 58006=  
