48001 31446 60401 10193 20139 40151 70544 84730 333 56510 59006=
48004 31556 12201 10210 20160 70511 81100 333 56900=
48008 31556 20401 10226 20143 40124 70544 82400 333 56100 59012=
48010 31056 01801 10210 20175 40126 70544 333 59019=
48018 31956 93201 10235 20163 40125 71044 333 59020=
48019 31957 00402 10202 20150 40121 70500 333 59008=
48020 31950 00000 10205 20160 70500 333 5////=
48025 31410 22701 10220 20136 40127 70544 82500 333 56900 59013=
48030 31950 02201 10130 29044 70544 333 5////=
48031 31960 03601 10210 29025 70544 333 5////=
48033 32962 01401 10260 20184 40104 333 59021=
48034 31956 00000 10190 20118 70500 333 5////=
48035 31920 01401 10199 20109 40113 70544 333 59017=
48037 31940 03601 10262 20138 40098 70544 333 59022=
48039 31950 22201 10308 20189 70511 80002 333 56009=
48042 31950 01802 10310 20189 40103 70500 333 59014=
48043 32058 01806 10260 20138 333 5////=
48045 31957 00403 10228 20045 70400 333 5////=
48048 31958 03201 10272 20172 40112 71044 333 59015=
48051 31956 03102 10233 20160 70500 333 5////=
48052 32968 00000 10275 20158 333 5////=
48053 31950 01803 10300 20223 40118 70500 333 58000=
48055 31948 02302 10230 20097 40132 70500 333 59005=
48057 32957 01402 10250 20105 333 5////=
48060 31920 00000 10216 20156 40144 74244 333 59003=
48062 31950 00401 10235 20190 40119 71042 333 59005=
48064 32960 01401 10285 20184 40101 333 59013=
48065 32968 00000 10295 20179 333 5////=
48071 32458 30000 10258 20229 40123 83200 333 56900 59005=
48072 32459 11301 10280 20233 81200 333 56600=
48074 32957 01801 10290 20196 40137 333 58002=
48075 31957 02201 10250 20210 40134 70500 333 59002=
48077 31958 00000 10250 20186 40112 70500 333 58000=
48078 32557 21801 10285 20217 40130 81501 333 56409 58000=
48080 31959 00902 10234 20198 40130 70244 333 59003=
48085 31457 13202 10254 20233 40125 70544 81800 333 56900 59007=
48087 32960 02301 10246 20219 333 5////=
48092 31950 01302 10290 20259 40115 70500 333 59002=
48093 32658 40401 10266 20240 83801 333 56109=
48094 32959 03202 10275 20230 40125 333 59002=
48095 32958 00401 10275 20226 333 5////=
48096 32957 01506 10270 20226 40131 333 58002=
48097 31957 01402 10300 20223 40131 70500 333 59007=
48099 31450 41302 10298 20239 40124 70144 84800 333 56300 59002=
48101 32959 00000 10268 20226 333 5////=
48103 32556 12202 10311 20225 40131 81500 333 56500 59002=
48107 31340 40901 10296 20207 40117 70544 84900 333 56500 59004=
48108 32596 51402 10295 20234 40134 83806 333 56509 58005=
48109 32997 00401 10282 20220 40142 333 59002=
48110 31596 41302 10310 20254 40126 70522 81106 333 56909 59009=
48112 32597 70401 10300 20253 40138 83876 333 56199 58005=  