22-MAR-2015 03 48001 3 1 4 46 6 04 01 10 193 20 139 3 0000 4 0151 5 0000 6 000 0 7 05 4 4 8 4 7 3 0 333 10 /// 59 006 6 000 0 7 0000 
22-MAR-2015 03 48004 3 1 5 56 1 22 01 10 210 20 160 3 0000 4 0000 5 0000 6 000 0 7 05 1 1 8 1 1 0 0 333 10 /// 58 000 6 000 0 7 0000 
22-MAR-2015 03 48008 3 1 5 56 2 04 01 10 226 20 143 3 0000 4 0124 5 0000 6 000 0 7 05 4 4 8 2 4 0 0 333 10 /// 59 012 6 000 0 7 0000 
22-MAR-2015 03 48010 3 1 0 56 0 18 01 10 210 20 175 3 0000 4 0126 5 0000 6 000 0 7 05 4 4 8 0 0 0 0 333 10 /// 59 019 6 000 0 7 0000 
22-MAR-2015 03 48018 3 1 9 56 9 32 01 10 235 20 163 3 0000 4 0125 5 0000 6 000 0 7 10 4 4 8 0 0 0 0 333 10 /// 59 020 6 000 0 7 0000 
22-MAR-2015 03 48019 3 1 9 57 0 04 02 10 202 20 150 3 0000 4 0121 5 0000 6 000 0 7 05 0 0 8 0 0 0 0 333 10 /// 59 008 6 000 0 7 0000 
22-MAR-2015 03 48020 3 1 9 50 0 00 00 10 205 20 160 3 0000 4 0000 5 0000 6 000 0 7 05 0 0 8 0 0 0 0 333 10 /// 5/ /// 6 000 0 7 0000 
22-MAR-2015 03 48025 3 1 4 10 2 27 01 10 220 20 136 3 0000 4 0127 5 0000 6 000 0 7 05 4 4 8 2 5 0 0 333 10 /// 59 013 6 000 0 7 0000 
22-MAR-2015 03 48030 3 1 9 50 0 22 01 10 130 20 000 3 0000 4 0000 5 0000 6 000 0 7 00 0 0 8 0 0 0 0 333 10 /// 58 000 6 000 0   333  
22-MAR-2015 03 48031 3 1 9 60 0 36 01 10 210 20 000 3 0000 4 0000 5 0000 6 000 0 7 00 0 0 8 0 0 0 0 333 10 /// 58 000 6 000 0   333  
22-MAR-2015 03 48033 3 2 9 62 0 14 01 10 260 20 184 3 0000 4 0104 5 0000 6 000 0 7 00 0 0 8 0 0 0 0 333 10 /// 59 021 6 000 0 7 0000 
22-MAR-2015 03 48034 3 1 9 56 0 00 00 10 190 20 118 3 0000 4 0000 5 0000 6 000 0 7 05 0 0 8 0 0 0 0 333 10 /// 5/ /// 6 000 0 7 0000 
22-MAR-2015 03 48035 3 1 9 20 0 14 01 10 199 20 109 3 0000 4 0113 5 0000 6 000 0 7 05 4 4 8 0 0 0 0 333 10 /// 59 017 6 000 0 7 0000 
22-MAR-2015 03 48037 3 1 9 40 0 36 01 10 262 20 138 3 0000 4 0098 5 0000 6 000 0 7 05 4 4 8 0 0 0 0 333 10 /// 59 022 6 000 0 7 0000 
22-MAR-2015 03 48039 3 1 9 50 2 22 01 10 308 20 189 3 0000 4 0000 5 0000 6 000 0 7 05 1 1 8 0 0 0 2 333 10 /// 58 000 6 000 0 7 0000 
22-MAR-2015 03 48042 3 1 9 50 0 18 02 10 310 20 189 3 0000 4 0103 5 0000 6 000 0 7 05 0 0 8 0 0 0 0 333 10 /// 59 014 6 000 0 7 0000 
22-MAR-2015 03 48043 3 2 0 58 0 18 06 10 260 20 138 3 0000 4 0000 5 0000 6 000 0 7 00 0 0 8 0 0 0 0 333 10 /// 5/ /// 6 000 0 7 0000 
22-MAR-2015 03 48045 3 1 9 57 0 04 03 10 228 20 045 3 0000 4 0000 5 0000 6 000 0 7 04 0 0 8 0 0 0 0 333 10 /// 5/ /// 6 000 0 7 0000 
22-MAR-2015 03 48048 3 1 9 58 0 32 01 10 272 20 172 3 0000 4 0112 5 0000 6 000 0 7 10 4 4 8 0 0 0 0 333 10 /// 59 015 6 000 0 7 0000 
22-MAR-2015 03 48051 3 1 9 56 0 31 02 10 233 20 160 3 0000 4 0000 5 0000 6 000 0 7 05 0 0 8 0 0 0 0 333 10 /// 5/ /// 6 000 0 7 0000 
22-MAR-2015 03 48052 3 2 9 68 0 00 00 10 275 20 158 3 0000 4 0000 5 0000 6 000 0 7 00 0 0 8 0 0 0 0 333 10 /// 5/ /// 6 000 0 7 0000 
22-MAR-2015 03 48053 3 1 9 50 0 18 03 10 300 20 223 3 0000 4 0118 5 0000 6 000 0 7 05 0 0 8 0 0 0 0 333 10 /// 58 000 6 000 0 7 0000 
22-MAR-2015 03 48055 3 1 9 48 0 23 02 10 230 20 097 3 0000 4 0132 5 0000 6 000 0 7 05 0 0 8 0 0 0 0 333 10 /// 59 005 6 000 0 7 0000 
22-MAR-2015 03 48057 3 2 9 57 0 14 02 10 250 20 105 3 0000 4 0000 5 0000 6 000 0 7 00 0 0 8 0 0 0 0 333 10 /// 5/ /// 6 000 0 7 0000 
22-MAR-2015 03 48060 3 1 9 20 0 00 00 10 216 20 156 3 0000 4 0144 5 0000 6 000 0 7 42 4 4 8 0 0 0 0 333 10 /// 59 003 6 000 0 7 0000 
22-MAR-2015 03 48062 3 1 9 50 0 04 01 10 235 20 190 3 0000 4 0119 5 0000 6 000 0 7 10 4 2 8 0 0 0 0 333 10 /// 59 005 6 000 0 7 0000 
22-MAR-2015 03 48064 3 2 9 60 0 14 01 10 285 20 184 3 0000 4 0101 5 0000 6 000 0 7 00 0 0 8 0 0 0 0 333 10 /// 59 013 6 000 0 7 0000 
22-MAR-2015 03 48065 3 2 9 68 0 00 00 10 295 20 179 3 0000 4 0000 5 0000 6 000 0 7 00 0 0 8 0 0 0 0 333 10 /// 5/ /// 6 000 0 7 0000 
22-MAR-2015 03 48071 3 2 4 58 3 00 00 10 258 20 229 3 0000 4 0123 5 0000 6 000 0 7 00 0 0 8 3 2 0 0 333 10 /// 59 005 6 000 0 7 0000 
22-MAR-2015 03 48072 3 2 4 59 1 13 01 10 280 20 233 3 0000 4 0000 5 0000 6 000 0 7 00 0 0 8 1 2 0 0 333 10 /// 58 000 6 000 0 7 0000 
22-MAR-2015 03 48074 3 2 9 57 0 18 01 10 290 20 196 3 0000 4 0137 5 0000 6 000 0 7 00 0 0 8 0 0 0 0 333 10 /// 58 002 6 000 0 7 0000 
22-MAR-2015 03 48075 3 1 9 57 0 22 01 10 250 20 210 3 0000 4 0134 5 0000 6 000 0 7 05 0 0 8 0 0 0 0 333 10 /// 59 002 6 000 0 7 0000 
22-MAR-2015 03 48077 3 1 9 58 0 00 00 10 250 20 186 3 0000 4 0112 5 0000 6 000 0 7 05 0 0 8 0 0 0 0 333 10 /// 58 000 6 000 0 7 0000 
22-MAR-2015 03 48078 3 2 5 57 2 18 01 10 285 20 217 3 0000 4 0130 5 0000 6 000 0 7 00 0 0 8 1 5 0 1 333 10 /// 58 000 6 000 0 7 0000 
22-MAR-2015 03 48080 3 1 9 59 0 09 02 10 234 20 198 3 0000 4 0130 5 0000 6 000 0 7 02 4 4 8 0 0 0 0 333 10 /// 59 003 6 000 0 7 0000 
22-MAR-2015 03 48085 3 1 4 57 1 32 02 10 254 20 233 3 0000 4 0125 5 0000 6 000 0 7 05 4 4 8 1 8 0 0 333 10 /// 59 007 6 000 0 7 0000 
22-MAR-2015 03 48087 3 2 9 60 0 23 01 10 246 20 219 3 0000 4 0000 5 0000 6 000 0 7 00 0 0 8 0 0 0 0 333 10 /// 5/ /// 6 000 0 7 0000 
22-MAR-2015 03 48092 3 1 9 50 0 13 02 10 290 20 259 3 0000 4 0115 5 0000 6 000 0 7 05 0 0 8 0 0 0 0 333 10 /// 59 002 6 000 0 7 0000 
22-MAR-2015 03 48093 3 2 6 58 4 04 01 10 266 20 240 3 0000 4 0000 5 0000 6 000 0 7 00 0 0 8 3 8 0 1 333 10 /// 58 000 6 000 0 7 0000 
22-MAR-2015 03 48094 3 2 9 59 0 32 02 10 275 20 230 3 0000 4 0125 5 0000 6 000 0 7 00 0 0 8 0 0 0 0 333 10 /// 59 002 6 000 0 7 0000 
22-MAR-2015 03 48095 3 2 9 58 0 04 01 10 275 20 226 3 0000 4 0000 5 0000 6 000 0 7 00 0 0 8 0 0 0 0 333 10 /// 5/ /// 6 000 0 7 0000 
22-MAR-2015 03 48096 3 2 9 57 0 15 06 10 270 20 226 3 0000 4 0131 5 0000 6 000 0 7 00 0 0 8 0 0 0 0 333 10 /// 58 002 6 000 0 7 0000 
22-MAR-2015 03 48097 3 1 9 57 0 14 02 10 300 20 223 3 0000 4 0131 5 0000 6 000 0 7 05 0 0 8 0 0 0 0 333 10 /// 59 007 6 000 0 7 0000 
22-MAR-2015 03 48099 3 1 4 50 4 13 02 10 298 20 239 3 0000 4 0124 5 0000 6 000 0 7 01 4 4 8 4 8 0 0 333 10 /// 59 002 6 000 0 7 0000 
22-MAR-2015 03 48101 3 2 9 59 0 00 00 10 268 20 226 3 0000 4 0000 5 0000 6 000 0 7 00 0 0 8 0 0 0 0 333 10 /// 5/ /// 6 000 0 7 0000 
22-MAR-2015 03 48103 3 2 5 56 1 22 02 10 311 20 225 3 0000 4 0131 5 0000 6 000 0 7 00 0 0 8 1 5 0 0 333 10 /// 59 002 6 000 0 7 0000 
22-MAR-2015 03 48107 3 1 3 40 4 09 01 10 296 20 207 3 0000 4 0117 5 0000 6 000 0 7 05 4 4 8 4 9 0 0 333 10 /// 59 004 6 000 0 7 0000 
22-MAR-2015 03 48108 3 2 5 96 5 14 02 10 295 20 234 3 0000 4 0134 5 0000 6 000 0 7 00 0 0 8 3 8 0 6 333 10 /// 58 005 6 000 0 7 0000 
22-MAR-2015 03 48109 3 2 9 97 0 04 01 10 282 20 220 3 0000 4 0142 5 0000 6 000 0 7 00 0 0 8 0 0 0 0 333 10 /// 59 002 6 000 0 7 0000 
22-MAR-2015 03 48110 3 1 5 96 4 13 02 10 310 20 254 3 0000 4 0126 5 0000 6 000 0 7 05 2 2 8 1 1 0 6 333 10 /// 59 009 6 000 0 7 0000 
22-MAR-2015 03 48112 3 2 5 97 7 04 01 10 300 20 253 3 0000 4 0138 5 0000 6 000 0 7 00 0 0 8 3 8 7 6 333 10 /// 58 005 6 000 0 7 0000 
