22-NOV-2015 09 48001 3 2 4 40 1 36 01 10 235 20 209 3 0000 4 0141 5 0000 6 000 0 7 00 0 0 8 1 1 0 0 333 10 /// 58 000 6 000 0 7 0000 
22-NOV-2015 09 48004 3 2 5 63 2 32 01 10 260 20 160 3 0000 4 0000 5 0000 6 000 0 7 00 0 0 8 1 1 0 2 333 10 /// 58 000 6 000 0 7 0000 
22-NOV-2015 09 48008 3 2 5 58 3 00 00 10 285 20 179 3 0000 4 0131 5 0000 6 000 0 7 00 0 0 8 1 8 3 0 333 10 /// 59 000 6 000 0 7 0000 
22-NOV-2015 09 48010 3 2 5 60 2 00 00 10 290 20 196 3 0000 4 0129 5 0000 6 000 0 7 00 0 0 8 2 8 0 0 333 10 /// 59 001 6 000 0 7 0000 
22-NOV-2015 09 48018 3 2 5 59 3 00 00 10 298 20 185 3 0000 4 0127 5 0000 6 000 0 7 00 0 0 8 1 8 6 5 333 10 /// 58 004 6 000 0 7 0000 
22-NOV-2015 09 48019 3 2 9 60 0 14 02 10 299 20 179 3 0000 4 0123 5 0000 6 000 0 7 00 0 0 8 0 0 0 0 333 10 /// 58 010 6 000 0 7 0000 
22-NOV-2015 09 48020 3 2 4 60 1 04 03 10 282 20 203 3 0000 4 0000 5 0000 6 000 0 7 00 0 0 8 1 2 0 0 333 10 /// 58 000 6 000 0 7 0000 
22-NOV-2015 09 48025 3 2 4 56 3 36 01 10 280 20 184 3 0000 4 0139 5 0000 6 000 0 7 00 0 0 8 2 1 4 0 333 10 /// 58 004 6 000 0 7 0000 
22-NOV-2015 09 48030 3 2 9 60 0 22 02 10 216 20 035 3 0000 4 0000 5 0000 6 000 0 7 00 0 0 8 0 0 0 0 333 10 /// 58 000 6 000 0 7 0000 
22-NOV-2015 09 48031 3 2 9 60 0 04 01 10 215 20 087 3 0000 4 0000 5 0000 6 000 0 7 00 0 0 8 0 0 0 0 333 10 /// 58 000 6 000 0 7 0000 
22-NOV-2015 09 48033 3 2 9 63 0 36 01 10 300 20 207 3 0000 4 0112 5 0000 6 000 0 7 00 0 0 8 0 0 0 0 333 10 /// 59 009 6 000 0 7 0000 
22-NOV-2015 09 48034 3 2 4 56 1 18 01 10 275 20 119 3 0000 4 0000 5 0000 6 000 0 7 00 0 0 8 1 5 0 0 333 10 /// 58 000 6 000 0 7 0000 
22-NOV-2015 09 48035 3 2 5 60 2 32 02 10 266 20 154 3 0000 4 0103 5 0000 6 000 0 7 00 0 0 8 2 1 0 0 333 10 /// 58 000 6 000 0 7 0000 
22-NOV-2015 09 48037 3 2 0 60 0 36 01 10 312 20 169 3 0000 4 0136 5 0000 6 000 0 7 00 0 0 8 0 0 0 0 333 10 /// 58 026 6 000 0 7 0000 
22-NOV-2015 09 48039 3 2 4 60 0 04 01 10 310 20 230 3 0000 4 0000 5 0000 6 000 0 7 00 0 0 8 0 0 0 0 333 10 /// 58 000 6 000 0 7 0000 
22-NOV-2015 09 48042 3 2 5 59 2 32 02 10 310 20 189 3 0000 4 0105 5 0000 6 000 0 7 00 0 0 8 2 2 0 0 333 10 /// 59 011 6 000 0 7 0000 
22-NOV-2015 09 48043 3 2 0 59 0 05 05 10 270 20 191 3 0000 4 0000 5 0000 6 000 0 7 00 0 0 8 0 0 0 0 333 10 /// 58 000 6 000 0 7 0000 
22-NOV-2015 09 48045 3 2 5 56 6 14 05 10 220 20 173 3 0000 4 0000 5 0000 6 000 0 7 00 0 0 8 6 8 0 0 333 10 /// 58 000 6 000 0 7 0000 
22-NOV-2015 09 48048 3 2 9 62 0 04 01 10 322 20 200 3 0000 4 0118 5 0000 6 000 0 7 00 0 0 8 0 0 0 0 333 10 /// 58 000 6 000 0 7 0000 
22-NOV-2015 09 48051 3 2 9 60 0 31 03 10 317 20 220 3 0000 4 0000 5 0000 6 000 0 7 02 0 0 8 0 0 0 0 333 10 /// 58 000 6 000 0 7 0000 
22-NOV-2015 09 48052 3 2 9 60 0 04 01 10 344 20 225 3 0000 4 0000 5 0000 6 000 0 7 00 0 0 8 0 0 0 0 333 10 /// 58 000 6 000 0 7 0000 
22-NOV-2015 09 48053 3 2 4 56 2 36 02 10 320 20 184 3 0000 4 0112 5 0000 6 000 0 7 00 0 0 8 2 5 0 0 333 10 /// 58 008 6 000 0 7 0000 
22-NOV-2015 09 48055 3 2 5 57 2 09 03 10 275 20 167 3 0000 4 0094 5 0000 6 000 0 7 00 0 0 8 2 8 0 0 333 10 /// 58 003 6 000 0 7 0000 
22-NOV-2015 09 48057 3 2 4 58 3 23 01 10 243 20 114 3 0000 4 0000 5 0000 6 000 0 7 00 0 0 8 3 3 0 0 333 10 /// 58 000 6 000 0 7 0000 
22-NOV-2015 09 48060 3 2 4 50 1 00 00 10 282 20 098 3 0000 4 0110 5 0000 6 000 0 7 00 0 0 8 1 1 0 0 333 10 /// 58 004 6 000 0 7 0000 
22-NOV-2015 09 48062 3 2 9 58 0 27 03 10 340 20 290 3 0000 4 0102 5 0000 6 000 0 7 00 0 0 8 0 0 0 0 333 10 /// 58 006 6 000 0 7 0000 
22-NOV-2015 09 48064 3 2 9 60 0 14 01 10 290 20 215 3 0000 4 0105 5 0000 6 000 0 7 00 0 0 8 0 0 0 0 333 10 /// 58 015 6 000 0 7 0000 
22-NOV-2015 09 48065 3 2 9 60 0 00 00 10 323 20 200 3 0000 4 0000 5 0000 6 000 0 7 00 0 0 8 0 0 0 0 333 10 /// 58 000 6 000 0 7 0000 
22-NOV-2015 09 48071 3 2 9 60 0 32 04 10 318 20 236 3 0000 4 0099 5 0000 6 000 0 7 00 0 0 8 0 0 0 0 333 10 /// 58 000 6 000 0 7 0000 
22-NOV-2015 09 48072 3 2 9 61 0 36 01 10 320 20 248 3 0000 4 0000 5 0000 6 000 0 7 01 2 2 8 0 0 0 0 333 10 /// 58 000 6 000 0 7 0000 
22-NOV-2015 09 48074 3 2 5 59 1 36 01 10 330 20 191 3 0000 4 0097 5 0000 6 000 0 7 00 0 0 8 1 5 0 0 333 10 /// 58 008 6 000 0 7 0000 
22-NOV-2015 09 48075 3 2 5 58 3 04 01 10 290 20 179 3 0000 4 0103 5 0000 6 000 0 7 00 0 0 8 3 2 0 0 333 10 /// 58 015 6 000 0 7 0000 
22-NOV-2015 09 48077 3 2 9 59 0 04 01 10 330 20 212 3 0000 4 0103 5 0000 6 000 0 7 00 0 0 8 0 0 0 0 333 10 /// 58 014 6 000 0 7 0000 
22-NOV-2015 09 48078 3 2 5 60 3 32 02 10 327 20 212 3 0000 4 0102 5 0000 6 000 0 7 00 0 0 8 2 2 0 1 333 10 /// 58 009 6 000 0 7 0000 
22-NOV-2015 09 48080 3 2 4 60 1 27 04 10 340 20 240 3 0000 4 0106 5 0000 6 000 0 7 00 0 0 8 1 2 0 0 333 10 /// 58 015 6 000 0 7 0000 
22-NOV-2015 09 48085 3 2 4 58 2 32 03 10 328 20 244 3 0000 4 0096 5 0000 6 000 0 7 00 0 0 8 2 8 0 0 333 10 /// 58 010 6 000 0 7 0000 
22-NOV-2015 09 48087 3 2 9 60 0 04 03 10 334 20 224 3 0000 4 0000 5 0000 6 000 0 7 00 0 0 8 0 0 0 0 333 10 /// 58 000 6 000 0 7 0000 
22-NOV-2015 09 48092 3 2 4 59 2 09 01 10 340 20 240 3 0000 4 0073 5 0000 6 000 0 7 00 0 0 8 2 1 0 0 333 10 /// 58 011 6 000 0 7 0000 
22-NOV-2015 09 48094 3 2 9 60 0 04 03 10 340 20 230 3 0000 4 0098 5 0000 6 000 0 7 00 0 0 8 0 0 0 0 333 10 /// 58 014 6 000 0 7 0000 
22-NOV-2015 09 48095 3 2 9 60 0 36 02 10 315 20 237 3 0000 4 0000 5 0000 6 000 0 7 00 0 0 8 0 0 0 0 333 10 /// 58 000 6 000 0 7 0000 
22-NOV-2015 09 48096 3 2 4 58 5 33 04 10 330 20 224 3 0000 4 0096 5 0000 6 000 0 7 00 0 0 8 3 8 4 0 333 10 /// 58 010 6 000 0 7 0000 
22-NOV-2015 09 48097 3 2 5 57 3 04 01 10 340 20 225 3 0000 4 0097 5 0000 6 000 0 7 02 1 1 8 3 8 0 0 333 10 /// 58 006 6 000 0 7 0000 
22-NOV-2015 09 48099 3 2 5 60 1 27 02 10 360 20 249 3 0000 4 0088 5 0000 6 000 0 7 00 0 0 8 1 8 0 0 333 10 /// 58 013 6 000 0 7 0000 
22-NOV-2015 09 48101 3 2 6 60 2 09 01 10 342 20 257 3 0000 4 0000 5 0000 6 000 0 7 03 1 1 8 2 1 0 0 333 10 /// 58 000 6 000 0 7 0000 
22-NOV-2015 09 48103 3 2 4 57 2 04 03 10 357 20 214 3 0000 4 0086 5 0000 6 000 0 7 00 0 0 8 2 8 0 0 333 10 /// 58 010 6 000 0 7 0000 
22-NOV-2015 09 48107 3 2 3 50 4 32 01 10 330 20 244 3 0000 4 0084 5 0000 6 000 0 7 00 0 0 8 4 9 0 0 333 10 /// 58 009 6 000 0 7 0000 
22-NOV-2015 09 48108 3 2 5 96 6 23 03 10 340 20 257 3 0000 4 0088 5 0000 6 000 0 7 00 0 0 8 4 3 0 6 333 10 /// 58 010 6 000 0 7 0000 
22-NOV-2015 09 48110 3 1 5 96 3 32 04 10 330 20 275 3 0000 4 0080 5 0000 6 000 0 7 05 1 1 8 2 3 0 5 333 10 /// 58 005 6 000 0 7 0000 
22-NOV-2015 09 48112 3 2 5 98 6 04 09 10 322 20 240 3 0000 4 0070 5 0000 6 000 0 7 01 2 2 8 2 2 1 6 333 10 /// 58 000 6 000 0 7 0000 
