22-NOV-2015 06 48001 3 2 4 40 3 16 01 10 200 20 168 3 0000 4 0163 5 0000 6 000 0 7 00 0 0 8 1 1 0 0 333 10 /// 59 010 6 000 0 7 0000 
22-NOV-2015 06 48004 3 2 5 63 2 04 01 10 241 20 155 3 0000 4 0000 5 0000 6 000 0 7 00 0 0 8 1 1 0 2 333 10 /// 58 000 6 000 0 7 0000 
22-NOV-2015 06 48008 3 2 9 58 0 27 01 10 260 20 160 3 0000 4 0162 5 0000 6 000 0 7 00 0 0 8 0 0 0 0 333 10 /// 59 000 6 000 0 7 0000 
22-NOV-2015 06 48010 3 2 5 60 2 18 01 10 265 20 179 3 0000 4 0162 5 0000 6 000 0 7 00 0 0 8 1 1 3 0 333 10 /// 58 002 6 000 0 7 0000 
22-NOV-2015 06 48018 3 2 5 60 2 04 01 10 275 20 172 3 0000 4 0170 5 0000 6 000 0 7 00 0 0 8 2 8 0 0 333 10 /// 59 001 6 000 0 7 0000 
22-NOV-2015 06 48019 3 2 9 60 0 04 02 10 270 20 154 3 0000 4 0144 5 0000 6 000 0 7 00 0 0 8 0 0 0 0 333 10 /// 59 007 6 000 0 7 0000 
22-NOV-2015 06 48020 3 2 4 60 1 04 03 10 250 20 205 3 0000 4 0000 5 0000 6 000 0 7 00 0 0 8 1 2 0 0 333 10 /// 58 000 6 000 0 7 0000 
22-NOV-2015 06 48025 3 1 4 40 3 04 02 10 250 20 186 3 0000 4 0165 5 0000 6 000 0 7 02 4 4 8 3 4 0 0 333 10 /// 59 006 6 000 0 7 0000 
22-NOV-2015 06 48030 3 2 9 60 0 22 04 10 197 20 000 3 0000 4 0000 5 0000 6 000 0 7 00 0 0 8 0 0 0 0 333 10 /// 58 000 6 000 0 7 0000 
22-NOV-2015 06 48031 3 2 2 60 2 18 01 10 205 20 130 3 0000 4 0000 5 0000 6 000 0 7 00 0 0 8 4 8 0 0 333 10 /// 58 000 6 000 0 7 0000 
22-NOV-2015 06 48033 3 2 9 63 0 36 01 10 290 20 179 3 0000 4 0138 5 0000 6 000 0 7 00 0 0 8 0 0 0 0 333 10 /// 59 010 6 000 0 7 0000 
22-NOV-2015 06 48034 3 2 9 56 0 18 01 10 245 20 120 3 0000 4 0000 5 0000 6 000 0 7 00 0 0 8 0 0 0 0 333 10 /// 58 000 6 000 0 7 0000 
22-NOV-2015 06 48035 3 2 5 60 1 00 00 10 242 20 155 3 0000 4 0128 5 0000 6 000 0 7 00 0 0 8 1 1 0 0 333 10 /// 59 010 6 000 0 7 0000 
22-NOV-2015 06 48037 3 2 0 60 0 32 01 10 278 20 184 3 0000 4 0159 5 0000 6 000 0 7 00 0 0 8 0 0 0 0 333 10 /// 58 011 6 000 0 7 0000 
22-NOV-2015 06 48039 3 2 4 60 1 22 01 10 286 20 196 3 0000 4 0000 5 0000 6 000 0 7 00 0 0 8 1 1 0 0 333 10 /// 58 000 6 000 0 7 0000 
22-NOV-2015 06 48042 3 2 5 57 2 27 01 10 290 20 215 3 0000 4 0137 5 0000 6 000 0 7 00 0 0 8 2 8 0 0 333 10 /// 59 004 6 000 0 7 0000 
22-NOV-2015 06 48043 3 2 0 59 0 05 07 10 245 20 167 3 0000 4 0000 5 0000 6 000 0 7 00 0 0 8 0 0 0 0 333 10 /// 58 000 6 000 0 7 0000 
22-NOV-2015 06 48045 3 2 5 57 5 23 03 10 206 20 160 3 0000 4 0000 5 0000 6 000 0 7 00 0 0 8 5 8 0 0 333 10 /// 58 000 6 000 0 7 0000 
22-NOV-2015 06 48048 3 2 5 62 2 04 01 10 290 20 196 3 0000 4 0153 5 0000 6 000 0 7 00 0 0 8 2 8 0 0 333 10 /// 59 007 6 000 0 7 0000 
22-NOV-2015 06 48051 3 2 9 60 0 36 03 10 290 20 200 3 0000 4 0000 5 0000 6 000 0 7 02 0 0 8 0 0 0 0 333 10 /// 58 000 6 000 0 7 0000 
22-NOV-2015 06 48052 3 2 9 60 0 36 01 10 308 20 189 3 0000 4 0000 5 0000 6 000 0 7 00 0 0 8 0 0 0 0 333 10 /// 58 000 6 000 0 7 0000 
22-NOV-2015 06 48053 3 2 4 56 2 36 04 10 300 20 149 3 0000 4 0143 5 0000 6 000 0 7 00 0 0 8 2 5 0 0 333 10 /// 58 002 6 000 0 7 0000 
22-NOV-2015 06 48055 3 2 5 57 2 04 01 10 255 20 173 3 0000 4 0127 5 0000 6 000 0 7 02 4 4 8 2 8 0 0 333 10 /// 58 000 6 000 0 7 0000 
22-NOV-2015 06 48057 3 2 4 58 3 27 03 10 234 20 124 3 0000 4 0000 5 0000 6 000 0 7 00 0 0 8 3 3 0 0 333 10 /// 58 000 6 000 0 7 0000 
22-NOV-2015 06 48060 3 2 4 56 1 32 02 10 242 20 136 3 0000 4 0144 5 0000 6 000 0 7 00 0 0 8 1 1 0 0 333 10 /// 59 003 6 000 0 7 0000 
22-NOV-2015 06 48062 3 2 4 58 2 04 02 10 300 20 270 3 0000 4 0132 5 0000 6 000 0 7 00 0 0 8 2 5 0 0 333 10 /// 58 006 6 000 0 7 0000 
22-NOV-2015 06 48064 3 2 9 60 0 14 01 10 300 20 223 3 0000 4 0137 5 0000 6 000 0 7 00 0 0 8 0 0 0 0 333 10 /// 58 000 6 000 0 7 0000 
22-NOV-2015 06 48065 3 2 9 60 0 14 03 10 310 20 189 3 0000 4 0000 5 0000 6 000 0 7 00 0 0 8 0 0 0 0 333 10 /// 58 000 6 000 0 7 0000 
22-NOV-2015 06 48071 3 2 9 60 0 32 03 10 310 20 237 3 0000 4 0127 5 0000 6 000 0 7 00 0 0 8 0 0 0 0 333 10 /// 58 003 6 000 0 7 0000 
22-NOV-2015 06 48072 3 2 9 61 0 13 01 10 320 20 248 3 0000 4 0000 5 0000 6 000 0 7 01 2 2 8 0 0 0 0 333 10 /// 58 000 6 000 0 7 0000 
22-NOV-2015 06 48074 3 2 9 59 0 04 01 10 300 20 207 3 0000 4 0133 5 0000 6 000 0 7 00 0 0 8 0 0 0 0 333 10 /// 58 001 6 000 0 7 0000 
22-NOV-2015 06 48075 3 2 4 57 2 04 01 10 280 20 158 3 0000 4 0125 5 0000 6 000 0 7 00 0 0 8 2 1 0 0 333 10 /// 58 001 6 000 0 7 0000 
22-NOV-2015 06 48077 3 2 9 59 0 04 01 10 300 20 207 3 0000 4 0134 5 0000 6 000 0 7 00 0 0 8 0 0 0 0 333 10 /// 58 014 6 000 0 7 0000 
22-NOV-2015 06 48078 3 2 5 58 3 27 02 10 318 20 236 3 0000 4 0123 5 0000 6 000 0 7 00 0 0 8 2 2 0 1 333 10 /// 59 001 6 000 0 7 0000 
22-NOV-2015 06 48080 3 2 9 61 0 04 05 10 335 20 270 3 0000 4 0128 5 0000 6 000 0 7 00 0 0 8 0 0 0 0 333 10 /// 58 013 6 000 0 7 0000 
22-NOV-2015 06 48085 3 2 4 58 1 32 03 10 318 20 254 3 0000 4 0123 5 0000 6 000 0 7 00 0 0 8 1 1 0 0 333 10 /// 58 011 6 000 0 7 0000 
22-NOV-2015 06 48087 3 2 9 60 0 04 05 10 314 20 203 3 0000 4 0000 5 0000 6 000 0 7 00 0 0 8 0 0 0 0 333 10 /// 58 000 6 000 0 7 0000 
22-NOV-2015 06 48092 3 2 9 59 0 33 02 10 330 20 244 3 0000 4 0106 5 0000 6 000 0 7 00 0 0 8 0 0 0 0 333 10 /// 58 010 6 000 0 7 0000 
22-NOV-2015 06 48093 3 2 9 58 0 14 01 10 338 20 240 3 0000 4 0000 5 0000 6 000 0 7 00 0 0 8 0 0 0 0 333 10 /// 58 000 6 000 0 7 0000 
22-NOV-2015 06 48094 3 2 9 60 0 04 03 10 330 20 210 3 0000 4 0124 5 0000 6 000 0 7 00 0 0 8 0 0 0 0 333 10 /// 58 011 6 000 0 7 0000 
22-NOV-2015 06 48095 3 2 9 60 0 04 04 10 305 20 223 3 0000 4 0000 5 0000 6 000 0 7 00 0 0 8 0 0 0 0 333 10 /// 58 000 6 000 0 7 0000 
22-NOV-2015 06 48096 3 2 9 59 1 06 03 10 320 20 236 3 0000 4 0123 5 0000 6 000 0 7 02 2 2 8 0 0 0 1 333 10 /// 58 010 6 000 0 7 0000 
22-NOV-2015 06 48097 3 2 9 57 0 05 04 10 325 20 230 3 0000 4 0117 5 0000 6 000 0 7 00 0 0 8 0 0 0 0 333 10 /// 58 001 6 000 0 7 0000 
22-NOV-2015 06 48099 3 2 5 58 2 27 01 10 340 20 240 3 0000 4 0111 5 0000 6 000 0 7 00 0 0 8 2 8 0 0 333 10 /// 58 001 6 000 0 7 0000 
22-NOV-2015 06 48101 3 2 9 60 0 36 02 10 328 20 236 3 0000 4 0000 5 0000 6 000 0 7 00 0 0 8 0 0 0 0 333 10 /// 58 000 6 000 0 7 0000 
22-NOV-2015 06 48103 3 2 4 57 1 04 03 10 353 20 219 3 0000 4 0110 5 0000 6 000 0 7 00 0 0 8 1 1 0 0 333 10 /// 58 007 6 000 0 7 0000 
22-NOV-2015 06 48107 3 2 9 50 0 32 01 10 338 20 240 3 0000 4 0101 5 0000 6 000 0 7 00 0 0 8 0 0 0 0 333 10 /// 58 004 6 000 0 7 0000 
22-NOV-2015 06 48108 3 2 5 96 6 32 05 10 330 20 244 3 0000 4 0113 5 0000 6 000 0 7 00 0 0 8 4 3 0 6 333 10 /// 58 015 6 000 0 7 0000 
22-NOV-2015 06 48110 3 1 5 96 2 36 03 10 335 20 264 3 0000 4 0105 5 0000 6 000 0 7 05 1 1 8 1 1 0 5 333 10 /// 58 005 6 000 0 7 0000 
22-NOV-2015 06 48112 3 2 5 98 6 04 07 10 320 20 248 3 0000 4 0097 5 0000 6 000 0 7 01 2 2 8 2 2 1 6 333 10 /// 58 005 6 000 0 7 0000 
