48001 31902 90000 10145 20124 40185 74744 89/// 333 56999 59019=
48004 31062 00401 10169 20135 72844 333=
48008 32957 00000 10188 20175 333 59007=
48010 32056 00000 10185 20165 40179 333 59005=
48018 32958 01401 10190 20175 40168 333 59006=
48019 32960 00401 10214 20160 40166 333 58009=
48020 31120 80000 10188 20175 74244 886// 333 56999=
48025 31008 70000 10190 20175 40179 74244 85740 333 56870 58001=
48035 31540 30000 10166 20135 40175 71044 83800 333 56900 59008=
48037 32058 03601 10212 20175 333 58002=
48042 31540 20000 10284 20205 40151 71011 81420 333 56990 59001=
48045 32557 12204 10152 20092 81100 333 56500=
48048 32560 20401 10220 20185 40157 82800 333 56900 59007=
48051 32960 03605 10230 20190 333=
48053 32956 03602 10230 20181 40159 333 59003=
48060 32950 03201 10168 20135 40187 333 59008=
48062 32957 00402 10268 20230 40143 333 58002=
48071 32958 03202 10283 20250 40138 333 59003=
48075 31957 00000 10310 20175 40164 333 58000=
48077 32959 00000 10270 20191 40144 333 58003=
48078 32558 23205 10243 20198 40149 81101 333 56909 59003=
48080 32960 01303 10275 20240 40135 333 58001=
48085 32958 13201 10278 20240 40133 80006 333 56009 58002=
48095 32960 00404 10270 20211 333=
48108 32596 43201 10300 20223 40126 82807 333 56909 58005=
48109 32497 00902 10312 20282 40133 333 58004=
48110 21996 13602 10300 20246 40120 70544 80005 333 56009 58001=
48112 32598 60405 10280 20250 40115 82216 333 56199 58002=
48030 31260 02202 10042 20042 70144 333=
48072 32960 01301 10300 20239 333=
48087 32960 00403 10270 20211 333=
48099 21450 22702 10288 20230 40123 70244 82500 333 56900 59006=
48101 32959 03602 10283 20220 333=
48103 32956 00402 10307 20237 40130 333 58000=
48057 32456 11401 10214 20143 81800 333 56400=
48094 32960 00402 10285 20200 40137 333 58004=
48097 32557 10402 10270 20226 40140 81400 333 56900 58001=
48031 32260 41801 10180 20129 84800 333 56400=
48033 32962 03601 10240 20174 40166 333 58020=
48034 32956 00000 10155 20117 333=
48039 31450 20000 10234 20181 74044 81102 333 56509=
48043 32056 00000 10190 20159 333=
48052 32958 03601 10266 20191 70211 80000 333 56000=
48055 32456 13603 10168 20144 40185 70144 81500 333 56550 58008=
48064 32956 01801 10234 20198 40145 70000 80000 333 59001=
48065 32958 00402 10252 20205 70000 80000 333 56000=
48074 32958 00402 10240 20191 40154 333 58005=
48092 32456 13602 10260 20215 40121 81500 333 56900 58002=
48093 32958 00402 10286 20230 333=
48107 31950 00901 10280 20250 40115 7//44 333 59003=
48096 32959 13204 10270 20226 40140 80001 333 56009 59001=  