22-OCT-2015 06 48001 3 2 4 40 3 04 01 10 270 20 256 3 0000 4 0114 5 0000 6 000 0 7 00 0 0 8 3 1 0 0 333 10 /// 58 010 6 000 0 7 0000 
22-OCT-2015 06 48004 3 2 5 62 3 04 01 10 300 20 223 3 0000 4 0000 5 0000 6 000 0 7 00 0 0 8 3 8 0 0 333 10 /// 58 000 6 000 0 7 0000 
22-OCT-2015 06 48008 3 2 5 58 1 00 00 10 312 20 225 3 0000 4 0114 5 0000 6 000 0 7 00 0 0 8 1 1 0 0 333 10 /// 58 007 6 000 0 7 0000 
22-OCT-2015 06 48010 3 2 5 60 2 00 00 10 320 20 248 3 0000 4 0110 5 0000 6 000 0 7 00 0 0 8 2 8 0 0 333 10 /// 58 012 6 000 0 7 0000 
22-OCT-2015 06 48018 3 2 5 60 2 14 01 10 320 20 233 3 0000 4 0123 5 0000 6 000 0 7 03 1 1 8 2 4 0 0 333 10 /// 58 010 6 000 0 7 0000 
22-OCT-2015 06 48019 3 2 9 60 0 14 02 10 317 20 203 3 0000 4 0112 5 0000 6 000 0 7 00 0 0 8 0 0 0 0 333 10 /// 59 008 6 000 0 7 0000 
22-OCT-2015 06 48020 3 2 4 62 2 27 04 10 320 20 265 3 0000 4 0000 5 0000 6 000 0 7 00 0 0 8 2 2 0 0 333 10 /// 58 000 6 000 0 7 0000 
22-OCT-2015 06 48025 3 2 4 56 4 04 01 10 310 20 254 3 0000 4 0112 5 0000 6 000 0 7 00 0 0 8 4 8 0 0 333 10 /// 58 008 6 000 0 7 0000 
22-OCT-2015 06 48030 3 1 2 56 3 22 01 10 198 20 168 3 0000 4 0000 5 0000 6 000 0 7 01 4 4 8 5 9 4 0 333 10 /// 58 000 6 000 0 7 0000 
22-OCT-2015 06 48031 3 2 2 60 4 14 01 10 250 20 167 3 0000 4 0000 5 0000 6 000 0 7 00 0 0 8 4 8 0 0 333 10 /// 58 000 6 000 0 7 0000 
22-OCT-2015 06 48033 3 2 5 63 1 00 00 10 320 20 236 3 0000 4 0099 5 0000 6 000 0 7 00 0 0 8 1 1 0 0 333 10 /// 59 010 6 000 0 7 0000 
22-OCT-2015 06 48034 3 2 4 58 3 36 03 10 277 20 158 3 0000 4 0000 5 0000 6 000 0 7 00 0 0 8 3 8 0 0 333 10 /// 58 000 6 000 0 7 0000 
22-OCT-2015 06 48035 3 2 5 60 1 32 03 10 279 20 184 3 0000 4 0094 5 0000 6 000 0 7 00 0 0 8 1 1 0 0 333 10 /// 58 009 6 000 0 7 0000 
22-OCT-2015 06 48037 3 2 4 62 4 36 01 10 319 20 248 3 0000 4 0111 5 0000 6 000 0 7 00 0 0 8 4 3 0 0 333 10 /// 58 005 6 000 0 7 0000 
22-OCT-2015 06 48039 3 2 4 60 2 00 00 10 316 20 248 3 0000 4 0000 5 0000 6 000 0 7 00 0 0 8 2 1 0 0 333 10 /// 58 000 6 000 0 7 0000 
22-OCT-2015 06 48042 3 2 5 57 2 27 01 10 330 20 234 3 0000 4 0094 5 0000 6 000 0 7 00 0 0 8 2 8 0 0 333 10 /// 58 006 6 000 0 7 0000 
22-OCT-2015 06 48043 3 2 4 57 4 00 00 10 260 20 203 3 0000 4 0000 5 0000 6 000 0 7 00 0 0 8 4 2 0 0 333 10 /// 58 000 6 000 0 7 0000 
22-OCT-2015 06 48045 3 2 5 56 5 23 04 10 252 20 205 3 0000 4 0000 5 0000 6 000 0 7 00 0 0 8 5 8 0 0 333 10 /// 58 000 6 000 0 7 0000 
22-OCT-2015 06 48048 3 2 5 60 2 04 01 10 325 20 236 3 0000 4 0114 5 0000 6 000 0 7 00 0 0 8 2 8 0 0 333 10 /// 58 010 6 000 0 7 0000 
22-OCT-2015 06 48051 3 2 5 58 1 36 01 10 307 20 250 3 0000 4 0000 5 0000 6 000 0 7 00 0 0 8 1 2 0 0 333 10 /// 58 000 6 000 0 7 0000 
22-OCT-2015 06 48052 3 2 4 58 2 00 00 10 348 20 237 3 0000 4 0000 5 0000 6 000 0 7 00 0 0 8 2 2 0 0 333 10 /// 58 000 6 000 0 7 0000 
22-OCT-2015 06 48053 3 2 5 58 2 23 02 10 320 20 236 3 0000 4 0108 5 0000 6 000 0 7 00 0 0 8 2 8 0 0 333 10 /// 58 005 6 000 0 7 0000 
22-OCT-2015 06 48055 3 2 5 57 4 01 06 10 288 20 215 3 0000 4 0087 5 0000 6 000 0 7 00 0 0 8 4 8 0 0 333 10 /// 58 003 6 000 0 7 0000 
22-OCT-2015 06 48057 3 2 4 60 4 22 02 10 244 20 155 3 0000 4 0000 5 0000 6 000 0 7 00 0 0 8 4 3 0 0 333 10 /// 58 000 6 000 0 7 0000 
22-OCT-2015 06 48060 3 2 3 56 1 00 00 10 288 20 159 3 0000 4 0072 5 0000 6 000 0 7 00 0 0 8 1 1 0 0 333 10 /// 58 010 6 000 0 7 0000 
22-OCT-2015 06 48062 3 2 4 58 4 09 01 10 310 20 290 3 0000 4 0117 5 0000 6 000 0 7 02 2 2 8 4 9 0 0 333 10 /// 58 012 6 000 0 7 0000 
22-OCT-2015 06 48064 3 2 9 50 0 04 01 10 320 20 265 3 0000 4 0095 5 0000 6 000 0 7 00 0 0 8 0 0 0 0 333 10 /// 58 010 6 000 0 7 0000 
22-OCT-2015 06 48065 3 2 9 60 0 22 01 10 330 20 244 3 0000 4 0000 5 0000 6 000 0 7 00 0 0 8 0 0 0 0 333 10 /// 58 000 6 000 0 7 0000 
22-OCT-2015 06 48071 3 2 4 60 1 32 02 10 310 20 254 3 0000 4 0121 5 0000 6 000 0 7 00 0 0 8 1 3 0 0 333 10 /// 58 010 6 000 0 7 0000 
22-OCT-2015 06 48072 3 2 4 60 2 32 02 10 315 20 281 3 0000 4 0000 5 0000 6 000 0 7 01 2 2 8 2 8 0 0 333 10 /// 58 000 6 000 0 7 0000 
22-OCT-2015 06 48074 3 2 9 61 0 32 03 10 310 20 237 3 0000 4 0123 5 0000 6 000 0 7 00 0 0 8 0 0 0 0 333 10 /// 58 006 6 000 0 7 0000 
22-OCT-2015 06 48077 3 2 5 59 3 00 00 10 320 20 248 3 0000 4 0107 5 0000 6 000 0 7 00 0 0 8 3 8 0 0 333 10 /// 58 011 6 000 0 7 0000 
22-OCT-2015 06 48078 3 2 5 60 3 27 01 10 323 20 253 3 0000 4 0114 5 0000 6 000 0 7 00 0 0 8 2 2 0 1 333 10 /// 58 010 6 000 0 7 0000 
22-OCT-2015 06 48080 3 2 4 61 5 22 05 10 314 20 267 3 0000 4 0112 5 0000 6 000 0 7 00 0 0 8 3 8 3 0 333 10 /// 58 009 6 000 0 7 0000 
22-OCT-2015 06 48085 3 2 4 58 2 32 03 10 304 20 253 3 0000 4 0111 5 0000 6 000 0 7 00 0 0 8 2 8 0 0 333 10 /// 58 011 6 000 0 7 0000 
22-OCT-2015 06 48087 3 2 5 60 2 00 00 10 332 20 258 3 0000 4 0000 5 0000 6 000 0 7 00 0 0 8 2 2 0 0 333 10 /// 58 000 6 000 0 7 0000 
22-OCT-2015 06 48092 3 2 4 59 4 13 02 10 330 20 244 3 0000 4 0089 5 0000 6 000 0 7 03 2 2 8 4 2 0 0 333 10 /// 58 012 6 000 0 7 0000 
22-OCT-2015 06 48093 3 2 5 58 3 32 01 10 328 20 258 3 0000 4 0000 5 0000 6 000 0 7 00 0 0 8 3 1 0 0 333 10 /// 58 000 6 000 0 7 0000 
22-OCT-2015 06 48094 3 2 4 50 1 32 03 10 330 20 260 3 0000 4 0106 5 0000 6 000 0 7 00 0 0 8 1 1 0 0 333 10 /// 58 012 6 000 0 7 0000 
22-OCT-2015 06 48095 3 2 5 60 1 00 00 10 325 20 248 3 0000 4 0000 5 0000 6 000 0 7 03 2 2 8 1 2 0 0 333 10 /// 58 000 6 000 0 7 0000 
22-OCT-2015 06 48096 3 2 4 59 3 25 02 10 320 20 236 3 0000 4 0112 5 0000 6 000 0 7 00 0 0 8 3 3 0 0 333 10 /// 58 012 6 000 0 7 0000 
22-OCT-2015 06 48097 3 2 5 57 7 13 02 10 325 20 240 3 0000 4 0109 5 0000 6 000 0 7 02 2 2 8 7 8 0 0 333 10 /// 58 010 6 000 0 7 0000 
22-OCT-2015 06 48099 3 2 4 56 3 32 06 10 330 20 258 3 0000 4 0096 5 0000 6 000 0 7 00 0 0 8 3 3 0 0 333 10 /// 58 005 6 000 0 7 0000 
22-OCT-2015 06 48101 3 2 6 60 2 32 01 10 330 20 244 3 0000 4 0000 5 0000 6 000 0 7 03 1 1 8 2 1 0 0 333 10 /// 58 000 6 000 0 7 0000 
22-OCT-2015 06 48103 3 2 4 56 6 32 03 10 330 20 258 3 0000 4 0010 5 0000 6 000 0 7 00 0 0 8 4 7 3 0 333 10 /// 58 007 6 000 0 7 0000 
22-OCT-2015 06 48107 3 2 3 50 6 27 02 10 320 20 265 3 0000 4 0094 5 0000 6 000 0 7 00 0 0 8 4 9 7 0 333 10 /// 58 003 6 000 0 7 0000 
22-OCT-2015 06 48108 3 2 5 96 6 05 03 10 330 20 251 3 0000 4 0101 5 0000 6 000 0 7 00 0 0 8 4 3 0 6 333 10 /// 58 005 6 000 0 7 0000 
22-OCT-2015 06 48109 3 2 4 97 4 00 00 10 325 20 258 3 0000 4 0121 5 0000 6 000 0 7 00 0 0 8 4 8 0 0 333 10 /// 58 013 6 000 0 7 0000 
22-OCT-2015 06 48110 3 1 5 96 4 32 02 10 335 20 264 3 0000 4 0106 5 0000 6 000 0 7 17 2 2 8 2 3 0 6 333 10 /// 58 009 6 000 0 7 0000 
22-OCT-2015 06 48112 3 1 5 97 8 27 03 10 330 20 275 3 0000 4 0104 5 0000 6 000 0 7 05 2 2 8 3 8 7 6 333 10 /// 58 005 6 000 0 7 0000 
