22-OCT-2015 00 48008 3 2 5 56 3 00 00 10 220 20 205 3 0000 4 0109 5 0000 6 000 0 7 00 0 0 8 2 4 3 0 333 20 205 58 002 6 000 2 7 0000 
22-OCT-2015 00 48010 3 2 5 40 3 00 00 10 240 20 226 3 0000 4 0101 5 0000 6 000 0 7 00 0 0 8 2 4 0 0 333 20 233 58 005 6 000 2 7 0000 
22-OCT-2015 00 48018 3 1 9 40 0 00 00 10 225 20 212 3 0000 4 0106 5 0000 6 000 0 7 10 4 4 8 0 0 0 0 333 20 218 58 005 6 000 2 7 0000 
22-OCT-2015 00 48019 3 2 9 50 0 00 00 10 208 20 195 3 0000 4 0101 5 0000 6 000 0 7 00 0 0 8 0 0 0 0 333 20 206 58 007 6 000 2 7 0000 
22-OCT-2015 00 48025 3 1 0 05 5 22 01 10 248 20 233 3 0000 4 0105 5 0000 6 000 0 7 42 4 4 8 5 8 0 0 333 20 244 59 006 6 000 2 7 0000 
22-OCT-2015 00 48033 3 2 9 59 0 00 00 10 230 20 230 3 0000 4 0108 5 0000 6 000 0 7 00 0 0 8 0 0 0 0 333 20 220 58 020 6 000 2 7 0000 
22-OCT-2015 00 48035 3 1 / 01 9 00 00 10 169 20 154 3 0000 4 0131 5 0000 6 000 0 7 47 4 4 8 9 / / / 333 20 160 58 005 6 000 2 7 0000 
22-OCT-2015 00 48037 3 2 9 40 0 00 00 10 242 20 226 3 0000 4 0098 5 0000 6 000 0 7 00 0 0 8 0 0 0 0 333 20 240 59 003 6 000 2 7 0000 
22-OCT-2015 00 48042 3 2 5 57 1 00 00 10 228 20 198 3 0000 4 0089 5 0000 6 000 0 7 00 0 0 8 1 5 0 0 333 20 215 59 005 6 000 2 7 0000 
22-OCT-2015 00 48048 3 2 9 50 0 04 02 10 233 20 214 3 0000 4 0102 5 0000 6 000 0 7 00 0 0 8 0 0 0 0 333 20 226 58 006 6 000 2 7 0000 
22-OCT-2015 00 48051 3 1 9 09 9 36 02 10 237 20 230 3 0000 4 0000 5 0000 6 000 0 7 41 4 4 8 0 0 0 0 333 20 234 58 000 6 000 0 7 0000 
22-OCT-2015 00 48053 3 2 9 50 0 00 00 10 220 20 205 3 0000 4 0096 5 0000 6 000 0 7 00 0 0 8 0 0 0 0 333 20 214 58 000 6 000 2 7 0000 
22-OCT-2015 00 48055 3 2 5 56 1 00 00 10 134 20 132 3 0000 4 0147 5 0000 6 000 0 7 00 0 0 8 1 5 0 0 333 20 130 58 003 6 000 2 7 0000 
22-OCT-2015 00 48057 3 1 9 56 0 00 00 10 150 20 134 3 0000 4 0000 5 0000 6 000 0 7 10 0 0 8 0 0 0 0 333 20 140 58 000 6 000 0 7 0000 
22-OCT-2015 00 48060 3 2 9 30 0 00 00 10 158 20 144 3 0000 4 0131 5 0000 6 000 0 7 00 0 0 8 0 0 0 0 333 20 146 58 012 6 000 2 7 0000 
22-OCT-2015 00 48062 3 1 3 40 4 36 02 10 250 20 230 3 0000 4 0097 5 0000 6 000 0 7 10 2 2 8 3 8 3 0 333 20 210 58 000 6 000 0 7 0000 
22-OCT-2015 00 48064 3 2 9 50 1 00 00 10 230 20 214 3 0000 4 0093 5 0000 6 000 0 7 00 0 0 8 0 0 3 0 333 20 188 58 000 6 000 2 7 0000 
22-OCT-2015 00 48071 3 2 4 50 3 00 00 10 253 20 250 3 0000 4 0101 5 0000 6 000 0 7 00 0 0 8 3 8 0 0 333 20 235 58 000 6 000 0 7 0000 
22-OCT-2015 00 48075 3 2 4 56 2 00 00 10 170 20 162 3 0000 4 0153 5 0000 6 000 0 7 00 0 0 8 2 5 0 0 333 20 170 58 012 6 000 2 7 0000 
22-OCT-2015 00 48077 3 2 5 56 2 00 00 10 247 20 233 3 0000 4 0081 5 0000 6 000 0 7 00 0 0 8 2 8 0 0 333 20 230 59 006 6 000 2 7 0000 
22-OCT-2015 00 48078 3 2 9 58 1 00 00 10 223 20 205 3 0000 4 0107 5 0000 6 000 0 7 00 0 0 8 0 0 0 1 333 20 215 59 002 6 000 0 7 0000 
22-OCT-2015 00 48080 3 1 9 40 0 00 00 10 220 20 205 3 0000 4 0108 5 0000 6 000 0 7 10 0 0 8 0 0 0 0 333 20 215 58 013 6 000 0 7 0000 
22-OCT-2015 00 48085 3 1 9 50 0 14 01 10 218 20 205 3 0000 4 0102 5 0000 6 000 0 7 40 4 4 8 0 0 0 0 333 20 215 58 005 6 000 0 7 0000 
22-OCT-2015 00 48087 3 2 5 50 4 00 00 10 250 20 233 3 0000 4 0000 5 0000 6 000 0 7 00 0 0 8 2 8 4 0 333 20 238 58 000 6 000 0 7 0000 
22-OCT-2015 00 48092 3 1 5 10 2 00 00 10 240 20 233 3 0000 4 0079 5 0000 6 000 0 7 10 2 2 8 1 5 0 1 333 20 230 58 005 6 000 0 7 0000 
22-OCT-2015 00 48093 3 2 6 50 2 04 01 10 252 20 233 3 0000 4 0000 5 0000 6 000 0 7 00 0 0 8 1 1 0 1 333 20 248 58 000 6 000 0 7 0000 
22-OCT-2015 00 48094 3 2 9 56 0 00 00 10 230 20 225 3 0000 4 0109 5 0000 6 000 0 7 00 0 0 8 0 0 0 0 333 20 175 58 015 6 000 0 7 0000 
22-OCT-2015 00 48096 3 1 / 05 0 00 00 10 250 20 250 3 0000 4 0107 5 0000 6 000 0 7 43 4 4 8 0 0 0 0 333 20 245 58 012 6 000 0 7 0000 
22-OCT-2015 00 48097 3 1 5 56 4 05 01 10 250 20 242 3 0000 4 0108 5 0000 6 000 0 7 05 1 1 8 3 5 0 1 333 20 232 58 010 6 000 0 7 0000 
22-OCT-2015 00 48099 3 1 9 02 0 00 00 10 268 20 256 3 0000 4 0097 5 0000 6 000 0 7 47 4 4 8 0 0 0 0 333 20 252 58 004 6 000 0 7 0000 
22-OCT-2015 00 48103 3 2 4 30 3 32 01 10 254 20 233 3 0000 4 0101 5 0000 6 000 0 7 00 0 0 8 3 7 0 0 333 20 250 58 005 6 000 0 7 0000 
22-OCT-2015 00 48107 3 1 9 30 2 00 00 10 250 20 233 3 0000 4 0103 5 0000 6 000 0 7 41 4 4 8 0 0 0 6 333 20 242 58 004 6 000 0 7 0000 
22-OCT-2015 00 48108 3 1 5 93 4 00 00 10 240 20 233 3 0000 4 0106 5 0000 6 000 0 7 42 4 4 8 4 4 9 / 333 20 229 58 006 6 000 2 7 0000 
22-OCT-2015 00 48110 3 1 9 95 5 18 01 10 250 20 250 3 0000 4 0103 5 0000 6 000 0 7 05 2 2 8 0 0 0 6 333 20 250 59 000 6 000 0 7 0000 
22-OCT-2015 00 48112 3 1 5 97 8 04 03 10 265 20 251 3 0000 4 0096 5 0000 6 000 0 7 05 2 2 8 3 8 7 6 333 20 210 59 004 6 000 2 7 0000 
