



*-*-*


<!--
.style2 {
	font-family:"Courier New", Courier, monospace;
	font-size: 14px;
}
-->






SIBM20 VBRR 220900

AAXX 22094

48001 NIL=

48004 32562 30401 10320 20248 83800 333 56500=

48008 32558 11401 10320 20215 40090 81100 333 56200

58006=

48010 32560 30000 10330 20244 40087 82830 333 56550

58010=

48018 32560 32201 10340 20240 40097 82460 333 56460

59002=

48019 32462 22302 10345 20225 40085 81260 333 56770

58005=

48020 32462 23602 10335 20264 82200 333 56400=

48025 32458 40401 10325 20236 40091 83840 333 56690

58006=

48035 32560 10000 10309 20169 40068 81100 333 56900

58014=

48037 32462 43601 10335 20257 40082 84200 333 56900

59004=

48042 32560 23602 10335 20219 40083 82800 333 56800

58014=

48045 32556 72204 10259 20203 87300 333 56500=

48048 32560 20401 10350 20240 40086 82800 333 56900

58017=

48051 32560 13101 10328 20260 70211 81300 333 56900=

48053 32558 33202 10340 20225 40084 83800 333 56800

58006=

48060 32356 10000 10320 20184 40041 81100 333 56400

58020=

48062 32458 32706 10330 20290 40093 70122 83900 333

56900 58010=

48071 32960 03203 10317 20245 40096 333 58015=

48075 32558 31401 10310 20203 40069 70122 83200 333

56300 59037=

48077 32559 30000 10338 20257 40086 83800 333 56900

58012=

48078 32560 33601 10337 20250 40087 82201 333 56809

58008=

48080 32561 23203 10322 20248 40086 82300 333 56900

58010=

48085 32458 23205 10316 20265 40087 82800 333 56900

58007=

48095 32560 30000 10330 20258 70322 83800 333 56900=

48108 32596 63206 10335 20264 40082 84306 333 56809

58007=

48109 NIL=

48110 31596 43204 10335 20264 40079 70522 82306 333

56909 59007=

48112 31597 82205 10330 20275 40070 70522 83876 333

56599 59010=

48030 32256 72201 10221 20173 86940 333 56560=

48072 32460 13203 10320 20281 70122 81200 333 56900=

48087 32560 20000 10340 20270 82800 333 56900=

48099 32560 12702 10345 20240 40072 81800 333 56900

58007=

48101 32660 30000 10341 20240 70111 83200 333 56900=

48103 32453 32202 10335 20270 40083 83830 333 56550

58015=

48057 32460 42201 10260 20138 83850 333 56490=

48094 32459 23202 10330 20235 40088 82100 333 56900

58011=

48097 32557 73302 10330 20244 40087 70222 87800 333

56900 58005=

48031 32260 61801 10225 20156 86800 333 56400=

48033 32963 03601 10330 20258 40086 333 58010=

48034 32456 63603 10246 20150 86300 333 56500=

48039 32460 10000 10340 20225 80002 333 56009=

48043 32657 71405 10265 20226 8537/ 333 5669/=

48052 32458 20000 10378 20240 82200 333 56900=

48055 32556 40904 10290 20215 40067 84800 333 56500

58022=

48064 32558 20401 10340 20257 40064 82800 333 56900

58002=

48065 32560 20301 10350 20219 82800 333 56900=

48074 32461 23202 10330 20244 40086 82200 333 56900

58009=

48092 32459 42702 10340 20240 40062 84200 333 56900

58011=

48093 32558 21401 10342 20270 82100 333 56300=

48107 32350 22301 10320 20265 40080 82900 333 56600

58004=

48096 32459 43204 10320 20248 40085 70222 84300 333

56900 58010=  





