22-OCT-2015 03 48001 2 2 4 40 6 00 00 10 220 20 205 3 0000 4 0151 5 0000 6 000 0 7 00 0 0 8 3 8 5 0 333 10 /// 58 016 6 000 0 7 0000 
22-OCT-2015 03 48004 3 1 5 65 2 04 01 10 247 20 219 3 0000 4 0000 5 0000 6 000 0 7 01 4 4 8 4 8 0 0 333 10 /// 58 000 6 000 0 7 0000 
22-OCT-2015 03 48008 3 2 5 58 1 00 00 10 247 20 205 3 0000 4 0136 5 0000 6 000 0 7 00 0 0 8 1 1 0 0 333 10 /// 58 015 6 000 0 7 0000 
22-OCT-2015 03 48010 3 2 5 56 3 00 00 10 265 20 219 3 0000 4 0132 5 0000 6 000 0 7 00 0 0 8 3 1 0 0 333 10 /// 58 005 6 000 0 7 0000 
22-OCT-2015 03 48018 3 2 5 60 1 36 01 10 265 20 229 3 0000 4 0123 5 0000 6 000 0 7 00 0 0 8 1 2 0 0 333 10 /// 58 000 6 000 0 7 0000 
22-OCT-2015 03 48019 3 2 9 60 0 00 00 10 280 20 184 3 0000 4 0118 5 0000 6 000 0 7 00 0 0 8 0 0 0 0 333 10 /// 59 001 6 000 0 7 0000 
22-OCT-2015 03 48020 3 2 4 57 3 04 03 10 270 20 250 3 0000 4 0000 5 0000 6 000 0 7 00 0 0 8 3 2 0 0 333 10 /// 58 000 6 000 0 7 0000 
22-OCT-2015 03 48025 3 1 0 05 6 36 02 10 270 20 240 3 0000 4 0131 5 0000 6 000 0 7 42 4 4 8 6 6 0 0 333 10 /// 58 008 6 000 0 7 0000 
22-OCT-2015 03 48030 3 1 / 05 9 22 02 10 136 20 136 3 0000 4 0000 5 0000 6 000 0 7 43 4 4 8 9 / / / 333 10 /// 58 000 6 000 0 7 0000 
22-OCT-2015 03 48031 3 2 2 60 3 18 01 10 210 20 160 3 0000 4 0000 5 0000 6 000 0 7 00 0 0 8 3 8 0 0 333 10 /// 58 000 6 000 0 7 0000 
22-OCT-2015 03 48033 3 3 9 62 0 36 01 10 280 20 233 3 0000 4 0112 5 0000 6 000 0 7 00 0 0 8 0 0 0 0 333 10 /// 59 010 6 000 0 7 0000 
22-OCT-2015 03 48034 2 2 9 57 0 00 00 10 202 20 198 3 0000 4 0000 5 0000 6 000 0 7 00 0 0 8 0 0 0 0 333 10 /// 58 000 6 000 0 7 0000 
22-OCT-2015 03 48035 3 1 5 60 1 36 02 10 219 20 160 3 0000 4 0132 5 0000 6 000 0 7 01 4 4 8 1 1 0 0 333 10 /// 58 006 6 000 0 7 0000 
22-OCT-2015 03 48037 3 2 9 58 0 36 01 10 272 20 240 3 0000 4 0119 5 0000 6 000 0 7 00 0 0 8 0 0 0 0 333 10 /// 58 006 6 000 0 7 0000 
22-OCT-2015 03 48039 3 2 9 56 2 14 01 10 290 20 230 3 0000 4 0000 5 0000 6 000 0 7 00 0 0 8 0 0 0 2 333 10 /// 58 000 6 000 0 7 0000 
22-OCT-2015 03 48042 3 2 5 57 1 00 00 10 287 20 230 3 0000 4 0115 5 0000 6 000 0 7 00 0 0 8 1 4 0 0 333 10 /// 58 001 6 000 0 7 0000 
22-OCT-2015 03 48043 3 2 0 58 0 14 03 10 210 20 175 3 0000 4 0000 5 0000 6 000 0 7 00 0 0 8 0 0 0 0 333 10 /// 58 000 6 000 0 7 0000 
22-OCT-2015 03 48045 3 2 5 56 3 22 03 10 220 20 173 3 0000 4 0000 5 0000 6 000 0 7 00 0 0 8 3 8 0 0 333 10 /// 58 000 6 000 0 7 0000 
22-OCT-2015 03 48048 3 2 9 60 0 36 01 10 295 20 239 3 0000 4 0124 5 0000 6 000 0 7 00 0 0 8 0 0 0 0 333 10 /// 58 006 6 000 0 7 0000 
22-OCT-2015 03 48051 3 2 4 58 3 36 03 10 260 20 250 3 0000 4 0000 5 0000 6 000 0 7 00 0 0 8 3 5 0 0 333 10 /// 58 000 6 000 0 7 0000 
22-OCT-2015 03 48052 3 2 9 60 0 00 00 10 300 20 239 3 0000 4 0000 5 0000 6 000 0 7 00 0 0 8 0 0 0 0 333 10 /// 58 000 6 000 0 7 0000 
22-OCT-2015 03 48053 3 2 9 50 0 32 02 10 280 20 220 3 0000 4 0119 5 0000 6 000 0 7 00 0 0 8 0 0 0 0 333 10 /// 58 000 6 000 0 7 0000 
22-OCT-2015 03 48055 3 2 5 57 1 04 02 10 227 20 196 3 0000 4 0130 5 0000 6 000 0 7 00 0 0 8 1 1 0 0 333 10 /// 58 004 6 000 0 7 0000 
22-OCT-2015 03 48057 3 2 4 58 2 22 01 10 230 20 163 3 0000 4 0000 5 0000 6 000 0 7 00 0 0 8 2 8 0 0 333 10 /// 58 000 6 000 0 7 0000 
22-OCT-2015 03 48060 3 2 4 50 1 32 01 10 230 20 163 3 0000 4 0138 5 0000 6 000 0 7 00 0 0 8 1 1 0 0 333 10 /// 58 027 6 000 0 7 0000 
22-OCT-2015 03 48062 3 1 4 50 4 36 03 10 260 20 230 3 0000 4 0125 5 0000 6 000 0 7 00 0 0 8 3 8 3 0 333 10 /// 58 004 6 000 0 7 0000 
22-OCT-2015 03 48064 3 2 9 56 0 04 01 10 255 20 229 3 0000 4 0119 5 0000 6 000 0 7 00 0 0 8 0 0 0 0 333 10 /// 58 015 6 000 0 7 0000 
22-OCT-2015 03 48065 3 2 9 58 0 00 00 10 280 20 220 3 0000 4 0000 5 0000 6 000 0 7 00 0 0 8 0 0 0 0 333 10 /// 58 000 6 000 0 7 0000 
22-OCT-2015 03 48071 3 2 4 58 1 32 02 10 290 20 259 3 0000 4 0126 5 0000 6 000 0 7 00 0 0 8 1 2 0 0 333 10 /// 58 007 6 000 0 7 0000 
22-OCT-2015 03 48072 3 2 4 59 4 04 01 10 295 20 253 3 0000 4 0000 5 0000 6 000 0 7 00 0 0 8 3 8 3 0 333 10 /// 58 000 6 000 0 7 0000 
22-OCT-2015 03 48074 3 2 9 59 0 23 02 10 260 20 229 3 0000 4 0139 5 0000 6 000 0 7 00 0 0 8 0 0 0 0 333 10 /// 58 005 6 000 0 7 0000 
22-OCT-2015 03 48075 3 2 9 57 0 00 00 10 230 20 198 3 0000 4 0133 5 0000 6 000 0 7 00 0 0 8 0 0 0 0 333 10 /// 59 009 6 000 0 7 0000 
22-OCT-2015 03 48077 3 2 9 59 0 00 00 10 287 20 248 3 0000 4 0110 5 0000 6 000 0 7 00 0 0 8 0 0 0 0 333 10 /// 59 000 6 000 0 7 0000 
22-OCT-2015 03 48078 3 2 5 58 2 09 01 10 271 20 218 3 0000 4 0130 5 0000 6 000 0 7 00 0 0 8 1 2 0 1 333 10 /// 58 009 6 000 0 7 0000 
22-OCT-2015 03 48080 3 2 9 60 0 04 02 10 280 20 250 3 0000 4 0121 5 0000 6 000 0 7 00 0 0 8 0 0 0 0 333 10 /// 58 006 6 000 0 7 0000 
22-OCT-2015 03 48085 3 2 4 56 1 36 02 10 280 20 268 3 0000 4 0124 5 0000 6 000 0 7 00 0 0 8 1 8 0 0 333 10 /// 58 008 6 000 0 7 0000 
22-OCT-2015 03 48087 3 2 9 60 0 00 00 10 276 20 253 3 0000 4 0000 5 0000 6 000 0 7 00 0 0 8 0 0 0 0 333 10 /// 58 000 6 000 0 7 0000 
22-OCT-2015 03 48092 3 2 4 58 1 32 01 10 300 20 246 3 0000 4 0101 5 0000 6 000 0 7 00 0 0 8 1 1 0 0 333 10 /// 58 005 6 000 0 7 0000 
22-OCT-2015 03 48093 3 2 9 58 0 14 01 10 304 20 253 3 0000 4 0000 5 0000 6 000 0 7 00 0 0 8 0 0 0 0 333 10 /// 58 000 6 000 0 7 0000 
22-OCT-2015 03 48094 3 2 9 59 0 32 02 10 290 20 260 3 0000 4 0124 5 0000 6 000 0 7 00 0 0 8 0 0 0 0 333 10 /// 58 009 6 000 0 7 0000 
22-OCT-2015 03 48095 3 2 9 60 0 00 00 10 295 20 248 3 0000 4 0000 5 0000 6 000 0 7 00 0 0 8 0 0 0 0 333 10 /// 58 000 6 000 0 7 0000 
22-OCT-2015 03 48096 3 2 0 58 0 33 03 10 300 20 253 3 0000 4 0131 5 0000 6 000 0 7 00 0 0 8 0 0 0 0 333 10 /// 58 007 6 000 0 7 0000 
22-OCT-2015 03 48097 3 1 5 57 2 23 01 10 295 20 244 3 0000 4 0128 5 0000 6 000 0 7 05 1 1 8 2 4 0 0 333 10 /// 58 009 6 000 0 7 0000 
22-OCT-2015 03 48099 3 1 4 30 4 32 02 10 298 20 266 3 0000 4 0117 5 0000 6 000 0 7 40 4 4 8 4 8 0 0 333 10 /// 58 004 6 000 0 7 0000 
22-OCT-2015 03 48101 3 2 9 59 1 32 01 10 297 20 253 3 0000 4 0000 5 0000 6 000 0 7 00 0 0 8 0 0 0 1 333 10 /// 58 000 6 000 0 7 0000 
22-OCT-2015 03 48103 3 2 4 50 6 04 02 10 313 20 254 3 0000 4 0120 5 0000 6 000 0 7 00 0 0 8 6 7 0 0 333 10 /// 58 003 6 000 0 7 0000 
22-OCT-2015 03 48107 3 1 3 50 2 23 01 10 308 20 267 3 0000 4 0113 5 0000 6 000 0 7 00 0 0 8 2 9 0 0 333 10 /// 59 001 6 000 0 7 0000 
22-OCT-2015 03 48108 3 1 5 96 6 05 02 10 300 20 253 3 0000 4 0119 5 0000 6 000 0 7 03 4 4 8 4 3 0 6 333 10 /// 58 000 6 000 0 7 0000 
22-OCT-2015 03 48109 3 2 4 97 2 00 00 10 300 20 239 3 0000 4 0132 5 0000 6 000 0 7 00 0 0 8 2 8 0 0 333 10 /// 58 008 6 000 0 7 0000 
22-OCT-2015 03 48110 3 1 5 95 4 13 01 10 300 20 266 3 0000 4 0120 5 0000 6 000 0 7 05 2 2 8 2 3 0 6 333 10 /// 58 002 6 000 0 7 0000 
22-OCT-2015 03 48112 3 1 5 97 8 04 02 10 290 20 259 3 0000 4 0118 5 0000 6 000 0 7 05 2 2 8 3 8 7 6 333 10 /// 58 000 6 000 0 7 0000 
