22-SEP-2015 06 48001 3 2 4 50 7 27 01 10 280 20 250 3 0000 4 0042 5 0000 6 000 0 7 00 0 0 8 5 6 3 0 333 10 /// 59 034 6 000 0 7 0000 
22-SEP-2015 06 48004 3 2 4 60 6 13 01 10 307 20 267 3 0000 4 0000 5 0000 6 000 0 7 00 0 0 8 4 9 0 0 333 10 /// 58 000 6 000 0 7 0000 
22-SEP-2015 06 48008 2 1 4 56 8 14 01 10 282 20 268 3 0000 4 0068 5 0000 6 000 0 7 50 5 5 8 4 9 7 / 333 10 /// 59 017 6 000 0 7 0000 
22-SEP-2015 06 48010 3 2 5 58 7 18 01 10 295 20 266 3 0000 4 0069 5 0000 6 000 0 7 00 0 0 8 5 8 3 0 333 10 /// 59 011 6 000 0 7 0000 
22-SEP-2015 06 48018 3 2 5 60 6 14 01 10 315 20 267 3 0000 4 0065 5 0000 6 000 0 7 00 0 0 8 3 8 7 0 333 10 /// 59 021 6 000 0 7 0000 
22-SEP-2015 06 48019 3 2 4 58 6 32 01 10 312 20 254 3 0000 4 0063 5 0000 6 000 0 7 00 0 0 8 3 6 6 0 333 10 /// 59 016 6 000 0 7 0000 
22-SEP-2015 06 48020 3 2 4 58 7 04 03 10 330 20 275 3 0000 4 0000 5 0000 6 000 0 7 00 0 0 8 5 8 3 0 333 10 /// 58 000 6 000 0 7 0000 
22-SEP-2015 06 48025 3 2 4 58 6 04 01 10 320 20 248 3 0000 4 0067 5 0000 6 000 0 7 00 0 0 8 4 8 4 0 333 10 /// 59 011 6 000 0 7 0000 
22-SEP-2015 06 48030 3 2 3 57 6 22 04 10 212 20 160 3 0000 4 0000 5 0000 6 000 0 7 00 0 0 8 5 8 4 0 333 10 /// 58 000 6 000 0 7 0000 
22-SEP-2015 06 48031 3 2 2 60 5 04 01 10 230 20 181 3 0000 4 0000 5 0000 6 000 0 7 00 0 0 8 5 8 0 0 333 10 /// 58 000 6 000 0 7 0000 
22-SEP-2015 06 48033 3 2 5 63 3 18 01 10 330 20 258 3 0000 4 0066 5 0000 6 000 0 7 00 0 0 8 3 5 0 0 333 10 /// 59 011 6 000 0 7 0000 
22-SEP-2015 06 48034 3 2 4 57 6 18 02 10 272 20 226 3 0000 4 0000 5 0000 6 000 0 7 00 0 0 8 6 3 0 0 333 10 /// 58 000 6 000 0 7 0000 
22-SEP-2015 06 48035 3 2 5 60 6 22 03 10 297 20 207 3 0000 4 0053 5 0000 6 000 0 7 00 0 0 8 4 9 6 0 333 10 /// 59 002 6 000 0 7 0000 
22-SEP-2015 06 48037 3 2 5 60 4 18 01 10 336 20 270 3 0000 4 0055 5 0000 6 000 0 7 00 0 0 8 2 1 0 2 333 10 /// 59 026 6 000 0 7 0000 
22-SEP-2015 06 48039 3 2 4 60 6 14 01 10 330 20 258 3 0000 4 0000 5 0000 6 000 0 7 00 0 0 8 4 9 6 0 333 10 /// 58 000 6 000 0 7 0000 
22-SEP-2015 06 48042 3 2 5 58 4 13 04 10 352 20 240 3 0000 4 0069 5 0000 6 000 0 7 00 0 0 8 3 8 0 2 333 10 /// 59 008 6 000 0 7 0000 
22-SEP-2015 06 48043 3 2 5 59 4 18 08 10 265 20 226 3 0000 4 0000 5 0000 6 000 0 7 00 0 0 8 3 2 3 0 333 10 /// 58 000 6 000 0 7 0000 
22-SEP-2015 06 48045 3 2 5 56 5 22 12 10 263 20 179 3 0000 4 0000 5 0000 6 000 0 7 00 0 0 8 3 8 3 1 333 10 /// 58 000 6 000 0 7 0000 
22-SEP-2015 06 48048 3 2 5 60 4 22 01 10 333 20 244 3 0000 4 0069 5 0000 6 000 0 7 00 0 0 8 4 8 0 0 333 10 /// 59 015 6 000 0 7 0000 
22-SEP-2015 06 48051 2 2 5 59 8 13 02 10 296 20 270 3 0000 4 0000 5 0000 6 000 0 7 01 2 2 8 5 9 3 0 333 10 /// 58 000 6 000 0 7 0000 
22-SEP-2015 06 48052 3 2 4 68 3 18 01 10 340 20 257 3 0000 4 0000 5 0000 6 000 0 7 00 0 0 8 3 8 0 0 333 10 /// 58 000 6 000 0 7 0000 
22-SEP-2015 06 48053 3 2 4 58 5 18 02 10 320 20 248 3 0000 4 0083 5 0000 6 000 0 7 00 0 0 8 3 9 5 6 333 10 /// 59 008 6 000 0 7 0000 
22-SEP-2015 06 48055 3 2 5 56 7 18 05 10 296 20 227 3 0000 4 0043 5 0000 6 000 0 7 00 0 0 8 5 9 3 0 333 10 /// 59 016 6 000 0 7 0000 
22-SEP-2015 06 48057 3 2 4 58 7 23 01 10 237 20 191 3 0000 4 0000 5 0000 6 000 0 7 00 0 0 8 6 3 0 1 333 10 /// 58 000 6 000 0 7 0000 
22-SEP-2015 06 48060 3 2 4 50 7 22 02 10 302 20 185 3 0000 4 0046 5 0000 6 000 0 7 00 0 0 8 4 9 7 0 333 10 /// 59 012 6 000 0 7 0000 
22-SEP-2015 06 48062 3 2 4 58 7 23 06 10 320 20 280 3 0000 4 0094 5 0000 6 000 0 7 00 0 0 8 5 9 7 0 333 10 /// 58 003 6 000 0 7 0000 
22-SEP-2015 06 48064 3 2 5 60 6 14 01 10 321 20 281 3 0000 4 0073 5 0000 6 000 0 7 00 0 0 8 4 8 3 1 333 10 /// 58 001 6 000 0 7 0000 
22-SEP-2015 06 48065 3 2 4 57 6 04 01 10 325 20 275 3 0000 4 0000 5 0000 6 000 0 7 00 0 0 8 3 8 3 1 333 10 /// 58 000 6 000 0 7 0000 
22-SEP-2015 06 48071 3 2 4 58 5 27 04 10 302 20 282 3 0000 4 0096 5 0000 6 000 0 7 00 0 0 8 5 9 0 0 333 10 /// 59 004 6 000 0 7 0000 
22-SEP-2015 06 48072 3 2 4 60 6 27 04 10 310 20 267 3 0000 4 0000 5 0000 6 000 0 7 00 0 0 8 4 8 3 0 333 10 /// 58 000 6 000 0 7 0000 
22-SEP-2015 06 48074 3 2 4 59 7 14 03 10 300 20 253 3 0000 4 0090 5 0000 6 000 0 7 00 0 0 8 4 8 7 0 333 10 /// 59 012 6 000 0 7 0000 
22-SEP-2015 06 48075 3 2 4 57 7 22 01 10 290 20 215 3 0000 4 0081 5 0000 6 000 0 7 03 2 2 8 5 7 5 0 333 10 /// 59 007 6 000 0 7 0000 
22-SEP-2015 06 48077 3 2 5 58 8 23 01 10 300 20 253 3 0000 4 0086 5 0000 6 000 0 7 00 0 0 8 5 9 7 0 333 10 /// 59 006 6 000 0 7 0000 
22-SEP-2015 06 48078 3 2 5 58 5 18 01 10 323 20 270 3 0000 4 0091 5 0000 6 000 0 7 00 0 0 8 4 8 0 1 333 10 /// 59 009 6 000 0 7 0000 
22-SEP-2015 06 48080 2 1 4 60 7 22 01 10 282 20 250 3 0000 4 0099 5 0000 6 000 0 7 01 6 5 8 5 8 7 0 333 10 /// 59 001 6 000 0 7 0000 
22-SEP-2015 06 48085 3 2 4 58 3 27 04 10 308 20 266 3 0000 4 0096 5 0000 6 000 0 7 00 0 0 8 3 9 0 0 333 10 /// 59 007 6 000 0 7 0000 
22-SEP-2015 06 48087 3 2 5 60 5 18 03 10 325 20 265 3 0000 4 0000 5 0000 6 000 0 7 00 0 0 8 3 8 4 1 333 10 /// 58 000 6 000 0 7 0000 
22-SEP-2015 06 48093 2 1 5 57 6 14 01 10 316 20 265 3 0000 4 0000 5 0000 6 000 0 7 20 5 5 8 6 8 0 0 333 10 /// 58 000 6 000 0 7 0000 
22-SEP-2015 06 48094 3 2 5 60 5 32 03 10 320 20 280 3 0000 4 0095 5 0000 6 000 0 7 00 0 0 8 4 9 0 1 333 10 /// 59 008 6 000 0 7 0000 
22-SEP-2015 06 48095 3 2 4 60 5 22 02 10 340 20 288 3 0000 4 0000 5 0000 6 000 0 7 00 0 0 8 2 8 4 0 333 10 /// 58 000 6 000 0 7 0000 
22-SEP-2015 06 48096 3 2 4 58 4 27 02 10 310 20 254 3 0000 4 0099 5 0000 6 000 0 7 02 1 1 8 3 3 3 0 333 10 /// 59 009 6 000 0 7 0000 
22-SEP-2015 06 48097 3 2 5 57 6 32 02 10 320 20 265 3 0000 4 0099 5 0000 6 000 0 7 00 0 0 8 4 3 0 1 333 10 /// 58 006 6 000 0 7 0000 
22-SEP-2015 06 48099 3 2 5 56 6 18 02 10 315 20 265 3 0000 4 0094 5 0000 6 000 0 7 00 0 0 8 5 8 3 0 333 10 /// 59 003 6 000 0 7 0000 
22-SEP-2015 06 48101 3 2 5 58 6 22 02 10 327 20 258 3 0000 4 0000 5 0000 6 000 0 7 02 2 2 8 4 9 3 1 333 10 /// 58 000 6 000 0 7 0000 
22-SEP-2015 06 48103 2 1 4 57 6 14 02 10 276 20 268 3 0000 4 0101 5 0000 6 000 0 7 01 9 6 8 4 8 7 0 333 10 /// 59 002 6 000 0 7 0000 
22-SEP-2015 06 48107 2 1 3 30 8 13 01 10 260 20 260 3 0000 4 0110 5 0000 6 000 0 7 01 6 6 8 5 9 7 / 333 10 /// 58 013 6 000 0 7 0000 
22-SEP-2015 06 48108 3 2 5 96 6 32 07 10 330 20 267 3 0000 4 0102 5 0000 6 000 0 7 00 0 0 8 4 3 6 6 333 10 /// 58 003 6 000 0 7 0000 
22-SEP-2015 06 48109 3 2 4 97 4 23 01 10 314 20 267 3 0000 4 0111 5 0000 6 000 0 7 01 2 2 8 4 9 0 0 333 10 /// 59 004 6 000 0 7 0000 
22-SEP-2015 06 48110 3 1 5 95 8 32 04 10 320 20 273 3 0000 4 0107 5 0000 6 000 0 7 05 2 2 8 3 3 5 7 333 10 /// 58 000 6 000 0 7 0000 
22-SEP-2015 06 48112 3 1 5 97 8 27 03 10 325 20 270 3 0000 4 0106 5 0000 6 000 0 7 05 2 2 8 3 8 7 6 333 10 /// 58 003 6 000 0 7 0000 
