22-SEP-2015 03 48001 2 1 4 40 7 32 01 10 253 20 245 3 0000 4 0076 5 0000 6 000 0 7 00 0 0 8 5 8 3 0 333 10 /// 59 021 6 000 0 7 0000 
22-SEP-2015 03 48004 2 1 3 50 8 04 01 10 274 20 256 3 0000 4 0000 5 0000 6 000 0 7 50 5 5 8 5 9 7 / 333 10 /// 58 000 6 000 0 7 0000 
22-SEP-2015 03 48008 2 1 4 50 8 00 00 10 262 20 258 3 0000 4 0071 5 0000 6 000 0 7 02 6 6 8 4 9 7 / 333 10 /// 59 021 6 000 0 7 0000 
22-SEP-2015 03 48010 2 2 4 40 8 00 00 10 270 20 256 3 0000 4 0070 5 0000 6 000 0 7 00 0 0 8 8 7 / / 333 10 /// 59 024 6 000 0 7 0000 
22-SEP-2015 03 48018 3 2 5 58 7 22 01 10 275 20 256 3 0000 4 0077 5 0000 6 000 0 7 03 2 2 8 3 8 7 2 333 10 /// 58 005 6 000 0 7 0000 
22-SEP-2015 03 48019 2 2 4 56 7 00 00 10 275 20 256 3 0000 4 0070 5 0000 6 000 0 7 00 0 0 8 5 6 6 0 333 10 /// 59 021 6 000 0 7 0000 
22-SEP-2015 03 48020 2 2 3 58 7 13 02 10 290 20 259 3 0000 4 0000 5 0000 6 000 0 7 00 0 0 8 5 8 3 0 333 10 /// 58 000 6 000 0 7 0000 
22-SEP-2015 03 48025 3 2 4 40 6 14 01 10 290 20 259 3 0000 4 0086 5 0000 6 000 0 7 00 0 0 8 4 8 4 0 333 10 /// 59 011 6 000 0 7 0000 
22-SEP-2015 03 48030 3 2 2 56 6 22 04 10 198 20 150 3 0000 4 0000 5 0000 6 000 0 7 00 0 0 8 5 9 4 0 333 10 /// 58 000 6 000 0 7 0000 
22-SEP-2015 03 48031 3 2 2 58 8 04 01 10 210 20 160 3 0000 4 0000 5 0000 6 000 0 7 00 0 0 8 8 8 / / 333 10 /// 58 000 6 000 0 7 0000 
22-SEP-2015 03 48033 3 2 5 62 1 18 02 10 290 20 248 3 0000 4 0083 5 0000 6 000 0 7 00 0 0 8 1 1 0 0 333 10 /// 59 010 6 000 0 7 0000 
22-SEP-2015 03 48034 2 1 4 56 8 00 00 10 218 20 205 3 0000 4 0000 5 0000 6 000 0 7 02 5 5 8 6 9 2 / 333 10 /// 58 000 6 000 0 7 0000 
22-SEP-2015 03 48035 3 1 5 60 6 22 01 10 257 20 215 3 0000 4 0071 5 0000 6 000 0 7 01 4 4 8 4 9 6 0 333 10 /// 59 008 6 000 0 7 0000 
22-SEP-2015 03 48037 3 2 5 58 5 18 02 10 283 20 250 3 0000 4 0073 5 0000 6 000 0 7 00 0 0 8 3 2 0 1 333 10 /// 59 020 6 000 0 7 0000 
22-SEP-2015 03 48039 2 2 4 60 5 14 02 10 305 20 223 3 0000 4 0000 5 0000 6 000 0 7 00 0 0 8 2 8 0 2 333 10 /// 58 000 6 000 0 7 0000 
22-SEP-2015 03 48042 2 2 5 58 4 22 02 10 312 20 237 3 0000 4 0081 5 0000 6 000 0 7 00 0 0 8 3 8 0 2 333 10 /// 59 013 6 000 0 7 0000 
22-SEP-2015 03 48043 3 2 5 58 5 18 07 10 240 20 209 3 0000 4 0000 5 0000 6 000 0 7 00 0 0 8 3 2 3 0 333 10 /// 58 000 6 000 0 7 0000 
22-SEP-2015 03 48045 3 2 5 56 5 22 09 10 233 20 163 3 0000 4 0000 5 0000 6 000 0 7 00 0 0 8 3 8 3 1 333 10 /// 58 000 6 000 0 7 0000 
22-SEP-2015 03 48048 3 2 5 60 2 22 01 10 300 20 239 3 0000 4 0080 5 0000 6 000 0 7 00 0 0 8 2 8 0 0 333 10 /// 59 023 6 000 0 7 0000 
22-SEP-2015 03 48051 2 2 5 59 7 31 02 10 270 20 260 3 0000 4 0000 5 0000 6 000 0 7 00 0 0 8 5 9 3 0 333 10 /// 58 000 6 000 0 7 0000 
22-SEP-2015 03 48052 3 2 4 58 4 14 01 10 300 20 253 3 0000 4 0000 5 0000 6 000 0 7 00 0 0 8 4 8 0 0 333 10 /// 58 000 6 000 0 7 0000 
22-SEP-2015 03 48053 2 2 5 56 6 18 01 10 290 20 248 3 0000 4 0096 5 0000 6 000 0 7 00 0 0 8 2 5 5 6 333 10 /// 59 010 6 000 0 7 0000 
22-SEP-2015 03 48055 2 2 5 57 5 04 03 10 260 20 215 3 0000 4 0072 5 0000 6 000 0 7 00 0 0 8 1 1 3 6 333 10 /// 59 025 6 000 0 7 0000 
22-SEP-2015 03 48057 3 2 4 58 5 23 02 10 220 20 205 3 0000 4 0000 5 0000 6 000 0 7 00 0 0 8 3 8 0 6 333 10 /// 58 000 6 000 0 7 0000 
22-SEP-2015 03 48060 3 2 4 50 3 00 00 10 282 20 220 3 0000 4 0069 5 0000 6 000 0 7 00 0 0 8 3 8 0 0 333 10 /// 59 007 6 000 0 7 0000 
22-SEP-2015 03 48062 2 2 4 57 7 23 04 10 300 20 270 3 0000 4 0093 5 0000 6 000 0 7 00 0 0 8 5 9 7 0 333 10 /// 59 005 6 000 0 7 0000 
22-SEP-2015 03 48064 2 2 4 58 6 14 01 10 285 20 259 3 0000 4 0084 5 0000 6 000 0 7 00 0 0 8 4 8 3 1 333 10 /// 58 001 6 000 0 7 0000 
22-SEP-2015 03 48065 2 2 4 56 6 32 01 10 298 20 253 3 0000 4 0000 5 0000 6 000 0 7 00 0 0 8 3 8 7 1 333 10 /// 58 000 6 000 0 7 0000 
22-SEP-2015 03 48071 2 2 4 58 6 27 03 10 290 20 274 3 0000 4 0098 5 0000 6 000 0 7 00 0 0 8 5 9 3 0 333 10 /// 59 006 6 000 0 7 0000 
22-SEP-2015 03 48072 2 2 4 59 6 27 02 10 300 20 266 3 0000 4 0000 5 0000 6 000 0 7 00 0 0 8 4 8 7 0 333 10 /// 58 000 6 000 0 7 0000 
22-SEP-2015 03 48074 2 2 3 58 8 14 02 10 275 20 268 3 0000 4 0104 5 0000 6 000 0 7 00 0 0 8 5 7 7 / 333 10 /// 59 008 6 000 0 7 0000 
22-SEP-2015 03 48075 3 2 4 57 6 00 00 10 250 20 219 3 0000 4 0109 5 0000 6 000 0 7 00 0 0 8 5 5 0 1 333 10 /// 59 020 6 000 0 7 0000 
22-SEP-2015 03 48077 3 2 5 58 8 23 01 10 288 20 259 3 0000 4 0083 5 0000 6 000 0 7 00 0 0 8 5 9 7 0 333 10 /// 59 020 6 000 0 7 0000 
22-SEP-2015 03 48078 2 2 5 57 5 18 01 10 287 20 266 3 0000 4 0105 5 0000 6 000 0 7 00 0 0 8 4 5 0 1 333 10 /// 59 011 6 000 0 7 0000 
22-SEP-2015 03 48080 2 1 4 60 8 22 03 10 283 20 250 3 0000 4 0104 5 0000 6 000 0 7 03 6 5 8 5 9 7 0 333 10 /// 59 001 6 000 0 7 0000 
22-SEP-2015 03 48085 2 1 4 58 7 22 01 10 284 20 268 3 0000 4 0103 5 0000 6 000 0 7 50 5 5 8 5 9 7 0 333 10 /// 58 002 6 000 0 7 0000 
22-SEP-2015 03 48087 2 2 5 56 6 23 02 10 300 20 253 3 0000 4 0000 5 0000 6 000 0 7 00 0 0 8 3 3 7 1 333 10 /// 58 000 6 000 0 7 0000 
22-SEP-2015 03 48092 2 2 4 58 5 27 04 10 300 20 266 3 0000 4 0084 5 0000 6 000 0 7 00 0 0 8 4 8 3 0 333 10 /// 59 013 6 000 0 7 0000 
22-SEP-2015 03 48093 2 2 5 58 7 23 01 10 311 20 267 3 0000 4 0000 5 0000 6 000 0 7 00 0 0 8 4 3 4 1 333 10 /// 58 000 6 000 0 7 0000 
22-SEP-2015 03 48094 2 2 4 59 5 22 02 10 310 20 270 3 0000 4 0105 5 0000 6 000 0 7 00 0 0 8 3 9 7 0 333 10 /// 59 003 6 000 0 7 0000 
22-SEP-2015 03 48095 3 2 4 58 5 22 02 10 310 20 282 3 0000 4 0000 5 0000 6 000 0 7 00 0 0 8 2 9 4 0 333 10 /// 58 000 6 000 0 7 0000 
22-SEP-2015 03 48096 3 2 5 57 3 25 03 10 300 20 253 3 0000 4 0109 5 0000 6 000 0 7 00 0 0 8 3 3 0 0 333 10 /// 59 000 6 000 0 7 0000 
22-SEP-2015 03 48097 3 2 5 57 5 14 01 10 300 20 253 3 0000 4 0108 5 0000 6 000 0 7 00 0 0 8 4 8 0 1 333 10 /// 59 010 6 000 0 7 0000 
22-SEP-2015 03 48099 2 1 3 40 6 18 01 10 265 20 265 3 0000 4 0105 5 0000 6 000 0 7 03 9 5 8 4 8 3 0 333 10 /// 59 003 6 000 0 7 0000 
22-SEP-2015 03 48101 2 2 5 56 5 23 02 10 295 20 266 3 0000 4 0000 5 0000 6 000 0 7 00 0 0 8 3 3 3 1 333 10 /// 58 000 6 000 0 7 0000 
22-SEP-2015 03 48103 2 1 4 56 8 04 01 10 277 20 268 3 0000 4 0106 5 0000 6 000 0 7 17 9 9 8 6 9 7 0 333 10 /// 59 012 6 000 0 7 0000 
22-SEP-2015 03 48107 2 1 3 30 8 32 02 10 260 20 246 3 0000 4 0110 5 0000 6 000 0 7 63 6 6 8 5 9 7 / 333 10 /// 59 001 6 000 0 7 0000 
22-SEP-2015 03 48108 3 2 5 96 6 05 03 10 305 20 254 3 0000 4 0116 5 0000 6 000 0 7 00 0 0 8 3 3 3 6 333 10 /// 59 003 6 000 0 7 0000 
22-SEP-2015 03 48109 3 2 4 97 5 23 01 10 292 20 259 3 0000 4 0112 5 0000 6 000 0 7 00 0 0 8 3 9 3 0 333 10 /// 59 006 6 000 0 7 0000 
22-SEP-2015 03 48110 3 1 5 95 8 23 01 10 285 20 254 3 0000 4 0111 5 0000 6 000 0 7 05 2 2 8 2 3 5 7 333 10 /// 59 006 6 000 0 7 0000 
22-SEP-2015 03 48112 3 1 5 97 8 36 02 10 285 20 254 3 0000 4 0115 5 0000 6 000 0 7 05 2 2 8 3 8 4 6 333 10 /// 58 000 6 000 0 7 0000 
