22-SEP-2015 09 48001 3 2 4 56 6 09 01 10 288 20 248 3 0000 4 0024 5 0000 6 000 0 7 00 0 0 8 6 7 0 0 333 10 /// 59 013 6 000 0 7 0000 
22-SEP-2015 09 48004 3 2 4 58 7 13 01 10 312 20 267 3 0000 4 0000 5 0000 6 000 0 7 00 0 0 8 7 9 0 0 333 10 /// 58 000 6 000 0 7 0000 
22-SEP-2015 09 48008 3 1 4 50 8 14 01 10 262 20 258 3 0000 4 0048 5 0000 6 000 0 7 95 9 6 8 4 9 7 / 333 10 /// 59 006 6 000 0 7 0000 
22-SEP-2015 09 48010 3 2 5 58 7 18 01 10 295 20 266 3 0000 4 0038 5 0000 6 000 0 7 00 0 0 8 5 8 3 0 333 10 /// 59 007 6 000 0 7 0000 
22-SEP-2015 09 48018 3 2 5 61 6 23 01 10 317 20 265 3 0000 4 0039 5 0000 6 000 0 7 00 0 0 8 3 8 7 0 333 10 /// 59 010 6 000 0 7 0000 
22-SEP-2015 09 48019 3 2 4 58 7 00 00 10 323 20 265 3 0000 4 0042 5 0000 6 000 0 7 00 0 0 8 3 6 6 0 333 10 /// 59 012 6 000 0 7 0000 
22-SEP-2015 09 48020 3 2 4 60 2 09 03 10 335 20 282 3 0000 4 0000 5 0000 6 000 0 7 00 0 0 8 2 2 0 0 333 10 /// 58 000 6 000 0 7 0000 
22-SEP-2015 09 48025 3 2 4 60 5 14 01 10 337 20 270 3 0000 4 0040 5 0000 6 000 0 7 00 0 0 8 3 8 4 1 333 10 /// 59 003 6 000 0 7 0000 
22-SEP-2015 09 48030 3 2 3 57 6 22 04 10 227 20 124 3 0000 4 0000 5 0000 6 000 0 7 00 0 0 8 5 8 4 0 333 10 /// 58 000 6 000 0 7 0000 
22-SEP-2015 09 48031 3 2 2 60 6 09 01 10 235 20 174 3 0000 4 0000 5 0000 6 000 0 7 00 0 0 8 6 8 0 0 333 10 /// 58 000 6 000 0 7 0000 
22-SEP-2015 09 48033 3 2 5 63 1 09 01 10 350 20 240 3 0000 4 0032 5 0000 6 000 0 7 00 0 0 8 1 5 0 0 333 10 /// 59 021 6 000 0 7 0000 
22-SEP-2015 09 48034 3 2 4 57 5 18 02 10 288 20 196 3 0000 4 0000 5 0000 6 000 0 7 00 0 0 8 5 3 0 0 333 10 /// 58 000 6 000 0 7 0000 
22-SEP-2015 09 48037 3 2 5 60 3 18 01 10 353 20 240 3 0000 4 0035 5 0000 6 000 0 7 00 0 0 8 3 8 0 0 333 10 /// 59 010 6 000 0 7 0000 
22-SEP-2015 09 48039 3 2 4 60 4 00 00 10 332 20 258 3 0000 4 0000 5 0000 6 000 0 7 00 0 0 8 2 1 6 0 333 10 /// 58 000 6 000 0 7 0000 
22-SEP-2015 09 48042 3 2 5 60 4 13 02 10 370 20 246 3 0000 4 0036 5 0000 6 000 0 7 00 0 0 8 3 9 0 2 333 10 /// 59 010 6 000 0 7 0000 
22-SEP-2015 09 48043 3 2 5 59 2 32 05 10 275 20 233 3 0000 4 0000 5 0000 6 000 0 7 00 0 0 8 2 2 0 0 333 10 /// 58 000 6 000 0 7 0000 
22-SEP-2015 09 48045 3 2 5 56 5 23 08 10 259 20 160 3 0000 4 0000 5 0000 6 000 0 7 00 0 0 8 3 8 3 1 333 10 /// 58 000 6 000 0 7 0000 
22-SEP-2015 09 48048 3 2 5 60 2 22 01 10 350 20 240 3 0000 4 0042 5 0000 6 000 0 7 00 0 0 8 2 8 0 0 333 10 /// 59 013 6 000 0 7 0000 
22-SEP-2015 09 48052 3 2 4 68 3 00 00 10 358 20 264 3 0000 4 0000 5 0000 6 000 0 7 00 0 0 8 3 8 0 0 333 10 /// 58 000 6 000 0 7 0000 
22-SEP-2015 09 48053 3 2 5 58 6 18 01 10 340 20 240 3 0000 4 0050 5 0000 6 000 0 7 00 0 0 8 4 9 5 6 333 10 /// 59 019 6 000 0 7 0000 
22-SEP-2015 09 48055 3 2 5 57 5 14 04 10 315 20 220 3 0000 4 0029 5 0000 6 000 0 7 00 0 0 8 5 3 0 0 333 10 /// 59 004 6 000 0 7 0000 
22-SEP-2015 09 48057 3 2 4 58 5 14 01 10 250 20 205 3 0000 4 0000 5 0000 6 000 0 7 00 0 0 8 4 9 0 1 333 10 /// 58 000 6 000 0 7 0000 
22-SEP-2015 09 48060 3 2 4 50 7 00 00 10 313 20 203 3 0000 4 0027 5 0000 6 000 0 7 00 0 0 8 4 9 7 0 333 10 /// 58 004 6 000 0 7 0000 
22-SEP-2015 09 48062 3 2 4 58 6 23 07 10 320 20 290 3 0000 4 0069 5 0000 6 000 0 7 01 2 2 8 4 9 7 0 333 10 /// 59 001 6 000 0 7 0000 
22-SEP-2015 09 48064 3 2 5 60 5 32 01 10 326 20 258 3 0000 4 0034 5 0000 6 000 0 7 00 0 0 8 3 8 3 1 333 10 /// 59 026 6 000 0 7 0000 
22-SEP-2015 09 48065 3 2 5 57 5 22 01 10 325 20 258 3 0000 4 0000 5 0000 6 000 0 7 00 0 0 8 4 8 3 0 333 10 /// 58 000 6 000 0 7 0000 
22-SEP-2015 09 48071 3 2 4 60 5 27 03 10 315 20 281 3 0000 4 0074 5 0000 6 000 0 7 00 0 0 8 5 9 0 0 333 10 /// 59 006 6 000 0 7 0000 
22-SEP-2015 09 48072 3 2 4 60 5 27 04 10 320 20 281 3 0000 4 0000 5 0000 6 000 0 7 01 2 2 8 3 8 3 0 333 10 /// 58 000 6 000 0 7 0000 
22-SEP-2015 09 48074 3 2 4 60 6 14 03 10 320 20 281 3 0000 4 0075 5 0000 6 000 0 7 00 0 0 8 4 3 6 1 333 10 /// 59 006 6 000 0 7 0000 
22-SEP-2015 09 48075 2 1 4 56 6 27 02 10 280 20 220 3 0000 4 0055 5 0000 6 000 0 7 20 5 2 8 4 7 5 0 333 10 /// 59 004 6 000 0 7 0000 
22-SEP-2015 09 48077 2 1 5 59 7 00 00 10 308 20 267 3 0000 4 0048 5 0000 6 000 0 7 01 6 2 8 5 9 3 1 333 10 /// 59 025 6 000 0 7 0000 
22-SEP-2015 09 48078 2 1 5 50 6 23 01 10 282 20 250 3 0000 4 0060 5 0000 6 000 0 7 17 9 6 8 4 9 3 3 333 10 /// 59 016 6 000 0 7 0000 
22-SEP-2015 09 48080 2 1 4 59 6 22 07 10 304 20 253 3 0000 4 0070 5 0000 6 000 0 7 01 6 5 8 4 8 7 0 333 10 /// 59 007 6 000 0 7 0000 
22-SEP-2015 09 48085 3 2 4 58 5 27 05 10 306 20 266 3 0000 4 0070 5 0000 6 000 0 7 00 0 0 8 4 9 0 6 333 10 /// 59 008 6 000 0 7 0000 
22-SEP-2015 09 48087 3 2 5 60 5 23 02 10 330 20 258 3 0000 4 0000 5 0000 6 000 0 7 00 0 0 8 3 8 4 1 333 10 /// 58 000 6 000 0 7 0000 
22-SEP-2015 09 48092 3 2 4 58 7 32 02 10 305 20 253 3 0000 4 0052 5 0000 6 000 0 7 00 0 0 8 4 3 7 1 333 10 /// 59 003 6 000 0 7 0000 
22-SEP-2015 09 48093 2 1 5 57 5 23 02 10 310 20 267 3 0000 4 0000 5 0000 6 000 0 7 01 6 6 8 4 8 0 1 333 10 /// 58 000 6 000 0 7 0000 
22-SEP-2015 09 48094 3 2 4 59 6 32 02 10 330 20 270 3 0000 4 0073 5 0000 6 000 0 7 00 0 0 8 5 9 4 0 333 10 /// 59 008 6 000 0 7 0000 
22-SEP-2015 09 48095 3 2 4 58 7 22 02 10 340 20 288 3 0000 4 0000 5 0000 6 000 0 7 03 2 2 8 3 9 4 0 333 10 /// 58 000 6 000 0 7 0000 
22-SEP-2015 09 48096 2 1 4 57 8 22 05 10 290 20 274 3 0000 4 0068 5 0000 6 000 0 7 50 6 6 8 5 9 7 / 333 10 /// 59 014 6 000 0 7 0000 
22-SEP-2015 09 48097 3 2 5 57 7 32 02 10 300 20 239 3 0000 4 0090 5 0000 6 000 0 7 02 2 2 8 5 3 0 6 333 10 /// 58 002 6 000 0 7 0000 
22-SEP-2015 09 48099 2 1 3 30 8 23 04 10 283 20 268 3 0000 4 0069 5 0000 6 000 0 7 61 9 6 8 6 9 7 / 333 10 /// 59 003 6 000 0 7 0000 
22-SEP-2015 09 48101 3 2 5 57 7 00 00 10 292 20 248 3 0000 4 0000 5 0000 6 000 0 7 17 2 2 8 5 9 7 0 333 10 /// 58 000 6 000 0 7 0000 
22-SEP-2015 09 48103 2 1 4 56 8 22 01 10 281 20 250 3 0000 4 0073 5 0000 6 000 0 7 95 9 5 8 6 9 7 / 333 10 /// 59 001 6 000 0 7 0000 
22-SEP-2015 09 48107 2 2 3 50 6 32 01 10 278 20 250 3 0000 4 0085 5 0000 6 000 0 7 00 0 0 8 4 9 7 0 333 10 /// 58 005 6 000 0 7 0000 
22-SEP-2015 09 48108 2 1 4 95 7 05 03 10 262 20 246 3 0000 4 0084 5 0000 6 000 0 7 50 9 5 8 4 9 7 7 333 10 /// 58 002 6 000 0 7 0000 
22-SEP-2015 09 48110 3 1 5 95 8 32 05 10 330 20 258 3 0000 4 0081 5 0000 6 000 0 7 05 2 2 8 2 3 5 7 333 10 /// 59 005 6 000 0 7 0000 
22-SEP-2015 09 48112 3 1 5 97 8 32 05 10 320 20 248 3 0000 4 0082 5 0000 6 000 0 7 05 2 2 8 3 8 4 6 333 10 /// 58 005 6 000 0 7 0000 
