220300 48001 21440 73201 10253 20245 40076 85830 333 56340 59021=
220300 48004 21350 80401 10274 20256 75055 8597/ 333 56559=
220300 48008 21450 80000 10262 20258 40071 70266 8497/ 333 56459 59021=
220300 48010 22440 80000 10270 20256 40070 887// 333 56699 59024=
220300 48018 32558 72201 10275 20256 40077 70322 83872 333 56556 58005=
220300 48019 22456 70000 10275 20256 40070 85660 333 56560 59021=
220300 48020 22358 71302 10290 20259 85830 333 56550=
220300 48025 32440 61401 10290 20259 40086 84840 333 56450 59011=
220300 48030 32256 62204 10198 20150 85940 333 56560=
220300 48031 32258 80401 10210 20160 888// 333 56499=
220300 48033 32562 11802 10290 20248 40083 81100 333 56900 59010=
220300 48034 21456 80000 10218 20205 70255 8692/ 333 5659/=
220300 48035 31560 62201 10257 20215 40071 70144 84960 333 56790 59008=
220300 48037 32558 51802 10283 20250 40073 83201 333 56409 59020=
220300 48039 22460 51402 10305 20223 82802 333 56505=
220300 48042 22558 42202 10312 20237 40081 83802 333 56409 59013=
220300 48043 32558 51807 10240 20209 83230 333 56590=
220300 48045 32556 52209 10233 20163 83831 333 56569=
220300 48048 32560 22201 10300 20239 40080 82800 333 56900 59023=
220300 48051 22559 73102 10270 20260 85930 333 56490=
220300 48052 32458 41401 10300 20253 84800 333 56900=
220300 48053 22556 61801 10290 20248 40096 82556 333 56599 59010=
220300 48055 22557 50403 10260 20215 40072 81136 333 56559 59025=
220300 48057 32458 52302 10220 20205 83806 333 56609=
220300 48060 32450 30000 10282 20220 40069 83800 333 56550 59007=
220300 48062 22457 72304 10300 20270 40093 85970 333 56590 59005=
220300 48064 22458 61401 10285 20259 40084 84831 333 56449 58001=
220300 48065 22456 63201 10298 20253 83871 333 56999=
220300 48071 22458 62703 10290 20274 40098 85930 333 56690 59006=
220300 48072 22459 62702 10300 20266 84870 333 56490=
220300 48074 22358 81402 10275 20268 40104 8577/ 333 56449 59008=
220300 48075 32457 60000 10250 20219 40109 85501 333 56609 59020=
220300 48077 32558 82301 10288 20259 40083 85970 333 56490 59020=
220300 48078 22557 51801 10287 20266 40105 84501 333 56409 59011=
220300 48080 21460 82203 10283 20250 40104 70365 85970 333 56590 59001=
220300 48085 21458 72201 10284 20268 40103 75055 85970 333 56590 58002=
220300 48087 22556 62302 10300 20253 83371 333 56599=
220300 48092 22458 52704 10300 20266 40084 84830 333 56690 59013=
220300 48093 22558 72301 10311 20267 84341 333 56399=
220300 48094 22459 52202 10310 20270 40105 83970 333 56590 59003=
220300 48095 32458 52202 10310 20282 82940 333 56590=
220300 48096 32557 32503 10300 20253 40109 83300 333 56600 59000=  
220300 48097 32557 51401 10300 20253 40108 84801 333 56909 59010=
220300 48099 21340 61801 10265 20265 40105 70395 84830 333 56490 59003=
220300 48101 22556 52302 10295 20266 83331 333 56599=
220300 48103 21456 80401 10277 20268 40106 71799 86970 333 56990 59012=
220300 48107 21330 83202 10260 20246 40110 76366 8597/ 333 5655/ 59001=
220300 48108 32596 60503 10305 20254 40116 83336 333 56899 59003=
220300 48109 32497 52301 10292 20259 40112 83930 333 56990 59006=
220300 48110 31595 82301 10285 20254 40111 70522 82357 333 56699 59006=
220300 48112 31597 83602 10285 20254 40115 70522 83846 333 56899 58000=
