23-APR-2015 09 48001 2 1 4 50 8 00 00 10 235 20 174 3 0000 4 0117 5 0000 6 000 0 7 03 2 2 8 5 7 2 / 333 10 /// 58 021 6 000 0 7 0000 
23-APR-2015 09 48004 3 2 4 60 4 09 01 10 296 20 223 3 0000 4 0000 5 0000 6 000 0 7 00 0 0 8 4 9 0 0 333 10 /// 58 000 6 000 0 7 0000 
23-APR-2015 09 48008 3 2 5 58 3 04 01 10 330 20 212 3 0000 4 0081 5 0000 6 000 0 7 00 0 0 8 2 8 3 0 333 10 /// 58 005 6 000 0 7 0000 
23-APR-2015 09 48010 3 2 5 60 3 18 01 10 315 20 236 3 0000 4 0069 5 0000 6 000 0 7 00 0 0 8 1 4 0 1 333 10 /// 58 009 6 000 0 7 0000 
23-APR-2015 09 48018 2 2 5 58 8 22 01 10 315 20 189 3 0000 4 0093 5 0000 6 000 0 7 00 0 0 8 3 8 7 0 333 10 /// 58 010 6 000 0 7 0000 
23-APR-2015 09 48019 3 2 4 58 6 23 01 10 310 20 225 3 0000 4 0083 5 0000 6 000 0 7 00 0 0 8 3 7 6 0 333 10 /// 58 014 6 000 0 7 0000 
23-APR-2015 09 48025 3 2 4 58 5 32 01 10 330 20 212 3 0000 4 0056 5 0000 6 000 0 7 00 0 0 8 3 8 4 1 333 10 /// 58 005 6 000 0 7 0000 
23-APR-2015 09 48030 2 2 2 56 4 22 02 10 214 20 160 3 0000 4 0000 5 0000 6 000 0 7 00 0 0 8 3 9 4 0 333 10 /// 58 000 6 000 0 7 0000 
23-APR-2015 09 48031 3 1 2 58 4 36 01 10 230 20 163 3 0000 4 0000 5 0000 6 000 0 7 01 2 2 8 4 8 0 0 333 10 /// 58 000 6 000 0 7 0000 
23-APR-2015 09 48033 3 2 5 63 4 18 02 10 340 20 206 3 0000 4 0086 5 0000 6 000 0 7 00 0 0 8 4 9 0 0 333 10 /// 58 028 6 000 0 7 0000 
23-APR-2015 09 48034 2 2 4 56 6 00 00 10 248 20 167 3 0000 4 0000 5 0000 6 000 0 7 00 0 0 8 4 5 3 0 333 10 /// 58 000 6 000 0 7 0000 
23-APR-2015 09 48035 3 1 5 56 8 22 02 10 273 20 172 3 0000 4 0076 5 0000 6 000 0 7 05 2 2 8 5 9 7 / 333 10 /// 58 021 6 000 0 7 0000 
23-APR-2015 09 48037 3 2 5 56 5 04 01 10 365 20 177 3 0000 4 0086 5 0000 6 000 0 7 00 0 0 8 4 8 3 0 333 10 /// 58 043 6 000 0 7 0000 
23-APR-2015 09 48039 3 2 4 60 7 04 01 10 315 20 200 3 0000 4 0000 5 0000 6 000 0 7 00 0 0 8 4 9 5 0 333 10 /// 58 000 6 000 0 7 0000 
23-APR-2015 09 48042 3 2 5 58 4 18 02 10 346 20 219 3 0000 4 0082 5 0000 6 000 0 7 00 0 0 8 2 9 5 0 333 10 /// 58 024 6 000 0 7 0000 
23-APR-2015 09 48043 3 2 6 56 6 18 03 10 250 20 167 3 0000 4 0000 5 0000 6 000 0 7 00 0 0 8 4 8 3 0 333 10 /// 58 000 6 000 0 7 0000 
23-APR-2015 09 48045 3 1 5 60 8 18 15 10 191 20 098 3 0000 4 0000 5 0000 6 000 0 7 01 9 6 8 8 7 / / 333 10 /// 58 000 6 000 0 7 0000 
23-APR-2015 09 48048 3 2 5 58 8 18 02 10 340 20 145 3 0000 4 0077 5 0000 6 000 0 7 00 0 0 8 4 9 7 / 333 10 /// 58 025 6 000 0 7 0000 
23-APR-2015 09 48051 2 1 5 59 5 36 03 10 256 20 230 3 0000 4 0000 5 0000 6 000 0 7 01 9 5 8 4 8 0 1 333 10 /// 58 000 6 000 0 7 0000 
23-APR-2015 09 48052 3 2 4 60 5 32 04 10 360 20 156 3 0000 4 0000 5 0000 6 000 0 7 00 0 0 8 5 9 0 0 333 10 /// 58 000 6 000 0 7 0000 
23-APR-2015 09 48053 2 2 5 50 8 36 02 10 332 20 234 3 0000 4 0092 5 0000 6 000 0 7 00 0 0 8 5 9 7 / 333 10 /// 58 055 6 000 0 7 0000 
23-APR-2015 09 48055 2 1 5 56 6 00 00 10 218 20 181 3 0000 4 0109 5 0000 6 000 0 7 01 9 6 8 3 9 7 / 333 10 /// 58 057 6 000 0 7 0000 
23-APR-2015 09 48057 3 1 4 58 7 14 02 10 240 20 174 3 0000 4 0000 5 0000 6 000 0 7 03 9 5 8 4 9 7 0 333 10 /// 58 000 6 000 0 7 0000 
23-APR-2015 09 48060 2 2 4 56 2 00 00 10 280 20 203 3 0000 4 0079 5 0000 6 000 0 7 00 0 0 8 1 1 3 0 333 10 /// 59 006 6 000 0 7 0000 
23-APR-2015 09 48062 2 1 4 58 6 09 08 10 270 20 240 3 0000 4 0100 5 0000 6 000 0 7 17 9 5 8 4 9 7 0 333 10 /// 58 020 6 000 0 7 0000 
23-APR-2015 09 48064 3 2 5 70 3 14 01 10 377 20 225 3 0000 4 0074 5 0000 6 000 0 7 00 0 0 8 2 8 0 1 333 10 /// 58 046 6 000 0 7 0000 
23-APR-2015 09 48065 3 2 5 70 5 04 04 10 379 20 159 3 0000 4 0000 5 0000 6 000 0 7 00 0 0 8 3 8 3 1 333 10 /// 58 000 6 000 0 7 0000 
23-APR-2015 09 48071 3 2 9 60 0 32 05 10 335 20 240 3 0000 4 0103 5 0000 6 000 0 7 00 0 0 8 0 0 0 0 333 10 /// 58 009 6 000 0 7 0000 
23-APR-2015 09 48072 3 2 9 60 0 27 05 10 345 20 277 3 0000 4 0000 5 0000 6 000 0 7 01 2 2 8 0 0 0 0 333 10 /// 58 000 6 000 0 7 0000 
23-APR-2015 09 48074 2 2 4 58 7 14 04 10 285 20 203 3 0000 4 0116 5 0000 6 000 0 7 00 0 0 8 4 8 6 0 333 10 /// 58 055 6 000 0 7 0000 
23-APR-2015 09 48075 2 1 4 56 8 27 02 10 205 20 198 3 0000 4 0142 5 0000 6 000 0 7 95 9 5 8 4 9 7 / 333 10 /// 58 097 6 000 0 7 0000 
23-APR-2015 09 48077 3 2 5 59 6 23 01 10 370 20 227 3 0000 4 0066 5 0000 6 000 0 7 00 0 0 8 5 9 0 1 333 10 /// 58 023 6 000 0 7 0000 
23-APR-2015 09 48078 2 1 5 40 7 09 01 10 236 20 228 3 0000 4 0122 5 0000 6 000 0 7 95 9 6 8 4 9 2 / 333 10 /// 58 069 6 000 0 7 0000 
23-APR-2015 09 48080 3 2 4 60 3 22 08 10 360 20 249 3 0000 4 0082 5 0000 6 000 0 7 00 0 0 8 2 8 3 0 333 10 /// 58 011 6 000 0 7 0000 
23-APR-2015 09 48085 3 2 4 58 3 27 05 10 338 20 257 3 0000 4 0089 5 0000 6 000 0 7 00 0 0 8 3 8 0 0 333 10 /// 58 013 6 000 0 7 0000 
23-APR-2015 09 48087 3 2 4 58 7 23 02 10 370 20 227 3 0000 4 0000 5 0000 6 000 0 7 03 2 2 8 4 9 7 / 333 10 /// 58 000 6 000 0 7 0000 
23-APR-2015 09 48092 3 2 4 58 5 18 07 10 380 20 207 3 0000 4 0053 5 0000 6 000 0 7 03 2 2 8 5 3 0 0 333 10 /// 58 010 6 000 0 7 0000 
23-APR-2015 09 48093 3 2 6 58 6 23 01 10 379 20 240 3 0000 4 0000 5 0000 6 000 0 7 00 0 0 8 6 8 0 0 333 10 /// 58 000 6 000 0 7 0000 
23-APR-2015 09 48094 3 2 4 60 4 32 03 10 370 20 255 3 0000 4 0080 5 0000 6 000 0 7 00 0 0 8 4 9 0 0 333 10 /// 58 005 6 000 0 7 0000 
23-APR-2015 09 48095 3 2 5 60 3 22 02 10 380 20 285 3 0000 4 0000 5 0000 6 000 0 7 01 2 2 8 3 8 0 0 333 10 /// 58 000 6 000 0 7 0000 
23-APR-2015 09 48097 3 1 5 57 6 13 04 10 355 20 227 3 0000 4 0080 5 0000 6 000 0 7 17 2 2 8 6 3 0 0 333 10 /// 58 002 6 000 0 7 0000 
23-APR-2015 09 48099 3 2 5 57 4 23 02 10 373 20 227 3 0000 4 0073 5 0000 6 000 0 7 00 0 0 8 4 3 0 0 333 10 /// 58 007 6 000 0 7 0000 
23-APR-2015 09 48101 3 1 5 60 3 18 03 10 347 20 237 3 0000 4 0000 5 0000 6 000 0 7 20 9 5 8 2 3 2 0 333 10 /// 58 000 6 000 0 7 0000 
23-APR-2015 09 48103 3 2 4 57 3 14 02 10 360 20 249 3 0000 4 0078 5 0000 6 000 0 7 00 0 0 8 3 8 0 0 333 10 /// 58 011 6 000 0 7 0000 
23-APR-2015 09 48107 3 2 3 50 4 27 02 10 354 20 237 3 0000 4 0089 5 0000 6 000 0 7 00 0 0 8 4 3 0 0 333 10 /// 58 009 6 000 0 7 0000 
23-APR-2015 09 48108 3 2 5 96 5 05 05 10 360 20 256 3 0000 4 0097 5 0000 6 000 0 7 00 0 0 8 3 8 0 6 333 10 /// 58 016 6 000 0 7 0000 
23-APR-2015 09 48110 2 1 4 96 8 00 00 10 260 20 246 3 0000 4 0109 5 0000 6 000 0 7 02 9 9 8 5 8 6 7 333 10 /// 58 028 6 000 0 7 0000 
