23-APR-2015 00 48008 3 2 5 56 6 00 00 10 220 20 185 3 0000 4 0092 5 0000 6 000 0 7 00 0 0 8 3 9 7 0 333 20 210 58 002 6 000 0 7 0000 
23-APR-2015 00 48010 2 2 4 30 7 18 01 10 210 20 195 3 0000 4 0097 5 0000 6 000 0 7 00 0 0 8 4 7 7 0 333 20 205 58 022 6 000 0 7 0000 
23-APR-2015 00 48018 2 2 5 56 7 22 01 10 220 20 185 3 0000 4 0081 5 0000 6 000 0 7 00 0 0 8 4 8 7 0 333 20 200 58 011 6 000 0 7 0000 
23-APR-2015 00 48019 2 2 4 50 6 23 01 10 215 20 195 3 0000 4 0096 5 0000 6 000 0 7 00 0 0 8 3 7 6 0 333 20 213 58 020 6 000 0 7 0000 
23-APR-2015 00 48025 2 1 2 10 8 27 02 10 236 20 191 3 0000 4 0121 5 0000 6 000 0 7 95 9 6 8 5 9 7 / 333 20 228 58 055 6 000 0 7 0000 
23-APR-2015 00 48030 2 1 1 50 8 22 01 10 132 20 113 3 0000 4 0000 5 0000 6 000 0 7 95 9 6 8 9 / / / 333 20 110 58 000 6 000 0 7 0000 
23-APR-2015 00 48031 2 1 / 03 9 22 02 10 132 20 129 3 0000 4 0000 5 0000 6 000 0 7 95 9 6 8 9 / / / 333 20 124 58 000 6 000 0 7 0000 
23-APR-2015 00 48033 3 2 5 60 7 04 02 10 250 20 205 3 0000 4 0105 5 0000 6 000 0 7 00 0 0 8 5 9 7 0 333 20 240 58 024 6 000 0 7 0000 
23-APR-2015 00 48034 2 2 4 56 8 00 00 10 162 20 144 3 0000 4 0000 5 0000 6 000 0 7 00 0 0 8 6 9 0 0 333 20 155 58 000 6 000 0 7 0000 
23-APR-2015 00 48035 3 1 5 20 2 00 00 10 191 20 175 3 0000 4 0105 5 0000 6 000 0 7 10 0 0 8 2 8 0 0 333 10 185 58 000 6 000 0 7 0000 
23-APR-2015 00 48037 3 2 5 40 7 36 01 10 262 20 203 3 0000 4 0081 5 0000 6 000 0 7 00 0 0 8 4 8 7 0 333 20 248 58 013 6 000 0 7 0000 
23-APR-2015 00 48039 3 2 4 56 7 00 00 10 263 20 203 3 0000 4 0000 5 0000 6 000 0 7 00 0 0 8 3 5 6 0 333 20 260 58 000 6 000 0 7 0000 
23-APR-2015 00 48042 3 2 5 56 7 32 01 10 280 20 220 3 0000 4 0084 5 0000 6 000 0 7 00 0 0 8 4 8 5 0 333 20 263 58 018 6 000 0 7 0000 
23-APR-2015 00 48043 2 2 0 30 2 00 00 10 180 20 165 3 0000 4 0000 5 0000 6 000 0 7 00 0 0 8 0 0 3 0 333 20 140 58 000 6 000 0 7 0000 
23-APR-2015 00 48048 2 2 5 50 5 00 00 10 254 20 205 3 0000 4 0081 5 0000 6 000 0 7 00 0 0 8 4 8 5 0 333 20 248 58 015 6 000 0 7 0000 
23-APR-2015 00 48051 3 2 5 56 7 31 03 10 260 20 250 3 0000 4 0000 5 0000 6 000 0 7 17 9 9 8 6 9 3 0 333 20 254 58 000 6 000 0 7 0000 
23-APR-2015 00 48052 3 2 4 50 6 22 01 10 260 20 215 3 0000 4 0000 5 0000 6 000 0 7 00 0 0 8 6 9 0 1 333 20 255 58 000 6 000 0 7 0000 
23-APR-2015 00 48053 3 2 5 50 4 00 00 10 260 20 229 3 0000 4 0084 5 0000 6 000 0 7 00 0 0 8 3 5 5 0 333 20 250 58 000 6 000 0 7 0000 
23-APR-2015 00 48055 2 1 9 56 2 00 00 10 162 20 154 3 0000 4 0121 5 0000 6 000 0 7 05 1 1 8 2 2 2 1 333 20 156 58 009 6 000 0 7 0000 
23-APR-2015 00 48057 2 1 4 39 3 14 01 10 184 20 147 3 0000 4 0000 5 0000 6 000 0 7 10 1 1 8 1 5 0 9 333 20 160 58 000 6 000 0 7 0000 
23-APR-2015 00 48060 2 2 4 30 6 00 00 10 173 20 170 3 0000 4 0156 5 0000 6 000 0 7 00 0 0 8 3 8 3 2 333 20 162 58 029 6 000 0 7 0000 
23-APR-2015 00 48062 3 1 4 50 8 00 00 10 275 20 270 3 0000 4 0103 5 0000 6 000 0 7 17 9 9 8 6 9 7 / 333 20 240 58 010 6 000 0 7 0000 
23-APR-2015 00 48064 3 2 5 50 4 00 00 10 278 20 220 3 0000 4 0075 5 0000 6 000 0 7 00 0 0 8 2 8 3 1 333 20 225 58 000 6 000 0 7 0000 
23-APR-2015 00 48065 3 2 4 50 6 00 00 10 278 20 220 3 0000 4 0000 5 0000 6 000 0 7 00 0 0 8 4 8 7 0 333 20 253 58 000 6 000 0 7 0000 
23-APR-2015 00 48071 3 1 4 50 7 00 00 10 265 20 256 3 0000 4 0108 5 0000 6 000 0 7 17 9 2 8 7 9 0 0 333 20 260 58 010 6 000 0 7 0000 
23-APR-2015 00 48074 2 1 4 56 8 00 00 10 250 20 219 3 0000 4 0105 5 0000 6 000 0 7 03 9 9 8 4 7 6 1 333 20 230 58 026 6 000 0 7 0000 
23-APR-2015 00 48075 2 1 4 56 5 00 00 10 195 20 195 3 0000 4 0135 5 0000 6 000 0 7 02 5 5 8 3 8 3 0 333 20 190 58 010 6 000 0 7 0000 
23-APR-2015 00 48077 3 2 5 56 4 00 00 10 270 20 240 3 0000 4 0083 5 0000 6 000 0 7 00 0 0 8 3 8 0 1 333 20 256 58 013 6 000 0 7 0000 
23-APR-2015 00 48080 3 2 4 56 6 09 01 10 252 20 219 3 0000 4 0112 5 0000 6 000 0 7 00 0 0 8 3 2 3 0 333 20 230 59 001 6 000 0 7 0000 
23-APR-2015 00 48085 3 2 4 56 2 00 00 10 258 20 246 3 0000 4 0095 5 0000 6 000 0 7 00 0 0 8 2 8 0 0 333 20 256 58 007 6 000 0 7 0000 
23-APR-2015 00 48087 3 2 9 50 2 04 01 10 264 20 246 3 0000 4 0000 5 0000 6 000 0 7 00 0 0 8 0 0 4 0 333 20 245 58 000 6 000 0 7 0000 
23-APR-2015 00 48092 3 1 5 50 2 00 00 10 260 20 253 3 0000 4 0079 5 0000 6 000 0 7 05 1 1 8 1 4 3 0 333 20 250 58 012 6 000 0 7 0000 
23-APR-2015 00 48093 3 2 6 50 3 23 01 10 269 20 256 3 0000 4 0000 5 0000 6 000 0 7 00 0 0 8 2 8 0 1 333 20 269 58 000 6 000 0 7 0000 
23-APR-2015 00 48094 3 1 9 50 0 00 00 10 270 20 260 3 0000 4 0097 5 0000 6 000 0 7 10 0 0 8 0 0 0 0 333 20 235 59 012 6 000 0 7 0000 
23-APR-2015 00 48097 3 2 5 56 3 23 01 10 270 20 248 3 0000 4 0098 5 0000 6 000 0 7 00 0 0 8 3 5 0 0 333 20 252 58 008 6 000 0 7 0000 
23-APR-2015 00 48099 3 2 4 40 2 09 01 10 260 20 246 3 0000 4 0103 5 0000 6 000 0 7 00 0 0 8 1 5 0 1 333 20 236 58 014 6 000 0 7 0000 
23-APR-2015 00 48103 3 2 4 40 3 14 01 10 258 20 246 3 0000 4 0101 5 0000 6 000 0 7 00 0 0 8 3 7 0 0 333 20 240 58 013 6 000 0 7 0000 
23-APR-2015 00 48107 3 2 3 30 2 27 01 10 238 20 238 3 0000 4 0102 5 0000 6 000 0 7 00 0 0 8 3 4 0 6 333 20 235 58 008 6 000 0 7 0000 
23-APR-2015 00 48108 3 1 5 94 7 00 00 10 250 20 242 3 0000 4 0110 5 0000 6 000 0 7 10 2 2 8 3 4 0 6 333 20 235 58 008 6 000 0 7 0000 
23-APR-2015 00 48109 3 2 4 96 2 00 00 10 278 20 250 3 0000 4 0108 5 0000 6 000 0 7 00 0 0 8 2 9 0 0 333 20 216 58 006 6 000 0 7 0000 
23-APR-2015 00 48110 3 1 5 96 6 13 02 10 265 20 251 3 0000 4 0106 5 0000 6 000 0 7 05 2 2 8 2 3 0 6 333 20 260 58 007 6 000 0 7 0000 
