48001 32456 70000 10140 20126 40188 84970 333 56440 58020=
48004 31560 13201 10170 20154 70144 81100 333 56900=
48008 32557 20000 10185 20139 40172 81430 333 56560 58015=
48010 21040 00000 10180 20165 40169 72840 333 58015=
48018 31956 03201 10190 20159 40162 71044 333 58004=
48019 32960 03601 10190 20159 40158 333 58015=
48020 31956 00402 10190 20159 70500 333=
48025 31120 13201 10198 20150 40168 70244 81600 333 56900 58002=
48035 31950 00000 10170 20117 40151 70544 333 59014=
48037 32957 03201 10218 20156 40152 333 58016=
48042 31950 00000 10230 20163 40153 70500 333 58023=
48045 32959 01402 10171 20044 333=
48048 32960 00401 10240 20136 40154 333 58011=
48051 32958 00402 10216 20160 333=
48053 31950 03602 10250 20150 40150 70500 333 58019=
48060 32930 00000 10170 20097 40167 333 59001=
48062 32958 03601 10225 20180 40148 333 58011=
48071 32958 00501 10243 20229 40146 333 58000=
48075 31957 00000 10180 20150 40169 70544 333 58017=
48077 32959 00402 10240 20136 40138 333 58016=
48078 32956 10901 10228 20163 40157 80001 333 56009 58015=
48080 31959 00402 10203 20168 40151 70244 333 58009=
48085 31957 03201 10234 20198 40141 71044 333 58012=
48095 32958 02201 10230 20198 333=
48108 31996 31303 10276 20216 40147 70141 80007 333 56009 58002=
48109 32497 20401 10282 20233 40158 82500 333 56900 58017=
48110 31994 22302 10295 20242 40148 70544 80005 333 56009 58002=
48112 32596 60402 10275 20215 40142 82216 333 56199 58007=
48030 31256 02201 10087 20044 70544 333=
48072 32959 00000 10260 20203 333=
48087 32956 00000 10200 20185 333=
48099 31450 23201 10270 20211 40105 70244 82800 333 56700 58006=
48101 32758 13201 10252 20219 80030 333 56090=
48103 31556 22201 10283 20233 40146 70244 82500 333 56500 58007=
48057 32956 01402 10200 20060 333=
48094 32958 03202 10260 20230 40149 333 58016=
48097 31957 02702 10260 20215 40150 333 58008=
48031 31957 02701 10160 20085 70500 333=
48033 32962 03601 10230 20181 40162 333 58028=
48034 32956 00000 10180 20108 333=
48039 31956 22202 10228 20163 70511 80002 333 56005=
48043 32056 03201 10190 20096 333=
48052 32950 00401 10246 20150 333=
48055 31956 00000 10156 20117 40180 70500 333 58025=
48064 32960 01401 10198 20150 40143 333 58021=
48065 32968 00405 10250 20150 333=
48074 32958 00402 10200 20136 40157 333 58015=
48092 31508 13201 10210 20193 40130 74044 81500 333 56900 58011=
48093 32958 01401 10251 20205 333=
48107 31950 00401 10272 20211 40134 70144 333 58001=  48001 32456 70000 10140 20126 40188 84970 333 56440 58020=
48004 31560 13201 10170 20154 70144 81100 333 56900=
48008 32557 20000 10185 20139 40172 81430 333 56560 58015=
48010 21040 00000 10180 20165 40169 72840 333 58015=
48018 31956 03201 10190 20159 40162 71044 333 58004=
48019 32960 03601 10190 20159 40158 333 58015=
48020 31956 00402 10190 20159 70500 333=
48025 31120 13201 10198 20150 40168 70244 81600 333 56900 58002=
48030 31256 02201 10087 20044 70544 333=
48031 31957 02701 10160 20085 70500 333=
48033 32962 03601 10230 20181 40162 333 58028=
48034 32956 00000 10180 20108 333=
48035 31950 00000 10170 20117 40151 70544 333 59014=
48037 32957 03201 10218 20156 40152 333 58016=
48039 31956 22202 10228 20163 70511 80002 333 56005=
48042 31950 00000 10230 20163 40153 70500 333 58023=
48043 32056 03201 10190 20096 333=
48045 32959 01402 10171 20044 333=
48048 32960 00401 10240 20136 40154 333 58011=
48051 32958 00402 10216 20160 333=
48052 32950 00401 10246 20150 333=
48053 31950 03602 10250 20150 40150 70500 333 58019=
48055 31956 00000 10156 20117 40180 70500 333 58025=
48057 32956 01402 10200 20060 333=
48060 32930 00000 10170 20097 40167 333 59001=
48062 32958 03601 10225 20180 40148 333 58011=
48064 32960 01401 10198 20150 40143 333 58021=
48065 32968 00405 10250 20150 333=
48071 32958 00501 10243 20229 40146 333 58000=
48072 32959 00000 10260 20203 333=
48074 32958 00402 10200 20136 40157 333 58015=
48075 31957 00000 10180 20150 40169 70544 333 58017=
48077 32959 00402 10240 20136 40138 333 58016=
48078 32956 10901 10228 20163 40157 80001 333 56009 58015=
48080 31959 00402 10203 20168 40151 70244 333 58009=
48085 31957 03201 10234 20198 40141 71044 333 58012=
48087 32956 00000 10200 20185 333=
48092 31508 13201 10210 20193 40130 74044 81500 333 56900 58011=
48093 32958 01401 10251 20205 333=
48094 32958 03202 10260 20230 40149 333 58016=
48095 32958 02201 10230 20198 333=
48096 32956 02702 10240 20209 40151 333 58004=
48097 31957 02702 10260 20215 40150 333 58008=
48099 31450 23201 10270 20211 40105 70244 82800 333 56700 58006=
48101 32758 13201 10252 20219 80030 333 56090=
48103 31556 22201 10283 20233 40146 70244 82500 333 56500 58007=
48107 31950 00401 10272 20211 40134 70144 333 58001=
48108 31996 31303 10276 20216 40147 70141 80007 333 56009 58002=
48109 32497 20401 10282 20233 40158 82500 333 56900 58017=
48110 31994 22302 10295 20242 40148 70544 80005 333 56009 58002=
48112 32596 60402 10275 20215 40142 82216 333 56199 58007=  