23-FEB-2015 00 48008 3 1 5 50 6 00 00 10 150 20 134 3 0000 4 0155 5 0000 6 000 0 7 10 4 4 8 1 4 3 0 333 20 139 58 021 6 000 0 7 0000 
23-FEB-2015 00 48010 2 1 2 20 3 00 00 10 153 20 150 3 0000 4 0147 5 0000 6 000 0 7 40 4 4 8 3 6 0 0 333 20 148 58 019 6 000 0 7 0000 
23-FEB-2015 00 48018 3 2 9 20 0 32 01 10 155 20 134 3 0000 4 0152 5 0000 6 000 0 7 00 0 0 8 0 0 0 0 333 20 145 58 030 6 000 0 7 0000 
23-FEB-2015 00 48019 3 2 9 40 0 00 00 10 137 20 130 3 0000 4 0141 5 0000 6 000 0 7 00 0 0 8 0 0 0 0 333 20 135 58 021 6 000 0 7 0000 
23-FEB-2015 00 48025 3 1 1 10 1 00 00 10 170 20 135 3 0000 4 0151 5 0000 6 000 0 7 40 4 4 8 1 6 0 0 333 20 162 58 026 6 000 0 7 0000 
23-FEB-2015 00 48030 3 1 9 50 0 22 01 10 067 20 046 3 0000 4 0000 5 0000 6 000 0 7 05 4 4 8 0 0 0 0 333 20 057 58 000 6 000 0 7 0000 
23-FEB-2015 00 48031 3 1 9 50 0 22 01 10 115 20 059 3 0000 4 0000 5 0000 6 000 0 7 05 0 0 8 0 0 0 0 333 20 095 58 000 6 000 0 7 0000 
23-FEB-2015 00 48033 3 2 9 60 0 36 02 10 200 20 168 3 0000 4 0138 5 0000 6 000 0 7 00 0 0 8 0 0 0 0 333 20 180 58 020 6 000 0 7 0000 
23-FEB-2015 00 48034 3 2 9 56 0 00 00 10 137 20 082 3 0000 4 0000 5 0000 6 000 0 7 00 0 0 8 0 0 0 0 333 20 125 58 000 6 000 0 7 0000 
23-FEB-2015 00 48035 3 1 9 04 0 00 00 10 093 20 090 3 0000 4 0176 5 0000 6 000 0 7 42 4 4 8 0 0 0 0 333 20 086 58 022 6 000 0 7 0000 
23-FEB-2015 00 48037 3 2 9 10 0 00 00 10 190 20 159 3 0000 4 0133 5 0000 6 000 0 7 00 0 0 8 0 0 0 0 333 20 182 58 027 6 000 0 7 0000 
23-FEB-2015 00 48039 3 1 4 50 2 00 00 10 185 20 147 3 0000 4 0000 5 0000 6 000 0 7 10 1 1 8 1 4 0 2 333 20 182 58 000 6 000 0 7 0000 
23-FEB-2015 00 48042 3 2 9 56 0 00 00 10 190 20 159 3 0000 4 0127 5 0000 6 000 0 7 00 0 0 8 0 0 0 0 333 20 180 58 018 6 000 0 7 0000 
23-FEB-2015 00 48043 3 2 9 20 0 00 00 10 130 20 086 3 0000 4 0000 5 0000 6 000 0 7 00 0 0 8 0 0 0 0 333 20 090 58 000 6 000 0 7 0000 
23-FEB-2015 00 48048 3 2 9 40 0 04 01 10 175 20 147 3 0000 4 0125 5 0000 6 000 0 7 00 0 0 8 0 0 0 0 333 20 165 58 013 6 000 0 7 0000 
23-FEB-2015 00 48051 3 2 9 56 0 36 01 10 171 20 140 3 0000 4 0000 5 0000 6 000 0 7 00 0 0 8 0 0 0 0 333 20 152 58 000 6 000 0 7 0000 
23-FEB-2015 00 48052 3 2 9 50 0 04 01 10 210 20 143 3 0000 4 0000 5 0000 6 000 0 7 00 0 0 8 0 0 0 0 333 20 202 58 000 6 000 0 7 0000 
23-FEB-2015 00 48053 3 2 9 40 0 00 00 10 190 20 159 3 0000 4 0134 5 0000 6 000 0 7 00 0 0 8 0 0 0 0 333 20 183 58 032 6 000 0 7 0000 
23-FEB-2015 00 48055 3 1 9 20 0 00 00 10 053 20 049 3 0000 4 0196 5 0000 6 000 0 7 10 0 0 8 0 0 0 0 333 20 049 58 018 6 000 0 7 0000 
23-FEB-2015 00 48057 3 1 9 39 0 00 00 10 112 20 091 3 0000 4 0000 5 0000 6 000 0 7 10 0 0 8 0 0 0 0 333 20 095 58 000 6 000 0 7 0000 
23-FEB-2015 00 48060 3 1 9 20 0 00 00 10 110 20 091 3 0000 4 0166 5 0000 6 000 0 7 10 2 2 8 0 0 0 0 333 20 095 59 005 6 000 0 7 0000 
23-FEB-2015 00 48062 3 1 4 40 2 00 00 10 180 20 160 3 0000 4 0132 5 0000 6 000 0 7 10 1 1 8 2 5 0 0 333 20 150 58 004 6 000 0 7 0000 
23-FEB-2015 00 48064 3 2 9 50 0 14 01 10 180 20 147 3 0000 4 0105 5 0000 6 000 0 7 00 0 0 8 0 0 0 0 333 20 140 58 016 6 000 0 7 0000 
23-FEB-2015 00 48065 3 2 9 50 0 00 00 10 190 20 159 3 0000 4 0000 5 0000 6 000 0 7 00 0 0 8 0 0 0 0 333 20 175 58 000 6 000 0 7 0000 
23-FEB-2015 00 48071 3 1 9 40 0 00 00 10 198 20 185 3 0000 4 0126 5 0000 6 000 0 7 10 0 0 8 0 0 0 0 333 20 195 58 005 6 000 0 7 0000 
23-FEB-2015 00 48074 3 2 4 50 1 04 02 10 180 20 129 3 0000 4 0122 5 0000 6 000 0 7 00 0 0 8 1 4 0 0 333 20 166 59 005 6 000 0 7 0000 
23-FEB-2015 00 48075 3 1 9 56 0 00 00 10 105 20 105 3 0000 4 0192 5 0000 6 000 0 7 10 2 2 8 0 0 0 0 333 20 100 58 020 6 000 0 7 0000 
23-FEB-2015 00 48077 3 1 9 56 0 00 00 10 180 20 147 3 0000 4 0116 5 0000 6 000 0 7 10 0 0 8 0 0 0 0 333 20 154 58 017 6 000 0 7 0000 
23-FEB-2015 00 48080 3 1 9 08 0 00 00 10 162 20 144 3 0000 4 0132 5 0000 6 000 0 7 40 4 4 8 0 0 0 0 333 20 145 58 010 6 000 0 7 0000 
23-FEB-2015 00 48085 3 1 9 30 0 00 00 10 156 20 155 3 0000 4 0125 5 0000 6 000 0 7 40 4 4 8 0 0 0 0 333 20 155 58 008 6 000 0 7 0000 
23-FEB-2015 00 48087 3 1 2 10 4 00 00 10 150 20 134 3 0000 4 0000 5 0000 6 000 0 7 43 4 4 8 4 7 / / 333 20 133 58 000 6 000 0 7 0000 
23-FEB-2015 00 48092 3 1 / 01 9 13 01 10 195 20 195 3 0000 4 0107 5 0000 6 000 0 7 47 4 4 8 0 0 0 0 333 20 175 58 006 6 000 0 7 0000 
23-FEB-2015 00 48093 3 2 9 30 0 00 00 10 208 20 195 3 0000 4 0000 5 0000 6 000 0 7 00 0 0 8 0 0 0 0 333 20 206 58 000 6 000 0 7 0000 
23-FEB-2015 00 48094 3 1 9 50 0 00 00 10 210 20 200 3 0000 4 0122 5 0000 6 000 0 7 10 0 0 8 0 0 0 0 333 20 170 58 011 6 000 0 7 0000 
23-FEB-2015 00 48096 3 1 9 08 9 11 02 10 210 20 210 3 0000 4 0140 5 0000 6 000 0 7 40 1 1 8 0 0 0 0 333 20 205 58 007 6 000 0 7 0000 
23-FEB-2015 00 48097 3 1 5 59 2 32 01 10 210 20 202 3 0000 4 0122 5 0000 6 000 0 7 10 1 1 8 2 5 0 0 333 20 205 58 007 6 000 0 7 0000 
23-FEB-2015 00 48099 3 1 3 40 2 00 00 10 220 20 205 3 0000 4 0124 5 0000 6 000 0 7 10 4 4 8 1 5 4 0 333 20 210 58 008 6 000 0 7 0000 
23-FEB-2015 00 48101 3 1 7 50 2 00 00 10 206 20 195 3 0000 4 0000 5 0000 6 000 0 7 42 4 4 8 0 0 3 1 333 20 180 58 000 6 000 0 7 0000 
23-FEB-2015 00 48103 3 1 5 30 2 00 00 10 213 20 195 3 0000 4 0124 5 0000 6 000 0 7 40 4 4 8 2 5 0 0 333 20 203 58 012 6 000 0 7 0000 
23-FEB-2015 00 48107 3 1 9 30 2 09 01 10 202 20 185 3 0000 4 0122 5 0000 6 000 0 7 41 4 4 8 0 0 0 6 333 20 184 58 016 6 000 0 7 0000 
23-FEB-2015 00 48108 3 1 5 93 4 00 00 10 215 20 208 3 0000 4 0127 5 0000 6 000 0 7 40 1 1 8 2 8 0 6 333 20 195 59 001 6 000 0 7 0000 
23-FEB-2015 00 48109 3 2 4 96 4 00 00 10 230 20 214 3 0000 4 0137 5 0000 6 000 0 7 00 0 0 8 4 5 0 0 333 20 215 58 012 6 000 0 7 0000 
23-FEB-2015 00 48110 3 1 9 92 3 18 01 10 240 20 226 3 0000 4 0127 5 0000 6 000 0 7 42 4 4 8 0 0 0 5 333 20 235 58 001 6 000 0 7 0000 
23-FEB-2015 00 48112 3 2 5 97 8 04 03 10 235 20 209 3 0000 4 0122 5 0000 6 000 0 7 00 0 0 8 3 8 7 6 333 20 190 58 006 6 000 0 7 0000 
