23-JAN-2015 09 48001 3 2 5 56 3 04 01 10 226 20 143 3 0000 4 0126 5 0000 6 000 0 7 00 0 0 8 3 8 0 0 333 10 /// 59 045 6 000 0 7 0000 
23-JAN-2015 09 48004 3 2 5 62 1 13 01 10 255 20 160 3 0000 4 0000 5 0000 6 000 0 7 00 0 0 8 1 1 0 0 333 10 /// 58 000 6 000 0 7 0000 
23-JAN-2015 09 48008 3 2 5 58 1 14 01 10 263 20 118 3 0000 4 0126 5 0000 6 000 0 7 00 0 0 8 1 4 0 0 333 10 /// 59 042 6 000 0 7 0000 
23-JAN-2015 09 48010 3 2 5 60 2 00 00 10 280 20 184 3 0000 4 0120 5 0000 6 000 0 7 00 0 0 8 2 8 0 0 333 10 /// 59 040 6 000 0 7 0000 
23-JAN-2015 09 48018 3 2 5 60 1 14 01 10 275 20 172 3 0000 4 0143 5 0000 6 000 0 7 02 1 1 8 1 1 0 0 333 10 /// 59 042 6 000 0 7 0000 
23-JAN-2015 09 48019 3 2 9 60 0 04 01 10 260 20 138 3 0000 4 0126 5 0000 6 000 0 7 00 0 0 8 0 0 0 0 333 10 /// 59 042 6 000 0 7 0000 
23-JAN-2015 09 48025 3 2 4 58 5 36 01 10 277 20 146 3 0000 4 0126 5 0000 6 000 0 7 00 0 0 8 4 8 4 0 333 10 /// 59 036 6 000 0 7 0000 
23-JAN-2015 09 48030 3 2 9 57 0 22 02 10 192 20 033 3 0000 4 0000 5 0000 6 000 0 7 00 0 0 8 0 0 0 0 333 10 /// 58 000 6 000 0 7 0000 
23-JAN-2015 09 48031 3 2 2 68 1 18 01 10 195 20 085 3 0000 4 0000 5 0000 6 000 0 7 00 0 0 8 1 2 0 0 333 10 /// 58 000 6 000 0 7 0000 
23-JAN-2015 09 48033 3 2 5 63 2 22 01 10 280 20 146 3 0000 4 0118 5 0000 6 000 0 7 00 0 0 8 2 5 0 0 333 10 /// 59 026 6 000 0 7 0000 
23-JAN-2015 09 48034 3 2 4 57 4 18 02 10 220 20 087 3 0000 4 0000 5 0000 6 000 0 7 00 0 0 8 4 8 0 0 333 10 /// 58 000 6 000 0 7 0000 
23-JAN-2015 09 48035 3 2 5 60 1 22 02 10 239 20 066 3 0000 4 0097 5 0000 6 000 0 7 00 0 0 8 1 1 0 0 333 10 /// 59 047 6 000 0 7 0000 
23-JAN-2015 09 48037 3 2 5 60 1 32 01 10 310 20 146 3 0000 4 0115 5 0000 6 000 0 7 00 0 0 8 0 0 3 0 333 10 /// 59 032 6 000 0 7 0000 
23-JAN-2015 09 48039 3 2 4 60 1 14 01 10 292 20 159 3 0000 4 0000 5 0000 6 000 0 7 00 0 0 8 1 1 0 0 333 10 /// 58 000 6 000 0 7 0000 
23-JAN-2015 09 48042 3 2 5 58 2 27 01 10 302 20 149 3 0000 4 0109 5 0000 6 000 0 7 00 0 0 8 1 2 5 0 333 10 /// 58 048 6 000 0 7 0000 
23-JAN-2015 09 48043 3 2 6 58 2 32 03 10 220 20 136 3 0000 4 0000 5 0000 6 000 0 7 00 0 0 8 2 2 0 0 333 10 /// 58 000 6 000 0 7 0000 
23-JAN-2015 09 48045 3 2 5 61 2 01 04 10 214 20 091 3 0000 4 0000 5 0000 6 000 0 7 00 0 0 8 2 8 0 0 333 10 /// 58 000 6 000 0 7 0000 
23-JAN-2015 09 48048 3 2 5 60 4 04 01 10 310 20 282 3 0000 4 0123 5 0000 6 000 0 7 00 0 0 8 4 8 0 0 333 10 /// 59 037 6 000 0 7 0000 
23-JAN-2015 09 48051 3 2 9 60 0 36 01 10 287 20 140 3 0000 4 0000 5 0000 6 000 0 7 01 0 0 8 0 0 0 0 333 10 /// 58 000 6 000 0 7 0000 
23-JAN-2015 09 48052 3 2 4 70 2 22 01 10 326 20 126 3 0000 4 0000 5 0000 6 000 0 7 00 0 0 8 2 2 0 0 333 10 /// 58 000 6 000 0 7 0000 
23-JAN-2015 09 48053 3 2 5 56 2 36 02 10 290 20 115 3 0000 4 0113 5 0000 6 000 0 7 00 0 0 8 2 8 0 0 333 10 /// 59 039 6 000 0 7 0000 
23-JAN-2015 09 48055 3 2 9 57 0 18 05 10 258 20 119 3 0000 4 0084 5 0000 6 000 0 7 00 0 0 8 0 0 0 0 333 10 /// 59 049 6 000 0 7 0000 
23-JAN-2015 09 48057 3 2 4 57 1 22 02 10 220 20 087 3 0000 4 0000 5 0000 6 000 0 7 00 0 0 8 1 5 0 0 333 10 /// 58 000 6 000 0 7 0000 
23-JAN-2015 09 48060 3 2 9 40 0 00 00 10 260 20 119 3 0000 4 0092 5 0000 6 000 0 7 00 0 0 8 0 0 0 0 333 10 /// 59 054 6 000 0 7 0000 
23-JAN-2015 09 48062 3 1 9 56 0 32 05 10 265 20 210 3 0000 4 0135 5 0000 6 000 0 7 05 0 0 8 0 0 0 0 333 10 /// 59 026 6 000 0 7 0000 
23-JAN-2015 09 48064 3 2 9 70 0 14 01 10 278 20 203 3 0000 4 0093 5 0000 6 000 0 7 00 0 0 8 0 0 0 0 333 10 /// 59 048 6 000 0 7 0000 
23-JAN-2015 09 48065 3 2 9 70 0 04 01 10 300 20 149 3 0000 4 0000 5 0000 6 000 0 7 00 0 0 8 0 0 0 0 333 10 /// 58 000 6 000 0 7 0000 
23-JAN-2015 09 48071 3 2 9 60 0 32 03 10 265 20 191 3 0000 4 0138 5 0000 6 000 0 7 00 0 0 8 0 0 0 0 333 10 /// 59 023 6 000 0 7 0000 
23-JAN-2015 09 48072 3 2 5 60 1 32 02 10 280 20 220 3 0000 4 0000 5 0000 6 000 0 7 01 2 2 8 1 2 0 0 333 10 /// 58 000 6 000 0 7 0000 
23-JAN-2015 09 48074 3 2 9 59 0 09 01 10 315 20 163 3 0000 4 0128 5 0000 6 000 0 7 00 0 0 8 0 0 0 0 333 10 /// 59 024 6 000 0 7 0000 
23-JAN-2015 09 48075 3 2 5 60 1 22 01 10 270 20 130 3 0000 4 0095 5 0000 6 000 0 7 00 0 0 8 1 1 0 0 333 10 /// 59 039 6 000 0 7 0000 
23-JAN-2015 09 48077 3 2 5 59 2 00 00 10 330 20 126 3 0000 4 0110 5 0000 6 000 0 7 00 0 0 8 1 2 0 1 333 10 /// 59 034 6 000 0 7 0000 
23-JAN-2015 09 48078 3 2 9 62 1 27 01 10 322 20 130 3 0000 4 0110 5 0000 6 000 0 7 00 0 0 8 0 0 0 1 333 10 /// 59 044 6 000 0 7 0000 
23-JAN-2015 09 48080 3 2 9 59 0 32 02 10 303 20 239 3 0000 4 0126 5 0000 6 000 0 7 00 0 0 8 0 0 0 0 333 10 /// 59 018 6 000 0 7 0000 
23-JAN-2015 09 48085 3 2 4 58 1 32 06 10 294 20 196 3 0000 4 0122 5 0000 6 000 0 7 00 0 0 8 7 1 0 0 333 10 /// 59 027 6 000 0 7 0000 
23-JAN-2015 09 48092 3 2 5 58 1 32 01 10 320 20 116 3 0000 4 0112 5 0000 6 000 0 7 00 0 0 8 1 4 0 0 333 10 /// 59 023 6 000 0 7 0000 
23-JAN-2015 09 48093 3 2 6 58 2 04 01 10 313 20 189 3 0000 4 0000 5 0000 6 000 0 7 00 0 0 8 1 1 0 1 333 10 /// 58 000 6 000 0 7 0000 
23-JAN-2015 09 48094 3 2 5 59 3 36 02 10 327 20 165 3 0000 4 0122 5 0000 6 000 0 7 00 0 0 8 1 1 0 6 333 10 /// 59 028 6 000 0 7 0000 
23-JAN-2015 09 48095 3 2 9 60 1 04 01 10 310 20 169 3 0000 4 0000 5 0000 6 000 0 7 02 2 2 8 0 0 0 1 333 10 /// 58 000 6 000 0 7 0000 
23-JAN-2015 09 48097 3 2 5 57 3 04 03 10 320 20 118 3 0000 4 0127 5 0000 6 000 0 7 02 1 1 8 1 5 0 1 333 10 /// 59 029 6 000 0 7 0000 
23-JAN-2015 09 48099 3 2 5 60 3 32 04 10 325 20 163 3 0000 4 0113 5 0000 6 000 0 7 00 0 0 8 2 8 0 1 333 10 /// 59 026 6 000 0 7 0000 
23-JAN-2015 09 48101 3 2 6 60 2 04 01 10 307 20 189 3 0000 4 0000 5 0000 6 000 0 7 03 1 1 8 1 1 0 1 333 10 /// 58 000 6 000 0 7 0000 
23-JAN-2015 09 48103 3 2 5 57 2 32 01 10 322 20 140 3 0000 4 0114 5 0000 6 000 0 7 00 0 0 8 2 5 0 0 333 10 /// 59 025 6 000 0 7 0000 
23-JAN-2015 09 48107 3 2 9 50 0 32 02 10 304 20 149 3 0000 4 0108 5 0000 6 000 0 7 00 0 0 8 0 0 0 0 333 10 /// 59 016 6 000 0 7 0000 
23-JAN-2015 09 48108 3 2 9 96 5 32 03 10 320 20 184 3 0000 4 0115 5 0000 6 000 0 7 00 0 0 8 0 0 0 6 333 10 /// 59 027 6 000 0 7 0000 
23-JAN-2015 09 48109 3 2 4 97 3 04 01 10 306 20 237 3 0000 4 0132 5 0000 6 000 0 7 00 0 0 8 3 8 0 0 333 10 /// 59 023 6 000 0 7 0000 
23-JAN-2015 09 48110 3 1 5 96 2 18 02 10 340 20 184 3 0000 4 0116 5 0000 6 000 0 7 05 1 1 8 1 1 0 5 333 10 /// 59 020 6 000 0 7 0000 
