48001 NIL=
48004 NIL=
48008 31550 20000 10112 20105 40176 71044 82400 333 20102 56330 59037=
48010 32520 20000 10150 20142 40174 82400 333 20140 56990 59030=
48018 32910 00000 10130 20118 40176 333 20125 59031=
48019 32940 00000 10100 20100 40168 333 20097 59031=
48020 NIL=
48025 31110 32701 10150 20134 40170 74044 83800 333 20142 56500 59031=
48030 32150 32202 10030 20030 83800 333 20020 56500=
48031 32950 00000 10092 20089 333 20078=
48033 32960 00000 10150 20134 40159 333 20140 59026=
48034 31948 00000 10068 20054 71000 333 20055=
48035 31/01 00000 10069 20069 40154 74744 333 20060 59070=
48037 32910 00000 10150 20034 40146 333 20145 59039=
48039 31450 33201 10155 20134 71011 83400 333 20153 56900=
48042 32556 20000 10158 20144 40154 81450 333 20146 56990 59030=
48043 31010 00000 10090 20068 71022 333 20043=
48045 NIL=
48048 32940 00401 10144 20124 40156 333 20137 59030=
48051 NIL=
48052 32450 30000 10162 20144 83800 333 20108 56900=
48053 32550 50000 10160 20144 40148 82556 333 20156 56699 59046=
48055 31948 00000 10052 20052 40216 71000 333 20048 59022=
48057 31939 00000 10090 20068 71000 333 20080=
48060 NIL=
48062 31450 20000 10168 20150 40151 71011 82500 333 20145 56900 59019=
48064 32950 01401 10166 20154 40138 333 20130 59019=
48065 32950 00000 10160 20160 333 20150=
48071 32950 00502 10215 20185 40146 333 20210 59030=
48072 NIL=
48074 21950 10000 10170 20154 40169 71000 80050 333 20156 56090 59029=
48075 32950 00000 10100 20100 40197 71044 333 20090 59037=
48077 31956 20000 10180 20147 40150 71011 80001 333 20150 56009 59014=
48078 32550 20901 10162 20144 40147 81501 333 20155 56909 59034=
48080 NIL=
48085 NIL=
48087 32940 00000 10150 20134 333 20134=
48092 31940 00000 10165 20149 40131 71022 333 20155 59020=
48093 32930 00000 10179 20155 333 20176=
48094 32456 20000 10200 20190 40148 82500 333 20164 56900 59025=
48095 NIL=
48097 31530 32701 10175 20162 40164 71011 83500 333 20170 56900 59009=
48099 31440 10901 10186 20175 40149 70244 81500 333 20170 56900 59015=
48101 NIL=
48103 31930 03201 10173 20154 40142 74044 333 20164 59027=
48107 31930 20401 10180 20147 40136 74144 80006 333 20164 56009 59023=
48108 31994 50000 10170 20154 40148 71022 80007 333 20151 56009 59023=
48109 31496 30000 10208 20195 40153 71022 83900 333 20197 56900 59018=
48110 31994 21301 10190 20175 40145 74244 80005 333 20190 56009 59015=
48112 32597 80403 10220 20205 40139 83876 333 20175 56199 59017=  