23-JAN-2015 18 48008 3 1 5 10 3 00 00 10 160 20 144 3 0000 4 0144 5 0000 6 000 0 7 10 4 4 8 1 4 3 0 333 10 /// 59 018 6 000 0 7 0000 
23-JAN-2015 18 48010 3 2 5 01 2 00 00 10 175 20 175 3 0000 4 0151 5 0000 6 000 0 7 00 0 0 8 2 4 0 0 333 10 /// 59 035 6 000 0 7 0000 
23-JAN-2015 18 48018 3 2 9 10 0 00 00 10 160 20 144 3 0000 4 0162 5 0000 6 000 0 7 00 0 0 8 0 0 0 0 333 10 /// 59 020 6 000 0 7 0000 
23-JAN-2015 18 48025 3 2 9 05 0 36 01 10 190 20 175 3 0000 4 0139 5 0000 6 000 0 7 00 0 0 8 0 0 0 0 333 10 /// 59 048 6 000 0 7 0000 
23-JAN-2015 18 48042 3 2 9 50 0 00 00 10 202 20 168 3 0000 4 0135 5 0000 6 000 0 7 00 0 0 8 0 0 0 0 333 10 /// 59 021 6 000 0 7 0000 
23-JAN-2015 18 48053 3 2 9 40 0 00 00 10 180 20 147 3 0000 4 0144 5 0000 6 000 0 7 00 0 0 8 0 0 0 0 333 10 /// 59 020 6 000 0 7 0000 
23-JAN-2015 18 48057 3 1 9 39 0 18 01 10 102 20 079 3 0000 4 0000 5 0000 6 000 0 7 10 0 0 8 0 0 0 0 333 10 /// 58 000 6 000 0 7 0000 
23-JAN-2015 18 48060 3 2 9 10 0 27 02 10 110 20 091 3 0000 4 0166 5 0000 6 000 0 7 00 0 0 8 0 0 0 0 333 10 /// 59 037 6 000 0 7 0000 
23-JAN-2015 18 48062 3 1 5 40 5 00 00 10 180 20 160 3 0000 4 0160 5 0000 6 000 0 7 42 4 4 8 4 8 3 0 333 10 /// 59 016 6 000 0 7 0000 
23-JAN-2015 18 48071 3 2 9 40 0 32 01 10 230 20 198 3 0000 4 0145 5 0000 6 000 0 7 00 0 0 8 0 0 0 0 333 10 /// 59 019 6 000 0 7 0000 
23-JAN-2015 18 48078 3 2 9 50 1 27 03 10 192 20 159 3 0000 4 0148 5 0000 6 000 0 7 00 0 0 8 0 0 0 1 333 10 /// 59 015 6 000 0 7 0000 
23-JAN-2015 18 48080 3 2 4 40 3 00 00 10 190 20 175 3 0000 4 0159 5 0000 6 000 0 7 00 0 0 8 2 8 7 0 333 10 /// 59 012 6 000 0 7 0000 
23-JAN-2015 18 48094 3 2 9 50 0 00 00 10 220 20 210 3 0000 4 0152 5 0000 6 000 0 7 00 0 0 8 0 0 0 0 333 10 /// 59 006 6 000 0 7 0000 
23-JAN-2015 18 48097 3 2 5 56 2 33 01 10 200 20 168 3 0000 4 0149 5 0000 6 000 0 7 00 0 0 8 2 5 0 0 333 10 /// 59 025 6 000 0 7 0000 
23-JAN-2015 18 48099 3 2 4 40 3 00 00 10 206 20 175 3 0000 4 0143 5 0000 6 000 0 7 00 0 0 8 2 8 3 0 333 10 /// 59 002 6 000 0 7 0000 
23-JAN-2015 18 48103 3 2 5 10 2 04 02 10 215 20 156 3 0000 4 0130 5 0000 6 000 0 7 00 0 0 8 2 5 0 0 333 10 /// 59 011 6 000 0 7 0000 
23-JAN-2015 18 48108 3 1 9 93 4 32 01 10 205 20 172 3 0000 4 0138 5 0000 6 000 0 7 10 1 1 8 0 0 0 6 333 10 /// 59 003 6 000 0 7 0000 
23-JAN-2015 18 48110 3 1 9 94 2 00 00 10 240 20 209 3 0000 4 0138 5 0000 6 000 0 7 05 1 1 8 0 0 0 5 333 10 /// 59 017 6 000 0 7 0000 
23-JAN-2015 18 48112 3 2 5 97 8 04 02 10 242 20 226 3 0000 4 0134 5 0000 6 000 0 7 00 0 0 8 3 8 7 6 333 10 /// 59 006 6 000 0 7 0000 
