23-JAN-2015 03 48001 3 1 9 03 9 00 00 10 106 20 105 3 0000 4 0182 5 0000 6 000 0 7 47 4 4 8 9 / / / 333 10 /// 59 035 6 000 0 7 0000 
23-JAN-2015 03 48004 3 1 5 60 1 36 01 10 128 20 113 3 0000 4 0000 5 0000 6 000 0 7 01 4 4 8 1 5 0 0 333 10 /// 58 000 6 000 0 7 0000 
23-JAN-2015 03 48008 3 1 5 57 3 00 00 10 152 20 134 3 0000 4 0181 5 0000 6 000 0 7 03 4 4 8 1 4 3 0 333 10 /// 59 029 6 000 0 7 0000 
23-JAN-2015 03 48010 3 2 5 40 2 00 00 10 156 20 144 3 0000 4 0184 5 0000 6 000 0 7 00 0 0 8 2 4 0 0 333 10 /// 59 043 6 000 0 7 0000 
23-JAN-2015 03 48018 3 1 9 56 0 00 00 10 150 20 142 3 0000 4 0179 5 0000 6 000 0 7 42 4 4 8 0 0 0 0 333 10 /// 59 042 6 000 0 7 0000 
23-JAN-2015 03 48019 3 2 9 60 0 23 01 10 161 20 123 3 0000 4 0172 5 0000 6 000 0 7 00 0 0 8 0 0 0 0 333 10 /// 59 045 6 000 0 7 0000 
23-JAN-2015 03 48020 3 1 9 30 9 00 00 10 150 20 134 3 0000 4 0000 5 0000 6 000 0 7 43 4 4 8 9 / / / 333 10 /// 58 000 6 000 0 7 0000 
23-JAN-2015 03 48025 3 1 4 56 3 22 01 10 164 20 144 3 0000 4 0187 5 0000 6 000 0 7 02 4 4 8 3 8 0 0 333 10 /// 59 023 6 000 0 7 0000 
23-JAN-2015 03 48030 3 2 2 56 2 22 02 10 044 20 044 3 0000 4 0000 5 0000 6 000 0 7 00 0 0 8 2 7 0 0 333 10 /// 58 000 6 000 0 7 0000 
23-JAN-2015 03 48031 3 2 2 56 2 22 01 10 135 20 082 3 0000 4 0000 5 0000 6 000 0 7 00 0 0 8 2 2 0 0 333 10 /// 58 000 6 000 0 7 0000 
23-JAN-2015 03 48033 3 2 5 62 1 32 01 10 185 20 139 3 0000 4 0161 5 0000 6 000 0 7 00 0 0 8 1 1 0 0 333 10 /// 59 041 6 000 0 7 0000 
23-JAN-2015 03 48034 3 1 4 56 2 00 00 10 148 20 092 3 0000 4 0000 5 0000 6 000 0 7 10 1 1 8 2 5 0 0 333 10 /// 58 000 6 000 0 7 0000 
23-JAN-2015 03 48035 3 1 9 20 0 00 00 10 101 20 100 3 0000 4 0194 5 0000 6 000 0 7 10 4 4 8 0 0 0 0 333 10 /// 59 047 6 000 0 7 0000 
23-JAN-2015 03 48037 3 2 5 58 3 36 01 10 182 20 129 3 0000 4 0162 5 0000 6 000 0 7 00 0 0 8 1 1 3 0 333 10 /// 59 044 6 000 0 7 0000 
23-JAN-2015 03 48039 3 1 4 40 2 00 00 10 185 20 147 3 0000 4 0000 5 0000 6 000 0 7 40 4 4 8 2 8 0 0 333 10 /// 58 000 6 000 0 7 0000 
23-JAN-2015 03 48042 3 2 9 57 1 13 01 10 203 20 150 3 0000 4 0164 5 0000 6 000 0 7 00 0 0 8 0 0 5 0 333 10 /// 59 048 6 000 0 7 0000 
23-JAN-2015 03 48043 3 2 0 56 0 00 00 10 135 20 107 3 0000 4 0000 5 0000 6 000 0 7 00 0 0 8 0 0 0 0 333 10 /// 58 000 6 000 0 7 0000 
23-JAN-2015 03 48045 3 2 5 60 3 04 02 10 122 20 030 3 0000 4 0000 5 0000 6 000 0 7 00 0 0 8 2 8 0 8 333 10 /// 58 000 6 000 0 7 0000 
23-JAN-2015 03 48048 3 2 9 60 0 04 01 10 190 20 139 3 0000 4 0177 5 0000 6 000 0 7 00 0 0 8 0 0 0 0 333 10 /// 59 028 6 000 0 7 0000 
23-JAN-2015 03 48051 3 2 9 58 0 36 01 10 182 20 170 3 0000 4 0000 5 0000 6 000 0 7 02 0 0 8 0 0 0 0 333 10 /// 58 000 6 000 0 7 0000 
23-JAN-2015 03 48052 3 2 4 58 2 04 01 10 212 20 143 3 0000 4 0000 5 0000 6 000 0 7 00 0 0 8 2 2 0 0 333 10 /// 58 000 6 000 0 7 0000 
23-JAN-2015 03 48053 3 1 5 40 5 36 01 10 180 20 165 3 0000 4 0167 5 0000 6 000 0 7 10 2 2 8 3 5 5 6 333 10 /// 59 037 6 000 0 7 0000 
23-JAN-2015 03 48055 3 2 9 56 0 04 01 10 128 20 099 3 0000 4 0199 5 0000 6 000 0 7 00 0 0 8 0 0 0 0 333 10 /// 59 036 6 000 0 7 0000 
23-JAN-2015 03 48057 3 2 4 56 1 22 01 10 160 20 106 3 0000 4 0000 5 0000 6 000 0 7 00 0 0 8 1 5 0 0 333 10 /// 58 000 6 000 0 7 0000 
23-JAN-2015 03 48060 3 2 4 30 1 00 00 10 135 20 097 3 0000 4 0200 5 0000 6 000 0 7 00 0 0 8 1 1 0 0 333 10 /// 59 048 6 000 0 7 0000 
23-JAN-2015 03 48062 3 2 9 57 0 36 02 10 190 20 160 3 0000 4 0172 5 0000 6 000 0 7 00 0 0 8 0 0 0 0 333 10 /// 59 027 6 000 0 7 0000 
23-JAN-2015 03 48064 3 2 9 60 0 14 01 10 240 20 191 3 0000 4 0148 5 0000 6 000 0 7 00 0 0 8 0 0 0 0 333 10 /// 59 049 6 000 0 7 0000 
23-JAN-2015 03 48065 3 2 9 68 0 36 05 10 212 20 160 3 0000 4 0000 5 0000 6 000 0 7 00 0 0 8 0 0 0 0 333 10 /// 58 000 6 000 0 7 0000 
23-JAN-2015 03 48071 3 2 9 58 0 05 01 10 230 20 198 3 0000 4 0166 5 0000 6 000 0 7 00 0 0 8 0 0 0 0 333 10 /// 58 010 6 000 0 7 0000 
23-JAN-2015 03 48072 3 1 4 59 1 04 02 10 240 20 209 3 0000 4 0000 5 0000 6 000 0 7 05 2 2 8 1 2 0 0 333 10 /// 58 000 6 000 0 7 0000 
23-JAN-2015 03 48074 3 2 9 58 0 00 00 10 196 20 150 3 0000 4 0169 5 0000 6 000 0 7 00 0 0 8 0 0 0 0 333 10 /// 59 039 6 000 0 7 0000 
23-JAN-2015 03 48075 3 1 9 58 0 32 01 10 170 20 150 3 0000 4 0197 5 0000 6 000 0 7 01 4 4 8 0 0 0 0 333 10 /// 59 041 6 000 0 7 0000 
23-JAN-2015 03 48077 3 2 9 59 0 00 00 10 220 20 156 3 0000 4 0160 5 0000 6 000 0 7 00 0 0 8 0 0 0 0 333 10 /// 59 027 6 000 0 7 0000 
23-JAN-2015 03 48078 3 2 5 56 2 09 01 10 206 20 146 3 0000 4 0170 5 0000 6 000 0 7 00 0 0 8 1 5 0 1 333 10 /// 59 042 6 000 0 7 0000 
23-JAN-2015 03 48080 3 1 9 59 0 04 02 10 193 20 175 3 0000 4 0171 5 0000 6 000 0 7 01 4 4 8 0 0 0 0 333 10 /// 59 021 6 000 0 7 0000 
23-JAN-2015 03 48085 3 2 9 58 0 09 01 10 234 20 181 3 0000 4 0163 5 0000 6 000 0 7 00 0 0 8 0 0 0 0 333 10 /// 59 003 6 000 0 7 0000 
23-JAN-2015 03 48087 3 2 9 60 0 04 01 10 220 20 173 3 0000 4 0000 5 0000 6 000 0 7 00 0 0 8 0 0 0 0 333 10 /// 58 000 6 000 0 7 0000 
23-JAN-2015 03 48092 3 1 9 50 0 13 01 10 260 20 160 3 0000 4 0151 5 0000 6 000 0 7 05 2 2 8 0 0 0 0 333 10 /// 59 025 6 000 0 7 0000 
23-JAN-2015 03 48093 3 2 9 58 0 04 01 10 210 20 175 3 0000 4 0000 5 0000 6 000 0 7 02 1 1 8 0 0 0 0 333 10 /// 58 000 6 000 0 7 0000 
23-JAN-2015 03 48094 3 2 9 59 0 04 01 10 230 20 200 3 0000 4 0166 5 0000 6 000 0 7 00 0 0 8 0 0 0 0 333 10 /// 59 031 6 000 0 7 0000 
23-JAN-2015 03 48095 3 2 9 58 0 00 00 10 215 20 175 3 0000 4 0000 5 0000 6 000 0 7 00 0 0 8 0 0 0 0 333 10 /// 58 000 6 000 0 7 0000 
23-JAN-2015 03 48097 3 1 5 57 2 14 01 10 260 20 160 3 0000 4 0180 5 0000 6 000 0 7 05 1 1 8 2 5 0 0 333 10 /// 59 016 6 000 0 7 0000 
23-JAN-2015 03 48099 3 1 4 50 2 04 02 10 268 20 174 3 0000 4 0160 5 0000 6 000 0 7 05 1 1 8 2 8 0 0 333 10 /// 58 026 6 000 0 7 0000 
23-JAN-2015 03 48101 3 2 9 58 0 00 00 10 243 20 134 3 0000 4 0000 5 0000 6 000 0 7 00 0 0 8 0 0 0 0 333 10 /// 58 000 6 000 0 7 0000 
23-JAN-2015 03 48103 3 1 9 40 0 04 02 10 249 20 205 3 0000 4 0158 5 0000 6 000 0 7 02 4 4 8 0 0 0 0 333 10 /// 59 032 6 000 0 7 0000 
23-JAN-2015 03 48107 3 1 9 50 0 04 01 10 237 20 191 3 0000 4 0145 5 0000 6 000 0 7 01 4 4 8 0 0 0 0 333 10 /// 58 027 6 000 0 7 0000 
23-JAN-2015 03 48108 3 2 9 96 4 32 01 10 225 20 189 3 0000 4 0167 5 0000 6 000 0 7 00 0 0 8 0 0 0 6 333 10 /// 59 020 6 000 0 7 0000 
23-JAN-2015 03 48109 3 2 4 97 4 04 01 10 278 20 203 3 0000 4 0164 5 0000 6 000 0 7 00 0 0 8 4 9 0 0 333 10 /// 59 025 6 000 0 7 0000 
23-JAN-2015 03 48110 3 1 9 95 1 18 03 10 255 20 183 3 0000 4 0162 5 0000 6 000 0 7 05 4 4 8 0 0 0 5 333 10 /// 59 019 6 000 0 7 0000 
23-JAN-2015 03 48112 3 2 5 97 8 04 03 10 225 20 205 3 0000 4 0161 5 0000 6 000 0 7 00 0 0 8 3 8 7 6 333 10 /// 59 017 6 000 0 7 0000 
