48001 NIL=
48004 32562 23201 10230 20124 82800 333 56900=
48008 32258 11201 10232 20124 40160 81400 333 56500 59033=
48010 32560 21801 10240 20155 40155 82800 333 56900 59050=
48018 32560 11402 10243 20136 40189 81100 333 56500 59022=
48019 32960 00401 10223 20136 40166 333 59045=
48020 32258 23602 10240 20174 82200 333 56500=
48025 32458 13602 10246 20156 40168 81100 333 56900 59044=
48030 32957 02202 10167 20014 333=
48031 32262 31801 10170 20097 83800 333 56400=
48033 32963 03201 10280 20146 40154 333 59032=
48034 32456 51302 10228 20097 85800 333 56500=
48035 32560 22202 10221 20087 40138 82800 333 56100 59043=
48037 32960 03601 10265 20154 40149 333 59040=
48039 32460 21401 10260 20160 82100 333 56500=
48042 32557 22301 10266 20154 40143 82100 333 56900 59052=
48043 32657 23203 10200 20130 82200 333 56900=
48045 32561 21405 10190 20096 82800 333 56500=
48048 32962 00401 10270 20191 40164 333 59031=
48051 32559 13601 10260 20180 70311 81200 333 56900=
48052 32470 23202 10270 20154 82200 333 56900=
48053 32956 03601 10270 20154 40156 333 59034=
48055 32556 10402 10230 20097 40134 81100 333 56500 58038=
48057 32456 12202 10200 20085 81500 333 56400=
48060 32950 00401 10205 20115 40147 333 59054=
48062 32458 03202 10250 20190 40163 333 59033=
48064 32970 01401 10265 20170 40140 333 59032=
48065 32970 00404 10277 20146 333=
48071 32960 03202 10258 20203 40164 333 59029=
48072 32960 00000 10250 20220 70122 80000 333 56000=
48074 32559 13202 10282 20098 40164 81100 333 56900 59037=
48075 32958 02201 10230 20160 40147 333 59045=
48077 32959 00401 10310 20146 40146 333 59024=
48078 32560 22701 10295 20132 40152 81101 333 56909 59034=
48080 32960 03205 10301 20223 40143 333 59027=
48085 32458 12705 10294 20196 40151 81100 333 56200 59029=
48087 32960 00401 10300 20166 333=
48092 32457 11301 10310 20124 40136 81100 333 56900 59030=
48093 32658 20401 10306 20189 82100 333 56500=
48094 32560 23602 10310 20190 40155 81101 333 56909 59023=
48095 32960 10402 10290 20159 70211 80001 333 56009=
48097 31557 31502 10310 20124 40159 83800 333 56900 59025=
48099 32557 33202 10306 20189 40145 82800 333 56900 59026=
48101 32960 10401 10292 20159 70311 80001 333 56009=
48103 32556 23201 10322 20140 40141 82500 333 56100 59029=
48107 32350 40401 10304 20149 40124 84900 333 56300 59025=
48108 32596 33202 10310 20179 40143 83806 333 56609 59025=
48109 32497 30401 10310 20237 40161 83800 333 56900 59021=
48110 31996 21304 10315 20165 40145 70511 80005 333 56009 59022=
48112 32598 60401 10292 20215 40140 82216 333 56199 59023=  