23-JAN-2015 00 48008 3 1 5 50 2 00 00 10 112 20 105 3 0000 4 0176 5 0000 6 000 0 7 10 4 4 8 2 4 0 0 333 20 102 59 037 6 000 0 7 0000 
23-JAN-2015 00 48010 3 2 5 20 2 00 00 10 150 20 142 3 0000 4 0174 5 0000 6 000 0 7 00 0 0 8 2 4 0 0 333 20 140 59 030 6 000 0 7 0000 
23-JAN-2015 00 48018 3 2 9 10 0 00 00 10 130 20 118 3 0000 4 0176 5 0000 6 000 0 7 00 0 0 8 0 0 0 0 333 20 125 59 031 6 000 0 7 0000 
23-JAN-2015 00 48019 3 2 9 40 0 00 00 10 100 20 100 3 0000 4 0168 5 0000 6 000 0 7 00 0 0 8 0 0 0 0 333 20 097 59 031 6 000 0 7 0000 
23-JAN-2015 00 48025 3 1 1 10 3 27 01 10 150 20 134 3 0000 4 0170 5 0000 6 000 0 7 40 4 4 8 3 8 0 0 333 20 142 59 031 6 000 0 7 0000 
23-JAN-2015 00 48030 3 2 1 50 3 22 02 10 030 20 030 3 0000 4 0000 5 0000 6 000 0 7 00 0 0 8 3 8 0 0 333 20 020 58 000 6 000 0 7 0000 
23-JAN-2015 00 48031 3 2 9 50 0 00 00 10 092 20 089 3 0000 4 0000 5 0000 6 000 0 7 00 0 0 8 0 0 0 0 333 20 078 58 000 6 000 0 7 0000 
23-JAN-2015 00 48033 3 2 9 60 0 00 00 10 150 20 134 3 0000 4 0159 5 0000 6 000 0 7 00 0 0 8 0 0 0 0 333 20 140 59 026 6 000 0 7 0000 
23-JAN-2015 00 48034 3 1 9 48 0 00 00 10 068 20 054 3 0000 4 0000 5 0000 6 000 0 7 10 0 0 8 0 0 0 0 333 20 055 58 000 6 000 0 7 0000 
23-JAN-2015 00 48035 3 1 / 01 0 00 00 10 069 20 069 3 0000 4 0154 5 0000 6 000 0 7 47 4 4 8 0 0 0 0 333 20 060 59 070 6 000 0 7 0000 
23-JAN-2015 00 48037 3 2 9 10 0 00 00 10 150 20 034 3 0000 4 0146 5 0000 6 000 0 7 00 0 0 8 0 0 0 0 333 20 145 59 039 6 000 0 7 0000 
23-JAN-2015 00 48039 3 1 4 50 3 32 01 10 155 20 134 3 0000 4 0000 5 0000 6 000 0 7 10 1 1 8 3 4 0 0 333 20 153 58 000 6 000 0 7 0000 
23-JAN-2015 00 48042 3 2 5 56 2 00 00 10 158 20 144 3 0000 4 0154 5 0000 6 000 0 7 00 0 0 8 1 4 5 0 333 20 146 59 030 6 000 0 7 0000 
23-JAN-2015 00 48043 3 1 0 10 0 00 00 10 090 20 068 3 0000 4 0000 5 0000 6 000 0 7 10 2 2 8 0 0 0 0 333 20 043 58 000 6 000 0 7 0000 
23-JAN-2015 00 48048 3 2 9 40 0 04 01 10 144 20 124 3 0000 4 0156 5 0000 6 000 0 7 00 0 0 8 0 0 0 0 333 20 137 59 030 6 000 0 7 0000 
23-JAN-2015 00 48052 3 2 4 50 3 00 00 10 162 20 144 3 0000 4 0000 5 0000 6 000 0 7 00 0 0 8 3 8 0 0 333 20 108 58 000 6 000 0 7 0000 
23-JAN-2015 00 48053 3 2 5 50 5 00 00 10 160 20 144 3 0000 4 0148 5 0000 6 000 0 7 00 0 0 8 2 5 5 6 333 20 156 59 046 6 000 0 7 0000 
23-JAN-2015 00 48055 3 1 9 48 0 00 00 10 052 20 052 3 0000 4 0216 5 0000 6 000 0 7 10 0 0 8 0 0 0 0 333 20 048 59 022 6 000 0 7 0000 
23-JAN-2015 00 48057 3 1 9 39 0 00 00 10 090 20 068 3 0000 4 0000 5 0000 6 000 0 7 10 0 0 8 0 0 0 0 333 20 080 58 000 6 000 0 7 0000 
23-JAN-2015 00 48062 3 1 4 50 2 00 00 10 168 20 150 3 0000 4 0151 5 0000 6 000 0 7 10 1 1 8 2 5 0 0 333 20 145 59 019 6 000 0 7 0000 
23-JAN-2015 00 48064 3 2 9 50 0 14 01 10 166 20 154 3 0000 4 0138 5 0000 6 000 0 7 00 0 0 8 0 0 0 0 333 20 130 59 019 6 000 0 7 0000 
23-JAN-2015 00 48065 3 2 9 50 0 00 00 10 160 20 160 3 0000 4 0000 5 0000 6 000 0 7 00 0 0 8 0 0 0 0 333 20 150 58 000 6 000 0 7 0000 
23-JAN-2015 00 48071 3 2 9 50 0 05 02 10 215 20 185 3 0000 4 0146 5 0000 6 000 0 7 00 0 0 8 0 0 0 0 333 20 210 59 030 6 000 0 7 0000 
23-JAN-2015 00 48074 2 1 9 50 1 00 00 10 170 20 154 3 0000 4 0169 5 0000 6 000 0 7 10 0 0 8 0 0 5 0 333 20 156 59 029 6 000 0 7 0000 
23-JAN-2015 00 48075 3 2 9 50 0 00 00 10 100 20 100 3 0000 4 0197 5 0000 6 000 0 7 10 4 4 8 0 0 0 0 333 20 090 59 037 6 000 0 7 0000 
23-JAN-2015 00 48077 3 1 9 56 2 00 00 10 180 20 147 3 0000 4 0150 5 0000 6 000 0 7 10 1 1 8 0 0 0 1 333 20 150 59 014 6 000 0 7 0000 
23-JAN-2015 00 48078 3 2 5 50 2 09 01 10 162 20 144 3 0000 4 0147 5 0000 6 000 0 7 00 0 0 8 1 5 0 1 333 20 155 59 034 6 000 0 7 0000 
23-JAN-2015 00 48087 3 2 9 40 0 00 00 10 150 20 134 3 0000 4 0000 5 0000 6 000 0 7 00 0 0 8 0 0 0 0 333 20 134 58 000 6 000 0 7 0000 
23-JAN-2015 00 48092 3 1 9 40 0 00 00 10 165 20 149 3 0000 4 0131 5 0000 6 000 0 7 10 2 2 8 0 0 0 0 333 20 155 59 020 6 000 0 7 0000 
23-JAN-2015 00 48093 3 2 9 30 0 00 00 10 179 20 155 3 0000 4 0000 5 0000 6 000 0 7 00 0 0 8 0 0 0 0 333 20 176 58 000 6 000 0 7 0000 
23-JAN-2015 00 48094 3 2 4 56 2 00 00 10 200 20 190 3 0000 4 0148 5 0000 6 000 0 7 00 0 0 8 2 5 0 0 333 20 164 59 025 6 000 0 7 0000 
23-JAN-2015 00 48097 3 1 5 30 3 27 01 10 175 20 162 3 0000 4 0164 5 0000 6 000 0 7 10 1 1 8 3 5 0 0 333 20 170 59 009 6 000 0 7 0000 
23-JAN-2015 00 48099 3 1 4 40 1 09 01 10 186 20 175 3 0000 4 0149 5 0000 6 000 0 7 02 4 4 8 1 5 0 0 333 20 170 59 015 6 000 0 7 0000 
23-JAN-2015 00 48103 3 1 9 30 0 32 01 10 173 20 154 3 0000 4 0142 5 0000 6 000 0 7 40 4 4 8 0 0 0 0 333 20 164 59 027 6 000 0 7 0000 
23-JAN-2015 00 48107 3 1 9 30 2 04 01 10 180 20 147 3 0000 4 0136 5 0000 6 000 0 7 41 4 4 8 0 0 0 6 333 20 164 59 023 6 000 0 7 0000 
23-JAN-2015 00 48108 3 1 9 94 5 00 00 10 170 20 154 3 0000 4 0148 5 0000 6 000 0 7 10 2 2 8 0 0 0 7 333 20 151 59 023 6 000 0 7 0000 
23-JAN-2015 00 48109 3 1 4 96 3 00 00 10 208 20 195 3 0000 4 0153 5 0000 6 000 0 7 10 2 2 8 3 9 0 0 333 20 197 59 018 6 000 0 7 0000 
23-JAN-2015 00 48110 3 1 9 94 2 13 01 10 190 20 175 3 0000 4 0145 5 0000 6 000 0 7 42 4 4 8 0 0 0 5 333 20 190 59 015 6 000 0 7 0000 
23-JAN-2015 00 48112 3 2 5 97 8 04 03 10 220 20 205 3 0000 4 0139 5 0000 6 000 0 7 00 0 0 8 3 8 7 6 333 20 175 59 017 6 000 0 7 0000 
