23-JUL-2015 00 48048 3 2 5 50 5 18 01 10 268 20 240 3 0000 4 0064 5 0000 6 000 0 7 00 0 0 8 4 8 5 0 333 20 260 58 013 6 000 0 7 0000 
23-JUL-2015 00 48053 2 2 4 50 8 18 01 10 250 20 233 3 0000 4 0081 5 0000 6 000 0 7 00 0 0 8 5 5 5 / 333 20 239 58 014 6 000 0 7 0000 
23-JUL-2015 00 48055 2 2 4 56 8 00 00 10 207 20 199 3 0000 4 0088 5 0000 6 000 0 7 00 0 0 8 5 9 7 / 333 20 202 58 010 6 990 2 7 0000 
23-JUL-2015 00 48060 2 1 3 20 8 00 00 10 238 20 191 3 0000 4 0064 5 0000 6 000 0 7 52 6 5 8 5 7 7 / 333 20 207 59 011 6 002 2 7 0000 
23-JUL-2015 00 48062 2 2 4 50 7 18 03 10 275 20 270 3 0000 4 0073 5 0000 6 000 0 7 00 0 0 8 5 9 7 0 333 20 250 58 015 6 005 2 7 0000 
23-JUL-2015 00 48064 2 2 4 50 8 36 01 10 260 20 246 3 0000 4 0053 5 0000 6 000 0 7 00 0 0 8 5 8 7 0 333 20 220 58 002 6 004 2 7 0000 
23-JUL-2015 00 48065 3 2 4 50 7 22 02 10 260 20 246 3 0000 4 0000 5 0000 6 000 0 7 00 0 0 8 4 5 7 0 333 20 230 58 000 6 000 0 7 0000 
23-JUL-2015 00 48071 2 2 4 56 8 00 00 10 260 20 260 3 0000 4 0076 5 0000 6 000 0 7 00 0 0 8 6 9 2 / 333 20 250 58 016 6 010 2 7 0000 
23-JUL-2015 00 48074 2 2 2 50 8 00 00 10 250 20 233 3 0000 4 0104 5 0000 6 000 0 7 00 0 0 8 6 7 2 / 333 20 230 58 000 6 000 0 7 0000 
23-JUL-2015 00 48075 2 2 4 56 7 00 00 10 220 20 205 3 0000 4 0111 5 0000 6 000 0 7 00 0 0 8 5 8 5 0 333 10 /// 58 031 6 000 0 7 0000 
23-JUL-2015 00 48077 2 2 5 56 8 00 00 10 250 20 250 3 0000 4 0086 5 0000 6 000 0 7 00 0 0 8 5 9 7 0 333 20 240 58 022 6 000 0 7 0000 
23-JUL-2015 00 48078 2 1 4 40 7 18 01 10 246 20 237 3 0000 4 0098 5 0000 6 000 0 7 02 5 5 8 4 7 7 / 333 20 230 58 011 6 002 2 7 0000 
23-JUL-2015 00 48080 2 1 4 56 8 32 06 10 243 20 240 3 0000 4 0097 5 0000 6 000 0 7 52 6 5 8 5 9 2 0 333 20 237 58 017 6 021 2 7 0000 
23-JUL-2015 00 48085 2 1 3 50 8 18 03 10 250 20 248 3 0000 4 0091 5 0000 6 000 0 7 50 6 5 8 6 9 2 0 333 20 245 58 015 6 024 2 7 0000 
23-JUL-2015 00 48092 2 1 4 56 8 23 02 10 245 20 237 3 0000 4 0085 5 0000 6 000 0 7 50 6 5 8 5 9 7 / 333 20 235 58 014 6 011 2 7 0000 
23-JUL-2015 00 48094 2 1 4 56 8 00 00 10 250 20 240 3 0000 4 0093 5 0000 6 000 0 7 50 6 5 8 6 9 7 0 333 20 198 58 010 6 009 2 7 0000 
23-JUL-2015 00 48097 2 1 4 57 8 13 04 10 255 20 248 3 0000 4 0116 5 0000 6 000 0 7 50 6 5 8 6 3 7 / 333 20 240 58 023 6 006 2 7 0000 
23-JUL-2015 00 48099 2 1 3 30 8 00 00 10 240 20 240 3 0000 4 0108 5 0000 6 000 0 7 51 6 5 8 6 9 7 / 333 20 230 58 012 6 024 2 7 0000 
23-JUL-2015 00 48103 2 2 3 40 8 14 04 10 243 20 226 3 0000 4 0110 5 0000 6 000 0 7 00 0 0 8 8 7 / / 333 20 237 58 052 6 005 2 7 0000 
23-JUL-2015 00 48107 2 2 3 30 6 13 01 10 228 20 228 3 0000 4 0113 5 0000 6 000 0 7 00 0 0 8 4 9 7 0 333 20 222 58 009 6 000 0 7 0000 
23-JUL-2015 00 48108 2 2 4 94 8 05 01 10 230 20 222 3 0000 4 0123 5 0000 6 000 0 7 00 0 0 8 4 3 7 7 333 20 221 58 012 6 000 0 7 0000 
23-JUL-2015 00 48109 2 1 4 96 8 23 04 10 252 20 233 3 0000 4 0107 5 0000 6 000 0 7 50 6 6 8 6 9 7 / 333 20 194 58 014 6 021 2 7 0000 
23-JUL-2015 00 48110 3 2 5 95 8 00 00 10 250 20 250 3 0000 4 0123 5 0000 6 000 0 7 00 0 0 8 1 3 5 7 333 20 245 58 009 6 000 0 7 0000 
23-JUL-2015 00 48112 2 2 5 98 6 04 02 10 245 20 230 3 0000 4 0124 5 0000 6 000 0 7 00 0 0 8 2 2 1 6 333 20 195 58 012 6 001 2 7 0000 
