230900 48001 21430 80401 10260 20246 40006 76366 8477/ 333 5647/ 58005=
230900 48004 22460 52201 10312 20267 85900 333 56500=
230900 48008 22557 71301 10320 20265 49993 84970 333 56350 59012=
230900 48010 21440 80000 10280 20274 40009 76266 887// 333 56499 59001=
230900 48018 32560 62202 10340 20240 40005 83872 333 56566 59011=
230900 48019 32460 32701 10339 20270 49994 82201 333 5640/ 59014=
230900 48020 21360 70903 10322 20265 72055 85730 333 56440=
230900 48025 21440 81401 10305 20239 49995 72055 8587/ 333 56449 59014=
230900 48030 21/05 90401 10197 20197 75055 89/// 333 56999=
230900 48031 21/02 91401 10190 20190 76364 89/// 333 56999=
230900 48034 22456 72302 10250 20205 87300 333 56500=
230900 48035 32560 62203 10307 20237 49978 84960 333 56590 59019=
230900 48037 32560 71802 10341 20240 49988 84370 333 56450 59025=
230900 48039 32460 72202 10330 20234 84960 333 56440=
230900 48042 32558 71805 10350 20237 49995 85950 333 56440 59016=
230900 48043 32556 81807 10270 20226 8587/ 333 56599=
230900 48045 31103 91802 10225 20214 74544 89/// 333 56999=
230900 48048 21558 61803 10335 20257 49999 72050 85950 333 56490 59018=
230900 48053 21456 71804 10310 20267 40011 70255 85950 333 56590 59013=
230900 48055 32557 61805 10305 20205 49981 86900 333 56500 59019=
230900 48057 32458 62204 10258 20179 84950 333 56590=
230900 48060 32350 62702 10310 20203 49993 85830 333 56590 58011=
230900 48062 21350 82315 10260 20260 40016 79696 8692/ 333 5699/ 59005=
230900 48064 21468 80401 10298 20266 40001 84870 333 56440 59010=
230900 48065 32457 81302 10305 20282 85370 333 56990=
230900 48072 22460 82705 10295 20282 86970 333 56990=
230900 48074 32459 72304 10316 20265 40015 84360 333 56440 59040=
230900 48075 32558 62202 10305 20240 40032 84360 333 56590 59012=
230900 48077 21457 82302 10304 20253 40027 76062 85970 333 56490 59009=
230900 48078 22556 71801 10312 20267 40035 8437/ 333 56499 59017=
230900 48080 21459 82209 10283 20268 40036 70265 85870 333 56590 59012=
230900 48085 21356 82707 10280 20268 40035 70296 86920 333 56690 59002=
230900 48087 22456 82301 10260 20246 70365 8597/ 333 5649/=
230900 48092 22457 82305 10288 20248 40025 8597/ 333 56599 59010=
230900 48093 21456 82301 10314 20267 75055 8637/ 333 56599=
230900 48094 21458 82201 10282 20275 40044 70366 85970 333 56990 59003=
230900 48095 21458 82202 10255 20255 79655 85970 333 56990=
230900 48097 21457 82303 10255 20255 40063 75062 8597/ 333 5699/ 58006=
230900 48099 21556 72302 10285 20250 40051 70255 86930 333 56590 59006=
230900 48101 21457 82303 10293 20274 75165 8597/ 333 5659/=
230900 48103 21356 82203 10281 20250 40051 70266 887// 333 565// 59007=
230900 48107 21330 82301 10270 20270 40066 75065 8597/ 333 5655/ 59004=  
230900 48108 21495 82305 10255 20248 40060 75055 8537/ 333 5669/ 58000=
230900 48110 21495 81801 10245 20245 40095 76166 8632/ 333 5659/ 58015=
230900 48112 21597 82207 10300 20253 40076 70152 84876 333 56599 59002=
