230600 48001 21440 80401 10268 20252 40003 76066 8477/ 333 56789 59031=
230600 48004 21110 81301 10282 20268 75022 8697/ 333 56559=
230600 48008 21557 62301 10315 20248 40015 70155 83970 333 56450 59013=
230600 48010 21440 70000 10265 20265 40021 72165 85770 333 56490 59011=
230600 48018 32560 72202 10330 20244 40028 8387/ 333 56559 59020=
230600 48019 32460 43201 10326 20275 40014 84800 333 56500 59012=
230600 48020 21358 80402 10300 20260 72055 8577/ 333 56449=
230600 48025 32440 80401 10302 20253 40017 8587/ 333 56549 59021=
230600 48035 32560 72204 10287 20196 40005 85970 333 56790 59007=
230600 48037 32560 71802 10334 20234 40007 84870 333 56450 59029=
230600 48042 32558 51804 10355 20252 40011 84850 333 56440 59019=
230600 48045 31/20 91802 10235 20209 74544 89/// 333 56999=
230600 48048 32558 61803 10330 20244 40013 85950 333 56490 59021=
230600 48051 21456 81302 10260 20260 76366 86920 333 56490=
230600 48053 32456 71805 10310 20254 40031 85950 333 56590 59024=
230600 48060 32350 72204 10302 20185 40015 85870 333 56690 59002=
230600 48062 21456 82310 10290 20270 40017 70362 86970 333 56590 59015=
230600 48071 21460 82307 10290 20274 40031 72052 8697/ 333 5659/ 59010=
230600 48077 32559 80000 10310 20254 40032 85970 333 56490 59022=
230600 48078 21556 61801 10292 20259 40052 70355 84531 333 56499 59016=
230600 48080 21460 82209 10293 20274 40050 70265 85870 333 56590 59012=
230600 48085 32457 82205 10300 20266 40049 86920 333 56590 59005=
230600 48095 32558 72203 10290 20274 83940 333 56590=
230600 48108 21495 82304 10250 20242 40097 75165 8537/ 333 5669/ 58007=
230600 48110 21495 83604 10250 20250 40096 75199 8632/ 333 5659/ 58006=
230600 48112 21597 82205 10290 20259 40096 72152 84876 333 56599 58003=
230600 48030 21/09 80402 10203 20203 75055 888// 333 56199=
230600 48072 21460 72708 10295 20282 75055 85970 333 56690=
230600 48087 21456 80000 10310 20254 70355 8497/ 333 5649/=
230600 48099 32450 71303 10282 20250 40066 86930 333 56390 59009=
230600 48101 32559 72303 10308 20267 85970 333 56590=
230600 48103 21356 82202 10283 20250 40066 75055 887// 333 565// 59000=
230600 48057 32458 52303 10248 20186 84950 333 56690=
230600 48094 21458 72202 10290 20265 40052 70365 85940 333 56690 59009=
230600 48097 32557 72402 10320 20265 40067 85330 333 56990 59011=
230600 48031 21/03 91801 10195 20185 76064 89/// 333 56999=
230600 48033 32563 71801 10330 20234 40015 86900 333 56400 59010=
230600 48034 21456 62302 10232 20198 70155 86300 333 56500=
230600 48039 32450 51401 10331 20234 85200 333 56500=
230600 48043 32656 51807 10270 20211 83230 333 56590=
230600 48052 32468 41301 10350 20240 84800 333 56900=
230600 48055 32557 61807 10302 20196 40033 86900 333 56500 59021=
230600 48064 32468 83201 10316 20281 40010 84870 333 56440 59023=
230600 48065 32456 80403 10325 20265 86370 333 56990=
230600 48074 32357 80403 10290 20259 40058 8587/ 333 56449 59005=
230600 48092 21456 72303 10300 20253 40039 78022 84951 333 56550 59011=
230600 48093 32557 82302 10303 20266 86341 333 56599=
230600 48107 21330 82301 10280 20250 40077 75065 8597/ 333 5655/ 59004=  48075 32558 72201 10290 20196 40045 85850 333 56590 59013=  
