23-JUN-2015 09 48001 2 1 4 30 8 04 01 10 260 20 246 3 0000 4 0006 5 0000 6 000 0 7 63 6 6 8 4 7 7 / 333 10 /// 58 005 6 000 0 7 0000 
23-JUN-2015 09 48004 2 2 4 60 5 22 01 10 312 20 267 3 0000 4 0000 5 0000 6 000 0 7 00 0 0 8 5 9 0 0 333 10 /// 58 000 6 000 0 7 0000 
23-JUN-2015 09 48008 2 2 5 57 7 13 01 10 320 20 265 3 0000 4 9993 5 0000 6 000 0 7 00 0 0 8 4 9 7 0 333 10 /// 59 012 6 000 0 7 0000 
23-JUN-2015 09 48010 2 1 4 40 8 00 00 10 280 20 274 3 0000 4 0009 5 0000 6 000 0 7 62 6 6 8 8 7 / / 333 10 /// 59 001 6 000 0 7 0000 
23-JUN-2015 09 48018 3 2 5 60 6 22 02 10 340 20 240 3 0000 4 0005 5 0000 6 000 0 7 00 0 0 8 3 8 7 2 333 10 /// 59 011 6 000 0 7 0000 
23-JUN-2015 09 48019 3 2 4 60 3 27 01 10 339 20 270 3 0000 4 9994 5 0000 6 000 0 7 00 0 0 8 2 2 0 1 333 10 /// 59 014 6 000 0 7 0000 
23-JUN-2015 09 48020 2 1 3 60 7 09 03 10 322 20 265 3 0000 4 0000 5 0000 6 000 0 7 20 5 5 8 5 7 3 0 333 10 /// 58 000 6 000 0 7 0000 
23-JUN-2015 09 48025 2 1 4 40 8 14 01 10 305 20 239 3 0000 4 9995 5 0000 6 000 0 7 20 5 5 8 5 8 7 / 333 10 /// 59 014 6 000 0 7 0000 
23-JUN-2015 09 48030 2 1 / 05 9 04 01 10 197 20 197 3 0000 4 0000 5 0000 6 000 0 7 50 5 5 8 9 / / / 333 10 /// 58 000 6 000 0 7 0000 
23-JUN-2015 09 48031 2 1 / 02 9 14 01 10 190 20 190 3 0000 4 0000 5 0000 6 000 0 7 63 6 4 8 9 / / / 333 10 /// 58 000 6 000 0 7 0000 
23-JUN-2015 09 48034 2 2 4 56 7 23 02 10 250 20 205 3 0000 4 0000 5 0000 6 000 0 7 00 0 0 8 7 3 0 0 333 10 /// 58 000 6 000 0 7 0000 
23-JUN-2015 09 48035 3 2 5 60 6 22 03 10 307 20 237 3 0000 4 9978 5 0000 6 000 0 7 00 0 0 8 4 9 6 0 333 10 /// 59 019 6 000 0 7 0000 
23-JUN-2015 09 48037 3 2 5 60 7 18 02 10 341 20 240 3 0000 4 9988 5 0000 6 000 0 7 00 0 0 8 4 3 7 0 333 10 /// 59 025 6 000 0 7 0000 
23-JUN-2015 09 48039 3 2 4 60 7 22 02 10 330 20 234 3 0000 4 0000 5 0000 6 000 0 7 00 0 0 8 4 9 6 0 333 10 /// 58 000 6 000 0 7 0000 
23-JUN-2015 09 48042 3 2 5 58 7 18 05 10 350 20 237 3 0000 4 9995 5 0000 6 000 0 7 00 0 0 8 5 9 5 0 333 10 /// 59 016 6 000 0 7 0000 
23-JUN-2015 09 48043 3 2 5 56 8 18 07 10 270 20 226 3 0000 4 0000 5 0000 6 000 0 7 00 0 0 8 5 8 7 / 333 10 /// 58 000 6 000 0 7 0000 
23-JUN-2015 09 48045 3 1 1 03 9 18 02 10 225 20 214 3 0000 4 0000 5 0000 6 000 0 7 45 4 4 8 9 / / / 333 10 /// 58 000 6 000 0 7 0000 
23-JUN-2015 09 48048 2 1 5 58 6 18 03 10 335 20 257 3 0000 4 9999 5 0000 6 000 0 7 20 5 0 8 5 9 5 0 333 10 /// 59 018 6 000 0 7 0000 
23-JUN-2015 09 48053 2 1 4 56 7 18 04 10 310 20 267 3 0000 4 0011 5 0000 6 000 0 7 02 5 5 8 5 9 5 0 333 10 /// 59 013 6 000 0 7 0000 
23-JUN-2015 09 48055 3 2 5 57 6 18 05 10 305 20 205 3 0000 4 9981 5 0000 6 000 0 7 00 0 0 8 6 9 0 0 333 10 /// 59 019 6 000 0 7 0000 
23-JUN-2015 09 48057 3 2 4 58 6 22 04 10 258 20 179 3 0000 4 0000 5 0000 6 000 0 7 00 0 0 8 4 9 5 0 333 10 /// 58 000 6 000 0 7 0000 
23-JUN-2015 09 48060 3 2 3 50 6 27 02 10 310 20 203 3 0000 4 9993 5 0000 6 000 0 7 00 0 0 8 5 8 3 0 333 10 /// 58 011 6 000 0 7 0000 
23-JUN-2015 09 48062 2 1 3 50 8 23 15 10 260 20 260 3 0000 4 0016 5 0000 6 000 0 7 96 9 6 8 6 9 2 / 333 10 /// 59 005 6 000 0 7 0000 
23-JUN-2015 09 48064 2 1 4 68 8 04 01 10 298 20 266 3 0000 4 0001 5 0000 6 000 0 7 00 0 0 8 4 8 7 0 333 10 /// 59 010 6 000 0 7 0000 
23-JUN-2015 09 48065 3 2 4 57 8 13 02 10 305 20 282 3 0000 4 0000 5 0000 6 000 0 7 00 0 0 8 5 3 7 0 333 10 /// 58 000 6 000 0 7 0000 
23-JUN-2015 09 48072 2 2 4 60 8 27 05 10 295 20 282 3 0000 4 0000 5 0000 6 000 0 7 00 0 0 8 6 9 7 0 333 10 /// 58 000 6 000 0 7 0000 
23-JUN-2015 09 48074 3 2 4 59 7 23 04 10 316 20 265 3 0000 4 0015 5 0000 6 000 0 7 00 0 0 8 4 3 6 0 333 10 /// 59 040 6 000 0 7 0000 
23-JUN-2015 09 48075 3 2 5 58 6 22 02 10 305 20 240 3 0000 4 0032 5 0000 6 000 0 7 00 0 0 8 4 3 6 0 333 10 /// 59 012 6 000 0 7 0000 
23-JUN-2015 09 48077 2 1 4 57 8 23 02 10 304 20 253 3 0000 4 0027 5 0000 6 000 0 7 60 6 2 8 5 9 7 0 333 10 /// 59 009 6 000 0 7 0000 
23-JUN-2015 09 48078 2 2 5 56 7 18 01 10 312 20 267 3 0000 4 0035 5 0000 6 000 0 7 00 0 0 8 4 3 7 / 333 10 /// 59 017 6 000 0 7 0000 
23-JUN-2015 09 48080 2 1 4 59 8 22 09 10 283 20 268 3 0000 4 0036 5 0000 6 000 0 7 02 6 5 8 5 8 7 0 333 10 /// 59 012 6 000 0 7 0000 
23-JUN-2015 09 48085 2 1 3 56 8 27 07 10 280 20 268 3 0000 4 0035 5 0000 6 000 0 7 02 9 6 8 6 9 2 0 333 10 /// 59 002 6 000 0 7 0000 
23-JUN-2015 09 48087 2 2 4 56 8 23 01 10 260 20 246 3 0000 4 0000 5 0000 6 000 0 7 03 6 5 8 5 9 7 / 333 10 /// 58 000 6 000 0 7 0000 
23-JUN-2015 09 48092 2 2 4 57 8 23 05 10 288 20 248 3 0000 4 0025 5 0000 6 000 0 7 00 0 0 8 5 9 7 / 333 10 /// 59 010 6 000 0 7 0000 
23-JUN-2015 09 48093 2 1 4 56 8 23 01 10 314 20 267 3 0000 4 0000 5 0000 6 000 0 7 50 5 5 8 6 3 7 / 333 10 /// 58 000 6 000 0 7 0000 
23-JUN-2015 09 48094 2 1 4 58 8 22 01 10 282 20 275 3 0000 4 0044 5 0000 6 000 0 7 03 6 6 8 5 9 7 0 333 10 /// 59 003 6 000 0 7 0000 
23-JUN-2015 09 48095 2 1 4 58 8 22 02 10 255 20 255 3 0000 4 0000 5 0000 6 000 0 7 96 5 5 8 5 9 7 0 333 10 /// 58 000 6 000 0 7 0000 
23-JUN-2015 09 48097 2 1 4 57 8 23 03 10 255 20 255 3 0000 4 0063 5 0000 6 000 0 7 50 6 2 8 5 9 7 / 333 10 /// 58 006 6 000 0 7 0000 
23-JUN-2015 09 48099 2 1 5 56 7 23 02 10 285 20 250 3 0000 4 0051 5 0000 6 000 0 7 02 5 5 8 6 9 3 0 333 10 /// 59 006 6 000 0 7 0000 
23-JUN-2015 09 48101 2 1 4 57 8 23 03 10 293 20 274 3 0000 4 0000 5 0000 6 000 0 7 51 6 5 8 5 9 7 / 333 10 /// 58 000 6 000 0 7 0000 
23-JUN-2015 09 48103 2 1 3 56 8 22 03 10 281 20 250 3 0000 4 0051 5 0000 6 000 0 7 02 6 6 8 8 7 / / 333 10 /// 59 007 6 000 0 7 0000 
23-JUN-2015 09 48107 2 1 3 30 8 23 01 10 270 20 270 3 0000 4 0066 5 0000 6 000 0 7 50 6 5 8 5 9 7 / 333 10 /// 59 004 6 000 0 7 0000 
23-JUN-2015 09 48108 2 1 4 95 8 23 05 10 255 20 248 3 0000 4 0060 5 0000 6 000 0 7 50 5 5 8 5 3 7 / 333 10 /// 58 000 6 000 0 7 0000 
23-JUN-2015 09 48110 2 1 4 95 8 18 01 10 245 20 245 3 0000 4 0095 5 0000 6 000 0 7 61 6 6 8 6 3 2 / 333 10 /// 58 015 6 000 0 7 0000 
23-JUN-2015 09 48112 2 1 5 97 8 22 07 10 300 20 253 3 0000 4 0076 5 0000 6 000 0 7 01 5 2 8 4 8 7 6 333 10 /// 59 002 6 000 0 7 0000 
