23-MAR-2015 00 48008 3 1 5 50 3 00 00 10 178 20 147 3 0000 4 0089 5 0000 6 000 0 7 10 4 4 8 2 4 3 0 333 20 165 59 017 6 000 0 7 0000 
23-MAR-2015 00 48010 3 1 0 20 0 00 00 10 185 20 165 3 0000 4 0083 5 0000 6 000 0 7 05 4 4 8 0 0 0 0 333 20 180 59 023 6 000 0 7 0000 
23-MAR-2015 00 48018 3 1 9 40 9 32 01 10 190 20 159 3 0000 4 0095 5 0000 6 000 0 7 10 4 4 8 0 0 0 0 333 20 166 59 020 6 000 0 7 0000 
23-MAR-2015 00 48019 3 1 9 40 0 00 00 10 170 20 170 3 0000 4 0087 5 0000 6 000 0 7 05 0 0 8 0 0 0 0 333 20 170 59 014 6 000 0 7 0000 
23-MAR-2015 00 48025 3 1 4 10 1 00 00 10 214 20 143 3 0000 4 0084 5 0000 6 000 0 7 05 4 4 8 1 5 0 0 333 20 206 59 023 6 000 0 7 0000 
23-MAR-2015 00 48030 3 1 9 50 0 22 01 10 083 20 007 3 0000 4 0000 5 0000 6 000 0 7 05 4 4 8 0 0 0 0 333 20 072 58 000 6 000 0 7 0000 
23-MAR-2015 00 48031 3 1 9 57 0 32 03 10 170 20 014 3 0000 4 0000 5 0000 6 000 0 7 05 4 4 8 0 0 0 0 333 20 160 58 000 6 000 0 7 0000 
23-MAR-2015 00 48033 3 2 9 60 0 18 02 10 260 20 226 3 0000 4 0079 5 0000 6 000 0 7 00 0 0 8 0 0 0 0 333 20 240 59 021 6 000 0 7 0000 
23-MAR-2015 00 48034 3 2 9 56 0 00 00 10 139 20 124 3 0000 4 0000 5 0000 6 000 0 7 00 0 0 8 0 0 0 0 333 20 130 58 000 6 000 0 7 0000 
23-MAR-2015 00 48035 3 1 9 10 0 00 00 10 133 20 113 3 0000 4 0123 5 0000 6 000 0 7 10 0 0 8 0 0 0 0 333 20 125 59 017 6 000 0 7 0000 
23-MAR-2015 00 48037 3 1 9 20 0 00 00 10 222 20 173 3 0000 4 0069 5 0000 6 000 0 7 05 4 4 8 0 0 0 0 333 20 210 59 014 6 000 0 7 0000 
23-MAR-2015 00 48039 3 2 4 56 2 00 00 10 235 20 209 3 0000 4 0000 5 0000 6 000 0 7 00 0 0 8 1 4 0 2 333 20 233 58 000 6 000 0 7 0000 
23-MAR-2015 00 48042 3 2 5 56 1 18 01 10 265 20 207 3 0000 4 0080 5 0000 6 000 0 7 00 0 0 8 1 4 0 0 333 20 256 59 004 6 000 0 7 0000 
23-MAR-2015 00 48048 3 2 9 40 0 00 00 10 205 20 150 3 0000 4 0085 5 0000 6 000 0 7 00 0 0 8 0 0 0 0 333 20 200 59 007 6 000 0 7 0000 
23-MAR-2015 00 48051 3 1 9 10 9 00 00 10 188 20 170 3 0000 4 0000 5 0000 6 000 0 7 41 4 4 8 0 0 0 0 333 20 176 58 000 6 000 0 7 0000 
23-MAR-2015 00 48052 3 2 4 50 2 13 02 10 250 20 150 3 0000 4 0000 5 0000 6 000 0 7 00 0 0 8 2 2 0 0 333 20 225 58 000 6 000 0 7 0000 
23-MAR-2015 00 48053 3 1 9 30 0 18 04 10 260 20 229 3 0000 4 0089 5 0000 6 000 0 7 05 0 0 8 0 0 0 0 333 20 256 59 003 6 000 0 7 0000 
23-MAR-2015 00 48055 3 1 9 50 0 00 00 10 102 20 094 3 0000 4 0147 5 0000 6 000 0 7 10 0 0 8 0 0 0 0 333 20 097 59 007 6 000 0 7 0000 
23-MAR-2015 00 48057 3 1 9 39 0 18 01 10 150 20 111 3 0000 4 0000 5 0000 6 000 0 7 10 0 0 8 0 0 0 0 333 20 136 58 000 6 000 0 7 0000 
23-MAR-2015 00 48060 3 1 9 20 0 00 00 10 187 20 175 3 0000 4 0138 5 0000 6 000 0 7 42 4 4 8 0 0 0 0 333 20 155 59 019 6 000 0 7 0000 
23-MAR-2015 00 48062 3 1 4 20 2 00 00 10 200 20 170 3 0000 4 0091 5 0000 6 000 0 7 40 4 2 8 2 5 0 0 333 20 170 59 012 6 000 0 7 0000 
23-MAR-2015 00 48065 3 2 9 50 0 00 00 10 230 20 143 3 0000 4 0000 5 0000 6 000 0 7 00 0 0 8 0 0 0 0 333 20 204 58 000 6 000 0 7 0000 
23-MAR-2015 00 48071 3 1 9 50 0 00 00 10 210 20 195 3 0000 4 0095 5 0000 6 000 0 7 10 0 0 8 0 0 0 0 333 20 210 59 005 6 000 0 7 0000 
23-MAR-2015 00 48074 3 1 4 50 8 00 00 10 260 20 229 3 0000 4 0106 5 0000 6 000 0 7 05 0 0 8 3 5 6 / 333 20 246 59 005 6 000 0 7 0000 
23-MAR-2015 00 48075 3 1 9 56 0 00 00 10 180 20 170 3 0000 4 0134 5 0000 6 000 0 7 05 0 0 8 0 0 0 0 333 20 170 59 015 6 000 0 7 0000 
23-MAR-2015 00 48077 3 1 9 56 0 00 00 10 217 20 185 3 0000 4 0084 5 0000 6 000 0 7 05 0 0 8 0 0 0 0 333 20 190 59 015 6 000 0 7 0000 
23-MAR-2015 00 48078 3 2 5 50 2 00 00 10 258 20 219 3 0000 4 0098 5 0000 6 000 0 7 00 0 0 8 1 5 0 1 333 20 243 59 011 6 000 0 7 0000 
23-MAR-2015 00 48080 3 1 9 56 0 00 00 10 180 20 165 3 0000 4 0106 5 0000 6 000 0 7 05 4 4 8 0 0 0 0 333 20 165 59 006 6 000 0 7 0000 
23-MAR-2015 00 48092 3 1 / 05 9 13 01 10 220 20 220 3 0000 4 0079 5 0000 6 000 0 7 43 4 4 8 0 0 0 0 333 20 205 59 020 6 000 0 7 0000 
23-MAR-2015 00 48093 3 1 9 20 0 00 00 10 254 20 233 3 0000 4 0000 5 0000 6 000 0 7 10 1 1 8 0 0 0 0 333 20 250 58 000 6 000 0 7 0000 
23-MAR-2015 00 48094 3 1 9 50 0 00 00 10 220 20 210 3 0000 4 0101 5 0000 6 000 0 7 10 0 0 8 0 0 0 0 333 20 180 59 003 6 000 0 7 0000 
23-MAR-2015 00 48097 3 2 5 56 5 23 02 10 235 20 222 3 0000 4 0106 5 0000 6 000 0 7 00 0 0 8 5 4 0 0 333 20 225 59 011 6 000 0 7 0000 
23-MAR-2015 00 48099 3 2 3 40 5 00 00 10 270 20 256 3 0000 4 0094 5 0000 6 000 0 7 00 0 0 8 3 8 4 0 333 20 255 59 015 6 000 0 7 0000 
23-MAR-2015 00 48103 3 2 5 40 4 00 00 10 267 20 256 3 0000 4 0099 5 0000 6 000 0 7 00 0 0 8 4 5 0 0 333 20 257 59 013 6 000 0 7 0000 
23-MAR-2015 00 48107 3 1 9 30 0 09 01 10 223 20 205 3 0000 4 0099 5 0000 6 000 0 7 41 4 4 8 0 0 0 0 333 20 214 59 015 6 000 0 7 0000 
23-MAR-2015 00 48108 3 1 5 95 6 00 00 10 235 20 228 3 0000 4 0110 5 0000 6 000 0 7 10 2 2 8 2 4 3 6 333 20 225 59 005 6 000 0 7 0000 
23-MAR-2015 00 48109 3 1 9 96 0 00 00 10 215 20 205 3 0000 4 0107 5 0000 6 000 0 7 10 2 2 8 0 0 0 0 333 20 210 59 008 6 000 0 7 0000 
23-MAR-2015 00 48112 3 2 5 97 8 04 01 10 265 20 240 3 0000 4 0110 5 0000 6 000 0 7 00 0 0 8 3 8 7 6 333 20 219 59 011 6 000 0 7 0000 
