23-MAY-2015 03 48001 2 2 4 40 6 00 00 10 255 20 229 3 0000 4 0046 5 0000 6 000 0 7 00 0 0 8 4 8 5 0 333 10 /// 59 005 6 000 0 7 0000 
23-MAY-2015 03 48004 3 2 2 40 8 04 01 10 275 20 250 3 0000 4 0000 5 0000 6 000 0 7 00 0 0 8 7 9 7 / 333 10 /// 58 000 6 000 0 7 0000 
23-MAY-2015 03 48008 2 1 4 56 7 00 00 10 266 20 240 3 0000 4 0054 5 0000 6 000 0 7 01 9 6 8 4 9 7 0 333 10 /// 58 005 6 000 0 7 0000 
23-MAY-2015 03 48010 3 2 5 56 4 32 01 10 295 20 239 3 0000 4 0044 5 0000 6 000 0 7 00 0 0 8 2 8 3 1 333 10 /// 59 016 6 000 0 7 0000 
23-MAY-2015 03 48018 2 2 5 60 6 14 01 10 305 20 239 3 0000 4 0054 5 0000 6 000 0 7 00 0 0 8 2 8 7 2 333 10 /// 59 004 6 000 0 7 0000 
23-MAY-2015 03 48019 2 2 4 60 3 32 01 10 300 20 253 3 0000 4 0042 5 0000 6 000 0 7 00 0 0 8 3 6 0 0 333 10 /// 58 000 6 000 0 7 0000 
23-MAY-2015 03 48020 2 2 5 58 2 36 02 10 290 20 248 3 0000 4 0000 5 0000 6 000 0 7 00 0 0 8 2 2 0 0 333 10 /// 58 000 6 000 0 7 0000 
23-MAY-2015 03 48025 2 2 4 30 5 14 01 10 304 20 239 3 0000 4 0046 5 0000 6 000 0 7 00 0 0 8 3 8 0 1 333 10 /// 58 007 6 000 0 7 0000 
23-MAY-2015 03 48030 3 1 2 50 2 22 04 10 204 20 150 3 0000 4 0000 5 0000 6 000 0 7 05 2 2 8 2 2 0 0 333 10 /// 58 000 6 000 0 7 0000 
23-MAY-2015 03 48031 3 1 0 60 0 04 01 10 235 20 155 3 0000 4 0000 5 0000 6 000 0 7 05 4 4 8 0 0 0 0 333 10 /// 58 000 6 000 0 7 0000 
23-MAY-2015 03 48033 3 2 5 62 5 18 01 10 300 20 239 3 0000 4 0037 5 0000 6 000 0 7 00 0 0 8 5 9 0 0 333 10 /// 59 003 6 000 0 7 0000 
23-MAY-2015 03 48034 3 2 4 56 6 18 02 10 238 20 209 3 0000 4 0000 5 0000 6 000 0 7 00 0 0 8 6 3 0 0 333 10 /// 58 000 6 000 0 7 0000 
23-MAY-2015 03 48035 2 2 5 58 6 00 00 10 241 20 226 3 0000 4 0043 5 0000 6 000 0 7 00 0 0 8 4 9 6 0 333 10 /// 58 005 6 000 0 7 0000 
23-MAY-2015 03 48037 2 2 4 56 7 18 02 10 298 20 253 3 0000 4 0041 5 0000 6 000 0 7 00 0 0 8 5 4 3 0 333 10 /// 58 004 6 000 0 7 0000 
23-MAY-2015 03 48039 2 2 4 59 2 14 01 10 300 20 239 3 0000 4 0000 5 0000 6 000 0 7 00 0 0 8 2 1 0 0 333 10 /// 58 000 6 000 0 7 0000 
23-MAY-2015 03 48042 3 2 5 57 5 18 03 10 315 20 243 3 0000 4 0051 5 0000 6 000 0 7 00 0 0 8 3 8 5 0 333 10 /// 58 008 6 000 0 7 0000 
23-MAY-2015 03 48043 3 2 5 58 5 18 05 10 260 20 215 3 0000 4 0000 5 0000 6 000 0 7 00 0 0 8 5 2 0 0 333 10 /// 58 000 6 000 0 7 0000 
23-MAY-2015 03 48045 3 2 5 57 5 14 02 10 256 20 138 3 0000 4 0000 5 0000 6 000 0 7 00 0 0 8 2 8 4 0 333 10 /// 58 000 6 000 0 7 0000 
23-MAY-2015 03 48048 3 2 5 60 5 18 01 10 317 20 248 3 0000 4 0048 5 0000 6 000 0 7 00 0 0 8 5 8 0 0 333 10 /// 58 003 6 000 0 7 0000 
23-MAY-2015 03 48051 3 2 5 59 7 31 02 10 320 20 280 3 0000 4 0000 5 0000 6 000 0 7 03 2 2 8 5 9 3 0 333 10 /// 58 000 6 000 0 7 0000 
23-MAY-2015 03 48052 3 2 4 58 3 13 01 10 330 20 244 3 0000 4 0000 5 0000 6 000 0 7 00 0 0 8 3 8 0 0 333 10 /// 58 000 6 000 0 7 0000 
23-MAY-2015 03 48053 2 2 5 56 4 18 03 10 300 20 239 3 0000 4 0063 5 0000 6 000 0 7 00 0 0 8 3 5 5 0 333 10 /// 58 011 6 000 0 7 0000 
23-MAY-2015 03 48055 2 2 4 56 7 23 02 10 239 20 218 3 0000 4 0058 5 0000 6 000 0 7 00 0 0 8 4 8 3 0 333 10 /// 58 010 6 000 0 7 0000 
23-MAY-2015 03 48057 3 2 4 57 7 18 02 10 226 20 198 3 0000 4 0000 5 0000 6 000 0 7 00 0 0 8 4 8 5 0 333 10 /// 58 000 6 000 0 7 0000 
23-MAY-2015 03 48060 2 1 3 30 8 00 00 10 230 20 214 3 0000 4 0070 5 0000 6 000 0 7 61 6 6 8 5 7 7 / 333 10 /// 58 010 6 000 0 7 0000 
23-MAY-2015 03 48062 3 2 4 56 8 23 04 10 310 20 300 3 0000 4 0057 5 0000 6 000 0 7 02 2 2 8 6 9 7 0 333 10 /// 58 008 6 000 0 7 0000 
23-MAY-2015 03 48064 3 2 4 60 6 04 01 10 300 20 253 3 0000 4 0042 5 0000 6 000 0 7 00 0 0 8 4 8 3 1 333 10 /// 58 016 6 000 0 7 0000 
23-MAY-2015 03 48065 3 2 4 68 6 04 03 10 297 20 253 3 0000 4 0000 5 0000 6 000 0 7 00 0 0 8 3 8 7 0 333 10 /// 58 000 6 000 0 7 0000 
23-MAY-2015 03 48071 2 1 4 58 8 23 02 10 258 20 258 3 0000 4 0070 5 0000 6 000 0 7 17 9 9 8 6 9 2 / 333 10 /// 58 016 6 000 0 7 0000 
23-MAY-2015 03 48072 2 1 4 58 8 00 00 10 240 20 240 3 0000 4 0000 5 0000 6 000 0 7 03 5 5 8 5 9 7 0 333 10 /// 58 000 6 000 0 7 0000 
23-MAY-2015 03 48074 3 2 3 56 8 22 03 10 275 20 250 3 0000 4 0073 5 0000 6 000 0 7 00 0 0 8 4 7 7 / 333 10 /// 58 007 6 000 0 7 0000 
23-MAY-2015 03 48075 2 1 4 57 7 14 01 10 230 20 230 3 0000 4 0080 5 0000 6 000 0 7 02 5 5 8 5 7 7 0 333 10 /// 58 003 6 000 0 7 0000 
23-MAY-2015 03 48077 3 2 5 59 8 23 01 10 270 20 240 3 0000 4 0061 5 0000 6 000 0 7 00 0 0 8 5 9 3 1 333 10 /// 58 011 6 000 0 7 0000 
23-MAY-2015 03 48078 2 1 4 50 8 18 02 10 259 20 246 3 0000 4 0081 5 0000 6 000 0 7 50 5 5 8 5 7 2 / 333 10 /// 58 009 6 000 0 7 0000 
23-MAY-2015 03 48080 2 1 4 58 8 00 00 10 250 20 233 3 0000 4 0088 5 0000 6 000 0 7 50 9 6 8 5 8 7 0 333 10 /// 58 022 6 000 0 7 0000 
23-MAY-2015 03 48085 2 1 3 50 8 32 05 10 244 20 240 3 0000 4 0090 5 0000 6 000 0 7 95 9 6 8 6 9 2 0 333 10 /// 58 020 6 000 0 7 0000 
23-MAY-2015 03 48087 2 2 4 56 8 00 00 10 266 20 256 3 0000 4 0000 5 0000 6 000 0 7 00 0 0 8 4 9 7 / 333 10 /// 58 000 6 000 0 7 0000 
23-MAY-2015 03 48092 2 1 4 50 8 23 01 10 260 20 246 3 0000 4 0056 5 0000 6 000 0 7 50 5 5 8 6 9 7 / 333 10 /// 58 000 6 000 0 7 0000 
23-MAY-2015 03 48093 2 1 5 56 8 14 01 10 258 20 246 3 0000 4 0000 5 0000 6 000 0 7 03 5 5 8 6 3 7 / 333 10 /// 58 000 6 000 0 7 0000 
23-MAY-2015 03 48094 2 1 4 57 8 22 02 10 245 20 245 3 0000 4 0087 5 0000 6 000 0 7 50 5 5 8 5 9 2 / 333 10 /// 58 010 6 000 0 7 0000 
23-MAY-2015 03 48095 2 1 4 56 8 00 00 10 245 20 245 3 0000 4 0000 5 0000 6 000 0 7 65 5 5 8 4 9 7 0 333 10 /// 58 000 6 000 0 7 0000 
23-MAY-2015 03 48097 2 1 4 57 8 23 02 10 250 20 250 3 0000 4 0082 5 0000 6 000 0 7 20 6 5 8 5 9 7 / 333 10 /// 58 014 6 000 0 7 0000 
23-MAY-2015 03 48099 2 1 3 30 8 13 01 10 262 20 262 3 0000 4 0085 5 0000 6 000 0 7 51 5 5 8 6 9 7 0 333 10 /// 58 007 6 000 0 7 0000 
23-MAY-2015 03 48101 2 1 4 56 8 00 00 10 253 20 253 3 0000 4 0000 5 0000 6 000 0 7 01 6 5 8 6 9 7 / 333 10 /// 58 000 6 000 0 7 0000 
23-MAY-2015 03 48103 2 2 4 50 6 14 02 10 282 20 250 3 0000 4 0080 5 0000 6 000 0 7 00 0 0 8 4 7 3 0 333 10 /// 58 005 6 000 0 7 0000 
23-MAY-2015 03 48107 2 1 3 50 8 32 01 10 263 20 263 3 0000 4 0091 5 0000 6 000 0 7 50 6 5 8 5 9 7 / 333 10 /// 58 000 6 000 0 7 0000 
23-MAY-2015 03 48108 2 1 4 94 8 23 02 10 250 20 250 3 0000 4 0102 5 0000 6 000 0 7 50 6 5 8 5 3 7 / 333 10 /// 59 002 6 000 0 7 0000 
23-MAY-2015 03 48109 2 2 3 96 8 23 05 10 284 20 250 3 0000 4 0086 5 0000 6 000 0 7 02 2 2 8 6 9 7 / 333 10 /// 59 004 6 000 0 7 0000 
23-MAY-2015 03 48110 2 1 4 95 8 18 02 10 240 20 240 3 0000 4 0114 5 0000 6 000 0 7 51 9 9 8 6 3 2 / 333 10 /// 58 003 6 000 0 7 0000 
23-MAY-2015 03 48112 2 1 5 97 8 22 01 10 265 20 246 3 0000 4 0118 5 0000 6 000 0 7 01 5 2 8 3 8 7 6 333 10 /// 59 007 6 000 0 7 0000 
