48001 21430 83601 10255 20246 40037 72055 8477/ 333 56779 58012=
48004 32560 40401 10340 20257 84900 333 56500=
48008 32457 60401 10328 20267 40014 83970 333 56560 59002=
48010 32560 41803 10370 20246 49997 82830 333 56550 58004=
48018 32560 52202 10360 20249 40016 82872 333 56556 59004=
48019 32460 40402 10332 20244 40004 82250 333 56760 59012=
48020 NIL=
48025 32456 21401 10380 20240 40006 81140 333 56990 58012=
48030 31256 52204 10259 20138 70544 84970 333 56560=
48031 31260 63601 10285 20184 70544 86800 333 56400=
48033 32563 31801 10350 20240 49998 83500 333 56400 59001=
48034 32457 52302 10312 20225 85300 333 56500=
48035 32560 42202 10326 20191 49982 83960 333 56490 59002=
48037 32560 12201 10325 20249 40004 81100 333 56900 59000=
48039 32460 21401 10345 20240 82100 333 56500=
48042 32558 31802 10356 20249 40008 83200 333 56400 59004=
48043 32656 21805 10285 20215 82200 333 56500=
48045 21557 60903 10265 20226 72165 86300 333 56600=
48048 32560 51801 10397 20236 40001 84950 333 56490 59006=
48051 21458 80401 10266 20240 79595 85970 333 56690=
48052 32468 42202 10405 20240 83801 333 56909=
48053 32456 61803 10340 20270 40009 83956 333 56599 59004=
48055 31556 70905 10266 20185 40014 71799 85970 333 56660 59007=
48057 21458 71801 10230 20181 70396 85970 333 56690=
48060 22330 70000 10260 20222 40029 85870 333 56590 58020=
48062 21356 82303 10245 20230 40034 79596 8697/ 333 5659/ 58004=
48064 32570 30901 10360 20278 40005 81101 333 56409 58001=
48065 32570 50000 10363 20264 81136 333 56999=
48071 32458 82303 10280 20250 40053 8692/ 333 5699/ 58020=
48072 32459 80902 10290 20259 70222 85830 333 56990=
48074 32459 50403 10310 20265 40049 83960 333 56540 58009=
48075 32457 73201 10290 20250 40028 70222 85770 333 56590 59001=
48077 32559 82301 10310 20267 40034 85931 333 56499 58005=
48078 21450 81802 10282 20242 40056 75055 8532/ 333 56499 58000=
48080 32459 82203 10280 20250 40051 85970 333 56590 59001=
48085 21458 82204 10274 20256 40051 85970 333 56590 58009=
48087 32560 72301 10280 20268 82870 333 56490=
48092 22457 82301 10280 20259 40038 8597/ 333 5699/ 58003=
48093 22557 82301 10278 20250 70222 8687/ 333 56599=
48094 21458 82202 10250 20245 40064 72165 8597/ 333 56599 58009=
48095 22558 70000 10270 20270 70111 83670 333 56990=
48096 22450 82407 10280 20250 40058 8597/ 333 5699/ 58006=
48097 21557 72302 10285 20254 40063 70262 86830 333 56490 58003=
48099 22450 70000 10290 20248 40056 70122 84930 333 56990 59007=
48101 21557 80000 10260 20246 75195 8592/ 333 5699/=
48103 21456 70402 10281 20250 40057 70155 85730 333 56110 59001=
48107 21350 62301 10273 20256 40072 70166 84970 333 56550 59003=
48108 21493 82301 10255 20255 40079 75095 8597/ 333 5669/ 59001=
48109 NIL=
48110 21496 81802 10275 20262 40086 70255 85377 333 56599 59006=
48112 21597 81402 10280 20268 40090 70195 83876 333 56399 59008=  