230000 48004 21220 80401 10246 20233 72265 8797/ 333 20216 56559 60012=
230000 48008 21450 80000 10240 20235 40032 76163 8497/ 333 20230 56459 59002 60172=
230000 48010 32540 60000 10265 20246 40020 83730 333 20255 56560 59007=
230000 48018 22556 62201 10260 20246 40036 82878 333 20252 56549 58000 60042=
230000 48019 22450 80000 10257 20233 40027 8577/ 333 20250 56459 58003 60022=
230000 48025 22420 53201 10252 20233 40034 82841 333 20250 56799 58008 60042=
230000 48030 32356 32204 10167 20167 80040 333 20154 56060=
230000 48031 31258 82201 10185 20165 70544 84870 333 20175 56890=
230000 48033 32561 41801 10273 20240 40039 83530 333 20260 56660 58015=
230000 48034 32456 50000 10315 20200 85500 333 20210 56500=
230000 48035 21110 80000 10221 20220 40043 71096 8597/ 333 20215 56999 58006 60152=
230000 48037 32650 40000 10264 20246 40024 70051 80005 333 20260 56006 58006 69902=
230000 48039 22456 72202 10269 20255 83452 333 20266 56555 60132=
230000 48042 32556 41804 10272 20240 40032 81452 333 20255 56999 58003=
230000 48043 32530 61802 10215 20205 83230 333 20175 56590=
230000 48048 32550 42201 10280 20250 40027 84800 333 20274 56400 58009=
230000 48051 32558 61301 10288 20270 83936 333 20280 56699=
230000 48052 32450 01301 10282 20250 84800 333 20276 56900=
230000 48053 22450 61802 10250 20233 40042 83856 333 20250 56699 58010 09900=
230000 48055 22456 70000 10205 20200 40057 84970 333 20195 56590 58007 60052=
230000 48057 32456 81401 10204 20185 86350 333 20190 56590=
230000 48060 22330 80000 10225 20217 40052 8597/ 333 20215 5659/ 58004 60032=
230000 48062 32450 82303 10300 20280 40048 86970 333 20260 56990 58010=
230000 48064 32450 70901 10275 20268 40017 84831 333 20204 56999 58011=
230000 48065 32460 60000 10270 20256 83870 333 20244 56990=
230000 48071 21350 81301 10250 20250 40050 72992 8692/ 333 20245 5659/ 58017 60682=
230000 48074 32356 81801 10260 20246 40062 8477/ 333 20243 56449 58019 60002=
230000 48075 21456 80000 10220 20220 40083 75055 8677/ 333 20160 5659/ 58018 60992=
230000 48077 32556 80000 10252 20250 40050 85931 333 20240 56499 58013=
230000 48078 22450 81801 10258 20246 40068 8572/ 333 20238 56499 58018 60012=
230000 48080 21456 81303 10252 20213 75055 85870 333 20238 56590 58019 60002=
230000 48092 21450 80000 10245 20236 40052 70266 8697/ 333 20235 5699/ 58015 60102=
230000 48093 21540 73201 10246 20233 85470 333 20243 56590=
230000 48094 22456 80000 10245 20245 40062 70322 8593/ 333 20195 56599 58010 60022=
230000 48096 21456 81701 10240 20226 40074 75022 8597/ 333 20235 5699/ 58009 69902=
230000 48097 21457 72501 10240 20233 40073 70165 84330 333 20230 56990 58015 60052=
230000 48099 21440 61301 10248 20248 40071 70166 84930 333 20216 56490 58010 60082=
230000 48101 21556 80000 10250 20233 70355 8497/ 333 20209 5699/ 69902=
230000 48103 21440 80401 10252 20252 40069 70265 8677/ 333 20246 5611/ 58012 60072=
230000 48107 21330 82301 10250 20250 40075 70166 8597/ 333 20242 5655/ 59005 60092=
230000 48108 21494 83201 10250 20250 40080 79655 8697/ 333 20235 5699/ 59005 60162=
230000 48110 21494 81602 10245 20245 40097 75165 8632/ 333 20245 5659/ 59002 60422=
230000 48112 22597 82207 10290 20248 40100 83876 333 20220 56599 59013 60032=  
