



*-*-*


<!--
.style2 {
	font-family:"Courier New", Courier, monospace;
	font-size: 14px;
}
-->






SMBM01 VBRR 230000

AAXX 23004

48001 NIL=

48004 NIL=

48008 31550 30000 10178 20147 40089 71044 82430 333 20165 56110

 59017=

48010 31020 00000 10185 20165 40083 70544 333 20180 59023=

48018 31940 93201 10190 20159 40095 71044 333 20166 59020=

48019 31940 00000 10170 20170 40087 70500 333 20170 59014=

48020 NIL=

48025 31410 10000 10214 20143 40084 70544 81500 333 20206 56900

 59023=

48030 31950 02201 10083 20007 70544 333 20072=

48031 31957 03203 10170 20014 70544 333 20160=

48033 32960 01802 10260 20226 40079 333 20240 59021=

48034 32956 00000 10139 20124 333 20130=

48035 31910 00000 10133 20113 40123 71000 333 20125 59017=

48037 31920 00000 10222 20173 40069 70544 333 20210 59014=

48039 32456 20000 10235 20209 81402 333 20233 56909=

48042 32556 11801 10265 20207 40080 81400 333 20256 56900 59004=

48043 NIL=

48045 NIL=

48048 32940 00000 10205 20150 40085 333 20200 59007=

48051 31910 90000 10188 20170 74144 333 20176=

48052 32450 21302 10250 20150 82200 333 20225 56900=

48053 31930 01804 10260 20229 40089 70500 333 20256 59003=

48055 31950 00000 10102 20094 40147 71000 333 20097 59007=

48057 31939 01801 10150 20111 71000 333 20136=

48060 31920 00000 10187 20175 40138 74244 333 20155 59019=

48062 31420 20000 10200 20170 40091 74042 82500 333 20170 56900

 59012=SMD

48064 32950 21401 10235 20174 40061 80001 333 20165 56009 59008=

48065 32950 00000 10230 20143 333 20204=

48071 31950 00000 10210 20195 40095 71000 333 20210 59005=

48072 NIL=

48074 31450 80000 10260 20229 40106 70500 8356/ 333 20246 56449

 59005=

48075 31956 00000 10180 20170 40134 70500 333 20170 59015=

48077 31956 00000 10217 20185 40084 70500 333 20190 59015=

48078 32550 20000 10258 20219 40098 81501 333 20243 56909 59011=

48080 31956 00000 10180 20165 40106 70544 333 20165 59006=SSM

48085 31920 01401 10184 20182 40101 74444 333 20182 59003=SSL

48087 31320 60000 10164 20144 74244 84740 333 20150 56990=

48092 31/05 91301 10220 20220 40079 74344 333 20205 59020=

48093 31920 00000 10254 20233 71011 333 20250=

48094 31950 00000 10220 20210 40101 71000 333 20180 59003=

48095 NIL=

48097 32556 52302 10235 20222 40106 85400 333 20225 56900 59011=

48099 32340 50000 10270 20256 40094 83840 333 20255 56990 59015=

48101 NIL=

48103 32540 40000 10267 20256 40099 84500 333 20257 56100 59013=

48107 31930 00901 10223 20205 40099 74144 333 20214 59015=

48108 31595 60000 10235 20228 40110 71022 82436 333 20225 56999

 59005=

48109 31996 00000 10215 20205 40107 71022 333 20210 59008=SSL

48110 31992 41302 10255 20247 40105 74244 80006 333 20255 56009

 59013=

48112 32597 80401 10265 20240 40110 83876 333 20219 56199 59011=  





