23-MAY-2015 06 48001 3 2 4 40 8 36 01 10 272 20 240 3 0000 4 0040 5 0000 6 000 0 7 00 0 0 8 4 9 7 / 333 10 /// 58 005 6 000 0 7 0000 
23-MAY-2015 06 48004 3 2 4 58 6 32 01 10 311 20 237 3 0000 4 0000 5 0000 6 000 0 7 00 0 0 8 6 9 0 0 333 10 /// 58 000 6 000 0 7 0000 
23-MAY-2015 06 48008 3 2 4 57 7 00 00 10 306 20 254 3 0000 4 0040 5 0000 6 000 0 7 00 0 0 8 4 9 7 0 333 10 /// 59 009 6 000 0 7 0000 
23-MAY-2015 06 48010 3 2 5 60 4 00 00 10 330 20 244 3 0000 4 0033 5 0000 6 000 0 7 00 0 0 8 3 8 3 0 333 10 /// 59 003 6 000 0 7 0000 
23-MAY-2015 06 48018 3 2 5 58 7 14 02 10 335 20 244 3 0000 4 0038 5 0000 6 000 0 7 00 0 0 8 3 8 7 2 333 10 /// 59 017 6 000 0 7 0000 
23-MAY-2015 06 48019 3 2 4 60 2 23 02 10 348 20 240 3 0000 4 0029 5 0000 6 000 0 7 00 0 0 8 2 2 0 0 333 10 /// 59 011 6 000 0 7 0000 
23-MAY-2015 06 48020 3 2 9 58 0 36 02 10 340 20 257 3 0000 4 0000 5 0000 6 000 0 7 00 0 0 8 0 0 0 0 333 10 /// 58 000 6 000 0 7 0000 
23-MAY-2015 06 48025 3 2 4 56 3 14 02 10 340 20 240 3 0000 4 0034 5 0000 6 000 0 7 00 0 0 8 3 8 0 0 333 10 /// 59 005 6 000 0 7 0000 
23-MAY-2015 06 48030 3 1 2 50 3 22 04 10 256 20 138 3 0000 4 0000 5 0000 6 000 0 7 05 4 4 8 2 2 4 0 333 10 /// 58 000 6 000 0 7 0000 
23-MAY-2015 06 48031 3 1 2 60 2 04 01 10 260 20 158 3 0000 4 0000 5 0000 6 000 0 7 05 4 4 8 2 8 0 0 333 10 /// 58 000 6 000 0 7 0000 
23-MAY-2015 06 48033 3 2 5 63 4 18 01 10 330 20 258 3 0000 4 0024 5 0000 6 000 0 7 00 0 0 8 4 8 0 0 333 10 /// 59 011 6 000 0 7 0000 
23-MAY-2015 06 48034 3 2 4 57 5 18 02 10 288 20 215 3 0000 4 0000 5 0000 6 000 0 7 00 0 0 8 5 3 0 0 333 10 /// 58 000 6 000 0 7 0000 
23-MAY-2015 06 48035 3 2 5 58 5 04 02 10 299 20 247 3 0000 4 0018 5 0000 6 000 0 7 00 0 0 8 2 9 6 0 333 10 /// 58 005 6 000 0 7 0000 
23-MAY-2015 06 48037 3 2 5 60 3 22 01 10 339 20 257 3 0000 4 0031 5 0000 6 000 0 7 00 0 0 8 2 1 3 0 333 10 /// 59 008 6 000 0 7 0000 
23-MAY-2015 06 48039 3 2 4 60 4 22 01 10 325 20 248 3 0000 4 0000 5 0000 6 000 0 7 00 0 0 8 3 1 5 0 333 10 /// 58 000 6 000 0 7 0000 
23-MAY-2015 06 48042 3 2 5 58 5 18 03 10 337 20 240 3 0000 4 0037 5 0000 6 000 0 7 00 0 0 8 4 8 2 0 333 10 /// 58 005 6 000 0 7 0000 
23-MAY-2015 06 48043 3 2 5 58 5 18 07 10 280 20 220 3 0000 4 0000 5 0000 6 000 0 7 00 0 0 8 3 2 3 0 333 10 /// 58 000 6 000 0 7 0000 
23-MAY-2015 06 48045 3 2 5 58 4 18 02 10 284 20 184 3 0000 4 0000 5 0000 6 000 0 7 00 0 0 8 3 3 4 0 333 10 /// 58 000 6 000 0 7 0000 
23-MAY-2015 06 48048 3 2 5 60 3 18 01 10 367 20 246 3 0000 4 0033 5 0000 6 000 0 7 00 0 0 8 3 8 0 0 333 10 /// 59 007 6 000 0 7 0000 
23-MAY-2015 06 48051 3 1 5 59 6 13 03 10 335 20 270 3 0000 4 0000 5 0000 6 000 0 7 01 6 2 8 5 9 3 0 333 10 /// 58 000 6 000 0 7 0000 
23-MAY-2015 06 48052 3 2 4 68 3 13 01 10 380 20 255 3 0000 4 0000 5 0000 6 000 0 7 00 0 0 8 3 8 0 0 333 10 /// 58 000 6 000 0 7 0000 
23-MAY-2015 06 48053 3 2 4 56 6 18 03 10 330 20 275 3 0000 4 0043 5 0000 6 000 0 7 00 0 0 8 3 9 5 6 333 10 /// 59 003 6 000 0 7 0000 
23-MAY-2015 06 48055 3 2 5 56 7 18 03 10 282 20 220 3 0000 4 0031 5 0000 6 000 0 7 00 0 0 8 4 3 3 0 333 10 /// 58 008 6 000 0 7 0000 
23-MAY-2015 06 48057 3 2 4 60 4 22 02 10 262 20 256 3 0000 4 0000 5 0000 6 000 0 7 00 0 0 8 2 8 5 0 333 10 /// 58 000 6 000 0 7 0000 
23-MAY-2015 06 48060 2 1 3 30 8 00 00 10 240 20 226 3 0000 4 0056 5 0000 6 000 0 7 50 6 5 8 5 7 7 / 333 10 /// 58 017 6 000 0 7 0000 
23-MAY-2015 06 48062 2 1 4 56 8 18 03 10 288 20 270 3 0000 4 0063 5 0000 6 000 0 7 50 9 5 8 6 9 2 / 333 10 /// 58 014 6 000 0 7 0000 
23-MAY-2015 06 48064 3 2 4 70 6 04 01 10 344 20 270 3 0000 4 0031 5 0000 6 000 0 7 00 0 0 8 3 8 3 1 333 10 /// 58 009 6 000 0 7 0000 
23-MAY-2015 06 48065 3 2 5 70 7 00 00 10 340 20 257 3 0000 4 0000 5 0000 6 000 0 7 00 0 0 8 3 8 7 0 333 10 /// 58 000 6 000 0 7 0000 
23-MAY-2015 06 48071 3 1 4 58 8 00 00 10 253 20 250 3 0000 4 0063 5 0000 6 000 0 7 29 9 6 8 6 9 2 / 333 10 /// 58 008 6 000 0 7 0000 
23-MAY-2015 06 48072 3 2 4 59 8 09 04 10 280 20 250 3 0000 4 0000 5 0000 6 000 0 7 02 2 2 8 5 9 3 0 333 10 /// 58 000 6 000 0 7 0000 
23-MAY-2015 06 48074 3 2 3 58 8 14 04 10 300 20 253 3 0000 4 0068 5 0000 6 000 0 7 00 0 0 8 4 9 7 / 333 10 /// 58 007 6 000 0 7 0000 
23-MAY-2015 06 48075 3 2 4 57 5 14 01 10 270 20 240 3 0000 4 0060 5 0000 6 000 0 7 02 2 2 8 3 8 6 0 333 10 /// 59 005 6 000 0 7 0000 
23-MAY-2015 06 48077 3 2 5 59 8 23 01 10 300 20 253 3 0000 4 0052 5 0000 6 000 0 7 00 0 0 8 5 9 3 1 333 10 /// 58 007 6 000 0 7 0000 
23-MAY-2015 06 48078 2 1 4 50 7 18 01 10 277 20 242 3 0000 4 0079 5 0000 6 000 0 7 01 5 5 8 4 7 7 / 333 10 /// 58 014 6 000 0 7 0000 
23-MAY-2015 06 48080 3 1 4 59 8 13 02 10 275 20 250 3 0000 4 0070 5 0000 6 000 0 7 02 9 9 8 5 9 7 0 333 10 /// 58 004 6 000 0 7 0000 
23-MAY-2015 06 48085 2 1 4 57 8 18 02 10 259 20 250 3 0000 4 0070 5 0000 6 000 0 7 50 6 5 8 6 9 2 0 333 10 /// 58 000 6 000 0 7 0000 
23-MAY-2015 06 48087 3 2 4 58 7 23 04 10 302 20 253 3 0000 4 0000 5 0000 6 000 0 7 03 2 2 8 4 3 7 1 333 10 /// 58 000 6 000 0 7 0000 
23-MAY-2015 06 48092 3 1 4 50 8 00 00 10 250 20 250 3 0000 4 0056 5 0000 6 000 0 7 61 6 5 8 8 9 / / 333 10 /// 58 006 6 000 0 7 0000 
23-MAY-2015 06 48093 2 1 5 56 8 18 01 10 266 20 240 3 0000 4 0000 5 0000 6 000 0 7 02 6 5 8 6 9 7 / 333 10 /// 58 000 6 000 0 7 0000 
23-MAY-2015 06 48094 2 1 4 57 8 22 02 10 240 20 240 3 0000 4 0076 5 0000 6 000 0 7 61 6 6 8 5 9 2 / 333 10 /// 58 003 6 000 0 7 0000 
23-MAY-2015 06 48095 2 1 5 56 8 00 00 10 260 20 260 3 0000 4 0000 5 0000 6 000 0 7 65 2 2 8 5 9 7 0 333 10 /// 58 000 6 000 0 7 0000 
23-MAY-2015 06 48096 2 1 4 40 0 20 02 10 250 20 250 3 0000 4 0079 5 0000 6 000 0 7 61 6 6 8 5 9 7 / 333 10 /// 58 007 6 000 0 7 0000 
23-MAY-2015 06 48097 2 1 5 57 8 23 01 10 245 20 245 3 0000 4 0080 5 0000 6 000 0 7 50 6 5 8 6 3 7 / 333 10 /// 58 015 6 000 0 7 0000 
23-MAY-2015 06 48099 2 1 3 30 8 13 02 10 288 20 259 3 0000 4 0080 5 0000 6 000 0 7 02 5 5 8 6 9 7 0 333 10 /// 58 002 6 000 0 7 0000 
23-MAY-2015 06 48101 3 1 4 57 8 00 00 10 285 20 250 3 0000 4 0000 5 0000 6 000 0 7 02 2 2 8 5 9 7 / 333 10 /// 58 000 6 000 0 7 0000 
23-MAY-2015 06 48103 2 1 4 56 8 04 01 10 292 20 259 3 0000 4 0075 5 0000 6 000 0 7 50 5 5 8 6 7 3 / 333 10 /// 58 003 6 000 0 7 0000 
23-MAY-2015 06 48107 2 1 3 30 8 23 02 10 248 20 248 3 0000 4 0093 5 0000 6 000 0 7 61 6 6 8 5 9 7 / 333 10 /// 58 012 6 000 0 7 0000 
23-MAY-2015 06 48108 2 1 4 94 8 23 01 10 260 20 258 3 0000 4 0094 5 0000 6 000 0 7 50 9 5 8 5 9 7 / 333 10 /// 59 008 6 000 0 7 0000 
23-MAY-2015 06 48110 2 1 4 96 8 13 03 10 250 20 250 3 0000 4 0100 5 0000 6 000 0 7 95 9 9 8 6 3 2 / 333 10 /// 59 014 6 000 0 7 0000 
23-MAY-2015 06 48112 2 1 4 96 8 14 02 10 250 20 250 3 0000 4 0127 5 0000 6 000 0 7 95 9 6 8 6 9 7 / 333 10 /// 58 012 6 000 0 7 0000 
