23-OCT-2015 12 48001 3 2 4 20 6 32 01 10 255 20 246 3 0000 4 0111 5 0000 6 000 0 7 00 0 0 8 3 8 5 0 333 10 290 58 002 6 000 2 7 0000 
23-OCT-2015 12 48008 3 2 5 56 1 00 00 10 290 20 230 3 0000 4 0087 5 0000 6 000 0 7 00 0 0 8 1 1 0 0 333 10 330 59 003 6 000 2 7 0000 
23-OCT-2015 12 48010 3 2 5 30 1 00 00 10 295 20 253 3 0000 4 0079 5 0000 6 000 0 7 00 0 0 8 1 4 0 0 333 10 342 59 001 6 000 2 7 0000 
23-OCT-2015 12 48018 3 2 5 58 7 04 01 10 295 20 230 3 0000 4 0092 5 0000 6 000 0 7 00 0 0 8 4 3 7 2 333 10 340 58 002 6 000 2 7 0000 
23-OCT-2015 12 48019 3 2 5 40 1 00 00 10 290 20 248 3 0000 4 0082 5 0000 6 000 0 7 00 0 0 8 0 0 3 0 333 10 344 59 005 6 000 2 7 0000 
23-OCT-2015 12 48025 3 2 4 58 4 22 01 10 300 20 239 3 0000 4 0087 5 0000 6 000 0 7 00 0 0 8 3 8 4 0 333 10 332 59 002 6 000 2 7 0000 
23-OCT-2015 12 48033 3 2 9 59 0 00 00 10 300 20 266 3 0000 4 0076 5 0000 6 000 0 7 00 0 0 8 0 0 0 0 333 10 340 58 002 6 000 2 7 0000 
23-OCT-2015 12 48035 3 2 9 10 0 00 00 10 249 20 186 3 0000 4 0086 5 0000 6 000 0 7 00 0 0 8 0 0 0 0 333 10 310 58 006 6 000 2 7 0000 
23-OCT-2015 12 48037 3 2 4 58 3 32 01 10 313 20 254 3 0000 4 0073 5 0000 6 000 0 7 00 0 0 8 3 1 0 0 333 10 343 59 008 6 000 2 7 0000 
23-OCT-2015 12 48042 3 2 9 57 0 00 00 10 306 20 237 3 0000 4 0072 5 0000 6 000 0 7 00 0 0 8 0 0 0 0 333 10 350 59 008 6 000 2 7 0000 
23-OCT-2015 12 48048 3 2 9 50 0 04 01 10 300 20 239 3 0000 4 0078 5 0000 6 000 0 7 00 0 0 8 0 0 0 0 333 10 355 59 008 6 000 2 7 0000 
23-OCT-2015 12 48051 3 2 5 58 2 00 00 10 306 20 250 3 0000 4 0000 5 0000 6 000 0 7 00 0 0 8 2 5 0 0 333 10 335 58 000 6 000 0 7 0000 
23-OCT-2015 12 48053 3 2 5 50 3 00 00 10 300 20 223 3 0000 4 0073 5 0000 6 000 0 7 00 0 0 8 3 5 0 0 333 10 345 59 015 6 000 2 7 0000 
23-OCT-2015 12 48055 3 2 5 56 4 00 00 10 242 20 216 3 0000 4 0089 5 0000 6 000 0 7 00 0 0 8 3 9 4 0 333 10 305 58 001 6 000 2 7 0000 
23-OCT-2015 12 48060 3 2 9 20 0 00 00 10 250 20 205 3 0000 4 0071 5 0000 6 000 0 7 00 0 0 8 0 0 0 0 333 10 315 59 023 6 000 2 7 0000 
23-OCT-2015 12 48062 3 2 9 56 0 27 01 10 300 20 280 3 0000 4 0092 5 0000 6 000 0 7 00 0 0 8 0 0 0 0 333 10 335 58 001 6 000 0 7 0000 
23-OCT-2015 12 48071 3 2 9 56 0 32 01 10 295 20 253 3 0000 4 0088 5 0000 6 000 0 7 00 0 0 8 0 0 0 0 333 10 323 59 008 6 000 0 7 0000 
23-OCT-2015 12 48072 3 2 9 56 0 04 01 10 290 20 259 3 0000 4 0000 5 0000 6 000 0 7 00 0 0 8 0 0 0 0 333 10 330 58 000 6 000 0 7 0000 
23-OCT-2015 12 48074 3 2 9 57 0 00 00 10 290 20 259 3 0000 4 0083 5 0000 6 000 0 7 00 0 0 8 0 0 0 0 333 10 347 59 003 6 000 2 7 0000 
23-OCT-2015 12 48075 3 2 4 56 5 00 00 10 260 20 215 3 0000 4 0092 5 0000 6 000 0 7 00 0 0 8 3 8 4 0 333 10 310 58 006 6 000 0 7 0000 
23-OCT-2015 12 48077 3 2 5 56 3 00 00 10 310 20 254 3 0000 4 0079 5 0000 6 000 0 7 00 0 0 8 2 8 0 1 333 10 342 59 000 6 000 0 7 0000 
23-OCT-2015 12 48078 3 2 9 40 1 00 00 10 303 20 260 3 0000 4 0086 5 0000 6 000 0 7 00 0 0 8 0 0 0 1 333 10 339 59 004 6 000 0 7 0000 
23-OCT-2015 12 48080 3 2 4 56 3 00 00 10 313 20 255 3 0000 4 0097 5 0000 6 000 0 7 00 0 0 8 2 8 7 0 333 10 336 59 001 6 000 0 7 0000 
23-OCT-2015 12 48085 3 2 4 56 1 09 02 10 290 20 259 3 0000 4 0088 5 0000 6 000 0 7 00 0 0 8 1 8 0 0 333 10 320 59 003 6 000 0 7 0000 
23-OCT-2015 12 48087 3 2 9 50 2 00 00 10 300 20 253 3 0000 4 0000 5 0000 6 000 0 7 00 0 0 8 0 0 4 1 333 10 347 58 000 6 000 0 7 0000 
23-OCT-2015 12 48092 3 2 4 56 1 00 00 10 300 20 266 3 0000 4 0063 5 0000 6 000 0 7 00 0 0 8 1 5 0 0 333 10 350 59 006 6 000 0 7 0000 
23-OCT-2015 12 48093 3 2 9 50 2 32 01 10 302 20 253 3 0000 4 0000 5 0000 6 000 0 7 00 0 0 8 0 0 0 0 333 10 345 58 000 6 000 0 7 0000 
23-OCT-2015 12 48094 3 2 9 56 0 00 00 10 310 20 250 3 0000 4 0088 5 0000 6 000 0 7 00 0 0 8 0 0 0 0 333 10 360 59 004 6 000 0 7 0000 
23-OCT-2015 12 48095 3 2 9 56 0 00 00 10 280 20 268 3 0000 4 0000 5 0000 6 000 0 7 00 0 0 8 0 0 0 0 333 10 330 58 000 6 000 0 7 0000 
23-OCT-2015 12 48096 3 1 5 57 1 27 02 10 310 20 254 3 0000 4 0080 5 0000 6 000 0 7 05 1 1 8 1 4 0 0 333 10 342 59 010 6 000 0 7 0000 
23-OCT-2015 12 48097 3 2 5 56 2 32 02 10 285 20 254 3 0000 4 0088 5 0000 6 000 0 7 00 0 0 8 2 5 0 0 333 10 345 59 009 6 000 0 7 0000 
23-OCT-2015 12 48099 3 2 3 30 3 00 00 10 310 20 267 3 0000 4 0079 5 0000 6 000 0 7 00 0 0 8 3 8 0 0 333 10 352 58 001 6 000 0 7 0000 
23-OCT-2015 12 48101 3 2 9 56 0 00 00 10 294 20 259 3 0000 4 0000 5 0000 6 000 0 7 00 0 0 8 0 0 0 0 333 10 353 58 000 6 000 0 7 0000 
23-OCT-2015 12 48103 3 2 4 20 2 32 01 10 300 20 253 3 0000 4 0079 5 0000 6 000 0 7 00 0 0 8 2 8 0 0 333 10 348 59 002 6 000 0 7 0000 
23-OCT-2015 12 48107 2 1 3 30 6 00 00 10 262 20 246 3 0000 4 0089 5 0000 6 000 0 7 01 6 6 8 4 9 7 0 333 10 350 58 000 6 009 2 7 0000 
23-OCT-2015 12 48108 2 1 5 95 7 09 01 10 265 20 251 3 0000 4 0090 5 0000 6 000 0 7 20 5 5 8 5 3 0 6 333 10 345 58 001 6 016 2 7 0000 
23-OCT-2015 12 48109 3 2 9 96 2 00 00 10 298 20 253 3 0000 4 0093 5 0000 6 000 0 7 00 0 0 8 0 0 0 1 333 10 336 59 006 6 000 0 7 0000 
23-OCT-2015 12 48110 2 1 4 93 8 13 05 10 260 20 246 3 0000 4 0093 5 0000 6 000 0 7 96 9 6 8 6 9 2 / 333 10 355 58 007 6 030 2 7 0000 
23-OCT-2015 12 48112 2 1 5 97 8 04 03 10 280 20 250 3 0000 4 0088 5 0000 6 000 0 7 01 5 2 8 3 8 7 6 333 10 330 58 001 6 003 2 7 0000 
