48001 22440 33201 10225 20214 40140 83800 333 56300 59010=
48004 31562 40401 10249 20205 70144 84800 333 56900=
48008 32557 10000 10240 20209 40145 81100 333 56900 58008=
48010 32556 20000 10255 20215 40127 82100 333 56600 59004=
48018 32558 13601 10263 20229 40138 70344 81200 333 56900 58015=
48019 32960 00402 10275 20191 40116 333 59002=
48020 32357 73603 10260 20246 84830 333 56440=
48025 31110 50401 10264 20229 40127 74044 85800 333 56600 59004=
48035 31960 00000 10212 20175 40127 70144 333 59005=
48037 32457 03201 10267 20256 40117 333 59002=
48042 32956 01301 10290 20230 40111 333 59004=
48045 32557 12203 10224 20136 81100 333 56500=
48048 32560 23201 10290 20248 40118 82800 333 56900 59006=
48051 NIL=
48053 32956 00000 10300 20223 40119 333 58000=
48060 32350 10000 10220 20165 40125 81100 333 56400 59013=
48062 NIL=
48071 NIL=
48075 NIL=
48077 NIL=
48078 32558 30901 10271 20218 40122 81231 333 56999 59009=
48080 NIL=
48085 NIL=
48095 NIL=
48108 NIL=
48109 NIL=
48110 NIL=
48112 NIL=
48030 31962 02202 10124 20124 70144 333=
48072 NIL=
48087 NIL=
48099 NIL=
48101 NIL=
48103 NIL=
48057 32458 11401 10240 20155 81200 333 56900=
48094 NIL=
48097 NIL=
48031 32260 20401 10210 20091 82800 333 56900=
48033 32962 00901 10290 20259 40116 333 58004=
48034 32956 00402 10200 20168 333=
48039 32458 20000 10280 20233 80002 333 56009=
48043 32058 01403 10220 20185 333=
48052 32960 00000 10306 20254 333=
48055 32956 00902 10220 20185 40130 70144 333 58000=
48064 32956 00401 10250 20219 40112 333 59007=
48065 32958 02201 10280 20220 333=
48074 32959 00402 10260 20229 40134 333 59005=
48092 NIL=
48093 NIL=
48107 NIL=
48096 NIL=  48051 32556 53102 10260 20230 70122 84801 333 56809=
48062 32356 20902 10280 20260 40118 70122 82500 333 56900 59007=
48071 32458 13201 10293 20259 40121 81200 333 56900 59005=
48075 32457 10000 10240 20209 40128 81100 333 56300 59006=
48077 32959 10000 10280 20250 40114 80001 333 56009 58004=
48080 32960 01301 10280 20250 40110 333 59011=
48085 32956 03202 10276 20250 40116 333 59008=
48095 32960 00000 10295 20248 333=
48108 32596 73202 10290 20259 40112 85306 333 56909 59007=
48109 32497 20000 10308 20237 40125 70122 82800 333 56900 59007=
48110 21595 31302 10300 20246 40111 70522 82256 333 56999 59009=
48112 22597 80405 10284 20268 40108 70522 83876 333 56199 59010=
48072 32560 10401 10295 20253 70222 81200 333 56700=
48087 32960 00000 10300 20253 333=
48099 32660 41303 10300 20253 40112 84900 333 56300 59005=
48101 32959 00000 10300 20223 333=
48103 32456 20403 10307 20254 40117 70111 82800 333 56100 59004=
48094 32960 03201 10300 20250 40119 333 59005=
48097 32557 20502 10290 20248 40125 70211 82500 333 56900 59003=
48092 32457 13602 10302 20239 40098 81100 333 56900 59003=
48093 32958 01401 10308 20267 333=
48107 31350 42301 10310 20267 40109 7//44 84900 333 56700 59004=
48096 32958 13604 10290 20243 40122 70222 80001 333 56009 59009=  