23-SEP-2015 03 48001 2 1 4 30 8 27 01 10 265 20 256 3 0000 4 0072 5 0000 6 000 0 7 50 5 5 8 6 7 2 / 333 10 /// 59 004 6 000 0 7 0000 
23-SEP-2015 03 48004 2 1 1 10 8 04 01 10 254 20 254 3 0000 4 0000 5 0000 6 000 0 7 51 6 5 8 6 9 2 / 333 10 /// 58 000 6 000 0 7 0000 
23-SEP-2015 03 48008 2 2 4 56 8 00 00 10 265 20 256 3 0000 4 0076 5 0000 6 000 0 7 00 0 0 8 4 9 7 / 333 10 /// 58 005 6 000 0 7 0000 
23-SEP-2015 03 48010 3 2 4 50 8 00 00 10 275 20 268 3 0000 4 0079 5 0000 6 000 0 7 00 0 0 8 5 7 7 / 333 10 /// 58 008 6 000 0 7 0000 
23-SEP-2015 03 48018 3 2 5 60 4 04 01 10 295 20 259 3 0000 4 0082 5 0000 6 000 0 7 02 2 2 8 2 8 6 2 333 10 /// 58 005 6 000 0 7 0000 
23-SEP-2015 03 48019 2 2 4 60 5 00 00 10 293 20 259 3 0000 4 0072 5 0000 6 000 0 7 00 0 0 8 3 2 3 0 333 10 /// 58 020 6 000 0 7 0000 
23-SEP-2015 03 48020 2 2 3 56 5 36 02 10 290 20 259 3 0000 4 0000 5 0000 6 000 0 7 00 0 0 8 5 8 0 0 333 10 /// 58 000 6 000 0 7 0000 
23-SEP-2015 03 48025 2 1 4 30 5 14 01 10 295 20 253 3 0000 4 0083 5 0000 6 000 0 7 02 4 4 8 3 8 4 1 333 10 /// 59 003 6 000 0 7 0000 
23-SEP-2015 03 48030 2 2 2 56 6 22 04 10 194 20 159 3 0000 4 0000 5 0000 6 000 0 7 00 0 0 8 5 9 4 0 333 10 /// 58 000 6 000 0 7 0000 
23-SEP-2015 03 48031 3 2 2 60 4 36 01 10 230 20 181 3 0000 4 0000 5 0000 6 000 0 7 00 0 0 8 3 8 4 0 333 10 /// 58 000 6 000 0 7 0000 
23-SEP-2015 03 48033 3 2 9 62 1 18 01 10 300 20 253 3 0000 4 0080 5 0000 6 000 0 7 00 0 0 8 0 0 0 1 333 10 /// 59 003 6 000 0 7 0000 
23-SEP-2015 03 48034 2 1 4 57 4 23 02 10 242 20 209 3 0000 4 0000 5 0000 6 000 0 7 01 5 5 8 4 8 0 0 333 10 /// 58 000 6 000 0 7 0000 
23-SEP-2015 03 48035 3 1 5 60 6 32 02 10 272 20 226 3 0000 4 0068 5 0000 6 000 0 7 01 2 2 8 4 9 6 0 333 10 /// 59 003 6 000 0 7 0000 
23-SEP-2015 03 48037 3 2 5 59 5 14 01 10 286 20 250 3 0000 4 0074 5 0000 6 000 0 7 00 0 0 8 3 7 1 0 333 10 /// 58 001 6 000 0 7 0000 
23-SEP-2015 03 48039 3 2 4 60 3 00 00 10 310 20 237 3 0000 4 0000 5 0000 6 000 0 7 00 0 0 8 1 1 0 2 333 10 /// 58 000 6 000 0 7 0000 
23-SEP-2015 03 48043 2 2 0 58 2 05 05 10 250 20 205 3 0000 4 0000 5 0000 6 000 0 7 00 0 0 8 0 0 0 2 333 10 /// 58 000 6 000 0 7 0000 
23-SEP-2015 03 48048 3 2 5 60 2 18 01 10 315 20 236 3 0000 4 0076 5 0000 6 000 0 7 00 0 0 8 2 8 0 0 333 10 /// 59 004 6 000 0 7 0000 
23-SEP-2015 03 48052 3 2 4 56 2 18 01 10 310 20 254 3 0000 4 0000 5 0000 6 000 0 7 00 0 0 8 2 2 0 0 333 10 /// 58 000 6 000 0 7 0000 
23-SEP-2015 03 48053 3 2 5 56 5 18 03 10 280 20 233 3 0000 4 0099 5 0000 6 000 0 7 00 0 0 8 3 5 5 6 333 10 /// 58 002 6 000 0 7 0000 
23-SEP-2015 03 48055 3 2 5 57 4 00 00 10 263 20 215 3 0000 4 0072 5 0000 6 000 0 7 00 0 0 8 2 1 0 1 333 10 /// 58 000 6 000 0 7 0000 
23-SEP-2015 03 48057 3 2 4 58 6 27 01 10 230 20 181 3 0000 4 0000 5 0000 6 000 0 7 00 0 0 8 3 8 5 6 333 10 /// 58 000 6 000 0 7 0000 
23-SEP-2015 03 48060 3 2 4 40 5 00 00 10 268 20 226 3 0000 4 0063 5 0000 6 000 0 7 00 0 0 8 3 1 3 0 333 10 /// 59 006 6 000 0 7 0000 
23-SEP-2015 03 48062 3 2 4 56 7 23 05 10 305 20 280 3 0000 4 0096 5 0000 6 000 0 7 03 2 2 8 5 9 7 0 333 10 /// 58 003 6 000 0 7 0000 
23-SEP-2015 03 48064 3 2 4 58 1 32 01 10 287 20 259 3 0000 4 0069 5 0000 6 000 0 7 00 0 0 8 0 0 0 1 333 10 /// 59 015 6 000 0 7 0000 
23-SEP-2015 03 48065 3 2 9 56 2 00 00 10 297 20 253 3 0000 4 0000 5 0000 6 000 0 7 00 0 0 8 0 0 0 6 333 10 /// 58 000 6 000 0 7 0000 
23-SEP-2015 03 48071 3 2 4 58 4 27 02 10 295 20 266 3 0000 4 0103 5 0000 6 000 0 7 00 0 0 8 4 9 0 0 333 10 /// 58 005 6 000 0 7 0000 
23-SEP-2015 03 48072 3 2 4 60 4 27 02 10 300 20 266 3 0000 4 0000 5 0000 6 000 0 7 01 2 2 8 3 8 3 0 333 10 /// 58 000 6 000 0 7 0000 
23-SEP-2015 03 48074 2 2 4 58 6 14 02 10 270 20 256 3 0000 4 0105 5 0000 6 000 0 7 00 0 0 8 4 8 5 1 333 10 /// 58 001 6 000 0 7 0000 
23-SEP-2015 03 48075 2 2 4 57 5 14 01 10 250 20 219 3 0000 4 0102 5 0000 6 000 0 7 00 0 0 8 3 8 0 5 333 10 /// 59 007 6 000 0 7 0000 
23-SEP-2015 03 48077 2 2 5 59 6 00 00 10 294 20 248 3 0000 4 0090 5 0000 6 000 0 7 00 0 0 8 4 9 3 1 333 10 /// 58 007 6 000 0 7 0000 
23-SEP-2015 03 48078 2 2 5 50 6 18 01 10 270 20 256 3 0000 4 0107 5 0000 6 000 0 7 00 0 0 8 4 5 3 1 333 10 /// 58 002 6 000 0 7 0000 
23-SEP-2015 03 48080 2 1 4 59 6 04 03 10 264 20 246 3 0000 4 0106 5 0000 6 000 0 7 01 6 5 8 4 8 3 0 333 10 /// 58 022 6 000 0 7 0000 
23-SEP-2015 03 48085 2 2 4 58 4 32 05 10 320 20 266 3 0000 4 0106 5 0000 6 000 0 7 00 0 0 8 4 8 0 0 333 10 /// 58 003 6 000 0 7 0000 
23-SEP-2015 03 48087 3 2 9 60 4 23 01 10 302 20 253 3 0000 4 0000 5 0000 6 000 0 7 00 0 0 8 2 8 4 1 333 10 /// 58 000 6 000 0 7 0000 
23-SEP-2015 03 48092 2 2 4 57 6 27 04 10 300 20 253 3 0000 4 0086 5 0000 6 000 0 7 00 0 0 8 4 9 3 0 333 10 /// 58 002 6 000 0 7 0000 
23-SEP-2015 03 48093 2 2 6 58 4 23 01 10 296 20 253 3 0000 4 0000 5 0000 6 000 0 7 01 1 1 8 2 8 4 1 333 10 /// 58 000 6 000 0 7 0000 
23-SEP-2015 03 48094 3 2 4 59 7 27 02 10 310 20 250 3 0000 4 0106 5 0000 6 000 0 7 00 0 0 8 5 9 7 0 333 10 /// 58 001 6 000 0 7 0000 
23-SEP-2015 03 48095 3 2 4 58 6 22 02 10 305 20 266 3 0000 4 0000 5 0000 6 000 0 7 01 2 2 8 3 9 4 0 333 10 /// 58 000 6 000 0 7 0000 
23-SEP-2015 03 48096 2 2 4 58 7 26 06 10 290 20 259 3 0000 4 0109 5 0000 6 000 0 7 02 2 2 8 5 9 4 0 333 10 /// 58 000 6 000 0 7 0000 
23-SEP-2015 03 48097 3 2 5 57 6 21 02 10 300 20 266 3 0000 4 0112 5 0000 6 000 0 7 00 0 0 8 4 8 0 1 333 10 /// 58 004 6 000 0 7 0000 
23-SEP-2015 03 48099 2 2 4 40 8 00 00 10 260 20 260 3 0000 4 0103 5 0000 6 000 0 7 00 0 0 8 6 9 7 / 333 10 /// 59 002 6 000 0 7 0000 
23-SEP-2015 03 48103 2 1 3 50 6 22 02 10 288 20 259 3 0000 4 0107 5 0000 6 000 0 7 00 0 0 8 4 7 7 0 333 10 /// 58 001 6 000 0 7 0000 
23-SEP-2015 03 48107 2 1 3 30 7 13 01 10 254 20 254 3 0000 4 0110 5 0000 6 000 0 7 01 9 6 8 4 9 7 0 333 10 /// 59 000 6 000 0 7 0000 
23-SEP-2015 03 48108 2 2 5 95 7 32 02 10 270 20 256 3 0000 4 0120 5 0000 6 000 0 7 00 0 0 8 5 3 7 7 333 10 /// 58 004 6 000 0 7 0000 
23-SEP-2015 03 48109 3 2 4 97 7 23 01 10 290 20 259 3 0000 4 0118 5 0000 6 000 0 7 00 0 0 8 5 9 3 0 333 10 /// 58 006 6 000 0 7 0000 
23-SEP-2015 03 48110 2 1 4 95 8 23 01 10 290 20 259 3 0000 4 0116 5 0000 6 000 0 7 02 5 5 8 3 3 5 7 333 10 /// 58 005 6 000 0 7 0000 
23-SEP-2015 03 48112 2 1 5 97 8 27 01 10 300 20 253 3 0000 4 0118 5 0000 6 000 0 7 21 5 2 8 3 8 7 6 333 10 /// 58 003 6 000 0 7 0000 
