48001 32440 72302 10280 20250 40060 85830 333 56340 59017=
48004 21110 80401 10269 20269 75055 8697/ 333 56559=
48008 32557 61801 10310 20267 40065 83970 333 56450 59003=
48010 NIL=
48018 32560 52201 10320 20258 40069 70322 82872 333 56554 58004=
48019 32560 41402 10328 20258 40059 82260 333 56560 59004=
48020 32460 33603 10330 20275 83200 333 56500=
48025 32458 60401 10320 20265 40064 84840 333 56440 59002=
48035 32560 72203 10301 20223 40047 84961 333 56199 59006=
48037 32560 51401 10341 20257 40051 83810 333 56440 59004=
48042 32559 51303 10347 20237 40063 83202 333 56409 59006=
48045 32556 42312 10270 20211 82831 333 56559=
48048 32560 21801 10345 20240 40067 82800 333 56900 59002=
48048 NIL=
48051 21559 81304 10312 20270 75165 83970 333 56490=
48053 32556 61803 10330 20244 40073 83856 333 56699 59009=
48060 32350 72701 10316 20209 40030 85830 333 56450 59016=
48062 32458 62306 10320 20290 40090 84930 333 56590 59004=
48071 32460 52304 10310 20267 40094 85900 333 56644 58002=
48075 32558 53201 10290 20215 40075 83360 333 56550 59006=
48077 32559 70000 10324 20248 40080 85931 333 56499 59006=
48078 32557 51801 10305 20260 40094 84801 333 56409 58003=
48080 21460 62205 10294 20259 40094 70265 84870 333 56590 59005=
48085 NIL=
48095 NIL=
48108 21495 72303 10265 20255 40104 70255 85377 333 56599 58003=
48109 32497 72301 10331 20267 40109 85970 333 56990 59001=
48110 21494 83201 10280 20268 40129 75155 86377 333 56999 58002=
48112 32597 82203 10320 20265 40109 70522 83876 333 56599 58003=
48030 32256 82204 10219 20173 8649/ 333 56569=
48072 32460 42705 10310 20267 70222 83830 333 56490=
48087 32560 52302 10328 20258 83841 333 56699=
48099 21220 ///// 10285 20250 40068 75055 85930 333 56790 59007=
48101 32459 42702 10320 20265 70122 82331 333 56699=
48103 21456 82202 10277 20268 40091 79599 8697/ 333 5655/ 59010=
48057 32460 62701 10253 20205 83306 333 56609=
48094 21459 62703 10330 20270 40097 75065 86900 333 56600 58002=
48097 32457 61804 10315 20260 40103 85310 333 56990 58004=
48031 32258 80401 10235 20174 888// 333 56599=
48033 NIL=
48034 32457 41802 10286 20215 84800 333 56500=
48039 32460 31404 10334 20244 83100 333 56500=
48043 32659 31406 10270 20240 83300 333 56500=
48052 32470 22201 10344 20240 82200 333 56900=
48055 32557 51804 10306 20223 40041 83830 333 56550 59002=
48064 NIL=
48065 32558 41402 10338 20258 82830 333 56990=
48074 32460 52303 10305 20253 40089 83801 333 56409 59001=
48092 32457 62706 10320 20265 40074 84930 333 56990 59003=
48093 32458 52301 10324 20245 83841 333 56399=
48107 32350 52301 10270 20256 40108 84970 333 56550 59002=
48096 32458 72906 10310 20254 40096 85941 333 56999 59003=  