48001 NIL=
48004 NIL=
48008 NIL=
48010 NIL=
48018 NIL=
48019 NIL=
48020 NIL=
48025 NIL=
48035 NIL=
48037 NIL=
48042 NIL=
48045 NIL=
48048 NIL=
48051 32958 03603 10200 20170 333=
48053 NIL=
48060 NIL=
48062 32456 50402 10193 20180 40171 83830 333 56190 58002=
48071 32958 00402 10235 20209 40169 333 58000=
48075 31956 00000 10180 20129 40184 70144 333 59028=
48077 32959 00401 10220 20173 40157 333 59014=
48078 32956 13202 10206 20155 40148 80001 333 56009 59017=
48080 31959 00402 10180 20154 40154 70244 333 59008=
48085 31457 10000 10230 20214 40149 70544 81100 333 56600 59012=
48095 32458 70402 10240 20134 85840 333 56990=
48108 32495 61301 10255 20214 40152 82436 333 56799 58002=
48109 32497 80401 10286 20230 40153 8697/ 333 5699/ 59010=
48110 32496 82301 10280 20233 40142 83357 333 56999 59006=
48112 22597 80403 10275 20262 40134 83876 333 56199 59008=
48030 NIL=
48072 31959 00401 10235 20181 70500 333=
48087 32956 33605 10234 20163 80041 333 56099=
48099 31450 53202 10270 20211 40138 70522 83830 333 56770 59015=
48101 32557 83602 10240 20134 8477/ 333 5699/=
48103 32456 60403 10298 20185 40129 84730 333 56110 59014=
48057 NIL=
48094 32458 33202 10250 20190 40153 82540 333 56990 59014=
48097 32557 72301 10240 20191 40152 83550 333 56990 59012=
48031 NIL=
48033 NIL=
48034 NIL=
48039 NIL=
48043 NIL=
48052 NIL=
48055 NIL=
48064 NIL=
48065 NIL=
48074 NIL=
48092 31556 83102 10225 20168 40136 70522 85530 333 56990 59007=
48093 32556 60401 10247 20186 85840 333 56390=
48107 31330 40401 10274 20226 40132 7//44 84900 333 56300 59001=
48096 32457 83004 10230 20184 40159 8443/ 333 5699/ 59005=  48001 31905 90000 10064 20063 40216 74744 333 56999 59004=
48004 31905 90401 10110 20101 74644 89//0 333 56990=
48008 31550 10000 10133 20113 40196 71044 81400 333 56900 59015=
48010 31030 00000 10135 20124 40199 74044 333 59019=
48018 31956 01401 10140 20124 40192 70244 333 58011=
48019 32958 00402 10154 20111 40187 333 59010=
48020 32330 70402 10160 20144 87200 333 56500=
48035 31/01 90000 10117 20102 40188 74744 333 58001=
48037 32950 03601 10178 20129 40168 333 59009=
48042 31930 00000 10183 20165 40174 71044 333 59010=
48045 32560 11402 10135 20082 81100 333 56500=
48048 32958 00401 10195 20130 40182 333 59008=
48053 31940 03602 10195 20139 40181 70500 333 59009=
48060 32440 32201 10138 20124 40203 82130 333 56550 59014=
48030 32257 12201 10126 29025 81200 333 56800=
48057 32956 01401 10200 20085 333 56000=
48031 32258 10901 10170 20014 70100 81200 333 56900=
48033 32962 03601 10180 20129 40176 70200 333 59010=
48034 31956 00000 10110 20069 71000 333 56000=
48039 31950 30000 10187 20139 74044 80002 333 56009=
48043 32056 01801 10145 20134 333 56000=
48052 31956 03602 10204 20150 70522 333 56000=
48055 32956 00402 10142 20107 40190 70144 333 59012=
48064 32956 01401 10177 20165 40165 70211 333 59014=
48065 32956 00402 10185 20149 70222 333 56000=
48074 32958 03206 10190 20139 40185 333 58006=  