241200 48004 32558 10000 10182 20187 81100 333 10227 56900=
241200 48008 32540 20000 10190 20118 40155 82400 333 10245 56500 58000=
241200 48010 32020 00000 10205 20168 40147 333 10260 59007=
241200 48018 31940 00000 10200 20150 40152 71044 333 10265 59006=
241200 48019 32940 00000 10185 20147 40151 333 10253 59002=
241200 48020 32/30 00000 10200 20150 333 10250=
241200 48025 32420 10000 10213 20157 83800 333 10243 56500 59001=
241200 48035 31910 00000 10193 20159 40137 71000 333 10257 58008=
241200 48037 32920 00000 10238 20174 40124 333 10270 59010=
241200 48042 31950 00000 10240 20191 40128 70500 333 10285 59005=
241200 48045 32957 03602 10149 20134 333 10214=
241200 48048 31950 00401 10245 20174 40133 71044 333 10287 59002=
241200 48053 32940 03602 10250 20150 40127 333 10290 59019=
241200 48060 32430 20000 10210 20120 40136 82100 333 10275 56500 59004=
241200 48030 32957 02201 10142 20056 333 10187=
241200 48057 32940 01401 10182 20086 333 10245=
241200 48031 32958 03201 10145 20082 333 10195=
241200 48033 32959 03601 10250 20186 40129 333 10280 58017=
241200 48034 32956 00000 10127 20135 333 10240=
241200 48039 32450 30000 10240 20174 83400 333 10290 56900=
241200 48043 32010 00000 10180 20147 333 10238=
241200 48052 31950 03601 10263 20179 70522 333 10305=
241200 48055 32956 00904 10212 20160 40127 333 10288 56009=
241200 48064 32950 00000 10242 20165 70211 333 10295=
241200 48065 32950 00000 10232 20187 40118 70211 333 10264 59001=
241200 48074 32957 00000 10250 20205 40123 333 10316 59005=
241200 48004 32558 10000 10182 20187 81100 333 10227 56900=
241200 48008 32540 20000 10190 20118 40155 82400 333 10245 56500 58000=
241200 48010 32020 00000 10205 20168 40147 333 10260 59007=
241200 48018 31940 00000 10200 20150 40152 71044 333 10265 59006=
241200 48019 32940 00000 10185 20147 40151 333 10253 59002=
241200 48020 32/30 00000 10200 20150 333 10250=
241200 48025 32420 10000 10213 20157 83800 333 10243 56500 59001=
241200 48035 31910 00000 10193 20159 40137 71000 333 10257 58008=
241200 48037 32920 00000 10238 20174 40124 333 10270 59010=
241200 48042 31950 00000 10240 20191 40128 70500 333 10285 59005=
241200 48045 32957 03602 10149 20134 333 10214=
241200 48048 31950 00401 10245 20174 40133 71044 333 10287 59002=
241200 48053 32940 03602 10250 20150 40127 333 10290 59019=
241200 48060 32430 20000 10210 20120 40136 82100 333 10275 56500 59004=
241200 48030 32957 02201 10142 20056 333 10187=
241200 48057 32940 01401 10182 20086 333 10245=
241200 48031 32958 03201 10145 20082 333 10195=
241200 48033 32959 03601 10250 20186 40129 333 10280 58017=
241200 48034 32956 00000 10127 20135 333 10240=
241200 48039 32450 30000 10240 20174 83400 333 10290 56900=
241200 48043 32010 00000 10180 20147 333 10238=
241200 48052 31950 03601 10263 20179 70522 333 10305=
241200 48055 32956 00904 10212 20160 40127 333 10288 56009=
241200 48064 32950 00000 10242 20165 70211 333 10295=
241200 48065 32950 00000 10232 20187 40118 70211 333 10264 59001=
241200 48074 32957 00000 10250 20205 40123 333 10316 59005=
