48001 32556 60901 10226 20156 40143 84850 333 56220 59022=
48004 32458 50401 10261 20160 85900 333 56500=
48008 32557 13401 10266 20133 40135 81400 333 56500 59014=
48010 31560 12301 10270 20172 40129 70344 81100 333 56900 59013=
48018 32560 13202 10287 20158 40141 81100 333 56900 59011=
48019 32960 01401 10280 20184 40134 333 59011=
48020 32957 00404 10290 20206 333=
48025 31440 13201 10302 20141 40140 70544 81500 333 56900 59014=
48035 31956 03602 10267 20085 40102 70500 333 59016=
48037 31956 03601 10312 20146 40118 70544 333 59021=
48042 31957 02201 10320 20163 40118 70500 333 59019=
48045 32963 01805 10237 20095 333=
48048 32962 00401 10320 20184 40131 333 59015=
48051 NIL=
48053 31950 01802 10320 20163 40120 70500 333 59006=
48060 32950 00401 10270 20143 40107 333 59002=
48062 32958 02704 10300 20240 40136 333 59007=
48071 32960 03202 10270 20211 40133 333 59008=
48075 31957 03201 10275 20095 40112 70522 333 59023=
48077 32959 00000 10340 20145 40111 333 59018=
48078 32958 12301 10333 20146 40114 80001 333 56009 59021=
48080 32961 03202 10323 20215 40111 333 59012=
48085 31957 02704 10282 20220 40127 70500 333 59005=
48095 32960 00401 10305 20166 333=
48108 31596 52303 10340 20206 40131 70344 83366 333 56699 58002=
48109 32997 00401 10310 20237 40142 333 59011=
48110 31596 23204 10330 20244 40121 70511 81305 333 56909 59008=
48112 NIL=
48030 31956 02202 10204 20088 70544 333=
48072 32960 00402 10295 20185 333=
48087 32960 00401 10328 20151 333=
48099 32558 12302 10332 20191 40122 81100 333 56500 59009=
48101 32960 00000 10300 20207 333=
48103 32557 21402 10329 20212 40120 82800 333 56300 59012=
48057 32960 03202 10240 20095 333=
48094 32960 03202 10330 20210 40126 333 59011=
48097 32957 01402 10330 20126 40129 333 59016=
48031 31257 21401 10235 20074 70500 82800 333 56900=
48033 32963 00901 10320 20184 40124 333 59008=
48034 32457 11802 10267 20113 81500 333 56500=
48039 31958 21401 10305 20149 70511 80002 333 56009=
48043 32050 01802 10255 20142 333=
48052 32970 23202 10320 20163 333=
48055 31956 00903 10282 20098 40094 70500 333 59007=
48064 32970 01401 10334 20212 40101 333 59016=
48065 32970 00000 10328 20172 333=
48074 32960 01402 10311 20169 40124 333 59018=
48092 31957 01301 10330 20151 40104 70500 333 59007=
48093 32958 01401 10320 20184 333=
48107 32350 20401 10344 20184 40109 82900 333 56500 59006=  48001 32556 60901 10226 20156 40143 84850 333 56220 59022=
48004 32458 50401 10261 20160 85900 333 56500=
48008 32557 13401 10266 20133 40135 81400 333 56500 59014=
48010 31560 12301 10270 20172 40129 70344 81100 333 56900 59013=
48018 32560 13202 10287 20158 40141 81100 333 56900 59011=
48019 32960 01401 10280 20184 40134 333 59011=
48020 32957 00404 10290 20206 333=
48025 31440 13201 10302 20141 40140 70544 81500 333 56900 59014=
48030 31956 02202 10204 20088 70544 333=
48031 31257 21401 10235 20074 70500 82800 333 56900=
48033 32963 00901 10320 20184 40124 333 59008=
48034 32457 11802 10267 20113 81500 333 56500=
48035 31956 03602 10267 20085 40102 70500 333 59016=
48037 31956 03601 10312 20146 40118 70544 333 59021=
48039 31958 21401 10305 20149 70511 80002 333 56009=
48042 31957 02201 10320 20163 40118 70500 333 59019=
48043 32050 01802 10255 20142 333=
48045 32963 01805 10237 20095 333=
48048 32962 00401 10320 20184 40131 333 59015=
48051 NIL=
48052 32970 23202 10320 20163 333=
48053 31950 01802 10320 20163 40120 70500 333 59006=
48055 31956 00903 10282 20098 40094 70500 333 59007=
48057 32960 03202 10240 20095 333=
48060 32950 00401 10270 20143 40107 333 59002=
48062 32958 02704 10300 20240 40136 333 59007=
48064 32970 01401 10334 20212 40101 333 59016=
48065 32970 00000 10328 20172 333=
48071 32960 03202 10270 20211 40133 333 59008=
48072 32960 00402 10295 20185 333=
48074 32960 01402 10311 20169 40124 333 59018=
48075 31957 03201 10275 20095 40112 70522 333 59023=
48077 32959 00000 10340 20145 40111 333 59018=
48078 32958 12301 10333 20146 40114 80001 333 56009 59021=
48080 32961 03202 10323 20215 40111 333 59012=
48085 31957 02704 10282 20220 40127 70500 333 59005=
48087 32960 00401 10328 20151 333=
48092 31957 01301 10330 20151 40104 70500 333 59007=
48093 32958 01401 10320 20184 333=
48094 32960 03202 10330 20210 40126 333 59011=
48095 32960 00401 10305 20166 333=
48097 32957 01402 10330 20126 40129 333 59016=
48099 32558 12302 10332 20191 40122 81100 333 56500 59009=
48101 32960 00000 10300 20207 333=
48103 32557 21402 10329 20212 40120 82800 333 56300 59012=
48107 32350 20401 10344 20184 40109 82900 333 56500 59006=
48108 31596 52303 10340 20206 40131 70344 83366 333 56699 58002=
48109 32997 00401 10310 20237 40142 333 59011=
48110 31596 23204 10330 20244 40121 70511 81305 333 56909 59008=
48112 NIL=  48001 32556 60901 10226 20156 40143 84850 333 56220 59022=
48004 32458 50401 10261 20160 85900 333 56500=
48008 32557 13401 10266 20133 40135 81400 333 56500 59014=
48010 31560 12301 10270 20172 40129 70344 81100 333 56900 59013=
48018 32560 13202 10287 20158 40141 81100 333 56900 59011=
48019 32960 01401 10280 20184 40134 333 59011=
48020 32957 00404 10290 20206 333=
48025 31440 13201 10302 20141 40140 70544 81500 333 56900 59014=
48030 31956 02202 10204 20088 70544 333=
48031 31257 21401 10235 20074 70500 82800 333 56900=
48033 32963 00901 10320 20184 40124 333 59008=
48034 32457 11802 10267 20113 81500 333 56500=
48035 31956 03602 10267 20085 40102 70500 333 59016=
48037 31956 03601 10312 20146 40118 70544 333 59021=
48039 31958 21401 10305 20149 70511 80002 333 56009=
48042 31957 02201 10320 20163 40118 70500 333 59019=
48043 32050 01802 10255 20142 333=
48045 32963 01805 10237 20095 333=
48048 32962 00401 10320 20184 40131 333 59015=
48051 NIL=
48052 32970 23202 10320 20163 333=
48053 31950 01802 10320 20163 40120 70500 333 59006=
48055 31956 00903 10282 20098 40094 70500 333 59007=
48057 32960 03202 10240 20095 333=
48060 32950 00401 10270 20143 40107 333 59002=
48062 32958 02704 10300 20240 40136 333 59007=
48064 32970 01401 10334 20212 40101 333 59016=
48065 32970 00000 10328 20172 333=
48071 32960 03202 10270 20211 40133 333 59008=
48072 32960 00402 10295 20185 333=
48074 32960 01402 10311 20169 40124 333 59018=
48075 31957 03201 10275 20095 40112 70522 333 59023=
48077 32959 00000 10340 20145 40111 333 59018=
48078 32958 12301 10333 20146 40114 80001 333 56009 59021=
48080 32961 03202 10323 20215 40111 333 59012=
48085 31957 02704 10282 20220 40127 70500 333 59005=
48087 32960 00401 10328 20151 333=
48092 31957 01301 10330 20151 40104 70500 333 59007=
48093 32958 01401 10320 20184 333=
48094 32960 03202 10330 20210 40126 333 59011=
48095 32960 00401 10305 20166 333=
48097 32957 01402 10330 20126 40129 333 59016=
48099 32558 12302 10332 20191 40122 81100 333 56500 59009=
48101 32960 00000 10300 20207 333=
48103 32557 21402 10329 20212 40120 82800 333 56300 59012=
48107 32350 20401 10344 20184 40109 82900 333 56500 59006=
48108 31596 52303 10340 20206 40131 70344 83366 333 56699 58002=
48109 32997 00401 10310 20237 40142 333 59011=
48110 31596 23204 10330 20244 40121 70511 81305 333 56909 59008=
48112 NIL=  