48008 31510 10000 10170 20154 40151 71044 81400 333 56900 58006=
48010 32501 10000 10170 20170 40176 81400 333 56900 58025=
48018 32930 00000 10180 20147 40149 333 59013=
48025 32905 03601 10185 20165 40167 333 58028=
48042 32950 00000 10192 20169 40149 333 58014=
48053 32940 00000 10180 20147 40146 333 58002=
48057 31939 01501 10103 20079 71000 333=
48060 32910 00000 10120 20102 40172 333 58006=
48062 31540 20000 10190 20190 40157 74244 82500 333 56900 59003=
48071 32920 03203 10200 20185 40150 333 58005=
48078 32950 10000 10189 20159 40154 80001 333 56009 58006=
48094 32950 00000 10205 20190 40149 333 59003=
48097 32956 00502 10195 20180 40153 333 58004=
48099 32940 00000 10200 20168 40140 333 59003=
48103 32410 20401 10213 20175 40136 82500 333 56100 58006=
48108 31994 43201 10200 20168 40143 71011 80006 333 56009 58005=
48109 32495 50000 10240 20191 40143 85900 333 56900 58008=
48110 31994 23203 10230 20198 40143 70511 80005 333 56009 56009 59002=
48112 32597 70402 10252 20219 40120 83876 333 56199 59014=  