24-JAN-2015 03 48001 3 1 4 50 6 00 00 10 134 20 128 3 0000 4 0176 5 0000 6 000 0 7 40 2 2 8 4 8 3 0 333 10 /// 59 006 6 000 0 7 0000 
24-JAN-2015 03 48004 3 1 4 58 4 04 01 10 154 20 111 3 0000 4 0000 5 0000 6 000 0 7 01 4 4 8 4 8 0 0 333 10 /// 58 000 6 000 0 7 0000 
24-JAN-2015 03 48008 3 2 5 57 6 14 01 10 145 20 111 3 0000 4 0193 5 0000 6 000 0 7 00 0 0 8 3 9 7 0 333 10 /// 58 011 6 000 0 7 0000 
24-JAN-2015 03 48010 3 2 0 40 0 18 01 10 170 20 154 3 0000 4 0181 5 0000 6 000 0 7 00 0 0 8 0 0 0 0 333 10 /// 59 003 6 000 0 7 0000 
24-JAN-2015 03 48018 3 2 9 58 0 00 00 10 175 20 154 3 0000 4 0166 5 0000 6 000 0 7 00 0 0 8 0 0 0 0 333 10 /// 59 013 6 000 0 7 0000 
24-JAN-2015 03 48019 3 2 9 60 0 04 02 10 164 20 123 3 0000 4 0170 5 0000 6 000 0 7 00 0 0 8 0 0 0 0 333 10 /// 59 002 6 000 0 7 0000 
24-JAN-2015 03 48020 3 2 2 50 0 00 00 10 170 20 154 3 0000 4 0000 5 0000 6 000 0 7 00 0 0 8 0 0 0 0 333 10 /// 58 000 6 000 0 7 0000 
24-JAN-2015 03 48025 3 1 3 40 2 22 01 10 172 20 135 3 0000 4 0183 5 0000 6 000 0 7 01 4 4 8 1 5 4 0 333 10 /// 59 004 6 000 0 7 0000 
24-JAN-2015 03 48030 3 2 9 56 0 22 02 10 053 20 053 3 0000 4 0000 5 0000 6 000 0 7 00 0 0 8 0 0 0 0 333 10 /// 58 000 6 000 0 7 0000 
24-JAN-2015 03 48031 3 2 9 60 0 32 01 10 125 20 081 3 0000 4 0000 5 0000 6 000 0 7 00 0 0 8 0 0 0 0 333 10 /// 58 000 6 000 0 7 0000 
24-JAN-2015 03 48033 3 2 9 62 0 36 01 10 200 20 150 3 0000 4 0159 5 0000 6 000 0 7 00 0 0 8 0 0 0 0 333 10 /// 59 001 6 000 0 7 0000 
24-JAN-2015 03 48034 3 1 4 56 2 00 00 10 144 20 107 3 0000 4 0000 5 0000 6 000 0 7 00 0 0 8 2 5 0 0 333 10 /// 58 000 6 000 0 7 0000 
24-JAN-2015 03 48035 3 1 9 60 0 00 00 10 139 20 124 3 0000 4 0155 5 0000 6 000 0 7 05 4 4 8 0 0 0 0 333 10 /// 59 039 6 000 0 7 0000 
24-JAN-2015 03 48037 3 2 9 58 0 36 01 10 183 20 129 3 0000 4 0165 5 0000 6 000 0 7 00 0 0 8 0 0 0 0 333 10 /// 58 003 6 000 0 7 0000 
24-JAN-2015 03 48039 3 1 9 40 2 14 01 10 206 20 160 3 0000 4 0000 5 0000 6 000 0 7 40 4 4 8 0 0 0 2 333 10 /// 58 000 6 000 0 7 0000 
24-JAN-2015 03 48042 3 1 9 50 0 00 00 10 210 20 160 3 0000 4 0168 5 0000 6 000 0 7 10 0 0 8 0 0 0 0 333 10 /// 58 004 6 000 0 7 0000 
24-JAN-2015 03 48043 3 2 0 56 0 00 00 10 140 20 124 3 0000 4 0000 5 0000 6 000 0 7 00 0 0 8 0 0 0 0 333 10 /// 58 000 6 000 0 7 0000 
24-JAN-2015 03 48045 3 2 9 60 0 14 02 10 120 20 113 3 0000 4 0000 5 0000 6 000 0 7 00 0 0 8 0 0 0 0 333 10 /// 58 000 6 000 0 7 0000 
24-JAN-2015 03 48048 3 2 9 58 0 04 01 10 166 20 117 3 0000 4 0166 5 0000 6 000 0 7 00 0 0 8 0 0 0 0 333 10 /// 59 010 6 000 0 7 0000 
24-JAN-2015 03 48051 3 2 9 58 0 31 02 10 176 20 170 3 0000 4 0000 5 0000 6 000 0 7 00 0 0 8 0 0 0 0 333 10 /// 58 000 6 000 0 7 0000 
24-JAN-2015 03 48052 3 2 4 58 3 32 02 10 210 20 143 3 0000 4 0000 5 0000 6 000 0 7 00 0 0 8 3 8 0 0 333 10 /// 58 000 6 000 0 7 0000 
24-JAN-2015 03 48053 3 1 9 40 0 00 00 10 190 20 139 3 0000 4 0167 5 0000 6 000 0 7 10 0 0 8 0 0 0 0 333 10 /// 58 000 6 000 0 7 0000 
24-JAN-2015 03 48055 3 1 9 50 0 13 01 10 129 20 086 3 0000 4 0188 5 0000 6 000 0 7 10 4 4 8 0 0 0 0 333 10 /// 59 010 6 000 0 7 0000 
24-JAN-2015 03 48057 3 2 9 58 0 22 02 10 160 20 085 3 0000 4 0000 5 0000 6 000 0 7 00 0 0 8 0 0 0 0 333 10 /// 58 000 6 000 0 7 0000 
24-JAN-2015 03 48060 3 2 4 40 1 00 00 10 150 20 111 3 0000 4 0186 5 0000 6 000 0 7 00 0 0 8 1 1 0 0 333 10 /// 59 014 6 000 0 7 0000 
24-JAN-2015 03 48062 3 1 5 50 3 04 01 10 180 20 115 3 0000 4 0164 5 0000 6 000 0 7 10 4 4 8 3 5 0 0 333 10 /// 59 008 6 000 0 7 0000 
24-JAN-2015 03 48064 3 2 9 60 0 14 01 10 166 20 135 3 0000 4 0148 5 0000 6 000 0 7 00 0 0 8 0 0 0 0 333 10 /// 58 001 6 000 0 7 0000 
24-JAN-2015 03 48065 3 2 9 68 0 00 00 10 187 20 108 3 0000 4 0000 5 0000 6 000 0 7 00 0 0 8 0 0 0 0 333 10 /// 58 000 6 000 0 7 0000 
24-JAN-2015 03 48071 3 1 9 58 0 05 01 10 210 20 175 3 0000 4 0170 5 0000 6 000 0 7 05 4 0 8 0 0 0 0 333 10 /// 58 004 6 000 0 7 0000 
24-JAN-2015 03 48072 3 1 9 59 0 13 01 10 220 20 185 3 0000 4 0000 5 0000 6 000 0 7 05 2 2 8 0 0 0 0 333 10 /// 58 000 6 000 0 7 0000 
24-JAN-2015 03 48074 3 2 9 58 0 14 02 10 200 20 130 3 0000 4 0170 5 0000 6 000 0 7 00 0 0 8 0 0 0 0 333 10 /// 58 001 6 000 0 7 0000 
24-JAN-2015 03 48075 3 2 9 58 0 00 00 10 160 20 120 3 0000 4 0188 5 0000 6 000 0 7 00 0 0 8 0 0 0 0 333 10 /// 59 009 6 000 0 7 0000 
24-JAN-2015 03 48077 3 2 9 59 0 00 00 10 212 20 160 3 0000 4 0162 5 0000 6 000 0 7 00 0 0 8 0 0 0 0 333 10 /// 58 002 6 000 0 7 0000 
24-JAN-2015 03 48078 3 1 9 56 1 04 02 10 201 20 140 3 0000 4 0169 5 0000 6 000 0 7 02 4 4 8 0 0 0 1 333 10 /// 59 001 6 000 0 7 0000 
24-JAN-2015 03 48080 3 1 9 59 0 04 01 10 182 20 147 3 0000 4 0175 5 0000 6 000 0 7 02 4 4 8 0 0 0 0 333 10 /// 58 004 6 000 0 7 0000 
24-JAN-2015 03 48085 3 1 9 57 0 04 02 10 218 20 185 3 0000 4 0162 5 0000 6 000 0 7 05 4 4 8 0 0 0 0 333 10 /// 59 001 6 000 0 7 0000 
24-JAN-2015 03 48087 3 2 9 60 0 00 00 10 206 20 160 3 0000 4 0000 5 0000 6 000 0 7 00 0 0 8 0 0 0 0 333 10 /// 58 000 6 000 0 7 0000 
24-JAN-2015 03 48092 3 1 9 56 0 00 00 10 255 20 155 3 0000 4 0147 5 0000 6 000 0 7 05 1 1 8 0 0 0 0 333 10 /// 59 004 6 000 0 7 0000 
24-JAN-2015 03 48093 3 2 9 56 0 14 01 10 223 20 173 3 0000 4 0000 5 0000 6 000 0 7 00 0 0 8 0 0 0 0 333 10 /// 58 000 6 000 0 7 0000 
24-JAN-2015 03 48094 3 2 9 58 0 36 02 10 245 20 200 3 0000 4 0166 5 0000 6 000 0 7 00 0 0 8 0 0 0 0 333 10 /// 58 000 6 000 0 7 0000 
24-JAN-2015 03 48095 3 2 9 58 0 00 00 10 220 20 185 3 0000 4 0000 5 0000 6 000 0 7 00 0 0 8 0 0 0 0 333 10 /// 58 000 6 000 0 7 0000 
24-JAN-2015 03 48097 3 1 9 57 1 22 03 10 250 20 176 3 0000 4 0171 5 0000 6 000 0 7 00 0 0 8 0 0 0 1 333 10 /// 59 009 6 000 0 7 0000 
24-JAN-2015 03 48099 3 1 4 50 2 04 01 10 230 20 163 3 0000 4 0165 5 0000 6 000 0 7 03 4 4 8 2 8 0 0 333 10 /// 58 005 6 000 0 7 0000 
24-JAN-2015 03 48101 3 2 9 58 0 32 01 10 243 20 209 3 0000 4 0000 5 0000 6 000 0 7 00 0 0 8 0 0 0 0 333 10 /// 58 000 6 000 0 7 0000 
24-JAN-2015 03 48103 3 2 9 56 0 32 02 10 242 20 155 3 0000 4 0160 5 0000 6 000 0 7 00 0 0 8 0 0 0 0 333 10 /// 58 002 6 000 0 7 0000 
24-JAN-2015 03 48107 3 1 9 30 0 09 01 10 222 20 173 3 0000 4 0151 5 0000 6 000 0 7 01 4 4 8 0 0 0 0 333 10 /// 58 002 6 000 0 7 0000 
24-JAN-2015 03 48108 3 1 9 96 4 14 02 10 235 20 177 3 0000 4 0161 5 0000 6 000 0 7 01 4 4 8 0 0 0 6 333 10 /// 59 006 6 000 0 7 0000 
24-JAN-2015 03 48109 3 2 4 97 1 00 00 10 260 20 229 3 0000 4 0162 5 0000 6 000 0 7 00 0 0 8 1 5 0 0 333 10 /// 58 000 6 000 0 7 0000 
24-JAN-2015 03 48110 3 1 9 95 2 13 03 10 250 20 194 3 0000 4 0160 5 0000 6 000 0 7 05 4 4 8 0 0 0 5 333 10 /// 59 002 6 000 0 7 0000 
24-JAN-2015 03 48112 3 2 5 98 6 04 02 10 250 20 219 3 0000 4 0154 5 0000 6 000 0 7 00 0 0 8 2 2 1 6 333 10 /// 59 007 6 000 0 7 0000 
