240300 48001 31450 60000 10134 20128 40176 74022 84830 333 56590 59006=
240300 48004 31458 40401 10154 20111 70144 84800 333 56500=
240300 48008 32557 61401 10145 20111 40193 83970 333 56330 58011=
240300 48010 32040 01801 10170 20154 40181 333 59003=
240300 48018 32958 00000 10175 20154 40166 333 59013=
240300 48019 32960 00402 10164 20123 40170 333 59002=
240300 48020 32250 00000 10170 20154 333=
240300 48025 31340 22201 10172 20135 40183 70144 81540 333 56590 59004=
240300 48030 32956 02202 10053 20053 333=
240300 48031 32960 03201 10125 20081 333=
240300 48033 32962 03601 10200 20150 40159 333 59001=
240300 48034 31456 20000 10144 20107 82500 333 56500=
240300 48035 31960 00000 10139 20124 40155 70544 333 59039=
240300 48037 32958 03601 10183 20129 40165 333 58003=
240300 48039 31940 21401 10206 20160 74044 80002 333 56009=
240300 48042 31950 00000 10210 20160 40168 71000 333 58004=
240300 48043 32056 00000 10140 20124 333=
240300 48045 32960 01402 10120 20113 333=
240300 48048 32958 00401 10166 20117 40166 333 59010=
240300 48051 32958 03102 10176 20170 333=
240300 48052 32458 33202 10210 20143 83800 333 56900=
240300 48053 31940 00000 10190 20139 40167 71000 333 58000=
240300 48055 31950 01301 10129 20086 40188 71044 333 59010=
240300 48057 32958 02202 10160 20085 333=
240300 48060 32440 10000 10150 20111 40186 81100 333 56500 59014=
240300 48062 31550 30401 10180 20115 40164 71044 83500 333 56900 59008=
240300 48064 32960 01401 10166 20135 40148 333 58001=
240300 48065 32968 00000 10187 20108 333=
240300 48071 31958 00501 10210 20175 40170 70540 333 58004=
240300 48072 31959 01301 10220 20185 70522 333=
240300 48074 32958 01402 10200 20130 40170 333 58001=
240300 48075 32958 00000 10160 20120 40188 333 59009=
240300 48077 32959 00000 10212 20160 40162 333 58002=
240300 48078 31956 10402 10201 20140 40169 70244 80001 333 56009 59001=
240300 48080 31959 00401 10182 20147 40175 70244 333 58004=
240300 48085 31957 00402 10218 20185 40162 70544 333 59001=
240300 48087 32960 00000 10206 20160 333=
240300 48092 31956 00000 10255 20155 40147 70511 333 59004=
240300 48093 32956 01401 10223 20173 333=
240300 48094 32958 03602 10245 20200 40166 333 58000=
240300 48095 32958 00000 10220 20185 333=
240300 48097 31957 12203 10250 20176 40171 80001 333 59009=
240300 48099 31450 20401 10230 20163 40165 70344 82800 333 56900 58005=
240300 48101 32958 03201 10243 20209 333=
240300 48103 32956 03202 10242 20155 40160 333 58002=
240300 48107 31930 00901 10222 20173 40151 70144 333 58002=
240300 48108 31996 41402 10235 20177 40161 70144 80006 333 56009 59006=
240300 48109 32497 10000 10260 20229 40162 81500 333 56900 56900 59002=
240300 48110 31995 21303 10250 20194 40160 70544 80005 333 56009 59002=
240300 48112 32598 60402 10250 20219 40154 82216 333 56199 59007=  
