24-JUN-2015 12 48001 2 1 4 30 8 00 00 10 268 20 256 3 0000 4 9973 5 0000 6 000 0 7 02 6 6 8 4 7 7 / 333 10 305 59 030 6 002 2 7 0000 
24-JUN-2015 12 48008 2 1 4 56 6 00 00 10 312 20 282 3 0000 4 9977 5 0000 6 000 0 7 50 5 5 8 3 9 7 0 333 10 323 59 008 6 990 2 7 0000 
24-JUN-2015 12 48010 2 1 4 30 6 00 00 10 280 20 268 3 0000 4 9979 5 0000 6 000 0 7 01 5 5 8 4 7 3 0 333 10 295 59 015 6 003 2 7 0000 
24-JUN-2015 12 48018 3 2 5 60 6 22 02 10 335 20 244 3 0000 4 0000 5 0000 6 000 0 7 03 2 2 8 3 8 7 2 333 10 345 59 025 6 000 0 7 0000 
24-JUN-2015 12 48019 3 2 4 50 6 23 01 10 300 20 266 3 0000 4 9980 5 0000 6 000 0 7 00 0 0 8 3 7 6 0 333 10 330 59 009 6 000 0 7 0000 
24-JUN-2015 12 48020 3 2 3 56 6 04 02 10 325 20 278 3 0000 4 0000 5 0000 6 000 0 7 00 0 0 8 4 7 3 0 333 10 344 58 000 6 000 0 7 0000 
24-JUN-2015 12 48025 2 2 4 58 5 00 00 10 318 20 265 3 0000 4 9968 5 0000 6 000 0 7 00 0 0 8 3 8 4 1 333 10 327 59 018 6 990 2 7 0000 
24-JUN-2015 12 48033 3 2 5 62 5 18 02 10 340 20 240 3 0000 4 9983 5 0000 6 000 0 7 00 0 0 8 5 9 0 0 333 10 360 59 005 6 000 0 7 0000 
24-JUN-2015 12 48035 3 2 5 60 4 22 02 10 281 20 203 3 0000 4 9981 5 0000 6 000 0 7 00 0 0 8 3 9 6 0 333 10 306 58 008 6 000 0 7 0000 
24-JUN-2015 12 48037 3 2 5 60 7 14 01 10 340 20 240 3 0000 4 9970 5 0000 6 000 0 7 00 0 0 8 3 8 7 0 333 10 368 59 012 6 000 0 7 0000 
24-JUN-2015 12 48039 3 2 4 60 4 14 01 10 329 20 244 3 0000 4 0000 5 0000 6 000 0 7 00 0 0 8 4 9 0 0 333 10 340 58 000 6 000 0 7 0000 
24-JUN-2015 12 48042 3 2 5 59 4 18 05 10 340 20 240 3 0000 4 9982 5 0000 6 000 0 7 00 0 0 8 2 8 5 2 333 10 355 59 009 6 000 0 7 0000 
24-JUN-2015 12 48043 3 2 5 20 8 18 03 10 255 20 226 3 0000 4 0000 5 0000 6 000 0 7 00 0 0 8 5 8 7 / 333 10 280 58 000 6 000 0 7 0000 
24-JUN-2015 12 48045 3 1 3 50 7 18 02 10 220 20 185 3 0000 4 0000 5 0000 6 000 0 7 01 4 4 8 7 3 0 0 333 10 246 58 000 6 000 0 7 0000 
24-JUN-2015 12 48048 3 2 5 50 5 22 02 10 322 20 236 3 0000 4 9979 5 0000 6 000 0 7 00 0 0 8 4 8 5 0 333 10 355 59 017 6 000 0 7 0000 
24-JUN-2015 12 48052 3 2 4 50 7 13 03 10 325 20 234 3 0000 4 0000 5 0000 6 000 0 7 00 0 0 8 5 9 3 0 333 10 358 58 000 6 000 0 7 0000 
24-JUN-2015 12 48053 2 1 3 56 7 18 05 10 250 20 233 3 0000 4 0014 5 0000 6 000 0 7 02 5 5 8 5 7 7 0 333 10 315 58 000 6 003 2 7 0000 
24-JUN-2015 12 48055 3 2 5 56 8 23 04 10 278 20 203 3 0000 4 9986 5 0000 6 000 0 7 00 0 0 8 5 9 7 / 333 10 307 59 002 6 000 0 7 0000 
24-JUN-2015 12 48060 3 2 3 30 5 22 02 10 280 20 194 3 0000 4 9986 5 0000 6 000 0 7 01 2 2 8 2 1 7 2 333 10 306 59 003 6 000 0 7 0000 
24-JUN-2015 12 48062 2 1 4 50 8 27 15 10 260 20 260 3 0000 4 9995 5 0000 6 000 0 7 61 6 6 8 6 9 2 0 333 10 295 59 016 6 044 2 7 0000 
24-JUN-2015 12 48064 3 2 4 50 7 00 00 10 306 20 254 3 0000 4 9975 5 0000 6 000 0 7 00 0 0 8 4 8 3 1 333 10 319 59 026 6 000 0 7 0000 
24-JUN-2015 12 48065 3 2 5 57 7 12 02 10 305 20 234 3 0000 4 0000 5 0000 6 000 0 7 02 2 2 8 5 3 7 / 333 10 330 58 000 6 000 0 7 0000 
24-JUN-2015 12 48071 2 1 3 50 8 23 09 10 260 20 260 3 0000 4 0010 5 0000 6 000 0 7 65 6 6 8 6 9 2 / 333 10 288 59 015 6 075 2 7 0000 
24-JUN-2015 12 48074 2 1 3 56 8 00 00 10 280 20 268 3 0000 4 0033 5 0000 6 000 0 7 20 5 5 8 6 9 2 / 333 10 322 59 014 6 990 2 7 0000 
24-JUN-2015 12 48075 3 2 4 56 6 22 01 10 270 20 211 3 0000 4 0025 5 0000 6 000 0 7 01 2 2 8 3 8 1 1 333 10 300 59 015 6 000 0 7 0000 
24-JUN-2015 12 48077 3 2 5 56 8 23 02 10 292 20 248 3 0000 4 0015 5 0000 6 000 0 7 00 0 0 8 5 9 3 1 333 10 320 59 014 6 000 0 7 0000 
24-JUN-2015 12 48078 2 1 4 40 8 18 02 10 266 20 258 3 0000 4 0037 5 0000 6 000 0 7 50 9 6 8 6 3 2 / 333 10 310 59 015 6 002 2 7 0000 
24-JUN-2015 12 48080 2 1 4 56 8 22 08 10 280 20 268 3 0000 4 0026 5 0000 6 000 0 7 52 6 5 8 6 7 2 0 333 10 320 59 002 6 017 2 7 0000 
24-JUN-2015 12 48085 2 1 3 56 7 27 05 10 292 20 259 3 0000 4 0027 5 0000 6 000 0 7 50 6 5 8 6 9 2 0 333 10 316 59 009 6 001 2 7 0000 
24-JUN-2015 12 48092 2 2 4 56 8 23 02 10 270 20 256 3 0000 4 0021 5 0000 6 000 0 7 02 6 6 8 5 9 7 / 333 10 325 59 012 6 010 2 7 0000 
24-JUN-2015 12 48094 2 1 4 56 8 22 02 10 295 20 250 3 0000 4 0033 5 0000 6 000 0 7 03 9 6 8 6 9 7 0 333 10 318 59 018 6 001 2 7 0000 
24-JUN-2015 12 48097 2 1 4 57 8 23 01 10 265 20 258 3 0000 4 0057 5 0000 6 000 0 7 02 6 6 8 7 9 / / 333 10 328 59 008 6 013 2 7 0000 
24-JUN-2015 12 48099 2 1 2 20 8 16 02 10 248 20 248 3 0000 4 0053 5 0000 6 000 0 7 60 6 5 8 6 9 2 / 333 10 282 58 001 6 009 2 7 0000 
24-JUN-2015 12 48103 2 1 3 20 8 22 04 10 252 20 233 3 0000 4 0059 5 0000 6 000 0 7 50 6 6 8 6 7 7 / 333 10 302 59 001 6 017 2 7 0000 
24-JUN-2015 12 48107 2 1 3 30 8 32 01 10 242 20 242 3 0000 4 0070 5 0000 6 000 0 7 53 6 6 8 5 9 7 / 333 10 260 58 007 6 077 2 7 0000 
24-JUN-2015 12 48108 2 1 4 93 8 23 05 10 250 20 233 3 0000 4 0072 5 0000 6 000 0 7 95 9 5 8 5 9 2 / 333 10 260 59 006 6 071 2 7 0000 
24-JUN-2015 12 48109 3 2 4 96 7 23 07 10 303 20 266 3 0000 4 0062 5 0000 6 000 0 7 00 0 0 8 4 9 7 0 333 10 318 59 010 6 000 0 7 0000 
24-JUN-2015 12 48110 2 1 4 94 8 13 01 10 260 20 246 3 0000 4 0080 5 0000 6 000 0 7 51 9 9 8 6 9 2 / 333 10 275 59 009 6 014 2 7 0000 
24-JUN-2015 12 48112 2 1 4 96 8 22 08 10 265 20 265 3 0000 4 0098 5 0000 6 000 0 7 95 9 5 8 6 9 7 / 333 10 303 58 010 6 004 2 7 0000 
