24-JUN-2015 09 48001 2 1 4 40 8 14 01 10 278 20 248 3 0000 4 9986 5 0000 6 000 0 7 60 6 6 8 7 7 / / 333 10 /// 59 019 6 000 0 7 0000 
24-JUN-2015 09 48004 2 1 1 10 8 04 01 10 270 20 270 3 0000 4 0000 5 0000 6 000 0 7 50 5 5 8 6 9 7 / 333 10 /// 58 000 6 000 0 7 0000 
24-JUN-2015 09 48008 3 1 4 56 7 32 01 10 295 20 253 3 0000 4 9994 5 0000 6 000 0 7 50 5 5 8 4 9 7 0 333 10 /// 58 001 6 000 0 7 0000 
24-JUN-2015 09 48010 2 1 5 50 7 00 00 10 280 20 274 3 0000 4 9998 5 0000 6 000 0 7 50 5 5 8 5 9 7 0 333 10 /// 59 011 6 000 0 7 0000 
24-JUN-2015 09 48018 3 2 5 60 5 22 02 10 345 20 257 3 0000 4 9998 5 0000 6 000 0 7 01 2 2 8 2 8 6 2 333 10 /// 59 009 6 000 0 7 0000 
24-JUN-2015 09 48019 3 2 4 58 6 32 02 10 320 20 265 3 0000 4 9996 5 0000 6 000 0 7 00 0 0 8 3 7 6 0 333 10 /// 58 003 6 000 0 7 0000 
24-JUN-2015 09 48020 3 2 3 60 7 04 02 10 325 20 278 3 0000 4 0000 5 0000 6 000 0 7 00 0 0 8 5 7 3 0 333 10 /// 58 000 6 000 0 7 0000 
24-JUN-2015 09 48025 2 1 4 56 7 14 01 10 323 20 248 3 0000 4 9989 5 0000 6 000 0 7 01 5 5 8 4 8 7 0 333 10 /// 59 002 6 000 0 7 0000 
24-JUN-2015 09 48030 2 1 1 40 8 04 02 10 217 20 205 3 0000 4 0000 5 0000 6 000 0 7 50 5 5 8 7 8 4 / 333 10 /// 58 000 6 000 0 7 0000 
24-JUN-2015 09 48031 2 1 / 02 9 14 01 10 200 20 200 3 0000 4 0000 5 0000 6 000 0 7 60 6 4 8 9 / / / 333 10 /// 58 000 6 000 0 7 0000 
24-JUN-2015 09 48033 3 2 5 63 7 18 02 10 350 20 237 3 0000 4 9982 5 0000 6 000 0 7 00 0 0 8 6 9 3 0 333 10 /// 59 010 6 000 0 7 0000 
24-JUN-2015 09 48034 2 1 3 56 8 23 02 10 218 20 210 3 0000 4 0000 5 0000 6 000 0 7 50 5 5 8 6 9 2 / 333 10 /// 58 000 6 000 0 7 0000 
24-JUN-2015 09 48035 3 2 5 60 6 22 04 10 300 20 207 3 0000 4 9987 5 0000 6 000 0 7 00 0 0 8 4 9 6 0 333 10 /// 58 008 6 000 0 7 0000 
24-JUN-2015 09 48037 3 2 5 60 6 18 03 10 362 20 235 3 0000 4 9984 5 0000 6 000 0 7 00 0 0 8 5 3 3 0 333 10 /// 59 003 6 000 0 7 0000 
24-JUN-2015 09 48039 3 2 4 60 7 14 02 10 329 20 244 3 0000 4 0000 5 0000 6 000 0 7 00 0 0 8 5 9 6 0 333 10 /// 58 000 6 000 0 7 0000 
24-JUN-2015 09 48042 3 2 5 58 7 18 05 10 345 20 240 3 0000 4 9988 5 0000 6 000 0 7 00 0 0 8 4 8 7 0 333 10 /// 59 007 6 000 0 7 0000 
24-JUN-2015 09 48043 3 2 5 56 8 18 07 10 265 20 256 3 0000 4 0000 5 0000 6 000 0 7 00 0 0 8 5 8 7 / 333 10 /// 58 000 6 000 0 7 0000 
24-JUN-2015 09 48045 3 1 3 30 8 18 02 10 232 20 214 3 0000 4 0000 5 0000 6 000 0 7 43 4 4 8 8 7 0 0 333 10 /// 58 000 6 000 0 7 0000 
24-JUN-2015 09 48048 3 2 5 58 6 18 03 10 350 20 219 3 0000 4 9990 5 0000 6 000 0 7 00 0 0 8 4 8 5 0 333 10 /// 59 009 6 000 0 7 0000 
24-JUN-2015 09 48051 2 1 4 56 8 13 02 10 256 20 256 3 0000 4 0000 5 0000 6 000 0 7 51 5 5 8 6 9 2 0 333 10 /// 58 000 6 000 0 7 0000 
24-JUN-2015 09 48052 3 2 4 68 5 13 03 10 340 20 240 3 0000 4 0000 5 0000 6 000 0 7 00 0 0 8 5 9 0 0 333 10 /// 58 000 6 000 0 7 0000 
24-JUN-2015 09 48053 2 2 4 56 7 18 05 10 310 20 254 3 0000 4 0014 5 0000 6 000 0 7 00 0 0 8 5 8 5 0 333 10 /// 58 003 6 000 0 7 0000 
24-JUN-2015 09 48055 3 2 5 57 7 23 03 10 297 20 202 3 0000 4 9984 5 0000 6 000 0 7 00 0 0 8 4 9 5 1 333 10 /// 58 004 6 000 0 7 0000 
24-JUN-2015 09 48057 3 2 4 57 7 22 02 10 225 20 181 3 0000 4 0000 5 0000 6 000 0 7 00 0 0 8 5 3 5 0 333 10 /// 58 000 6 000 0 7 0000 
24-JUN-2015 09 48060 3 2 3 40 7 22 02 10 300 20 196 3 0000 4 9996 5 0000 6 000 0 7 02 2 2 8 5 7 3 0 333 10 /// 58 003 6 000 0 7 0000 
24-JUN-2015 09 48062 2 1 4 56 8 27 09 10 270 20 260 3 0000 4 0013 5 0000 6 000 0 7 61 6 5 8 6 9 2 0 333 10 /// 59 003 6 000 0 7 0000 
24-JUN-2015 09 48064 3 2 4 68 8 04 01 10 310 20 268 3 0000 4 9979 5 0000 6 000 0 7 00 0 0 8 4 8 7 0 333 10 /// 59 022 6 000 0 7 0000 
24-JUN-2015 09 48065 3 2 5 57 7 21 01 10 320 20 248 3 0000 4 0000 5 0000 6 000 0 7 00 0 0 8 5 5 7 0 333 10 /// 58 000 6 000 0 7 0000 
24-JUN-2015 09 48071 2 1 4 58 8 23 05 10 258 20 255 3 0000 4 0023 5 0000 6 000 0 7 60 6 6 8 6 9 2 / 333 10 /// 58 006 6 000 0 7 0000 
24-JUN-2015 09 48072 3 2 4 60 8 27 08 10 310 20 267 3 0000 4 0000 5 0000 6 000 0 7 02 2 2 8 6 9 3 0 333 10 /// 58 000 6 000 0 7 0000 
24-JUN-2015 09 48074 3 2 4 58 7 23 03 10 320 20 265 3 0000 4 0081 5 0000 6 000 0 7 00 0 0 8 4 3 7 0 333 10 /// 58 003 6 000 0 7 0000 
24-JUN-2015 09 48075 3 2 4 57 7 32 03 10 280 20 203 3 0000 4 0023 5 0000 6 000 0 7 02 2 2 8 5 3 7 0 333 10 /// 59 009 6 000 0 7 0000 
24-JUN-2015 09 48077 3 2 5 59 7 23 04 10 310 20 254 3 0000 4 0018 5 0000 6 000 0 7 00 0 0 8 5 9 3 1 333 10 /// 59 009 6 000 0 7 0000 
24-JUN-2015 09 48078 2 1 5 56 6 18 01 10 307 20 274 3 0000 4 0033 5 0000 6 000 0 7 02 5 5 8 4 3 3 1 333 10 /// 59 002 6 000 0 7 0000 
24-JUN-2015 09 48080 2 1 4 59 8 22 08 10 294 20 274 3 0000 4 0036 5 0000 6 000 0 7 50 6 5 8 5 8 7 0 333 10 /// 58 000 6 000 0 7 0000 
24-JUN-2015 09 48085 3 2 4 58 8 27 07 10 310 20 267 3 0000 4 0032 5 0000 6 000 0 7 00 0 0 8 6 9 7 0 333 10 /// 59 002 6 000 0 7 0000 
24-JUN-2015 09 48087 2 2 4 58 7 23 02 10 307 20 267 3 0000 4 0000 5 0000 6 000 0 7 03 2 2 8 4 9 7 / 333 10 /// 58 000 6 000 0 7 0000 
24-JUN-2015 09 48092 2 1 4 57 8 18 01 10 280 20 268 3 0000 4 0025 5 0000 6 000 0 7 50 6 5 8 5 9 7 / 333 10 /// 58 000 6 000 0 7 0000 
24-JUN-2015 09 48093 2 1 4 56 8 04 02 10 264 20 246 3 0000 4 0000 5 0000 6 000 0 7 03 6 5 8 6 9 7 / 333 10 /// 58 000 6 000 0 7 0000 
24-JUN-2015 09 48094 3 2 4 58 7 22 03 10 315 20 275 3 0000 4 0037 5 0000 6 000 0 7 00 0 0 8 5 9 7 0 333 10 /// 59 007 6 000 0 7 0000 
24-JUN-2015 09 48095 2 1 4 58 8 00 00 10 290 20 274 3 0000 4 0000 5 0000 6 000 0 7 50 2 2 8 5 9 7 0 333 10 /// 58 000 6 000 0 7 0000 
24-JUN-2015 09 48097 2 1 4 57 8 27 02 10 260 20 260 3 0000 4 0064 5 0000 6 000 0 7 21 6 6 8 6 9 7 / 333 10 /// 58 001 6 000 0 7 0000 
24-JUN-2015 09 48099 2 1 4 40 8 23 02 10 282 20 268 3 0000 4 0046 5 0000 6 000 0 7 02 6 5 8 6 9 7 / 333 10 /// 59 004 6 000 0 7 0000 
24-JUN-2015 09 48101 2 1 4 57 8 27 03 10 288 20 259 3 0000 4 0000 5 0000 6 000 0 7 51 6 5 8 5 9 7 / 333 10 /// 58 000 6 000 0 7 0000 
24-JUN-2015 09 48103 2 1 3 50 8 22 01 10 299 20 266 3 0000 4 0049 5 0000 6 000 0 7 50 5 5 8 6 7 7 / 333 10 /// 59 003 6 000 0 7 0000 
24-JUN-2015 09 48107 2 1 3 30 8 23 02 10 248 20 248 3 0000 4 0068 5 0000 6 000 0 7 51 6 6 8 5 9 7 / 333 10 /// 58 002 6 000 0 7 0000 
24-JUN-2015 09 48108 2 1 4 93 8 23 01 10 250 20 250 3 0000 4 0074 5 0000 6 000 0 7 95 9 6 8 5 9 2 / 333 10 /// 59 006 6 000 0 7 0000 
24-JUN-2015 09 48110 2 1 4 95 8 32 02 10 270 20 256 3 0000 4 0078 5 0000 6 000 0 7 95 9 9 8 6 3 2 / 333 10 /// 59 017 6 000 0 7 0000 
24-JUN-2015 09 48112 3 2 5 97 8 22 10 10 300 20 253 3 0000 4 0086 5 0000 6 000 0 7 02 2 2 8 3 8 7 6 333 10 /// 58 010 6 000 0 7 0000 
