241200 48001 22420 80000 10235 20209 40059 8487/ 333 10246 56339 58031 60012=
241200 48004 32358 70000 10312 20254 84900 333 10324 56500 60002=
241200 48008 32556 50000 10305 20225 40030 83930 333 10310 56440 58027 60002=
241200 48010 32550 50000 10308 20267 40019 82831 333 10322 56566 58032 60002=
241200 48018 22956 00401 10300 20223 40021 333 10313 58028 60032=
241200 48019 32956 03201 10302 20253 40017 333 10317 58025 60002=
241200 48020 32356 53602 10335 20257 85800 333 10385 56400 60002=
241200 48025 32440 73202 10352 20237 40012 85870 333 10355 56660 58026 60002=
241200 48030 21256 62202 10237 20191 70544 83870 333 10250 56560 60002=
241200 48031 31258 80000 10250 20150 70544 888// 333 10274 56999 60002=
241200 48033 32562 71801 10350 20237 40019 85830 333 10370 56660 58011 60002=
241200 48034 22456 20000 10278 20203 82800 333 10313 56500 60032=
241200 48035 32557 12702 10300 20207 49999 81200 333 10333 56900 58022 60002=
241200 48037 32556 51401 10350 20237 49999 83830 333 10375 56110 58011 60002=
241200 48039 22460 32201 10334 20258 82850 333 10353 56550 69902=
241200 48042 32958 31801 10345 20240 40010 80052 333 10365 56049 58012 60002=
241200 48043 32030 01801 10270 20215 333 10290 60002=
241200 48045 32556 71402 10245 20105 87700 333 10280 56600 60002=
241200 48048 32550 51801 10332 20234 40016 83950 333 10413 56590 58023 60002=
241200 48051 22558 70000 10237 20230 85930 333 10290 56690 60082=
241200 48052 32450 52203 10325 20212 85900 333 10410 56900 60002=
241200 48053 32556 51801 10340 20257 40019 83956 333 10362 56599 58011 60002=
241200 48055 22556 71602 10223 20205 40048 70296 84970 333 10309 56550 58012 60122=
241200 48057 31456 62201 10240 20174 70199 83351 333 10276 56699 60002=
241200 48060 32440 40000 10302 20207 40016 82102 333 10334 56506 59013 60002=
241200 48062 21450 81803 10240 20230 40039 75095 8692/ 333 10305 5699/ 58003 60212=
241200 48064 32450 50000 10311 20254 40015 84801 333 10370 56909 58018 60002=
241200 48065 32450 32201 10312 20237 81101 333 10385 56909 60002=
241200 48071 21350 80000 10240 20240 40061 76196 8692/ 333 10310 5699/ 58028 60202=
241200 48072 21356 81302 10240 20226 76396 85970 333 10315 56990 60272=
241200 48074 32457 60401 10320 20248 40045 85960 333 10347 56440 58003 60002=
241200 48075 21456 50000 10230 20230 40073 70265 83830 333 10315 56590 58025 60162=
241200 48077 21556 80000 10250 20233 40041 70296 85970 333 10350 56490 58012 60182=
241200 48078 32556 51802 10306 20254 40055 83331 333 10328 5644/ 58008 60002=
241200 48080 31457 82704 10270 20256 40058 75055 85770 333 10337 56690 58007 60002=
241200 48085 32458 62706 10303 20253 40054 84870 333 10332 56590 58007 60002=
241200 48087 32550 62301 10300 20253 83870 333 10328 56490 60002=
241200 48092 32556 72301 10295 20214 40040 84371 333 10310 56999 58007 60002=
241200 48093 32560 62301 10282 20250 8637/ 333 10316 56599 60002=
241200 48094 32456 70000 10290 20265 40057 85940 333 10315 56690 59001 60002=
241200 48095 32556 72201 10280 20268 83870 333 10290 56990 60002=
241200 48097 32557 82301 10290 20248 40076 85530 333 10310 56990 58009 60002=
241200 48099 32440 52301 10300 20239 40049 83930 333 10320 56690 59003 60002=
241200 48101 32556 70000 10287 20248 84770 333 10304 56590 60002=
241200 48103 32440 62201 10300 20253 40059 83830 333 10332 56550 58002 60002=
241200 48107 22330 60000 10272 20256 40065 84970 333 10310 56550 59006 69902=
241200 48108 21495 72303 10287 20249 40069 72095 84976 333 10308 56599 59012 60022=
241200 48109 32496 72301 10300 20253 40068 85970 333 10326 56990 58015 60002=
241200 48110 21596 81802 10285 20254 40083 70255 82307 333 10325 56509 58001 60042=
241200 48112 22496 82203 10260 20246 40100 8677/ 333 10315 5659/ 58015 60402=  
