24-MAR-2015 03 48001 3 1 4 40 7 18 01 10 200 20 168 3 0000 4 0152 5 0000 6 000 0 7 03 2 2 8 4 7 7 0 333 10 /// 58 018 6 000 0 7 0000 
24-MAR-2015 03 48004 3 1 5 56 2 04 01 10 224 20 173 3 0000 4 0000 5 0000 6 000 0 7 05 2 1 8 2 8 0 0 333 10 /// 58 000 6 000 0 7 0000 
24-MAR-2015 03 48008 3 1 5 56 5 04 02 10 252 20 233 3 0000 4 0126 5 0000 6 000 0 7 05 4 4 8 2 4 3 0 333 10 /// 58 015 6 000 0 7 0000 
24-MAR-2015 03 48010 3 1 5 56 3 00 00 10 225 20 185 3 0000 4 0124 5 0000 6 000 0 7 05 4 4 8 0 0 3 0 333 10 /// 58 016 6 000 0 7 0000 
24-MAR-2015 03 48018 3 1 9 57 9 04 01 10 230 20 181 3 0000 4 0112 5 0000 6 000 0 7 05 0 0 8 0 0 0 0 333 10 /// 59 004 6 000 0 7 0000 
24-MAR-2015 03 48019 3 1 9 57 0 36 01 10 235 20 181 3 0000 4 0120 5 0000 6 000 0 7 05 0 0 8 0 0 0 0 333 10 /// 58 008 6 000 0 7 0000 
24-MAR-2015 03 48025 3 1 4 10 2 22 01 10 232 20 143 3 0000 4 0120 5 0000 6 000 0 7 05 4 4 8 2 5 0 0 333 10 /// 58 015 6 000 0 7 0000 
24-MAR-2015 03 48033 3 2 9 62 0 18 01 10 290 20 179 3 0000 4 0114 5 0000 6 000 0 7 00 0 0 8 0 0 0 0 333 10 /// 58 012 6 000 0 7 0000 
24-MAR-2015 03 48034 3 1 4 56 6 23 02 10 200 20 140 3 0000 4 0000 5 0000 6 000 0 7 05 1 1 8 6 5 0 0 333 10 /// 58 000 6 000 0 7 0000 
24-MAR-2015 03 48035 3 1 9 20 0 00 00 10 243 20 136 3 0000 4 0122 5 0000 6 000 0 7 04 0 0 8 0 0 0 0 333 10 /// 58 010 6 000 0 7 0000 
24-MAR-2015 03 48037 3 1 9 40 0 09 01 10 262 20 136 3 0000 4 0113 5 0000 6 000 0 7 05 4 4 8 0 0 0 0 333 10 /// 58 005 6 000 0 7 0000 
24-MAR-2015 03 48039 3 1 9 50 2 22 02 10 305 20 207 3 0000 4 0000 5 0000 6 000 0 7 05 1 1 8 0 0 0 2 333 10 /// 58 000 6 000 0 7 0000 
24-MAR-2015 03 48042 3 1 9 56 0 18 02 10 315 20 209 3 0000 4 0113 5 0000 6 000 0 7 05 0 0 8 0 0 0 0 333 10 /// 58 008 6 000 0 7 0000 
24-MAR-2015 03 48043 3 2 0 58 0 18 06 10 260 20 138 3 0000 4 0000 5 0000 6 000 0 7 00 0 0 8 0 0 0 0 333 10 /// 58 000 6 000 0 7 0000 
24-MAR-2015 03 48048 3 1 4 58 2 22 01 10 290 20 159 3 0000 4 0117 5 0000 6 000 0 7 10 4 4 8 2 8 0 0 333 10 /// 58 002 6 000 0 7 0000 
24-MAR-2015 03 48051 3 2 5 56 6 04 01 10 260 20 230 3 0000 4 0000 5 0000 6 000 0 7 03 2 2 8 4 8 3 0 333 10 /// 58 000 6 000 0 7 0000 
24-MAR-2015 03 48052 3 2 4 68 2 22 01 10 280 20 158 3 0000 4 0000 5 0000 6 000 0 7 00 0 0 8 2 2 0 0 333 10 /// 58 000 6 000 0 7 0000 
24-MAR-2015 03 48053 3 1 9 40 0 18 05 10 300 20 223 3 0000 4 0117 5 0000 6 000 0 7 05 0 0 8 0 0 0 0 333 10 /// 58 004 6 000 0 7 0000 
24-MAR-2015 03 48055 3 1 9 56 0 23 04 10 268 20 133 3 0000 4 0119 5 0000 6 000 0 7 05 0 0 8 0 0 0 0 333 10 /// 59 001 6 000 0 7 0000 
24-MAR-2015 03 48057 3 2 4 58 1 14 02 10 230 20 143 3 0000 4 0000 5 0000 6 000 0 7 00 0 0 8 1 5 0 0 333 10 /// 58 000 6 000 0 7 0000 
24-MAR-2015 03 48060 3 1 9 40 4 00 00 10 247 20 206 3 0000 4 0160 5 0000 6 000 0 7 05 4 4 8 4 8 0 0 333 10 /// 58 021 6 000 0 7 0000 
24-MAR-2015 03 48062 3 1 5 40 2 04 01 10 246 20 230 3 0000 4 0128 5 0000 6 000 0 7 10 4 4 8 2 5 0 0 333 10 /// 58 018 6 000 0 7 0000 
24-MAR-2015 03 48064 3 2 9 60 0 09 01 10 280 20 205 3 0000 4 0116 5 0000 6 000 0 7 00 0 0 8 0 0 0 0 333 10 /// 58 030 6 000 0 7 0000 
24-MAR-2015 03 48065 3 2 9 60 0 04 06 10 290 20 179 3 0000 4 0000 5 0000 6 000 0 7 00 0 0 8 0 0 0 0 333 10 /// 58 000 6 000 0 7 0000 
24-MAR-2015 03 48071 3 1 4 56 5 00 00 10 270 20 240 3 0000 4 0131 5 0000 6 000 0 7 10 4 4 8 5 8 0 0 333 10 /// 58 013 6 000 0 7 0000 
24-MAR-2015 03 48072 3 2 4 59 4 13 03 10 285 20 248 3 0000 4 0000 5 0000 6 000 0 7 03 2 2 8 3 8 3 0 333 10 /// 58 000 6 000 0 7 0000 
24-MAR-2015 03 48074 3 1 4 58 4 23 04 10 293 20 230 3 0000 4 0131 5 0000 6 000 0 7 05 0 0 8 4 1 0 0 333 10 /// 58 011 6 000 0 7 0000 
24-MAR-2015 03 48075 3 1 9 57 0 22 01 10 245 20 210 3 0000 4 0129 5 0000 6 000 0 7 05 0 0 8 0 0 0 0 333 10 /// 58 005 6 000 0 7 0000 
24-MAR-2015 03 48077 3 1 9 58 0 00 00 10 270 20 211 3 0000 4 0118 5 0000 6 000 0 7 05 0 0 8 0 0 0 0 333 10 /// 58 010 6 000 0 7 0000 
24-MAR-2015 03 48078 3 2 5 57 3 18 02 10 291 20 230 3 0000 4 0134 5 0000 6 000 0 7 00 0 0 8 2 5 0 1 333 10 /// 58 011 6 000 0 7 0000 
24-MAR-2015 03 48080 3 2 4 59 1 04 03 10 260 20 229 3 0000 4 0145 5 0000 6 000 0 7 00 0 0 8 1 2 0 0 333 10 /// 58 013 6 000 0 7 0000 
24-MAR-2015 03 48085 3 1 9 57 0 32 02 10 268 20 215 3 0000 4 0130 5 0000 6 000 0 7 05 4 4 8 0 0 0 0 333 10 /// 58 009 6 000 0 7 0000 
24-MAR-2015 03 48087 3 2 5 50 4 04 02 10 252 20 219 3 0000 4 0000 5 0000 6 000 0 7 00 0 0 8 4 7 0 0 333 10 /// 58 000 6 000 0 7 0000 
24-MAR-2015 03 48092 3 1 4 56 1 13 03 10 290 20 259 3 0000 4 0103 5 0000 6 000 0 7 05 2 2 8 1 1 0 0 333 10 /// 58 004 6 000 0 7 0000 
24-MAR-2015 03 48093 3 2 9 57 1 23 01 10 270 20 226 3 0000 4 0000 5 0000 6 000 0 7 01 1 1 8 0 0 0 1 333 10 /// 58 000 6 000 0 7 0000 
24-MAR-2015 03 48094 3 2 4 56 2 32 01 10 278 20 250 3 0000 4 0130 5 0000 6 000 0 7 00 0 0 8 2 8 0 0 333 10 /// 58 010 6 000 0 7 0000 
24-MAR-2015 03 48095 3 2 9 58 0 18 01 10 285 20 233 3 0000 4 0000 5 0000 6 000 0 7 00 0 0 8 0 0 0 0 333 10 /// 58 000 6 000 0 7 0000 
24-MAR-2015 03 48097 3 1 5 57 4 14 01 10 290 20 230 3 0000 4 0138 5 0000 6 000 0 7 05 1 1 8 4 8 0 0 333 10 /// 58 004 6 000 0 7 0000 
24-MAR-2015 03 48099 3 1 4 50 3 04 01 10 300 20 207 3 0000 4 0132 5 0000 6 000 0 7 05 1 1 8 3 8 0 0 333 10 /// 58 020 6 000 0 7 0000 
24-MAR-2015 03 48101 3 2 9 58 0 23 01 10 272 20 226 3 0000 4 0000 5 0000 6 000 0 7 00 0 0 8 0 0 0 0 333 10 /// 58 000 6 000 0 7 0000 
24-MAR-2015 03 48103 3 2 5 50 3 04 01 10 293 20 215 3 0000 4 0134 5 0000 6 000 0 7 00 0 0 8 3 5 0 0 333 10 /// 58 016 6 000 0 7 0000 
24-MAR-2015 03 48107 2 2 9 40 0 23 01 10 280 20 220 3 0000 4 0119 5 0000 6 000 0 7 00 0 0 8 0 0 0 0 333 10 /// 58 008 6 000 0 7 0000 
24-MAR-2015 03 48108 3 2 5 95 8 05 01 10 270 20 240 3 0000 4 0139 5 0000 6 000 0 7 00 0 0 8 3 8 7 6 333 10 /// 58 017 6 000 0 7 0000 
24-MAR-2015 03 48109 3 2 4 97 4 00 00 10 272 20 226 3 0000 4 0139 5 0000 6 000 0 7 02 2 2 8 4 8 0 0 333 10 /// 58 011 6 000 0 7 0000 
24-MAR-2015 03 48110 2 1 5 95 6 13 01 10 285 20 262 3 0000 4 0132 5 0000 6 000 0 7 05 4 4 8 1 1 0 6 333 10 /// 58 009 6 000 0 7 0000 
24-MAR-2015 03 48112 3 2 5 97 8 04 01 10 298 20 223 3 0000 4 0128 5 0000 6 000 0 7 00 0 0 8 3 8 7 6 333 10 /// 58 005 6 000 0 7 0000 
