241800 48008 32510 80000 10275 20220 40036 83970 333 56450 58004=
241800 48010 32501 40000 10265 20229 40030 81431 333 56566 58003=
241800 48018 22420 22201 10260 20229 40032 82800 333 56500 58004=
241800 48025 32406 30000 10305 20239 40048 81570 333 56990 58019=
241800 48042 32550 31802 10304 20239 40035 81450 333 56990 58005=
241800 48053 32540 51802 10280 20250 40052 83956 333 56599 58003=
241800 48057 32439 31401 10220 20173 82350 333 56490=
241800 48060 32420 40000 10232 20198 40057 83802 333 56509 59006=
241800 48062 21450 61302 10250 20230 40045 70255 85970 333 56990 59014=
241800 48071 21320 82303 10240 20240 40037 72162 8592/ 333 5699/ 59012=
241800 48078 32550 80000 10270 20240 40062 8587/ 333 56499 59010=
241800 48080 32440 82201 10255 20219 40053 85870 333 56590 59020=
241800 48094 32450 70000 10270 20260 40062 70322 85940 333 56990 59005=
241800 48097 32556 32401 10270 20240 40079 83500 333 56900 58001=
241800 48099 32330 60000 10280 20268 40072 84830 333 56990 59002=
241800 48103 32410 72202 10283 20250 40061 85530 333 56990 59001=
241800 48108 21494 82301 10270 20256 40089 75165 8597/ 333 5699/ 59018=
241800 48110 22596 50000 10270 20256 40096 81306 333 56909 59006=
241800 48112 21496 82202 10240 20240 40092 75055 8677/ 333 5659/ 58002=  
