240300 48001 21420 80000 10223 20205 40034 75155 8477/ 333 56229 59011=
240300 48004 32240 71301 10280 20233 87900 333 56500=
240300 48008 32556 62301 10260 20229 40066 83970 333 56450 58012=
240300 48010 22540 70000 10262 20229 40063 8487/ 333 56499 58018=
240300 48018 21558 82201 10245 20233 40067 72165 8487/ 333 56569 58014=
240300 48019 22457 72302 10245 20226 40065 84760 333 56560 58023=
240300 48020 32356 72202 10300 20239 87800 333 56400=
240300 48025 32430 63201 10321 20236 40059 83840 333 56650 58013=
240300 48030 21250 82205 10150 20134 76166 889// 333 5659=
240300 48033 32562 31801 10300 20239 40057 83500 333 56400 58020=
240300 48034 32456 42302 10242 20191 84800 333 56500=
240300 48035 32560 20401 10261 20215 40056 82200 333 56900 58013=
240300 48037 32559 21401 10300 20239 40060 82100 333 56600 58019=
240300 48039 32460 30401 10301 20239 81102 333 56509=
240300 48042 32558 21802 10317 20248 40067 82800 333 56400 58016=
240300 48043 32058 01805 10260 20215 333=
240300 48045 22557 33605 10228 20163 82801 333 56509=
240300 48048 32960 02202 10332 20244 40052 333 58004=
240300 48051 21458 80402 10270 20236 85970 333 56690=
240300 48052 32470 21802 10340 20240 82200 333 56900=
240300 48053 32456 71804 10300 20253 40061 83556 333 56499 59002=
240300 48055 22456 71303 10238 20209 40068 85370 333 56550 58010=
240300 48057 22457 42301 10227 20198 82350 333 56690=
240300 48060 22440 50000 10268 20211 40063 83830 333 56560 59007=
240300 48062 22456 81806 10305 20210 40054 70322 86970 333 56490 58002=
240300 48064 32460 10000 10310 20267 40050 80001 333 56009 58008=
240300 48065 32968 12202 10302 20253 80001 333 56009=
240300 48071 32458 42302 10295 20266 40071 84900 333 56900 58002=
240300 48072 32459 81302 10300 2066 70322 85970 333 56590=
240300 48074 32458 62302 10286 20248 40089 84870 333 56440 58016=
240300 48075 32557 51401 10250 20230 40078 83830 333 56590 59002=
240300 48077 32559 82302 10290 20248 40070 85931 333 56499 58009=
240300 48078 22558 61402 10286 20254 40083 84831 333 56449 58002=
240300 48080 32459 72202 10280 20250 40087 85870 333 56590 59001=
240300 48085 22458 81401 10283 20250 40077 85870 333 56790 59013=
240300 48087 32556 70000 10268 20256 8437/ 333 5649/=
240300 48092 21557 80000 10270 20240 40069 70522 8537/ 333 5699/ 58013=
240300 48093 22557 71801 10273 20256 86840 333 56590=
240300 48094 22457 80000 10260 20250 40079 8597/ 333 56599 59008=
240300 48095 22458 82202 10260 20260 70222 84970 333 56990=
240300 48097 22557 73202 10265 20243 40092 85530 333 56990 58010=
240300 48099 22456 70000 10285 20250 40082 85830 333 56990 59003=
240300 48101 22557 80000 10260 20246 70222 8497/ 333 5699/=
240300 48103 22456 60401 10288 20248 40087 84730 333 56110 58007=
240300 48107 22350 62301 10272 20256 40088 84970 333 56550 59003=
240300 48108 21496 82302 10278 20262 40093 70255 84377 333 56579 59009=
240300 48109 22497 81801 10292 20248 40084 70222 8697/ 333 5699/ 59002=
240300 48110 21495 81302 10260 20246 40106 75199 85377 333 56599 59008 555=
240300 48112 22598 62202 10300 20253 40105 82216 333 56599 59013=
