24-MAY-2015 18 48008 3 2 5 10 8 00 00 10 275 20 220 3 0000 4 0036 5 0000 6 000 0 7 00 0 0 8 3 9 7 0 333 10 /// 58 004 6 000 0 7 0000 
24-MAY-2015 18 48010 3 2 5 01 4 00 00 10 265 20 229 3 0000 4 0030 5 0000 6 000 0 7 00 0 0 8 1 4 3 1 333 10 /// 58 003 6 000 0 7 0000 
24-MAY-2015 18 48018 2 2 4 20 2 22 01 10 260 20 229 3 0000 4 0032 5 0000 6 000 0 7 00 0 0 8 2 8 0 0 333 10 /// 58 004 6 000 0 7 0000 
24-MAY-2015 18 48025 3 2 4 06 3 00 00 10 305 20 239 3 0000 4 0048 5 0000 6 000 0 7 00 0 0 8 1 5 7 0 333 10 /// 58 019 6 000 0 7 0000 
24-MAY-2015 18 48042 3 2 5 50 3 18 02 10 304 20 239 3 0000 4 0035 5 0000 6 000 0 7 00 0 0 8 1 4 5 0 333 10 /// 58 005 6 000 0 7 0000 
24-MAY-2015 18 48053 3 2 5 40 5 18 02 10 280 20 250 3 0000 4 0052 5 0000 6 000 0 7 00 0 0 8 3 9 5 6 333 10 /// 58 003 6 000 0 7 0000 
24-MAY-2015 18 48057 3 2 4 39 3 14 01 10 220 20 173 3 0000 4 0000 5 0000 6 000 0 7 00 0 0 8 2 3 5 0 333 10 /// 58 000 6 000 0 7 0000 
24-MAY-2015 18 48060 3 2 4 20 4 00 00 10 232 20 198 3 0000 4 0057 5 0000 6 000 0 7 00 0 0 8 3 8 0 2 333 10 /// 59 006 6 000 0 7 0000 
24-MAY-2015 18 48062 2 1 4 50 6 13 02 10 250 20 230 3 0000 4 0045 5 0000 6 000 0 7 02 5 5 8 5 9 7 0 333 10 /// 59 014 6 000 0 7 0000 
24-MAY-2015 18 48071 2 1 3 20 8 23 03 10 240 20 240 3 0000 4 0037 5 0000 6 000 0 7 21 6 2 8 5 9 2 / 333 10 /// 59 012 6 000 0 7 0000 
24-MAY-2015 18 48078 3 2 5 50 8 00 00 10 270 20 240 3 0000 4 0062 5 0000 6 000 0 7 00 0 0 8 5 8 7 / 333 10 /// 59 010 6 000 0 7 0000 
24-MAY-2015 18 48080 3 2 4 40 8 22 01 10 255 20 219 3 0000 4 0053 5 0000 6 000 0 7 00 0 0 8 5 8 7 0 333 10 /// 59 020 6 000 0 7 0000 
24-MAY-2015 18 48094 3 2 4 50 7 00 00 10 270 20 260 3 0000 4 0062 5 0000 6 000 0 7 03 2 2 8 5 9 4 0 333 10 /// 59 005 6 000 0 7 0000 
24-MAY-2015 18 48097 3 2 5 56 3 24 01 10 270 20 240 3 0000 4 0079 5 0000 6 000 0 7 00 0 0 8 3 5 0 0 333 10 /// 58 001 6 000 0 7 0000 
24-MAY-2015 18 48099 3 2 3 30 6 00 00 10 280 20 268 3 0000 4 0072 5 0000 6 000 0 7 00 0 0 8 4 8 3 0 333 10 /// 59 002 6 000 0 7 0000 
24-MAY-2015 18 48103 3 2 4 10 7 22 02 10 283 20 250 3 0000 4 0061 5 0000 6 000 0 7 00 0 0 8 5 5 3 0 333 10 /// 59 001 6 000 0 7 0000 
24-MAY-2015 18 48108 2 1 4 94 8 23 01 10 270 20 256 3 0000 4 0089 5 0000 6 000 0 7 51 6 5 8 5 9 7 / 333 10 /// 59 018 6 000 0 7 0000 
24-MAY-2015 18 48110 2 2 5 96 5 00 00 10 270 20 256 3 0000 4 0096 5 0000 6 000 0 7 00 0 0 8 1 3 0 6 333 10 /// 59 006 6 000 0 7 0000 
24-MAY-2015 18 48112 2 1 4 96 8 22 02 10 240 20 240 3 0000 4 0092 5 0000 6 000 0 7 50 5 5 8 6 7 7 / 333 10 /// 58 002 6 000 0 7 0000 
