24-MAR-2015 18 48008 3 2 5 10 7 14 01 10 240 20 174 3 0000 4 0109 5 0000 6 000 0 7 00 0 0 8 4 9 7 0 333 10 /// 58 025 6 000 0 7 0000 
24-MAR-2015 18 48010 2 1 4 01 8 18 01 10 200 20 200 3 0000 4 0120 5 0000 6 000 0 7 29 9 1 8 8 9 / / 333 10 /// 58 032 6 000 0 7 0000 
24-MAR-2015 18 48018 3 2 5 20 2 00 00 10 245 20 191 3 0000 4 0115 5 0000 6 000 0 7 00 0 0 8 2 8 0 0 333 10 /// 58 032 6 000 0 7 0000 
24-MAR-2015 18 48025 2 1 4 05 3 04 01 10 290 20 196 3 0000 4 0098 5 0000 6 000 0 7 50 5 5 8 3 8 0 0 333 10 /// 58 012 6 000 0 7 0000 
24-MAR-2015 18 48042 3 2 5 50 3 00 00 10 282 20 203 3 0000 4 0092 5 0000 6 000 0 7 00 0 0 8 1 4 0 2 333 10 /// 58 022 6 000 0 7 0000 
24-MAR-2015 18 48053 3 2 9 40 4 00 00 10 270 20 240 3 0000 4 0104 5 0000 6 000 0 7 00 0 0 8 2 5 0 6 333 10 /// 58 034 6 000 0 7 0000 
24-MAR-2015 18 48057 3 2 4 39 2 14 01 10 220 20 156 3 0000 4 0000 5 0000 6 000 0 7 00 0 0 8 2 8 0 0 333 10 /// 58 000 6 000 0 7 0000 
24-MAR-2015 18 48060 2 2 4 10 3 00 00 10 200 20 185 3 0000 4 0163 5 0000 6 000 0 7 00 0 0 8 1 1 3 0 333 10 /// 58 048 6 000 0 7 0000 
24-MAR-2015 18 48062 3 1 5 40 2 00 00 10 250 20 250 3 0000 4 0114 5 0000 6 000 0 7 05 2 2 8 2 5 0 0 333 10 /// 59 001 6 000 0 7 0000 
24-MAR-2015 18 48071 3 1 4 20 1 00 00 10 250 20 233 3 0000 4 0101 5 0000 6 000 0 7 10 0 0 8 1 2 0 0 333 10 /// 59 004 6 000 0 7 0000 
24-MAR-2015 18 48078 3 2 5 50 5 18 02 10 300 20 215 3 0000 4 0104 5 0000 6 000 0 7 00 0 0 8 1 5 0 1 333 10 /// 59 006 6 000 0 7 0000 
24-MAR-2015 18 48080 3 1 9 50 0 00 00 10 260 20 229 3 0000 4 0132 5 0000 6 000 0 7 05 0 0 8 0 0 0 0 333 10 /// 58 016 6 000 0 7 0000 
24-MAR-2015 18 48094 3 2 4 50 4 00 00 10 250 20 230 3 0000 4 0130 5 0000 6 000 0 7 00 0 0 8 3 9 4 0 333 10 /// 58 014 6 000 0 7 0000 
24-MAR-2015 18 48097 3 2 5 56 4 23 02 10 270 20 240 3 0000 4 0108 5 0000 6 000 0 7 00 0 0 8 2 8 5 0 333 10 /// 59 008 6 000 0 7 0000 
24-MAR-2015 18 48099 2 1 2 20 8 00 00 10 226 20 226 3 0000 4 0144 5 0000 6 000 0 7 61 6 5 8 6 9 7 / 333 10 /// 58 027 6 000 0 7 0000 
24-MAR-2015 18 48103 2 1 4 10 8 22 02 10 255 20 246 3 0000 4 0102 5 0000 6 000 0 7 21 6 6 8 8 7 0 0 333 10 /// 59 005 6 000 0 7 0000 
24-MAR-2015 18 48108 2 1 4 95 8 32 01 10 230 20 214 3 0000 4 0142 5 0000 6 000 0 7 02 9 5 8 4 3 7 7 333 10 /// 58 011 6 000 0 7 0000 
24-MAR-2015 18 48109 3 2 4 95 5 00 00 10 280 20 250 3 0000 4 0112 5 0000 6 000 0 7 00 0 0 8 5 9 0 0 333 10 /// 58 000 6 000 0 7 0000 
24-MAR-2015 18 48110 2 1 5 94 6 00 00 10 240 20 240 3 0000 4 0126 5 0000 6 000 0 7 02 9 9 8 2 3 0 6 333 10 /// 59 003 6 000 0 7 0000 
24-MAR-2015 18 48112 3 2 5 97 8 04 03 10 281 20 233 3 0000 4 0112 5 0000 6 000 0 7 00 0 0 8 3 8 7 6 333 10 /// 58 004 6 000 0 7 0000 
