24-NOV-2015 12 48001 3 2 4 60 1 00 00 10 187 20 151 3 0000 4 0000 5 0000 6 000 0 7 00 0 0 8 1 4 0 0 333 10 235 59 009 6 000 0 7 0000 
24-NOV-2015 12 48004 3 2 5 62 3 00 00 10 211 20 175 3 0000 4 0000 5 0000 6 000 0 7 00 0 0 8 3 8 0 0 333 10 260 58 000 6 000 0 7 0000 
24-NOV-2015 12 48008 3 2 5 56 1 00 00 10 220 20 156 3 0000 4 0126 5 0000 6 000 0 7 00 0 0 8 1 2 0 0 333 10 285 59 013 6 000 0 7 0000 
24-NOV-2015 12 48010 3 2 5 30 2 00 00 10 235 20 209 3 0000 4 0126 5 0000 6 000 0 7 00 0 0 8 2 4 0 0 333 10 300 59 009 6 000 0 7 0000 
24-NOV-2015 12 48018 3 2 5 40 2 00 00 10 240 20 174 3 0000 4 0120 5 0000 6 000 0 7 00 0 0 8 2 4 0 0 333 10 304 59 007 6 000 0 7 0000 
24-NOV-2015 12 48019 3 2 5 40 2 00 00 10 235 20 198 3 0000 4 0118 5 0000 6 000 0 7 00 0 0 8 0 0 3 1 333 10 300 59 012 6 000 0 7 0000 
24-NOV-2015 12 48020 3 2 4 30 1 00 00 10 230 20 198 3 0000 4 0000 5 0000 6 000 0 7 00 0 0 8 1 4 0 0 333 10 295 58 000 6 000 0 7 0000 
24-NOV-2015 12 48025 3 1 4 40 1 27 01 10 236 20 191 3 0000 4 0126 5 0000 6 000 0 7 00 0 0 8 1 1 0 0 333 10 273 59 015 6 000 0 7 0000 
24-NOV-2015 12 48030 3 2 9 57 0 04 01 10 142 20 124 3 0000 4 0000 5 0000 6 000 0 7 00 0 0 8 0 0 0 0 333 20 216 58 000 6 000 0 7 0000 
24-NOV-2015 12 48031 3 2 9 60 0 18 01 10 145 20 107 3 0000 4 0000 5 0000 6 000 0 7 00 0 0 8 0 0 0 0 333 10 222 58 000 6 000 0 7 0000 
24-NOV-2015 12 48033 3 2 9 59 0 36 01 10 260 20 203 3 0000 4 0105 5 0000 6 000 0 7 00 0 0 8 0 0 0 0 333 10 310 59 010 6 000 0 7 0000 
24-NOV-2015 12 48034 3 2 4 56 3 00 00 10 185 20 234 3 0000 4 0000 5 0000 6 000 0 7 00 0 0 8 2 5 3 0 333 10 265 58 000 6 000 0 7 0000 
24-NOV-2015 12 48035 3 2 9 10 0 00 00 10 211 20 160 3 0000 4 0107 5 0000 6 000 0 7 00 0 0 8 0 0 0 0 333 10 275 59 016 6 000 0 7 0000 
24-NOV-2015 12 48037 3 2 9 30 0 00 00 10 274 20 191 3 0000 4 0110 5 0000 6 000 0 7 00 0 0 8 0 0 0 0 333 10 312 59 002 6 000 0 7 0000 
24-NOV-2015 12 48039 3 2 4 56 2 32 01 10 255 20 179 3 0000 4 0000 5 0000 6 000 0 7 00 0 0 8 2 4 0 0 333 10 320 58 000 6 000 0 7 0000 
24-NOV-2015 12 48042 3 2 5 50 1 00 00 10 260 20 203 3 0000 4 0111 5 0000 6 000 0 7 00 0 0 8 1 4 0 0 333 10 310 59 008 6 000 0 7 0000 
24-NOV-2015 12 48043 3 2 0 10 0 00 00 10 190 20 159 3 0000 4 0000 5 0000 6 000 0 7 00 0 0 8 0 0 0 0 333 10 255 58 000 6 000 0 7 0000 
24-NOV-2015 12 48045 3 2 5 56 4 23 03 10 168 20 117 3 0000 4 0000 5 0000 6 000 0 7 00 0 0 8 4 8 0 0 333 10 222 58 000 6 000 0 7 0000 
24-NOV-2015 12 48048 3 2 9 50 0 04 01 10 266 20 191 3 0000 4 0113 5 0000 6 000 0 7 00 0 0 8 0 0 0 0 333 10 315 59 011 6 000 0 7 0000 
24-NOV-2015 12 48051 3 2 9 58 0 00 00 10 262 20 220 3 0000 4 0000 5 0000 6 000 0 7 00 0 0 8 0 0 0 0 333 10 317 58 000 6 000 0 7 0000 
24-NOV-2015 12 48052 3 2 9 50 0 00 00 10 298 20 223 3 0000 4 0000 5 0000 6 000 0 7 01 1 1 8 0 0 0 0 333 10 355 58 000 6 000 0 7 0000 
24-NOV-2015 12 48053 3 2 9 50 0 36 02 10 260 20 179 3 0000 4 0114 5 0000 6 000 0 7 00 0 0 8 0 0 0 0 333 10 310 59 007 6 000 0 7 0000 
24-NOV-2015 12 48055 3 2 5 56 2 04 03 10 208 20 195 3 0000 4 0116 5 0000 6 000 0 7 00 0 0 8 1 5 3 0 333 10 288 59 023 6 000 0 7 0000 
24-NOV-2015 12 48057 3 2 4 40 2 14 01 10 198 20 130 3 0000 4 0000 5 0000 6 000 0 7 00 0 0 8 2 8 0 0 333 10 245 58 000 6 000 0 7 0000 
24-NOV-2015 12 48060 3 2 4 20 2 22 02 10 223 20 136 3 0000 4 0113 5 0000 6 000 0 7 00 0 0 8 2 1 0 0 333 10 300 59 027 6 000 0 7 0000 
24-NOV-2015 12 48062 3 2 9 56 0 32 01 10 282 20 270 3 0000 4 0111 5 0000 6 000 0 7 00 0 0 8 0 0 0 0 333 10 320 59 002 6 000 2 7 0000 
24-NOV-2015 12 48064 3 2 9 50 0 00 00 10 250 20 186 3 0000 4 0105 5 0000 6 000 0 7 02 0 0 8 0 0 0 0 333 10 305 59 012 6 000 0 7 0000 
24-NOV-2015 12 48065 3 1 9 40 0 00 00 10 265 20 203 3 0000 4 0000 5 0000 6 000 0 7 05 1 1 8 0 0 0 0 333 10 322 58 000 6 000 0 7 0000 
24-NOV-2015 12 48071 3 2 4 50 1 32 02 10 270 20 211 3 0000 4 0108 5 0000 6 000 0 7 00 0 0 8 1 2 0 0 333 10 315 59 003 6 000 0 7 0000 
24-NOV-2015 12 48072 3 2 9 56 0 00 00 10 260 20 229 3 0000 4 0000 5 0000 6 000 0 7 00 0 0 8 0 0 0 0 333 10 336 58 000 6 000 0 7 0000 
24-NOV-2015 12 48074 3 2 9 56 0 00 00 10 260 20 215 3 0000 4 0106 5 0000 6 000 0 7 00 0 0 8 0 0 0 0 333 10 331 59 007 6 000 0 7 0000 
24-NOV-2015 12 48075 3 2 4 56 6 00 00 10 220 20 185 3 0000 4 0132 5 0000 6 000 0 7 00 0 0 8 5 8 4 0 333 10 290 58 003 6 000 2 7 0000 
24-NOV-2015 12 48077 3 2 9 56 0 00 00 10 290 20 179 3 0000 4 0097 5 0000 6 000 0 7 00 0 0 8 0 0 0 0 333 10 326 59 016 6 000 2 7 0000 
24-NOV-2015 12 48078 3 2 5 58 2 27 01 10 271 20 191 3 0000 4 0107 5 0000 6 000 0 7 00 0 0 8 1 2 0 1 333 10 325 59 008 6 000 0 7 0000 
24-NOV-2015 12 48080 3 2 9 56 0 00 00 10 300 20 239 3 0000 4 0106 5 0000 6 000 0 7 00 0 0 8 0 0 0 0 333 10 338 59 002 6 000 0 7 0000 
24-NOV-2015 12 48085 3 2 4 56 1 14 02 10 270 20 226 3 0000 4 0091 5 0000 6 000 0 7 00 0 0 8 1 8 0 0 333 10 328 59 017 6 000 0 7 0000 
24-NOV-2015 12 48087 3 2 9 50 0 00 00 10 250 20 205 3 0000 4 0000 5 0000 6 000 0 7 00 0 0 8 0 0 0 0 333 10 330 58 000 6 000 0 7 0000 
24-NOV-2015 12 48092 3 2 9 56 2 00 00 10 280 20 250 3 0000 4 0081 5 0000 6 000 0 7 00 0 0 8 0 0 0 1 333 10 335 59 009 6 000 2 7 0000 
24-NOV-2015 12 48093 3 2 9 30 0 04 02 10 285 20 215 3 0000 4 0000 5 0000 6 000 0 7 00 0 0 8 0 0 0 0 333 10 338 58 000 6 000 0 7 0000 
24-NOV-2015 12 48094 3 2 4 56 2 04 01 10 290 20 230 3 0000 4 0102 5 0000 6 000 0 7 00 0 0 8 2 5 0 0 333 10 345 59 006 6 000 0 7 0000 
24-NOV-2015 12 48095 3 2 9 50 0 04 02 10 265 20 215 3 0000 4 0000 5 0000 6 000 0 7 00 0 0 8 0 0 0 0 333 10 310 58 000 6 000 0 7 0000 
24-NOV-2015 12 48096 3 2 5 57 2 35 04 10 290 20 230 3 0000 4 0105 5 0000 6 000 0 7 00 0 0 8 1 4 0 1 333 10 340 59 006 6 000 0 7 0000 
24-NOV-2015 12 48097 3 2 5 56 2 04 02 10 280 20 220 3 0000 4 0114 5 0000 6 000 0 7 00 0 0 8 2 5 0 0 333 10 335 59 005 6 000 0 7 0000 
24-NOV-2015 12 48099 3 2 3 30 2 18 01 10 300 20 239 3 0000 4 0085 5 0000 6 000 0 7 00 0 0 8 2 7 0 0 333 10 358 58 000 6 000 0 7 0000 
24-NOV-2015 12 48103 3 2 4 40 1 32 01 10 290 20 248 3 0000 4 0092 5 0000 6 000 0 7 00 0 0 8 1 5 0 0 333 10 358 59 005 6 000 0 7 0000 
24-NOV-2015 12 48107 3 2 3 30 2 32 01 10 288 20 248 3 0000 4 0089 5 0000 6 000 0 7 00 0 0 8 2 9 0 0 333 10 352 59 009 6 000 0 7 0000 
24-NOV-2015 12 48108 3 2 5 95 5 32 03 10 300 20 239 3 0000 4 0089 5 0000 6 000 0 7 00 0 0 8 3 3 0 6 333 10 353 59 005 6 000 2 7 0000 
24-NOV-2015 12 48109 3 2 4 96 4 09 01 10 294 20 248 3 0000 4 0104 5 0000 6 000 0 7 00 0 0 8 1 5 3 6 333 10 346 59 005 6 000 0 7 0000 
24-NOV-2015 12 48110 3 1 4 95 8 13 08 10 300 20 246 3 0000 4 0093 5 0000 6 000 0 7 17 9 9 8 5 3 5 7 333 10 350 58 000 6 000 0 7 0000 
24-NOV-2015 12 48112 2 2 5 97 8 04 06 10 265 20 251 3 0000 4 0090 5 0000 6 000 0 7 00 0 0 8 4 8 7 6 333 10 290 58 007 6 003 2 7 0000 
