



*-*-*


<!--
.style2 {
	font-family:"Courier New", Courier, monospace;
	font-size: 14px;
}
-->






SIBM20 VBRR 240300

AAXX 24034

48001 31902 90000 10137 20137 40196 74744 89/// 333

56999 58000=

48004 31562 13201 10178 20147 70144 81100 333 56900=

48008 32556 10000 10180 20147 40171 81400 333 56900

59014=

48010 32056 00000 10180 20165 40182 333 59003=

48018 32958 00000 10185 20165 40163 333 59012=

48019 32958 00402 10195 20139 40162 333 59009=

48020 31240 70000 10185 20170 70144 87600 333 56800=

48025 31005 80401 10185 20165 40179 74344 886// 333

56999 59004=

48035 31960 00000 10151 20134 40166 70144 333 59013=

48037 32958 03601 10200 20168 40148 333 59010=

48042 31540 11301 10241 20209 40154 71011 81400 333

56900 59009=

48045 32557 22203 10148 20073 82700 333 56500=

48048 32960 00401 10230 20181 40158 333 59014=

48051 NIL=

48053 32956 03601 10230 20181 40159 333 59009=

48060 31/10 92201 10158 20144 40195 74744 333 59020=

48062 NIL=

48071 NIL=

48075 NIL=

48077 NIL=

48078 NIL=

48080 NIL=

48085 NIL=

48095 NIL=

48108 NIL=

48109 NIL=

48110 NIL=

48112 NIL=

48030 32960 02202 10060 20035 333=

48072 32960 00000 10275 20250 333=

48087 NIL=

48099 NIL=

48101 NIL=

48103 NIL=

48057 32456 11401 10210 20120 81500 333 56300=

48094 NIL=

48097 NIL=

48031 32960 03601 10185 20056 333=

48033 32962 03601 10230 20181 40143 333 59013=

48034 32456 11401 10260 20123 81500 333 56500=

48039 31950 03201 10230 20181 74044 80002 333 56009=

48043 32057 70501 10170 20154 333=

48052 32960 00401 10258 20179 333=

48055 31956 01801 10175 20150 40168 70244 333 59008=

48064 32956 00901 10225 20181 40148 333 58004=

48065 32958 00401 10240 20183 333=

48074 32958 03202 10230 20181 40168 333 58011=

48092 NIL=

48093 NIL=

48107 NIL=

48096 NIL=  





