48001 32450 23601 10188 20159 40178 82100 333 56100 58003=
48004 32562 10401 10239 20155 81100 333 56900=
48008 32957 00401 10255 20160 40156 333 59010=
48010 32560 10000 10265 20160 40152 81100 333 56900 59010=
48018 32960 01401 10271 20172 40154 333 59013=
48019 32960 00902 10276 20146 40151 333 59006=
48020 32460 13603 10260 20203 81200 333 56400=
48025 31440 20401 10243 20174 40168 70144 82100 333 56900 59010=
48035 32960 00000 10247 20150 40121 333 59014=
48037 32960 03602 10274 20191 40146 333 58005=
48042 31556 13201 10283 20184 40136 70511 81200 333 56900 59013=
48045 32557 31404 10201 20150 83800 333 56300=
48048 32962 00401 10295 20185 40147 333 59007=
48051 32960 03103 10284 20160 70200 333=
48053 32556 23603 10300 20166 40131 82500 333 56900 59005=
48060 32450 12201 10233 20143 40131 81100 333 56500 59027=
48062 32958 02703 10295 20240 40134 333 59006=
48071 32960 03202 10300 20207 40131 333 59005=
48075 32457 20401 10260 20160 40139 82100 333 56300 58007=
48077 32959 00401 10300 20185 40128 333 59012=
48078 32558 23206 10309 20189 40128 81101 333 56909 59010=
48080 32962 03201 10323 20200 40126 333 59005=
48085 32458 13202 10312 20203 40126 81100 333 56300 58003=
48095 32960 00403 10300 20207 333=
48108 32596 41403 10345 20248 40101 82806 333 56909 59005=
48109 32997 00901 10328 20275 40123 333 59003=
48110 31596 71303 10350 20250 40101 70522 83356 333 56299 59004=
48112 32597 80405 10287 20248 40108 70222 84876 333 56199 58002=
48030 32960 02201 10188 20047 333=
48072 32461 11301 10315 20236 70122 81200 333 56900=
48087 32960 00405 10315 20215 333=
48099 32556 23202 10332 20212 40110 82800 333 56700 58004=
48101 32960 03603 10320 20200 333=
48103 32456 20401 10348 20219 40109 82800 333 56100 59001=
48057 32458 52202 10220 20111 85800 333 56300=
48094 32965 00401 10325 20215 40126 333 59011=
48097 32557 10401 10320 20226 40130 81500 333 56900 58002=
48031 32560 11401 10205 20085 81200 333 56900=
48033 32963 03601 10280 20184 40130 333 58014=
48034 32956 01801 10245 20083=
48039 32460 22201 10286 20215 82100 333 56500=
48043 32657 30505 10230 20143 83200 333 56500=
48052 32960 00401 10310 20203 333=
48055 31556 10402 10250 20150 40124 70244 81100 333 56500 59014=
48064 32960 01401 10289 20215 40121 333 59018=
48065 32960 01402 10295 20169 333=
48074 32959 00404 10290 20196 40139 333 59001=
48092 32957 03203 10310 20203 40102 333 59007=
48093 32958 00401 10326 20212 70211 333=
48107 32950 03201 10326 20234 40105 333 59002=
48096 32958 13506 10310 20225 40124 80001 333 56009 59003=  