24-OCT-2015 09 48001 2 1 4 40 6 04 01 10 250 20 219 3 0000 4 0123 5 0000 6 000 0 7 01 6 6 8 3 8 5 0 333 10 /// 58 021 6 000 0 7 0000 
24-OCT-2015 09 48004 3 2 5 62 3 04 01 10 310 20 225 3 0000 4 0000 5 0000 6 000 0 7 00 0 0 8 3 3 0 0 333 10 /// 58 000 6 000 0 7 0000 
24-OCT-2015 09 48008 3 2 5 58 1 23 01 10 327 20 212 3 0000 4 0098 5 0000 6 000 0 7 00 0 0 8 1 4 0 0 333 10 /// 58 012 6 000 0 7 0000 
24-OCT-2015 09 48018 3 2 5 60 1 18 01 10 335 20 244 3 0000 4 0099 5 0000 6 000 0 7 02 1 1 8 1 2 0 0 333 10 /// 58 009 6 000 0 7 0000 
24-OCT-2015 09 48019 3 2 9 60 0 04 02 10 332 20 212 3 0000 4 0097 5 0000 6 000 0 7 00 0 0 8 0 0 0 0 333 10 /// 58 014 6 000 0 7 0000 
24-OCT-2015 09 48020 3 2 4 62 1 27 03 10 330 20 234 3 0000 4 0000 5 0000 6 000 0 7 00 0 0 8 1 2 0 0 333 10 /// 58 000 6 000 0 7 0000 
24-OCT-2015 09 48025 3 2 4 58 4 36 01 10 320 20 236 3 0000 4 0101 5 0000 6 000 0 7 00 0 0 8 3 8 4 0 333 10 /// 58 004 6 000 0 7 0000 
24-OCT-2015 09 48030 3 2 2 57 6 04 02 10 217 20 156 3 0000 4 0000 5 0000 6 000 0 7 00 0 0 8 6 9 0 0 333 10 /// 58 000 6 000 0 7 0000 
24-OCT-2015 09 48031 3 2 2 60 1 14 01 10 250 20 126 3 0000 4 0000 5 0000 6 000 0 7 00 0 0 8 1 2 0 0 333 10 /// 58 000 6 000 0 7 0000 
24-OCT-2015 09 48033 3 2 5 63 2 36 01 10 330 20 258 3 0000 4 0096 5 0000 6 000 0 7 00 0 0 8 2 5 0 0 333 10 /// 58 013 6 000 0 7 0000 
24-OCT-2015 09 48034 3 2 4 57 2 18 02 10 303 20 149 3 0000 4 0000 5 0000 6 000 0 7 00 0 0 8 2 8 0 0 333 10 /// 58 000 6 000 0 7 0000 
24-OCT-2015 09 48035 3 2 5 60 3 27 01 10 306 20 189 3 0000 4 0052 5 0000 6 000 0 7 00 0 0 8 3 2 0 0 333 10 /// 59 013 6 000 0 7 0000 
24-OCT-2015 09 48037 2 2 4 64 2 32 02 10 335 20 257 3 0000 4 0087 5 0000 6 000 0 7 00 0 0 8 4 3 0 0 333 10 /// 59 003 6 000 0 7 0000 
24-OCT-2015 09 48039 3 2 4 60 0 04 01 10 344 20 257 3 0000 4 0000 5 0000 6 000 0 7 00 0 0 8 0 0 0 0 333 10 /// 58 000 6 000 0 7 0000 
24-OCT-2015 09 48042 3 2 5 59 1 32 01 10 340 20 225 3 0000 4 0081 5 0000 6 000 0 7 00 0 0 8 1 2 0 0 333 10 /// 58 012 6 000 0 7 0000 
24-OCT-2015 09 48043 3 2 6 57 5 32 05 10 270 20 226 3 0000 4 0000 5 0000 6 000 0 7 00 0 0 8 5 3 0 0 333 10 /// 58 000 6 000 0 7 0000 
24-OCT-2015 09 48045 3 2 5 56 6 22 05 10 245 20 205 3 0000 4 0000 5 0000 6 000 0 7 00 0 0 8 6 3 0 0 333 10 /// 58 000 6 000 0 7 0000 
24-OCT-2015 09 48048 3 2 5 62 2 32 01 10 352 20 237 3 0000 4 0091 5 0000 6 000 0 7 00 0 0 8 2 8 0 0 333 10 /// 58 011 6 000 0 7 0000 
24-OCT-2015 09 48051 3 2 5 60 1 14 01 10 328 20 240 3 0000 4 0000 5 0000 6 000 0 7 00 0 0 8 1 1 0 0 333 10 /// 58 000 6 000 0 7 0000 
24-OCT-2015 09 48052 3 2 4 58 2 00 00 10 375 20 251 3 0000 4 0000 5 0000 6 000 0 7 00 0 0 8 2 2 0 0 333 10 /// 58 000 6 000 0 7 0000 
24-OCT-2015 09 48053 3 2 5 58 2 36 02 10 350 20 219 3 0000 4 0079 5 0000 6 000 0 7 00 0 0 8 2 5 0 0 333 10 /// 58 006 6 000 0 7 0000 
24-OCT-2015 09 48055 3 2 5 56 6 18 04 10 281 20 203 3 0000 4 0076 5 0000 6 000 0 7 00 0 0 8 5 9 3 0 333 10 /// 58 006 6 000 0 7 0000 
24-OCT-2015 09 48057 3 2 4 58 5 23 02 10 270 20 154 3 0000 4 0000 5 0000 6 000 0 7 00 0 0 8 5 3 0 0 333 10 /// 58 000 6 000 0 7 0000 
24-OCT-2015 09 48060 3 2 4 40 6 00 00 10 275 20 207 3 0000 4 0067 5 0000 6 000 0 7 00 0 0 8 5 8 3 0 333 10 /// 58 022 6 000 0 7 0000 
24-OCT-2015 09 48062 3 2 4 58 2 27 04 10 330 20 290 3 0000 4 0097 5 0000 6 000 0 7 00 0 0 8 2 2 0 0 333 10 /// 58 020 6 000 0 7 0000 
24-OCT-2015 09 48064 3 2 9 60 0 00 00 10 340 20 257 3 0000 4 0078 5 0000 6 000 0 7 00 0 0 8 0 0 0 0 333 10 /// 58 010 6 000 0 7 0000 
24-OCT-2015 09 48065 3 2 5 60 2 00 00 10 350 20 240 3 0000 4 0000 5 0000 6 000 0 7 00 0 0 8 2 8 0 0 333 10 /// 58 000 6 000 0 7 0000 
24-OCT-2015 09 48071 3 2 9 60 0 32 04 10 315 20 265 3 0000 4 0094 5 0000 6 000 0 7 00 0 0 8 0 0 0 0 333 10 /// 58 003 6 000 0 7 0000 
24-OCT-2015 09 48072 3 2 9 60 0 32 03 10 325 20 291 3 0000 4 0000 5 0000 6 000 0 7 00 0 0 8 0 0 0 0 333 10 /// 58 000 6 000 0 7 0000 
24-OCT-2015 09 48074 3 2 5 62 1 23 02 10 340 20 257 3 0000 4 0083 5 0000 6 000 0 7 00 0 0 8 1 1 0 0 333 10 /// 58 006 6 000 0 7 0000 
24-OCT-2015 09 48075 3 2 4 57 5 22 01 10 290 20 215 3 0000 4 0107 5 0000 6 000 0 7 00 0 0 8 3 8 3 1 333 10 /// 58 000 6 000 0 7 0000 
24-OCT-2015 09 48077 3 2 5 59 4 00 00 10 340 20 240 3 0000 4 0087 5 0000 6 000 0 7 00 0 0 8 4 8 0 0 333 10 /// 58 008 6 000 0 7 0000 
24-OCT-2015 09 48078 3 2 5 60 5 23 01 10 348 20 240 3 0000 4 0087 5 0000 6 000 0 7 00 0 0 8 4 8 0 1 333 10 /// 58 006 6 000 0 7 0000 
24-OCT-2015 09 48080 3 2 5 62 2 27 06 10 330 20 253 3 0000 4 0091 5 0000 6 000 0 7 00 0 0 8 2 2 0 0 333 10 /// 58 011 6 000 0 7 0000 
24-OCT-2015 09 48085 3 2 4 58 2 32 03 10 322 20 265 3 0000 4 0087 5 0000 6 000 0 7 00 0 0 8 2 8 0 0 333 10 /// 58 006 6 000 0 7 0000 
24-OCT-2015 09 48087 3 2 5 60 4 00 00 10 338 20 270 3 0000 4 0000 5 0000 6 000 0 7 00 0 0 8 2 8 4 1 333 10 /// 58 000 6 000 0 7 0000 
24-OCT-2015 09 48092 3 2 4 57 7 00 00 10 300 20 253 3 0000 4 0071 5 0000 6 000 0 7 00 0 0 8 4 9 3 0 333 10 /// 58 015 6 000 0 7 0000 
24-OCT-2015 09 48093 2 2 5 57 6 23 01 10 313 20 254 3 0000 4 0000 5 0000 6 000 0 7 00 0 0 8 5 8 4 0 333 10 /// 58 000 6 000 0 7 0000 
24-OCT-2015 09 48094 3 2 4 61 4 04 03 10 340 20 240 3 0000 4 0084 5 0000 6 000 0 7 00 0 0 8 3 9 4 0 333 10 /// 58 004 6 000 0 7 0000 
24-OCT-2015 09 48095 3 2 4 58 8 00 00 10 300 20 253 3 0000 4 0000 5 0000 6 000 0 7 00 0 0 8 5 8 7 0 333 10 /// 58 000 6 000 0 7 0000 
24-OCT-2015 09 48096 3 2 4 57 7 22 05 10 310 20 254 3 0000 4 0101 5 0000 6 000 0 7 00 0 0 8 5 9 7 0 333 10 /// 58 026 6 000 0 7 0000 
24-OCT-2015 09 48097 3 2 5 57 7 23 01 10 310 20 254 3 0000 4 0105 5 0000 6 000 0 7 00 0 0 8 5 3 5 0 333 10 /// 58 026 6 000 0 7 0000 
24-OCT-2015 09 48099 3 2 4 56 6 27 02 10 330 20 258 3 0000 4 0089 5 0000 6 000 0 7 00 0 0 8 3 3 7 0 333 10 /// 58 020 6 000 0 7 0000 
24-OCT-2015 09 48101 3 2 5 59 8 14 01 10 295 20 239 3 0000 4 0000 5 0000 6 000 0 7 00 0 0 8 3 7 7 / 333 10 /// 58 000 6 000 0 7 0000 
24-OCT-2015 09 48103 3 2 4 56 5 22 02 10 340 20 240 3 0000 4 0082 5 0000 6 000 0 7 00 0 0 8 3 8 3 0 333 10 /// 58 014 6 000 0 7 0000 
24-OCT-2015 09 48107 3 2 3 50 6 13 01 10 306 20 254 3 0000 4 0088 5 0000 6 000 0 7 00 0 0 8 4 9 7 0 333 10 /// 58 016 6 000 0 7 0000 
24-OCT-2015 09 48108 2 1 5 95 7 32 02 10 335 20 264 3 0000 4 0085 5 0000 6 000 0 7 20 5 5 8 4 3 6 6 333 10 /// 58 008 6 000 0 7 0000 
24-OCT-2015 09 48110 3 1 5 96 2 13 04 10 330 20 224 3 0000 4 0079 5 0000 6 000 0 7 05 1 1 8 1 3 0 6 333 10 /// 58 003 6 000 0 7 0000 
24-OCT-2015 09 48112 2 1 4 96 8 36 07 10 265 20 265 3 0000 4 0081 5 0000 6 000 0 7 21 5 2 8 6 7 7 / 333 10 /// 58 007 6 000 0 7 0000 
