24-OCT-2015 06 48001 3 2 4 40 7 32 01 10 260 20 229 3 0000 4 0000 5 0000 6 000 0 7 00 0 0 8 4 8 5 0 333 10 /// 58 024 6 000 0 7 0000 
24-OCT-2015 06 48004 3 2 5 62 4 04 01 10 295 20 207 3 0000 4 0000 5 0000 6 000 0 7 00 0 0 8 4 3 0 0 333 10 /// 58 000 6 000 0 7 0000 
24-OCT-2015 06 48008 3 2 5 58 1 23 01 10 300 20 207 3 0000 4 0124 5 0000 6 000 0 7 00 0 0 8 1 1 0 0 333 10 /// 58 004 6 000 0 7 0000 
24-OCT-2015 06 48010 3 2 5 60 2 18 01 10 300 20 239 3 0000 4 0120 5 0000 6 000 0 7 00 0 0 8 2 1 0 0 333 10 /// 58 021 6 000 0 7 0000 
24-OCT-2015 06 48018 3 2 5 60 1 09 01 10 313 20 237 3 0000 4 0133 5 0000 6 000 0 7 02 1 1 8 1 2 0 0 333 10 /// 58 002 6 000 0 7 0000 
24-OCT-2015 06 48019 3 2 9 60 1 18 02 10 315 20 203 3 0000 4 0119 5 0000 6 000 0 7 00 0 0 8 1 2 0 0 333 10 /// 58 003 6 000 0 7 0000 
24-OCT-2015 06 48020 3 2 4 62 2 36 04 10 310 20 237 3 0000 4 0000 5 0000 6 000 0 7 00 0 0 8 2 2 0 0 333 10 /// 58 000 6 000 0 7 0000 
24-OCT-2015 06 48025 3 2 4 56 5 04 01 10 300 20 239 3 0000 4 0012 5 0000 6 000 0 7 00 0 0 8 3 8 4 0 333 10 /// 58 003 6 000 0 7 0000 
24-OCT-2015 06 48030 3 2 3 60 1 04 01 10 209 20 091 3 0000 4 0000 5 0000 6 000 0 7 00 0 0 8 1 2 0 0 333 10 /// 58 000 6 000 0 7 0000 
24-OCT-2015 06 48031 3 2 2 60 1 14 01 10 250 20 068 3 0000 4 0000 5 0000 6 000 0 7 00 0 0 8 1 2 0 0 333 10 /// 58 000 6 000 0 7 0000 
24-OCT-2015 06 48033 3 2 9 63 0 36 01 10 320 20 248 3 0000 4 0109 5 0000 6 000 0 7 00 0 0 8 0 0 0 0 333 10 /// 58 000 6 000 0 7 0000 
24-OCT-2015 06 48034 3 2 4 57 1 36 02 10 290 20 140 3 0000 4 0000 5 0000 6 000 0 7 00 0 0 8 1 5 0 0 333 10 /// 58 000 6 000 0 7 0000 
24-OCT-2015 06 48035 3 2 5 60 1 32 02 10 282 20 158 3 0000 4 0096 5 0000 6 000 0 7 00 0 0 8 1 1 0 0 333 10 /// 58 005 6 000 0 7 0000 
24-OCT-2015 06 48037 3 2 4 62 2 36 01 10 312 20 237 3 0000 4 0114 5 0000 6 000 0 7 00 0 0 8 2 2 0 0 333 10 /// 58 004 6 000 0 7 0000 
24-OCT-2015 06 48039 3 2 4 60 2 00 00 10 324 20 236 3 0000 4 0000 5 0000 6 000 0 7 00 0 0 8 2 8 0 0 333 10 /// 58 000 6 000 0 7 0000 
24-OCT-2015 06 48042 3 2 5 58 1 32 01 10 335 20 219 3 0000 4 0105 5 0000 6 000 0 7 00 0 0 8 1 2 0 0 333 10 /// 58 014 6 000 0 7 0000 
24-OCT-2015 06 48043 3 2 6 58 4 00 00 10 260 20 215 3 0000 4 0000 5 0000 6 000 0 7 00 0 0 8 4 2 0 0 333 10 /// 58 000 6 000 0 7 0000 
24-OCT-2015 06 48045 3 2 5 56 4 23 02 10 225 20 181 3 0000 4 0000 5 0000 6 000 0 7 00 0 0 8 1 4 3 0 333 10 /// 58 000 6 000 0 7 0000 
24-OCT-2015 06 48048 3 2 5 62 2 04 01 10 325 20 236 3 0000 4 0116 5 0000 6 000 0 7 00 0 0 8 2 8 0 0 333 10 /// 58 010 6 000 0 7 0000 
24-OCT-2015 06 48052 3 2 4 58 2 00 00 10 350 20 240 3 0000 4 0000 5 0000 6 000 0 7 00 0 0 8 2 2 0 0 333 10 /// 58 000 6 000 0 7 0000 
24-OCT-2015 06 48053 3 2 5 56 2 36 02 10 340 20 240 3 0000 4 0108 5 0000 6 000 0 7 00 0 0 8 2 5 0 0 333 10 /// 58 005 6 000 0 7 0000 
24-OCT-2015 06 48055 2 2 5 56 4 36 04 10 266 20 207 3 0000 4 0104 5 0000 6 000 0 7 00 0 0 8 4 9 0 0 333 10 /// 58 016 6 000 0 7 0000 
24-OCT-2015 06 48057 3 2 4 60 4 32 02 10 243 20 174 3 0000 4 0000 5 0000 6 000 0 7 00 0 0 8 4 3 0 0 333 10 /// 58 000 6 000 0 7 0000 
24-OCT-2015 06 48060 3 2 4 40 5 00 00 10 270 20 191 3 0000 4 0078 5 0000 6 000 0 7 00 0 0 8 5 8 0 0 333 10 /// 58 005 6 000 0 7 0000 
24-OCT-2015 06 48064 3 2 9 58 0 00 00 10 328 20 244 3 0000 4 0093 5 0000 6 000 0 7 00 0 0 8 0 0 0 0 333 10 /// 58 016 6 000 0 7 0000 
24-OCT-2015 06 48065 3 2 5 60 1 22 02 10 330 20 251 3 0000 4 0000 5 0000 6 000 0 7 00 0 0 8 1 1 0 0 333 10 /// 58 000 6 000 0 7 0000 
24-OCT-2015 06 48074 3 2 5 61 1 32 01 10 320 20 248 3 0000 4 0110 5 0000 6 000 0 7 00 0 0 8 1 1 0 0 333 10 /// 59 003 6 000 0 7 0000 
