24-SEP-2015 03 48001 2 1 4 40 8 00 00 10 250 20 245 3 0000 4 0043 5 0000 6 000 0 7 50 5 5 8 6 7 2 / 333 10 /// 59 029 6 000 0 7 0000 
24-SEP-2015 03 48004 2 1 1 10 8 22 01 10 258 20 258 3 0000 4 0000 5 0000 6 000 0 7 50 5 5 8 6 9 7 / 333 10 /// 58 000 6 000 0 7 0000 
24-SEP-2015 03 48008 3 2 4 56 8 00 00 10 257 20 252 3 0000 4 0059 5 0000 6 000 0 7 00 0 0 8 4 9 7 / 333 10 /// 59 017 6 000 0 7 0000 
24-SEP-2015 03 48010 2 1 4 30 8 00 00 10 255 20 255 3 0000 4 0052 5 0000 6 000 0 7 63 6 6 8 8 7 / / 333 10 /// 59 026 6 000 0 7 0000 
24-SEP-2015 03 48018 2 2 5 58 4 04 01 10 300 20 253 3 0000 4 0051 5 0000 6 000 0 7 01 2 2 8 2 8 6 4 333 10 /// 59 039 6 000 0 7 0000 
24-SEP-2015 03 48019 2 2 5 60 1 09 02 10 294 20 248 3 0000 4 0048 5 0000 6 000 0 7 00 0 0 8 0 0 0 1 333 10 /// 59 024 6 000 0 7 0000 
24-SEP-2015 03 48020 2 1 3 57 7 36 03 10 280 20 233 3 0000 4 0000 5 0000 6 000 0 7 01 5 5 8 5 8 3 0 333 10 /// 58 000 6 000 0 7 0000 
24-SEP-2015 03 48025 3 2 3 30 7 14 01 10 292 20 259 3 0000 4 0052 5 0000 6 000 0 7 00 0 0 8 4 8 4 0 333 10 /// 59 031 6 000 0 7 0000 
24-SEP-2015 03 48030 2 1 1 30 8 22 04 10 188 20 175 3 0000 4 0000 5 0000 6 000 0 7 50 5 5 8 6 9 4 / 333 10 /// 58 000 6 000 0 7 0000 
24-SEP-2015 03 48031 2 2 2 58 8 36 01 10 230 20 198 3 0000 4 0000 5 0000 6 000 0 7 00 0 0 8 8 8 / / 333 10 /// 58 000 6 000 0 7 0000 
24-SEP-2015 03 48033 3 2 5 62 3 18 01 10 300 20 253 3 0000 4 0037 5 0000 6 000 0 7 00 0 0 8 3 8 0 0 333 10 /// 59 /// 6 000 0 7 0000 
24-SEP-2015 03 48034 2 2 4 56 8 00 00 10 222 20 205 3 0000 4 0000 5 0000 6 000 0 7 00 0 0 8 6 3 7 / 333 10 /// 58 000 6 000 0 7 0000 
24-SEP-2015 03 48035 3 1 5 60 6 22 02 10 258 20 229 3 0000 4 0057 5 0000 6 000 0 7 01 4 4 8 4 8 6 0 333 10 /// 59 011 6 000 0 7 0000 
24-SEP-2015 03 48037 3 2 6 60 4 18 02 10 296 20 239 3 0000 4 0050 5 0000 6 000 0 7 00 0 0 8 0 0 4 9 333 10 /// 59 023 6 000 0 7 0000 
24-SEP-2015 03 48039 2 2 4 60 1 14 02 10 315 20 248 3 0000 4 0000 5 0000 6 000 0 7 00 0 0 8 1 1 0 0 333 10 /// 58 000 6 000 0 7 0000 
24-SEP-2015 03 48042 3 2 5 58 1 13 04 10 327 20 244 3 0000 4 0050 5 0000 6 000 0 7 00 0 0 8 1 2 0 0 333 10 /// 59 016 6 000 0 7 0000 
24-SEP-2015 03 48043 3 2 5 57 3 14 05 10 265 20 211 3 0000 4 0000 5 0000 6 000 0 7 00 0 0 8 3 2 0 0 333 10 /// 58 000 6 000 0 7 0000 
24-SEP-2015 03 48045 3 2 5 56 5 22 10 10 220 20 173 3 0000 4 0000 5 0000 6 000 0 7 00 0 0 8 4 8 3 0 333 10 /// 58 000 6 000 0 7 0000 
24-SEP-2015 03 48048 3 2 5 60 2 18 02 10 320 20 236 3 0000 4 0050 5 0000 6 000 0 7 00 0 0 8 2 8 0 0 333 10 /// 59 016 6 000 0 7 0000 
24-SEP-2015 03 48051 2 2 5 58 7 31 02 10 270 20 260 3 0000 4 0000 5 0000 6 000 0 7 01 2 2 8 5 9 3 0 333 10 /// 58 000 6 000 0 7 0000 
24-SEP-2015 03 48052 3 2 4 58 2 13 01 10 315 20 248 3 0000 4 0000 5 0000 6 000 0 7 00 0 0 8 2 2 0 0 333 10 /// 58 000 6 000 0 7 0000 
24-SEP-2015 03 48053 3 2 5 58 3 18 03 10 300 20 239 3 0000 4 0069 5 0000 6 000 0 7 00 0 0 8 2 5 0 6 333 10 /// 59 029 6 000 0 7 0000 
24-SEP-2015 03 48055 2 2 4 56 4 00 00 10 248 20 212 3 0000 4 0068 5 0000 6 000 0 7 00 0 0 8 3 8 3 0 333 10 /// 59 004 6 000 0 7 0000 
24-SEP-2015 03 48057 3 2 4 58 3 14 01 10 230 20 181 3 0000 4 0000 5 0000 6 000 0 7 00 0 0 8 3 8 0 0 333 10 /// 58 000 6 000 0 7 0000 
24-SEP-2015 03 48060 3 2 3 40 7 00 00 10 265 20 221 3 0000 4 0056 5 0000 6 000 0 7 03 2 2 8 5 8 3 0 333 10 /// 59 007 6 000 0 7 0000 
24-SEP-2015 03 48062 2 2 4 56 8 18 03 10 286 20 270 3 0000 4 0077 5 0000 6 000 0 7 00 0 0 8 4 9 7 0 333 10 /// 59 019 6 000 0 7 0000 
24-SEP-2015 03 48064 3 2 4 58 2 32 01 10 297 20 266 3 0000 4 0054 5 0000 6 000 0 7 00 0 0 8 1 1 0 1 333 10 /// 59 015 6 000 0 7 0000 
24-SEP-2015 03 48065 3 2 5 56 1 03 01 10 300 20 253 3 0000 4 0000 5 0000 6 000 0 7 00 0 0 8 1 1 0 0 333 10 /// 58 000 6 000 0 7 0000 
24-SEP-2015 03 48071 2 2 4 58 5 23 03 10 290 20 259 3 0000 4 0081 5 0000 6 000 0 7 00 0 0 8 4 9 3 0 333 10 /// 59 002 6 000 0 7 0000 
24-SEP-2015 03 48072 2 2 4 59 6 27 01 10 300 20 266 3 0000 4 0000 5 0000 6 000 0 7 00 0 0 8 4 8 7 0 333 10 /// 58 000 6 000 0 7 0000 
24-SEP-2015 03 48075 2 2 4 57 5 14 01 10 260 20 215 3 0000 4 0088 5 0000 6 000 0 7 03 2 2 8 3 8 3 1 333 10 /// 59 014 6 000 0 7 0000 
24-SEP-2015 03 48077 2 2 5 59 5 23 02 10 300 20 253 3 0000 4 0072 5 0000 6 000 0 7 00 0 0 8 3 9 3 1 333 10 /// 59 017 6 000 0 7 0000 
24-SEP-2015 03 48078 2 2 5 58 4 18 01 10 290 20 259 3 0000 4 0099 5 0000 6 000 0 7 00 0 0 8 3 5 0 1 333 10 /// 59 008 6 000 0 7 0000 
24-SEP-2015 03 48080 2 1 4 59 6 04 03 10 262 20 229 3 0000 4 0096 5 0000 6 000 0 7 02 9 5 8 4 8 7 0 333 10 /// 59 010 6 000 0 7 0000 
24-SEP-2015 03 48085 2 1 3 56 8 27 05 10 262 20 246 3 0000 4 0091 5 0000 6 000 0 7 61 6 6 8 6 7 2 0 333 10 /// 59 015 6 000 0 7 0000 
24-SEP-2015 03 48087 3 2 5 60 3 14 02 10 302 20 239 3 0000 4 0000 5 0000 6 000 0 7 00 0 0 8 1 2 4 0 333 10 /// 58 000 6 000 0 7 0000 
24-SEP-2015 03 48092 3 2 4 57 7 27 06 10 300 20 266 3 0000 4 0075 5 0000 6 000 0 7 00 0 0 8 5 9 3 0 333 10 /// 59 011 6 000 0 7 0000 
24-SEP-2015 03 48093 2 2 6 58 5 32 01 10 302 20 266 3 0000 4 0000 5 0000 6 000 0 7 00 0 0 8 3 8 4 1 333 10 /// 58 000 6 000 0 7 0000 
24-SEP-2015 03 48094 2 2 4 57 6 22 02 10 305 20 265 3 0000 4 0096 5 0000 6 000 0 7 00 0 0 8 4 9 7 0 333 10 /// 59 010 6 000 0 7 0000 
24-SEP-2015 03 48095 2 2 4 58 6 22 02 10 300 20 266 3 0000 4 0000 5 0000 6 000 0 7 01 2 2 8 3 8 4 0 333 10 /// 58 000 6 000 0 7 0000 
24-SEP-2015 03 48096 3 2 4 57 7 25 05 10 270 20 259 3 0000 4 0095 5 0000 6 000 0 7 00 0 0 8 4 9 3 0 333 10 /// 59 013 6 000 0 7 0000 
24-SEP-2015 03 48097 3 2 5 57 7 13 04 10 295 20 250 3 0000 4 0098 5 0000 6 000 0 7 00 0 0 8 5 8 3 0 333 10 /// 59 014 6 000 0 7 0000 
24-SEP-2015 03 48099 2 1 3 30 8 18 01 10 255 20 255 3 0000 4 0099 5 0000 6 000 0 7 51 6 5 8 6 9 7 / 333 10 /// 59 004 6 000 0 7 0000 
24-SEP-2015 03 48101 2 2 6 57 7 27 01 10 290 20 259 3 0000 4 0000 5 0000 6 000 0 7 00 0 0 8 4 7 7 0 333 10 /// 58 000 6 000 0 7 0000 
24-SEP-2015 03 48103 2 1 4 50 8 22 02 10 258 20 258 3 0000 4 0100 5 0000 6 000 0 7 53 6 5 8 5 7 7 0 333 10 /// 59 007 6 000 0 7 0000 
24-SEP-2015 03 48107 2 1 3 30 8 23 01 10 248 20 248 3 0000 4 0111 5 0000 6 000 0 7 60 6 6 8 5 9 7 / 333 10 /// 58 001 6 000 0 7 0000 
24-SEP-2015 03 48108 2 1 4 94 8 14 01 10 240 20 240 3 0000 4 0123 5 0000 6 000 0 7 61 6 5 8 6 3 2 / 333 10 /// 58 004 6 000 0 7 0000 
24-SEP-2015 03 48109 3 2 4 97 7 23 02 10 294 20 259 3 0000 4 0112 5 0000 6 000 0 7 00 0 0 8 5 9 3 0 333 10 /// 59 006 6 000 0 7 0000 
24-SEP-2015 03 48110 2 1 4 94 8 13 02 10 280 20 259 3 0000 4 0120 5 0000 6 000 0 7 02 5 5 8 4 3 5 7 333 10 /// 58 004 6 000 0 7 0000 
24-SEP-2015 03 48112 2 2 5 97 8 18 02 10 280 20 268 3 0000 4 0132 5 0000 6 000 0 7 00 0 0 8 3 8 7 6 333 10 /// 58 014 6 000 0 7 0000 
