240300 48001 21440 80000 10250 20245 40043 75055 8672/ 333 56249 59029=
240300 48004 21110 82201 10258 20258 75055 8697/ 333 56559=
240300 48008 32456 80000 10257 20252 40059 8497/ 333 56459 59017=
240300 48010 21430 80000 10255 20255 40052 76366 887// 333 56499 59026=
240300 48018 22558 40401 10300 20253 40051 70122 82864 333 56556 59039=
240300 48019 22560 10902 10294 20248 40048 80001 333 56004 59024=
240300 48020 21357 73603 10280 20233 70155 85830 333 56490=
240300 48025 32330 71401 10292 20259 40052 84840 333 56550 59031=
240300 48030 21130 82204 10188 20175 75055 8694/ 333 56569=
240300 48031 22258 83601 10230 20198 888// 333 56499=
240300 48033 32562 31801 10300 20253 40037 83800 333 56900 59///=
240300 48034 22456 80000 10222 20205 8637/ 333 5659/=
240300 48035 31560 62202 10258 20229 40057 70144 84860 333 56590 59011=
240300 48037 32660 41802 10296 20239 40050 80049 333 56059 59023=
240300 48039 22460 11402 10315 20248 81100 333 56500=
240300 48042 32558 11304 10327 20244 40050 81200 333 56400 59016=
240300 48043 32557 31405 10265 20211 83200 333 56500=
240300 48045 32556 52210 10220 20173 84830 333 56560=
240300 48048 32560 21802 10320 20236 40050 82800 333 56900 59016=
240300 48051 22558 73102 10270 20260 70122 85930 333 56490=
240300 48052 32458 21301 10315 20248 82200 333 56900=
240300 48053 32558 31803 10300 20239 40069 82506 333 56409 59029=
240300 48055 22456 40000 10248 20212 40068 83830 333 56550 59004=
240300 48057 32458 31401 10230 20181 83800 333 56500=
240300 48060 32340 70000 10265 20221 40056 70322 85830 333 56590 59007=
240300 48062 22456 81803 10286 20270 40077 84970 333 56390 59019=
240300 48064 32458 23201 10297 20266 40054 81101 333 56409 59015=
240300 48065 32556 10301 10300 20253 81100 333 56900=
240300 48071 22458 52303 10290 20259 40081 84930 333 56690 59002=
240300 48072 22459 62701 10300 20266 84870 333 56590=
240300 48075 22457 51401 10260 20215 40088 70322 83831 333 56399 59014=
240300 48077 22559 52302 10300 20253 40072 83931 333 56499 59017=
240300 48078 22558 41801 10290 20259 40099 83501 333 56409 59008=
240300 48080 21459 60403 10262 20229 40096 70295 84870 333 56590 59010=
240300 48085 21356 82705 10262 20246 40091 76166 86720 333 56690 59015=
240300 48087 32560 31402 10302 20239 81240 333 56990=
240300 48092 32457 72706 10300 20266 40075 85930 333 56990 59011=
240300 48093 22658 53201 10302 20266 83841 333 56599=
240300 48094 22457 62202 10305 20265 40096 84970 333 56590 59010=
240300 48095 22458 62202 10300 20266 70122 83840 333 56590=
240300 48096 32457 72505 10270 20259 40095 84930 333 56990 59013=  
240300 48097 32557 71304 10295 20250 40098 85830 333 56690 59014=
240300 48099 21330 81801 10255 20255 40099 75165 8697/ 333 5649/ 59004=
240300 48101 22657 72701 10290 20259 84770 333 56590=
240300 48103 21450 82202 10258 20258 40100 75365 85770 333 56550 59007=
240300 48107 21330 82301 10248 20248 40111 76066 8597/ 333 5655/ 58001=
240300 48108 21494 81401 10240 20240 40123 76165 8632/ 333 5669/ 58004=
240300 48109 32497 72302 10294 20259 40112 85930 333 56990 59006=
240300 48110 21494 81302 10280 20259 40120 70255 84357 333 56699 58004=
240300 48112 22597 81802 10280 20268 40132 83876 333 56499 58014=
