48001 21340 82702 10240 20235 40048 76566 887// 333 56299 59002=
48004 32358 73201 10276 20268 87900 333 56500=
48008 21440 82301 10295 20253 40024 79696 8497/ 333 56459 59029=
48010 22557 70000 10280 20268 40021 84870 333 56540 59014=
48018 32560 62202 10335 20244 40015 82473 333 56556 59035=
48019 32560 32301 10342 20257 40005 81260 333 56660 59031=
48020 21357 80402 10295 20263 75195 8597/ 333 56599=
48025 32458 71401 10320 20265 40016 85870 333 56440 59004=
48035 32560 32203 10320 20236 49993 83800 333 56100 59010=
48037 32662 41802 10359 20249 40004 82249 333 56469 59025=
48042 32560 31304 10377 20240 40006 82802 333 56409 59020=
48045 21340 50404 10210 20195 79596 889// 333 56199=
48048 32560 41802 10365 20249 40013 84800 333 56400 59024=
48051 21458 81302 10283 20270 75055 86970 333 56490=
48053 32558 61803 10340 20240 40026 83956 333 56499 59013=
48060 32356 71302 10300 20207 40000 85800 333 56460 59009=
48062 32458 82706 10320 20290 40046 70122 86970 333 56690 59021=
48071 NIL=
48075 21457 50901 10300 20223 40025 72995 82836 333 56649 59016=
48077 32559 72302 10332 20258 40030 85931 333 56499 59019=
48078 32560 62701 10322 20265 40048 84831 333 56599 59012=
48080 32460 62210 10312 20267 40057 84870 333 56590 59019=
48085 21358 72707 10298 20259 40060 70352 85976 333 56699 59011=
48095 21458 80000 10270 20270 79695 84970 333 56990=
48108 21494 82303 10250 20250 40087 75055 8537/ 333 5659/ 58008=
48109 NIL=
48110 21495 80000 10285 20247 40091 70255 85377 333 56999 58001=
48110 NIL=
48112 32597 82203 10315 20260 40089 70222 83876 333 56599 59009=
48030 21256 72201 10197 20185 75055 86940 333 56560=
48072 21459 52701 10315 20281 75055 83830 333 56590=
48087 32457 22302 10300 20253 70322 84370 333 56490=
48099 21450 61304 10263 20263 40060 70151 85930 333 56390 59007=
48101 21557 80000 10297 20266 70355 8597/ 333 5659/=
48103 21457 82203 10291 20259 40063 70266 86770 333 56550 59002=
48057 32460 43201 10270 20211 83902 333 56609=
48094 32459 62703 10330 20250 40057 85940 333 56690 59015=
48097 31557 80903 10290 20254 40075 71722 8693/ 333 5699/ 59006=
48031 21257 83601 10225 20185 70255 888// 333 56499=
48033 32560 31801 10335 20240 49998 83800 333 56400 59034=
48034 32458 40000 10280 20203 84800 333 56500=
48039 32460 21401 10348 20240 82900 333 56400=
48043 32659 21807 10290 20248 82200 333 56500=
48052 32468 21302 10362 20249 82200 333 56900=
48055 32557 51406 10306 20223 49999 85900 333 56500 59029=
48064 32460 30401 10324 20280 40010 82101 333 56409 59047=
48065 32558 32201 10348 20240 82840 333 56990=
48074 32461 21802 10330 20275 40033 82361 333 56559 59024=
48092 31456 82705 10270 20256 40044 71722 8597/ 333 5699/ 58000=
48093 32556 82302 10278 20250 70322 86840 333 56490=
48107 21350 72301 10262 20246 40077 70166 84970 333 56550 58001=
48096 22457 82706 10280 20250 40063 72199 8597/ 333 5699/ 59002=  