25-APR-2015 09 48004 3 2 3 60 7 04 01 10 303 20 207 3 0000 4 0000 5 0000 6 000 0 7 00 0 0 8 7 9 0 0 333 10 /// 58 000 6 000 0 7 0000 
25-APR-2015 09 48008 3 2 5 57 6 14 01 10 305 20 189 3 0000 4 0106 5 0000 6 000 0 7 00 0 0 8 4 9 7 / 333 10 /// 59 025 6 000 0 7 0000 
25-APR-2015 09 48010 3 2 4 56 8 18 01 10 265 20 229 3 0000 4 0130 5 0000 6 000 0 7 00 0 0 8 8 7 / / 333 10 /// 59 008 6 000 0 7 0000 
25-APR-2015 09 48018 2 1 5 58 8 14 01 10 290 20 196 3 0000 4 0125 5 0000 6 000 0 7 50 5 5 8 4 8 7 / 333 10 /// 58 026 6 000 0 7 0000 
25-APR-2015 09 48019 3 2 4 57 8 23 01 10 268 20 226 3 0000 4 0121 5 0000 6 000 0 7 00 0 0 8 5 7 7 / 333 10 /// 58 023 6 000 0 7 0000 
25-APR-2015 09 48020 3 1 2 57 8 36 03 10 245 20 214 3 0000 4 0000 5 0000 6 000 0 7 50 5 5 8 5 7 1 / 333 10 /// 58 000 6 000 0 7 0000 
25-APR-2015 09 48025 3 2 4 40 8 32 01 10 265 20 171 3 0000 4 0133 5 0000 6 000 0 7 00 0 0 8 5 8 7 / 333 10 /// 58 028 6 000 0 7 0000 
25-APR-2015 09 48030 2 1 / 09 9 04 01 10 150 20 150 3 0000 4 0000 5 0000 6 000 0 7 62 6 6 8 9 / / / 333 10 /// 58 000 6 000 0 7 0000 
25-APR-2015 09 48031 2 1 / 02 9 18 01 10 165 20 163 3 0000 4 0000 5 0000 6 000 0 7 60 6 4 8 9 / / / 333 10 /// 58 000 6 000 0 7 0000 
25-APR-2015 09 48033 3 2 5 63 6 36 01 10 340 20 225 3 0000 4 0086 5 0000 6 000 0 7 00 0 0 8 5 9 3 0 333 10 /// 58 019 6 000 0 7 0000 
25-APR-2015 09 48034 3 2 4 56 7 04 03 10 240 20 174 3 0000 4 0000 5 0000 6 000 0 7 00 0 0 8 7 3 0 0 333 10 /// 58 000 6 000 0 7 0000 
25-APR-2015 09 48035 3 1 5 50 8 32 02 10 243 20 174 3 0000 4 0098 5 0000 6 000 0 7 05 6 6 8 5 9 7 / 333 10 /// 58 045 6 000 0 7 0000 
25-APR-2015 09 48037 3 2 5 58 4 36 01 10 325 20 248 3 0000 4 0091 5 0000 6 000 0 7 00 0 0 8 2 3 3 2 333 10 /// 58 016 6 000 0 7 0000 
25-APR-2015 09 48039 3 2 4 60 3 32 01 10 350 20 219 3 0000 4 0000 5 0000 6 000 0 7 00 0 0 8 2 8 0 1 333 10 /// 58 000 6 000 0 7 0000 
25-APR-2015 09 48042 3 2 5 58 4 22 02 10 355 20 227 3 0000 4 0075 5 0000 6 000 0 7 00 0 0 8 2 2 5 0 333 10 /// 59 004 6 000 0 7 0000 
25-APR-2015 09 48043 3 2 6 56 5 05 05 10 245 20 186 3 0000 4 0000 5 0000 6 000 0 7 00 0 0 8 3 8 3 0 333 10 /// 58 000 6 000 0 7 0000 
25-APR-2015 09 48045 3 1 5 57 8 14 03 10 211 20 143 3 0000 4 0000 5 0000 6 000 0 7 01 4 4 8 8 7 / / 333 10 /// 58 000 6 000 0 7 0000 
25-APR-2015 09 48048 3 2 5 60 2 32 01 10 377 20 203 3 0000 4 0098 5 0000 6 000 0 7 00 0 0 8 2 8 0 0 333 10 /// 58 014 6 000 0 7 0000 
25-APR-2015 09 48051 3 2 5 60 6 36 05 10 330 20 210 3 0000 4 0000 5 0000 6 000 0 7 00 0 0 8 3 8 3 0 333 10 /// 58 000 6 000 0 7 0000 
25-APR-2015 09 48052 3 2 4 68 3 32 03 10 382 20 221 3 0000 4 0000 5 0000 6 000 0 7 00 0 0 8 3 8 0 0 333 10 /// 58 000 6 000 0 7 0000 
25-APR-2015 09 48053 3 2 5 56 6 36 02 10 360 20 214 3 0000 4 0063 5 0000 6 000 0 7 00 0 0 8 5 9 5 0 333 10 /// 59 019 6 000 0 7 0000 
25-APR-2015 09 48055 2 1 5 56 6 32 02 10 241 20 191 3 0000 4 0083 5 0000 6 000 0 7 20 9 8 8 6 9 0 0 333 10 /// 58 007 6 000 0 7 0000 
25-APR-2015 09 48057 2 1 4 57 7 14 01 10 220 20 156 3 0000 4 0000 5 0000 6 000 0 7 17 9 5 8 5 9 7 0 333 10 /// 58 000 6 000 0 7 0000 
25-APR-2015 09 48060 2 1 4 30 8 00 00 10 245 20 189 3 0000 4 0127 5 0000 6 000 0 7 50 9 5 8 5 9 7 / 333 10 /// 58 055 6 000 0 7 0000 
25-APR-2015 09 48062 3 2 4 56 7 27 08 10 305 20 270 3 0000 4 0105 5 0000 6 000 0 7 02 2 2 8 5 9 7 0 333 10 /// 59 006 6 000 0 7 0000 
25-APR-2015 09 48064 3 2 9 70 1 09 01 10 390 20 213 3 0000 4 0063 5 0000 6 000 0 7 00 0 0 8 0 0 0 1 333 10 /// 59 003 6 000 0 7 0000 
25-APR-2015 09 48065 3 2 9 70 1 04 06 10 384 20 203 3 0000 4 0000 5 0000 6 000 0 7 00 0 0 8 0 0 0 1 333 10 /// 58 000 6 000 0 7 0000 
25-APR-2015 09 48071 3 2 4 60 5 32 04 10 330 20 224 3 0000 4 0099 5 0000 6 000 0 7 00 0 0 8 3 8 3 0 333 10 /// 59 019 6 000 0 7 0000 
25-APR-2015 09 48072 3 2 4 60 1 04 05 10 340 20 257 3 0000 4 0000 5 0000 6 000 0 7 00 0 0 8 1 2 0 0 333 10 /// 58 000 6 000 0 7 0000 
25-APR-2015 09 48074 3 2 4 59 6 04 02 10 330 20 234 3 0000 4 0091 5 0000 6 000 0 7 00 0 0 8 4 3 6 0 333 10 /// 59 002 6 000 0 7 0000 
25-APR-2015 09 48075 3 2 4 57 5 22 01 10 320 20 200 3 0000 4 0061 5 0000 6 000 0 7 00 0 0 8 5 3 0 0 333 10 /// 59 038 6 000 0 7 0000 
25-APR-2015 09 48077 3 2 5 59 5 23 02 10 370 20 207 3 0000 4 0071 5 0000 6 000 0 7 00 0 0 8 4 9 0 1 333 10 /// 59 032 6 000 0 7 0000 
25-APR-2015 09 48078 3 2 5 59 5 18 02 10 374 20 224 3 0000 4 0077 5 0000 6 000 0 7 00 0 0 8 4 3 0 1 333 10 /// 59 023 6 000 0 7 0000 
25-APR-2015 09 48080 3 2 9 61 0 22 07 10 360 20 264 3 0000 4 0090 5 0000 6 000 0 7 00 0 0 8 0 0 0 0 333 10 /// 59 020 6 000 0 7 0000 
25-APR-2015 09 48085 3 2 4 58 3 32 05 10 344 20 240 3 0000 4 0088 5 0000 6 000 0 7 00 0 0 8 3 3 0 0 333 10 /// 59 020 6 000 0 7 0000 
25-APR-2015 09 48087 3 2 5 60 3 23 01 10 374 20 190 3 0000 4 0000 5 0000 6 000 0 7 00 0 0 8 2 2 4 0 333 10 /// 58 000 6 000 0 7 0000 
25-APR-2015 09 48092 2 1 5 58 6 13 01 10 270 20 248 3 0000 4 0068 5 0000 6 000 0 7 50 9 6 8 4 9 7 0 333 10 /// 59 017 6 000 0 7 0000 
25-APR-2015 09 48093 2 1 5 56 8 32 02 10 297 20 239 3 0000 4 0000 5 0000 6 000 0 7 50 5 5 8 6 8 4 1 333 10 /// 58 000 6 000 0 7 0000 
25-APR-2015 09 48094 3 2 4 60 6 32 02 10 365 20 220 3 0000 4 0081 5 0000 6 000 0 7 03 2 2 8 5 9 4 0 333 10 /// 59 022 6 000 0 7 0000 
25-APR-2015 09 48095 3 2 5 58 6 00 00 10 320 20 236 3 0000 4 0000 5 0000 6 000 0 7 00 0 0 8 4 8 4 0 333 10 /// 58 000 6 000 0 7 0000 
25-APR-2015 09 48096 2 1 4 58 5 14 05 10 310 20 237 3 0000 4 0093 5 0000 6 000 0 7 20 9 6 8 5 9 0 0 333 10 /// 59 023 6 000 0 7 0000 
25-APR-2015 09 48097 3 2 5 57 6 12 03 10 325 20 225 3 0000 4 0097 5 0000 6 000 0 7 00 0 0 8 4 8 0 6 333 10 /// 59 000 6 000 0 7 0000 
25-APR-2015 09 48099 3 2 4 60 3 04 03 10 354 20 235 3 0000 4 0072 5 0000 6 000 0 7 00 0 0 8 3 9 0 0 333 10 /// 59 016 6 000 0 7 0000 
25-APR-2015 09 48101 3 1 5 58 6 14 01 10 311 20 254 3 0000 4 0000 5 0000 6 000 0 7 17 9 2 8 3 9 7 1 333 10 /// 58 000 6 000 0 7 0000 
25-APR-2015 09 48103 3 2 4 57 4 22 01 10 380 20 240 3 0000 4 0074 5 0000 6 000 0 7 00 0 0 8 4 8 0 0 333 10 /// 59 020 6 000 0 7 0000 
25-APR-2015 09 48107 3 2 3 50 6 23 02 10 357 20 249 3 0000 4 0081 5 0000 6 000 0 7 00 0 0 8 4 9 7 0 333 10 /// 59 015 6 000 0 7 0000 
25-APR-2015 09 48108 3 1 5 95 7 32 03 10 360 20 235 3 0000 4 0093 5 0000 6 000 0 7 17 9 9 8 4 9 6 6 333 10 /// 58 002 6 000 0 7 0000 
25-APR-2015 09 48110 3 1 4 96 8 36 05 10 350 20 266 3 0000 4 0094 5 0000 6 000 0 7 17 2 2 8 5 9 5 7 333 10 /// 59 006 6 000 0 7 0000 
