250600 48001 32556 50901 10270 20172 40124 83830 333 56560 59040=
250600 48004 32460 63201 10281 20203 86900 333 56500=
250600 48008 32557 60402 10294 20159 40134 83970 333 56560 59002=
250600 48010 32456 70000 10355 20229 40147 84770 333 56660 58007=
250600 48018 32558 81401 10285 20184 40156 8487/ 333 56559 58013=
250600 48019 32456 82301 10267 20191 40142 8577/ 333 56459 58024=
250600 48020 31257 80402 10230 20214 72165 8572/ 333 56559=
250600 48025 32440 83201 10260 20203 40157 8587/ 333 56559 58029=
250600 48030 32256 80404 10170 20135 8794/ 333 56189=
250600 48031 31257 81801 10185 20147 70266 883// 333 56499=
250600 48033 32563 63601 10290 20230 40121 85930 333 56990 58017=
250600 48034 32456 80000 10218 20179 8637/ 333 5659/=
250600 48035 31550 80000 10231 20181 40137 75022 8597/ 333 56599 58039=
250600 48037 32558 72701 10298 20185 40127 82870 333 56650 58018=
250600 48039 32460 61401 10312 20225 84850 333 56440=
250600 48042 32557 51302 10337 20240 40113 82252 333 56959 58000=
250600 48043 32640 80000 10250 20186 85871 333 56999=
250600 48045 32557 71403 10323 20163 85330 333 56190=
250600 48048 32560 53201 10355 20214 40124 84850 333 56490 58010=
250600 48051 32559 73603 10316 20220 70322 84831 333 56799=
250600 48052 32468 43205 10332 20212 83801 333 56909=
250600 48053 32556 51801 10340 20205 40099 84950 333 56590 59015=
250600 48055 32556 71306 10292 20179 40091 87300 333 56500 59005=
250600 48057 21457 71401 10230 20163 75322 85970 333 56490=
250600 48060 32430 73201 10275 20207 40108 84970 333 56590 58005=
250600 48062 32458 72303 10305 20250 40122 70222 85930 333 56990 59026=
250600 48064 32970 11401 10370 20246 40095 80006 333 56009 58003=
250600 48065 32970 12204 10363 20195 80001 333 56009=
250600 48071 32460 23203 10323 20236 40124 81201 333 56909 59020=
250600 48072 32460 11303 10320 20265 70222 81300 333 56500=
250600 48074 32459 61401 10334 20234 40121 84360 333 56440 59005=
250600 48075 32457 61402 10290 20188 40127 70322 84370 333 56590 58021=
250600 48077 32559 52302 10350 20237 40105 84901 333 56909 59016=
250600 48078 32558 31802 10346 20231 40115 82201 333 56909 59017=
250600 48080 32961 02204 10342 20257 40116 333 59014=
250600 48085 32459 22704 10316 20237 40113 82300 333 56300 59019=
250600 48087 32560 20402 10350 20219 82200 333 56900=
250600 48092 32459 61302 10340 20248 40095 86800 333 56900 59009=
250600 48093 32558 42301 10351 20237 84800 333 56500=
250600 48094 32460 43202 10340 20250 40115 70322 84900 333 56900 59007=
250600 48095 32558 60000 10350 20266 70311 84840 333 56990=
250600 48097 32557 61402 10340 20240 40120 86300 333 56900 59012=
250600 48099 32557 20402 10335 20240 40111 82800 333 56100 59010=
250600 48101 32560 41802 10332 20244 70322 84300 333 56300=
250600 48103 32457 20401 10355 20235 40111 82500 333 56100 59011=
250600 48107 32350 40901 10340 20240 40103 84900 333 56700 59006=
250600 48108 32596 63203 10350 20237 40117 83366 333 56699 58002=
250600 48109 32457 60401 10348 20266 40128 83900 333 56900 59006=
250600 48110 31596 62704 10345 20261 40124 70522 82356 333 56999 58009=
250600 48112 32597 80401 10345 20257 40119 70222 83876 333 56199 58003=  
