25-APR-2015 00 48008 3 2 5 58 6 00 00 10 212 20 175 3 0000 4 0133 5 0000 6 000 0 7 00 0 0 8 3 9 7 0 333 20 196 58 013 6 000 0 7 0000 
25-APR-2015 00 48010 2 2 4 30 6 00 00 10 195 20 192 3 0000 4 0132 5 0000 6 000 0 7 00 0 0 8 4 7 3 0 333 20 188 58 026 6 000 0 7 0000 
25-APR-2015 00 48018 2 2 5 56 8 14 01 10 220 20 205 3 0000 4 0141 5 0000 6 000 0 7 00 0 0 8 5 8 7 / 333 20 200 58 021 6 990 2 7 0000 
25-APR-2015 00 48019 3 2 4 50 8 32 01 10 218 20 185 3 0000 4 0126 5 0000 6 000 0 7 00 0 0 8 5 7 7 / 333 20 215 58 018 6 000 0 7 0000 
25-APR-2015 00 48025 3 2 4 10 8 32 02 10 230 20 181 3 0000 4 0137 5 0000 6 000 0 7 00 0 0 8 5 8 4 / 333 20 224 58 036 6 000 0 7 0000 
25-APR-2015 00 48030 3 1 / 09 9 04 01 10 142 20 142 3 0000 4 0000 5 0000 6 000 0 7 43 4 4 8 0 0 0 0 333 20 134 58 000 6 000 0 7 0000 
25-APR-2015 00 48031 3 2 2 57 8 22 01 10 155 20 123 3 0000 4 0000 5 0000 6 000 0 7 00 0 0 8 8 7 / / 333 20 148 58 000 6 000 0 7 0000 
25-APR-2015 00 48033 3 2 5 60 7 36 01 10 250 20 205 3 0000 4 0105 5 0000 6 000 0 7 00 0 0 8 5 5 7 0 333 20 240 59 004 6 000 0 7 0000 
25-APR-2015 00 48035 3 1 4 20 8 00 00 10 207 20 175 3 0000 4 0113 5 0000 6 000 0 7 10 2 2 8 5 9 7 / 333 20 200 59 024 6 000 0 7 0000 
25-APR-2015 00 48037 3 1 5 30 8 36 01 10 248 20 219 3 0000 4 0111 5 0000 6 000 0 7 03 9 2 8 5 9 7 / 333 20 240 58 019 6 000 0 7 0000 
25-APR-2015 00 48039 2 2 4 56 8 00 00 10 250 20 219 3 0000 4 0000 5 0000 6 000 0 7 00 0 0 8 4 4 6 / 333 20 249 58 000 6 000 0 7 0000 
25-APR-2015 00 48042 2 1 5 56 8 22 01 10 260 20 229 3 0000 4 0105 5 0000 6 000 0 7 03 5 5 8 5 9 5 / 333 20 242 58 000 6 990 2 7 0000 
25-APR-2015 00 48048 3 2 5 50 2 36 01 10 267 20 211 3 0000 4 0114 5 0000 6 000 0 7 00 0 0 8 2 8 0 0 333 20 260 58 019 6 000 0 7 0000 
25-APR-2015 00 48051 3 2 5 58 7 32 02 10 226 20 212 3 0000 4 0000 5 0000 6 000 0 7 00 0 0 8 4 8 3 0 333 20 217 58 000 6 000 0 7 0000 
25-APR-2015 00 48052 3 2 4 50 5 32 04 10 275 20 203 3 0000 4 0000 5 0000 6 000 0 7 00 0 0 8 5 9 0 0 333 20 270 58 000 6 000 0 7 0000 
25-APR-2015 00 48053 2 2 4 50 7 00 00 10 250 20 219 3 0000 4 0099 5 0000 6 000 0 7 00 0 0 8 5 8 5 0 333 20 242 59 009 6 000 0 7 0000 
25-APR-2015 00 48055 3 2 5 56 5 00 00 10 172 20 162 3 0000 4 0142 5 0000 6 000 0 7 00 0 0 8 3 9 3 0 333 20 164 59 008 6 990 2 7 0000 
25-APR-2015 00 48057 3 2 4 56 5 14 01 10 190 20 159 3 0000 4 0000 5 0000 6 000 0 7 00 0 0 8 3 3 5 0 333 20 170 58 000 6 000 0 7 0000 
25-APR-2015 00 48060 3 1 4 30 2 00 00 10 200 20 185 3 0000 4 0137 5 0000 6 000 0 7 40 4 4 8 2 1 0 0 333 20 186 59 020 6 000 0 7 0000 
25-APR-2015 00 48062 2 1 4 56 7 00 00 10 273 20 230 3 0000 4 0114 5 0000 6 000 0 7 03 5 5 8 5 9 7 0 333 20 210 59 017 6 001 2 7 0000 
25-APR-2015 00 48064 3 2 5 50 3 00 00 10 260 20 203 3 0000 4 0085 5 0000 6 000 0 7 00 0 0 8 1 1 3 0 333 20 200 59 005 6 000 0 7 0000 
25-APR-2015 00 48065 3 2 4 50 5 00 00 10 254 20 186 3 0000 4 0000 5 0000 6 000 0 7 00 0 0 8 3 8 3 1 333 20 233 58 000 6 000 0 7 0000 
25-APR-2015 00 48071 2 2 4 56 4 00 00 10 235 20 226 3 0000 4 0101 5 0000 6 000 0 7 00 0 0 8 3 8 3 0 333 20 220 59 017 6 000 0 7 0000 
25-APR-2015 00 48074 3 2 4 56 6 00 00 10 252 20 219 3 0000 4 0114 5 0000 6 000 0 7 00 0 0 8 2 5 4 0 333 20 236 59 003 6 000 0 7 0000 
25-APR-2015 00 48075 2 2 4 56 6 00 00 10 185 20 185 3 0000 4 0157 5 0000 6 000 0 7 00 0 0 8 3 8 3 0 333 20 140 59 003 6 000 0 7 0000 
25-APR-2015 00 48077 3 2 9 56 0 00 00 10 244 20 226 3 0000 4 0100 5 0000 6 000 0 7 00 0 0 8 0 0 0 0 333 20 230 59 010 6 000 0 7 0000 
25-APR-2015 00 48078 3 2 5 56 6 27 01 10 258 20 229 3 0000 4 0112 5 0000 6 000 0 7 00 0 0 8 2 5 3 1 333 20 240 59 014 6 000 0 7 0000 
25-APR-2015 00 48080 3 1 9 09 0 04 01 10 203 20 185 3 0000 4 0106 5 0000 6 000 0 7 10 1 1 8 0 0 0 0 333 20 188 59 015 6 000 0 7 0000 
25-APR-2015 00 48085 3 2 9 56 2 09 01 10 218 20 205 3 0000 4 0110 5 0000 6 000 0 7 00 0 0 8 0 0 0 6 333 20 216 58 000 6 000 0 7 0000 
25-APR-2015 00 48092 2 1 9 20 1 00 00 10 240 20 233 3 0000 4 0093 5 0000 6 000 0 7 10 1 1 8 0 0 3 0 333 20 230 59 000 6 000 0 7 0000 
25-APR-2015 00 48093 2 2 9 40 0 23 01 10 250 20 233 3 0000 4 0000 5 0000 6 000 0 7 00 0 0 8 0 0 0 0 333 20 246 58 000 6 000 0 7 0000 
25-APR-2015 00 48094 3 1 9 10 0 00 00 10 240 20 235 3 0000 4 0113 5 0000 6 000 0 7 42 4 4 8 0 0 0 0 333 20 198 59 003 6 000 0 7 0000 
25-APR-2015 00 48097 2 2 5 56 3 04 01 10 245 20 236 3 0000 4 0116 5 0000 6 000 0 7 00 0 0 8 1 5 3 1 333 20 233 58 005 6 000 0 7 0000 
25-APR-2015 00 48099 3 2 4 50 4 04 01 10 235 20 226 3 0000 4 0115 5 0000 6 000 0 7 00 0 0 8 2 8 0 1 333 20 214 59 003 6 000 0 7 0000 
25-APR-2015 00 48101 2 1 9 40 1 00 00 10 238 20 238 3 0000 4 0000 5 0000 6 000 0 7 42 4 4 8 0 0 0 1 333 20 203 58 000 6 000 0 7 0000 
25-APR-2015 00 48103 3 2 4 40 6 22 01 10 234 20 214 3 0000 4 0113 5 0000 6 000 0 7 00 0 0 8 6 5 0 0 333 20 220 58 000 6 000 0 7 0000 
25-APR-2015 00 48107 2 2 3 30 4 23 01 10 232 20 214 3 0000 4 0112 5 0000 6 000 0 7 00 0 0 8 4 9 0 0 333 20 222 58 002 6 000 0 7 0000 
25-APR-2015 00 48108 2 2 5 95 7 00 00 10 238 20 228 3 0000 4 0119 5 0000 6 000 0 7 00 0 0 8 3 3 7 6 333 20 225 58 002 6 001 2 7 0000 
25-APR-2015 00 48110 3 1 5 95 5 13 02 10 245 20 230 3 0000 4 0117 5 0000 6 000 0 7 05 2 2 8 1 4 3 6 333 20 240 58 000 6 004 2 7 0000 
25-APR-2015 00 48112 3 2 5 97 8 04 02 10 261 20 246 3 0000 4 0110 5 0000 6 000 0 7 00 0 0 8 3 8 7 6 333 20 215 59 003 6 000 0 7 0000 
