250900 48004 32360 70401 10303 20207 87900 333 56500=
250900 48008 32557 61401 10305 20189 40106 8497/ 333 56569 59025=
250900 48010 32456 81801 10265 20229 40130 887// 333 56699 59008=
250900 48018 21558 81401 10290 20196 40125 75055 8487/ 333 56559 58026=
250900 48019 32457 82301 10268 20226 40121 8577/ 333 56459 58023=
250900 48020 31257 83603 10245 20214 75055 8571/ 333 56599=
250900 48025 32440 83201 10265 20171 40133 8587/ 333 56559 58028=
250900 48030 21/09 90401 10150 20150 76266 89/// 333 56999=
250900 48031 21/02 91801 10165 20163 76064 89/// 333 56999=
250900 48033 32563 63601 10340 20225 40086 85930 333 56550 58019=
250900 48034 32456 70403 10240 20174 87300 333 56500=
250900 48035 31550 83202 10243 20174 40098 70566 8597/ 333 56599 58045=
250900 48037 32558 43601 10325 20248 40091 82332 333 56559 58016=
250900 48039 32460 33201 10350 20219 82801 333 56505=
250900 48042 32558 42202 10355 20227 40075 82250 333 56590 59004=
250900 48043 32656 50505 10245 20186 83830 333 56990=
250900 48045 31557 81403 10211 20143 70144 887// 333 56599=
250900 48048 32560 23201 10377 20203 40098 82800 333 56400 58014=
250900 48051 32560 63605 10330 20210 83830 333 56790=
250900 48052 32468 33203 10382 20221 83800 333 56900=
250900 48053 32556 63602 10360 20214 40063 85950 333 56590 59019=
250900 48055 21556 63202 10241 20191 40083 72098 86900 333 56500 58007=
250900 48057 21457 71401 10220 20156 71795 85970 333 56490=
250900 48060 21430 80000 10245 20189 40127 75095 8597/ 333 5659/ 58055=
250900 48062 32456 72708 10305 20270 40105 70222 85970 333 56990 59006=
250900 48064 32970 10901 10390 20213 40063 80001 333 56009 59003=
250900 48065 32970 10406 10384 20203 80001 333 56009=
250900 48071 32460 53204 10330 20224 40099 83830 333 56990 59019=
250900 48072 32460 10405 10340 20257 81200 333 56900=
250900 48074 32459 60402 10330 20234 40091 84360 333 56440 59002=
250900 48075 32457 52201 10320 20200 40061 85300 333 56500 59038=
250900 48077 32559 52302 10370 20207 40071 84901 333 56909 59032=
250900 48078 32559 51802 10374 20224 40077 84301 333 56509 59023=
250900 48080 32961 02207 10360 20264 40090 333 59020=
250900 48085 32458 33205 10344 20240 40088 83300 333 56200 59020=
250900 48087 32560 32301 10374 20190 82240 333 56990=
250900 48092 21558 61301 10270 20248 40068 75096 84970 333 56990 59017=
250900 48093 21556 83202 10297 20239 75055 86841 333 56599=
250900 48094 32460 63202 10365 20220 40081 70322 85940 333 56990 59022=
250900 48095 32558 60000 10320 20236 84840 333 56990=
250900 48096 21458 51405 10310 20237 40093 72096 85900 333 56900 59023=
250900 48097 32557 61203 10325 20225 40097 84806 333 56909 59000=
250900 48099 32460 30403 10354 20235 40072 83900 333 56100 59016=
250900 48101 31558 61401 10311 20254 71792 83971 333 56999=
250900 48103 32457 42201 10380 20240 40074 84800 333 56500 59020=
250900 48107 32350 62302 10357 20249 40081 84970 333 56330 59015=
250900 48108 31595 73203 10360 20235 40093 71799 84966 333 56699 58002=
250900 48110 31496 83605 10350 20266 40094 71722 85957 333 56999 59006=
250900 48004 32360 70401 10303 20207 87900 333 56500=
250900 48008 32557 61401 10305 20189 40106 8497/ 333 56569 59025=
250900 48010 32456 81801 10265 20229 40130 887// 333 56699 59008=
250900 48018 21558 81401 10290 20196 40125 75055 8487/ 333 56559 58026=
250900 48019 32457 82301 10268 20226 40121 8577/ 333 56459 58023=
250900 48020 31257 83603 10245 20214 75055 8571/ 333 56599=
250900 48025 32440 83201 10265 20171 40133 8587/ 333 56559 58028=
250900 48030 21/09 90401 10150 20150 76266 89/// 333 56999=
250900 48031 21/02 91801 10165 20163 76064 89/// 333 56999=
250900 48033 32563 63601 10340 20225 40086 85930 333 56550 58019=
250900 48034 32456 70403 10240 20174 87300 333 56500=
250900 48035 31550 83202 10243 20174 40098 70566 8597/ 333 56599 58045=
250900 48037 32558 43601 10325 20248 40091 82332 333 56559 58016=
250900 48039 32460 33201 10350 20219 82801 333 56505=
250900 48042 32558 42202 10355 20227 40075 82250 333 56590 59004=
250900 48043 32656 50505 10245 20186 83830 333 56990=
250900 48045 31557 81403 10211 20143 70144 887// 333 56599=
250900 48048 32560 23201 10377 20203 40098 82800 333 56400 58014=
250900 48051 32560 63605 10330 20210 83830 333 56790=
250900 48052 32468 33203 10382 20221 83800 333 56900=
250900 48053 32556 63602 10360 20214 40063 85950 333 56590 59019=
250900 48055 21556 63202 10241 20191 40083 72098 86900 333 56500 58007=
250900 48057 21457 71401 10220 20156 71795 85970 333 56490=
250900 48060 21430 80000 10245 20189 40127 75095 8597/ 333 5659/ 58055=
250900 48062 32456 72708 10305 20270 40105 70222 85970 333 56990 59006=
250900 48064 32970 10901 10390 20213 40063 80001 333 56009 59003=
250900 48065 32970 10406 10384 20203 80001 333 56009=
250900 48071 32460 53204 10330 20224 40099 83830 333 56990 59019=
250900 48072 32460 10405 10340 20257 81200 333 56900=
250900 48074 32459 60402 10330 20234 40091 84360 333 56440 59002=
250900 48075 32457 52201 10320 20200 40061 85300 333 56500 59038=
250900 48077 32559 52302 10370 20207 40071 84901 333 56909 59032=
250900 48078 32559 51802 10374 20224 40077 84301 333 56509 59023=
250900 48080 32961 02207 10360 20264 40090 333 59020=
250900 48085 32458 33205 10344 20240 40088 83300 333 56200 59020=
250900 48087 32560 32301 10374 20190 82240 333 56990=
250900 48092 21558 61301 10270 20248 40068 75096 84970 333 56990 59017=
250900 48093 21556 83202 10297 20239 75055 86841 333 56599=
250900 48094 32460 63202 10365 20220 40081 70322 85940 333 56990 59022=
250900 48095 32558 60000 10320 20236 84840 333 56990=
250900 48096 21458 51405 10310 20237 40093 72096 85900 333 56900 59023=
250900 48097 32557 61203 10325 20225 40097 84806 333 56909 59000=
250900 48099 32460 30403 10354 20235 40072 83900 333 56100 59016=
250900 48101 31558 61401 10311 20254 71792 83971 333 56999=
250900 48103 32457 42201 10380 20240 40074 84800 333 56500 59020=
250900 48107 32350 62302 10357 20249 40081 84970 333 56330 59015=
250900 48108 31595 73203 10360 20235 40093 71799 84966 333 56699 58002=
250900 48110 31496 83605 10350 20266 40094 71722 85957 333 56999 59006=
