25-APR-2015 06 48001 3 2 5 56 5 09 01 10 270 20 172 3 0000 4 0124 5 0000 6 000 0 7 00 0 0 8 3 8 3 0 333 10 /// 59 040 6 000 0 7 0000 
25-APR-2015 06 48004 3 2 4 60 6 32 01 10 281 20 203 3 0000 4 0000 5 0000 6 000 0 7 00 0 0 8 6 9 0 0 333 10 /// 58 000 6 000 0 7 0000 
25-APR-2015 06 48008 3 2 5 57 6 04 02 10 294 20 159 3 0000 4 0134 5 0000 6 000 0 7 00 0 0 8 3 9 7 0 333 10 /// 59 002 6 000 0 7 0000 
25-APR-2015 06 48010 3 2 4 56 7 00 00 10 355 20 229 3 0000 4 0147 5 0000 6 000 0 7 00 0 0 8 4 7 7 0 333 10 /// 58 007 6 000 0 7 0000 
25-APR-2015 06 48018 3 2 5 58 8 14 01 10 285 20 184 3 0000 4 0156 5 0000 6 000 0 7 00 0 0 8 4 8 7 / 333 10 /// 58 013 6 000 0 7 0000 
25-APR-2015 06 48019 3 2 4 56 8 23 01 10 267 20 191 3 0000 4 0142 5 0000 6 000 0 7 00 0 0 8 5 7 7 / 333 10 /// 58 024 6 000 0 7 0000 
25-APR-2015 06 48020 3 1 2 57 8 04 02 10 230 20 214 3 0000 4 0000 5 0000 6 000 0 7 21 6 5 8 5 7 2 / 333 10 /// 58 000 6 000 0 7 0000 
25-APR-2015 06 48025 3 2 4 40 8 32 01 10 260 20 203 3 0000 4 0157 5 0000 6 000 0 7 00 0 0 8 5 8 7 / 333 10 /// 58 029 6 000 0 7 0000 
25-APR-2015 06 48030 3 2 2 56 8 04 04 10 170 20 135 3 0000 4 0000 5 0000 6 000 0 7 00 0 0 8 7 9 4 / 333 10 /// 58 000 6 000 0 7 0000 
25-APR-2015 06 48031 3 1 2 57 8 18 01 10 185 20 147 3 0000 4 0000 5 0000 6 000 0 7 02 6 6 8 8 3 / / 333 10 /// 58 000 6 000 0 7 0000 
25-APR-2015 06 48033 3 2 5 63 6 36 01 10 290 20 230 3 0000 4 0121 5 0000 6 000 0 7 00 0 0 8 5 9 3 0 333 10 /// 58 017 6 000 0 7 0000 
25-APR-2015 06 48034 3 2 4 56 8 00 00 10 218 20 179 3 0000 4 0000 5 0000 6 000 0 7 00 0 0 8 6 3 7 / 333 10 /// 58 000 6 000 0 7 0000 
25-APR-2015 06 48035 3 1 5 50 8 00 00 10 231 20 181 3 0000 4 0137 5 0000 6 000 0 7 50 2 2 8 5 9 7 / 333 10 /// 58 039 6 000 0 7 0000 
25-APR-2015 06 48037 3 2 5 58 7 27 01 10 298 20 185 3 0000 4 0127 5 0000 6 000 0 7 00 0 0 8 2 8 7 0 333 10 /// 58 018 6 000 0 7 0000 
25-APR-2015 06 48039 3 2 4 60 6 14 01 10 312 20 225 3 0000 4 0000 5 0000 6 000 0 7 00 0 0 8 4 8 5 0 333 10 /// 58 000 6 000 0 7 0000 
25-APR-2015 06 48042 3 2 5 57 5 13 02 10 337 20 240 3 0000 4 0113 5 0000 6 000 0 7 00 0 0 8 2 2 5 2 333 10 /// 58 000 6 000 0 7 0000 
25-APR-2015 06 48043 3 2 6 40 8 00 00 10 250 20 186 3 0000 4 0000 5 0000 6 000 0 7 00 0 0 8 5 8 7 1 333 10 /// 58 000 6 000 0 7 0000 
25-APR-2015 06 48045 3 2 5 57 7 14 03 10 323 20 163 3 0000 4 0000 5 0000 6 000 0 7 00 0 0 8 5 3 3 0 333 10 /// 58 000 6 000 0 7 0000 
25-APR-2015 06 48048 3 2 5 60 5 32 01 10 355 20 214 3 0000 4 0124 5 0000 6 000 0 7 00 0 0 8 4 8 5 0 333 10 /// 58 010 6 000 0 7 0000 
25-APR-2015 06 48051 3 2 5 59 7 36 03 10 316 20 220 3 0000 4 0000 5 0000 6 000 0 7 03 2 2 8 4 8 3 1 333 10 /// 58 000 6 000 0 7 0000 
25-APR-2015 06 48052 3 2 4 68 4 32 05 10 332 20 212 3 0000 4 0000 5 0000 6 000 0 7 00 0 0 8 3 8 0 1 333 10 /// 58 000 6 000 0 7 0000 
25-APR-2015 06 48053 3 2 5 56 5 18 01 10 340 20 205 3 0000 4 0099 5 0000 6 000 0 7 00 0 0 8 4 9 5 0 333 10 /// 59 015 6 000 0 7 0000 
25-APR-2015 06 48055 3 2 5 56 7 13 06 10 292 20 179 3 0000 4 0091 5 0000 6 000 0 7 00 0 0 8 7 3 0 0 333 10 /// 59 005 6 000 0 7 0000 
25-APR-2015 06 48057 2 1 4 57 7 14 01 10 230 20 163 3 0000 4 0000 5 0000 6 000 0 7 53 2 2 8 5 9 7 0 333 10 /// 58 000 6 000 0 7 0000 
25-APR-2015 06 48060 3 2 4 30 7 32 01 10 275 20 207 3 0000 4 0108 5 0000 6 000 0 7 00 0 0 8 4 9 7 0 333 10 /// 58 005 6 000 0 7 0000 
25-APR-2015 06 48062 3 2 4 58 7 23 03 10 305 20 250 3 0000 4 0122 5 0000 6 000 0 7 02 2 2 8 5 9 3 0 333 10 /// 59 026 6 000 0 7 0000 
25-APR-2015 06 48064 3 2 9 70 1 14 01 10 370 20 246 3 0000 4 0095 5 0000 6 000 0 7 00 0 0 8 0 0 0 6 333 10 /// 58 003 6 000 0 7 0000 
25-APR-2015 06 48065 3 2 9 70 1 22 04 10 363 20 195 3 0000 4 0000 5 0000 6 000 0 7 00 0 0 8 0 0 0 1 333 10 /// 58 000 6 000 0 7 0000 
25-APR-2015 06 48071 3 2 4 60 2 32 03 10 323 20 236 3 0000 4 0124 5 0000 6 000 0 7 00 0 0 8 1 2 0 1 333 10 /// 59 020 6 000 0 7 0000 
25-APR-2015 06 48072 3 2 4 60 1 13 03 10 320 20 265 3 0000 4 0000 5 0000 6 000 0 7 02 2 2 8 1 3 0 0 333 10 /// 58 000 6 000 0 7 0000 
25-APR-2015 06 48074 3 2 4 59 6 14 01 10 334 20 234 3 0000 4 0121 5 0000 6 000 0 7 00 0 0 8 4 3 6 0 333 10 /// 59 005 6 000 0 7 0000 
25-APR-2015 06 48075 3 2 4 57 6 14 02 10 290 20 188 3 0000 4 0127 5 0000 6 000 0 7 03 2 2 8 4 3 7 0 333 10 /// 58 021 6 000 0 7 0000 
25-APR-2015 06 48077 3 2 5 59 5 23 02 10 350 20 237 3 0000 4 0105 5 0000 6 000 0 7 00 0 0 8 4 9 0 1 333 10 /// 59 016 6 000 0 7 0000 
25-APR-2015 06 48078 3 2 5 58 3 18 02 10 346 20 231 3 0000 4 0115 5 0000 6 000 0 7 00 0 0 8 2 2 0 1 333 10 /// 59 017 6 000 0 7 0000 
25-APR-2015 06 48080 3 2 9 61 0 22 04 10 342 20 257 3 0000 4 0116 5 0000 6 000 0 7 00 0 0 8 0 0 0 0 333 10 /// 59 014 6 000 0 7 0000 
25-APR-2015 06 48085 3 2 4 59 2 27 04 10 316 20 237 3 0000 4 0113 5 0000 6 000 0 7 00 0 0 8 2 3 0 0 333 10 /// 59 019 6 000 0 7 0000 
25-APR-2015 06 48087 3 2 5 60 2 04 02 10 350 20 219 3 0000 4 0000 5 0000 6 000 0 7 00 0 0 8 2 2 0 0 333 10 /// 58 000 6 000 0 7 0000 
25-APR-2015 06 48092 3 2 4 59 6 13 02 10 340 20 248 3 0000 4 0095 5 0000 6 000 0 7 00 0 0 8 6 8 0 0 333 10 /// 59 009 6 000 0 7 0000 
25-APR-2015 06 48093 3 2 5 58 4 23 01 10 351 20 237 3 0000 4 0000 5 0000 6 000 0 7 00 0 0 8 4 8 0 0 333 10 /// 58 000 6 000 0 7 0000 
25-APR-2015 06 48094 3 2 4 60 4 32 02 10 340 20 250 3 0000 4 0115 5 0000 6 000 0 7 03 2 2 8 4 9 0 0 333 10 /// 59 007 6 000 0 7 0000 
25-APR-2015 06 48095 3 2 5 58 6 00 00 10 350 20 266 3 0000 4 0000 5 0000 6 000 0 7 03 1 1 8 4 8 4 0 333 10 /// 58 000 6 000 0 7 0000 
25-APR-2015 06 48097 3 2 5 57 6 14 02 10 340 20 240 3 0000 4 0120 5 0000 6 000 0 7 00 0 0 8 6 3 0 0 333 10 /// 59 012 6 000 0 7 0000 
25-APR-2015 06 48099 3 2 5 57 2 04 02 10 335 20 240 3 0000 4 0111 5 0000 6 000 0 7 00 0 0 8 2 8 0 0 333 10 /// 59 010 6 000 0 7 0000 
25-APR-2015 06 48101 3 2 5 60 4 18 02 10 332 20 244 3 0000 4 0000 5 0000 6 000 0 7 03 2 2 8 4 3 0 0 333 10 /// 58 000 6 000 0 7 0000 
25-APR-2015 06 48103 3 2 4 57 2 04 01 10 355 20 235 3 0000 4 0111 5 0000 6 000 0 7 00 0 0 8 2 5 0 0 333 10 /// 59 011 6 000 0 7 0000 
25-APR-2015 06 48107 3 2 3 50 4 09 01 10 340 20 240 3 0000 4 0103 5 0000 6 000 0 7 00 0 0 8 4 9 0 0 333 10 /// 59 006 6 000 0 7 0000 
25-APR-2015 06 48108 3 2 5 96 6 32 03 10 350 20 237 3 0000 4 0117 5 0000 6 000 0 7 00 0 0 8 3 3 6 6 333 10 /// 58 002 6 000 0 7 0000 
25-APR-2015 06 48109 3 2 4 57 6 04 01 10 348 20 266 3 0000 4 0128 5 0000 6 000 0 7 00 0 0 8 3 9 0 0 333 10 /// 59 006 6 000 0 7 0000 
25-APR-2015 06 48110 3 1 5 96 6 27 04 10 345 20 261 3 0000 4 0124 5 0000 6 000 0 7 05 2 2 8 2 3 5 6 333 10 /// 58 009 6 000 0 7 0000 
25-APR-2015 06 48112 3 2 5 97 8 04 01 10 345 20 257 3 0000 4 0119 5 0000 6 000 0 7 02 2 2 8 3 8 7 6 333 10 /// 58 003 6 000 0 7 0000 
