25-AUG-2015 09 48001 2 1 3 20 8 32 01 10 265 20 256 3 0000 4 0021 5 0000 6 000 0 7 21 6 6 8 4 7 7 / 333 10 /// 58 006 6 000 0 7 0000 
25-AUG-2015 09 48004 3 2 5 60 5 32 01 10 310 20 254 3 0000 4 0000 5 0000 6 000 0 7 00 0 0 8 5 9 0 0 333 10 /// 58 000 6 000 0 7 0000 
25-AUG-2015 09 48008 3 2 4 57 6 23 01 10 335 20 257 3 0000 4 0011 5 0000 6 000 0 7 00 0 0 8 3 9 7 0 333 10 /// 59 013 6 000 0 7 0000 
25-AUG-2015 09 48010 3 2 5 60 5 18 01 10 320 20 265 3 0000 4 0015 5 0000 6 000 0 7 00 0 0 8 3 8 3 1 333 10 /// 59 008 6 000 0 7 0000 
25-AUG-2015 09 48018 3 2 5 60 8 14 01 10 322 20 256 3 0000 4 0012 5 0000 6 000 0 7 00 0 0 8 3 8 3 0 333 10 /// 59 007 6 000 0 7 0000 
25-AUG-2015 09 48019 3 2 7 02 / // // 10 334 20 258 3 0000 4 0012 5 0000 6 000 0 7 00 0 0 8 1 2 6 2 333 10 /// 59 006 6 000 0 7 0000 
25-AUG-2015 09 48020 3 2 3 60 5 13 04 10 340 20 288 3 0000 4 0000 5 0000 6 000 0 7 00 0 0 8 4 3 3 0 333 10 /// 58 000 6 000 0 7 0000 
25-AUG-2015 09 48025 3 2 4 56 5 14 01 10 330 20 244 3 0000 4 0015 5 0000 6 000 0 7 00 0 0 8 3 8 4 1 333 10 /// 59 003 6 000 0 7 0000 
25-AUG-2015 09 48030 3 2 2 56 7 04 02 10 224 20 205 3 0000 4 0000 5 0000 6 000 0 7 00 0 0 8 6 9 4 0 333 10 /// 58 000 6 000 0 7 0000 
25-AUG-2015 09 48031 3 2 2 60 5 14 01 10 250 20 205 3 0000 4 0000 5 0000 6 000 0 7 00 0 0 8 5 3 0 0 333 10 /// 58 000 6 000 0 7 0000 
25-AUG-2015 09 48033 3 2 5 63 4 18 01 10 330 20 258 3 0000 4 0012 5 0000 6 000 0 7 00 0 0 8 4 8 0 0 333 10 /// 59 002 6 000 0 7 0000 
25-AUG-2015 09 48034 3 2 4 57 6 18 02 10 287 20 215 3 0000 4 0000 5 0000 6 000 0 7 00 0 0 8 6 3 0 0 333 10 /// 58 000 6 000 0 7 0000 
25-AUG-2015 09 48035 3 2 5 60 6 00 00 10 281 20 233 3 0000 4 0015 5 0000 6 000 0 7 00 0 0 8 4 9 6 0 333 10 /// 58 010 6 000 0 7 0000 
25-AUG-2015 09 48037 3 2 5 60 4 14 01 10 350 20 240 3 0000 4 0011 5 0000 6 000 0 7 00 0 0 8 1 1 3 2 333 10 /// 59 007 6 000 0 7 0000 
25-AUG-2015 09 48039 3 2 4 60 7 22 01 10 341 20 240 3 0000 4 0000 5 0000 6 000 0 7 00 0 0 8 4 9 6 0 333 10 /// 58 000 6 000 0 7 0000 
25-AUG-2015 09 48042 3 2 5 59 6 18 02 10 350 20 237 3 0000 4 0005 5 0000 6 000 0 7 00 0 0 8 4 8 5 0 333 10 /// 58 000 6 000 0 7 0000 
25-AUG-2015 09 48043 2 2 5 56 8 32 05 10 230 20 230 3 0000 4 0000 5 0000 6 000 0 7 00 0 0 8 5 8 7 / 333 10 /// 58 000 6 000 0 7 0000 
25-AUG-2015 09 48045 3 1 4 30 8 14 05 10 250 20 219 3 0000 4 0000 5 0000 6 000 0 7 42 4 4 8 7 8 5 / 333 10 /// 58 000 6 000 0 7 0000 
25-AUG-2015 09 48048 3 2 5 60 7 22 01 10 335 20 257 3 0000 4 0019 5 0000 6 000 0 7 00 0 0 8 5 9 5 0 333 10 /// 58 002 6 000 0 7 0000 
25-AUG-2015 09 48051 3 2 5 59 5 13 03 10 331 20 260 3 0000 4 0000 5 0000 6 000 0 7 00 0 0 8 4 9 3 0 333 10 /// 58 000 6 000 0 7 0000 
25-AUG-2015 09 48052 3 2 4 68 5 13 02 10 330 20 258 3 0000 4 0000 5 0000 6 000 0 7 00 0 0 8 5 9 0 0 333 10 /// 58 000 6 000 0 7 0000 
25-AUG-2015 09 48053 3 2 4 60 5 18 03 10 340 20 257 3 0000 4 0010 5 0000 6 000 0 7 00 0 0 8 3 9 5 6 333 10 /// 59 005 6 000 0 7 0000 
25-AUG-2015 09 48055 3 2 4 56 6 20 06 10 280 20 219 3 0000 4 0009 5 0000 6 000 0 7 00 0 0 8 4 3 3 1 333 10 /// 59 001 6 000 0 7 0000 
25-AUG-2015 09 48057 3 2 4 58 6 14 02 10 250 20 205 3 0000 4 0000 5 0000 6 000 0 7 00 0 0 8 5 9 5 0 333 10 /// 58 000 6 000 0 7 0000 
25-AUG-2015 09 48060 2 1 4 50 6 00 00 10 260 20 229 3 0000 4 0019 5 0000 6 000 0 7 17 9 6 8 3 9 7 0 333 10 /// 58 019 6 000 0 7 0000 
25-AUG-2015 09 48062 3 2 4 58 4 18 04 10 300 20 280 3 0000 4 0016 5 0000 6 000 0 7 01 2 2 8 3 9 3 0 333 10 /// 59 010 6 000 0 7 0000 
25-AUG-2015 09 48064 3 2 5 60 3 00 00 10 340 20 257 3 0000 4 0010 5 0000 6 000 0 7 00 0 0 8 2 8 0 1 333 10 /// 58 001 6 000 0 7 0000 
25-AUG-2015 09 48065 3 2 5 60 3 04 01 10 340 20 308 3 0000 4 0000 5 0000 6 000 0 7 00 0 0 8 3 5 0 0 333 10 /// 58 000 6 000 0 7 0000 
25-AUG-2015 09 48071 2 1 4 60 6 23 03 10 290 20 274 3 0000 4 0018 5 0000 6 000 0 7 21 6 2 8 4 9 7 0 333 10 /// 59 017 6 000 0 7 0000 
25-AUG-2015 09 48072 3 2 4 60 8 27 02 10 310 20 267 3 0000 4 0000 5 0000 6 000 0 7 00 0 0 8 3 8 3 0 333 10 /// 58 000 6 000 0 7 0000 
25-AUG-2015 09 48074 3 2 4 61 4 18 03 10 335 20 257 3 0000 4 0024 5 0000 6 000 0 7 00 0 0 8 4 3 0 0 333 10 /// 59 018 6 000 0 7 0000 
25-AUG-2015 09 48075 3 2 4 57 6 00 00 10 280 20 233 3 0000 4 0024 5 0000 6 000 0 7 00 0 0 8 4 6 3 1 333 10 /// 58 006 6 000 0 7 0000 
25-AUG-2015 09 48077 3 2 5 59 7 23 04 10 320 20 265 3 0000 4 0020 5 0000 6 000 0 7 00 0 0 8 5 9 3 1 333 10 /// 59 012 6 000 0 7 0000 
25-AUG-2015 09 48078 3 2 5 60 4 18 01 10 312 20 261 3 0000 4 0032 5 0000 6 000 0 7 00 0 0 8 3 8 0 1 333 10 /// 59 010 6 000 0 7 0000 
25-AUG-2015 09 48080 3 2 4 60 6 22 09 10 312 20 267 3 0000 4 0031 5 0000 6 000 0 7 00 0 0 8 4 8 7 0 333 10 /// 59 013 6 000 0 7 0000 
25-AUG-2015 09 48085 3 1 4 57 8 22 02 10 284 20 250 3 0000 4 0028 5 0000 6 000 0 7 17 9 9 8 5 9 7 6 333 10 /// 59 013 6 000 0 7 0000 
25-AUG-2015 09 48087 2 2 5 60 6 23 02 10 300 20 266 3 0000 4 0000 5 0000 6 000 0 7 00 0 0 8 3 3 7 1 333 10 /// 58 000 6 000 0 7 0000 
25-AUG-2015 09 48092 3 1 4 56 8 23 05 10 280 20 250 3 0000 4 0022 5 0000 6 000 0 7 17 2 2 8 5 9 7 / 333 10 /// 59 010 6 000 0 7 0000 
25-AUG-2015 09 48093 2 1 5 50 8 27 01 10 283 20 268 3 0000 4 0000 5 0000 6 000 0 7 50 5 5 8 6 3 7 / 333 10 /// 58 000 6 000 0 7 0000 
25-AUG-2015 09 48094 2 2 4 59 7 22 02 10 280 20 275 3 0000 4 0031 5 0000 6 000 0 7 00 0 0 8 4 9 7 0 333 10 /// 59 008 6 000 0 7 0000 
25-AUG-2015 09 48095 2 1 4 58 8 00 00 10 275 20 275 3 0000 4 0000 5 0000 6 000 0 7 61 5 5 8 4 9 7 0 333 10 /// 58 000 6 000 0 7 0000 
25-AUG-2015 09 48096 2 1 4 57 8 22 05 10 280 20 250 3 0000 4 0039 5 0000 6 000 0 7 02 6 2 8 5 9 7 / 333 10 /// 59 008 6 000 0 7 0000 
25-AUG-2015 09 48097 2 1 5 57 8 24 01 10 270 20 270 3 0000 4 0049 5 0000 6 000 0 7 50 9 6 8 6 9 7 / 333 10 /// 59 002 6 000 0 7 0000 
25-AUG-2015 09 48099 2 1 4 57 6 13 02 10 283 20 250 3 0000 4 0048 5 0000 6 000 0 7 01 5 1 8 4 9 3 0 333 10 /// 58 000 6 000 0 7 0000 
25-AUG-2015 09 48101 3 1 5 58 7 23 02 10 288 20 248 3 0000 4 0000 5 0000 6 000 0 7 50 2 2 8 5 9 7 0 333 10 /// 58 000 6 000 0 7 0000 
25-AUG-2015 09 48103 2 2 4 57 6 22 02 10 298 20 266 3 0000 4 0039 5 0000 6 000 0 7 00 0 0 8 4 8 3 0 333 10 /// 59 012 6 000 0 7 0000 
25-AUG-2015 09 48107 3 2 3 50 6 23 01 10 290 20 259 3 0000 4 0056 5 0000 6 000 0 7 00 0 0 8 4 9 7 0 333 10 /// 59 011 6 000 0 7 0000 
25-AUG-2015 09 48108 2 1 4 94 8 23 06 10 270 20 240 3 0000 4 0064 5 0000 6 000 0 7 51 6 5 8 6 3 2 / 333 10 /// 59 026 6 000 0 7 0000 
25-AUG-2015 09 48110 2 1 4 95 8 07 02 10 260 20 246 3 0000 4 0080 5 0000 6 000 0 7 51 5 5 8 6 3 7 7 333 10 /// 58 002 6 000 0 7 0000 
25-AUG-2015 09 48112 2 1 4 96 8 22 01 10 250 20 250 3 0000 4 0094 5 0000 6 000 0 7 50 5 5 8 4 7 7 / 333 10 /// 58 013 6 000 0 7 0000 
