250000 48051 32556 23601 10168 20150 82200 333 20150 56600=
250000 48062 31440 40401 10190 20160 40138 71011 83830 333 20150 56990 59004=
250000 48071 32450 63202 10227 20198 40143 84870 333 20205 56790 59002=
250000 48075 31456 20000 10120 20102 40185 71044 82500 333 20120 56500 59010 60002=
250000 48077 32956 00000 10190 20159 40142 333 20170 58009=
250000 48078 32950 13201 10172 20154 40149 80001 333 20157 56009 58005=
250000 48080 31908 00000 10151 20134 40133 74044 333 20137 59012=
250000 48092 32556 40000 10195 20171 40113 82530 333 20175 56990 59003 60002=
250000 48093 32550 20000 10207 20195 82800 333 20202 56100=
250000 48094 31950 00000 10205 20195 40139 71000 333 20200 58005=
250000 48096 32956 53202 10210 20175 40136 80041 333 20200 56099 58001=  
250000 48097 32556 80401 10210 20175 40139 8455/ 333 20202 5699/ 59001 60002=
250000 48099 32440 60000 10250 20219 40123 82840 333 20230 56990 58005=
250000 48103 32440 73201 10238 20209 40129 84830 333 20225 56770 58005=
250000 48107 32330 53601 10232 20232 40125 83906 333 20227 56309 58004=
250000 48108 32494 71401 10230 20214 40134 83366 333 20200 56999 58011 60002=
250000 48110 31996 51802 10250 20233 40133 70522 80036 333 20245 56099 58019=
250000 48112 22597 80405 10255 20240 40117 83876 333 20193 56199 58003 60002=
