250300 48001 31902 90000 10056 20055 40222 74744 89/// 333 56999 58006=
250300 48004 31558 20401 10110 20091 70144 82800 333 56900=
250300 48008 31556 13201 10149 20111 40205 70144 81400 333 56400 58009=
250300 48010 31030 01801 10140 20124 40208 74044 333 58009=
250300 48018 31557 70000 10140 20124 40200 71044 84870 333 56430 59009=
250300 48019 32958 00402 10140 20124 40196 333 58009=
250300 48020 32/50 03602 10155 20144 333=
250300 48025 31008 73201 10152 20134 40193 74244 86840 333 56660 58000=
250300 48030 32150 82201 10117 20059 8684/ 333 56569=
250300 48031 32257 81801 10130 20067 888// 333 56499=
250300 48033 32562 53601 10160 20144 40176 84830 333 56770 58000=
250300 48034 31456 60000 10115 20085 71022 86300 333 56500=
250300 48035 31930 00000 10129 20113 40192 71044 333 58003=
250300 48037 32557 23601 10175 20147 40188 81130 333 56660 58019=
250300 48039 31440 80401 10188 20139 74044 84850 333 56550=
250300 48042 31530 40000 10185 20170 40181 71044 82450 333 56960 58007=
250300 48043 32056 20000 10150 20134 80030 333 56090=
250300 48045 32557 12302 10150 20092 81100 333 56500=
250300 48048 32918 00901 10185 20147 40184 333 58002=
250300 48052 31956 03602 10212 20160 70511 333=
250300 48053 31940 03202 10190 20139 40174 70500 333 59007=
250300 48055 32556 20402 10137 20096 40200 70144 81530 333 56550 58010=
250300 48057 32956 01201 10202 20085 333=
250300 48060 32440 60401 10158 20144 40212 83130 333 56560 58009=
250300 48062 32450 30903 10210 20180 40158 82830 333 56690 59013=
250300 48064 32958 01401 10170 20154 40178 70211 333 58012=
250300 48065 31956 03201 10198 20150 70522 333=
250300 48071 32958 03203 10250 20205 40161 333 59008=
250300 48072 31959 00403 10245 20205 70500 333=
250300 48074 32958 03203 10200 20150 40178 333 59007=
250300 48075 31956 00000 10180 20147 40187 70144 333 58002=
250300 48077 32959 00402 10220 20156 40169 333 58013=
250300 48078 32956 13203 10206 20155 40171 80001 333 56009 58023=
250300 48080 31959 00402 10183 20147 40154 70244 333 58000 48085 31958 10901 10246 20209 40150 70344 80001 333 56009 58001=
250300 48087 32956 00402 10234 20164 333=
250300 48092 31556 23201 10235 20168 40136 70522 81530 333 56990 58000=
250300 48093 32658 20401 10250 20186 81140 333 56190=
250300 48094 32559 13202 10240 20170 40160 81500 333 56900 58007=
250300 48095 32960 00403 10230 20181 333=
250300 48096 32957 33403 10230 20181 40162 80040 333 56090 58001=  48001 31902 90000 10056 20055 40222 74744 89/// 333 56999 58006=
250300 48097 32557 20402 10260 20160 40161 82500 333 56900 58009=
250300 48099 31450 73202 10265 20203 40143 70522 85330 333 56790 58005=
250300 48101 32958 03602 10260 20179 333=
250300 48103 32456 43201 10278 20233 40145 82830 333 56770 58006=
250300 48107 32950 20401 10280 20250 40130 80006 333 56009 59001=
250300 48108 32596 60502 10275 20237 40151 83466 333 56199 59001=
250300 48109 32497 30402 10297 20223 40148 83900 333 56900 59005=
250300 48110 31596 32301 10300 20246 40143 70511 81105 333 56909 58001=
250300 48112 22597 80403 10285 20254 40132 83876 333 56199 59002=
