25-DEC-2015 00 48051 3 2 5 56 2 36 01 10 168 20 150 3 0000 4 0000 5 0000 6 000 0 7 00 0 0 8 2 2 0 0 333 20 150 58 000 6 000 0 7 0000 
25-DEC-2015 00 48062 3 1 4 40 4 04 01 10 190 20 160 3 0000 4 0138 5 0000 6 000 0 7 10 1 1 8 3 8 3 0 333 20 150 59 004 6 000 0 7 0000 
25-DEC-2015 00 48071 3 2 4 50 6 32 02 10 227 20 198 3 0000 4 0143 5 0000 6 000 0 7 00 0 0 8 4 8 7 0 333 20 205 59 002 6 000 0 7 0000 
25-DEC-2015 00 48075 3 1 4 56 2 00 00 10 120 20 102 3 0000 4 0185 5 0000 6 000 0 7 10 4 4 8 2 5 0 0 333 20 120 59 010 6 000 2 7 0000 
25-DEC-2015 00 48077 3 2 9 56 0 00 00 10 190 20 159 3 0000 4 0142 5 0000 6 000 0 7 00 0 0 8 0 0 0 0 333 20 170 58 009 6 000 0 7 0000 
25-DEC-2015 00 48078 3 2 9 50 1 32 01 10 172 20 154 3 0000 4 0149 5 0000 6 000 0 7 00 0 0 8 0 0 0 1 333 20 157 58 005 6 000 0 7 0000 
25-DEC-2015 00 48080 3 1 9 08 0 00 00 10 151 20 134 3 0000 4 0133 5 0000 6 000 0 7 40 4 4 8 0 0 0 0 333 20 137 59 012 6 000 0 7 0000 
25-DEC-2015 00 48092 3 2 5 56 4 00 00 10 195 20 171 3 0000 4 0113 5 0000 6 000 0 7 00 0 0 8 2 5 3 0 333 20 175 59 003 6 000 2 7 0000 
25-DEC-2015 00 48093 3 2 5 50 2 00 00 10 207 20 195 3 0000 4 0000 5 0000 6 000 0 7 00 0 0 8 2 8 0 0 333 20 202 58 000 6 000 0 7 0000 
25-DEC-2015 00 48094 3 1 9 50 0 00 00 10 205 20 195 3 0000 4 0139 5 0000 6 000 0 7 10 0 0 8 0 0 0 0 333 20 200 58 005 6 000 0 7 0000 
25-DEC-2015 00 48096 3 2 9 56 5 32 02 10 210 20 175 3 0000 4 0136 5 0000 6 000 0 7 00 0 0 8 0 0 4 1 333 20 200 58 001 6 000 0 7 0000 
25-DEC-2015 00 48097 3 2 5 56 8 04 01 10 210 20 175 3 0000 4 0139 5 0000 6 000 0 7 00 0 0 8 4 5 5 / 333 20 202 59 001 6 000 2 7 0000 
25-DEC-2015 00 48099 3 2 4 40 6 00 00 10 250 20 219 3 0000 4 0123 5 0000 6 000 0 7 00 0 0 8 2 8 4 0 333 20 230 58 005 6 000 0 7 0000 
25-DEC-2015 00 48103 3 2 4 40 7 32 01 10 238 20 209 3 0000 4 0129 5 0000 6 000 0 7 00 0 0 8 4 8 3 0 333 20 225 58 005 6 000 0 7 0000 
25-DEC-2015 00 48107 3 2 3 30 5 36 01 10 232 20 232 3 0000 4 0125 5 0000 6 000 0 7 00 0 0 8 3 9 0 6 333 20 227 58 004 6 000 0 7 0000 
25-DEC-2015 00 48108 3 2 4 94 7 14 01 10 230 20 214 3 0000 4 0134 5 0000 6 000 0 7 00 0 0 8 3 3 6 6 333 20 200 58 011 6 000 2 7 0000 
25-DEC-2015 00 48110 3 1 9 96 5 18 02 10 250 20 233 3 0000 4 0133 5 0000 6 000 0 7 05 2 2 8 0 0 3 6 333 20 245 58 019 6 000 0 7 0000 
25-DEC-2015 00 48112 2 2 5 97 8 04 05 10 255 20 240 3 0000 4 0117 5 0000 6 000 0 7 00 0 0 8 3 8 7 6 333 20 193 58 003 6 000 2 7 0000 
