25-FEB-2015 06 48004 3 2 2 56 7 04 01 10 232 20 181 3 0000 4 0000 5 0000 6 000 0 7 00 0 0 8 7 9 0 0 333 10 /// 58 000 6 000 0 7 0000 
25-FEB-2015 06 48008 3 1 5 57 7 32 01 10 248 20 167 3 0000 4 0112 5 0000 6 000 0 7 10 4 4 8 4 9 7 0 333 10 /// 59 023 6 000 0 7 0000 
25-FEB-2015 06 48010 3 1 5 60 1 18 01 10 290 20 215 3 0000 4 0106 5 0000 6 000 0 7 03 4 4 8 1 1 0 0 333 10 /// 59 022 6 000 0 7 0000 
25-FEB-2015 06 48018 3 2 9 60 0 14 02 10 300 20 166 3 0000 4 0120 5 0000 6 000 0 7 00 0 0 8 0 0 0 0 333 10 /// 59 021 6 000 0 7 0000 
25-FEB-2015 06 48019 3 2 9 60 0 14 01 10 290 20 196 3 0000 4 0105 5 0000 6 000 0 7 00 0 0 8 0 0 0 0 333 10 /// 59 028 6 000 0 7 0000 
25-FEB-2015 06 48020 3 2 9 57 0 04 04 10 300 20 223 3 0000 4 0000 5 0000 6 000 0 7 00 0 0 8 0 0 0 0 333 10 /// 58 000 6 000 0 7 0000 
25-FEB-2015 06 48025 3 1 9 40 0 36 01 10 302 20 166 3 0000 4 0112 5 0000 6 000 0 7 05 4 4 8 0 0 0 0 333 10 /// 59 008 6 000 0 7 0000 
25-FEB-2015 06 48030 3 1 9 56 0 22 02 10 200 20 060 3 0000 4 0000 5 0000 6 000 0 7 05 4 4 8 0 0 0 0 333 10 /// 58 000 6 000 0 7 0000 
25-FEB-2015 06 48031 3 1 2 57 3 14 01 10 225 20 087 3 0000 4 0000 5 0000 6 000 0 7 05 0 0 8 3 8 0 0 333 10 /// 58 000 6 000 0 7 0000 
25-FEB-2015 06 48033 3 2 9 63 0 14 01 10 320 20 184 3 0000 4 0103 5 0000 6 000 0 7 00 0 0 8 0 0 0 0 333 10 /// 59 021 6 000 0 7 0000 
25-FEB-2015 06 48034 3 2 4 57 4 18 03 10 370 20 113 3 0000 4 0000 5 0000 6 000 0 7 00 0 0 8 4 8 0 0 333 10 /// 58 000 6 000 0 7 0000 
25-FEB-2015 06 48035 3 1 9 50 0 32 03 10 267 20 113 3 0000 4 0079 5 0000 6 000 0 7 05 0 0 8 0 0 0 0 333 10 /// 59 022 6 000 0 7 0000 
25-FEB-2015 06 48037 3 1 9 57 0 36 01 10 320 20 163 3 0000 4 0094 5 0000 6 000 0 7 05 4 4 8 0 0 0 0 333 10 /// 59 024 6 000 0 7 0000 
25-FEB-2015 06 48039 3 1 9 58 2 14 01 10 310 20 146 3 0000 4 0000 5 0000 6 000 0 7 05 1 1 8 0 0 0 2 333 10 /// 58 000 6 000 0 7 0000 
25-FEB-2015 06 48042 3 1 9 56 0 13 02 10 330 20 126 3 0000 4 0099 5 0000 6 000 0 7 05 0 0 8 0 0 0 0 333 10 /// 59 018 6 000 0 7 0000 
25-FEB-2015 06 48043 3 2 0 58 0 32 05 10 265 20 133 3 0000 4 0000 5 0000 6 000 0 7 00 0 0 8 0 0 0 0 333 10 /// 58 000 6 000 0 7 0000 
25-FEB-2015 06 48045 3 2 9 63 0 14 08 10 248 20 068 3 0000 4 0000 5 0000 6 000 0 7 00 0 0 8 0 0 0 0 333 10 /// 58 000 6 000 0 7 0000 
25-FEB-2015 06 48048 3 2 9 62 0 32 01 10 330 20 151 3 0000 4 0104 5 0000 6 000 0 7 00 0 0 8 0 0 0 0 333 10 /// 59 027 6 000 0 7 0000 
25-FEB-2015 06 48051 3 2 9 59 0 36 02 10 311 20 170 3 0000 4 0000 5 0000 6 000 0 7 02 0 0 8 0 0 0 0 333 10 /// 58 000 6 000 0 7 0000 
25-FEB-2015 06 48052 3 2 9 70 0 32 02 10 335 20 145 3 0000 4 0000 5 0000 6 000 0 7 00 0 0 8 0 0 0 0 333 10 /// 58 000 6 000 0 7 0000 
25-FEB-2015 06 48053 3 1 9 50 0 22 04 10 350 20 143 3 0000 4 0095 5 0000 6 000 0 7 05 0 0 8 0 0 0 0 333 10 /// 59 025 6 000 0 7 0000 
25-FEB-2015 06 48055 3 1 9 56 0 14 04 10 292 20 092 3 0000 4 0071 5 0000 6 000 0 7 05 0 0 8 0 0 0 0 333 10 /// 59 022 6 000 0 7 0000 
25-FEB-2015 06 48057 3 2 9 57 0 18 02 10 244 20 066 3 0000 4 0000 5 0000 6 000 0 7 00 0 0 8 0 0 0 0 333 10 /// 58 000 6 000 0 7 0000 
25-FEB-2015 06 48060 3 2 9 50 0 00 00 10 270 20 133 3 0000 4 0088 5 0000 6 000 0 7 00 0 0 8 0 0 0 0 333 10 /// 59 019 6 000 0 7 0000 
25-FEB-2015 06 48062 3 2 9 56 0 27 02 10 280 20 230 3 0000 4 0117 5 0000 6 000 0 7 00 0 0 8 0 0 0 0 333 10 /// 59 015 6 000 0 7 0000 
25-FEB-2015 06 48064 3 2 9 70 0 14 01 10 337 20 191 3 0000 4 0088 5 0000 6 000 0 7 00 0 0 8 0 0 0 0 333 10 /// 59 013 6 000 0 7 0000 
25-FEB-2015 06 48065 3 2 9 70 0 32 06 10 340 20 145 3 0000 4 0000 5 0000 6 000 0 7 00 0 0 8 0 0 0 0 333 10 /// 58 000 6 000 0 7 0000 
25-FEB-2015 06 48071 3 2 9 60 0 32 01 10 270 20 226 3 0000 4 0123 5 0000 6 000 0 7 00 0 0 8 0 0 0 0 333 10 /// 59 010 6 000 0 7 0000 
25-FEB-2015 06 48072 3 2 9 60 0 27 02 10 295 20 185 3 0000 4 0000 5 0000 6 000 0 7 01 2 2 8 0 0 0 0 333 10 /// 58 000 6 000 0 7 0000 
25-FEB-2015 06 48074 3 2 9 60 0 36 02 10 315 20 163 3 0000 4 0111 5 0000 6 000 0 7 00 0 0 8 0 0 0 0 333 10 /// 59 014 6 000 0 7 0000 
25-FEB-2015 06 48075 3 1 9 57 0 14 01 10 280 20 130 3 0000 4 0107 5 0000 6 000 0 7 05 0 0 8 0 0 0 0 333 10 /// 59 005 6 000 0 7 0000 
25-FEB-2015 06 48077 3 2 9 59 0 00 00 10 340 20 165 3 0000 4 0100 5 0000 6 000 0 7 00 0 0 8 0 0 0 0 333 10 /// 59 011 6 000 0 7 0000 
25-FEB-2015 06 48078 3 2 9 58 1 18 01 10 346 20 119 3 0000 4 0107 5 0000 6 000 0 7 00 0 0 8 0 0 0 1 333 10 /// 59 007 6 000 0 7 0000 
25-FEB-2015 06 48080 3 2 9 61 0 22 05 10 320 20 215 3 0000 4 0101 5 0000 6 000 0 7 00 0 0 8 0 0 0 0 333 10 /// 59 010 6 000 0 7 0000 
25-FEB-2015 06 48085 3 1 9 57 0 27 05 10 282 20 220 3 0000 4 0115 5 0000 6 000 0 7 05 0 0 8 0 0 0 0 333 10 /// 59 012 6 000 0 7 0000 
25-FEB-2015 06 48087 3 2 9 60 0 00 00 10 346 20 113 3 0000 4 0000 5 0000 6 000 0 7 00 0 0 8 0 0 0 0 333 10 /// 58 000 6 000 0 7 0000 
25-FEB-2015 06 48092 3 2 9 56 0 23 01 10 340 20 174 3 0000 4 0090 5 0000 6 000 0 7 00 0 0 8 0 0 0 0 333 10 /// 59 014 6 000 0 7 0000 
25-FEB-2015 06 48093 3 2 9 58 0 14 01 10 330 20 172 3 0000 4 0000 5 0000 6 000 0 7 02 1 1 8 0 0 0 0 333 10 /// 58 000 6 000 0 7 0000 
25-FEB-2015 06 48094 3 2 9 60 0 32 02 10 330 20 170 3 0000 4 0111 5 0000 6 000 0 7 00 0 0 8 0 0 0 0 333 10 /// 59 015 6 000 0 7 0000 
25-FEB-2015 06 48095 3 2 9 60 0 04 01 10 310 20 203 3 0000 4 0000 5 0000 6 000 0 7 00 0 0 8 0 0 0 0 333 10 /// 58 000 6 000 0 7 0000 
25-FEB-2015 06 48096 3 2 9 58 0 31 03 10 330 20 151 3 0000 4 0114 5 0000 6 000 0 7 00 0 0 8 0 0 0 0 333 10 /// 59 010 6 000 0 7 0000 
25-FEB-2015 06 48097 3 2 9 57 0 23 02 10 350 20 219 3 0000 4 0109 5 0000 6 000 0 7 00 0 0 8 0 0 0 0 333 10 /// 59 020 6 000 0 7 0000 
25-FEB-2015 06 48099 3 2 4 56 3 32 02 10 335 20 164 3 0000 4 0106 5 0000 6 000 0 7 00 0 0 8 3 8 0 0 333 10 /// 59 016 6 000 0 7 0000 
25-FEB-2015 06 48101 3 2 9 60 0 00 00 10 308 20 225 3 0000 4 0000 5 0000 6 000 0 7 00 0 0 8 0 0 0 0 333 10 /// 58 000 6 000 0 7 0000 
25-FEB-2015 06 48103 3 2 5 57 2 22 01 10 337 20 184 3 0000 4 0101 5 0000 6 000 0 7 00 0 0 8 2 8 0 0 333 10 /// 59 018 6 000 0 7 0000 
25-FEB-2015 06 48107 3 2 9 50 0 32 01 10 340 20 184 3 0000 4 0097 5 0000 6 000 0 7 00 0 0 8 0 0 0 0 333 10 /// 59 012 6 000 0 7 0000 
25-FEB-2015 06 48108 3 1 5 96 3 32 02 10 338 20 240 3 0000 4 0106 5 0000 6 000 0 7 03 4 4 8 2 8 0 7 333 10 /// 59 025 6 000 0 7 0000 
25-FEB-2015 06 48109 3 2 9 97 0 04 01 10 301 20 223 3 0000 4 0125 5 0000 6 000 0 7 02 2 2 8 0 0 0 0 333 10 /// 59 017 6 000 0 7 0000 
25-FEB-2015 06 48110 3 1 5 96 3 32 05 10 325 20 246 3 0000 4 0102 5 0000 6 000 0 7 05 1 1 8 2 3 0 5 333 10 /// 59 019 6 000 0 7 0000 
25-FEB-2015 06 48112 3 2 5 98 1 04 02 10 325 20 240 3 0000 4 0108 5 0000 6 000 0 7 02 2 2 8 1 1 1 6 333 10 /// 58 013 6 000 0 7 0000 
