25-FEB-2015 03 48001 3 2 5 56 6 23 01 10 175 20 135 3 0000 4 0151 5 0000 6 000 0 7 00 0 0 8 4 8 5 0 333 10 /// 59 018 6 000 0 7 0000 
25-FEB-2015 03 48004 3 1 1 20 8 00 00 10 201 20 185 3 0000 4 0000 5 0000 6 000 0 7 10 2 2 8 6 9 7 / 333 10 /// 58 000 6 000 0 7 0000 
25-FEB-2015 03 48008 3 1 5 56 7 00 00 10 215 20 156 3 0000 4 0126 5 0000 6 000 0 7 10 4 4 8 3 9 7 0 333 10 /// 59 032 6 000 0 7 0000 
25-FEB-2015 03 48010 3 1 0 40 0 00 00 10 210 20 175 3 0000 4 0134 5 0000 6 000 0 7 40 4 4 8 0 0 0 0 333 10 /// 59 029 6 000 0 7 0000 
25-FEB-2015 03 48018 3 1 9 56 0 04 01 10 200 20 168 3 0000 4 0119 5 0000 6 000 0 7 02 4 4 8 0 0 0 0 333 10 /// 59 042 6 000 0 7 0000 
25-FEB-2015 03 48019 3 2 9 60 0 04 01 10 210 20 160 3 0000 4 0113 5 0000 6 000 0 7 00 0 0 8 0 0 0 0 333 10 /// 59 037 6 000 0 7 0000 
25-FEB-2015 03 48020 3 2 9 56 0 00 00 10 190 20 175 3 0000 4 0000 5 0000 6 000 0 7 00 0 0 8 0 0 0 0 333 10 /// 58 000 6 000 0 7 0000 
25-FEB-2015 03 48025 3 1 2 20 1 22 01 10 212 20 143 3 0000 4 0123 5 0000 6 000 0 7 05 4 4 8 1 6 0 0 333 10 /// 59 030 6 000 0 7 0000 
25-FEB-2015 03 48030 3 1 9 56 0 22 01 10 092 20 044 3 0000 4 0000 5 0000 6 000 0 7 05 4 4 8 0 0 0 0 333 10 /// 58 000 6 000 0 7 0000 
25-FEB-2015 03 48031 3 1 9 57 0 36 01 10 170 20 044 3 0000 4 0000 5 0000 6 000 0 7 05 0 0 8 0 0 0 0 333 10 /// 58 000 6 000 0 7 0000 
25-FEB-2015 03 48033 3 2 9 62 0 36 01 10 230 20 181 3 0000 4 0111 5 0000 6 000 0 7 00 0 0 8 0 0 0 0 333 10 /// 59 021 6 000 0 7 0000 
25-FEB-2015 03 48034 3 1 9 56 0 00 00 10 175 20 102 3 0000 4 0000 5 0000 6 000 0 7 10 0 0 8 0 0 0 0 333 10 /// 58 000 6 000 0 7 0000 
25-FEB-2015 03 48035 3 1 9 50 0 04 02 10 174 20 117 3 0000 4 0120 5 0000 6 000 0 7 05 0 0 8 0 0 0 0 333 10 /// 59 036 6 000 0 7 0000 
25-FEB-2015 03 48037 3 1 9 50 0 36 01 10 225 20 136 3 0000 4 0113 5 0000 6 000 0 7 05 4 4 8 0 0 0 0 333 10 /// 59 031 6 000 0 7 0000 
25-FEB-2015 03 48039 3 1 9 56 2 00 00 10 230 20 163 3 0000 4 0000 5 0000 6 000 0 7 05 1 1 8 0 0 0 2 333 10 /// 58 000 6 000 0 7 0000 
25-FEB-2015 03 48042 3 1 9 56 0 14 02 10 248 20 167 3 0000 4 0113 5 0000 6 000 0 7 05 0 0 8 0 0 0 0 333 10 /// 59 023 6 000 0 7 0000 
25-FEB-2015 03 48043 3 2 0 56 0 18 03 10 200 20 130 3 0000 4 0000 5 0000 6 000 0 7 00 0 0 8 0 0 0 0 333 10 /// 58 000 6 000 0 7 0000 
25-FEB-2015 03 48045 3 2 9 62 0 09 02 10 195 20 060 3 0000 4 0000 5 0000 6 000 0 7 00 0 0 8 0 0 0 0 333 10 /// 58 000 6 000 0 7 0000 
25-FEB-2015 03 48048 3 2 9 60 0 04 01 10 220 20 156 3 0000 4 0117 5 0000 6 000 0 7 00 0 0 8 0 0 0 0 333 10 /// 59 028 6 000 0 7 0000 
25-FEB-2015 03 48051 3 2 9 58 0 36 01 10 222 20 180 3 0000 4 0000 5 0000 6 000 0 7 02 0 0 8 0 0 0 0 333 10 /// 58 000 6 000 0 7 0000 
25-FEB-2015 03 48052 3 2 9 70 0 32 02 10 240 20 155 3 0000 4 0000 5 0000 6 000 0 7 00 0 0 8 0 0 0 0 333 10 /// 58 000 6 000 0 7 0000 
25-FEB-2015 03 48053 3 1 9 50 0 18 02 10 250 20 126 3 0000 4 0124 5 0000 6 000 0 7 05 0 0 8 0 0 0 0 333 10 /// 59 012 6 000 0 7 0000 
25-FEB-2015 03 48055 3 1 9 40 0 00 00 10 172 20 097 3 0000 4 0138 5 0000 6 000 0 7 05 0 0 8 0 0 0 0 333 10 /// 59 025 6 000 0 7 0000 
25-FEB-2015 03 48057 3 2 9 56 0 18 02 10 200 20 085 3 0000 4 0000 5 0000 6 000 0 7 00 0 0 8 0 0 0 0 333 10 /// 58 000 6 000 0 7 0000 
25-FEB-2015 03 48060 3 2 9 30 0 00 00 10 190 20 107 3 0000 4 0137 5 0000 6 000 0 7 00 0 0 8 0 0 0 0 333 10 /// 59 025 6 000 0 7 0000 
25-FEB-2015 03 48062 3 1 9 50 0 04 02 10 232 20 182 3 0000 4 0122 5 0000 6 000 0 7 10 4 2 8 0 0 0 0 333 10 /// 59 019 6 000 0 7 0000 
25-FEB-2015 03 48064 3 2 9 60 0 14 01 10 235 20 174 3 0000 4 0115 5 0000 6 000 0 7 00 0 0 8 0 0 0 0 333 10 /// 59 019 6 000 0 7 0000 
25-FEB-2015 03 48065 3 2 9 60 0 00 00 10 232 20 163 3 0000 4 0000 5 0000 6 000 0 7 00 0 0 8 0 0 0 0 333 10 /// 58 000 6 000 0 7 0000 
25-FEB-2015 03 48071 3 1 9 56 0 00 00 10 228 20 214 3 0000 4 0126 5 0000 6 000 0 7 10 4 0 8 0 0 0 0 333 10 /// 59 014 6 000 0 7 0000 
25-FEB-2015 03 48072 3 2 9 59 0 00 00 10 245 20 219 3 0000 4 0000 5 0000 6 000 0 7 01 2 2 8 0 0 0 0 333 10 /// 58 000 6 000 0 7 0000 
25-FEB-2015 03 48074 3 2 9 58 0 14 03 10 240 20 136 3 0000 4 0137 5 0000 6 000 0 7 00 0 0 8 0 0 0 0 333 10 /// 59 009 6 000 0 7 0000 
25-FEB-2015 03 48075 3 1 9 57 0 00 00 10 202 20 130 3 0000 4 0142 5 0000 6 000 0 7 05 0 0 8 0 0 0 0 333 10 /// 59 049 6 000 0 7 0000 
25-FEB-2015 03 48077 3 2 9 59 0 00 00 10 224 20 173 3 0000 4 0116 5 0000 6 000 0 7 00 0 0 8 0 0 0 0 333 10 /// 59 010 6 000 0 7 0000 
25-FEB-2015 03 48078 3 2 9 57 1 18 01 10 225 20 140 3 0000 4 0127 5 0000 6 000 0 7 00 0 0 8 0 0 0 1 333 10 /// 59 020 6 000 0 7 0000 
25-FEB-2015 03 48080 3 2 9 59 0 09 02 10 220 20 185 3 0000 4 0128 5 0000 6 000 0 7 00 0 0 8 0 0 0 0 333 10 /// 59 017 6 000 0 7 0000 
25-FEB-2015 03 48085 3 1 4 57 3 36 02 10 238 20 209 3 0000 4 0122 5 0000 6 000 0 7 10 4 4 8 3 8 0 0 333 10 /// 59 015 6 000 0 7 0000 
25-FEB-2015 03 48087 3 2 9 60 0 00 00 10 224 20 185 3 0000 4 0000 5 0000 6 000 0 7 00 0 0 8 0 0 0 0 333 10 /// 58 000 6 000 0 7 0000 
25-FEB-2015 03 48092 3 1 9 30 0 04 03 10 250 20 196 3 0000 4 0109 5 0000 6 000 0 7 05 0 0 8 0 0 0 0 333 10 /// 59 017 6 000 0 7 0000 
25-FEB-2015 03 48094 3 2 9 59 0 32 02 10 255 20 230 3 0000 4 0122 5 0000 6 000 0 7 00 0 0 8 0 0 0 0 333 10 /// 59 014 6 000 0 7 0000 
25-FEB-2015 03 48095 3 2 9 58 0 00 00 10 240 20 209 3 0000 4 0000 5 0000 6 000 0 7 00 0 0 8 0 0 0 0 333 10 /// 58 000 6 000 0 7 0000 
25-FEB-2015 03 48096 3 1 9 56 1 02 04 10 250 20 167 3 0000 4 0127 5 0000 6 000 0 7 05 1 1 8 0 0 0 1 333 10 /// 59 019 6 000 0 7 0000 
25-FEB-2015 03 48097 3 1 5 57 2 14 02 10 260 20 215 3 0000 4 0140 5 0000 6 000 0 7 05 1 1 8 2 5 0 0 333 10 /// 59 014 6 000 0 7 0000 
25-FEB-2015 03 48099 3 1 4 40 2 23 01 10 260 20 179 3 0000 4 0124 5 0000 6 000 0 7 03 4 4 8 2 5 0 0 333 10 /// 59 018 6 000 0 7 0000 
25-FEB-2015 03 48101 3 2 9 58 0 00 00 10 233 20 198 3 0000 4 0000 5 0000 6 000 0 7 00 0 0 8 0 0 0 0 333 10 /// 58 000 6 000 0 7 0000 
25-FEB-2015 03 48103 3 1 9 50 0 04 01 10 267 20 226 3 0000 4 0120 5 0000 6 000 0 7 01 4 4 8 0 0 0 0 333 10 /// 59 021 6 000 0 7 0000 
25-FEB-2015 03 48107 3 1 9 40 0 04 01 10 270 20 191 3 0000 4 0108 5 0000 6 000 0 7 01 4 4 8 0 0 0 0 333 10 /// 59 022 6 000 0 7 0000 
25-FEB-2015 03 48108 3 1 9 96 2 09 01 10 260 20 209 3 0000 4 0125 5 0000 6 000 0 7 01 4 4 8 0 0 0 7 333 10 /// 59 020 6 000 0 7 0000 
25-FEB-2015 03 48109 3 2 9 97 0 04 01 10 260 20 215 3 0000 4 0132 5 0000 6 000 0 7 02 2 2 8 0 0 0 0 333 10 /// 59 017 6 000 0 7 0000 
25-FEB-2015 03 48110 3 1 5 95 5 23 02 10 290 20 239 3 0000 4 0123 5 0000 6 000 0 7 05 4 4 8 2 2 0 6 333 10 /// 59 019 6 000 0 7 0000 
25-FEB-2015 03 48112 3 2 5 98 5 04 01 10 270 20 226 3 0000 4 0117 5 0000 6 000 0 7 00 0 0 8 1 1 1 6 333 10 /// 59 020 6 000 0 7 0000 
