25-FEB-2015 18 48008 3 1 5 10 7 00 00 10 230 20 181 3 0000 4 0074 5 0000 6 000 0 7 10 4 4 8 4 9 7 0 333 10 /// 59 021 6 000 0 7 0000 
25-FEB-2015 18 48010 3 2 5 01 3 00 00 10 220 20 205 3 0000 4 0102 5 0000 6 000 0 7 00 0 0 8 0 0 3 0 333 10 /// 59 015 6 000 0 7 0000 
25-FEB-2015 18 48018 3 2 9 10 0 00 00 10 205 20 163 3 0000 4 0104 5 0000 6 000 0 7 00 0 0 8 0 0 0 0 333 10 /// 59 022 6 000 0 7 0000 
25-FEB-2015 18 48025 3 2 9 05 2 27 01 10 222 20 181 3 0000 4 0089 5 0000 6 000 0 7 00 0 0 8 1 5 4 0 333 10 /// 59 034 6 000 0 7 0000 
25-FEB-2015 18 48042 3 2 9 50 0 00 00 10 233 20 163 3 0000 4 0079 5 0000 6 000 0 7 00 0 0 8 0 0 0 0 333 10 /// 59 010 6 000 0 7 0000 
25-FEB-2015 18 48053 3 2 9 40 0 27 01 10 220 20 136 3 0000 4 0094 5 0000 6 000 0 7 00 0 0 8 0 0 0 0 333 10 /// 59 011 6 000 0 7 0000 
25-FEB-2015 18 48057 3 2 9 57 0 22 01 10 146 20 134 3 0000 4 0000 5 0000 6 000 0 7 00 0 0 8 0 0 0 0 333 10 /// 58 000 6 000 0 7 0000 
25-FEB-2015 18 48060 3 2 9 10 0 00 00 10 130 20 113 3 0000 4 0134 5 0000 6 000 0 7 00 0 0 8 0 0 0 0 333 10 /// 59 003 6 000 0 7 0000 
25-FEB-2015 18 48062 3 1 4 40 2 00 00 10 220 20 200 3 0000 4 0113 5 0000 6 000 0 7 10 0 0 8 2 5 0 0 333 10 /// 59 005 6 000 0 7 0000 
25-FEB-2015 18 48071 3 2 9 20 0 32 01 10 245 20 219 3 0000 4 0113 5 0000 6 000 0 7 00 0 0 8 0 0 0 0 333 10 /// 59 030 6 000 0 7 0000 
25-FEB-2015 18 48078 3 2 9 50 1 00 00 10 215 20 150 3 0000 4 0103 5 0000 6 000 0 7 00 0 0 8 0 0 0 1 333 10 /// 59 010 6 000 0 7 0000 
25-FEB-2015 18 48080 3 2 9 40 0 00 00 10 222 20 185 3 0000 4 0124 5 0000 6 000 0 7 00 0 0 8 0 0 0 0 333 10 /// 58 003 6 000 0 7 0000 
25-FEB-2015 18 48094 3 2 9 50 0 00 00 10 230 20 210 3 0000 4 0108 5 0000 6 000 0 7 00 0 0 8 0 0 0 0 333 10 /// 59 010 6 000 0 7 0000 
25-FEB-2015 18 48097 3 2 9 56 0 23 01 10 240 20 191 3 0000 4 0108 5 0000 6 000 0 7 00 0 0 8 0 0 0 0 333 10 /// 59 014 6 000 0 7 0000 
25-FEB-2015 18 48099 3 2 9 20 0 00 00 10 220 20 185 3 0000 4 0097 5 0000 6 000 0 7 00 0 0 8 0 0 0 0 333 10 /// 58 008 6 000 0 7 0000 
25-FEB-2015 18 48103 3 2 4 10 2 04 01 10 241 20 191 3 0000 4 0094 5 0000 6 000 0 7 00 0 0 8 2 5 0 0 333 10 /// 59 003 6 000 0 7 0000 
25-FEB-2015 18 48108 3 1 5 94 3 14 01 10 235 20 202 3 0000 4 0115 5 0000 6 000 0 7 10 1 1 8 2 4 0 6 333 10 /// 59 004 6 000 0 7 0000 
25-FEB-2015 18 48109 3 2 9 95 0 00 00 10 240 20 191 3 0000 4 0105 5 0000 6 000 0 7 00 0 0 8 0 0 0 0 333 10 /// 59 003 6 000 0 7 0000 
25-FEB-2015 18 48110 3 1 5 93 3 32 05 10 270 20 226 3 0000 4 0110 5 0000 6 000 0 7 05 1 1 8 1 3 0 5 333 10 /// 59 002 6 000 0 7 0000 
25-FEB-2015 18 48112 3 2 5 97 6 04 03 10 260 20 229 3 0000 4 0096 5 0000 6 000 0 7 00 0 0 8 2 8 7 6 333 10 /// 59 004 6 000 0 7 0000 
