250000 48008 31550 40000 10170 20154 40114 71044 82430 333 20162 56560 59032 60002=
250000 48010 32930 00000 10190 20182 40094 333 20185 59047 60002=
250000 48018 32920 00000 10170 20154 40110 333 20155 59030 60002=
250000 48019 32940 00000 10153 20150 40105 333 20150 59029 60002=
250000 48025 31110 12201 10184 20165 40112 74044 81600 333 20178 56900 59032 60002=
250000 48035 31920 00000 10098 20079 40132 71000 333 20090 59043 60002=
250000 48037 32920 03601 10188 20139 40096 333 20180 59028 60002=
250000 48042 32956 00000 10208 20160 40097 333 20192 59023 60002=
250000 48048 32940 00401 10165 20144 40096 333 20150 59038 60002=
250000 48051 31930 03601 10160 20140 71000 333 20152 60002=
250000 48053 32950 00000 10180 20147 40102 333 20178 59013 60002=
250000 48060 31920 00000 10110 20091 40154 74044 333 20095 59026 60002=
250000 48062 31430 20000 10190 20160 40104 74042 82500 333 20150 56900 58002 60002=
250000 48071 31930 00000 10192 20190 40109 74044 333 20185 59016 60002=
250000 48075 31956 00000 10120 20120 40156 71022 333 20110 59039 60002=
250000 48077 31956 00000 10190 20175 40098 71000 333 20164 59016 60002=
250000 48078 32950 10000 10175 20132 40108 80001 333 20147 56009 59022 60002=
250000 48080 31950 00000 10141 20144 40113 71044 333 20148 59017 60002=
250000 48085 31940 00000 10198 20196 40106 74244 333 20180 59015 60002=
250000 48108 31/91 90000 10190 20190 40110 74144 89/// 333 20175 59024 60002=
250000 48109 31996 00000 10202 20200 40113 71022 333 20198 59015 60002=
250000 48110 31592 31801 10230 20214 40107 74244 82505 333 20230 56909 59021 60002=
250000 48112 32597 70401 10240 20226 40102 83876 333 20193 56199 58022 60002=
250000 48030 31950 02203 10060 20035 70544 333 20050 60002=
250000 48087 31440 40000 10156 20144 74244 84700 333 20143 56900 60002=
250000 48099 31330 10000 10208 20195 40099 74044 81700 333 20194 56900 59017 60002=
250000 48101 31930 02701 10202 20202 74244 333 20170 60002=
250000 48103 31530 20401 10207 20195 40106 74044 82500 333 20197 56100 59015 60002=
250000 48057 31950 01401 10120 20102 71000 333 20110 60002=
250000 48094 31950 00000 10215 20205 40106 71000 333 20175 59011 60002=
250000 48097 31556 30402 10325 20198 40116 70511 83500 333 20195 56900 59008 60002=
250000 48031 31950 00401 10132 20067 70500 333 20120 60002=
250000 48033 32960 01801 10190 20175 40103 333 20180 59024 60002=
250000 48034 32956 00000 10100 20079 71000 333 20090 60002=
250000 48039 31450 20000 10185 20147 71011 81402 333 20184 56909 60002=
250000 48043 32920 00000 10180 20086 333 20075 60002=
250000 48052 32950 00000 10172 20117 333 20165 60002=
250000 48055 31940 00000 10028 20065 40177 71000 333 20060 59015 60002=
250000 48064 32950 21401 10176 20147 40076 333 20135 59023 60002=
250000 48065 32950 00000 10170 20154 333 20158 60002=
250000 48074 32950 01402 10203 20130 40115 333 20191 59026 60002=
250000 48092 31910 00401 10185 20178 40094 71011 333 20180 59013 60002=
250000 48093 32930 00000 10192 20175 333 20190 60002=
250000 48107 31930 00901 10190 20175 40097 74144 333 20177 59027 60002=  48001 NIL=
250000 48008 31550 40000 10170 20154 40114 71044 82430 333 20162 56560 59032=
250000 48010 32030 00000 10190 20182 40094 333 20185 59047=
250000 48018 32920 00000 10170 20154 40110 333 20155 59030=
250000 48019 32940 00000 10153 20150 40105 333 20150 59029=
250000 48025 31110 12201 10184 20165 40112 74044 81600 333 20178 56900 59032=
250000 48030 31950 02202 10060 20035 70544 333 20050=
250000 48031 31950 00401 10132 20067 70500 333 20120=
250000 48033 32960 01801 10190 20175 40103 333 20180 59024=
250000 48034 31956 00000 10100 20079 71000 333 20090=
250000 48035 31920 00000 10098 20079 40132 71000 333 20090 59043=
250000 48037 32920 03601 10188 20139 40096 333 20180 59028=
250000 48039 31450 20000 10185 20147 71011 81402 333 20184 56909=
250000 48042 32956 00000 10208 20160 40097 333 20192 59023=
250000 48043 32020 00000 10180 20086 333 20075=
250000 48048 32940 00401 10165 20144 40096 333 20150 59038=
250000 48051 31930 03601 10160 20140 71000 333 20152=
250000 48052 32950 00000 10172 20117 333 20165=
250000 48053 32950 00000 10180 20147 40102 333 20178 59013=
250000 48055 31940 00000 10068 20065 40177 71000 333 20060 59015=
250000 48057 31950 01401 10120 20102 71000 333 20110=
250000 48060 31920 00000 10110 20091 40154 74044 333 20095 59026=
250000 48062 31430 20000 10190 20160 40104 74042 82500 333 20150 56900 58002=
250000 48064 32950 21401 10176 20147 40076 333 20135 59023=
250000 48065 32950 00000 10170 20154 333 20158=
250000 48071 31930 00000 10192 20190 40109 74044 333 20185 59016=
250000 48074 32950 01402 10203 20130 40115 333 20191 59026=
250000 48075 31956 00000 10120 20120 40156 71022 333 20110 59039=
250000 48077 31956 00000 10190 20175 40098 71000 333 20164 59016=
250000 48078 32950 10000 10175 20132 40108 80001 333 20147 56009 59022=
250000 48080 31950 00000 10161 20144 40113 71044 333 20148 59017=
250000 48085 31940 00000 10198 20196 40106 74244 333 20180 59015=
250000 48087 31440 40000 10156 20144 74244 84700 333 20143 56900=
250000 48092 31910 00401 10185 20178 40094 71011 333 20180 59013=
250000 48093 32930 00000 10192 20175 333 20190=
250000 48094 31950 00000 10215 20205 40106 71000 333 20175 59011=
250000 48097 31556 30402 10205 20198 40116 70511 83500 333 20195 56900 59008=
250000 48099 31330 10000 10208 20195 40099 74044 81700 333 20194 56900 59017=
250000 48101 31930 02701 10202 20202 74244 333 20170=
250000 48103 31530 20401 10207 20195 40106 74044 82500 333 20197 56100 59015=
250000 48107 31930 00901 10190 20175 40097 74144 333 20177 59027=
250000 48108 31/91 90000 10190 20190 40110 74144 333 20175 59024=
250000 48109 31996 00000 10202 20200 40113 71022 333 20198 59015=
250000 48110 31592 31801 10230 20214 40107 74244 82505 333 20230 56909 59021=
250000 48112 32597 70401 10240 20226 40102 83876 333 20193 56199 58022=  
