48001 NIL=
48004 32458 62201 10265 20191 86900 333 56500=
48008 32557 31401 10298 20149 40079 70144 82430 333 56560 59018=
48010 32560 52301 10330 20212 40068 83830 333 56660 59022=
48018 32560 11401 10320 20163 40084 81400 333 56900 59020=
48019 32960 02301 10318 20200 40070 333 59024=
48020 NIL=
48025 31458 13201 10340 20145 40067 70544 81100 333 56900 59025=
48030 31256 12204 10230 20074 70544 81200 333 56500=
48031 31360 30406 10238 20074 70500 83800 333 56400=
48033 32963 00901 10350 20202 40055 333 59033=
48034 32457 42703 10287 20092 84800 333 56500=
48035 31550 62703 10291 20092 40044 70500 84960 333 56690 59012=
48037 31957 03601 10363 20156 40059 70544 333 59018=
48039 32959 22201 10350 20143 80002 333 56009=
48042 32957 02701 10360 20156 40061 333 59018=
48043 32958 03206 10270 20133 333=
48045 32961 01405 10273 20085 333=
48048 32962 02202 10367 20125 40065 333 59022=
48051 32960 03603 10347 20140 333=
48052 32970 03203 10372 20125 333=
48053 32956 02204 10360 20132 40057 333 59022=
48055 31956 01805 10315 20104 40032 70500 333 59011=
48057 32957 01402 10270 20085 333=
48060 32950 02202 10310 20124 40053 333 59015=
48062 32956 02706 10300 20240 40092 333 59020=
48064 32970 01401 10370 20224 40041 333 59020=
48065 32970 00404 10374 20171 333=
48071 32960 03204 10293 20196 40091 333 59015=
48072 32960 02705 10310 20225 333=
48074 NIL=
48075 31957 01401 10320 20090 40048 70522 333 59014=
48077 32959 03201 10376 20140 40066 333 59013=
48078 32960 11801 10370 20125 40078 80001 333 56009 59015=
48080 32960 02205 10320 20236 40078 333 59007=
48085 31957 02705 10296 20223 40090 70500 333 59013=
48087 32960 00000 10358 20177 333=
48092 32958 02305 10360 20167 40063 333 59010=
48093 32958 02301 10349 20143 333=
48094 32960 03202 10352 20200 40085 333 59011=
48095 32960 02202 10350 20182 333=
48096 32958 02605 10350 20143 40086 333 59007=
48097 32957 02303 10350 20143 40094 333 59010=
48099 32560 33202 10255 20177 40078 83800 333 56900 59011=
48101 32960 03201 10332 20151 333=
48103 32557 22201 10357 20195 40076 82800 333 56500 59013=
48107 32950 00401 10322 20200 40081 333 59008=
48108 32596 33205 10342 20248 40087 82806 333 56109 59015=
48109 32997 00402 10307 20237 40114 333 59009=
48110 31596 33205 10320 20242 40085 70511 82305 333 56909 59012=
48112 32598 53202 10337 20251 40080 81116 333 56899 59010=  