250600 48004 32256 70401 10232 20181 87900 333 56500=
250600 48008 31557 73201 10248 20167 40112 71044 84970 333 56560 59023=
250600 48010 31560 11801 10290 20215 40106 70344 81100 333 56900 59022=
250600 48018 32960 01402 10300 20166 40120 333 59021=
250600 48019 32960 01401 10290 20196 40105 333 59028=
250600 48020 32957 00404 10300 20223 333=
250600 48025 31940 03601 10302 20166 40112 70544 333 59008=
250600 48030 31956 02202 10200 20060 70544 333=
250600 48031 31257 31401 10225 20087 70500 83800 333 56900=
250600 48033 32963 01401 10320 20184 40103 333 59021=
250600 48034 32457 41803 10370 20113 84800 333 56500=
250600 48035 31950 03203 10267 20113 40079 70500 333 59022=
250600 48037 31957 03601 10320 20163 40094 70544 333 59024=
250600 48039 31958 21401 10310 20146 70511 80002 333 56009=
250600 48042 31956 01302 10330 20126 40099 70500 333 59018=
250600 48043 32058 03205 10265 20133 333=
250600 48045 32963 01408 10248 20068 333=
250600 48048 32962 03201 10330 20151 40104 333 59027=
250600 48051 32959 03602 10311 20170 70200 333=
250600 48052 32970 03202 10335 20145 333=
250600 48053 31950 02204 10350 20143 40095 70500 333 59025=
250600 48055 31956 01404 10292 20092 40071 70500 333 59022=
250600 48057 32957 01802 10244 20066 333=
250600 48060 32950 00000 10270 20133 40088 333 59019=
250600 48062 32956 02702 10280 20230 40117 333 59015=
250600 48064 32970 01401 10337 20191 40088 333 59013=
250600 48065 32970 03206 10340 20145 333=
250600 48071 32960 03201 10270 20226 40123 333 59010=
250600 48072 32960 02702 10295 20185 70122 333=
250600 48074 32960 03602 10315 20163 40111 333 59014=
250600 48075 31957 01401 10280 20130 40107 70500 333 59005=
250600 48077 32959 00000 10340 20165 40100 333 59011=
250600 48078 32958 11801 10346 20119 40107 80001 333 56009 59007=
250600 48080 32961 02205 10320 20215 40101 333 59010=
250600 48085 31957 02705 10282 20220 40115 70500 333 59012=
250600 48087 32960 00000 10346 20113 333=
250600 48092 32956 02301 10340 20174 40090 333 59014=
250600 48093 32958 01401 10330 20172 70211 333=
250600 48094 32960 03202 10330 20170 40111 333 59015=
250600 48095 32960 00401 10310 20203 333=
250600 48096 32958 03103 10330 20151 40114 333 59010=
250600 48097 32957 02302 10350 20219 40109 333 59020=
250600 48099 32456 33202 10335 20164 40106 83800 333 56900 59016=
250600 48101 32960 00000 10308 20225 333=
250600 48103 32557 22201 10337 20184 40101 82800 333 56500 59018=
250600 48107 32950 03201 10340 20184 40097 333 59012=
250600 48108 31596 33202 10338 20240 40106 70344 82807 333 56909 59025=
250600 48109 32997 00401 10301 20223 40125 70222 333 59017=
250600 48110 31596 33205 10325 20246 40102 70511 82305 333 56909 59019=
250600 48112 32598 10402 10325 20240 40108 70222 81116 333 56199 58013=  
