48001 NIL=
48004 32460 41301 10206 20175 84300 333 10262 56500=
48008 32556 40000 10230 20181 40153 82430 333 10270 56560 58015=
48010 32540 40000 10240 20209 40153 81431 333 10288 56556 58020=
48018 32556 70000 10240 20174 40142 84870 333 10280 56590 59002=
48019 32550 10000 10228 20205 40148 80001 333 10283 56006 58012=
48020 32230 30000 10230 20181 82402 333 10290 56509=
48025 32458 53201 10264 20138 40146 81540 333 10285 56550 58014=
48030 32957 00401 10180 20056 333 10210=
48031 32950 03201 10150 20073 333 10218=
48033 32962 03301 10270 20191 40147 333 10315 58012=
48034 32956 00000 10100 20088 333 10250=
48035 32930 00000 10209 20120 40136 333 10254 58013=
48037 32010 00000 10273 20172 40151 333 10312 58020=
48039 32460 23202 10262 20160 82400 333 10307 56900=
48042 32957 00000 10268 20172 40137 333 10310 58008=
48043 32010 00000 10190 20118 333 10235=
48045 32557 11404 10183 20086 81500 333 10229 56500=
48048 32950 00401 10276 20186 40136 333 10315 58005=
48051 32958 03102 10250 20170 70200 80000 333 10315=
48052 32950 00000 10320 20200 333 10345=
48053 32950 03601 10270 20154 40134 333 10302 58013=
48055 32957 10402 10215 20167 40134 80001 333 10271 56009 58006=
48057 32956 01401 10184 40086 333 10234=
48060 32920 03201 10212 20072 40142 333 10270 58015=
48062 31550 22702 10250 20220 40148 70511 82500 333 10290 56900 58008=
48064 32950 00901 10250 20186 40118 333 10305 58013=
48065 32950 00000 10249 20186 333 10320=
48071 31956 03201 10250 20186 40154 70500 333 10267 58009=
48072 32956 03201 10240 20209 333 10290=
48074 32456 10000 10275 20158 40133 81400 333 10327 56900 58007=
48075 31456 10000 10230 20160 40143 70511 81500 333 10285 56500 58004=
48077 32956 20000 10290 20159 40120 80001 333 10336 56009 58004=
48078 32940 10000 10282 20184 40137 80001 333 10320 56009 58013=
48080 32958 00000 10270 20240 40140 333 10312 59002=
48085 32956 03203 10262 20203 40143 333 10298 58010=
48087 32930 00000 10260 20203 80000 333 10328 56000=
48092 32556 20000 10270 20172 40121 70511 81450 333 10335 56990 58009=
48093 32930 01401 10270 20191 80000 333 10316 56000=
48094 32956 00000 10275 20215 40149 333 10335 58015=
48095 32956 10000 10275 20211 70211 80001 333 10340 56009=
48097 32557 22302 10320 20154 40135 70311 82500 333 10338 56900 58013=
48099 32440 30000 10273 20191 40130 82701 333 10325 56909 58008=
48101 32950 00000 10250 20205 333 10315=
48103 32950 00000 10272 20191 40127 80000 333 10330 56000 58000=
48107 32930 03201 10268 20191 40129 80000 333 10328 56000 58008=
48108 32596 53201 10280 20203 40138 82406 333 10325 56909 58008=
48109 32556 00000 10285 20200 40147 70122 333 10315 58013=
48110 31595 33205 10280 20233 40128 70511 81105 333 10335 56909 58006=
48112 32597 50401 10280 20203 40126 70222 83876 333 10310 56199 58007=  