25-JUN-2015 00 48008 3 2 4 56 8 00 00 10 266 20 256 3 0000 4 0009 5 0000 6 000 0 7 00 0 0 8 4 9 7 / 333 20 252 59 002 6 990 2 7 0000 
25-JUN-2015 00 48010 2 1 4 30 7 00 00 10 262 20 262 3 0000 4 9996 5 0000 6 000 0 7 01 6 6 8 4 7 7 0 333 20 255 59 005 6 004 2 7 0000 
25-JUN-2015 00 48018 2 1 5 58 7 32 01 10 273 20 240 3 0000 4 0003 5 0000 6 000 0 7 20 5 5 8 4 9 7 / 333 20 250 59 002 6 990 2 7 0000 
25-JUN-2015 00 48019 3 2 4 50 8 00 00 10 275 20 256 3 0000 4 9993 5 0000 6 000 0 7 00 0 0 8 5 7 6 0 333 20 270 59 014 6 000 0 7 0000 
25-JUN-2015 00 48025 2 2 3 10 8 32 01 10 272 20 256 3 0000 4 9985 5 0000 6 000 0 7 00 0 0 8 5 7 7 / 333 20 266 59 021 6 003 2 7 0000 
25-JUN-2015 00 48033 3 2 5 60 8 18 02 10 270 20 240 3 0000 4 0007 5 0000 6 000 0 7 00 0 0 8 6 9 7 0 333 20 260 59 008 6 000 0 7 0000 
25-JUN-2015 00 48035 3 2 5 60 7 00 00 10 249 20 219 3 0000 4 9996 5 0000 6 000 0 7 00 0 0 8 5 9 7 0 333 20 242 59 016 6 000 0 7 0000 
25-JUN-2015 00 48037 3 2 4 57 8 14 01 10 285 20 233 3 0000 4 9987 5 0000 6 000 0 7 00 0 0 8 4 8 7 / 333 20 280 59 014 6 000 0 7 0000 
25-JUN-2015 00 48039 3 2 4 56 8 14 02 10 280 20 233 3 0000 4 0000 5 0000 6 000 0 7 00 0 0 8 5 9 6 0 333 20 274 58 000 6 000 0 7 0000 
25-JUN-2015 00 48042 3 2 5 58 7 18 04 10 284 20 233 3 0000 4 9990 5 0000 6 000 0 7 00 0 0 8 4 8 5 0 333 20 266 59 019 6 000 0 7 0000 
25-JUN-2015 00 48048 3 2 5 50 6 18 01 10 284 20 233 3 0000 4 9980 5 0000 6 000 0 7 00 0 0 8 5 9 5 0 333 20 278 59 022 6 000 0 7 0000 
25-JUN-2015 00 48052 3 2 4 50 7 13 02 10 280 20 233 3 0000 4 0000 5 0000 6 000 0 7 00 0 0 8 5 9 5 0 333 20 275 58 000 6 000 0 7 0000 
25-JUN-2015 00 48053 2 2 4 56 8 18 02 10 250 20 233 3 0000 4 0005 5 0000 6 000 0 7 00 0 0 8 6 7 5 0 333 20 239 59 002 6 990 2 7 0000 
25-JUN-2015 00 48055 3 2 4 56 7 00 00 10 224 20 209 3 0000 4 0011 5 0000 6 000 0 7 00 0 0 8 5 9 4 0 333 20 218 59 003 6 000 0 7 0000 
25-JUN-2015 00 48060 3 2 3 30 7 00 00 10 254 20 204 3 0000 4 0009 5 0000 6 000 0 7 03 2 2 8 5 7 7 0 333 20 216 58 011 6 000 0 7 0000 
25-JUN-2015 00 48064 2 2 4 50 4 36 01 10 260 20 246 3 0000 4 9994 5 0000 6 000 0 7 00 0 0 8 3 5 3 1 333 20 225 59 008 6 000 0 7 0000 
25-JUN-2015 00 48065 2 2 4 50 8 13 02 10 255 20 246 3 0000 4 0000 5 0000 6 000 0 7 50 2 2 8 6 9 7 0 333 20 228 58 000 6 000 0 7 0000 
25-JUN-2015 00 48071 2 1 4 56 8 23 09 10 275 20 268 3 0000 4 0000 5 0000 6 000 0 7 21 6 2 8 6 9 2 / 333 20 245 59 028 6 051 2 7 0000 
25-JUN-2015 00 48074 2 1 3 50 8 18 02 10 250 20 250 3 0000 4 0038 5 0000 6 000 0 7 20 6 5 8 6 7 7 / 333 20 233 59 020 6 005 2 7 0000 
25-JUN-2015 00 48075 3 2 4 56 7 00 00 10 225 20 225 3 0000 4 0051 5 0000 6 000 0 7 00 0 0 8 5 7 7 0 333 20 190 59 011 6 000 0 7 0000 
25-JUN-2015 00 48077 3 2 5 56 8 00 00 10 260 20 246 3 0000 4 0019 5 0000 6 000 0 7 00 0 0 8 5 9 7 0 333 20 234 59 011 6 000 0 7 0000 
25-JUN-2015 00 48078 2 1 4 40 7 18 01 10 250 20 242 3 0000 4 0048 5 0000 6 000 0 7 01 6 5 8 4 7 7 / 333 20 235 59 008 6 012 2 7 0000 
25-JUN-2015 00 48080 2 1 4 56 8 22 10 10 250 20 250 3 0000 4 0031 5 0000 6 000 0 7 61 6 5 8 5 7 2 0 333 20 240 59 023 6 102 2 7 0000 
25-JUN-2015 00 48085 2 1 3 56 8 22 05 10 278 20 268 3 0000 4 0020 5 0000 6 000 0 7 50 9 6 8 6 9 2 0 333 20 255 59 026 6 060 2 7 0000 
25-JUN-2015 00 48092 2 2 4 56 8 13 02 10 250 20 242 3 0000 4 0031 5 0000 6 000 0 7 03 6 6 8 5 9 7 0 333 20 245 59 011 6 024 2 7 0000 
25-JUN-2015 00 48094 2 1 4 56 6 00 00 10 260 20 260 3 0000 4 0034 5 0000 6 000 0 7 60 6 5 8 6 7 2 0 333 20 206 59 028 6 042 2 7 0000 
25-JUN-2015 00 48097 2 1 4 56 8 23 02 10 250 20 233 3 0000 4 0060 5 0000 6 000 0 7 50 6 5 8 6 9 7 / 333 20 225 59 009 6 038 2 7 0000 
25-JUN-2015 00 48099 2 1 3 30 8 23 01 10 238 20 238 3 0000 4 0059 5 0000 6 000 0 7 61 6 6 8 8 9 / / 333 20 210 59 005 6 036 2 7 0000 
25-JUN-2015 00 48103 2 1 3 30 8 22 02 10 238 20 238 3 0000 4 0061 5 0000 6 000 0 7 60 6 6 8 6 7 2 / 333 20 230 59 008 6 067 2 7 0000 
25-JUN-2015 00 48107 2 1 3 30 8 23 02 10 237 20 237 3 0000 4 0078 5 0000 6 000 0 7 60 6 6 8 5 9 7 / 333 20 230 59 004 6 090 2 7 0000 
25-JUN-2015 00 48108 2 1 4 93 8 05 01 10 235 20 235 3 0000 4 0088 5 0000 6 000 0 7 61 9 6 8 5 9 2 / 333 20 200 58 012 6 111 2 7 0000 
25-JUN-2015 00 48109 3 2 4 96 7 23 15 10 295 20 253 3 0000 4 0059 5 0000 6 000 0 7 02 2 2 8 4 9 3 0 333 20 230 59 013 6 000 0 7 0000 
25-JUN-2015 00 48110 2 1 4 94 8 13 04 10 245 20 245 3 0000 4 0095 5 0000 6 000 0 7 62 6 6 8 6 9 2 / 333 20 240 58 008 6 053 2 7 0000 
25-JUN-2015 00 48112 2 1 4 96 8 22 03 10 245 20 245 3 0000 4 0097 5 0000 6 000 0 7 95 9 5 8 6 9 7 / 333 20 195 58 007 6 029 2 7 0000 
