250000 48008 22440 80000 10245 20240 40051 8497/ 333 20228 56459 59011 60022=
250000 48010 22440 70000 10250 20242 40046 84720 333 20240 56880 58000 60002=
250000 48018 22558 80000 10235 20230 40049 70222 8497/ 333 20220 56459 59007=
250000 48019 32440 80000 10242 20240 40044 8877/ 333 20228 56599 59010 60002=
250000 48025 21110 80000 10242 20242 40056 75155 8577/ 333 20238 56699 58004 60252=
250000 48035 21230 80000 10204 20200 40045 76266 8692/ 333 20196 56999 59014 60482=
250000 48037 21456 83601 10248 20248 40056 75055 883// 333 20243 56599 58077 60202=
250000 48042 21456 81802 10245 20245 40053 76166 8597/ 333 20233 56449 59015 60092=
250000 48048 22550 61801 10274 20240 40045 85950 333 20262 56490 59015=
250000 48051 21456 81302 10248 20248 75065 86920 333 20243 56550 61522=
250000 48060 21330 80000 10223 20223 40054 70265 8597/ 333 20213 5659/ 59020 60192=
250000 48062 22450 81803 10265 20260 40050 70255 86970 333 20230 56490 59024 60072=
250000 48071 21456 82301 10240 20240 40068 75065 8692/ 333 20230 5659/ 59017 60232=
250000 48075 21456 70000 10220 20205 40089 70265 85740 333 56590 59026 60022=
250000 48077 21556 80000 10252 20250 40064 70262 85970 333 20232 56490 59022 60032=
250000 48078 21340 81801 10240 20238 40089 75165 8572/ 333 20232 56499 58026 60082=
250000 48080 21456 80401 10233 20230 40090 70265 85970 333 20228 56490 59021 60212=
250000 48085 21356 81401 10244 20240 40084 75065 86920 333 20242 56590 59020 60542=
250000 48108 21494 80000 10245 20236 40110 75195 8537/ 333 20233 5659/ 59013 60022=
250000 48109 22497 72308 10280 20268 40092 70222 85930 333 20200 56990 59017 60162=
250000 48110 31594 80000 10250 20250 40112 71022 82357 333 20254 56599 59008=
250000 48112 32598 63601 10260 20246 40107 70222 82216 333 20205 56899 59010 60002=
250000 48030 21/02 90401 10173 20173 75055 89/// 333 20168 56999 60012=
250000 48087 22450 80000 10250 20250 70322 8597/ 333 20244 5649/ 60212=
250000 48099 21230 82303 10240 20240 40086 76066 8692/ 333 20228 5659/ 59021 60172=
250000 48101 21456 80000 10262 20262 70265 8597/ 333 20220 5659/ 60092=
250000 48103 21440 82202 10238 20238 40098 76066 8672/ 333 20228 5659/ 59018 60142=
250000 48057 21256 81301 10180 20180 70365 8697/ 333 20175 5699/ 60052=
250000 48094 21456 80000 10245 20245 40073 75165 86920 333 20195 56590 59030 60302=
250000 48097 21456 82301 10240 20240 40112 76365 8597/ 333 20230 5699/ 59007 60422=
250000 48033 21458 80000 10250 20250 40057 75055 86970 333 20244 56450 59009 60852=
250000 48034 21248 80000 10189 20189 75165 8692/ 333 20187 5659/ 61492=
250000 48039 21456 81401 10255 20246 76266 889// 333 20253 56599 60082=
250000 48043 21520 81807 10195 20195 76366 8672/ 333 20165 56999 60282=
250000 48052 32450 71303 10274 20240 85930 333 20269 56990=
250000 48055 21456 80000 10210 20205 40059 72055 8597/ 333 20205 5659/ 59022 60012=
250000 48064 22450 83601 10256 20246 40042 84820 333 20220 56440 59022=
250000 48065 22450 80401 10260 20246 85870 333 20230 56990=
250000 48074 32356 80000 10250 20233 40084 8672/ 333 20225 56499 59015=
250000 48092 21450 80000 10240 20233 40082 76066 8697/ 333 20235 5669/ 59004 60352=
250000 48093 21430 82301 10243 20241 76165 8697/ 333 20236 56599 60492=
250000 48107 21330 32301 10232 20232 40103 70166 84970 333 20224 56550 59014 60142=  48109 22497 72308 10280 20268 40092 70222 85930 333 20200 56990 59017 60162=  
