48001 NIL=
48004 NIL=
48008 31510 70401 10233 20214 40134 70244 84970 333 20215 56110 58023=
48010 21320 83601 10185 20185 40133 70291 887// 333 20180 564// 58029 60512=
48018 31940 90000 10210 20175 40120 74244 333 20190 58016=
48019 31940 00401 10213 20160 40115 70500 333 20210 58014=
48020 NIL=
48025 21410 10000 10244 20174 40122 70544 81500 333 20236 56900 58021 69902=
48030 31140 20401 10140 20107 70544 82500 333 20127 56100=
48031 NIL=
48033 32960 01301 10230 20181 40109 333 20216 58011=
48034 32956 00000 10132 20099 333 20123=
48035 31520 40000 10181 20147 40146 71011 83801 333 20175 56509 58024=
48037 31930 00000 10220 20173 40108 70544 333 20210 58018=
48039 32456 60000 10245 20136 83460 333 20240 56550=
48042 32556 60000 10262 20203 40110 84902 333 20250 56409 58022=
48043 21401 81807 10135 20105 75596 8677/ 333 20100 569// 60282=
48045 NIL=
48048 32940 00000 10212 20143 40116 333 20205 58020=
48051 NIL=
48052 32450 40000 10222 20185 84800 333 20212 56400=
48053 31540 41804 10270 20240 40105 71011 83506 333 20261 56509 58013=
48055 31950 00000 10150 20145 40167 71000 333 20145 58008 69902=
48057 31450 31404 10170 20154 71022 82801 333 20155 56409=
48060 21420 70000 10180 20165 40188 85820 333 20165 56590 58046=
48062 31503 80000 10240 20240 40117 74442 86830 333 20140 56990 58004=
48064 32550 20000 10250 20186 40110 81530 333 20160 56990 58013=
48065 32950 10000 10240 20176 80001 333 20215 56009=
48071 31920 00000 10225 20214 40123 74244 333 20210 58008=
48072 NIL=
48074 31450 30000 10238 20191 40139 70500 81402 333 20223 56909 58027=
48075 32556 40000 10200 20190 40169 83830 333 20190 56590 58023=
48077 31956 00000 10230 20181 40120 70500 333 20198 58011=
48078 32550 21801 10252 20205 40126 81501 333 20240 56909 58009=
48080 31909 00000 10203 20185 40125 74044 333 20175 58007=
48085 31930 01403 10238 20226 40122 74244 333 20215 58005=
48087 32440 50000 10230 20198 83840 333 20196 56990=
48092 31550 21401 10230 20214 40110 70511 82500 333 20210 56900 58015=
48093 32940 40401 10245 20219 83801 333 20240 56309=
48094 32456 50000 10245 20230 40131 84940 333 20195 56990 58021=
48095 NIL=
48097 21556 42304 10240 20226 40142 70196 84800 333 20226 56900 58028 60032=
48096 32456 41202 10240 20226 40134 84400 333 20226 56900 58021=
48099 21230 81301 10230 20230 40127 79595 8692/ 333 20226 5639/ 58015 60252=
48101 NIL=
48103 22440 83201 10237 20209 40119 86770 333 20215 56770 59000 60102=
48107 21330 42302 10240 20209 40122 70196 84900 333 20227 56500 58004 50102=
48108 21594 60501 10220 20212 40127 71022 82456 333 20210 56999 58004 60012=
48109 32496 70000 10260 20246 40123 87900 333 20225 56900 58003=
48110 21595 40000 10240 20226 40124 70522 81436 333 20235 56909 58004 60552=
48112 32597 80402 10272 20226 40116 83876 333 20222 56199 58003=  