250300 48001 21450 80000 10190 20159 40156 70522 8577/ 333 56559 58005=
250300 48004 21556 11301 10230 20150 70511 81100 333 56900=
250300 48008 31556 70402 10250 20150 40152 70544 84970 333 56560 58026=
250300 48010 22456 60000 10205 20185 40155 84830 333 56440 58031=
250300 48018 31557 30401 10240 20167 40139 70344 83800 333 56900 58028=
250300 48019 31956 00401 10245 20155 40142 70500 333 58022=
250300 48020 21950 00000 10235 20191 70500 333 /////=
250300 48025 21420 13201 10266 20172 40145 70544 81500 333 56900 58025=
250300 48030 31140 10402 10180 20108 70544 81500 333 56900=
250300 48031 31960 01801 10210 20120 70544 333 /////=
250300 48033 32962 51802 10280 20184 40134 85900 333 56900 58020=
250300 48034 21456 82305 10165 20120 72055 8637/ 333 5659/=
250300 48035 31420 83601 10201 20168 40161 71011 8597/ 333 56569 58039=
250300 48037 31940 00901 10262 20179 40135 70544 333 58022=
250300 48039 32456 31401 10280 20146 83802 333 56505=
250300 48042 31557 71806 10285 20169 40159 71022 85950 333 56440 58038=
250300 48043 22640 81805 10140 20140 8687/ 333 56999=
250300 48045 31958 01402 10205 20091 70400 333 /////=
250300 48048 31960 01801 10300 20166 40139 71044 333 58022=
250300 48051 31556 63601 10256 20250 70522 86800 333 56500=
250300 48052 32958 00000 10280 20184 333 /////=
250300 48053 31550 61803 10310 20237 40138 70522 83556 333 56599 58020=
250300 48055 21450 70906 10228 20163 40162 70522 85370 333 56550 58043=
250300 48057 32457 31404 10210 20143 82800 333 56400=
250300 48060 22440 70000 10222 20173 40115 85830 333 56590 59045=
250300 48062 31540 61201 10260 20250 40141 70522 85830 333 56990 58013=
250300 48064 32960 01401 10310 20225 40130 333 58014=
250300 48065 32968 01407 10320 20200 333 /////=
250300 48071 31958 00000 10270 20240 40148 70540 333 58017=
250300 48072 31459 41302 10280 20233 70522 83830 333 56390=
250300 48074 31958 31402 10286 20215 40151 70500 80002 333 56004 58020=
250300 48075 32557 22201 10260 20200 40153 82100 333 56500 58024=
250300 48077 32959 02301 10290 20196 40143 333 58024=
250300 48078 32556 21801 10286 20200 40152 81501 333 56909 58018=
250300 48080 31959 00402 10262 20229 40160 70244 333 58015=
250300 48085 32958 01406 10290 20230 40146 333 58016=
250300 48087 32450 62301 10278 20220 84340 333 56990=
250300 48092 31556 41402 10280 20220 40133 70522 83830 333 56340 58030=
250300 48093 32657 70401 10268 20226 85841 333 56399=
250300 48094 32458 23202 10285 20240 40148 70111 82500 333 56900 58018=
250300 48095 32458 72203 10275 20240 70322 83840 333 56990=
250300 48097 22557 62205 10265 20228 40161 84850 333 56990 58023=
250300 48099 21456 80000 10236 20226 40150 75065 8697/ 333 5699/ 58018=
250300 48101 21557 80000 10248 20233 75155 8597/ 333 5699/=
250300 48103 22450 80401 10247 20219 40156 86770 333 56110 59022=
250300 48107 22330 42301 10278 20220 40131 84900 333 56500 58012=
250300 48108 22596 72301 10275 20245 40140 83866 333 56999 58001=
250300 48109 32497 50401 10296 20253 40139 85900 333 56900 58000=
250300 48110 21496 81801 10280 20233 40140 70522 84357 333 56999 58008=
250300 48112 32597 80401 10313 20237 40128 83876 333 56199 58000=  
