25-MAR-2015 09 48001 3 1 4 40 7 00 00 10 250 20 167 3 0000 4 0121 5 0000 6 000 0 7 03 2 2 8 4 9 7 0 333 10 /// 58 033 6 000 0 7 0000 
25-MAR-2015 09 48004 3 1 4 56 4 13 01 10 324 20 184 3 0000 4 0000 5 0000 6 000 0 7 05 1 1 8 5 4 0 0 333 10 /// 58 000 6 000 0 7 0000 
25-MAR-2015 09 48008 3 1 4 50 8 14 01 10 273 20 154 3 0000 4 0129 5 0000 6 000 0 7 17 9 0 8 4 9 7 / 333 10 /// 58 040 6 000 0 7 0000 
25-MAR-2015 09 48010 3 1 5 58 7 00 00 10 270 20 240 3 0000 4 0115 5 0000 6 000 0 7 02 9 9 8 4 9 7 0 333 10 /// 58 023 6 000 0 7 0000 
25-MAR-2015 09 48018 3 2 5 60 5 32 02 10 330 20 172 3 0000 4 0190 5 0000 6 000 0 7 03 2 2 8 3 8 7 0 333 10 /// 58 033 6 000 0 7 0000 
25-MAR-2015 09 48019 3 1 4 57 3 04 03 10 312 20 189 3 0000 4 0113 5 0000 6 000 0 7 05 2 2 8 2 8 6 0 333 10 /// 58 042 6 000 0 7 0000 
25-MAR-2015 09 48025 3 1 4 40 3 36 01 10 330 20 172 3 0000 4 0106 5 0000 6 000 0 7 05 4 4 8 3 5 0 0 333 10 /// 58 050 6 000 0 7 0000 
25-MAR-2015 09 48030 3 1 1 30 5 04 05 10 150 20 092 3 0000 4 0000 5 0000 6 000 0 7 97 9 9 8 9 9 / / 333 10 /// 58 000 6 000 0 7 0000 
25-MAR-2015 09 48031 3 2 2 56 8 18 03 10 190 20 118 3 0000 4 0000 5 0000 6 000 0 7 97 9 9 8 8 9 / / 333 10 /// 58 000 6 000 0 7 0000 
25-MAR-2015 09 48033 3 2 9 63 0 18 02 10 362 20 249 3 0000 4 0108 5 0000 6 000 0 7 00 0 0 8 0 0 0 0 333 10 /// 58 031 6 000 0 7 0000 
25-MAR-2015 09 48034 3 2 9 57 0 23 02 10 288 20 094 3 0000 4 0000 5 0000 6 000 0 7 00 0 0 8 0 0 0 0 333 10 /// 58 000 6 000 0 7 0000 
25-MAR-2015 09 48035 3 1 9 40 0 04 01 10 279 20 093 3 0000 4 0110 5 0000 6 000 0 7 05 2 2 8 0 0 0 0 333 10 /// 58 064 6 000 0 7 0000 
25-MAR-2015 09 48037 3 1 5 56 3 09 01 10 378 20 203 3 0000 4 0118 5 0000 6 000 0 7 05 4 4 8 1 2 0 1 333 10 /// 58 017 6 000 0 7 0000 
25-MAR-2015 09 48039 3 2 9 60 2 22 01 10 340 20 182 3 0000 4 0000 5 0000 6 000 0 7 00 0 0 8 0 0 0 2 333 10 /// 58 000 6 000 0 7 0000 
25-MAR-2015 09 48042 2 2 5 58 1 13 02 10 375 20 179 3 0000 4 0094 5 0000 6 000 0 7 00 0 0 8 1 2 0 0 333 10 /// 58 041 6 000 0 7 0000 
25-MAR-2015 09 48043 3 2 0 60 0 32 04 10 250 20 150 3 0000 4 0000 5 0000 6 000 0 7 00 0 0 8 0 0 0 0 333 10 /// 58 000 6 000 0 7 0000 
25-MAR-2015 09 48045 3 1 5 56 3 14 03 10 278 20 126 3 0000 4 0000 5 0000 6 000 0 7 04 0 0 8 3 8 0 0 333 10 /// 58 000 6 000 0 7 0000 
25-MAR-2015 09 48048 3 2 5 62 4 18 03 10 390 20 154 3 0000 4 0095 5 0000 6 000 0 7 00 0 0 8 4 8 0 0 333 10 /// 58 030 6 000 0 7 0000 
25-MAR-2015 09 48052 3 2 4 68 3 22 03 10 400 20 176 3 0000 4 0000 5 0000 6 000 0 7 00 0 0 8 3 8 0 0 333 10 /// 58 000 6 000 0 7 0000 
25-MAR-2015 09 48053 3 3 5 50 6 27 02 10 350 20 254 3 0000 4 0069 5 0000 6 000 0 7 05 5 5 8 4 9 5 0 333 10 /// 58 004 6 000 0 7 0000 
25-MAR-2015 09 48055 2 1 4 56 8 00 00 10 163 20 159 3 0000 4 0169 5 0000 6 000 0 7 95 9 6 8 6 9 7 / 333 10 /// 58 143 6 000 0 7 0000 
25-MAR-2015 09 48057 2 1 4 57 7 14 02 10 182 20 165 3 0000 4 0000 5 0000 6 000 0 7 03 9 6 8 5 9 7 0 333 10 /// 58 000 6 000 0 7 0000 
25-MAR-2015 09 48060 2 1 4 40 7 00 00 10 187 20 175 3 0000 4 0183 5 0000 6 000 0 7 02 9 6 8 5 9 3 0 333 10 /// 58 084 6 000 0 7 0000 
25-MAR-2015 09 48064 3 2 9 70 1 14 01 10 370 20 246 3 0000 4 0075 5 0000 6 000 0 7 00 0 0 8 0 0 0 1 333 10 /// 58 028 6 000 0 7 0000 
25-MAR-2015 09 48065 3 2 5 70 3 22 02 10 362 20 214 3 0000 4 0000 5 0000 6 000 0 7 00 0 0 8 3 8 0 0 333 10 /// 58 000 6 000 0 7 0000 
25-MAR-2015 09 48071 3 1 9 60 0 27 03 10 330 20 244 3 0000 4 0126 5 0000 6 000 0 7 05 0 0 8 0 0 0 0 333 10 /// 58 020 6 000 0 7 0000 
25-MAR-2015 09 48072 3 2 9 60 0 18 06 10 330 20 275 3 0000 4 0000 5 0000 6 000 0 7 01 2 2 8 0 0 0 0 333 10 /// 58 000 6 000 0 7 0000 
25-MAR-2015 09 48074 3 2 4 58 5 14 02 10 370 20 337 3 0000 4 0106 5 0000 6 000 0 7 00 0 0 8 4 3 6 0 333 10 /// 58 037 6 000 0 7 0000 
25-MAR-2015 09 48075 2 1 5 64 8 34 03 10 160 20 160 3 0000 4 0172 5 0000 6 000 0 7 96 9 2 8 5 9 7 / 333 10 /// 58 121 6 000 0 7 0000 
25-MAR-2015 09 48077 3 2 5 59 0 23 02 10 300 20 207 3 0000 4 0109 5 0000 6 000 0 7 00 0 0 8 5 9 7 0 333 10 /// 58 039 6 000 0 7 0000 
25-MAR-2015 09 48078 3 2 5 58 4 18 03 10 368 20 198 3 0000 4 0105 5 0000 6 000 0 7 00 0 0 8 3 5 0 1 333 10 /// 59 029 6 000 0 7 0000 
25-MAR-2015 09 48080 3 1 9 58 0 22 09 10 330 20 244 3 0000 4 0108 5 0000 6 000 0 7 05 0 0 8 0 0 0 0 333 10 /// 58 027 6 000 0 7 0000 
25-MAR-2015 09 48085 3 2 1 18 4 23 05 10 320 20 248 3 0000 4 0115 5 0000 6 000 0 7 00 0 0 8 4 8 0 0 333 10 /// 58 020 6 000 0 7 0000 
25-MAR-2015 09 48092 3 1 5 56 3 13 03 10 330 20 212 3 0000 4 0103 5 0000 6 000 0 7 05 2 2 8 2 8 3 0 333 10 /// 58 037 6 000 0 7 0000 
25-MAR-2015 09 48093 3 2 6 58 3 23 01 10 325 20 200 3 0000 4 0000 5 0000 6 000 0 7 01 1 1 8 3 8 0 0 333 10 /// 58 000 6 000 0 7 0000 
25-MAR-2015 09 48094 3 1 4 57 7 22 02 10 310 20 235 3 0000 4 0124 5 0000 6 000 0 7 17 9 9 8 5 9 7 0 333 10 /// 58 038 6 000 0 7 0000 
25-MAR-2015 09 48095 3 2 5 56 2 22 02 10 325 20 236 3 0000 4 0000 5 0000 6 000 0 7 01 2 2 8 0 0 6 0 333 10 /// 58 000 6 000 0 7 0000 
25-MAR-2015 09 48096 3 2 4 58 3 15 10 10 320 20 215 3 0000 4 0128 5 0000 6 000 0 7 02 2 2 8 2 8 0 1 333 10 /// 58 047 6 000 0 7 0000 
25-MAR-2015 09 48097 3 2 5 57 5 13 04 10 320 20 215 3 0000 4 0129 5 0000 6 000 0 7 00 0 0 8 3 8 3 6 333 10 /// 58 039 6 000 0 7 0000 
25-MAR-2015 09 48099 2 2 5 58 8 23 01 10 280 20 220 3 0000 4 0125 5 0000 6 000 0 7 00 0 0 8 6 9 3 0 333 10 /// 58 051 6 000 0 7 0000 
25-MAR-2015 09 48101 3 2 5 59 6 14 03 10 288 20 215 3 0000 4 0000 5 0000 6 000 0 7 01 2 2 8 4 3 3 0 333 10 /// 58 000 6 000 0 7 0000 
25-MAR-2015 09 48103 3 2 4 50 8 32 01 10 285 20 230 3 0000 4 0127 5 0000 6 000 0 7 00 0 0 8 6 7 7 0 333 10 /// 58 048 6 000 0 7 0000 
25-MAR-2015 09 48107 3 2 3 50 6 13 01 10 278 20 266 3 0000 4 0114 5 0000 6 000 0 7 00 0 0 8 4 9 7 0 333 10 /// 58 029 6 000 0 7 0000 
25-MAR-2015 09 48108 3 1 5 96 8 32 03 10 342 20 240 3 0000 4 0115 5 0000 6 000 0 7 17 7 9 8 4 9 6 6 333 10 /// 58 002 6 000 0 7 0000 
25-MAR-2015 09 48110 2 1 4 96 8 27 02 10 315 20 243 3 0000 4 0111 5 0000 6 000 0 7 02 5 5 8 3 3 5 7 333 10 /// 58 026 6 000 0 7 0000 
25-MAR-2015 09 48112 3 2 5 97 8 04 02 10 360 20 235 3 0000 4 0098 5 0000 6 000 0 7 00 0 0 8 3 8 7 6 333 10 /// 58 008 6 000 0 7 0000 
