251800 48008 31410 80000 10260 20229 40044 70296 8497/ 333 56569 58008=
251800 48010 21401 80000 10245 20245 40063 70396 887// 333 56599 58033=
251800 48018 21430 82202 10285 20248 40038 76596 8597/ 333 56569 58006=
251800 48025 32405 40000 10340 20240 40028 82840 333 56560 59021=
251800 48042 32556 31802 10312 20254 40040 82850 333 56440 58005=
251800 48053 32940 01805 10300 20239 40057 333 59012=
251800 48057 31439 21802 10210 20195 71022 82500 333 56500=
251800 48060 32420 40000 10228 20198 40054 82130 333 56560 59002=
251800 48062 32450 40000 10285 20270 40056 70222 84970 333 56900 58011=
251800 48071 32430 30000 10270 20256 40046 83800 333 56900 58009=
251800 48080 32450 72201 10285 20233 40074 84870 333 56690 58021=
251800 48094 32450 70000 10270 20260 40078 70322 85940 333 56990 58016=
251800 48097 21556 31801 10260 20253 40094 70196 83500 333 56900 58015=
251800 48099 21330 60000 10260 20246 40086 70191 84930 333 56990 58014=
251800 48103 22310 61401 10264 20246 40074 84770 333 56330 58013=
251800 48108 32595 82301 10250 20233 40101 84376 333 56999 58013=
251800 48109 32495 60000 10270 20256 40075 70222 84930 333 56990 58007=
251800 48110 21596 61801 10250 20233 40103 70299 82306 333 56909 58007=
251800 48112 21496 82202 10260 20260 40098 72152 8677/ 333 5659/ 58006=  
