25-MAR-2015 06 48004 3 1 5 56 1 09 01 10 291 20 196 3 0000 4 0000 5 0000 6 000 0 7 05 1 1 8 1 1 0 0 333 10 /// 58 000 6 000 0 7 0000 
25-MAR-2015 06 48008 3 1 5 56 7 04 01 10 279 20 146 3 0000 4 0151 5 0000 6 000 0 7 05 4 4 8 2 9 7 0 333 10 /// 58 039 6 000 0 7 0000 
25-MAR-2015 06 48010 3 2 5 60 3 00 00 10 250 20 219 3 0000 4 0139 5 0000 6 000 0 7 00 0 0 8 3 8 0 0 333 10 /// 58 023 6 000 0 7 0000 
25-MAR-2015 06 48018 3 1 9 58 0 14 02 10 315 20 163 3 0000 4 0132 5 0000 6 000 0 7 05 0 0 8 0 0 0 0 333 10 /// 58 020 6 000 0 7 0000 
25-MAR-2015 06 48019 3 1 4 56 5 04 02 10 290 20 179 3 0000 4 0138 5 0000 6 000 0 7 05 2 2 8 0 0 6 0 333 10 /// 58 026 6 000 0 7 0000 
25-MAR-2015 06 48020 3 1 9 50 0 36 02 10 320 20 215 3 0000 4 0000 5 0000 6 000 0 7 05 0 0 8 0 0 0 0 333 10 /// 58 000 6 000 0 7 0000 
25-MAR-2015 06 48025 3 1 4 01 2 36 01 10 337 20 164 3 0000 4 0141 5 0000 6 000 0 7 05 4 4 8 2 5 0 0 333 10 /// 58 000 6 900   7 0000 
25-MAR-2015 06 48030 3 1 1 40 5 04 09 10 332 20 087 3 0000 4 0000 5 0000 6 000 0 7 05 4 4 8 5 8 0 0 333 10 /// 58 000 6 000 0 7 0000 
25-MAR-2015 06 48031 3 1 9 60 0 18 01 10 250 20 105 3 0000 4 0000 5 0000 6 000 0 7 05 4 4 8 0 0 0 0 333 10 /// 58 000 6 000 0 7 0000 
25-MAR-2015 06 48033 3 2 5 63 2 18 01 10 330 20 212 3 0000 4 0136 5 0000 6 000 0 7 00 0 0 8 2 5 0 0 333 10 /// 58 031 6 000 0 7 0000 
25-MAR-2015 06 48034 3 2 4 56 6 18 02 10 210 20 128 3 0000 4 0000 5 0000 6 000 0 7 00 0 0 8 6 8 0 0 333 10 /// 58 000 6 000 0 7 0000 
25-MAR-2015 06 48035 3 1 5 30 8 00 00 10 237 20 136 3 0000 4 0151 5 0000 6 000 0 7 05 2 2 8 5 9 7 / 333 10 /// 58 077 6 000 0 7 0000 
25-MAR-2015 06 48037 3 1 9 50 0 18 01 10 344 20 184 3 0000 4 0123 5 0000 6 000 0 7 05 4 4 8 0 0 0 0 333 10 /// 58 031 6 000 0 7 0000 
25-MAR-2015 06 48039 3 1 4 56 3 14 01 10 302 20 166 3 0000 4 0000 5 0000 6 000 0 7 02 9 9 8 2 8 0 2 333 10 /// 58 000 6 000 0 7 0000 
25-MAR-2015 06 48042 2 1 5 57 3 14 06 10 335 20 199 3 0000 4 0140 5 0000 6 000 0 7 01 9 5 8 3 9 0 0 333 10 /// 58 047 6 000 0 7 0000 
25-MAR-2015 06 48043 3 1 4 56 8 18 05 10 185 20 175 3 0000 4 0000 5 0000 6 000 0 7 00 0 0 8 5 8 7 / 333 10 /// 58 000 6 000 0 7 0000 
25-MAR-2015 06 48045 3 1 5 58 1 14 02 10 259 20 070 3 0000 4 0000 5 0000 6 000 0 7 00 0 0 8 1 1 0 0 333 10 /// 58 000 6 000 0 7 0000 
25-MAR-2015 06 48048 3 2 9 62 0 18 01 10 355 20 195 3 0000 4 0195 5 0000 6 000 0 7 00 0 0 8 0 0 0 0 333 10 /// 58 000 6 000 0 7 0000 
25-MAR-2015 06 48051 3 1 5 58 8 04 01 10 306 20 240 3 0000 4 0000 5 0000 6 000 0 7 05 2 2 8 4 8 3 0 333 10 /// 58 000 6 000 0 7 0000 
25-MAR-2015 06 48052 3 2 9 70 0 22 02 10 370 20 171 3 0000 4 0000 5 0000 6 000 0 7 00 0 0 8 0 0 0 0 333 10 /// 58 000 6 000 0 7 0000 
25-MAR-2015 06 48053 3 1 5 50 6 22 03 10 340 20 240 3 0000 4 0129 5 0000 6 000 0 7 05 2 2 8 4 8 5 2 333 10 /// 58 025 6 000 0 7 0000 
25-MAR-2015 06 48055 3 1 5 56 7 04 05 10 265 20 166 3 0000 4 0139 5 0000 6 000 0 7 05 2 2 8 4 3 7 0 333 10 /// 58 066 6 000 0 7 0000 
25-MAR-2015 06 48057 3 2 4 56 5 14 02 10 270 20 133 3 0000 4 0000 5 0000 6 000 0 7 00 0 0 8 5 3 0 0 333 10 /// 58 000 6 000 0 7 0000 
25-MAR-2015 06 48060 3 2 4 40 7 32 02 10 270 20 172 3 0000 4 0157 5 0000 6 000 0 7 00 0 0 8 5 9 3 0 333 10 /// 58 043 6 000 0 7 0000 
25-MAR-2015 06 48062 3 2 5 56 6 23 06 10 305 20 270 3 0000 4 0143 5 0000 6 000 0 7 03 2 2 8 3 2 0 6 333 10 /// 58 019 6 000 0 7 0000 
25-MAR-2015 06 48064 3 2 5 70 1 14 01 10 370 20 224 3 0000 4 0116 5 0000 6 000 0 7 00 0 0 8 1 1 0 0 333 10 /// 58 038 6 000 0 7 0000 
25-MAR-2015 06 48065 3 2 4 70 5 00 00 10 370 20 171 3 0000 4 0000 5 0000 6 000 0 7 00 0 0 8 3 8 7 0 333 10 /// 58 000 6 000 0 7 0000 
25-MAR-2015 06 48071 3 1 4 58 3 27 03 10 308 20 237 3 0000 4 0147 5 0000 6 000 0 7 05 1 1 8 3 2 0 0 333 10 /// 58 024 6 000 0 7 0000 
25-MAR-2015 06 48072 3 2 4 60 1 09 05 10 310 20 254 3 0000 4 0000 5 0000 6 000 0 7 00 0 0 8 1 2 0 0 333 10 /// 58 000 6 000 0 7 0000 
25-MAR-2015 06 48074 3 2 9 60 0 18 05 10 340 20 184 3 0000 4 0184 5 0000 6 000 0 7 00 0 0 8 0 0 0 0 333 10 /// 58 035 6 000 0 7 0000 
25-MAR-2015 06 48075 3 2 5 57 4 22 07 10 300 20 170 3 0000 4 0141 5 0000 6 000 0 7 02 2 2 8 4 8 0 0 333 10 /// 58 047 6 000 0 7 0000 
25-MAR-2015 06 48077 3 2 9 59 0 23 01 10 350 20 182 3 0000 4 0133 5 0000 6 000 0 7 00 0 0 8 0 0 0 0 333 10 /// 58 024 6 000 0 7 0000 
25-MAR-2015 06 48078 3 2 5 58 2 18 01 10 352 20 192 3 0000 4 0142 5 0000 6 000 0 7 00 0 0 8 1 1 0 1 333 10 /// 58 026 6 000 0 7 0000 
25-MAR-2015 06 48080 3 1 4 59 2 22 05 10 333 20 234 3 0000 4 0130 5 0000 6 000 0 7 05 1 1 8 2 2 0 0 333 10 /// 58 023 6 000 0 7 0000 
25-MAR-2015 06 48085 3 2 4 58 4 27 04 10 335 20 244 3 0000 4 0139 5 0000 6 000 0 7 00 0 0 8 4 8 0 0 333 10 /// 58 016 6 000 0 7 0000 
25-MAR-2015 06 48087 3 2 4 56 6 23 03 10 330 20 212 3 0000 4 0000 5 0000 6 000 0 7 03 2 2 8 4 8 3 0 333 10 /// 58 000 6 000 0 7 0000 
25-MAR-2015 06 48092 3 2 5 56 4 13 04 10 330 20 213 3 0000 4 0115 5 0000 6 000 0 7 05 3 3 8 2 3 2 0 333 10 /// 58 020 6 000 0 7 0000 
25-MAR-2015 06 48093 3 2 6 57 5 32 01 10 308 20 282 3 0000 4 0000 5 0000 6 000 0 7 01 1 1 8 5 8 0 0 333 10 /// 58 000 6 000 0 7 0000 
25-MAR-2015 06 48094 3 2 5 60 4 32 03 10 330 20 240 3 0000 4 0145 5 0000 6 000 0 7 00 0 0 8 3 8 4 0 333 10 /// 58 028 6 000 0 7 0000 
25-MAR-2015 06 48095 3 2 4 58 7 22 04 10 295 20 320 3 0000 4 0000 5 0000 6 000 0 7 02 2 2 8 3 9 4 0 333 10 /// 58 000 6 000 0 7 0000 
25-MAR-2015 06 48096 3 2 4 57 7 18 07 10 290 20 230 3 0000 4 0154 5 0000 6 000 0 7 02 2 2 8 4 9 4 0 333 10 /// 58 036 6 000 0 7 0000 
25-MAR-2015 06 48097 3 2 5 57 7 13 07 10 290 20 206 3 0000 4 0153 5 0000 6 000 0 7 00 0 0 8 4 8 7 0 333 10 /// 58 037 6 000 0 7 0000 
25-MAR-2015 06 48099 2 1 5 57 8 00 00 10 263 20 229 3 0000 4 0149 5 0000 6 000 0 7 02 6 5 8 6 9 7 / 333 10 /// 58 042 6 000 0 7 0000 
25-MAR-2015 06 48101 3 2 5 58 7 14 03 10 278 20 233 3 0000 4 0000 5 0000 6 000 0 7 01 2 2 8 5 9 7 0 333 10 /// 58 000 6 000 0 7 0000 
25-MAR-2015 06 48103 3 2 4 56 8 04 01 10 276 20 220 3 0000 4 0146 5 0000 6 000 0 7 00 0 0 8 6 7 7 0 333 10 /// 58 028 6 000 0 7 0000 
25-MAR-2015 06 48107 3 2 3 50 6 27 01 10 310 20 203 3 0000 4 0126 5 0000 6 000 0 7 00 0 0 8 4 9 7 0 333 10 /// 58 021 6 000 0 7 0000 
25-MAR-2015 06 48108 3 2 5 96 3 09 15 10 335 20 230 3 0000 4 0135 5 0000 6 000 0 7 00 0 0 8 4 3 6 6 333 10 /// 58 010 6 000 0 7 0000 
25-MAR-2015 06 48109 3 2 4 97 2 04 01 10 338 20 270 3 0000 4 0141 5 0000 6 000 0 7 00 0 0 8 2 5 0 0 333 10 /// 58 013 6 000 0 7 0000 
25-MAR-2015 06 48110 3 1 5 96 8 23 03 10 320 20 242 3 0000 4 0127 5 0000 6 000 0 7 05 2 2 8 3 3 0 7 333 10 /// 58 013 6 000 0 7 0000 
25-MAR-2015 06 48112 3 2 5 97 8 04 02 10 355 20 227 3 0000 4 0110 5 0000 6 000 0 7 00 0 0 8 3 8 7 6 333 10 /// 59 004 6 000 0 7 0000 
