25-MAR-2015 18 48008 3 1 4 10 8 14 01 10 220 20 173 3 0000 4 0154 5 0000 6 000 0 7 05 4 4 8 4 9 7 / 333 10 /// 58 045 6 000 0 7 0000 
25-MAR-2015 18 48010 2 1 3 01 8 00 00 10 220 20 205 3 0000 4 0144 5 0000 6 000 0 7 29 9 5 8 8 9 / / 333 10 /// 58 024 6 000 0 7 0000 
25-MAR-2015 18 48018 2 1 5 20 8 14 01 10 240 20 174 3 0000 4 0166 5 0000 6 000 0 7 95 9 5 8 5 9 7 / 333 10 /// 58 051 6 000 0 7 0000 
25-MAR-2015 18 48042 2 1 4 50 8 14 03 10 250 20 250 3 0000 4 0134 5 0000 6 000 0 7 95 2 2 8 5 9 7 / 333 10 /// 58 043 6 000 0 7 0000 
25-MAR-2015 18 48053 2 1 4 40 8 36 06 10 220 20 205 3 0000 4 0164 5 0000 6 000 0 7 17 5 5 8 6 9 5 0 333 10 /// 58 059 6 000 0 7 0000 
25-MAR-2015 18 48057 2 1 4 39 4 14 01 10 152 20 111 3 0000 4 0000 5 0000 6 000 0 7 01 6 5 8 3 3 5 0 333 10 /// 58 000 6 000 0 7 0000 
25-MAR-2015 18 48060 2 1 4 10 8 00 00 10 174 20 154 3 0000 4 0198 5 0000 6 000 0 7 02 5 5 8 5 9 3 0 333 10 /// 58 036 6 000 0 7 0000 
25-MAR-2015 18 48062 3 1 5 40 2 32 01 10 245 20 230 3 0000 4 0154 5 0000 6 000 0 7 10 1 1 8 2 5 0 0 333 10 /// 58 040 6 000 0 7 0000 
25-MAR-2015 18 48071 3 2 4 20 1 00 00 10 268 20 240 3 0000 4 0130 5 0000 6 000 0 7 00 0 0 8 1 8 0 0 333 10 /// 58 029 6 000 0 7 0000 
25-MAR-2015 18 48078 2 1 5 50 4 00 00 10 246 20 189 3 0000 4 0142 5 0000 6 000 0 7 01 9 5 8 3 8 0 1 333 10 /// 58 038 6 000 0 7 0000 
25-MAR-2015 18 48080 3 1 4 50 5 00 00 10 262 20 229 3 0000 4 0149 5 0000 6 000 0 7 05 2 2 8 3 8 7 0 333 10 /// 58 017 6 000 0 7 0000 
25-MAR-2015 18 48094 3 2 9 50 0 00 00 10 250 20 220 3 0000 4 0146 5 0000 6 000 0 7 00 0 0 8 0 0 0 0 333 10 /// 58 016 6 000 0 7 0000 
25-MAR-2015 18 48097 3 2 5 56 2 23 01 10 250 20 223 3 0000 4 0151 5 0000 6 000 0 7 00 0 0 8 2 4 0 0 333 10 /// 58 043 6 000 0 7 0000 
25-MAR-2015 18 48099 2 2 3 30 6 00 00 10 250 20 219 3 0000 4 0144 5 0000 6 000 0 7 00 0 0 8 4 8 3 0 333 10 /// 58 001 6 000 0 7 0000 
25-MAR-2015 18 48103 3 2 4 10 6 32 02 10 260 20 229 3 0000 4 0127 5 0000 6 000 0 7 00 0 0 8 4 7 7 0 333 10 /// 58 025 6 000 0 7 0000 
25-MAR-2015 18 48108 3 2 5 95 5 32 01 10 270 20 240 3 0000 4 0142 5 0000 6 000 0 7 00 0 0 8 3 3 0 6 333 10 /// 59 001 6 000 0 7 0000 
25-MAR-2015 18 48109 3 2 4 95 6 04 02 10 282 20 250 3 0000 4 0134 5 0000 6 000 0 7 00 0 0 8 6 9 0 0 333 10 /// 58 022 6 000 0 7 0000 
25-MAR-2015 18 48110 2 1 5 94 4 00 00 10 260 20 246 3 0000 4 0143 5 0000 6 000 0 7 02 9 9 8 1 3 0 6 333 10 /// 58 017 6 000 0 7 0000 
25-MAR-2015 18 48112 3 2 5 97 8 04 02 10 292 20 230 3 0000 4 0114 5 0000 6 000 0 7 00 0 0 8 3 8 7 6 333 10 /// 58 002 6 000 0 7 0000 
