250300 48051 32960 03604 10204 20150 333=
250300 48062 32956 00404 10230 20180 40141 70100 333 59002=
250300 48071 32958 00402 10270 20211 40141 333 59005=
250300 48072 32960 00000 10270 20211 333=
250300 48075 31457 53201 10200 20175 40162 70244 84830 333 56590 58002=
250300 48077 32959 00401 10260 20179 40136 333 59010=
250300 48078 32557 20403 10228 20181 40145 81501 333 56409 58002=
250300 48080 32960 02201 10250 20219 40136 333 59001=
250300 48085 32957 00901 10268 20215 40132 333 58007=
250300 48087 32960 20404 10248 20186 80031 333 56099=
250300 48092 32556 23402 10240 20191 40113 81401 333 56909 59004=
250300 48093 32658 30401 10270 20211 70222 81101 333 56109=
250300 48094 32459 30402 10252 20210 40134 82501 333 56909 59003=
250300 48095 32960 20402 10250 20186 80002 333 56009=
250300 48096 32958 33503 10250 20205 40137 80031 333 56099 59002=  
250300 48097 31557 41301 10260 20179 40140 70511 82831 333 56999 59010=
250300 48099 32450 43201 10285 20220 40124 82830 333 56790 59003=
250300 48101 32958 20402 10272 20191 80001 333 56009=
250300 48103 32456 10405 10298 20223 40125 81100 333 56100 59005=
250300 48107 32950 00401 10290 20248 40113 333 59003=
250300 48108 32596 40503 10295 20234 40124 82403 333 56909 58000=
250300 48110 21996 21301 10300 20253 40121 70511 80006 333 56009 58003=
250300 48112 22597 80402 10280 20250 40115 70222 84876 333 56199 58000=
