25-OCT-2015 09 48001 3 2 4 40 1 04 01 10 275 20 250 3 0000 4 0117 5 0000 6 000 0 7 00 0 0 8 1 1 0 0 333 10 /// 59 006 6 000 0 7 0000 
25-OCT-2015 09 48004 3 2 5 62 2 22 01 10 317 20 236 3 0000 4 0000 5 0000 6 000 0 7 00 0 0 8 2 8 0 0 333 10 /// 58 000 6 000 0 7 0000 
25-OCT-2015 09 48008 3 2 5 58 1 00 00 10 320 20 215 3 0000 4 0122 5 0000 6 000 0 7 00 0 0 8 1 1 0 0 333 10 /// 58 023 6 000 0 7 0000 
25-OCT-2015 09 48010 3 2 5 60 2 00 00 10 325 20 236 3 0000 4 0118 5 0000 6 000 0 7 00 0 0 8 2 8 0 0 333 10 /// 58 011 6 000 0 7 0000 
25-OCT-2015 09 48018 3 2 5 60 1 04 01 10 332 20 234 3 0000 4 0132 5 0000 6 000 0 7 00 0 0 8 1 2 0 0 333 10 /// 58 033 6 000 0 7 0000 
25-OCT-2015 09 48019 3 2 9 62 0 27 02 10 317 20 189 3 0000 4 0116 5 0000 6 000 0 7 00 0 0 8 0 0 0 0 333 10 /// 58 019 6 000 0 7 0000 
25-OCT-2015 09 48020 3 2 4 62 1 32 04 10 330 20 244 3 0000 4 0000 5 0000 6 000 0 7 00 0 0 8 1 2 0 0 333 10 /// 58 000 6 000 0 7 0000 
25-OCT-2015 09 48025 3 2 4 58 3 04 01 10 320 20 236 3 0000 4 0119 5 0000 6 000 0 7 00 0 0 8 3 8 0 0 333 10 /// 58 018 6 000 0 7 0000 
25-OCT-2015 09 48030 3 2 2 56 7 04 02 10 209 20 175 3 0000 4 0000 5 0000 6 000 0 7 00 0 0 8 7 9 0 0 333 10 /// 58 000 6 000 0 7 0000 
25-OCT-2015 09 48031 3 2 3 59 6 22 01 10 230 20 163 3 0000 4 0000 5 0000 6 000 0 7 00 0 0 8 4 8 4 0 333 10 /// 58 000 6 000 0 7 0000 
25-OCT-2015 09 48033 3 2 9 63 0 36 01 10 330 20 234 3 0000 4 0096 5 0000 6 000 0 7 00 0 0 8 0 0 0 0 333 10 /// 58 000 6 000 0 7 0000 
25-OCT-2015 09 48034 3 2 4 58 3 14 02 10 285 20 152 3 0000 4 0000 5 0000 6 000 0 7 00 0 0 8 3 8 0 0 333 10 /// 58 000 6 000 0 7 0000 
25-OCT-2015 09 48035 3 2 9 60 0 32 02 10 302 20 166 3 0000 4 0088 5 0000 6 000 0 7 00 0 0 8 0 0 0 0 333 10 /// 58 035 6 000 0 7 0000 
25-OCT-2015 09 48037 3 2 4 60 3 32 01 10 333 20 234 3 0000 4 0114 5 0000 6 000 0 7 00 0 0 8 3 8 0 0 333 10 /// 58 027 6 000 0 7 0000 
25-OCT-2015 09 48039 3 2 4 60 0 32 01 10 335 20 240 3 0000 4 0000 5 0000 6 000 0 7 00 0 0 8 0 0 0 0 333 10 /// 58 000 6 000 0 7 0000 
25-OCT-2015 09 48042 3 2 5 59 2 32 02 10 340 20 225 3 0000 4 0095 5 0000 6 000 0 7 00 0 0 8 2 2 0 0 333 10 /// 58 014 6 000 0 7 0000 
25-OCT-2015 09 48043 3 2 5 57 4 14 03 10 270 20 211 3 0000 4 0000 5 0000 6 000 0 7 00 0 0 8 4 8 0 0 333 10 /// 58 000 6 000 0 7 0000 
25-OCT-2015 09 48045 3 2 5 56 7 23 05 10 230 20 198 3 0000 4 0000 5 0000 6 000 0 7 00 0 0 8 7 3 0 0 333 10 /// 58 000 6 000 0 7 0000 
25-OCT-2015 09 48048 3 2 5 60 4 09 01 10 340 20 257 3 0000 4 0099 5 0000 6 000 0 7 00 0 0 8 5 8 0 0 333 10 /// 58 008 6 000 0 7 0000 
25-OCT-2015 09 48052 3 2 4 40 2 36 01 10 362 20 264 3 0000 4 0000 5 0000 6 000 0 7 00 0 0 8 2 2 0 0 333 10 /// 58 000 6 000 0 7 0000 
25-OCT-2015 09 48053 3 2 5 58 3 36 02 10 350 20 202 3 0000 4 0099 5 0000 6 000 0 7 00 0 0 8 2 5 5 0 333 10 /// 58 020 6 000 0 7 0000 
25-OCT-2015 09 48055 2 2 3 56 7 09 04 10 226 20 192 3 0000 4 0124 5 0000 6 000 0 7 00 0 0 8 4 9 3 0 333 10 /// 58 048 6 000 0 7 0000 
25-OCT-2015 09 48060 3 2 3 40 7 00 00 10 295 20 191 3 0000 4 0058 5 0000 6 000 0 7 00 0 0 8 5 8 3 0 333 10 /// 59 009 6 000 0 7 0000 
25-OCT-2015 09 48064 3 2 5 60 1 09 01 10 350 20 280 3 0000 4 0088 5 0000 6 000 0 7 00 0 0 8 1 8 0 0 333 10 /// 58 010 6 000 0 7 0000 
25-OCT-2015 09 48065 3 2 5 60 2 03 01 10 350 20 240 3 0000 4 0000 5 0000 6 000 0 7 00 0 0 8 2 8 0 0 333 10 /// 58 000 6 000 0 7 0000 
25-OCT-2015 09 48074 3 2 4 67 4 09 02 10 320 20 248 3 0000 4 0111 5 0000 6 000 0 7 00 0 0 8 3 8 5 0 333 10 /// 58 028 6 000 0 7 0000 
