25-SEP-2015 12 48001 2 1 1 10 8 27 01 10 230 20 228 3 0000 4 0032 5 0000 6 000 0 7 62 6 6 8 8 7 / / 333 10 270 58 004 6 027 2 7 0000 
25-SEP-2015 12 48008 2 1 4 56 6 00 00 10 260 20 258 3 0000 4 0030 5 0000 6 000 0 7 03 9 5 8 3 9 7 0 333 10 300 58 004 6 024 2 7 0000 
25-SEP-2015 12 48010 3 2 5 40 4 32 01 10 305 20 253 3 0000 4 0005 5 0000 6 000 0 7 00 0 0 8 1 4 4 1 333 10 342 59 006 6 000 0 7 0000 
25-SEP-2015 12 48018 3 2 5 57 5 14 01 10 312 20 254 3 0000 4 0008 5 0000 6 000 0 7 00 0 0 8 2 8 3 2 333 10 334 59 009 6 000 0 7 0000 
25-SEP-2015 12 48019 3 2 5 58 4 27 01 10 283 20 250 3 0000 4 0018 5 0000 6 000 0 7 00 0 0 8 1 1 6 0 333 10 323 58 006 6 000 0 7 0000 
25-SEP-2015 12 48020 3 1 3 40 6 00 00 10 300 20 253 3 0000 4 0000 5 0000 6 000 0 7 17 9 9 8 4 9 0 1 333 10 345 58 000 6 000 0 7 0000 
25-SEP-2015 12 48025 3 2 4 58 6 14 01 10 318 20 265 3 0000 4 0018 5 0000 6 000 0 7 00 0 0 8 4 3 4 0 333 10 347 59 002 6 000 0 7 0000 
25-SEP-2015 12 48030 3 2 2 56 4 22 02 10 184 20 184 3 0000 4 0000 5 0000 6 000 0 7 00 0 0 8 3 9 0 2 333 10 250 58 000 6 000 0 7 0000 
25-SEP-2015 12 48031 3 2 2 60 4 32 01 10 200 20 168 3 0000 4 0000 5 0000 6 000 0 7 00 0 0 8 4 8 0 0 333 10 246 58 000 6 000 0 7 0000 
25-SEP-2015 12 48033 3 2 5 62 4 00 00 10 330 20 258 3 0000 4 0012 5 0000 6 000 0 7 00 0 0 8 4 9 0 0 333 10 350 59 010 6 000 0 7 0000 
25-SEP-2015 12 48035 3 2 5 59 3 00 00 10 292 20 248 3 0000 4 0001 5 0000 6 000 0 7 00 0 0 8 3 9 0 0 333 10 318 59 001 6 000 0 7 0000 
25-SEP-2015 12 48037 3 2 5 58 7 32 01 10 302 20 253 3 0000 4 0008 5 0000 6 000 0 7 00 0 0 8 5 8 7 0 333 10 263 58 004 6 000 0 7 0000 
25-SEP-2015 12 48042 3 2 5 58 7 00 00 10 335 20 264 3 0000 4 0001 5 0000 6 000 0 7 00 0 0 8 5 9 5 0 333 10 370 59 006 6 000 0 7 0000 
25-SEP-2015 12 48043 3 2 5 20 3 18 05 10 250 20 219 3 0000 4 0000 5 0000 6 000 0 7 00 0 0 8 3 3 0 0 333 10 290 58 000 6 000 0 7 0000 
25-SEP-2015 12 48045 3 1 4 50 7 22 02 10 215 20 205 3 0000 4 0000 5 0000 6 000 0 7 02 9 9 8 7 9 0 0 333 10 290 58 000 6 000 0 7 0000 
25-SEP-2015 12 48048 3 2 5 50 3 22 01 10 335 20 240 3 0000 4 0006 5 0000 6 000 0 7 00 0 0 8 3 8 0 0 333 10 370 59 006 6 000 0 7 0000 
25-SEP-2015 12 48051 3 2 5 59 6 31 02 10 310 20 280 3 0000 4 0000 5 0000 6 000 0 7 03 2 2 8 4 9 3 0 333 10 332 58 000 6 000 0 7 0000 
25-SEP-2015 12 48052 3 2 4 50 4 00 00 10 340 20 257 3 0000 4 0000 5 0000 6 000 0 7 00 0 0 8 4 8 0 0 333 10 372 58 000 6 000 0 7 0000 
25-SEP-2015 12 48053 3 2 4 56 4 18 01 10 320 20 236 3 0000 4 0024 5 0000 6 000 0 7 00 0 0 8 3 5 0 6 333 10 355 59 005 6 000 0 7 0000 
25-SEP-2015 12 48055 2 2 5 56 5 00 00 10 263 20 239 3 0000 4 0012 5 0000 6 000 0 7 02 6 5 8 5 9 0 0 333 10 313 58 009 6 002 2 7 0000 
25-SEP-2015 12 48060 2 2 3 20 7 00 00 10 253 20 219 3 0000 4 0034 5 0000 6 000 0 7 00 0 0 8 5 9 3 0 333 10 322 58 026 6 006 2 7 0000 
25-SEP-2015 12 48062 3 2 4 56 6 27 04 10 300 20 280 3 0000 4 0034 5 0000 6 000 0 7 02 2 2 8 4 9 7 0 333 10 325 59 020 6 000 0 7 0000 
25-SEP-2015 12 48064 3 2 4 50 2 00 00 10 315 20 281 3 0000 4 9997 5 0000 6 000 0 7 00 0 0 8 1 1 0 1 333 10 350 59 023 6 000 0 7 0000 
25-SEP-2015 12 48065 3 2 4 50 4 04 01 10 315 20 265 3 0000 4 0000 5 0000 6 000 0 7 00 0 0 8 2 5 7 0 333 10 355 58 000 6 000 0 7 0000 
25-SEP-2015 12 48071 2 2 4 56 6 27 03 10 297 20 253 3 0000 4 0036 5 0000 6 000 0 7 00 0 0 8 4 9 7 0 333 10 310 59 013 6 006 2 7 0000 
25-SEP-2015 12 48074 3 2 5 58 2 00 00 10 290 20 274 3 0000 4 0031 5 0000 6 000 0 7 00 0 0 8 2 9 0 0 333 10 329 59 012 6 000 0 7 0000 
25-SEP-2015 12 48075 3 2 4 56 6 00 00 10 280 20 220 3 0000 4 0029 5 0000 6 000 0 7 00 0 0 8 4 8 4 0 333 10 300 59 020 6 000 0 7 0000 
25-SEP-2015 12 48077 3 2 5 56 7 23 04 10 300 20 253 3 0000 4 0023 5 0000 6 000 0 7 00 0 0 8 5 9 3 1 333 10 344 59 016 6 000 0 7 0000 
25-SEP-2015 12 48078 2 1 5 56 6 23 01 10 294 20 250 3 0000 4 0043 5 0000 6 000 0 7 03 9 5 8 3 3 3 1 333 10 335 59 009 6 990 2 7 0000 
25-SEP-2015 12 48080 2 1 4 56 6 13 02 10 255 20 246 3 0000 4 0044 5 0000 6 000 0 7 50 6 5 8 4 9 7 0 333 10 316 59 014 6 006 2 7 0000 
25-SEP-2015 12 48085 3 2 4 57 3 32 05 10 290 20 259 3 0000 4 0042 5 0000 6 000 0 7 00 0 0 8 2 8 0 6 333 10 310 59 022 6 000 0 7 0000 
25-SEP-2015 12 48087 3 2 5 50 4 00 00 10 290 20 259 3 0000 4 0000 5 0000 6 000 0 7 00 0 0 8 2 8 4 1 333 10 332 58 000 6 000 0 7 0000 
25-SEP-2015 12 48092 2 1 4 56 8 23 07 10 290 20 254 3 0000 4 0035 5 0000 6 000 0 7 50 5 5 8 6 9 7 0 333 10 330 59 020 6 990 2 7 0000 
25-SEP-2015 12 48094 3 2 4 56 3 00 00 10 310 20 250 3 0000 4 0051 5 0000 6 000 0 7 01 2 2 8 2 5 4 0 333 10 350 59 013 6 000 0 7 0000 
25-SEP-2015 12 48096 3 2 4 57 6 22 05 10 290 20 259 3 0000 4 0050 5 0000 6 000 0 7 00 0 0 8 4 9 3 1 333 10 330 59 022 6 000 0 7 0000 
25-SEP-2015 12 48097 3 2 5 56 5 23 01 10 290 20 266 3 0000 4 0064 5 0000 6 000 0 7 02 2 2 8 4 3 0 1 333 10 335 59 019 6 000 0 7 0000 
25-SEP-2015 12 48099 3 2 3 30 5 13 03 10 270 20 256 3 0000 4 0053 5 0000 6 000 0 7 00 0 0 8 4 8 3 0 333 10 305 59 009 6 000 0 7 0000 
25-SEP-2015 12 48103 3 2 4 30 8 22 02 10 268 20 256 3 0000 4 0056 5 0000 6 000 0 7 00 0 0 8 4 7 3 2 333 10 293 59 014 6 000 0 7 0000 
25-SEP-2015 12 48107 2 1 3 30 6 00 00 10 256 20 246 3 0000 4 0071 5 0000 6 000 0 7 01 6 5 8 4 9 7 0 333 10 267 59 018 6 080 2 7 0000 
25-SEP-2015 12 48108 2 2 5 95 7 23 01 10 263 20 258 3 0000 4 0074 5 0000 6 000 0 7 00 0 0 8 4 3 7 7 333 10 295 59 024 6 002 2 7 0000 
25-SEP-2015 12 48109 3 2 4 96 4 23 01 10 292 20 248 3 0000 4 0070 5 0000 6 000 0 7 00 0 0 8 4 9 0 0 333 10 320 59 014 6 000 0 7 0000 
25-SEP-2015 12 48110 2 1 4 95 8 18 02 10 265 20 251 3 0000 4 0078 5 0000 6 000 0 7 02 5 5 8 4 3 5 7 333 10 280 59 018 6 024 2 7 0000 
