48001 21320 80000 10255 20250 40041 75355 8672/ 333 56329 59002=
48004 21230 70401 10256 20256 70155 87900 333 56500=
48008 22556 80000 10277 20268 40059 8497/ 333 56439 58000=
48010 22450 70000 10270 20256 40042 87800 333 56490 59011=
48018 22558 72201 10290 20259 40053 83872 333 56554 58002=
48019 22457 80000 10265 20246 40045 8577/ 333 56459 59004=
48020 22456 63602 10285 20271 84802 333 56509=
48025 22440 60401 10312 20254 40052 70244 84840 333 56450 59001=
48035 32560 62203 10271 20226 40051 84960 333 56190 59006=
48037 32559 51801 10300 20253 40037 83830 333 56450 59012=
48042 32558 31804 10322 20236 40039 82802 333 56409 59016=
48045 22556 32204 10250 20167 81131 333 56569=
48048 32560 22201 10315 20236 40044 82800 333 56400 59006=
48051 22559 73602 10277 20270 85970 333 56490=
48053 32456 61803 10290 20230 40063 83556 333 56499 59007=
48060 31440 40000 10262 20215 40066 70244 82130 333 56560 58010=
48062 22457 71303 10290 20270 40085 85970 333 56290 59012=
48071 22458 81301 10300 20266 40068 8697/ 333 5659/ 59013=
48075 NIL=
48077 NIL=
48078 NIL=
48080 NIL=
48085 NIL=
48095 NIL=
48108 NIL=
48109 NIL=
48110 NIL=
48112 NIL=
48030 22256 62202 10194 20175 85840 333 56560=
48072 21459 72701 10285 20259 70355 85870 333 56590=
48087 NIL=
48099 NIL=
48101 NIL=
48103 NIL=
48057 32458 63201 10222 20195 86300 333 56600=
48094 NIL=
48097 NIL=
48031 21/03 93201 10186 20155 74744 89/// 333 56999=
48033 32562 51801 10300 20253 40037 85900 333 56400 58000=
48034 21356 80000 10212 20208 70255 8692/ 333 56599=
48039 32460 21401 10310 20237 81102 333 56505=
48043 32556 61807 10250 20205 84830 333 56590=
48052 32458 21801 10314 20254 82200 333 56900=
48055 32557 31303 10260 20215 40052 82101 333 56509 59016=
48064 32960 10401 10290 20259 40043 80030 333 56090 59012=
48065 32556 31402 10292 20248 82801 333 56909=
48074 22357 72302 10270 20256 40083 85760 333 56440 59013=
48092 NIL=
48093 NIL=
48107 NIL=
48096 NIL=  48075 22457 70000 10250 20219 40069 85770 333 56590 59019=
48077 32559 42301 10300 20253 40046 83901 333 56909 59026=
48078 32557 51801 10286 20254 40072 83531 333 56499 59027=
48080 22460 60402 10273 20240 40072 84870 333 56590 59024=
48085 22458 52703 10294 20259 40076 85900 333 56600 59015=
48095 22458 72201 10290 20274 84970 333 56590=
48108 21494 82301 10250 20242 40110 76065 8637/ 333 5699/ 59012=
48109 32497 42301 10300 20253 40096 82830 333 56990 59016=
48110 21493 83201 10250 20241 40114 75165 8632/ 333 56999 59006=
48112 21496 82703 10252 20252 40117 75055 8677/ 333 5669/ 59015=
48087 32560 30000 10294 20259 82840 333 56690=
48099 21450 71301 10266 20256 40082 70363 85930 333 56390 59017=
48101 22557 70000 10290 20274 84770 333 56590=
48103 21350 72202 10278 20268 40091 85770 333 56550 59009=
48094 32459 62702 10315 20270 40078 84970 333 56690 59018=
48097 22557 73104 10300 20266 40096 84830 333 56990 59002=
48092 22456 72306 10290 20259 40062 85370 333 56590 59013=
48093 32557 53201 10289 20259 85800 333 56300=
48107 21330 82302 10230 20230 40105 76366 8597/ 333 5666/ 59006=  