25-SEP-2015 03 48001 2 1 3 20 8 00 00 10 255 20 250 3 0000 4 0041 5 0000 6 000 0 7 53 5 5 8 6 7 2 / 333 10 /// 59 002 6 000 0 7 0000 
25-SEP-2015 03 48004 2 1 2 30 7 04 01 10 256 20 256 3 0000 4 0000 5 0000 6 000 0 7 01 5 5 8 7 9 0 0 333 10 /// 58 000 6 000 0 7 0000 
25-SEP-2015 03 48008 2 2 5 56 8 00 00 10 277 20 268 3 0000 4 0059 5 0000 6 000 0 7 00 0 0 8 4 9 7 / 333 10 /// 58 000 6 000 0 7 0000 
25-SEP-2015 03 48010 2 2 4 50 7 00 00 10 270 20 256 3 0000 4 0042 5 0000 6 000 0 7 00 0 0 8 7 8 0 0 333 10 /// 59 011 6 000 0 7 0000 
25-SEP-2015 03 48018 2 2 5 58 7 22 01 10 290 20 259 3 0000 4 0053 5 0000 6 000 0 7 00 0 0 8 3 8 7 2 333 10 /// 58 002 6 000 0 7 0000 
25-SEP-2015 03 48019 2 2 4 57 8 00 00 10 265 20 246 3 0000 4 0045 5 0000 6 000 0 7 00 0 0 8 5 7 7 / 333 10 /// 59 004 6 000 0 7 0000 
25-SEP-2015 03 48020 2 2 4 56 6 36 02 10 285 20 271 3 0000 4 0000 5 0000 6 000 0 7 00 0 0 8 4 8 0 2 333 10 /// 58 000 6 000 0 7 0000 
25-SEP-2015 03 48025 2 2 4 40 6 04 01 10 312 20 254 3 0000 4 0052 5 0000 6 000 0 7 02 4 4 8 4 8 4 0 333 10 /// 59 001 6 000 0 7 0000 
25-SEP-2015 03 48030 2 2 2 56 6 22 02 10 194 20 175 3 0000 4 0000 5 0000 6 000 0 7 00 0 0 8 5 8 4 0 333 10 /// 58 000 6 000 0 7 0000 
25-SEP-2015 03 48031 2 1 / 03 9 32 01 10 186 20 155 3 0000 4 0000 5 0000 6 000 0 7 47 4 4 8 9 / / / 333 10 /// 58 000 6 000 0 7 0000 
25-SEP-2015 03 48033 3 2 5 62 5 18 01 10 300 20 253 3 0000 4 0037 5 0000 6 000 0 7 00 0 0 8 5 9 0 0 333 10 /// 58 000 6 000 0 7 0000 
25-SEP-2015 03 48034 2 1 3 56 8 00 00 10 212 20 208 3 0000 4 0000 5 0000 6 000 0 7 02 5 5 8 6 9 2 / 333 10 /// 58 000 6 000 0 7 0000 
25-SEP-2015 03 48035 3 2 5 60 6 22 03 10 271 20 226 3 0000 4 0051 5 0000 6 000 0 7 00 0 0 8 4 9 6 0 333 10 /// 59 006 6 000 0 7 0000 
25-SEP-2015 03 48037 3 2 5 59 5 18 01 10 300 20 253 3 0000 4 0037 5 0000 6 000 0 7 00 0 0 8 3 8 3 0 333 10 /// 59 012 6 000 0 7 0000 
25-SEP-2015 03 48039 3 2 4 60 2 14 01 10 310 20 237 3 0000 4 0000 5 0000 6 000 0 7 00 0 0 8 1 1 0 2 333 10 /// 58 000 6 000 0 7 0000 
25-SEP-2015 03 48042 3 2 5 58 3 18 04 10 322 20 236 3 0000 4 0039 5 0000 6 000 0 7 00 0 0 8 2 8 0 2 333 10 /// 59 016 6 000 0 7 0000 
25-SEP-2015 03 48043 3 2 5 56 6 18 07 10 250 20 205 3 0000 4 0000 5 0000 6 000 0 7 00 0 0 8 4 8 3 0 333 10 /// 58 000 6 000 0 7 0000 
25-SEP-2015 03 48045 2 2 5 56 3 22 04 10 250 20 167 3 0000 4 0000 5 0000 6 000 0 7 00 0 0 8 1 1 3 1 333 10 /// 58 000 6 000 0 7 0000 
25-SEP-2015 03 48048 3 2 5 60 2 22 01 10 315 20 236 3 0000 4 0044 5 0000 6 000 0 7 00 0 0 8 2 8 0 0 333 10 /// 59 006 6 000 0 7 0000 
25-SEP-2015 03 48051 2 2 5 59 7 36 02 10 277 20 270 3 0000 4 0000 5 0000 6 000 0 7 00 0 0 8 5 9 7 0 333 10 /// 58 000 6 000 0 7 0000 
25-SEP-2015 03 48052 3 2 4 58 2 18 01 10 314 20 254 3 0000 4 0000 5 0000 6 000 0 7 00 0 0 8 2 2 0 0 333 10 /// 58 000 6 000 0 7 0000 
25-SEP-2015 03 48053 3 2 4 56 6 18 03 10 290 20 230 3 0000 4 0063 5 0000 6 000 0 7 00 0 0 8 3 5 5 6 333 10 /// 59 007 6 000 0 7 0000 
25-SEP-2015 03 48055 3 2 5 57 3 13 03 10 260 20 215 3 0000 4 0052 5 0000 6 000 0 7 00 0 0 8 2 1 0 1 333 10 /// 59 016 6 000 0 7 0000 
25-SEP-2015 03 48057 3 2 4 58 6 32 01 10 222 20 195 3 0000 4 0000 5 0000 6 000 0 7 00 0 0 8 6 3 0 0 333 10 /// 58 000 6 000 0 7 0000 
25-SEP-2015 03 48060 3 1 4 40 4 00 00 10 262 20 215 3 0000 4 0066 5 0000 6 000 0 7 02 4 4 8 2 1 3 0 333 10 /// 58 010 6 000 0 7 0000 
25-SEP-2015 03 48062 2 2 4 57 7 13 03 10 290 20 270 3 0000 4 0085 5 0000 6 000 0 7 00 0 0 8 5 9 7 0 333 10 /// 59 012 6 000 0 7 0000 
25-SEP-2015 03 48064 3 2 9 60 1 04 01 10 290 20 259 3 0000 4 0043 5 0000 6 000 0 7 00 0 0 8 0 0 3 0 333 10 /// 59 012 6 000 0 7 0000 
25-SEP-2015 03 48065 3 2 5 56 3 14 02 10 292 20 248 3 0000 4 0000 5 0000 6 000 0 7 00 0 0 8 2 8 0 1 333 10 /// 58 000 6 000 0 7 0000 
25-SEP-2015 03 48071 2 2 4 58 8 13 01 10 300 20 266 3 0000 4 0068 5 0000 6 000 0 7 00 0 0 8 6 9 7 / 333 10 /// 59 013 6 000 0 7 0000 
25-SEP-2015 03 48072 2 1 4 59 7 27 01 10 285 20 259 3 0000 4 0000 5 0000 6 000 0 7 03 5 5 8 5 8 7 0 333 10 /// 58 000 6 000 0 7 0000 
25-SEP-2015 03 48074 2 2 3 57 7 23 02 10 270 20 256 3 0000 4 0083 5 0000 6 000 0 7 00 0 0 8 5 7 6 0 333 10 /// 59 013 6 000 0 7 0000 
25-SEP-2015 03 48077 3 2 5 59 4 23 01 10 300 20 253 3 0000 4 0046 5 0000 6 000 0 7 00 0 0 8 3 9 0 1 333 10 /// 59 026 6 000 0 7 0000 
25-SEP-2015 03 48078 3 2 5 57 5 18 01 10 286 20 254 3 0000 4 0072 5 0000 6 000 0 7 00 0 0 8 3 5 3 1 333 10 /// 59 027 6 000 0 7 0000 
25-SEP-2015 03 48080 2 2 4 60 6 04 02 10 273 20 240 3 0000 4 0072 5 0000 6 000 0 7 00 0 0 8 4 8 7 0 333 10 /// 59 024 6 000 0 7 0000 
25-SEP-2015 03 48085 2 2 4 58 5 27 03 10 294 20 259 3 0000 4 0076 5 0000 6 000 0 7 00 0 0 8 5 9 0 0 333 10 /// 59 015 6 000 0 7 0000 
25-SEP-2015 03 48087 3 2 5 60 3 00 00 10 294 20 259 3 0000 4 0000 5 0000 6 000 0 7 00 0 0 8 2 8 4 0 333 10 /// 58 000 6 000 0 7 0000 
25-SEP-2015 03 48092 2 2 4 56 7 23 06 10 290 20 259 3 0000 4 0062 5 0000 6 000 0 7 00 0 0 8 5 3 7 0 333 10 /// 59 013 6 000 0 7 0000 
25-SEP-2015 03 48093 3 2 5 57 5 32 01 10 289 20 259 3 0000 4 0000 5 0000 6 000 0 7 00 0 0 8 5 8 0 0 333 10 /// 58 000 6 000 0 7 0000 
25-SEP-2015 03 48094 3 2 4 59 6 27 02 10 315 20 270 3 0000 4 0078 5 0000 6 000 0 7 00 0 0 8 4 9 7 0 333 10 /// 59 018 6 000 0 7 0000 
25-SEP-2015 03 48095 2 2 4 58 7 22 01 10 290 20 274 3 0000 4 0000 5 0000 6 000 0 7 00 0 0 8 4 9 7 0 333 10 /// 58 000 6 000 0 7 0000 
25-SEP-2015 03 48097 2 2 5 57 7 31 04 10 300 20 266 3 0000 4 0096 5 0000 6 000 0 7 00 0 0 8 4 8 3 0 333 10 /// 59 002 6 000 0 7 0000 
25-SEP-2015 03 48099 2 1 4 50 7 13 01 10 266 20 256 3 0000 4 0082 5 0000 6 000 0 7 03 6 3 8 5 9 3 0 333 10 /// 59 017 6 000 0 7 0000 
25-SEP-2015 03 48101 2 2 5 57 7 00 00 10 290 20 274 3 0000 4 0000 5 0000 6 000 0 7 00 0 0 8 4 7 7 0 333 10 /// 58 000 6 000 0 7 0000 
25-SEP-2015 03 48103 2 1 3 50 7 22 02 10 278 20 268 3 0000 4 0091 5 0000 6 000 0 7 00 0 0 8 5 7 7 0 333 10 /// 59 009 6 000 0 7 0000 
25-SEP-2015 03 48107 2 1 3 30 8 23 02 10 230 20 230 3 0000 4 0105 5 0000 6 000 0 7 63 6 6 8 5 9 7 / 333 10 /// 59 006 6 000 0 7 0000 
25-SEP-2015 03 48108 2 1 4 94 8 23 01 10 250 20 242 3 0000 4 0110 5 0000 6 000 0 7 60 6 5 8 6 3 7 / 333 10 /// 59 012 6 000 0 7 0000 
25-SEP-2015 03 48109 3 2 4 97 4 23 01 10 300 20 253 3 0000 4 0096 5 0000 6 000 0 7 00 0 0 8 2 8 3 0 333 10 /// 59 016 6 000 0 7 0000 
25-SEP-2015 03 48110 2 1 4 93 8 32 01 10 250 20 241 3 0000 4 0114 5 0000 6 000 0 7 51 6 5 8 6 3 2 / 333 10 /// 59 006 6 000 0 7 0000 
25-SEP-2015 03 48112 2 1 4 96 8 27 03 10 252 20 252 3 0000 4 0117 5 0000 6 000 0 7 50 5 5 8 6 7 7 / 333 10 /// 59 015 6 000 0 7 0000 
