260300 48001 21220 83201 10188 20175 40172 76366 887// 333 56299 58022=
260300 48004 22350 60401 10234 20198 86900 333 56500=
260300 48008 21556 70000 10245 20205 40141 70155 84970 333 56800 59030=
260300 48010 22457 83601 10240 20209 40146 86601 333 56505 59013=
260300 48018 22558 82201 10240 20209 40121 8587/ 333 56569 58031=
260300 48019 32456 60000 10254 20219 40141 83620 333 56990 59006=
260300 48020 22357 73602 10240 20218 85730 333 56590=
260300 48025 22420 73601 10253 20219 40142 84840 333 56550 59009=
260300 48030 21150 80401 10148 20134 70144 889// 333 56199=
260300 48031 32/60 70000 10165 20161 83862 333 56449=
260300 48033 32562 60901 10270 20226 40125 85930 333 56590 58004=
260300 48034 22456 80000 10205 20171 8637/ 333 5659/=
260300 48035 21530 80000 10221 20173 40142 70544 8597/ 333 56569 59002=
260300 48037 32556 73201 10265 20179 40132 83870 333 56550 59003=
260300 48039 32459 71401 10272 20211 83850 333 56550=
260300 48042 32556 71301 10284 20220 40129 84850 333 56440 58004=
260300 48043 32056 60502 10210 20198 80030 333 56090=
260300 48045 32557 81402 10179 20147 888// 333 56599=
260300 48048 32558 70401 10283 20203 40139 85950 333 56490 58005=
260300 48051 32559 73601 10257 20220 70122 85830 333 56690=
260300 48052 32458 40401 10295 20185 84800 333 56900=
