26-APR-2015 09 48001 2 1 4 56 7 09 01 10 244 20 174 3 0000 4 0141 5 0000 6 000 0 7 03 5 5 8 4 7 3 0 333 10 /// 58 058 6 000 0 7 0000 
26-APR-2015 09 48004 3 2 3 56 7 32 01 10 300 20 185 3 0000 4 0000 5 0000 6 000 0 7 00 0 0 8 7 9 0 0 333 10 /// 58 000 6 000 0 7 0000 
26-APR-2015 09 48008 2 2 5 57 8 04 01 10 270 20 181 3 0000 4 0131 5 0000 6 000 0 7 00 0 0 8 4 9 7 1 333 10 /// 58 025 6 000 0 7 0000 
26-APR-2015 09 48010 3 2 5 57 8 00 00 10 290 20 230 3 0000 4 0106 5 0000 6 000 0 7 00 0 0 8 4 7 7 / 333 10 /// 59 024 6 000 0 7 0000 
26-APR-2015 09 48018 2 1 5 58 7 04 02 10 295 20 207 3 0000 4 0113 5 0000 6 000 0 7 20 5 5 8 4 8 7 0 333 10 /// 59 012 6 000 0 7 0000 
26-APR-2015 09 48019 3 2 4 56 8 36 02 10 295 20 215 3 0000 4 0111 5 0000 6 000 0 7 00 0 0 8 5 6 7 0 333 10 /// 59 010 6 000 0 7 0000 
26-APR-2015 09 48025 3 2 4 56 8 32 01 10 305 20 203 3 0000 4 0112 5 0000 6 000 0 7 00 0 0 8 5 8 7 / 333 10 /// 59 021 6 000 0 7 0000 
26-APR-2015 09 48030 3 2 2 56 8 22 01 10 170 20 135 3 0000 4 0000 5 0000 6 000 0 7 00 0 0 8 8 9 / / 333 10 /// 58 000 6 000 0 7 0000 
26-APR-2015 09 48031 2 1 2 60 8 18 01 10 180 20 165 3 0000 4 0000 5 0000 6 000 0 7 60 6 6 8 8 3 / / 333 10 /// 58 000 6 000 0 7 0000 
26-APR-2015 09 48033 3 2 5 63 7 27 01 10 320 20 236 3 0000 4 0085 5 0000 6 000 0 7 00 0 0 8 6 9 0 0 333 10 /// 59 001 6 000 0 7 0000 
26-APR-2015 09 48034 3 2 4 56 7 23 01 10 245 20 180 3 0000 4 0000 5 0000 6 000 0 7 00 0 0 8 7 3 0 0 333 10 /// 58 000 6 000 0 7 0000 
26-APR-2015 09 48035 3 2 5 50 7 32 04 10 286 20 159 3 0000 4 0065 5 0000 6 000 0 7 05 2 2 8 5 9 6 0 333 10 /// 59 033 6 000 0 7 0000 
26-APR-2015 09 48037 3 2 5 58 6 04 02 10 333 20 191 3 0000 4 0092 5 0000 6 000 0 7 00 0 0 8 3 8 7 0 333 10 /// 58 001 6 000 0 7 0000 
26-APR-2015 09 48039 3 2 4 60 2 22 01 10 345 20 266 3 0000 4 0000 5 0000 6 000 0 7 00 0 0 8 2 1 0 0 333 10 /// 58 000 6 000 0 7 0000 
26-APR-2015 09 48042 3 2 5 58 3 23 03 10 352 20 219 3 0000 4 0084 5 0000 6 000 0 7 00 0 0 8 3 8 0 0 333 10 /// 58 009 6 000 0 7 0000 
26-APR-2015 09 48043 3 2 6 57 4 32 06 10 270 20 191 3 0000 4 0000 5 0000 6 000 0 7 00 0 0 8 3 2 3 0 333 10 /// 58 000 6 000 0 7 0000 
26-APR-2015 09 48045 2 1 5 57 7 14 02 10 223 20 185 3 0000 4 0000 5 0000 6 000 0 7 20 5 5 8 7 8 0 0 333 10 /// 58 000 6 000 0 7 0000 
26-APR-2015 09 48048 3 2 5 60 6 36 01 10 360 20 146 3 0000 4 0097 5 0000 6 000 0 7 00 0 0 8 4 9 5 0 333 10 /// 59 001 6 000 0 7 0000 
26-APR-2015 09 48051 3 2 5 59 7 31 06 10 314 20 200 3 0000 4 0000 5 0000 6 000 0 7 01 2 2 8 5 8 3 0 333 10 /// 58 000 6 000 0 7 0000 
26-APR-2015 09 48052 3 2 4 60 3 04 01 10 372 20 227 3 0000 4 0000 5 0000 6 000 0 7 00 0 0 8 3 8 0 0 333 10 /// 58 000 6 000 0 7 0000 
26-APR-2015 09 48053 3 2 5 56 6 18 01 10 340 20 206 3 0000 4 0085 5 0000 6 000 0 7 00 0 0 8 4 9 5 6 333 10 /// 58 022 6 000 0 7 0000 
26-APR-2015 09 48055 2 1 5 56 7 04 03 10 207 20 202 3 0000 4 0103 5 0000 6 000 0 7 17 9 6 8 5 9 7 0 333 10 /// 58 020 6 000 0 7 0000 
26-APR-2015 09 48057 2 1 4 58 6 14 02 10 210 20 175 3 0000 4 0000 5 0000 6 000 0 7 95 9 5 8 2 9 7 1 333 10 /// 58 000 6 000 0 7 0000 
26-APR-2015 09 48060 3 2 4 56 4 00 00 10 282 20 203 3 0000 4 0087 5 0000 6 000 0 7 00 0 0 8 3 9 3 0 333 10 /// 59 050 6 000 0 7 0000 
26-APR-2015 09 48062 3 2 4 57 7 27 08 10 320 20 270 3 0000 4 0109 5 0000 6 000 0 7 00 0 0 8 5 9 7 0 333 10 /// 58 004 6 000 0 7 0000 
26-APR-2015 09 48064 3 2 5 70 3 14 01 10 380 20 240 3 0000 4 0061 5 0000 6 000 0 7 00 0 0 8 2 8 0 1 333 10 /// 59 002 6 000 0 7 0000 
26-APR-2015 09 48065 3 2 5 70 5 04 09 10 382 20 187 3 0000 4 0000 5 0000 6 000 0 7 00 0 0 8 4 8 0 1 333 10 /// 58 000 6 000 0 7 0000 
26-APR-2015 09 48071 3 2 4 60 3 32 03 10 340 20 240 3 0000 4 0104 5 0000 6 000 0 7 00 0 0 8 3 8 0 0 333 10 /// 58 005 6 000 0 7 0000 
26-APR-2015 09 48072 3 2 4 60 1 04 02 10 350 20 297 3 0000 4 0000 5 0000 6 000 0 7 02 2 2 8 1 2 0 0 333 10 /// 58 000 6 000 0 7 0000 
26-APR-2015 09 48074 3 2 4 61 3 22 03 10 376 20 221 3 0000 4 0065 5 0000 6 000 0 7 00 0 0 8 2 8 0 0 333 10 /// 59 026 6 000 0 7 0000 
26-APR-2015 09 48075 2 1 5 57 4 14 01 10 260 20 230 3 0000 4 0096 5 0000 6 000 0 7 02 9 6 8 4 9 0 0 333 10 /// 58 034 6 000 0 7 0000 
26-APR-2015 09 48077 3 2 5 59 4 23 01 10 380 20 203 3 0000 4 0078 5 0000 6 000 0 7 00 0 0 8 3 9 0 1 333 10 /// 58 007 6 000 0 7 0000 
26-APR-2015 09 48078 3 2 5 59 5 18 02 10 358 20 224 3 0000 4 0086 5 0000 6 000 0 7 00 0 0 8 4 3 0 1 333 10 /// 58 010 6 000 0 7 0000 
26-APR-2015 09 48080 3 2 4 60 2 22 05 10 366 20 274 3 0000 4 0093 5 0000 6 000 0 7 00 0 0 8 2 9 0 0 333 10 /// 58 003 6 000 0 7 0000 
26-APR-2015 09 48085 3 2 4 58 2 32 04 10 336 20 244 3 0000 4 0091 5 0000 6 000 0 7 00 0 0 8 2 9 0 0 333 10 /// 58 003 6 000 0 7 0000 
26-APR-2015 09 48087 3 2 5 60 3 23 01 10 370 20 207 3 0000 4 0000 5 0000 6 000 0 7 00 0 0 8 2 2 4 0 333 10 /// 58 000 6 000 0 7 0000 
26-APR-2015 09 48092 3 2 4 58 5 23 01 10 370 20 227 3 0000 4 0067 5 0000 6 000 0 7 03 2 2 8 5 8 0 0 333 10 /// 59 002 6 000 0 7 0000 
26-APR-2015 09 48093 2 1 6 58 4 14 01 10 362 20 249 3 0000 4 0000 5 0000 6 000 0 7 01 5 5 8 4 8 0 0 333 10 /// 58 000 6 000 0 7 0000 
26-APR-2015 09 48094 3 2 4 58 5 27 01 10 365 20 246 3 0000 4 0086 5 0000 6 000 0 7 00 0 0 8 5 9 0 0 333 10 /// 58 005 6 000 0 7 0000 
26-APR-2015 09 48095 3 2 5 58 6 04 02 10 365 20 249 3 0000 4 0000 5 0000 6 000 0 7 00 0 0 8 3 8 4 0 333 10 /// 58 000 6 000 0 7 0000 
26-APR-2015 09 48097 2 1 5 57 8 23 05 10 320 20 236 3 0000 4 0097 5 0000 6 000 0 7 95 2 2 8 5 3 7 / 333 10 /// 58 000 6 000 0 7 0000 
26-APR-2015 09 48099 3 2 4 57 6 23 03 10 335 20 257 3 0000 4 0082 5 0000 6 000 0 7 00 0 0 8 4 9 3 0 333 10 /// 58 010 6 000 0 7 0000 
26-APR-2015 09 48101 3 2 5 60 4 18 01 10 337 20 240 3 0000 4 0000 5 0000 6 000 0 7 02 1 1 8 2 3 3 1 333 10 /// 58 000 6 000 0 7 0000 
26-APR-2015 09 48103 3 2 4 57 4 22 01 10 343 20 240 3 0000 4 0084 5 0000 6 000 0 7 00 0 0 8 4 8 0 0 333 10 /// 58 009 6 000 0 7 0000 
26-APR-2015 09 48107 2 1 3 50 8 18 02 10 290 20 230 3 0000 4 0097 5 0000 6 000 0 7 17 9 6 8 5 9 7 0 333 10 /// 58 016 6 000 0 7 0000 
26-APR-2015 09 48108 2 1 4 95 8 05 05 10 255 20 248 3 0000 4 0103 5 0000 6 000 0 7 95 9 6 8 4 9 7 7 333 10 /// 58 010 6 000 0 7 0000 
26-APR-2015 09 48110 3 2 5 96 4 23 02 10 375 20 258 3 0000 4 0094 5 0000 6 000 0 7 00 0 0 8 3 9 0 6 333 10 /// 59 000 6 000 0 7 0000 
26-APR-2015 09 48112 3 2 5 97 8 04 02 10 320 20 236 3 0000 4 0089 5 0000 6 000 0 7 02 2 2 8 4 8 7 6 333 10 /// 59 005 6 000 0 7 0000 
