26-APR-2015 12 48001 2 1 4 50 7 00 00 10 233 20 176 3 0000 4 0124 5 0000 6 000 0 7 02 6 6 8 5 7 6 0 333 10 250 58 041 6 011 2 7 0000 
26-APR-2015 12 48008 2 2 4 56 7 00 00 10 258 20 179 3 0000 4 0120 5 0000 6 000 0 7 00 0 0 8 4 9 7 0 333 10 282 58 017 6 990 2 7 0000 
26-APR-2015 12 48010 3 2 4 30 8 00 00 10 280 20 250 3 0000 4 0102 5 0000 6 000 0 7 00 0 0 8 4 7 7 / 333 10 300 58 000 6 000 2 7 0000 
26-APR-2015 12 48018 2 1 5 56 7 32 01 10 285 20 196 3 0000 4 0093 5 0000 6 000 0 7 20 5 5 8 4 8 7 0 333 10 300 59 022 6 990 2 7 0000 
26-APR-2015 12 48019 2 1 4 40 8 00 00 10 268 20 240 3 0000 4 0103 5 0000 6 000 0 7 50 2 2 8 5 7 7 0 333 10 298 58 000 6 990 2 7 0000 
26-APR-2015 12 48025 2 1 4 50 8 22 01 10 292 20 196 3 0000 4 0104 5 0000 6 000 0 7 02 5 5 8 5 8 7 / 333 10 315 59 011 6 990 2 7 0000 
26-APR-2015 12 48033 3 2 5 62 7 33 01 10 300 20 239 3 0000 4 0089 5 0000 6 000 0 7 00 0 0 8 5 9 0 6 333 10 323 58 002 6 000 0 7 0000 
26-APR-2015 12 48034 3 2 4 56 4 23 01 10 237 20 174 3 0000 4 0000 5 0000 6 000 0 7 00 0 0 8 3 8 3 0 333 10 257 58 000 6 000 0 7 0000 
26-APR-2015 12 48035 3 1 5 56 6 27 02 10 267 20 172 3 0000 4 0076 5 0000 6 000 0 7 05 2 2 8 4 9 6 1 333 10 302 59 014 6 000 0 7 0000 
26-APR-2015 12 48037 3 2 5 40 7 36 01 10 317 20 200 3 0000 4 0074 5 0000 6 000 0 7 00 0 0 8 4 8 7 0 333 10 342 59 010 6 000 0 7 0000 
26-APR-2015 12 48039 3 2 4 60 7 32 01 10 323 20 200 3 0000 4 0000 5 0000 6 000 0 7 00 0 0 8 4 8 6 0 333 10 350 58 000 6 000 0 7 0000 
26-APR-2015 12 48042 3 2 5 58 6 36 03 10 330 20 212 3 0000 4 0083 5 0000 6 000 0 7 00 0 0 8 3 9 5 0 333 10 360 58 009 6 000 0 7 0000 
26-APR-2015 12 48043 3 2 0 30 5 00 00 10 235 20 174 3 0000 4 0000 5 0000 6 000 0 7 00 0 0 8 0 0 3 2 333 10 272 58 000 6 000 0 7 0000 
26-APR-2015 12 48048 3 2 5 50 5 36 01 10 337 20 225 3 0000 4 0078 5 0000 6 000 0 7 00 0 0 8 4 9 5 0 333 10 367 58 002 6 000 0 7 0000 
26-APR-2015 12 48051 3 2 5 58 7 31 03 10 289 20 220 3 0000 4 0000 5 0000 6 000 0 7 02 2 2 8 4 8 3 1 333 10 322 58 000 6 000 0 7 0000 
26-APR-2015 12 48052 3 2 4 50 5 04 02 10 338 20 184 3 0000 4 0000 5 0000 6 000 0 7 00 0 0 8 5 9 0 0 333 10 375 58 000 6 000 0 7 0000 
26-APR-2015 12 48053 3 2 5 50 6 36 02 10 300 20 207 3 0000 4 0084 5 0000 6 000 0 7 00 0 0 8 3 9 5 6 333 10 340 58 012 6 000 0 7 0000 
26-APR-2015 12 48055 2 1 5 56 6 18 02 10 210 20 185 3 0000 4 0112 5 0000 6 000 0 7 02 9 6 8 3 9 4 6 333 10 295 58 023 6 008 2 7 0000 
26-APR-2015 12 48060 2 1 4 20 7 14 04 10 222 20 173 3 0000 4 0123 5 0000 6 000 0 7 95 9 5 8 4 9 7 0 333 10 287 58 010 6 001 2 7 0000 
26-APR-2015 12 48062 3 2 4 56 8 27 01 10 295 20 250 3 0000 4 0096 5 0000 6 000 0 7 03 2 2 8 5 9 7 0 333 10 326 58 006 6 000 0 7 0000 
26-APR-2015 12 48064 3 1 4 50 7 14 01 10 310 20 267 3 0000 4 0065 5 0000 6 000 0 7 00 0 0 8 3 8 7 0 333 10 385 58 011 6 000 0 7 0000 
26-APR-2015 12 48065 3 2 4 50 7 00 00 10 340 20 225 3 0000 4 0000 5 0000 6 000 0 7 00 0 0 8 4 8 3 1 333 10 385 58 000 6 000 0 7 0000 
26-APR-2015 12 48071 3 2 4 56 6 32 03 10 300 20 223 3 0000 4 0101 5 0000 6 000 0 7 00 0 0 8 4 9 7 0 333 10 345 58 005 6 000 0 7 0000 
26-APR-2015 12 48072 3 2 4 58 1 32 02 10 310 20 254 3 0000 4 0000 5 0000 6 000 0 7 02 2 2 8 1 2 0 0 333 10 360 58 000 6 000 0 7 0000 
26-APR-2015 12 48074 3 2 5 58 2 00 00 10 345 20 206 3 0000 4 0070 5 0000 6 000 0 7 00 0 0 8 2 8 0 0 333 10 381 59 002 6 000 0 7 0000 
26-APR-2015 12 48075 2 2 4 56 3 00 00 10 280 20 230 3 0000 4 0089 5 0000 6 000 0 7 00 0 0 8 3 8 0 0 333 10 298 59 019 6 023 2 7 0000 
26-APR-2015 12 48077 3 2 5 56 7 23 02 10 350 20 202 3 0000 4 0068 5 0000 6 000 0 7 00 0 0 8 5 9 3 1 333 10 384 59 000 6 000 0 7 0000 
26-APR-2015 12 48078 3 2 5 50 4 00 00 10 350 20 210 3 0000 4 0075 5 0000 6 000 0 7 00 0 0 8 3 3 0 1 333 10 360 59 005 6 000 0 7 0000 
26-APR-2015 12 48080 3 2 4 58 4 22 04 10 315 20 248 3 0000 4 0100 5 0000 6 000 0 7 00 0 0 8 2 2 3 1 333 10 370 58 007 6 000 0 7 0000 
26-APR-2015 12 48085 3 2 4 56 4 32 03 10 316 20 237 3 0000 4 0092 5 0000 6 000 0 7 00 0 0 8 2 9 5 6 333 10 345 58 005 6 000 0 7 0000 
26-APR-2015 12 48087 3 2 4 40 8 23 01 10 250 20 233 3 0000 4 0000 5 0000 6 000 0 7 03 2 2 8 4 9 7 / 333 10 374 58 000 6 000 0 7 0000 
26-APR-2015 12 48092 3 2 4 58 6 13 04 10 330 20 223 3 0000 4 0074 5 0000 6 000 0 7 03 2 2 8 3 3 7 0 333 10 375 58 001 6 000 0 7 0000 
26-APR-2015 12 48093 2 2 5 40 4 27 01 10 304 20 279 3 0000 4 0000 5 0000 6 000 0 7 00 0 0 8 4 8 0 0 333 10 361 58 000 6 000 0 7 0000 
26-APR-2015 12 48094 3 2 4 56 3 27 02 10 300 20 240 3 0000 4 0095 5 0000 6 000 0 7 03 1 1 8 3 9 0 0 333 10 365 58 007 6 000 0 7 0000 
26-APR-2015 12 48097 2 1 5 56 7 18 01 10 300 20 239 3 0000 4 0105 5 0000 6 000 0 7 03 9 5 8 5 8 3 6 333 10 368 58 006 6 005 2 7 0000 
26-APR-2015 12 48099 3 1 4 40 7 13 08 10 290 20 230 3 0000 4 0096 5 0000 6 000 0 7 17 2 2 8 5 9 7 0 333 10 340 58 024 6 000 0 7 0000 
26-APR-2015 12 48101 3 2 5 50 5 14 01 10 302 20 239 3 0000 4 0000 5 0000 6 000 0 7 03 2 2 8 3 9 3 1 333 10 340 58 000 6 000 0 7 0000 
26-APR-2015 12 48103 3 2 4 40 6 14 05 10 257 20 215 3 0000 4 0114 5 0000 6 000 0 7 00 0 0 8 4 8 3 0 333 10 346 58 029 6 000 0 7 0000 
26-APR-2015 12 48107 2 1 3 40 7 13 03 10 240 20 226 3 0000 4 0000 5 0000 6 000 0 7 01 9 6 8 5 9 7 0 333 10 333 58 009 6 010 2 7 0000 
26-APR-2015 12 48108 2 1 4 95 7 32 01 10 245 20 236 3 0000 4 0105 5 0000 6 000 0 7 29 9 5 8 3 9 7 6 333 10 365 59 002 6 015 2 7 0000 
26-APR-2015 12 48109 3 2 4 96 4 00 00 10 320 20 281 3 0000 4 0099 5 0000 6 000 0 7 00 0 0 8 4 9 0 0 333 10 362 58 006 6 000 0 7 0000 
26-APR-2015 12 48110 3 2 5 96 7 36 06 10 315 20 259 3 0000 4 0091 5 0000 6 000 0 7 00 0 0 8 3 9 0 6 333 10 375 59 008 6 000 0 7 0000 
26-APR-2015 12 48112 3 2 5 98 6 04 02 10 295 20 250 3 0000 4 0096 5 0000 6 000 0 7 01 2 2 8 2 2 1 6 333 10 340 58 006 6 000 0 7 0000 
