26-AUG-2015 12 48001 2 1 3 30 6 23 01 10 253 20 250 3 0000 4 0026 5 0000 6 000 0 7 95 9 9 8 8 9 / / 333 10 300 58 014 6 002 2 7 0000 
26-AUG-2015 12 48008 2 1 5 57 6 18 01 10 290 20 259 3 0000 4 0031 5 0000 6 000 0 7 01 9 6 8 3 9 7 0 333 10 343 58 025 6 023 2 7 0000 
26-AUG-2015 12 48010 3 2 5 50 7 18 01 10 295 20 266 3 0000 4 0016 5 0000 6 000 0 7 00 0 0 8 4 9 7 0 333 10 332 58 014 6 000 0 7 0000 
26-AUG-2015 12 48018 3 2 5 56 7 00 00 10 302 20 253 3 0000 4 0029 5 0000 6 000 0 7 00 0 0 8 4 8 7 0 333 10 326 58 028 6 000 0 7 0000 
26-AUG-2015 12 48019 3 2 4 56 4 00 00 10 302 20 257 3 0000 4 0020 5 0000 6 000 0 7 00 0 0 8 2 2 0 5 333 10 327 58 017 6 000 0 7 0000 
26-AUG-2015 12 48020 3 1 3 57 7 04 02 10 320 20 265 3 0000 4 0000 5 0000 6 000 0 7 03 9 9 8 5 9 3 0 333 10 355 58 000 6 000 0 7 0000 
26-AUG-2015 12 48025 3 2 4 56 6 00 00 10 315 20 267 3 0000 4 0018 5 0000 6 000 0 7 00 0 0 8 4 8 0 1 333 10 345 58 014 6 000 0 7 0000 
26-AUG-2015 12 48030 3 2 2 50 8 04 01 10 197 20 185 3 0000 4 0000 5 0000 6 000 0 7 00 0 0 8 6 8 4 / 333 10 251 58 000 6 000 0 7 0000 
26-AUG-2015 12 48031 3 1 / 03 9 22 01 10 266 20 185 3 0000 4 0000 5 0000 6 000 0 7 47 4 4 8 9 / / / 333 10 240 58 000 6 000 0 7 0000 
26-AUG-2015 12 48033 3 2 5 62 6 13 01 10 310 20 254 3 0000 4 0020 5 0000 6 000 0 7 00 0 0 8 4 9 0 6 333 10 340 58 009 6 000 0 7 0000 
26-AUG-2015 12 48034 3 2 4 56 7 18 01 10 250 20 212 3 0000 4 0000 5 0000 6 000 0 7 00 0 0 8 7 3 0 0 333 10 282 58 000 6 000 0 7 0000 
26-AUG-2015 12 48035 2 1 4 58 8 00 00 10 255 20 229 3 0000 4 0018 5 0000 6 000 0 7 03 6 6 8 5 9 7 / 333 10 316 58 016 6 011 2 7 0000 
26-AUG-2015 12 48037 3 2 5 58 5 14 01 10 333 20 244 3 0000 4 0009 5 0000 6 000 0 7 00 0 0 8 3 5 3 2 333 10 354 58 008 6 000 0 7 0000 
26-AUG-2015 12 48042 3 2 5 58 7 18 02 10 320 20 248 3 0000 4 0019 5 0000 6 000 0 7 00 0 0 8 5 9 5 0 333 10 353 58 020 6 000 0 7 0000 
26-AUG-2015 12 48048 2 1 5 50 7 22 01 10 297 20 239 3 0000 4 0016 5 0000 6 000 0 7 20 5 0 8 5 9 5 0 333 10 345 58 012 6 990 2 7 0000 
26-AUG-2015 12 48052 3 2 4 50 5 22 02 10 312 20 254 3 0000 4 0000 5 0000 6 000 0 7 00 0 0 8 5 9 0 0 333 10 340 58 000 6 000 0 7 0000 
26-AUG-2015 12 48053 3 2 4 56 7 18 01 10 310 20 254 3 0000 4 0029 5 0000 6 000 0 7 00 0 0 8 4 9 5 6 333 10 330 58 028 6 000 0 7 0000 
26-AUG-2015 12 48055 2 1 4 56 7 18 02 10 262 20 229 3 0000 4 0027 5 0000 6 000 0 7 02 6 6 8 4 9 0 6 333 10 309 58 026 6 007 2 7 0000 
26-AUG-2015 12 48060 2 2 3 30 7 00 00 10 262 20 246 3 0000 4 0021 5 0000 6 000 0 7 00 0 0 8 5 8 3 0 333 10 300 58 000 6 015 2 7 0000 
26-AUG-2015 12 48062 3 2 4 56 7 18 05 10 290 20 270 3 0000 4 0025 5 0000 6 000 0 7 02 2 2 8 5 9 7 0 333 10 320 58 017 6 000 0 7 0000 
26-AUG-2015 12 48064 3 2 4 50 7 04 01 10 291 20 259 3 0000 4 0018 5 0000 6 000 0 7 00 0 0 8 4 8 3 1 333 10 330 58 023 6 000 0 7 0000 
26-AUG-2015 12 48065 3 2 4 50 7 04 02 10 280 20 268 3 0000 4 0000 5 0000 6 000 0 7 00 0 0 8 4 5 7 1 333 10 317 58 000 6 000 0 7 0000 
26-AUG-2015 12 48071 2 2 4 56 8 23 02 10 282 20 259 3 0000 4 0038 5 0000 6 000 0 7 00 0 0 8 5 9 7 / 333 10 303 58 012 6 004 2 7 0000 
26-AUG-2015 12 48074 3 2 3 56 8 18 02 10 280 20 250 3 0000 4 0051 5 0000 6 000 0 7 00 0 0 8 6 9 7 / 333 10 335 58 019 6 000 0 7 0000 
26-AUG-2015 12 48075 2 2 4 56 6 00 00 10 260 20 229 3 0000 4 0059 5 0000 6 000 0 7 00 0 0 8 4 8 4 1 333 10 280 58 037 6 990 2 7 0000 
26-AUG-2015 12 48077 2 1 5 56 8 00 00 10 264 20 246 3 0000 4 0037 5 0000 6 000 0 7 02 6 6 8 5 9 7 0 333 10 310 58 019 6 024 2 7 0000 
26-AUG-2015 12 48078 2 1 5 50 8 18 03 10 273 20 254 3 0000 4 0062 5 0000 6 000 0 7 02 5 5 8 5 3 7 / 333 10 312 58 031 6 990 2 7 0000 
26-AUG-2015 12 48080 2 2 4 57 5 32 01 10 282 20 250 3 0000 4 0055 5 0000 6 000 0 7 00 0 0 8 3 8 7 0 333 10 302 58 027 6 005 2 7 0000 
26-AUG-2015 12 48085 2 1 3 56 8 14 02 10 272 20 256 3 0000 4 0046 5 0000 6 000 0 7 50 6 5 8 6 9 7 0 333 10 295 58 016 6 007 2 7 0000 
26-AUG-2015 12 48092 2 2 4 50 8 23 02 10 260 20 246 3 0000 4 0052 5 0000 6 000 0 7 02 5 5 8 6 9 7 / 333 10 275 58 024 6 008 2 7 0000 
26-AUG-2015 12 48094 2 2 4 56 6 00 00 10 270 20 265 3 0000 4 0054 5 0000 6 000 0 7 03 2 2 8 4 9 7 0 333 10 283 58 022 6 015 2 7 0000 
26-AUG-2015 12 48096 2 1 3 50 8 19 06 10 250 20 250 3 0000 4 0066 5 0000 6 000 0 7 60 6 5 8 6 9 7 / 333 10 270 58 022 6 000 0 7 0000 
26-AUG-2015 12 48097 2 1 4 56 8 15 02 10 245 20 245 3 0000 4 0073 5 0000 6 000 0 7 20 6 5 8 7 5 / / 333 10 280 58 025 6 009 2 7 0000 
26-AUG-2015 12 48099 2 1 2 20 8 04 02 10 250 20 250 3 0000 4 0074 5 0000 6 000 0 7 50 6 5 8 6 9 7 / 333 10 268 58 028 6 019 2 7 0000 
26-AUG-2015 12 48103 2 1 3 30 8 22 02 10 260 20 260 3 0000 4 0072 5 0000 6 000 0 7 50 5 5 8 6 7 2 / 333 10 295 58 023 6 023 2 7 0000 
26-AUG-2015 12 48107 3 2 3 30 7 23 01 10 270 20 256 3 0000 4 0079 5 0000 6 000 0 7 00 0 0 8 5 9 7 0 333 10 305 58 016 6 001 2 7 0000 
26-AUG-2015 12 48108 2 1 4 94 8 23 03 10 265 20 258 3 0000 4 0089 5 0000 6 000 0 7 50 5 5 8 6 3 2 / 333 10 285 58 013 6 008 2 7 0000 
26-AUG-2015 12 48109 2 1 4 94 8 23 02 10 260 20 246 3 0000 4 0059 5 0000 6 000 0 7 03 6 6 8 6 9 7 / 333 10 300 58 009 6 004 2 7 0000 
26-AUG-2015 12 48110 2 1 4 95 8 00 00 10 255 20 239 3 0000 4 0098 5 0000 6 000 0 7 03 2 2 8 5 3 7 7 333 10 290 58 012 6 016 2 7 0000 
26-AUG-2015 12 48112 3 2 5 97 6 27 01 10 280 20 268 3 0000 4 0093 5 0000 6 000 0 7 02 2 2 8 4 8 7 6 333 10 312 59 001 6 000 0 7 0000 
