26-AUG-2015 09 48001 3 2 4 40 7 36 01 10 295 20 265 3 0000 4 0021 5 0000 6 000 0 7 00 0 0 8 4 9 7 0 333 10 /// 58 000 6 000 0 7 0000 
26-AUG-2015 09 48004 3 2 4 58 5 04 01 10 304 20 266 3 0000 4 0000 5 0000 6 000 0 7 00 0 0 8 5 9 0 0 333 10 /// 58 000 6 000 0 7 0000 
26-AUG-2015 09 48008 3 2 5 57 7 18 01 10 335 20 257 3 0000 4 0035 5 0000 6 000 0 7 00 0 0 8 4 9 7 0 333 10 /// 58 024 6 000 0 7 0000 
26-AUG-2015 09 48010 3 2 5 60 4 00 00 10 328 20 275 3 0000 4 0025 5 0000 6 000 0 7 00 0 0 8 2 8 3 1 333 10 /// 58 010 6 000 0 7 0000 
26-AUG-2015 09 48018 3 2 5 58 7 23 01 10 320 20 248 3 0000 4 0037 5 0000 6 000 0 7 00 0 0 8 4 8 7 0 333 10 /// 58 024 6 000 0 7 0000 
26-AUG-2015 09 48019 3 2 4 60 6 27 01 10 320 20 265 3 0000 4 0028 5 0000 6 000 0 7 00 0 0 8 2 2 6 0 333 10 /// 58 016 6 000 0 7 0000 
26-AUG-2015 09 48020 3 1 3 60 5 04 04 10 340 20 288 3 0000 4 0000 5 0000 6 000 0 7 00 0 0 8 4 8 4 0 333 10 /// 58 000 6 000 0 7 0000 
26-AUG-2015 09 48025 3 2 4 56 8 04 01 10 337 20 270 3 0000 4 0028 5 0000 6 000 0 7 00 0 0 8 4 8 7 0 333 10 /// 58 003 6 000 0 7 0000 
26-AUG-2015 09 48030 3 2 2 56 8 04 02 10 223 20 185 3 0000 4 0000 5 0000 6 000 0 7 00 0 0 8 6 8 4 / 333 10 /// 58 000 6 000 0 7 0000 
26-AUG-2015 09 48031 3 1 / 05 9 14 01 10 235 20 209 3 0000 4 0000 5 0000 6 000 0 7 47 4 4 8 9 / / / 333 10 /// 58 000 6 000 0 7 0000 
26-AUG-2015 09 48033 3 2 5 63 6 18 01 10 340 20 257 3 0000 4 0012 5 0000 6 000 0 7 00 0 0 8 5 9 3 0 333 10 /// 58 000 6 000 0 7 0000 
26-AUG-2015 09 48034 3 2 4 57 6 23 02 10 263 20 215 3 0000 4 0000 5 0000 6 000 0 7 00 0 0 8 6 3 0 0 333 10 /// 58 000 6 000 0 7 0000 
26-AUG-2015 09 48035 3 2 5 60 7 22 03 10 306 20 225 3 0000 4 0007 5 0000 6 000 0 7 00 0 0 8 5 9 6 0 333 10 /// 59 007 6 000 0 7 0000 
26-AUG-2015 09 48037 3 2 5 60 7 18 02 10 345 20 266 3 0000 4 0012 5 0000 6 000 0 7 00 0 0 8 3 8 3 1 333 10 /// 58 001 6 000 0 7 0000 
26-AUG-2015 09 48039 2 1 4 60 8 00 00 10 310 20 267 3 0000 4 0000 5 0000 6 000 0 7 03 5 5 8 5 9 6 0 333 10 /// 58 000 6 000 0 7 0000 
26-AUG-2015 09 48042 3 2 5 58 8 18 02 10 327 20 258 3 0000 4 0017 5 0000 6 000 0 7 00 0 0 8 5 9 7 / 333 10 /// 58 012 6 000 0 7 0000 
26-AUG-2015 09 48043 3 2 5 56 8 32 07 10 230 20 230 3 0000 4 0000 5 0000 6 000 0 7 00 0 0 8 5 8 7 / 333 10 /// 58 000 6 000 0 7 0000 
26-AUG-2015 09 48045 3 2 9 07 9 18 09 10 239 20 209 3 0000 4 0000 5 0000 6 000 0 7 43 4 4 8 9 / / / 333 10 /// 58 000 6 000 0 7 0000 
26-AUG-2015 09 48048 3 2 5 60 6 22 01 10 340 20 257 3 0000 4 0028 5 0000 6 000 0 7 00 0 0 8 4 8 5 0 333 10 /// 58 009 6 000 0 7 0000 
26-AUG-2015 09 48052 3 2 4 68 5 22 02 10 338 20 257 3 0000 4 0000 5 0000 6 000 0 7 00 0 0 8 5 9 0 0 333 10 /// 58 000 6 000 0 7 0000 
26-AUG-2015 09 48053 3 2 4 58 7 18 02 10 330 20 244 3 0000 4 0051 5 0000 6 000 0 7 00 0 0 8 4 9 5 6 333 10 /// 58 040 6 000 0 7 0000 
26-AUG-2015 09 48055 2 1 4 40 7 22 04 10 248 20 233 3 0000 4 0039 5 0000 6 000 0 7 60 6 6 8 4 9 7 0 333 10 /// 58 030 6 000 0 7 0000 
26-AUG-2015 09 48057 3 2 4 58 7 14 01 10 240 20 209 3 0000 4 0000 5 0000 6 000 0 7 00 0 0 8 5 9 5 1 333 10 /// 58 000 6 000 0 7 0000 
26-AUG-2015 09 48060 2 1 3 40 7 00 00 10 266 20 235 3 0000 4 0010 5 0000 6 000 0 7 02 5 0 8 5 8 7 0 333 10 /// 59 010 6 000 0 7 0000 
26-AUG-2015 09 48062 3 2 4 58 8 18 08 10 310 20 280 3 0000 4 0065 5 0000 6 000 0 7 02 2 2 8 5 9 7 0 333 10 /// 58 009 6 000 0 7 0000 
26-AUG-2015 09 48064 3 2 4 60 6 04 01 10 310 20 254 3 0000 4 0021 5 0000 6 000 0 7 00 0 0 8 4 8 3 1 333 10 /// 58 011 6 000 0 7 0000 
26-AUG-2015 09 48065 3 2 5 56 6 32 02 10 310 20 262 3 0000 4 0000 5 0000 6 000 0 7 00 0 0 8 3 8 7 0 333 10 /// 58 000 6 000 0 7 0000 
26-AUG-2015 09 48071 2 1 4 58 6 23 04 10 300 20 266 3 0000 4 0036 5 0000 6 000 0 7 21 6 2 8 4 9 7 0 333 10 /// 58 018 6 000 0 7 0000 
26-AUG-2015 09 48072 2 2 4 60 7 04 01 10 280 20 268 3 0000 4 0000 5 0000 6 000 0 7 01 2 2 8 5 9 7 0 333 10 /// 58 000 6 000 0 7 0000 
26-AUG-2015 09 48074 3 2 5 61 6 04 03 10 330 20 258 3 0000 4 0049 5 0000 6 000 0 7 00 0 0 8 3 3 0 2 333 10 /// 58 025 6 000 0 7 0000 
26-AUG-2015 09 48075 2 2 4 57 7 14 01 10 272 20 211 3 0000 4 0048 5 0000 6 000 0 7 00 0 0 8 5 3 6 0 333 10 /// 58 025 6 000 0 7 0000 
26-AUG-2015 09 48077 2 1 4 56 8 23 06 10 264 20 246 3 0000 4 0037 5 0000 6 000 0 7 61 6 6 8 5 9 7 0 333 10 /// 58 016 6 000 0 7 0000 
26-AUG-2015 09 48078 3 2 5 58 8 18 03 10 294 20 250 3 0000 4 0056 5 0000 6 000 0 7 00 0 0 8 5 3 7 / 333 10 /// 58 024 6 000 0 7 0000 
26-AUG-2015 09 48080 2 1 4 58 7 22 01 10 293 20 248 3 0000 4 0046 5 0000 6 000 0 7 01 6 5 8 5 8 7 0 333 10 /// 58 015 6 000 0 7 0000 
26-AUG-2015 09 48085 2 1 4 57 8 14 02 10 290 20 259 3 0000 4 0046 5 0000 6 000 0 7 50 6 5 8 5 7 7 0 333 10 /// 58 018 6 000 0 7 0000 
26-AUG-2015 09 48087 2 2 4 56 8 00 00 10 280 20 268 3 0000 4 0000 5 0000 6 000 0 7 03 2 2 8 5 9 7 / 333 10 /// 58 000 6 000 0 7 0000 
26-AUG-2015 09 48092 2 1 4 58 8 23 03 10 260 20 253 3 0000 4 0041 5 0000 6 000 0 7 02 5 5 8 5 9 7 / 333 10 /// 58 019 6 000 0 7 0000 
26-AUG-2015 09 48093 2 1 4 56 8 32 01 10 260 20 246 3 0000 4 0000 5 0000 6 000 0 7 02 5 5 8 6 3 7 / 333 10 /// 58 000 6 000 0 7 0000 
26-AUG-2015 09 48094 2 1 4 58 8 18 02 10 255 20 255 3 0000 4 0056 5 0000 6 000 0 7 21 6 6 8 5 9 7 / 333 10 /// 58 025 6 000 0 7 0000 
26-AUG-2015 09 48095 2 1 4 58 8 00 00 10 265 20 265 3 0000 4 0000 5 0000 6 000 0 7 50 5 5 8 4 9 7 0 333 10 /// 58 000 6 000 0 7 0000 
26-AUG-2015 09 48096 2 1 4 57 8 24 06 10 260 20 246 3 0000 4 0063 5 0000 6 000 0 7 21 6 5 8 6 9 7 / 333 10 /// 58 024 6 000 0 7 0000 
26-AUG-2015 09 48097 2 1 4 57 8 23 02 10 260 20 253 3 0000 4 0072 5 0000 6 000 0 7 02 6 5 8 5 5 5 / 333 10 /// 58 023 6 000 0 7 0000 
26-AUG-2015 09 48099 2 1 3 30 8 13 01 10 250 20 250 3 0000 4 0076 5 0000 6 000 0 7 51 6 5 8 6 9 7 / 333 10 /// 58 028 6 000 0 7 0000 
26-AUG-2015 09 48101 2 1 5 58 7 00 00 10 265 20 265 3 0000 4 0000 5 0000 6 000 0 7 51 6 5 8 5 9 2 0 333 10 /// 58 000 6 000 0 7 0000 
26-AUG-2015 09 48103 2 1 3 56 8 22 02 10 257 20 246 3 0073 4 0266 5 0000 6 000 0 7 00 0 0 8 6 7 7 0 333 10 /// 58 034 6 000 0 7 0000 
26-AUG-2015 09 48107 3 2 3 50 6 23 01 10 300 20 253 3 0000 4 0074 5 0000 6 000 0 7 00 0 0 8 4 9 7 0 333 10 /// 58 018 6 000 0 7 0000 
26-AUG-2015 09 48108 2 2 4 94 8 23 05 10 280 20 250 3 0000 4 0089 5 0000 6 000 0 7 00 0 0 8 5 3 7 7 333 10 /// 58 025 6 000 0 7 0000 
26-AUG-2015 09 48110 2 1 4 95 8 23 01 10 260 20 246 3 0000 4 0099 5 0000 6 000 0 7 51 6 5 8 6 3 7 7 333 10 /// 58 019 6 000 0 7 0000 
26-AUG-2015 09 48112 3 2 5 97 8 27 02 10 310 20 267 3 0000 4 0088 5 0000 6 000 0 7 00 0 0 8 3 8 7 6 333 10 /// 59 006 6 000 0 7 0000 
