48001 32440 70401 10280 20250 40044 8477/ 333 56739 58002=
48004 32560 50402 10280 20268 85900 333 56500=
48008 32550 60000 10315 20265 40055 83970 333 56430 58023=
48010 32560 40000 10315 20281 40054 82831 333 56559 58018=
48018 32558 72301 10305 20253 40049 84870 333 56450 58003=
48019 32457 72302 10316 20265 40046 84760 333 56560 58007=
48020 32360 40902 10335 20280 84300 333 56500=
48025 32456 61401 10327 20258 40062 84870 333 56450 58025=
48035 32560 60000 10287 20230 40025 84960 333 56590 59011=
48037 32560 71801 10330 20244 40043 85330 333 56440 58009=
48042 32558 61803 10350 20237 40037 84850 333 56440 58001=
48045 21005 91403 10212 20212 75054 89/// 333 56999=
48048 32560 72201 10325 20236 40052 85950 333 56490 58008=
48051 32560 61303 10330 20280 84930 333 56390=
48053 32458 71804 10320 20236 40053 84956 333 56499 58003=
48060 21340 70000 10295 20227 40028 76122 85930 333 56690 58004=
48062 32457 71306 10315 20290 40047 70322 85970 333 56490 58010=
48071 21458 82304 10275 20268 40053 76066 8697/ 333 5659/ 58013=
48075 21457 71401 10260 20229 40084 70252 85370 333 56590 58041=
48077 21559 72301 10297 20253 40047 70166 85931 333 56499 58007=
48078 32558 41802 10310 20237 40073 83501 333 56409 58015=
48080 21459 82206 10260 20246 40068 75065 86870 333 56490 58021=
48085 32457 82203 10294 20248 40064 86370 333 56490 58019=
48095 21458 82202 10260 20260 75055 84970 333 56990=
48108 21494 81402 10265 20258 40105 75055 85377 333 56699 58027=
48109 32497 62303 10294 20259 40079 84970 333 56990 58007=
48110 32495 82303 10290 20248 40109 85377 333 56699 58014=
48112 32597 82202 10280 20268 40115 70222 84876 333 56599 58003=
48030 NIL=
48072 21459 81804 10280 20268 75055 86970 333 56590=
48087 21456 72302 10286 20259 70355 84970 333 56490=
48099 21330 82304 10243 20243 40083 75165 8697/ 333 5659/ 58027=
48101 21458 80000 10263 20263 70265 8597/ 333 5699/=
48103 21350 82202 10298 20266 40076 70255 86770 333 56550 58013=
48057 32458 72201 10240 20191 85950 333 56490=
48094 32458 80000 10275 20255 40068 86940 333 56490 58014=
48097 21457 82302 10260 20246 40092 75065 873// 333 564// 58021=
48031 31/57 80000 10215 20185 70144 888// 333 56499=
48033 32563 41801 10320 20248 40045 84800 333 56900 58010=
48034 32457 51802 10256 20215 85300 333 56500=
48039 32460 51402 10330 20244 85200 333 56400=
48043 22556 83205 10235 20226 8587/ 333 56599=
48052 32468 52201 10305 20254 85900 333 56900=
48055 21456 71402 10277 20229 40042 70255 85931 333 56339 58006=
48064 32560 60401 10329 20258 40050 83831 333 56449 58023=
48065 32450 72301 10320 20281 85370 333 56590=
48074 32460 62302 10310 20267 40069 84802 333 56409 58019=
48092 21456 80000 10260 20253 40068 75066 8697/ 333 5649/ 58038=
48093 21456 81802 10253 20250 76166 8697/ 333 56999=
48107 32350 72301 10280 20268 40089 85970 333 56550 58016=
48096 21456 81703 10260 20246 40082 72166 8697/ 333 5649/ 58021=  