260300 48001 31902 90000 10053 20050 40218 74544 333 59003=
260300 48004 31558 13201 10110 20091 70144 81100 333 56900=
260300 48008 21450 20000 10150 20134 40197 74244 82200 333 56100 59008=
260300 48010 31030 00000 10135 20124 40203 74044 333 59005=
260300 48018 22940 03201 10135 20130 40192 71044 333 59008=
260300 48019 32958 00000 10160 20123 40181 333 59015=
260300 48020 31/20 90000 10150 20134 74344 333=
260300 48030 31/20 90402 10090 20090 74344 333=
260300 48031 32957 02201 10130 20067 333=
260300 48034 31956 01401 10130 20086 71000 333=
260300 48035 31/01 90000 10134 20130 40179 74744 333 59012=
260300 48037 32956 02301 10165 20144 40179 333 59009=
260300 48039 31940 30401 10190 20159 74044 80002 333 56009=
260300 48042 31940 00000 10190 20159 40166 71044 333 59015=
260300 48043 32056 00000 10140 20124 333=
260300 48045 31556 21402 10120 20102 70144 82600 333 56300=
260300 48048 31958 00401 10177 20147 40174 71044 333 59010=
260300 48051 32958 03601 10200 20170 333=
260300 48052 31956 03602 10200 20150 70511 333=
260300 48053 31540 33602 10190 20159 40172 71011 82550 333 56690 59002=
260300 48055 32956 03603 10139 20116 40183 333 59017=
260300 48057 32956 01401 10192 20118 333=
260300 48060 31/10 90000 10134 20113 40211 74744 333 59001=
260300 48062 32456 20000 10200 20170 40154 82500 333 56900 59004=
260300 48064 32958 01401 10195 20168 40175 333 59003=
260300 48065 32956 00403 10200 20159 333=
260300 48071 32958 03202 10243 20226 40161 333 58000=
260300 48072 31959 00402 10250 20219 70500 333=
260300 48074 32958 00404 10200 20150 40170 333 59008=
260300 48075 31957 00401 10180 20129 40190 70144 333 58024=
260300 48107 32350 40401 10282 20233 40131 84900 333 56300 58001=  
260300 48108 32596 30503 10280 20233 40145 81406 333 56909 59006=
260300 48109 32497 70401 10280 20233 40148 85970 333 56990 58000=
260300 48110 31596 41302 10295 20234 40140 70522 81106 333 56909 59003=
260300 48112 32598 60405 10287 20259 40130 82216 333 56199 59002=
