260900 48004 32562 12202 10224 20136 70211 81100 333 56900=
260900 48008 32556 10000 10237 20114 40147 81100 333 56900 59010=
260900 48010 32060 00000 10245 20155 40155 333 59004=
260900 48018 32959 03201 10260 20138 40143 333 59012=
260900 48019 32960 00402 10240 20209 40143 333 59007=
260900 48020 32/58 00402 10230 20143 333 56000=
260900 48025 32440 30402 10233 20143 40158 83800 333 56500 59004=
260900 48030 32256 00402 10144 20082 333 56000=
260900 48031 32960 01801 10175 20056 333 56000=
260900 48034 32456 11801 10248 20111 81500 333 56500=
260900 48035 31958 00403 10247 20105 40101 70500 333 59012=
260900 48037 32960 02701 10267 20133 40129 333 58003=
260900 48039 32958 32201 10255 20179 80002 333 56009=
260900 48042 32556 10000 10273 20172 40128 81100 333 56900 58002=
260900 48043 32058 01805 10230 20163 333 56000=
260900 48045 32557 42303 10178 20129 84600 333 56500=
260900 48048 32960 00401 10282 20146 40132 333 59003=
260900 48051 32960 03601 10286 20180 333=
260900 48052 32958 03604 10303 20158 70222 333 56000=
260900 48053 32956 03604 10290 20159 40131 333 59005=
260900 48055 32556 32705 10278 20146 40089 83800 333 56500 59015=
260900 48057 32457 22202 10232 20097 82800 333 56500=
260900 48060 32440 32202 10272 20133 40103 82130 333 56440 59026=
260900 48062 32457 23203 10292 20240 40131 82500 333 56900 58011=
260900 48064 32960 00000 10250 20167 40120 70211 333 56000=
260900 48065 32960 00000 10293 20128 70211 333 56000=
260900 48071 32958 03205 10270 20226 40130 333 58010=
260900 48072 32960 02706 10300 20223 333=
260900 48074 32958 03601 10313 20189 40130 333 58001=
260900 48075 32458 30405 10300 20124 40097 83200 333 56500 59005=
260900 48077 32959 00000 10318 20184 40120 333 58002=
260900 48078 32958 12702 10309 20196 40126 80001 333 56009 58009=
260900 48080 32960 02203 10310 20225 40121 333 58005=
260900 48085 32458 23204 10302 20223 40116 81806 333 56909 59002=
260900 48092 31457 53601 10325 20178 40096 70522 85800 333 56900 58003=
260900 48093 32558 40402 10328 20224 83801 333 56109=
260900 48094 32460 53202 10325 20225 40122 84940 333 56990 58004=
260900 48095 32458 50401 10300 20185 84840 333 56990=
260900 48096 32558 63404 10320 20200 40117 83830 333 56990 58003=  
260900 48097 32557 53601 10325 20192 40125 82850 333 56990 59000=
260900 48099 32558 42701 10325 20236 40104 84900 333 56500 58000=
260900 48101 32760 23601 10310 20203 80031 333 56099=
260900 48103 32456 42203 10347 20237 40104 84700 333 56500 58004=
260900 48107 32340 42302 10332 20244 40106 84900 333 56300 58011=
260900 48108 32596 72303 10330 20244 40118 84376 333 56699 58017=
260900 48110 31596 31303 10345 20212 40103 70511 82305 333 56209 58002=
260900 48112 32598 50412 10335 20275 40095 81116 333 56199 58003=
