26-FEB-2015 12 48001 2 1 4 50 8 00 00 10 180 20 175 3 0000 4 0111 5 0000 6 000 0 7 03 2 2 8 4 9 7 / 333 10 188 58 017 6 000 2 7 0000 
26-FEB-2015 12 48008 3 1 5 40 6 00 00 10 292 20 196 3 0000 4 0064 5 0000 6 000 0 7 10 4 4 8 3 9 7 0 333 10 325 59 012 6 000 2 7 0000 
26-FEB-2015 12 48010 3 1 0 40 0 00 00 10 295 20 239 3 0000 4 0049 5 0000 6 000 0 7 05 4 4 8 0 0 0 0 333 10 332 59 028 6 000 2 7 0000 
26-FEB-2015 12 48018 3 1 9 56 0 00 00 10 305 20 185 3 0000 4 0061 5 0000 6 000 0 7 10 4 4 8 0 0 0 0 333 10 338 59 013 6 000 2 7 0000 
26-FEB-2015 12 48019 3 2 9 40 0 00 00 10 270 20 256 3 0000 4 0059 5 0000 6 000 0 7 00 0 0 8 0 0 0 0 333 10 334 59 010 6 000 2 7 0000 
26-FEB-2015 12 48025 3 1 4 56 1 22 01 10 334 20 151 3 0000 4 0046 5 0000 6 000 0 7 05 4 4 8 1 5 0 0 333 10 355 59 016 6 000 2 7 0000 
26-FEB-2015 12 48033 3 2 9 62 0 00 00 10 330 20 191 3 0000 4 0064 5 0000 6 000 0 7 00 0 0 8 0 0 0 0 333 10 356 58 002 6 000 2 7 0000 
26-FEB-2015 12 48035 3 1 5 40 2 00 00 10 256 20 160 3 0000 4 0049 5 0000 6 000 0 7 05 0 0 8 2 8 0 0 333 10 306 59 009 6 000 2 7 0000 
26-FEB-2015 12 48037 3 1 9 56 0 00 00 10 330 20 191 3 0000 4 0046 5 0000 6 000 0 7 05 4 4 8 0 0 0 0 333 10 370 59 011 6 000 2 7 0000 
26-FEB-2015 12 48042 3 2 9 58 0 00 00 10 335 20 184 3 0000 4 0040 5 0000 6 000 0 7 00 0 0 8 0 0 0 0 333 10 375 59 021 6 000 2 7 0000 
26-FEB-2015 12 48048 3 2 9 50 0 22 01 10 345 20 164 3 0000 4 0050 5 0000 6 000 0 7 00 0 0 8 0 0 0 0 333 10 378 59 017 6 000 2 7 0000 
26-FEB-2015 12 48053 3 2 9 50 0 18 01 10 330 20 172 3 0000 4 0058 5 0000 6 000 0 7 00 0 0 8 0 0 0 0 333 10 360 58 014 6 000 2 7 0000 
26-FEB-2015 12 48055 3 1 9 56 0 18 02 10 281 20 126 3 0000 4 0049 5 0000 6 000 0 7 05 0 0 8 0 0 0 0 333 10 322 58 002 6 000 2 7 0000 
26-FEB-2015 12 48060 3 2 9 30 0 00 00 10 265 20 108 3 0000 4 0069 5 0000 6 000 0 7 00 0 0 8 0 0 0 0 333 10 320 59 011 6 000 2 7 0000 
26-FEB-2015 12 48062 3 2 5 56 2 27 05 10 270 20 240 3 0000 4 0092 5 0000 6 000 0 7 02 2 2 8 2 2 0 0 333 10 295 58 002 6 000 2 7 0000 
26-FEB-2015 12 48064 3 2 9 50 0 14 01 10 330 20 212 3 0000 4 0050 5 0000 6 000 0 7 00 0 0 8 0 0 0 0 333 10 377 59 002 6 000 2 7 0000 
26-FEB-2015 12 48071 3 2 9 56 0 32 03 10 270 20 226 3 0000 4 0096 5 0000 6 000 0 7 00 0 0 8 0 0 0 0 333 10 300 58 000 6 000 2 7 0000 
26-FEB-2015 12 48074 3 2 9 57 0 00 00 10 310 20 169 3 0000 4 0085 5 0000 6 000 0 7 00 0 0 8 0 0 0 0 333 10 360 58 011 6 000 2 7 0000 
26-FEB-2015 12 48075 3 1 9 56 0 22 01 10 275 20 120 3 0000 4 0067 5 0000 6 000 0 7 05 1 1 8 0 0 0 0 333 10 320 58 002 6 000 2 7 0000 
26-FEB-2015 12 48077 3 2 9 56 0 23 01 10 330 20 126 3 0000 4 0065 5 0000 6 000 0 7 00 0 0 8 0 0 0 0 333 10 368 59 002 6 000 2 7 0000 
26-FEB-2015 12 48078 3 2 9 56 1 00 00 10 312 20 146 3 0000 4 0080 5 0000 6 000 0 7 00 0 0 8 0 0 0 1 333 10 362 58 003 6 000 2 7 0000 
26-FEB-2015 12 48080 3 2 9 57 0 22 01 10 275 20 233 3 0000 4 0094 5 0000 6 000 0 7 00 0 0 8 0 0 0 0 333 10 320 59 004 6 000 2 7 0000 
26-FEB-2015 12 48085 3 2 4 56 4 32 04 10 262 20 215 3 0000 4 0053 5 0000 6 000 0 7 00 0 0 8 4 8 0 0 333 10 298 58 000 6 000 2 7 0000 
26-FEB-2015 12 48092 3 1 9 56 0 23 01 10 300 20 124 3 0000 4 0072 5 0000 6 000 0 7 05 0 0 8 0 0 0 0 333 10 355 58 007 6 000 2 7 0000 
26-FEB-2015 12 48094 3 2 9 56 0 00 00 10 280 20 200 3 0000 4 0092 5 0000 6 000 0 7 00 0 0 8 0 0 0 0 333 10 355 58 004 6 000 2 7 0000 
26-FEB-2015 12 48097 3 2 9 56 0 13 02 10 290 20 140 3 0000 4 0107 5 0000 6 000 0 7 00 0 0 8 0 0 0 0 333 10 358 58 003 6 000 2 7 0000 
26-FEB-2015 12 48099 3 2 4 50 1 27 01 10 308 20 189 3 0000 4 0075 5 0000 6 000 0 7 00 0 0 8 1 5 0 0 333 10 355 58 000 6 000 2 7 0000 
26-FEB-2015 12 48103 3 2 9 50 0 00 00 10 296 20 185 3 0000 4 0080 5 0000 6 000 0 7 00 0 0 8 0 0 0 0 333 10 363 59 007 6 000 2 7 0000 
26-FEB-2015 12 48107 3 2 9 40 0 00 00 10 280 20 220 3 0000 4 0088 5 0000 6 000 0 7 00 0 0 8 0 0 0 0 333 10 350 59 003 6 000 2 7 0000 
26-FEB-2015 12 48108 3 2 5 96 3 32 01 10 310 20 214 3 0000 4 0090 5 0000 6 000 0 7 00 0 0 8 2 4 0 6 333 10 350 59 006 6 000 2 7 0000 
26-FEB-2015 12 48109 3 2 9 97 0 00 00 10 280 20 250 3 0000 4 0100 5 0000 6 000 0 7 02 2 2 8 0 0 0 0 333 10 320 59 002 6 000 2 7 0000 
26-FEB-2015 12 48110 3 1 5 95 4 32 05 10 290 20 230 3 0000 4 0091 5 0000 6 000 0 7 05 2 2 8 1 3 0 6 333 10 330 58 000 6 000 2 7 0000 
26-FEB-2015 12 48112 3 2 5 98 6 32 03 10 303 20 239 3 0000 4 0085 5 0000 6 000 0 7 01 2 2 8 2 2 1 6 333 10 336 59 007 6 000 2 7 0000 
