26-FEB-2015 18 48008 3 1 5 10 6 00 00 10 230 20 181 3 0000 4 0079 5 0000 6 000 0 7 10 4 4 8 3 9 7 0 333 10 /// 58 004 6 000 0 7 0000 
26-FEB-2015 18 48010 3 1 5 01 4 00 00 10 230 20 214 3 0000 4 0088 5 0000 6 000 0 7 03 4 4 8 2 8 3 0 333 10 /// 59 014 6 000 0 7 0000 
26-FEB-2015 18 48018 3 2 9 10 0 00 00 10 225 20 173 3 0000 4 0091 5 0000 6 000 0 7 00 0 0 8 0 0 0 0 333 10 /// 59 013 6 000 0 7 0000 
26-FEB-2015 18 48025 3 2 4 05 3 27 01 10 250 20 167 3 0000 4 0083 5 0000 6 000 0 7 00 0 0 8 3 5 0 0 333 10 /// 59 009 6 000 0 7 0000 
26-FEB-2015 18 48042 3 2 9 50 0 00 00 10 240 20 174 3 0000 4 0082 5 0000 6 000 0 7 00 0 0 8 0 0 0 0 333 10 /// 58 003 6 000 0 7 0000 
26-FEB-2015 18 48053 3 2 9 40 0 18 02 10 240 20 114 3 0000 4 0103 5 0000 6 000 0 7 00 0 0 8 0 0 0 0 333 10 /// 58 009 6 000 0 7 0000 
26-FEB-2015 18 48057 3 2 9 39 0 14 01 10 180 20 129 3 0000 4 0000 5 0000 6 000 0 7 00 0 0 8 0 0 0 0 333 10 /// 58 000 6 000 0 7 0000 
26-FEB-2015 18 48060 3 2 9 10 0 00 00 10 125 20 108 3 0000 4 0124 5 0000 6 000 0 7 00 0 0 8 0 0 0 0 333 10 /// 59 010 6 000 0 7 0000 
26-FEB-2015 18 48062 3 1 5 40 2 00 00 10 210 20 210 3 0000 4 0111 5 0000 6 000 0 7 10 0 0 8 2 5 0 0 333 10 /// 59 002 6 000 0 7 0000 
26-FEB-2015 18 48071 3 2 9 20 0 00 00 10 245 20 219 3 0000 4 0098 5 0000 6 000 0 7 00 0 0 8 0 0 0 0 333 10 /// 59 015 6 000 0 7 0000 
26-FEB-2015 18 48078 3 2 9 40 1 00 00 10 212 20 143 3 0000 4 0104 5 0000 6 000 0 7 00 0 0 8 0 0 0 1 333 10 /// 58 001 6 000 0 7 0000 
26-FEB-2015 18 48080 3 2 4 50 7 00 00 10 192 20 159 3 0000 4 0118 5 0000 6 000 0 7 00 0 0 8 5 8 7 0 333 10 /// 59 006 6 000 0 7 0000 
26-FEB-2015 18 48094 3 2 9 50 0 00 00 10 215 20 205 3 0000 4 0110 5 0000 6 000 0 7 00 0 0 8 0 0 0 0 333 10 /// 58 002 6 000 0 7 0000 
26-FEB-2015 18 48097 3 2 9 56 0 18 01 10 215 20 174 3 0000 4 0113 5 0000 6 000 0 7 00 0 0 8 0 0 0 0 333 10 /// 58 005 6 000 0 7 0000 
26-FEB-2015 18 48099 3 1 3 20 1 04 01 10 215 20 195 3 0000 4 0100 5 0000 6 000 0 7 10 1 1 8 1 5 0 0 333 10 /// 58 003 6 000 0 7 0000 
26-FEB-2015 18 48103 3 2 9 10 0 04 01 10 237 20 174 3 0000 4 0096 5 0000 6 000 0 7 00 0 0 8 0 0 0 0 333 10 /// 58 002 6 000 0 7 0000 
26-FEB-2015 18 48108 3 2 9 59 3 09 01 10 260 20 203 3 0000 4 0107 5 0000 6 000 0 7 00 0 0 8 2 4 0 6 333 10 /// 59 009 6 000 0 7 0000 
26-FEB-2015 18 48109 3 2 9 95 0 00 00 10 235 20 191 3 0000 4 0105 5 0000 6 000 0 7 02 2 2 8 0 0 0 0 333 10 /// 59 000 6 000 0 7 0000 
26-FEB-2015 18 48110 3 1 5 94 3 36 01 10 265 20 227 3 0000 4 0106 5 0000 6 000 0 7 05 1 1 8 1 3 0 5 333 10 /// 59 004 6 000 0 7 0000 
26-FEB-2015 18 48112 3 2 5 97 7 04 03 10 262 20 215 3 0000 4 0100 5 0000 6 000 0 7 00 0 0 8 2 8 7 6 333 10 /// 58 004 6 000 0 7 0000 
