48008 31510 60000 10230 20181 40079 71044 83970 333 56560 58004=
48010 31501 40000 10230 20214 40088 70344 82830 333 56560 59014=
48018 32910 00000 10225 20173 40091 333 59013=
48025 32405 32701 10250 20167 40083 83500 333 56900 59009=
48042 32950 00000 10240 20174 40082 333 58003=
48053 32940 01802 10240 20114 40103 333 58009=
48057 32939 01401 10180 20129 333=
48060 32910 00000 10125 20108 40124 333 59010=
48062 31540 20000 10210 20210 40111 71000 82500 333 56900 59002=
48071 32920 00000 10245 20219 40098 333 59015=
48078 32940 10000 10212 20143 40104 80001 333 56009 58001=
48080 32450 70000 10192 20159 40118 85870 333 56690 59006=
48094 32950 00000 10215 20205 40110 333 58002=
48097 32956 01801 10215 20174 40113 333 58005=
48099 31320 10401 10215 20195 40100 71011 81500 333 56900 58003=
48103 32910 00401 10237 20174 40096 333 58002=
48108 32959 30901 10260 20203 40107 82406 333 56909 59009=
48109 32995 00000 10235 20191 40105 70222 333 59000=
48110 31594 33601 10265 20227 40106 70511 81305 333 56909 59004=
48112 32597 70403 10262 20215 40100 82876 333 56199 58004=  