261200 48001 21450 80000 10180 20175 40111 70322 8497/ 333 10188 56439 58017 60002=
261200 48004 31456 33201 10270 20211 70511 83800 333 10300 56500 60002=
261200 48008 31540 60000 10292 20196 40064 71044 83970 333 10325 56560 59012 60002=
261200 48010 31040 00000 10295 20239 40049 70544 333 10332 59028 60002=
261200 48018 31956 00000 10305 20185 40061 71044 333 10338 59013 60002=
261200 48019 32940 00000 10270 20256 40059 333 10334 59010 60002=
261200 48020 32350 10000 10300 20223 81200 333 10352 56900 60002=
261200 48025 31456 12201 10334 20151 40046 70544 81500 333 10355 56900 59016 60002=
261200 48030 31956 02202 10210 20051 70544 333 10237 60002=
261200 48031 31956 02201 10216 20016 70500 333 10254 60002=
261200 48033 32962 00000 10330 20191 40064 333 10356 58002 60002=
261200 48034 32956 00000 10230 20124 333 10290 60002=
261200 48035 31540 20000 10256 20160 40049 70500 82800 333 10306 56900 59009 60002=
261200 48037 31956 00000 10330 20191 40046 70544 333 10370 59011 60002=
261200 48039 32460 20000 10315 20184 82400 333 10364 56900 60002=
261200 48042 32958 00000 10335 20184 40040 333 10375 59021 60002=
261200 48043 32020 00000 10235 20114 333 10285 60002=
261200 48045 32958 01402 10240 20095 333 10283 60002=
261200 48048 32950 02201 10345 20164 40050 333 10378 59017 60002=
261200 48051 32559 23102 10300 20210 70111 82200 333 10346 56900 60002=
261200 48052 32950 02201 10352 20182 333 10385 60002=
261200 48053 32950 01801 10330 20172 40058 333 10360 58014 60002=
261200 48055 31956 01802 10281 20126 40049 70500 333 10322 58002 60002=
261200 48057 32958 01401 10230 20074 333 10276 60002=
261200 48060 32930 00000 10265 20108 40069 333 10320 59011 60002=
261200 48062 32556 22705 10270 20240 40092 70222 82200 333 10295 56600 58002 60002=
261200 48064 32950 01401 10330 20212 40050 333 10377 59002 60002=
261200 48065 32950 03204 10340 20164 333 10382 60002=
261200 48071 32956 03203 10270 20226 40096 333 10300 58000 60002=
261200 48074 32957 00000 10310 20169 40085 333 10360 58011 60002=
261200 48075 31956 02201 10275 20120 40067 70511 333 10320 58002 60002=
261200 48077 32956 02301 10330 20126 40065 333 10368 59002 60002=
261200 48078 32956 10000 10312 20146 40080 80001 333 10362 56009 58003 60002=
261200 48080 32957 02201 10275 20233 40094 333 10320 59004 60002=
261200 48085 32456 43204 10262 20215 40053 84800 333 10298 56700 58000 60002=
261200 48087 32940 10000 10296 20185 80001 333 10365 56009 60002=
261200 48092 31956 02301 10300 20124 40072 70500 333 10355 58007 60002=
261200 48093 32950 02301 10308 20146 333 10344 60002=
261200 48094 32956 00000 10280 20200 40092 333 10355 58004 60002=
261200 48095 32956 00402 10280 20203 333 10350 60002=
261200 48097 32956 01302 10290 20140 40107 333 10358 58003 60002=
261200 48099 32450 12701 10308 20189 40075 81500 333 10355 56900 58000 60002=
261200 48101 32956 00000 10263 20203 333 10334 60002=
261200 48103 32950 00000 10296 20185 40080 333 10363 59007 60002=
261200 48107 32940 00000 10280 20220 40088 333 10350 59003 60002=
261200 48108 32596 33201 10310 20214 40090 82406 333 10350 56909 59006 60002=
261200 48109 32997 00000 10280 20250 40100 70222 333 10320 59002 60002=
261200 48110 31595 43205 10290 20230 40091 70522 81306 333 10330 56909 58000 60002=
261200 48112 32598 63203 10303 20239 40085 70122 82216 333 10336 56799 59007 60002=  
