48001 NIL=
48004 31456 23201 10268 20172 70511 82800 333 56900=
48008 32557 21801 10285 20140 40098 82430 333 56560 59014=
48010 32060 01801 10285 20220 40096 333 59011=
48018 32960 03202 10295 20159 40098 333 59022=
48019 32960 03201 10288 20215 40069 333 59009=
48020 32958 03203 10320 20236 333=
48025 31950 00401 10324 20163 40093 70544 333 59019=
48030 31956 02204 10216 20035 70544 333=
48031 31260 21801 10240 20064 70500 82800 333 56900=
48033 32963 01801 10320 20215 40089 333 59022=
48034 32958 01802 10272 20085 333=
48035 31940 02703 10286 20092 40062 70500 333 59016=
48037 31958 03601 10324 20163 40090 70544 333 58003=
48039 31959 21401 10319 20163 70511 80002 333 56009=
48042 32957 02303 10345 20134 40081 333 59018=
48043 32058 03205 10270 20191 333=
48045 32962 01405 10253 20068 333=
48048 32960 01801 10335 20149 40094 333 59010=
48051 32959 03101 10314 20150 70200 333=
48052 32970 03202 10330 20126 333=
48053 31950 01805 10330 20126 40087 70500 333 59007=
48055 31956 01803 10295 20107 40064 70500 333 59007=
48057 32960 02202 10250 20105 333=
48060 32950 03601 10260 20134 40089 333 58001=
48062 32960 02706 10290 20240 40114 333 59003=
48064 32970 00401 10338 20184 40084 333 59004=
48065 32970 00000 10342 20145 333=
48071 32960 03202 10278 20220 40121 333 59002=
48072 32960 10402 10290 20215 70122 81200 333 56900=
48074 32960 01403 10326 20172 40107 333 59003=
48075 31957 01401 10285 20110 40095 70511 333 59012=
48077 32959 03202 10344 20125 40098 333 59002=
48078 32958 11801 10348 20143 40106 80001 333 56009 59001=
48080 32961 03207 10303 20207 40098 333 59003=
48085 31457 12703 10284 20220 40114 70500 81100 333 56700 59001=
48087 32960 00401 10350 20113=
48092 31957 01403 10330 20151 40087 70500 333 59003=
48093 32958 02301 10332 20172 70211=
48094 32960 03201 10330 20200 40113 333 59002=
48095 32960 00401 10310 20203=
48096 32058 02102 10320 20140 40124 333 58010=
48097 31557 32303 10330 20126 40126 70511 83400 333 56900 58017=
48099 32457 03202 10332 20172 40112 333 58005=
48101 NIL=
48103 32457 10401 10336 20184 40113 81500 333 56100 58012=
48107 32950 00401 10330 20191 40105 333 58008=
48108 31596 43203 10330 20191 40122 70322 81406 333 56909 58016=
48109 32997 00401 10302 20223 40129 70222 333 58004=
48110 31596 33205 10330 20244 40114 70511 82305 333 56409 58012=
48112 NIL=  48001 NIL=
48004 31456 23201 10268 20172 70511 82800 333 56900=
48008 32557 21801 10285 20140 40098 82430 333 56560 59014=
48010 32060 01801 10285 20220 40096 333 59011=
48018 32960 03202 10295 20159 40098 333 59022=
48019 32960 03201 10288 20215 40069 333 59009=
48020 32958 03203 10320 20236 333=
48025 31950 00401 10324 20163 40093 70544 333 59019=
48035 31940 02703 10286 20092 40062 70500 333 59016=
48037 31958 03601 10324 20163 40090 70544 333 58003=
48042 32957 02303 10345 20134 40081 333 59018=
48045 32962 01405 10253 20068 333=
48048 32960 01801 10335 20149 40094 333 59010=
48051 32959 03101 10314 20150 70200 333=
48053 31950 01805 10330 20126 40087 70500 333 59007=
48060 32950 03601 10260 20134 40089 333 58001=
48062 32960 02706 10290 20240 40114 333 59003=
48071 32960 03202 10278 20220 40121 333 59002=
48075 31957 01401 10285 20110 40095 70511 333 59012=
48077 32959 03202 10344 20125 40098 333 59002=
48078 32958 11801 10348 20143 40106 80001 333 56009 59001=
48080 32961 03207 10303 20207 40098 333 59003=
48085 31457 12703 10284 20220 40114 70500 81100 333 56700 59001=
48095 32960 00401 10310 20203=
48108 31596 43203 10330 20191 40122 70322 81406 333 56909 58016=
48109 32997 00401 10302 20223 40129 70222 333 58004=
48110 31596 33205 10330 20244 40114 70511 82305 333 56409 58012=
48112 NIL=
48030 31956 02204 10216 20035 70544 333=
48072 32960 10402 10290 20215 70122 81200 333 56900=
48087 32960 00401 10350 20113=
48099 32457 03202 10332 20172 40112 333 58005=
48101 NIL=
48103 32457 10401 10336 20184 40113 81500 333 56100 58012=
48057 32960 02202 10250 20105 333=
48094 32960 03201 10330 20200 40113 333 59002=
48097 31557 32303 10330 20126 40126 70511 83400 333 56900 58017=
48031 31260 21801 10240 20064 70500 82800 333 56900=
48033 32963 01801 10320 20215 40089 333 59022=
48034 32958 01802 10272 20085 333=
48039 31959 21401 10319 20163 70511 80002 333 56009=
48043 32058 03205 10270 20191 333=
48052 32970 03202 10330 20126 333=
48055 31956 01803 10295 20107 40064 70500 333 59007=
48064 32970 00401 10338 20184 40084 333 59004=
48065 32970 00000 10342 20145 333=
48074 32960 01403 10326 20172 40107 333 59003=
48092 31957 01403 10330 20151 40087 70500 333 59003=
48093 32958 02301 10332 20172 70211=
48107 32950 00401 10330 20191 40105 333 58008=  