26-FEB-2015 09 48001 3 1 4 50 8 09 01 10 180 20 175 3 0000 4 0126 5 0000 6 000 0 7 00 0 0 8 4 9 7 / 333 10 /// 58 009 6 000 0 7 0000 
26-FEB-2015 09 48004 3 1 4 56 3 04 01 10 297 20 185 3 0000 4 0000 5 0000 6 000 0 7 05 1 1 8 3 8 0 0 333 10 /// 58 000 6 000 0 7 0000 
26-FEB-2015 09 48008 3 2 5 57 4 14 01 10 316 20 163 3 0000 4 0064 5 0000 6 000 0 7 00 0 0 8 2 4 3 0 333 10 /// 59 015 6 000 0 7 0000 
26-FEB-2015 09 48010 3 2 5 60 2 18 01 10 330 20 234 3 0000 4 0058 5 0000 6 000 0 7 00 0 0 8 0 0 0 1 333 10 /// 59 010 6 000 0 7 0000 
26-FEB-2015 09 48018 3 2 9 60 0 14 02 10 332 20 172 3 0000 4 0071 5 0000 6 000 0 7 00 0 0 8 0 0 0 0 333 10 /// 59 013 6 000 0 7 0000 
26-FEB-2015 09 48019 3 2 9 60 0 23 01 10 330 20 234 3 0000 4 0061 5 0000 6 000 0 7 00 0 0 8 0 0 0 0 333 10 /// 59 008 6 000 0 7 0000 
26-FEB-2015 09 48025 3 1 4 56 1 36 01 10 351 20 158 3 0000 4 0057 5 0000 6 000 0 7 05 4 4 8 1 1 0 0 333 10 /// 59 011 6 000 0 7 0000 
26-FEB-2015 09 48030 3 1 2 56 1 22 02 10 232 20 016 3 0000 4 0000 5 0000 6 000 0 7 05 4 4 8 1 1 0 0 333 10 /// 58 000 6 000 0 7 0000 
26-FEB-2015 09 48031 3 1 2 57 6 04 01 10 250 20 046 3 0000 4 0000 5 0000 6 000 0 7 05 0 0 8 2 8 0 0 333 10 /// 58 000 6 000 0 7 0000 
26-FEB-2015 09 48033 3 2 9 63 0 18 01 10 350 20 240 3 0000 4 0033 5 0000 6 000 0 7 00 0 0 8 0 0 0 0 333 10 /// 59 022 6 000 0 7 0000 
26-FEB-2015 09 48034 3 2 9 58 0 23 01 10 288 20 092 3 0000 4 0000 5 0000 6 000 0 7 00 0 0 8 0 0 0 0 333 10 /// 58 000 6 000 0 7 0000 
26-FEB-2015 09 48035 3 1 9 40 0 27 03 10 302 20 069 3 0000 4 0030 5 0000 6 000 0 7 05 0 0 8 0 0 0 0 333 10 /// 59 013 6 000 0 7 0000 
26-FEB-2015 09 48037 3 1 9 60 0 36 01 10 370 20 148 3 0000 4 0054 5 0000 6 000 0 7 05 4 4 8 0 0 0 0 333 10 /// 59 005 6 000 0 7 0000 
26-FEB-2015 09 48039 3 2 9 59 2 14 01 10 350 20 113 3 0000 4 0000 5 0000 6 000 0 7 00 0 0 8 0 0 0 2 333 10 /// 58 000 6 000 0 7 0000 
26-FEB-2015 09 48042 3 2 9 58 0 18 02 10 370 20 096 3 0000 4 0045 5 0000 6 000 0 7 00 0 0 8 0 0 0 0 333 10 /// 59 016 6 000 0 7 0000 
26-FEB-2015 09 48043 3 2 0 58 0 32 05 10 285 20 146 3 0000 4 0000 5 0000 6 000 0 7 00 0 0 8 0 0 0 0 333 10 /// 58 000 6 000 0 7 0000 
26-FEB-2015 09 48045 3 2 9 60 0 18 05 10 268 20 113 3 0000 4 0000 5 0000 6 000 0 7 00 0 0 8 0 0 0 0 333 10 /// 58 000 6 000 0 7 0000 
26-FEB-2015 09 48048 3 2 9 62 0 22 02 10 373 20 215 3 0000 4 0057 5 0000 6 000 0 7 00 0 0 8 0 0 0 0 333 10 /// 59 007 6 000 0 7 0000 
26-FEB-2015 09 48051 3 2 5 59 3 31 02 10 340 20 160 3 0000 4 0000 5 0000 6 000 0 7 03 2 2 8 3 3 0 0 333 10 /// 58 000 6 000 0 7 0000 
26-FEB-2015 09 48052 3 2 9 70 0 22 05 10 380 20 150 3 0000 4 0000 5 0000 6 000 0 7 00 0 0 8 0 0 0 0 333 10 /// 58 000 6 000 0 7 0000 
26-FEB-2015 09 48053 3 2 9 56 0 18 05 10 360 20 132 3 0000 4 0053 5 0000 6 000 0 7 00 0 0 8 0 0 0 0 333 10 /// 59 004 6 000 0 7 0000 
26-FEB-2015 09 48055 3 1 9 56 0 18 07 10 320 20 116 3 0000 4 0025 5 0000 6 000 0 7 05 0 0 8 0 0 0 0 333 10 /// 59 007 6 000 0 7 0000 
26-FEB-2015 09 48057 3 2 9 60 0 18 03 10 270 20 133 3 0000 4 0000 5 0000 6 000 0 7 00 0 0 8 0 0 0 0 333 10 /// 58 000 6 000 0 7 0000 
26-FEB-2015 09 48060 3 2 9 50 0 22 03 10 320 20 089 3 0000 4 0035 5 0000 6 000 0 7 00 0 0 8 0 0 0 0 333 10 /// 59 018 6 000 0 7 0000 
26-FEB-2015 09 48062 3 2 5 58 2 27 09 10 290 20 260 3 0000 4 0088 5 0000 6 000 0 7 01 2 2 8 2 2 0 0 333 10 /// 59 004 6 000 0 7 0000 
26-FEB-2015 09 48064 3 2 9 70 0 04 01 10 367 20 207 3 0000 4 0048 5 0000 6 000 0 7 00 0 0 8 0 0 0 0 333 10 /// 58 007 6 000 0 7 0000 
26-FEB-2015 09 48065 3 2 9 70 0 00 00 10 377 20 159 3 0000 4 0000 5 0000 6 000 0 7 00 0 0 8 0 0 0 0 333 10 /// 58 000 6 000 0 7 0000 
26-FEB-2015 09 48071 3 2 9 60 0 32 03 10 295 20 223 3 0000 4 0096 5 0000 6 000 0 7 00 0 0 8 0 0 0 0 333 10 /// 58 005 6 000 0 7 0000 
26-FEB-2015 09 48072 3 2 9 60 0 27 04 10 295 20 185 3 0000 4 0000 5 0000 6 000 0 7 01 2 2 8 0 0 0 0 333 10 /// 58 000 6 000 0 7 0000 
26-FEB-2015 09 48074 3 2 9 60 0 18 02 10 350 20 158 3 0000 4 0073 5 0000 6 000 0 7 00 0 0 8 0 0 0 0 333 10 /// 58 010 6 000 0 7 0000 
26-FEB-2015 09 48075 3 1 9 57 0 14 01 10 320 20 090 3 0000 4 0046 5 0000 6 000 0 7 05 1 1 8 0 0 0 0 333 10 /// 59 002 6 000 0 7 0000 
26-FEB-2015 09 48077 3 2 9 59 0 23 04 10 364 20 132 3 0000 4 0065 5 0000 6 000 0 7 00 0 0 8 0 0 0 0 333 10 /// 59 002 6 000 0 7 0000 
26-FEB-2015 09 48078 3 2 9 60 1 18 01 10 358 20 132 3 0000 4 0081 5 0000 6 000 0 7 00 0 0 8 0 0 0 1 333 10 /// 58 003 6 000 0 7 0000 
26-FEB-2015 09 48080 3 2 9 60 0 22 03 10 312 20 225 3 0000 4 0078 5 0000 6 000 0 7 00 0 0 8 0 0 0 0 333 10 /// 58 000 6 000 0 7 0000 
26-FEB-2015 09 48085 3 2 4 58 2 32 05 10 294 20 230 3 0000 4 0095 5 0000 6 000 0 7 00 0 0 8 2 1 0 0 333 10 /// 58 001 6 000 0 7 0000 
26-FEB-2015 09 48092 3 1 9 58 0 22 07 10 350 20 143 3 0000 4 0064 5 0000 6 000 0 7 05 0 0 8 0 0 0 0 333 10 /// 58 001 6 000 0 7 0000 
26-FEB-2015 09 48093 3 2 9 58 0 23 01 10 343 20 125 3 0000 4 0000 5 0000 6 000 0 7 00 0 0 8 0 0 0 0 333 10 /// 58 000 6 000 0 7 0000 
26-FEB-2015 09 48094 3 2 9 60 0 32 02 10 350 20 200 3 0000 4 0085 5 0000 6 000 0 7 00 0 0 8 0 0 0 0 333 10 /// 58 000 6 000 0 7 0000 
26-FEB-2015 09 48095 3 2 9 60 0 22 02 10 350 20 158 3 0000 4 0000 5 0000 6 000 0 7 00 0 0 8 0 0 0 0 333 10 /// 58 000 6 000 0 7 0000 
26-FEB-2015 09 48096 3 2 0 59 0 11 05 10 350 20 083 3 0000 4 0091 5 0000 6 000 0 7 00 0 0 8 0 0 0 0 333 10 /// 59 001 6 000 0 7 0000 
26-FEB-2015 09 48097 3 2 9 57 0 18 05 10 350 20 113 3 0000 4 0096 5 0000 6 000 0 7 00 0 0 8 0 0 0 0 333 10 /// 58 002 6 000 0 7 0000 
26-FEB-2015 09 48099 3 2 9 60 0 13 02 10 352 20 158 3 0000 4 0088 5 0000 6 000 0 7 00 0 0 8 0 0 0 0 333 10 /// 58 008 6 000 0 7 0000 
26-FEB-2015 09 48101 3 2 9 60 0 14 02 10 318 20 163 3 0000 4 0000 5 0000 6 000 0 7 00 0 0 8 0 0 0 0 333 10 /// 58 000 6 000 0 7 0000 
26-FEB-2015 09 48103 3 2 9 57 0 22 01 10 357 20 177 3 0000 4 0085 5 0000 6 000 0 7 00 0 0 8 0 0 0 0 333 10 /// 58 009 6 000 0 7 0000 
26-FEB-2015 09 48107 3 2 9 50 0 04 01 10 338 20 206 3 0000 4 0084 5 0000 6 000 0 7 00 0 0 8 0 0 0 0 333 10 /// 58 003 6 000 0 7 0000 
26-FEB-2015 09 48108 3 2 5 96 5 32 06 10 340 20 184 3 0000 4 0093 5 0000 6 000 0 7 00 0 0 8 2 4 0 6 333 10 /// 58 006 6 000 0 7 0000 
26-FEB-2015 09 48109 3 2 9 97 0 04 01 10 307 20 237 3 0000 4 0104 5 0000 6 000 0 7 02 2 2 8 0 0 0 0 333 10 /// 58 000 6 000 0 7 0000 
26-FEB-2015 09 48110 3 1 5 96 3 32 05 10 330 20 244 3 0000 4 0091 5 0000 6 000 0 7 05 1 1 8 2 3 0 5 333 10 /// 58 006 6 000 0 7 0000 
