260000 48008 32540 30000 10125 20120 40184 71044 81430 333 20116 56560 58015=
260000 48010 31520 20000 10135 20135 40174 74244 81440 333 20129 56990 58000=
260000 48018 32956 00000 10135 20124 40164 333 20130 58011=
260000 48019 32940 00000 10110 20105 40169 333 20105 58006=
260000 48025 31110 23201 10144 20124 40180 74044 82600 333 20136 56600 58009=
260000 48030 32950 02202 10014 20014 333 20003=
260000 48031 32950 00000 10090 20068 333 20082=
260000 48033 32960 03301 10140 20124 333 20130=
260000 48034 31948 00000 10052 20045 71000 333 20040=
260000 48035 31/01 90000 10067 20046 40206 74744 333 20060 58015=
260000 48037 32010 00000 10153 20111 40158 333 20148 58010=
260000 48039 31450 23201 10160 20144 82400 333 20159 56900=
260000 48042 32956 00000 10155 20139 40159 333 20145 58008=
260000 48043 31010 00000 10090 20068 71022 333 20048=
260000 48048 32940 00000 10144 20124 40162 333 20137 58011=
260000 48052 32450 30401 10168 20117 83800 333 20100 56900=
260000 48053 31940 00000 10150 20150 40157 71000 333 20146 58009=
260000 48055 31920 00000 10048 20048 40222 74044 333 20041 58003=
260000 48057 31949 00000 10094 20094 71000 333 20090=
260000 48060 32920 00000 10092 20092 40216 333 20082 59004=
260000 48062 31430 40000 10160 20160 40156 74244 83830 333 20130 56990 58001=
260000 48064 32950 01401 10161 20144 40135 333 20126 58009=
260000 48065 32950 10000 10165 20154 80001 333 20150 56009=
260000 48071 31940 00000 10175 20155 40153 74244 333 20165 58003=
260000 48074 32950 00000 10184 20147 40156 333 20170 59009=
260000 48075 31956 00000 10110 20110 40193 71022 333 20100 59013=
260000 48077 31956 00000 10180 20155 40150 71000 333 20150 58009=
260000 48078 32950 10000 10167 20154 40160 80001 333 20150 56009 58007=
260000 48085 31430 10000 10152 20150 40141 74244 81800 333 20150 56900 58004=
260000 48092 31508 10000 10160 20152 40134 74044 81400 333 20150 56900 58000=
260000 48093 32930 00000 10178 20155 333 20175=
260000 48094 31950 00000 10190 20180 40152 71000 333 20150 58011=
260000 48097 31530 40502 10185 20175 40155 71011 84500 333 20180 56900 58005=
260000 48099 31330 20401 10184 20165 40154 74044 82700 333 20160 56900 58001=
260000 48103 32930 00000 10167 20154 40156 74044 333 20161 58002=
260000 48107 31930 00401 10170 20154 40147 74144 333 20150 58009=
260000 48108 31593 50000 10160 20152 40159 74244 82406 333 20150 56909 58009=
260000 48109 31496 40000 10195 20185 40157 71022 84900 333 20185 56900 58006=
260000 48110 31995 31801 10220 20205 40146 70511 80006 333 20215 56009 58000=
260000 48112 32596 80401 10235 20209 40140 83876 333 20195 56199 58004=  
