48001 NIL=
48004 32562 23201 10268 20286 82500 333 56900=
48008 32557 20000 10234 20143 40184 82200 333 56100 58010=
48010 32560 11801 10240 20136 40175 81100 333 56900 58009=
48018 32560 21402 10250 20167 40176 82800 333 56300 58010=
48019 32960 00401 10230 20143 40177 333 58009=
48020 32958 03602 10250 20167 333=
48025 31456 10401 10250 20150 40189 70244 81100 333 56900 58010=
48030 32957 00402 10163 20085 333=
48031 32960 01801 10185 20056 333=
48033 32963 03201 10280 20133 40143 333 59020=
48034 32958 01802 10228 20074 333=
48035 32960 03204 10221 20065 40152 333 58003=
48037 32660 13602 10274 20133 40159 80001 333 56009 59006=
48039 32960 22201 10260 20160 80002 333 56009=
48042 32956 02701 10275 20156 40161 333 58010=
48043 32057 02705 10210 20091 333=
48045 32560 21404 10184 20086 81101 333 56909=
48048 32960 00401 10275 20158 40168 333 58004=
48051 32959 03602 10270 20130 70200 333=
48052 32970 00403 10280 20146 333=
48053 32950 03602 10280 20146 40159 333 59007=
48055 32957 00904 10229 20110 40148 70144 333 58001=
48057 32957 02202 10200 20109 333=
48060 NIL=
48062 32958 00502 10255 20220 40181 333 58009=
48064 32970 01401 10260 20179 40154 333 58010=
48065 32970 02204 10280 20146 333=
48071 31960 03201 10255 20203 40164 70500 333 59006=
48072 32560 11301 10280 20233 70122 81200 333 56900=
48074 32960 01802 10270 20154 40175 333 58015=
48075 32958 02201 10240 20140 40153 333 58001=
48077 32959 00401 10310 20146 40155 333 58001=
48078 32958 11801 10300 20158 40159 80001 333 56009 59002=
48080 32961 02208 10300 20239 40150 333 59004=
48085 31458 12704 10284 20184 40152 70500 81100 333 56100 58006=
48087 32560 13601 10303 20166 81100 333 56900=
48092 31956 00902 10310 20231 40134 70500 333 59005=
48093 32958 01401 10302 20166 70211 333=
48094 32560 10402 10320 20180 40157 81100 333 56900 59006=
48095 NIL=
48097 32957 01403 10315 20142 40168 333 58001=
48099 32456 30402 10298 20166 40152 83800 333 56100 59000=
48101 32960 03201 10300 20166 333=
48103 32556 13201 10302 20149 40156 70311 81500 333 56700 58004=
48107 32950 03201 10318 20163 40134 333 58003=
48108 31996 33206 10310 20169 40150 70144 80006 333 56009 58001=
48109 32996 00000 10300 20207 40161 333 59002=
48110 31596 43202 10310 20203 40144 70522 81106 333 56909 59004=
48112 32598 60402 10310 20225 40138 82216 333 56199 59003=  48001 NIL=
48004 32562 23201 10238 20136 82500 333 56900=
48008 32557 20000 10234 20143 40184 82200 333 56100 58010=
48010 32560 11801 10240 20136 40175 81100 333 56900 58009=
48018 32560 21402 10250 20167 40176 82800 333 56300 58010=
48019 32960 00401 10230 20143 40177 333 58009=
48020 32958 03602 10250 20167 333=
48025 31456 10401 10250 20150 40189 70244 81100 333 56900 58010=
48035 32960 03204 10221 20065 40152 333 58003=
48037 32660 13602 10274 20133 40159 80001 333 56009 59006=
48042 32956 02701 10275 20156 40161 333 58010=
48045 32560 21402 10184 20086 81101 333 56909=
48048 32960 00401 10275 20158 40168 333 58004=
48051 32959 03602 10270 20130 333=
48053 32950 03602 10280 20146 40159 333 59007=
48060 NIL=
48062 32958 00501 10255 20220 40181 333 58009=
48071 31960 03201 10255 20203 40164 70500 333 59006=
48075 32958 02201 10240 20140 40153 333 58001=
48077 32959 00401 10310 20146 40155 333 58001=
48078 32958 11801 10300 20158 40159 80001 333 56009 59002=
48080 32961 02208 10300 20239 40150 333 59004=
48085 31458 12704 10284 20184 40152 70500 81100 333 56100 59006=
48095 NIL=
48108 31996 33206 10310 20169 40150 70144 80006 333 56009 58001=
48109 32996 00000 10300 20207 40161 333 59002=
48110 31596 43202 10310 20203 40144 70522 81106 333 56909 59004=
48112 32598 60402 10310 20225 40138 82216 333 56199 59003=
48030 32957 00402 10163 20085 333=
48072 32560 11301 10280 20233 81200 333 56900=
48087 32560 13601 10303 20166 81100 333 56900=
48099 32456 30402 10298 20166 40152 83800 333 56100 59000=
48101 32960 03201 10300 20166 333=
48103 32556 13201 10302 20149 40156 81500 333 56700 58004=
48057 32957 02202 10200 20109 333=
48094 32560 10402 10320 20180 40157 81100 333 56900 59006=
48097 32957 01403 10315 20142 40168 333 58001=
48031 32960 01801 10185 20056 333=
48033 32963 03201 10280 20133 40143 333 59020=
48034 32958 01802 10228 20074 333=
48039 32960 22201 10260 20160 80002 333 56009=
48043 32057 02705 10210 20091 333=
48052 32970 00403 10280 20246 333=
48055 32957 00904 10229 20110 40148 333 58001=
48064 32970 01401 10260 20179 40154 333 58010=
48065 32970 02204 10280 20146 333=
48074 32960 01802 10270 20154 40175 333 58015=
48092 31956 00902 10310 20237 40136 70500 333 59005=
48093 32958 01401 10302 20166 333=
48107 32950 03201 10318 20163 40134 333 58003=  