26-JAN-2015 06 48004 3 2 5 62 2 32 01 10 238 20 136 3 0000 4 0000 5 0000 6 000 0 7 00 0 0 8 2 5 0 0 333 10 /// 58 000 6 000 0 7 0000 
26-JAN-2015 06 48008 3 2 5 57 2 00 00 10 234 20 143 3 0000 4 0184 5 0000 6 000 0 7 00 0 0 8 2 2 0 0 333 10 /// 58 010 6 000 0 7 0000 
26-JAN-2015 06 48010 3 2 5 60 1 18 01 10 240 20 136 3 0000 4 0175 5 0000 6 000 0 7 00 0 0 8 1 1 0 0 333 10 /// 58 009 6 000 0 7 0000 
26-JAN-2015 06 48018 3 2 5 60 2 14 02 10 250 20 167 3 0000 4 0176 5 0000 6 000 0 7 00 0 0 8 2 8 0 0 333 10 /// 58 010 6 000 0 7 0000 
26-JAN-2015 06 48019 3 2 9 60 0 04 01 10 230 20 143 3 0000 4 0177 5 0000 6 000 0 7 00 0 0 8 0 0 0 0 333 10 /// 58 009 6 000 0 7 0000 
26-JAN-2015 06 48020 3 2 9 58 0 36 02 10 250 20 167 3 0000 4 0000 5 0000 6 000 0 7 00 0 0 8 0 0 0 0 333 10 /// 58 000 6 000 0 7 0000 
26-JAN-2015 06 48025 3 1 4 56 1 04 01 10 250 20 150 3 0000 4 0189 5 0000 6 000 0 7 02 4 4 8 1 1 0 0 333 10 /// 58 010 6 000 0 7 0000 
26-JAN-2015 06 48030 3 2 9 57 0 04 02 10 163 20 085 3 0000 4 0000 5 0000 6 000 0 7 00 0 0 8 0 0 0 0 333 10 /// 58 000 6 000 0 7 0000 
26-JAN-2015 06 48031 3 2 9 60 0 18 01 10 185 20 056 3 0000 4 0000 5 0000 6 000 0 7 00 0 0 8 0 0 0 0 333 10 /// 58 000 6 000 0 7 0000 
26-JAN-2015 06 48033 3 2 9 63 0 32 01 10 280 20 133 3 0000 4 0143 5 0000 6 000 0 7 00 0 0 8 0 0 0 0 333 10 /// 59 020 6 000 0 7 0000 
26-JAN-2015 06 48034 3 2 9 58 0 18 02 10 228 20 074 3 0000 4 0000 5 0000 6 000 0 7 00 0 0 8 0 0 0 0 333 10 /// 58 000 6 000 0 7 0000 
26-JAN-2015 06 48035 3 2 9 60 0 32 04 10 221 20 065 3 0000 4 0152 5 0000 6 000 0 7 00 0 0 8 0 0 0 0 333 10 /// 58 003 6 000 0 7 0000 
26-JAN-2015 06 48037 3 2 6 60 1 36 02 10 274 20 133 3 0000 4 0159 5 0000 6 000 0 7 00 0 0 8 0 0 0 1 333 10 /// 59 006 6 000 0 7 0000 
26-JAN-2015 06 48039 3 2 9 60 2 22 01 10 260 20 160 3 0000 4 0000 5 0000 6 000 0 7 00 0 0 8 0 0 0 2 333 10 /// 58 000 6 000 0 7 0000 
26-JAN-2015 06 48042 3 2 9 56 0 27 01 10 275 20 156 3 0000 4 0161 5 0000 6 000 0 7 00 0 0 8 0 0 0 0 333 10 /// 58 010 6 000 0 7 0000 
26-JAN-2015 06 48043 3 2 0 57 0 27 05 10 210 20 091 3 0000 4 0000 5 0000 6 000 0 7 00 0 0 8 0 0 0 0 333 10 /// 58 000 6 000 0 7 0000 
26-JAN-2015 06 48045 3 2 5 60 2 14 02 10 184 20 086 3 0000 4 0000 5 0000 6 000 0 7 00 0 0 8 1 1 0 1 333 10 /// 58 000 6 000 0 7 0000 
26-JAN-2015 06 48048 3 2 9 60 0 04 01 10 275 20 158 3 0000 4 0168 5 0000 6 000 0 7 00 0 0 8 0 0 0 0 333 10 /// 58 004 6 000 0 7 0000 
26-JAN-2015 06 48051 3 2 9 59 0 36 02 10 270 20 130 3 0000 4 0000 5 0000 6 000 0 7 00 0 0 8 0 0 0 0 333 10 /// 58 000 6 000 0 7 0000 
26-JAN-2015 06 48052 3 2 9 70 0 04 03 10 280 20 246 3 0000 4 0000 5 0000 6 000 0 7 00 0 0 8 0 0 0 0 333 10 /// 58 000 6 000 0 7 0000 
26-JAN-2015 06 48053 3 2 9 50 0 36 02 10 280 20 146 3 0000 4 0159 5 0000 6 000 0 7 00 0 0 8 0 0 0 0 333 10 /// 59 007 6 000 0 7 0000 
26-JAN-2015 06 48055 3 2 9 57 0 09 04 10 229 20 110 3 0000 4 0148 5 0000 6 000 0 7 00 0 0 8 0 0 0 0 333 10 /// 58 001 6 000 0 7 0000 
26-JAN-2015 06 48057 3 2 9 57 0 22 02 10 200 20 109 3 0000 4 0000 5 0000 6 000 0 7 00 0 0 8 0 0 0 0 333 10 /// 58 000 6 000 0 7 0000 
26-JAN-2015 06 48062 3 2 9 58 0 05 01 10 255 20 220 3 0000 4 0181 5 0000 6 000 0 7 00 0 0 8 0 0 0 0 333 10 /// 58 009 6 000 0 7 0000 
26-JAN-2015 06 48064 3 2 9 70 0 14 01 10 260 20 179 3 0000 4 0154 5 0000 6 000 0 7 00 0 0 8 0 0 0 0 333 10 /// 58 010 6 000 0 7 0000 
26-JAN-2015 06 48065 3 2 9 70 0 22 04 10 280 20 146 3 0000 4 0000 5 0000 6 000 0 7 00 0 0 8 0 0 0 0 333 10 /// 58 000 6 000 0 7 0000 
26-JAN-2015 06 48071 3 1 9 60 0 32 01 10 255 20 203 3 0000 4 0164 5 0000 6 000 0 7 05 0 0 8 0 0 0 0 333 10 /// 59 006 6 000 0 7 0000 
26-JAN-2015 06 48072 3 2 5 60 1 13 01 10 280 20 233 3 0000 4 0000 5 0000 6 000 0 7 00 0 0 8 1 2 0 0 333 10 /// 58 000 6 000 0 7 0000 
26-JAN-2015 06 48074 3 2 9 60 0 18 02 10 270 20 154 3 0000 4 0175 5 0000 6 000 0 7 00 0 0 8 0 0 0 0 333 10 /// 58 015 6 000 0 7 0000 
26-JAN-2015 06 48075 3 2 9 58 0 22 01 10 240 20 140 3 0000 4 0153 5 0000 6 000 0 7 00 0 0 8 0 0 0 0 333 10 /// 58 001 6 000 0 7 0000 
26-JAN-2015 06 48077 3 2 9 59 0 04 01 10 310 20 146 3 0000 4 0155 5 0000 6 000 0 7 00 0 0 8 0 0 0 0 333 10 /// 58 001 6 000 0 7 0000 
26-JAN-2015 06 48078 3 2 9 58 1 18 01 10 300 20 158 3 0000 4 0159 5 0000 6 000 0 7 00 0 0 8 0 0 0 1 333 10 /// 59 002 6 000 0 7 0000 
26-JAN-2015 06 48080 3 2 9 61 0 22 08 10 300 20 239 3 0000 4 0150 5 0000 6 000 0 7 00 0 0 8 0 0 0 0 333 10 /// 59 004 6 000 0 7 0000 
26-JAN-2015 06 48085 3 1 4 58 1 27 04 10 284 20 184 3 0000 4 0152 5 0000 6 000 0 7 05 0 0 8 1 1 0 0 333 10 /// 59 006 6 000 0 7 0000 
26-JAN-2015 06 48087 3 2 5 60 1 36 01 10 303 20 166 3 0000 4 0000 5 0000 6 000 0 7 00 0 0 8 1 1 0 0 333 10 /// 58 000 6 000 0 7 0000 
26-JAN-2015 06 48092 3 1 9 56 0 09 02 10 310 20 237 3 0000 4 0136 5 0000 6 000 0 7 05 0 0 8 0 0 0 0 333 10 /// 59 005 6 000 0 7 0000 
26-JAN-2015 06 48093 3 2 9 58 0 14 01 10 302 20 166 3 0000 4 0000 5 0000 6 000 0 7 00 0 0 8 0 0 0 0 333 10 /// 58 000 6 000 0 7 0000 
26-JAN-2015 06 48094 3 2 5 60 1 04 02 10 320 20 180 3 0000 4 0157 5 0000 6 000 0 7 00 0 0 8 1 1 0 0 333 10 /// 59 006 6 000 0 7 0000 
26-JAN-2015 06 48097 3 2 9 57 0 14 03 10 315 20 142 3 0000 4 0168 5 0000 6 000 0 7 00 0 0 8 0 0 0 0 333 10 /// 58 001 6 000 0 7 0000 
26-JAN-2015 06 48099 3 2 4 56 3 04 02 10 298 20 166 3 0000 4 0152 5 0000 6 000 0 7 00 0 0 8 3 8 0 0 333 10 /// 59 000 6 000 0 7 0000 
26-JAN-2015 06 48101 3 2 9 60 0 32 01 10 300 20 166 3 0000 4 0000 5 0000 6 000 0 7 00 0 0 8 0 0 0 0 333 10 /// 58 000 6 000 0 7 0000 
26-JAN-2015 06 48103 3 2 5 56 1 32 01 10 302 20 149 3 0000 4 0156 5 0000 6 000 0 7 00 0 0 8 1 5 0 0 333 10 /// 58 004 6 000 0 7 0000 
26-JAN-2015 06 48107 3 2 9 50 0 32 01 10 318 20 163 3 0000 4 0134 5 0000 6 000 0 7 00 0 0 8 0 0 0 0 333 10 /// 58 003 6 000 0 7 0000 
26-JAN-2015 06 48108 3 1 9 96 3 32 06 10 310 20 169 3 0000 4 0150 5 0000 6 000 0 7 01 4 4 8 0 0 0 6 333 10 /// 58 001 6 000 0 7 0000 
26-JAN-2015 06 48109 3 2 9 96 0 00 00 10 300 20 207 3 0000 4 0161 5 0000 6 000 0 7 00 0 0 8 0 0 0 0 333 10 /// 59 002 6 000 0 7 0000 
26-JAN-2015 06 48110 3 1 5 96 4 32 02 10 310 20 203 3 0000 4 0144 5 0000 6 000 0 7 05 2 2 8 1 1 0 6 333 10 /// 59 004 6 000 0 7 0000 
26-JAN-2015 06 48112 3 2 5 98 6 04 02 10 310 20 225 3 0000 4 0138 5 0000 6 000 0 7 00 0 0 8 2 2 1 6 333 10 /// 59 003 6 000 0 7 0000 
