260000 48008 21450 82301 10255 20246 49983 79596 8497/ 333 20243 5645/ 59016 60762=
260000 48010 21440 70000 10260 20260 49986 70166 84770 333 20250 56440 59010 60082=
260000 48018 32558 72201 10282 20250 49983 84872 333 20255 56339 59020=
260000 48019 22456 60000 10265 20246 49980 84760 333 20261 56450 59013 60082=
260000 48020 22250 80000 10265 20251 8577/ 333 20245 5644/=
260000 48025 22310 81801 10266 20256 49971 8577/ 333 20260 5644/ 59014 60052=
260000 48035 21356 80000 10241 20226 49993 75065 8597/ 333 20234 5645/ 59003 60032=
260000 48037 32557 81401 10276 20250 49972 8587/ 333 20270 5644/ 59015=
260000 48042 22558 71302 10280 20250 49981 84870 333 20265 56440 59009 69902=
260000 48048 32550 71801 10276 20233 49972 85950 333 20270 56490 59008=
260000 48051 21456 81302 10250 20250 76066 86920 333 20247 56490 60522=
260000 48053 22456 71804 10250 20250 49984 85750 333 20247 56590 59021 69902=
260000 48060 22330 70000 10242 20209 40008 85730 333 20214 56490 59001=
260000 48062 21450 82706 10250 20250 49977 79596 86920 333 20220 56990 59010 61552=
260000 48071 21350 82307 10272 20272 49985 76366 8692/ 333 20245 5659/ 59015 61282=
260000 48075 21456 80000 10210 20210 40037 75065 8677/ 333 20185 5659/ 59014 60042=
260000 48077 21556 80000 10250 20250 49992 76166 85970 333 20240 56490 59026 60322=
260000 48078 21440 81801 10250 20248 40017 75165 8472/ 333 20235 5659/ 59031 60082=
260000 48080 21456 82220 10252 20250 40015 76266 85720 333 20240 56590 59016 60832=
260000 48085 21350 82708 10268 20265 40014 76166 86920 333 20250 56690 59006 60942=
260000 48108 21493 80000 10238 20238 40094 75165 8637/ 333 20215 5699/ 58005 60412=
260000 48109 21396 80000 10251 20250 40055 79599 8697/ 333 20190 5699/ 59004 60602=
260000 48110 21495 83203 10235 20235 40097 76166 8632/ 333 20230 5659/ 58002 60572=
260000 48112 21496 82207 10270 20270 40090 75055 8677/ 333 20207 5659/ 59007 60112=
260000 48030 21/01 90401 10174 20174 74344 333 20167 69902=
260000 48087 21430 82303 10260 20260 75365 8597/ 333 20244 5649/ 60952=
260000 48099 21330 82302 10240 20240 40047 75066 8597/ 333 20228 5659/ 59012 60362=
260000 48101 21450 82302 10260 20260 76366 8792/ 333 20220 5659/ 60912=
260000 48103 21320 82203 10255 20250 40050 76066 872// 333 20242 5659/ 59011 61142=
260000 48057 21230 81402 10192 20192 75155 8697/ 333 20182 5649/ 60042=
260000 48094 21456 82203 10255 20255 40035 76166 8592/ 333 20192 5659/ 58001 60712=
260000 48097 21456 81301 10255 20248 40042 76166 8597/ 333 20240 5649/ 59018 60302=
260000 48031 21/03 92201 10187 20187 76164 333 20175 60032=
260000 48033 32561 71302 10273 20248 49991 85970 333 20260 56450 59016=
260000 48034 21356 81801 10210 20202 70255 8692/ 333 20205 5659/ 60022=
260000 48039 32456 72202 10272 20240 85960 333 20269 56550=
260000 48043 22520 80000 10220 20220 8487/ 333 20186 5659/ 60012=
260000 48052 22450 71303 10274 20256 85970 333 20268 56990=
260000 48055 22256 80000 10210 20208 40007 8597/ 333 20205 5659/ 59004 60012=
260000 48064 21450 80401 10254 20250 49969 84820 333 20224 56440 59024 60022=
260000 48065 21450 80000 10255 20255 75155 8697/ 333 20228 5699/ 60022=
260000 48074 21350 82301 10250 20250 40017 75065 8677/ 333 20230 5644/ 59021 60042=
260000 48092 21456 82302 10260 20253 40020 75066 8697/ 333 20255 5659/ 59012 60592=
260000 48093 21420 82301 10250 20250 75366 8697/ 333 20240 5699/ 60782=
260000 48107 21330 82702 10250 20250 40070 70196 8597/ 333 20240 5655/ 59008 60812=  
