26-JUL-2015 00 48008 3 2 5 56 5 00 00 10 250 20 233 3 0000 4 0046 5 0000 6 000 0 7 00 0 0 8 2 4 7 0 333 20 235 59 005 6 000 2 7 0000 
26-JUL-2015 00 48010 2 1 4 40 8 00 00 10 250 20 250 3 0000 4 0042 5 0000 6 000 0 7 02 6 6 8 5 7 7 / 333 20 240 59 005 6 004 2 7 0000 
26-JUL-2015 00 48018 2 1 5 56 8 00 00 10 250 20 245 3 0000 4 0038 5 0000 6 000 0 7 02 5 5 8 4 9 7 / 333 20 240 59 011 6 001 2 7 0000 
26-JUL-2015 00 48019 3 2 4 50 8 00 00 10 244 20 240 3 0000 4 0045 5 0000 6 000 0 7 00 0 0 8 5 7 7 / 333 20 242 58 000 6 000 0 7 0000 
26-JUL-2015 00 48025 2 1 1 10 8 00 00 10 246 20 246 3 0000 4 0046 5 0000 6 000 0 7 51 6 5 8 5 7 7 / 333 20 240 59 010 6 012 2 7 0000 
26-JUL-2015 00 48033 2 1 4 58 8 18 02 10 246 20 246 3 0000 4 0065 5 0000 6 000 0 7 51 5 5 8 6 9 7 0 333 20 242 58 009 6 015 2 7 0000 
26-JUL-2015 00 48035 2 1 1 50 8 00 00 10 216 20 205 3 0000 4 0054 5 0000 6 000 0 7 02 6 6 8 6 9 2 / 333 20 210 58 017 6 003 2 7 0000 
26-JUL-2015 00 48037 2 1 4 50 8 04 01 10 245 20 238 3 0000 4 0038 5 0000 6 000 0 7 53 6 5 8 5 8 2 / 333 20 242 59 018 6 020 2 7 0000 
26-JUL-2015 00 48042 2 1 4 30 8 00 00 10 235 20 235 3 0000 4 0050 5 0000 6 000 0 7 63 5 5 8 5 9 2 / 333 20 220 59 003 6 009 2 7 0000 
26-JUL-2015 00 48048 2 1 5 20 8 00 00 10 250 20 233 3 0000 4 0042 5 0000 6 000 0 7 51 6 5 8 6 9 7 / 333 20 246 59 003 6 015 2 7 0000 
26-JUL-2015 00 48053 2 1 4 30 8 00 00 10 230 20 230 3 0000 4 0060 5 0000 6 000 0 7 51 5 5 8 5 7 7 / 333 20 222 58 001 6 009 2 7 0000 
26-JUL-2015 00 48055 2 1 2 50 8 00 00 10 205 20 202 3 0000 4 0060 5 0000 6 000 0 7 52 6 5 8 6 9 2 / 333 20 200 58 001 6 006 2 7 0000 
26-JUL-2015 00 48060 2 2 3 30 7 00 00 10 215 20 208 3 0000 4 0057 5 0000 6 000 0 7 00 0 0 8 5 8 3 0 333 20 207 58 003 6 014 2 7 0000 
26-JUL-2015 00 48062 2 1 3 50 8 23 02 10 245 20 240 3 0000 4 0024 5 0000 6 000 0 7 63 6 5 8 5 9 2 0 333 20 230 59 026 6 077 2 7 0000 
26-JUL-2015 00 48064 2 1 4 50 8 23 01 10 250 20 250 3 0000 4 0025 5 0000 6 000 0 7 00 0 0 8 4 7 2 0 333 20 220 59 007 6 009 2 7 0000 
26-JUL-2015 00 48071 2 1 3 50 8 00 00 10 250 20 250 3 0000 4 0032 5 0000 6 000 0 7 21 6 6 8 6 9 2 / 333 20 235 59 026 6 105 2 7 0000 
26-JUL-2015 00 48074 2 1 2 50 8 00 00 10 240 20 240 3 0000 4 0056 5 0000 6 000 0 7 50 6 5 8 6 7 2 / 333 20 225 59 028 6 006 2 7 0000 
26-JUL-2015 00 48075 2 1 4 56 8 00 00 10 210 20 195 3 0000 4 0076 5 0000 6 000 0 7 52 6 5 8 6 9 7 / 333 10 /// 59 035 6 004 2 7 0000 
26-JUL-2015 00 48077 2 1 4 56 8 00 00 10 250 20 250 3 0000 4 0044 5 0000 6 000 0 7 02 6 6 8 5 9 7 0 333 20 230 59 020 6 020 2 7 0000 
26-JUL-2015 00 48078 2 1 4 50 8 14 01 10 243 20 240 3 0000 4 0065 5 0000 6 000 0 7 51 6 5 8 4 7 7 / 333 20 234 59 024 6 003 2 7 0000 
26-JUL-2015 00 48080 2 1 4 56 8 22 06 10 244 20 240 3 0000 4 0056 5 0000 6 000 0 7 52 6 6 8 5 9 2 0 333 20 235 59 034 6 107 2 7 0000 
26-JUL-2015 00 48085 2 1 3 50 8 14 02 10 248 20 246 3 0000 4 0054 5 0000 6 000 0 7 50 6 5 8 6 9 2 0 333 20 244 59 030 6 034 2 7 0000 
26-JUL-2015 00 48092 2 1 4 56 8 23 09 10 260 20 246 3 0000 4 0059 5 0000 6 000 0 7 50 6 6 8 6 9 7 / 333 20 248 59 023 6 024 2 7 0000 
26-JUL-2015 00 48094 2 1 4 56 8 00 00 10 250 20 245 3 0000 4 0069 5 0000 6 000 0 7 62 6 6 8 5 9 2 / 333 20 198 59 004 6 022 2 7 0000 
26-JUL-2015 00 48097 2 1 5 57 8 23 05 10 250 20 242 3 0000 4 0087 5 0000 6 000 0 7 02 6 6 8 6 3 3 / 333 20 235 59 025 6 009 2 7 0000 
26-JUL-2015 00 48099 2 1 2 30 8 00 00 10 242 20 242 3 0000 4 0084 5 0000 6 000 0 7 61 6 5 8 6 9 2 / 333 20 228 59 001 6 027 2 7 0000 
26-JUL-2015 00 48103 2 1 3 40 8 14 02 10 242 20 242 3 0000 4 0088 5 0000 6 000 0 7 62 6 6 8 4 7 7 / 333 20 232 59 010 6 045 2 7 0000 
26-JUL-2015 00 48107 2 1 3 30 8 23 02 10 252 20 252 3 0000 4 0089 5 0000 6 000 0 7 60 6 6 8 5 9 7 / 333 20 244 59 014 6 037 2 7 0000 
26-JUL-2015 00 48108 2 1 4 94 8 13 01 10 240 20 233 3 0000 4 0105 5 0000 6 000 0 7 20 6 5 8 5 3 7 / 333 20 230 59 005 6 011 2 7 0000 
26-JUL-2015 00 48109 2 2 4 96 8 23 03 10 286 20 259 3 0000 4 0081 5 0000 6 000 0 7 00 0 0 8 6 9 7 / 333 20 213 59 011 6 001 2 7 0000 
26-JUL-2015 00 48110 2 1 4 95 8 18 02 10 255 20 247 3 0000 4 0111 5 0000 6 000 0 7 02 6 5 8 5 3 5 7 333 20 250 59 001 6 006 2 7 0000 
26-JUL-2015 00 48112 3 2 5 98 6 32 01 10 260 20 246 3 0000 4 0112 5 0000 6 000 0 7 00 0 0 8 2 2 1 6 333 20 205 58 005 6 000 2 7 0000 
