26-MAY-2015 00 48004 3 2 3 58 7 23 01 10 249 20 233 3 0000 4 0000 5 0000 6 000 0 7 00 0 0 8 7 9 0 0 333 20 221 58 000 6 000 0 7 0000 
26-MAY-2015 00 48008 2 1 4 50 7 00 00 10 243 20 237 3 0000 4 0070 5 0000 6 000 0 7 21 6 6 8 4 9 7 0 333 20 230 58 016 6 008 2 7 0000 
26-MAY-2015 00 48010 2 2 5 40 4 00 00 10 240 20 233 3 0000 4 0060 5 0000 6 000 0 7 00 0 0 8 2 4 3 0 333 20 235 58 028 6 020 2 7 0000 
26-MAY-2015 00 48018 2 1 5 56 8 04 01 10 240 20 226 3 0000 4 0063 5 0000 6 000 0 7 21 9 6 8 4 9 7 / 333 20 235 58 019 6 059 2 7 0000 
26-MAY-2015 00 48019 2 2 4 40 8 27 01 10 241 20 191 3 0000 4 0065 5 0000 6 000 0 7 00 0 0 8 5 7 7 0 333 20 238 58 025 6 018 2 7 0000 
26-MAY-2015 00 48025 3 2 4 60 5 32 02 10 266 20 226 3 0000 4 0061 5 0000 6 000 0 7 00 0 0 8 4 8 4 1 333 20 262 58 019 6 000 0 7 0000 
26-MAY-2015 00 48030 3 1 2 56 5 22 01 10 164 20 144 3 0000 4 0000 5 0000 6 000 0 7 05 4 4 8 2 9 4 2 333 20 143 58 000 6 000 0 7 0000 
26-MAY-2015 00 48031 3 1 2 56 3 32 20 10 180 20 147 3 0000 4 0000 5 0000 6 000 0 7 05 4 4 8 0 0 4 2 333 20 168 58 000 6 000 0 7 0000 
26-MAY-2015 00 48033 3 2 5 60 8 18 01 10 300 20 266 3 0000 4 0077 5 0000 6 000 0 7 00 0 0 8 6 9 7 0 333 20 280 58 037 6 000 0 7 0000 
26-MAY-2015 00 48034 3 2 4 56 8 23 01 10 217 20 205 3 0000 4 0000 5 0000 6 000 0 7 03 2 2 8 6 9 7 / 333 20 203 58 000 6 000 0 7 0000 
26-MAY-2015 00 48035 3 1 5 20 5 00 00 10 232 20 214 3 0000 4 0068 5 0000 6 000 0 7 10 1 1 8 3 9 6 0 333 20 225 58 020 6 000 0 7 0000 
26-MAY-2015 00 48037 3 2 5 50 8 00 00 10 298 20 239 3 0000 4 0059 5 0000 6 000 0 7 00 0 0 8 4 8 7 / 333 20 290 58 027 6 000 0 7 0000 
26-MAY-2015 00 48039 3 2 4 56 8 00 00 10 290 20 230 3 0000 4 0000 5 0000 6 000 0 7 00 0 0 8 4 4 5 / 333 20 289 58 000 6 000 0 7 0000 
26-MAY-2015 00 48042 3 2 5 57 6 13 02 10 290 20 248 3 0000 4 0061 5 0000 6 000 0 7 00 0 0 8 3 8 5 0 333 20 275 58 022 6 000 0 7 0000 
26-MAY-2015 00 48043 3 2 0 30 6 00 00 10 210 20 195 3 0000 4 0000 5 0000 6 000 0 7 00 0 0 8 0 0 3 0 333 20 178 58 000 6 000 0 7 0000 
26-MAY-2015 00 48048 3 2 5 50 0 18 01 10 296 20 239 3 0000 4 0055 5 0000 6 000 0 7 00 0 0 8 0 0 0 0 333 20 290 58 016 6 000 0 7 0000 
26-MAY-2015 00 48052 3 2 4 50 4 18 02 10 304 20 239 3 0000 4 0000 5 0000 6 000 0 7 00 0 0 8 3 8 0 1 333 20 299 58 000 6 000 0 7 0000 
26-MAY-2015 00 48053 3 2 4 50 4 18 04 10 270 20 240 3 0000 4 0062 5 0000 6 000 0 7 00 0 0 8 3 5 5 0 333 20 267 58 016 6 000 0 7 0000 
26-MAY-2015 00 48055 2 2 5 56 5 00 00 10 203 20 195 3 0000 4 0085 5 0000 6 000 0 7 00 0 0 8 3 9 3 0 333 20 189 59 020 6 000 2 7 0000 
26-MAY-2015 00 48057 3 1 4 39 3 14 01 10 196 20 185 3 0000 4 0000 5 0000 6 000 0 7 10 0 0 8 2 5 5 0 333 20 184 58 000 6 000 0 7 0000 
26-MAY-2015 00 48060 3 1 4 30 4 00 00 10 220 20 205 3 0000 4 0083 5 0000 6 000 0 7 41 4 4 8 2 1 3 0 333 20 208 58 009 6 000 0 7 0000 
26-MAY-2015 00 48062 3 2 4 56 8 09 02 10 280 20 270 3 0000 4 0059 5 0000 6 000 0 7 03 2 2 8 6 9 7 0 333 20 250 59 002 6 000 0 7 0000 
26-MAY-2015 00 48064 3 2 4 50 7 14 01 10 288 20 259 3 0000 4 0041 5 0000 6 000 0 7 00 0 0 8 4 8 3 1 333 20 244 58 009 6 000 0 7 0000 
26-MAY-2015 00 48065 3 2 4 50 8 00 00 10 288 20 259 3 0000 4 0000 5 0000 6 000 0 7 00 0 0 8 5 8 3 0 333 20 260 58 000 6 000 0 7 0000 
26-MAY-2015 00 48071 3 2 4 56 4 00 00 10 280 20 268 3 0000 4 0068 5 0000 6 000 0 7 00 0 0 8 3 8 3 0 333 20 270 58 017 6 000 2 7 0000 
26-MAY-2015 00 48074 3 2 3 56 6 00 00 10 261 20 246 3 0000 4 0088 5 0000 6 000 0 7 00 0 0 8 3 6 5 0 333 20 245 58 018 6 000 0 7 0000 
26-MAY-2015 00 48075 2 2 4 56 7 00 00 10 230 20 230 3 0000 4 0091 5 0000 6 000 0 7 00 0 0 8 5 8 3 0 333 20 180 58 002 6 000 2 7 0000 
26-MAY-2015 00 48080 3 2 4 56 7 00 00 10 260 20 229 3 0000 4 0078 5 0000 6 000 0 7 00 0 0 8 5 8 7 0 333 20 238 58 017 6 000 0 7 0000 
26-MAY-2015 00 48085 3 2 4 57 8 32 01 10 270 20 256 3 0000 4 0069 5 0000 6 000 0 7 00 0 0 8 5 8 7 0 333 20 245 58 017 6 000 0 7 0000 
26-MAY-2015 00 48087 2 2 5 50 7 23 01 10 260 20 246 3 0000 4 0000 5 0000 6 000 0 7 00 0 0 8 4 3 7 0 333 20 245 58 000 6 000 0 7 0000 
26-MAY-2015 00 48092 2 1 4 20 8 00 00 10 255 20 255 3 0000 4 0069 5 0000 6 000 0 7 10 5 5 8 6 9 7 / 333 20 245 58 025 6 001 2 7 0000 
26-MAY-2015 00 48094 3 2 4 56 7 00 00 10 265 20 255 3 0000 4 0078 5 0000 6 000 0 7 03 2 2 8 5 9 4 0 333 20 218 58 018 6 000 0 7 0000 
26-MAY-2015 00 48096 2 2 4 56 4 28 02 10 260 20 246 3 0000 4 0085 5 0000 6 000 0 7 00 0 0 8 3 5 3 0 333 20 250 58 019 6 001 2 7 0000 
26-MAY-2015 00 48097 2 2 5 56 6 25 02 10 260 20 260 3 0000 4 0090 5 0000 6 000 0 7 00 0 0 8 5 3 0 1 333 20 254 58 013 6 002 2 7 0000 
26-MAY-2015 00 48099 2 2 4 50 4 00 00 10 256 20 246 3 0000 4 0087 5 0000 6 000 0 7 00 0 0 8 3 8 7 0 333 20 232 58 021 6 009 2 7 0000 
26-MAY-2015 00 48103 2 2 4 40 3 14 01 10 253 20 253 3 0000 4 0080 5 0000 6 000 0 7 00 0 0 8 2 7 3 0 333 20 250 58 018 6 000 0 7 0000 
26-MAY-2015 00 48107 3 2 3 30 7 00 00 10 249 20 233 3 0000 4 0085 5 0000 6 000 0 7 00 0 0 8 5 9 7 0 333 20 240 58 011 6 000 0 7 0000 
26-MAY-2015 00 48108 2 1 4 95 8 14 01 10 240 20 240 3 0000 4 0094 5 0000 6 000 0 7 50 9 5 8 5 9 7 / 333 20 225 58 013 6 099 2 7 0000 
26-MAY-2015 00 48109 3 2 4 96 7 23 01 10 280 20 268 3 0000 4 0086 5 0000 6 000 0 7 00 0 0 8 5 9 7 0 333 20 210 58 005 6 000 2 7 0000 
26-MAY-2015 00 48110 2 1 4 95 8 18 02 10 240 20 240 3 0000 4 0097 5 0000 6 000 0 7 20 6 5 8 5 3 5 7 333 20 235 58 010 6 010 2 7 0000 
26-MAY-2015 00 48112 2 1 4 96 8 18 02 10 255 20 255 3 0000 4 0123 5 0000 6 000 0 7 21 5 2 8 6 7 7 / 333 20 205 58 006 6 016 2 7 0000 
