26-MAR-2015 06 48001 2 1 4 40 8 00 00 10 183 20 180 3 0000 4 0192 5 0000 6 000 0 7 10 6 6 8 6 7 2 / 333 10 /// 58 052 6 000 0 7 0000 
26-MAR-2015 06 48004 3 1 5 58 3 22 01 10 276 20 184 3 0000 4 0000 5 0000 6 000 0 7 05 2 1 8 3 8 0 0 333 10 /// 58 000 6 000 0 7 0000 
26-MAR-2015 06 48008 3 1 5 56 6 04 01 10 250 20 167 3 0000 4 0189 5 0000 6 000 0 7 05 4 4 8 4 9 3 0 333 10 /// 58 038 6 000 0 7 0000 
26-MAR-2015 06 48010 3 2 5 60 5 18 11 10 260 20 203 3 0000 4 0168 5 0000 6 000 0 7 00 0 0 8 5 8 0 0 333 10 /// 58 030 6 000 0 7 0000 
26-MAR-2015 06 48018 2 1 5 58 8 32 02 10 225 20 198 3 0000 4 0194 5 0000 6 000 0 7 50 5 5 8 4 7 9 / 333 10 /// 58 061 6 000 0 7 0000 
26-MAR-2015 06 48019 3 2 4 58 8 32 02 10 320 20 214 3 0000 4 0189 5 0000 6 000 0 7 00 0 0 8 5 7 7 0 333 10 /// 58 051 6 000 0 7 0000 
26-MAR-2015 06 48020 3 1 9 58 0 36 02 10 310 20 203 3 0000 4 0000 5 0000 6 000 0 7 05 0 0 8 0 0 0 0 333 10 /// 58 000 6 000 0 7 0000 
26-MAR-2015 06 48025 3 1 9 40 0 36 01 10 320 20 180 3 0000 4 0179 5 0000 6 000 0 7 05 4 4 8 0 0 0 0 333 10 /// 58 038 6 000 0 7 0000 
26-MAR-2015 06 48030 3 2 2 56 4 04 02 10 200 20 109 3 0000 4 0000 5 0000 6 000 0 7 00 0 0 8 4 9 0 0 333 10 /// 58 000 6 000 0 7 0000 
26-MAR-2015 06 48031 3 1 2 50 2 22 01 10 215 20 120 3 0000 4 0000 5 0000 6 000 0 7 05 0 0 8 2 8 0 0 333 10 /// 58 000 6 000 0 7 0000 
26-MAR-2015 06 48033 3 2 9 63 0 36 01 10 280 20 203 3 0000 4 0164 5 0000 6 000 0 7 00 0 0 8 0 0 0 0 333 10 /// 58 028 6 000 0 7 0000 
26-MAR-2015 06 48034 3 2 4 57 3 13 02 10 243 20 114 3 0000 4 0000 5 0000 6 000 0 7 00 0 0 8 3 8 0 0 333 10 /// 58 000 6 000 0 7 0000 
26-MAR-2015 06 48035 3 1 5 56 5 22 03 10 277 20 098 3 0000 4 0143 5 0000 6 000 0 7 05 2 2 8 3 9 6 0 333 10 /// 59 008 6 000 0 7 0000 
26-MAR-2015 06 48037 3 2 9 58 0 36 01 10 283 20 184 3 0000 4 0172 5 0000 6 000 0 7 00 0 0 8 0 0 0 0 333 10 /// 58 051 6 000 0 7 0000 
26-MAR-2015 06 48039 3 2 7 50 3 32 01 10 289 20 196 3 0000 4 0000 5 0000 6 000 0 7 00 0 0 8 0 0 0 2 333 10 /// 58 000 6 000 0 7 0000 
26-MAR-2015 06 48042 3 2 9 57 1 04 03 10 295 20 182 3 0000 4 0167 5 0000 6 000 0 7 00 0 0 8 0 0 0 2 333 10 /// 58 027 6 000 0 7 0000 
26-MAR-2015 06 48043 3 2 6 56 5 18 05 10 250 20 167 3 0000 4 0000 5 0000 6 000 0 7 00 0 0 8 5 8 0 0 333 10 /// 58 000 6 000 0 7 0000 
26-MAR-2015 06 48045 3 2 5 60 2 14 04 10 235 20 114 3 0000 4 0000 5 0000 6 000 0 7 00 0 0 8 4 3 0 0 333 10 /// 58 000 6 000 0 7 0000 
26-MAR-2015 06 48048 3 2 5 62 4 04 01 10 315 20 200 3 0000 4 0162 5 0000 6 000 0 7 00 0 0 8 4 8 0 0 333 10 /// 58 029 6 000 0 7 0000 
26-MAR-2015 06 48051 3 2 9 59 0 36 01 10 336 20 180 3 0000 4 0000 5 0000 6 000 0 7 00 0 0 8 0 0 0 0 333 10 /// 58 000 6 000 0 7 0000 
26-MAR-2015 06 48052 3 2 4 70 2 04 01 10 332 20 191 3 0000 4 0000 5 0000 6 000 0 7 00 0 0 8 2 2 0 0 333 10 /// 58 000 6 000 0 7 0000 
26-MAR-2015 06 48053 3 1 9 52 0 36 03 10 290 20 230 3 0000 4 0181 5 0000 6 000 0 7 05 0 0 8 0 0 0 0 333 10 /// 58 032 6 000 0 7 0000 
26-MAR-2015 06 48055 3 1 5 56 1 23 02 10 262 20 160 3 0000 4 0150 5 0000 6 000 0 7 05 1 1 8 1 1 0 0 333 10 /// 58 011 6 000 0 7 0000 
26-MAR-2015 06 48057 3 2 4 58 3 22 02 10 232 20 143 3 0000 4 0000 5 0000 6 000 0 7 00 0 0 8 3 9 0 0 333 10 /// 58 000 6 000 0 7 0000 
26-MAR-2015 06 48060 3 1 4 40 8 00 00 10 244 20 174 3 0000 4 0184 5 0000 6 000 0 7 17 2 2 8 4 9 3 0 333 10 /// 58 027 6 000 0 7 0000 
26-MAR-2015 06 48062 3 2 9 58 0 13 04 10 310 20 270 3 0000 4 0162 5 0000 6 000 0 7 00 0 0 8 0 0 0 0 333 10 /// 58 019 6 000 0 7 0000 
26-MAR-2015 06 48064 3 2 9 70 1 14 01 10 345 20 240 3 0000 4 0142 5 0000 6 000 0 7 00 0 0 8 0 0 0 1 333 10 /// 58 025 6 000 0 7 0000 
26-MAR-2015 06 48065 3 2 9 70 1 04 05 10 332 20 172 3 0000 4 0000 5 0000 6 000 0 7 00 0 0 8 0 0 0 1 333 10 /// 58 000 6 000 0 7 0000 
26-MAR-2015 06 48071 3 2 9 60 0 32 03 10 315 20 248 3 0000 4 0156 5 0000 6 000 0 7 00 0 0 8 0 0 0 0 333 10 /// 58 009 6 000 0 7 0000 
26-MAR-2015 06 48072 3 2 5 60 1 04 01 10 335 20 257 3 0000 4 0000 5 0000 6 000 0 7 00 0 0 8 1 2 0 0 333 10 /// 58 000 6 000 0 7 0000 
26-MAR-2015 06 48074 3 1 5 60 1 18 03 10 330 20 191 3 0000 4 0163 5 0000 6 000 0 7 05 0 0 8 1 1 0 0 333 10 /// 58 015 6 000 0 7 0000 
26-MAR-2015 06 48075 3 1 4 57 4 22 01 10 250 20 190 3 0000 4 0110 5 0000 6 000 0 7 20 5 1 8 4 8 0 0 333 10 /// 59 031 6 000 0 7 0000 
26-MAR-2015 06 48077 3 1 9 59 0 00 00 10 340 20 184 3 0000 4 0147 5 0000 6 000 0 7 00 0 0 8 0 0 0 0 333 10 /// 58 014 6 000 0 7 0000 
26-MAR-2015 06 48078 3 2 5 58 3 23 01 10 329 20 191 3 0000 4 0153 5 0000 6 000 0 7 00 0 0 8 2 5 0 1 333 10 /// 58 011 6 000 0 7 0000 
26-MAR-2015 06 48080 3 1 4 59 2 22 07 10 353 20 219 3 0000 4 0132 5 0000 6 000 0 7 05 1 1 8 2 2 0 0 333 10 /// 58 002 6 000 0 7 0000 
26-MAR-2015 06 48085 3 2 4 58 3 27 05 10 324 20 236 3 0000 4 0147 5 0000 6 000 0 7 00 0 0 8 3 8 0 0 333 10 /// 58 008 6 000 0 7 0000 
26-MAR-2015 06 48087 3 2 9 60 0 04 02 10 348 20 202 3 0000 4 0000 5 0000 6 000 0 7 00 0 0 8 0 0 0 0 333 10 /// 58 000 6 000 0 7 0000 
26-MAR-2015 06 48092 3 1 5 56 1 00 00 10 250 20 219 3 0000 4 0131 5 0000 6 000 0 7 05 2 2 8 1 1 0 0 333 10 /// 58 016 6 000 0 7 0000 
26-MAR-2015 06 48093 3 2 6 57 4 23 01 10 344 20 225 3 0000 4 0000 5 0000 6 000 0 7 00 0 0 8 4 8 0 0 333 10 /// 58 000 6 000 0 7 0000 
26-MAR-2015 06 48094 3 2 4 60 2 14 03 10 345 20 225 3 0000 4 0152 5 0000 6 000 0 7 00 0 0 8 2 8 0 0 333 10 /// 58 007 6 000 0 7 0000 
26-MAR-2015 06 48095 3 2 5 58 6 04 01 10 340 20 225 3 0000 4 0000 5 0000 6 000 0 7 00 0 0 8 3 6 7 0 333 10 /// 58 000 6 000 0 7 0000 
26-MAR-2015 06 48097 3 2 5 57 7 04 02 10 340 20 184 3 0000 4 0156 5 0000 6 000 0 7 00 0 0 8 7 8 0 0 333 10 /// 58 003 6 000 0 7 0000 
26-MAR-2015 06 48099 3 2 4 56 4 13 02 10 325 20 215 3 0000 4 0144 5 0000 6 000 0 7 00 0 0 8 4 8 0 0 333 10 /// 59 005 6 000 0 7 0000 
26-MAR-2015 06 48101 2 1 4 56 8 14 04 10 322 20 223 3 0000 4 0000 5 0000 6 000 0 7 61 6 6 8 6 9 7 / 333 10 /// 58 000 6 000 0 7 0000 
26-MAR-2015 06 48103 3 1 4 56 6 32 02 10 332 20 210 3 0000 4 0141 5 0000 6 000 0 7 00 0 0 8 4 7 3 0 333 10 /// 59 005 6 000 0 7 0000 
26-MAR-2015 06 48107 3 2 3 50 4 23 01 10 330 20 234 3 0000 4 0130 5 0000 6 000 0 7 00 0 0 8 4 9 0 0 333 10 /// 58 004 6 000 0 7 0000 
26-MAR-2015 06 48108 3 2 5 96 6 14 05 10 355 20 227 3 0000 4 0138 5 0000 6 000 0 7 00 0 0 8 3 8 0 6 333 10 /// 58 003 6 000 0 7 0000 
26-MAR-2015 06 48109 3 2 4 97 4 04 01 10 330 20 275 3 0000 4 0158 5 0000 6 000 0 7 00 0 0 8 4 9 0 0 333 10 /// 58 017 6 000 0 7 0000 
26-MAR-2015 06 48110 3 1 5 96 8 13 03 10 330 20 224 3 0000 4 0144 5 0000 6 000 0 7 05 2 2 8 4 3 0 7 333 10 /// 58 017 6 000 0 7 0000 
26-MAR-2015 06 48112 3 2 5 98 6 04 05 10 357 20 235 3 0000 4 0130 5 0000 6 000 0 7 00 0 0 8 2 2 1 6 333 10 /// 58 020 6 000 0 7 0000 
