261800 48008 32510 50000 10280 20233 40057 83930 333 56450 58012=
261800 48010 21401 70000 10240 20240 40063 70155 84770 333 56660 58000=
261800 48018 21420 82202 10275 20256 40043 76396 8597/ 333 5656/ 58005=
261800 48025 22405 71401 10270 20240 40074 84870 333 56550 58046=
261800 48042 31550 51803 10317 20248 40038 70399 83950 333 56990 59002=
261800 48053 32440 41803 10300 20253 40055 82556 333 56699 59002=
261800 48057 32439 31401 10210 20175 82801 333 56409=
261800 48060 32920 20000 10245 20218 40047 80030 333 56090 59007=
261800 48062 32550 81801 10290 20270 40081 84930 333 56490 58025=
261800 48071 32930 00000 10290 20259 40066 333 58020=
261800 48078 32550 31801 10292 20248 40084 82501 333 56909 58009=
261800 48080 32450 72201 10295 20259 40093 84970 333 56490 58019=
261800 48094 32450 70000 10280 20270 40079 85940 333 56990 58001=
261800 48097 21556 52201 10275 20253 40092 70282 333 56900 59002=
261800 48099 21330 60000 10276 20250 40084 71799 85930 333 56990 59003=
261800 48103 32310 62201 10271 20256 40075 86700 333 56500 58002=
261800 48108 21494 82305 10255 20233 40114 72055 8497/ 333 5699/ 58012=
261800 48109 32495 52301 10298 20253 40078 85900 333 56900 58003=
261800 48110 21495 80000 10240 20240 40109 70299 85377 333 56599 58006=
261800 48112 21597 82203 10260 20260 40097 70152 84876 333 56599 59001=  
