26-MAY-2015 06 48001 2 1 4 40 8 00 00 10 250 20 233 3 0000 4 0093 5 0000 6 000 0 7 50 5 5 8 4 7 7 / 333 10 /// 58 016 6 000 0 7 0000 
26-MAY-2015 06 48004 3 2 4 60 5 32 02 10 329 20 234 3 0000 4 0000 5 0000 6 000 0 7 00 0 0 8 5 9 0 0 333 10 /// 58 000 6 000 0 7 0000 
26-MAY-2015 06 48008 3 2 5 56 7 23 01 10 295 20 223 3 0000 4 0078 5 0000 6 000 0 7 00 0 0 8 4 9 7 0 333 10 /// 58 028 6 000 0 7 0000 
26-MAY-2015 06 48010 3 2 5 60 3 18 01 10 300 20 239 3 0000 4 0076 5 0000 6 000 0 7 00 0 0 8 3 8 0 0 333 10 /// 58 033 6 000 0 7 0000 
26-MAY-2015 06 48018 3 2 5 60 4 14 02 10 305 20 237 3 0000 4 0071 5 0000 6 000 0 7 00 0 0 8 2 8 4 2 333 10 /// 58 035 6 000 0 7 0000 
26-MAY-2015 06 48019 3 2 4 60 4 36 02 10 310 20 237 3 0000 4 0068 5 0000 6 000 0 7 00 0 0 8 0 0 5 0 333 10 /// 58 024 6 000 0 7 0000 
26-MAY-2015 06 48020 3 2 3 58 2 36 02 10 360 20 278 3 0000 4 0000 5 0000 6 000 0 7 00 0 0 8 2 8 0 0 333 10 /// 58 000 6 000 0 7 0000 
26-MAY-2015 06 48025 3 2 4 56 4 09 01 10 358 20 248 3 0000 4 0060 5 0000 6 000 0 7 00 0 0 8 3 8 4 0 333 10 /// 58 033 6 000 0 7 0000 
26-MAY-2015 06 48030 3 1 2 56 6 22 02 10 267 20 113 3 0000 4 0000 5 0000 6 000 0 7 05 4 4 8 4 8 4 2 333 10 /// 58 000 6 000 0 7 0000 
26-MAY-2015 06 48031 3 1 2 58 3 22 01 10 290 20 159 3 0000 4 0000 5 0000 6 000 0 7 05 4 4 8 3 8 0 0 333 10 /// 58 000 6 000 0 7 0000 
26-MAY-2015 06 48033 3 2 5 63 4 18 01 10 350 20 237 3 0000 4 0071 5 0000 6 000 0 7 00 0 0 8 4 8 0 0 333 10 /// 58 031 6 000 0 7 0000 
26-MAY-2015 06 48034 3 2 4 57 4 18 02 10 273 20 211 3 0000 4 0000 5 0000 6 000 0 7 00 0 0 8 4 8 0 0 333 10 /// 58 000 6 000 0 7 0000 
26-MAY-2015 06 48035 3 2 4 60 5 22 02 10 318 20 200 3 0000 4 0036 5 0000 6 000 0 7 00 0 0 8 3 8 6 0 333 10 /// 58 019 6 000 0 7 0000 
26-MAY-2015 06 48037 3 2 5 60 3 14 02 10 358 20 249 3 0000 4 0056 5 0000 6 000 0 7 00 0 0 8 3 4 0 0 333 10 /// 59 001 6 000 0 7 0000 
26-MAY-2015 06 48039 3 2 4 60 2 22 01 10 339 20 257 3 0000 4 0000 5 0000 6 000 0 7 00 0 0 8 2 1 0 0 333 10 /// 58 000 6 000 0 7 0000 
26-MAY-2015 06 48042 3 2 5 58 1 18 04 10 347 20 230 3 0000 4 0060 5 0000 6 000 0 7 00 0 0 8 1 2 0 0 333 10 /// 58 008 6 000 0 7 0000 
26-MAY-2015 06 48043 3 2 6 58 2 18 05 10 290 20 230 3 0000 4 0000 5 0000 6 000 0 7 00 0 0 8 2 2 0 0 333 10 /// 58 000 6 000 0 7 0000 
26-MAY-2015 06 48045 3 2 5 57 5 14 04 10 284 20 184 3 0000 4 0000 5 0000 6 000 0 7 00 0 0 8 4 8 4 0 333 10 /// 58 000 6 000 0 7 0000 
26-MAY-2015 06 48048 3 2 5 60 4 18 02 10 372 20 246 3 0000 4 0059 5 0000 6 000 0 7 00 0 0 8 4 8 0 0 333 10 /// 58 021 6 000 0 7 0000 
26-MAY-2015 06 48051 3 2 5 59 4 31 01 10 342 20 240 3 0000 4 0000 5 0000 6 000 0 7 02 2 2 8 3 2 3 0 333 10 /// 58 000 6 000 0 7 0000 
26-MAY-2015 06 48052 3 2 4 68 3 13 01 10 382 20 240 3 0000 4 0000 5 0000 6 000 0 7 00 0 0 8 3 8 0 0 333 10 /// 58 000 6 000 0 7 0000 
26-MAY-2015 06 48053 3 2 4 56 5 18 03 10 320 20 257 3 0000 4 0066 5 0000 6 000 0 7 00 0 0 8 3 8 5 2 333 10 /// 58 019 6 000 0 7 0000 
26-MAY-2015 06 48055 3 2 5 56 4 13 05 10 302 20 215 3 0000 4 0048 5 0000 6 000 0 7 00 0 0 8 4 3 0 0 333 10 /// 58 014 6 000 0 7 0000 
26-MAY-2015 06 48057 3 2 4 60 2 14 02 10 270 20 172 3 0000 4 0000 5 0000 6 000 0 7 00 0 0 8 2 8 0 0 333 10 /// 58 000 6 000 0 7 0000 
26-MAY-2015 06 48060 3 2 4 50 2 00 00 10 330 20 202 3 0000 4 0034 5 0000 6 000 0 7 00 0 0 8 2 1 0 0 333 10 /// 59 001 6 000 0 7 0000 
26-MAY-2015 06 48062 3 2 5 58 5 18 04 10 322 20 290 3 0000 4 0075 5 0000 6 000 0 7 01 2 2 8 4 9 3 2 333 10 /// 58 021 6 000 0 7 0000 
26-MAY-2015 06 48064 3 2 5 70 5 14 01 10 368 20 304 3 0000 4 0039 5 0000 6 000 0 7 00 0 0 8 4 8 0 1 333 10 /// 58 004 6 000 0 7 0000 
26-MAY-2015 06 48065 3 2 9 70 2 14 09 10 367 20 171 3 0000 4 0000 5 0000 6 000 0 7 00 0 0 8 0 0 3 1 333 10 /// 58 000 6 000 0 7 0000 
26-MAY-2015 06 48071 3 2 4 60 5 23 05 10 335 20 257 3 0000 4 0073 5 0000 6 000 0 7 00 0 0 8 5 9 0 0 333 10 /// 58 013 6 000 0 7 0000 
26-MAY-2015 06 48072 3 2 4 60 5 18 05 10 330 20 275 3 0000 4 0000 5 0000 6 000 0 7 01 2 2 8 3 8 3 0 333 10 /// 58 000 6 000 0 7 0000 
26-MAY-2015 06 48074 3 2 5 59 3 04 03 10 335 20 240 3 0000 4 0090 5 0000 6 000 0 7 00 0 0 8 3 1 0 0 333 10 /// 58 026 6 000 0 7 0000 
26-MAY-2015 06 48075 3 2 5 58 3 18 01 10 300 20 240 3 0000 4 0076 5 0000 6 000 0 7 00 0 0 8 3 8 0 0 333 10 /// 58 009 6 000 0 7 0000 
26-MAY-2015 06 48077 3 2 5 59 8 23 01 10 330 20 258 3 0000 4 0069 5 0000 6 000 0 7 00 0 0 8 5 9 3 1 333 10 /// 58 015 6 000 0 7 0000 
26-MAY-2015 06 48078 3 2 5 57 4 18 01 10 337 20 244 3 0000 4 0086 5 0000 6 000 0 7 00 0 0 8 3 8 0 1 333 10 /// 58 012 6 000 0 7 0000 
26-MAY-2015 06 48080 3 2 4 61 7 22 05 10 341 20 240 3 0000 4 0074 5 0000 6 000 0 7 00 0 0 8 4 8 7 0 333 10 /// 58 004 6 000 0 7 0000 
26-MAY-2015 06 48085 3 2 4 58 7 18 05 10 328 20 248 3 0000 4 0076 5 0000 6 000 0 7 00 0 0 8 3 8 7 5 333 10 /// 58 004 6 000 0 7 0000 
26-MAY-2015 06 48087 3 2 5 60 6 23 02 10 340 20 257 3 0000 4 0000 5 0000 6 000 0 7 00 0 0 8 3 3 4 1 333 10 /// 58 000 6 000 0 7 0000 
26-MAY-2015 06 48092 3 2 4 57 5 23 03 10 335 20 251 3 0000 4 0072 5 0000 6 000 0 7 01 2 2 8 5 8 0 0 333 10 /// 58 025 6 000 0 7 0000 
26-MAY-2015 06 48093 2 1 6 57 5 23 01 10 304 20 253 3 0000 4 0000 5 0000 6 000 0 7 01 5 5 8 3 8 4 1 333 10 /// 58 000 6 000 0 7 0000 
26-MAY-2015 06 48094 3 2 4 59 6 22 01 10 330 20 270 3 0000 4 0077 5 0000 6 000 0 7 00 0 0 8 5 9 4 0 333 10 /// 58 007 6 000 0 7 0000 
26-MAY-2015 06 48095 3 2 5 58 5 00 00 10 335 20 258 3 0000 4 0000 5 0000 6 000 0 7 03 2 2 8 2 2 4 0 333 10 /// 58 000 6 000 0 7 0000 
26-MAY-2015 06 48096 3 2 4 57 7 21 07 10 320 20 236 3 0000 4 0087 5 0000 6 000 0 7 02 2 2 8 5 9 7 0 333 10 /// 58 014 6 000 0 7 0000 
26-MAY-2015 06 48097 3 2 5 57 5 24 01 10 320 20 248 3 0000 4 0088 5 0000 6 000 0 7 00 0 0 8 3 8 0 1 333 10 /// 58 003 6 000 0 7 0000 
26-MAY-2015 06 48099 3 2 4 57 4 13 02 10 323 20 265 3 0000 4 0089 5 0000 6 000 0 7 00 0 0 8 3 9 0 1 333 10 /// 58 013 6 000 0 7 0000 
26-MAY-2015 06 48101 3 2 5 60 4 00 00 10 336 20 257 3 0000 4 0000 5 0000 6 000 0 7 03 2 2 8 2 2 0 1 333 10 /// 58 000 6 000 0 7 0000 
26-MAY-2015 06 48103 3 2 4 57 4 14 01 10 329 20 258 3 0000 4 0083 5 0000 6 000 0 7 00 0 0 8 4 7 0 0 333 10 /// 58 011 6 000 0 7 0000 
26-MAY-2015 06 48107 3 2 3 50 4 18 01 10 310 20 254 3 0000 4 0082 5 0000 6 000 0 7 00 0 0 8 4 9 0 0 333 10 /// 58 001 6 000 0 7 0000 
26-MAY-2015 06 48108 3 2 5 96 5 23 05 10 320 20 257 3 0000 4 0093 5 0000 6 000 0 7 00 0 0 8 3 3 0 6 333 10 /// 59 003 6 000 0 7 0000 
26-MAY-2015 06 48110 2 1 4 96 8 18 01 10 280 20 250 3 0000 4 0100 5 0000 6 000 0 7 51 5 5 8 5 3 7 7 333 10 /// 58 002 6 000 0 7 0000 
26-MAY-2015 06 48112 2 1 5 97 8 22 15 10 266 20 246 3 0000 4 0125 5 0000 6 000 0 7 50 5 5 8 4 8 7 6 333 10 /// 58 017 6 000 0 7 0000 
