



*-*-*


<!--
.style2 {
	font-family:"Courier New", Courier, monospace;
	font-size: 14px;
}
-->






SMBM01 VBRR 261200

AAXX 26124

48001 22440 40901 10265 20215 40065 82850 333 10270

56660 58011 69902=

48004 21356 63202 10306 20254 70355 86900 333 10350

56500 69902=

48008 32556 50401 10325 20244 40032 83930 333 10335

56110 58008=

48010 21420 82201 10250 20250 40034 75196 8597/ 333

10333 5656/ 58025 60202=

48018 32956 02201 10325 20275 40017 333 10330 58024=

48019 32956 00000 10330 20275 40021 333 10346 58015=

48020 21350 73602 10270 20240 72155 87700 333 10390

56500 60012=

48025 21230 83201 10286 20184 40042 75096 8587/ 333

10394 5666/ 58042 60042=

48035 21557 40000 10251 20219 40030 70266 83960 333

10337 56490 58025 60032=

48037 21230 83202 10366 20256 40014 76366 883// 333

10385 566// 58007 60052=

48042 32559 11801 10352 20240 40018 81100 333 10380

56900 58010=

48045 31450 73202 10243 20136 71799 86340 333 10290

56590=

48048 32550 21801 10374 20227 40017 82800 333 10405

56900 58012=

48051 32559 61302 10332 20260 85930 333 10372 56690=

48053 32956 31802 10340 20257 40021 80056 333 10365

56099 59003=

48060 32940 22201 10320 20208 40016 80006 333 10355

56009 58009=

48062 32556 42305 10310 20280 40050 82202 333 10326

56409 58007=

48071 32456 22303 10325 20258 40053 82800 333 10345

56900 58008=

48075 32456 50901 10300 20240 40048 83840 333 10310

56590 58023=

48077 32556 60000 10324 20265 40037 85901 333 10352

56909 58011=

48078 32557 31802 10333 20250 40052 82201 333 10362

56909 58000=

48080 NIL=

48085 32458 62203 10306 20253 40052 85870 333 10345

56590 58005=

48095 32456 82202 10295 20259 85970 333 10350 56990=

48108 32595 72303 10300 20253 40090 84356 333 10330

56599 58010=

48109 32497 62302 10307 20254 40079 83930 333 10335

56990 58013=

48110 21494 81303 10250 20250 40096 79566 8632/ 333

10285 5659/ 58009 60172=

48112 22597 82205 10270 20240 40100 84876 333 10287

56599 58015 60032=

48030 31256 72202 10233 20163 70144 84942 333 10279

56569=

48072 32458 22701 10310 20282 82800 333 10335 56500=

48087 32550 60000 10316 20248 83341 333 10355 56999=

48099 21450 62301 10300 20253 40059 70252 85930 333

10330 56590 59005 69902=

48101 NIL=

48103 32440 62201 10300 20253 40062 86700 333 10340

56500 59004=

48057 32458 43202 10248 20186 82201 333 10290 56409=

48094 22456 70000 10300 20260 40065 85970 333 10340

56990 58012 60022=

48097 32556 73303 10300 20239 40067 87800 333 10352

56300 59003=

48031 31260 40401 10240 20174 70599 83802 333 10295

56409=

48033 32562 51301 10353 20237 40024 83801 333 10380

56609 58008=

48034 32456 52301 10279 20199 85300 333 10308 56500=

48039 32460 40000 10339 20257 81102 333 10361 56509=

48043 32930 00000 10275 20250 333 10305=

48052 32456 31302 10390 20253 82201 333 10404 56909=

48055 32556 41303 10307 20223 40012 83901 333 10321

56609 59038=

48064 32450 70401 10357 20294 40024 85801 333 10388

56409 58019=

48065 32450 71406 10360 20249 85370 333 10385 56990=

48074 32557 42202 10334 20244 40049 81501 333 10362

56909 58017=

48092 32458 51302 10320 20265 40044 83331 333 10345

56999 59011=

48093 22550 51401 10282 20268 84840 333 10332 56390

69902=

48107 32330 62303 10292 20248 40078 84970 333 10340

56550 58002=  
SMBM01 VBRR 261200

AAXX 26124

48001 22440 40901 10265 20215 40065 82850 333 10270 56660 58011

69902=

48004 21356 63202 10306 20254 70355 86900 333 10350 56500 69902=

48008 32556 50401 10325 20244 40032 83930 333 10335 56110 58008=

48010 21420 82201 10250 20250 40034 75196 8597/ 333 10333 5656/

58025 60202=

48018 32956 02201 10325 20275 40017 333 10330 58024=

48019 32956 00000 10330 20275 40021 333 10346 58015=

48020 21350 73602 10270 20240 72155 87700 333 10390 56500 60012=

48025 21230 83201 10286 20184 40042 75096 8587/ 333 10394 5666/

58042 60042=

48030 31256 72202 10233 20163 70144 84942 333 10279 56569=

48031 31260 40401 10240 20174 70599 83802 333 10295 56409=

48033 32562 51301 10353 20237 40024 83801 333 10380 56609 58008=

48034 32456 52301 10279 20199 85300 333 10308 56500=

48035 21557 40000 10251 20219 40030 70266 83960 333 10337 56490

58025 60032=

48037 21230 83202 10366 20256 40014 76366 883// 333 10385 566//

58007 60052=

48039 32460 40000 10339 20257 81102 333 10361 56509=

48042 32559 11801 10352 20240 40018 81100 333 10380 56900 58010=

48043 32930 00000 10275 20250 333 10305=

48045 31450 73202 10243 20136 71799 86340 333 10290 56590=

48048 32550 21801 10374 20227 40017 82800 333 10405 56900 58012=

48051 32559 61302 10332 20260 85930 333 10372 56690=

48052 32456 31302 10390 20253 82201 333 10404 56909=

48053 32956 31802 10340 20257 40021 80056 333 10365 56099 59003=

48055 32556 41303 10307 20223 40012 83901 333 10321 56609 59038=

48057 32458 43202 10248 20186 82201 333 10290 56409=

48060 32940 22201 10320 20208 40016 80006 333 10355 56009 58009=

48062 32556 42305 10310 20280 40050 82202 333 10326 56409 58007=

48064 32450 70401 10357 20294 40024 85801 333 10388 56409 58019=

48065 32450 71406 10360 20249 85370 333 10385 56990=

48071 32456 22303 10325 20258 40053 82800 333 10345 56900 58008=

48072 32458 22701 10310 20282 82800 333 10335 56500=

48074 32557 42202 10334 20244 40049 81501 333 10362 56909 58017=

48075 32456 50901 10300 20240 40048 83840 333 10310 56590 58023=

48077 32556 60000 10324 20265 40037 85901 333 10352 56909 58011=

48078 32557 31802 10333 20250 40052 82201 333 10362 56909 58000=

48080 32458 62204 10315 20248 40060 84970 333 10346 56490 58004=

48085 32458 62203 10306 20253 40052 85870 333 10345 56590 58005=

48087 32550 60000 10316 20248 83341 333 10355 56999=

48092 32458 51302 10320 20265 40044 83331 333 10345 56999 59011=

48093 22550 51401 10282 20268 84840 333 10332 56390 69902=

48094 22456 70000 10300 20260 40065 85970 333 10340 56990 58012

60022=

48095 32456 82202 10295 20259 85970 333 10350 56990=

48096 32457 71909 10310 20254 40062 85970 333 10340 56990 59004=

48097 32556 73303 10300 20239 40067 87800 333 10352 56300 59003=

48099 21450 62301 10300 20253 40059 70252 85930 333 10330 56590

59005 69902=

48101 32556 72701 10280 20250 84370 333 10338 56590=

48103 32440 62201 10300 20253 40062 86700 333 10340 56500 59004=

48107 32330 62303 10292 20248 40078 84970 333 10340 56550 58002=

48108 32595 72303 10300 20253 40090 84356 333 10330 56599 58010=

48109 32497 62302 10307 20254 40079 83930 333 10335 56990 58013=

48110 21494 81303 10250 20250 40096 79566 8632/ 333 10285 5659/

58009 60172=

48112 22597 82205 10270 20240 40100 84876 333 10287 56599 58015

60032=  
SMBM01 VBRR 261200 RRA

AAXX 26124

48074 32557 42202 10334 20244 40049 81501 333 10362

56909 58017=  
SMBM01 VBRR 261200 RRB

AAXX 26124

48074 32557 42202 10334 20244 40049 81501 333 10362

56909 58017=  





