26-MAR-2015 12 48001 2 1 4 50 5 00 00 10 210 20 175 3 0000 4 0167 5 0000 6 000 0 7 14 1 1 8 5 7 0 0 333 10 220 58 024 6 000 0 7 0000 
26-MAR-2015 12 48004 3 1 5 58 2 22 01 10 275 20 220 3 0000 4 0000 5 0000 6 000 0 7 05 1 1 8 2 8 0 0 333 10 310 58 000 6 000 0 7 0000 
26-MAR-2015 12 48008 3 1 5 10 5 04 01 10 260 20 160 3 0000 4 0146 5 0000 6 000 0 7 05 4 4 8 3 9 3 0 333 10 290 58 028 6 000 0 7 0000 
26-MAR-2015 12 48010 3 2 5 30 4 00 00 10 270 20 240 3 0000 4 0139 5 0000 6 000 0 7 00 0 0 8 1 5 2 1 333 10 300 58 009 6 000 0 7 0000 
26-MAR-2015 12 48018 2 1 5 56 3 14 01 10 265 20 172 3 0000 4 0148 5 0000 6 000 0 7 01 1 1 8 3 8 0 0 333 10 275 58 046 6 000 0 7 0000 
26-MAR-2015 12 48019 3 2 9 50 1 27 01 10 240 20 209 3 0000 4 0146 5 0000 6 000 0 7 00 0 0 8 0 0 0 1 333 10 249 58 042 6 000 0 7 0000 
26-MAR-2015 12 48020 3 1 9 50 0 00 00 10 310 20 225 3 0000 4 0000 5 0000 6 000 0 7 05 0 0 8 0 0 0 0 333 10 345 58 000 6 000 0 7 0000 
26-MAR-2015 12 48025 3 1 4 30 1 32 01 10 328 20 151 3 0000 4 0124 5 0000 6 000 0 7 05 4 4 8 1 5 0 0 333 10 350 58 015 6 000 0 7 0000 
26-MAR-2015 12 48030 3 2 2 50 6 04 04 10 182 20 108 3 0000 4 0000 5 0000 6 000 0 7 00 0 0 8 6 9 0 0 333 10 217 58 000 6 000 0 7 0000 
26-MAR-2015 12 48031 3 1 2 56 3 14 01 10 200 20 185 3 0000 4 0000 5 0000 6 000 0 7 05 1 1 8 2 8 4 0 333 10 250 58 000 6 000 0 7 0000 
26-MAR-2015 12 48033 3 2 9 62 0 04 01 10 300 20 166 3 0000 4 0125 5 0000 6 000 0 7 00 0 0 8 0 0 0 0 333 10 316 58 037 6 000 0 7 0000 
26-MAR-2015 12 48034 3 2 4 56 1 04 02 10 213 20 103 3 0000 4 0000 5 0000 6 000 0 7 00 0 0 8 1 5 0 0 333 10 257 58 000 6 000 0 7 0000 
26-MAR-2015 12 48035 3 1 5 40 3 00 00 10 229 20 124 3 0000 4 0123 5 0000 6 000 0 7 05 9 9 8 4 8 0 0 333 10 303 58 016 6 000 0 7 0000 
26-MAR-2015 12 48037 3 2 9 30 0 36 01 10 301 20 185 3 0000 4 0141 5 0000 6 000 0 7 00 0 0 8 0 0 0 0 333 10 355 58 071 6 000 0 7 0000 
26-MAR-2015 12 48039 3 2 4 59 3 32 01 10 300 20 175 3 0000 4 0000 5 0000 6 000 0 7 00 0 0 8 3 4 0 0 333 10 325 58 000 6 000 0 7 0000 
26-MAR-2015 12 48042 3 2 9 57 1 04 02 10 305 20 178 3 0000 4 0120 5 0000 6 000 0 7 00 0 0 8 0 0 0 2 333 10 330 58 033 6 000 0 7 0000 
26-MAR-2015 12 48045 3 2 5 57 3 04 01 10 218 20 087 3 0000 4 0000 5 0000 6 000 0 7 00 0 0 8 3 6 0 0 333 10 256 58 000 6 000 0 7 0000 
26-MAR-2015 12 48048 3 2 5 50 4 04 01 10 302 20 207 3 0000 4 0126 5 0000 6 000 0 7 00 0 0 8 4 8 0 0 333 10 340 58 053 6 000 0 7 0000 
26-MAR-2015 12 48051 3 2 5 58 4 04 03 10 310 20 190 3 0000 4 0000 5 0000 6 000 0 7 02 2 2 8 4 8 0 0 333 10 380 58 000 6 000 0 7 0000 
26-MAR-2015 12 48052 3 2 4 58 3 32 03 10 320 20 184 3 0000 4 0000 5 0000 6 000 0 7 00 0 0 8 2 8 0 0 333 10 375 58 000 6 000 0 7 0000 
26-MAR-2015 12 48053 3 2 9 40 3 36 03 10 300 20 223 3 0000 4 0114 5 0000 6 000 0 7 00 0 0 8 2 5 0 6 333 10 315 58 023 6 000 0 7 0000 
26-MAR-2015 12 48055 2 1 5 56 6 23 02 10 193 20 118 3 0000 4 0163 5 0000 6 000 0 7 01 9 6 8 3 9 3 1 333 10 266 58 006 6 000 0 7 0000 
26-MAR-2015 12 48057 2 1 4 56 5 14 01 10 186 20 139 3 0000 4 0000 5 0000 6 000 0 7 01 9 5 8 4 9 5 0 333 10 258 58 000 6 000 0 7 0000 
26-MAR-2015 12 48060 2 1 4 30 6 00 00 10 240 20 174 3 0000 4 0143 5 0000 6 000 0 7 03 2 2 8 3 8 7 0 333 10 263 59 040 6 000 0 7 0000 
26-MAR-2015 12 48062 3 2 5 56 4 23 04 10 293 20 260 3 0000 4 0131 5 0000 6 000 0 7 04 1 1 8 3 8 3 0 333 10 330 58 015 6 000 0 7 0000 
26-MAR-2015 12 48064 3 2 5 50 2 14 02 10 315 20 265 3 0000 4 0109 5 0000 6 000 0 7 00 0 0 8 1 3 0 1 333 10 375 58 024 6 000 0 7 0000 
26-MAR-2015 12 48065 3 2 4 50 4 14 19 10 317 20 163 3 0000 4 0000 5 0000 6 000 0 7 00 0 0 8 3 8 0 1 333 10 367 58 000 6 000 0 7 0000 
26-MAR-2015 12 48071 3 2 9 56 0 32 02 10 305 20 254 3 0000 4 0133 5 0000 6 000 0 7 00 0 0 8 0 0 0 0 333 10 330 58 015 6 000 2 7 0000 
26-MAR-2015 12 48074 3 1 4 57 6 14 02 10 290 20 215 3 0000 4 0133 5 0000 6 000 0 7 00 0 0 8 4 9 6 0 333 10 370 58 012 6 000 0 7 0000 
26-MAR-2015 12 48075 3 1 4 56 8 32 02 10 200 20 185 3 0000 4 0173 5 0000 6 000 0 7 95 9 5 8 5 9 7 / 333 10 295 58 011 6 000 0 7 0000 
26-MAR-2015 12 48077 3 2 5 56 8 23 06 10 280 20 158 3 0000 4 0111 5 0000 6 000 0 7 00 0 0 8 5 9 7 0 333 10 364 58 000 6 000 0 7 0000 
26-MAR-2015 12 48078 2 1 5 50 6 27 02 10 298 20 196 3 0000 4 0122 5 0000 6 000 0 7 17 9 5 8 4 9 7 3 333 10 370 59 002 6 000 0 7 0000 
26-MAR-2015 12 48080 3 1 4 57 5 22 01 10 315 20 240 3 0000 4 0124 5 0000 6 000 0 7 05 2 2 8 3 8 7 0 333 10 360 58 006 6 000 2 7 0000 
26-MAR-2015 12 48085 3 2 4 56 3 32 05 10 296 20 223 3 0000 4 0129 5 0000 6 000 0 7 00 0 0 8 3 8 0 0 333 10 332 58 009 6 000 0 7 0000 
26-MAR-2015 12 48087 3 2 4 40 7 23 01 10 296 20 207 3 0000 4 0000 5 0000 6 000 0 7 03 2 2 8 4 3 7 / 333 10 370 58 000 6 000 0 7 0000 
26-MAR-2015 12 48092 2 1 5 50 7 23 02 10 300 20 231 3 0000 4 0112 5 0000 6 000 0 7 05 2 2 8 5 7 1 0 333 10 365 58 007 6 000 0 7 0000 
26-MAR-2015 12 48093 2 1 5 40 8 23 02 10 283 20 158 3 0000 4 0000 5 0000 6 000 0 7 02 6 5 8 4 8 4 1 333 10 358 58 000 6 000 0 7 0000 
26-MAR-2015 12 48094 3 2 9 56 0 00 00 10 295 20 220 3 0000 4 0123 5 0000 6 000 0 7 00 0 0 8 0 0 0 0 333 10 355 58 009 6 000 0 7 0000 
26-MAR-2015 12 48095 3 2 9 56 0 00 00 10 295 20 230 3 0000 4 0000 5 0000 6 000 0 7 00 0 0 8 0 0 0 0 333 10 340 58 000 6 000 0 7 0000 
26-MAR-2015 12 48097 3 2 5 57 7 24 01 10 305 20 216 3 0000 4 0138 5 0000 6 000 0 7 00 0 0 8 5 8 0 6 333 10 364 58 002 6 000 0 7 0000 
26-MAR-2015 12 48099 3 2 4 40 5 09 04 10 313 20 225 3 0000 4 0113 5 0000 6 000 0 7 00 0 0 8 2 8 3 1 333 10 338 59 012 6 000 0 7 0000 
26-MAR-2015 12 48101   2 2 95   10 00 10 000 20 000 3 0000 4 0000 5 0000 6 000 0 7 00 0 0 8 0 0 0 0 333 10 /// 58 000 6 000 0 7 0000 
26-MAR-2015 12 48103 3 2 4 40 7 04 02 10 321 20 215 3 0000 4 0114 5 0000 6 000 0 7 00 0 0 8 4 7 3 0 333 10 344 59 007 6 000 0 7 0000 
26-MAR-2015 12 48107 3 2 3 40 6 09 03 10 270 20 191 3 0000 4 0121 5 0000 6 000 0 7 00 0 0 8 4 9 7 0 333 10 344 58 003 6 000 2 7 0000 
26-MAR-2015 12 48108 3 2 5 96 6 32 02 10 310 20 246 3 0000 4 0126 5 0000 6 000 0 7 00 0 0 8 3 3 6 6 333 10 365 58 008 6 000 0 7 0000 
26-MAR-2015 12 48110 3 1 5 96 5 00 00 10 315 20 236 3 0000 4 0116 5 0000 6 000 0 7 05 2 2 8 2 3 0 6 333 10 335 59 002 6 000 0 7 0000 
26-MAR-2015 12 48112 2 0 2 25 4 01 16 10 000 20 000 3 0000 4 0000 5 0000 6 000 0 7 01 2 2 8 2 2 1 6 333 10 365 58 006 6 000 0 7 0000 
