26-NOV-2015 09 48051 3 2 5 60 1 31 01 10 301 20 190 3 0000 4 0000 5 0000 6 000 0 7 00 0 0 8 1 2 0 0 333 10 /// 58 000 6 000 0 7 0000 
26-NOV-2015 09 48062 3 2 9 58 0 27 03 10 310 20 270 3 0000 4 0094 5 0000 6 000 0 7 00 0 0 8 0 0 0 0 333 10 /// 59 008 6 000 0 7 0000 
26-NOV-2015 09 48071 3 2 9 60 0 32 03 10 290 20 215 3 0000 4 0096 5 0000 6 000 0 7 00 0 0 8 0 0 0 0 333 10 /// 59 005 6 000 0 7 0000 
26-NOV-2015 09 48072 3 2 4 60 1 32 01 10 300 20 223 3 0000 4 0000 5 0000 6 000 0 7 00 0 0 8 1 2 0 0 333 10 /// 58 000 6 000 0 7 0000 
26-NOV-2015 09 48075 3 2 4 58 3 32 01 10 290 20 215 3 0000 4 0078 5 0000 6 000 0 7 00 0 0 8 3 2 0 0 333 10 /// 59 014 6 000 0 7 0000 
26-NOV-2015 09 48077 3 2 9 59 0 00 00 10 330 20 201 3 0000 4 0087 5 0000 6 000 0 7 00 0 0 8 0 0 0 0 333 10 /// 59 011 6 000 0 7 0000 
26-NOV-2015 09 48078 3 2 5 62 2 32 01 10 328 20 223 3 0000 4 0087 5 0000 6 000 0 7 00 0 0 8 1 2 0 1 333 10 /// 59 010 6 000 0 7 0000 
26-NOV-2015 09 48080 3 2 9 61 0 22 07 10 312 20 203 3 0000 4 0090 5 0000 6 000 0 7 00 0 0 8 0 0 0 0 333 10 /// 59 002 6 000 0 7 0000 
26-NOV-2015 09 48085 3 2 4 58 1 36 04 10 312 20 203 3 0000 4 0090 5 0000 6 000 0 7 00 0 0 8 1 8 0 0 333 10 /// 59 005 6 000 0 7 0000 
26-NOV-2015 09 48087 3 2 9 60 0 04 02 10 326 20 212 3 0000 4 0000 5 0000 6 000 0 7 00 0 0 8 0 0 0 0 333 10 /// 58 000 6 000 0 7 0000 
26-NOV-2015 09 48092 3 2 4 58 2 00 00 10 340 20 225 3 0000 4 0064 5 0000 6 000 0 7 00 0 0 8 2 8 0 0 333 10 /// 59 012 6 000 0 7 0000 
26-NOV-2015 09 48093 3 2 5 58 3 14 01 10 343 20 240 3 0000 4 0000 5 0000 6 000 0 7 00 0 0 8 2 8 0 1 333 10 /// 58 000 6 000 0 7 0000 
26-NOV-2015 09 48094 3 2 4 60 3 04 02 10 330 20 190 3 0000 4 0090 5 0000 6 000 0 7 00 0 0 8 2 5 4 0 333 10 /// 59 005 6 000 0 7 0000 
26-NOV-2015 09 48095 3 2 5 60 2 04 01 10 310 20 225 3 0000 4 0000 5 0000 6 000 0 7 00 0 0 8 2 2 0 0 333 10 /// 58 000 6 000 0 7 0000 
26-NOV-2015 09 48097 3 2 5 57 6 04 01 10 330 20 224 3 0000 4 0095 5 0000 6 000 0 7 00 0 0 8 6 8 0 0 333 10 /// 59 003 6 000 0 7 0000 
26-NOV-2015 09 48099 3 2 5 58 3 04 03 10 340 20 257 3 0000 4 0075 5 0000 6 000 0 7 00 0 0 8 3 9 0 0 333 10 /// 59 016 6 000 0 7 0000 
26-NOV-2015 09 48101 3 2 6 60 2 00 00 10 342 20 240 3 0000 4 0000 5 0000 6 000 0 7 00 0 0 8 1 1 3 0 333 10 /// 58 000 6 000 0 7 0000 
26-NOV-2015 09 48103 3 2 4 57 3 04 04 10 357 20 214 3 0000 4 0075 5 0000 6 000 0 7 00 0 0 8 3 7 0 0 333 10 /// 59 003 6 000 0 7 0000 
26-NOV-2015 09 48107 3 2 3 50 5 27 01 10 350 20 237 3 0000 4 0075 5 0000 6 000 0 7 00 0 0 8 3 9 0 6 333 10 /// 59 006 6 000 0 7 0000 
26-NOV-2015 09 48108 3 2 5 96 5 05 04 10 350 20 240 3 0000 4 0096 5 0000 6 000 0 7 00 0 0 8 3 3 0 6 333 10 /// 58 019 6 000 0 7 0000 
26-NOV-2015 09 48109 3 2 4 97 3 09 01 10 320 20 248 3 0000 4 0097 5 0000 6 000 0 7 00 0 0 8 2 5 0 1 333 10 /// 59 018 6 000 0 7 0000 
26-NOV-2015 09 48110 3 1 5 96 4 32 02 10 325 20 253 3 0000 4 0076 5 0000 6 000 0 7 05 2 2 8 2 3 5 6 333 10 /// 58 002 6 000 0 7 0000 
26-NOV-2015 09 48112 3 2 5 98 6 04 12 10 322 20 248 3 0000 4 0070 5 0000 6 000 0 7 00 0 0 8 2 2 1 6 333 10 /// 59 002 6 000 0 7 0000 
