26-NOV-2015 03 48001 3 2 4 30 4 27 01 10 130 20 113 3 0000 4 0196 5 0000 6 000 0 7 00 0 0 8 4 4 0 0 333 10 /// 59 005 6 000 0 7 0000 
26-NOV-2015 03 48004 3 2 5 60 4 04 01 10 170 20 135 3 0000 4 0000 5 0000 6 000 0 7 00 0 0 8 4 8 0 0 333 10 /// 58 000 6 000 0 7 0000 
26-NOV-2015 03 48008 3 2 5 57 7 00 00 10 215 20 156 3 0000 4 0159 5 0000 6 000 0 7 00 0 0 8 4 9 7 0 333 10 /// 59 014 6 000 0 7 0000 
26-NOV-2015 03 48010 3 1 0 40 0 00 00 10 185 20 165 3 0000 4 0167 5 0000 6 000 0 7 01 4 4 8 0 0 0 0 333 10 /// 59 008 6 000 0 7 0000 
26-NOV-2015 03 48018 3 2 5 57 3 04 01 10 195 20 175 3 0000 4 0156 5 0000 6 000 0 7 00 0 0 8 2 4 6 0 333 10 /// 59 005 6 000 0 7 0000 
26-NOV-2015 03 48019 3 2 5 60 2 04 01 10 217 20 175 3 0000 4 0152 5 0000 6 000 0 7 00 0 0 8 0 0 2 0 333 10 /// 59 008 6 000 0 7 0000 
26-NOV-2015 03 48020 3 1 4 56 5 00 00 10 185 20 170 3 0000 4 0000 5 0000 6 000 0 7 01 4 4 8 5 6 0 0 333 10 /// 58 000 6 000 0 7 0000 
26-NOV-2015 03 48030 3 2 9 60 0 22 01 10 111 20 091 3 0000 4 0000 5 0000 6 000 0 7 00 0 0 8 0 0 0 0 333 10 /// 58 000 6 000 0 7 0000 
26-NOV-2015 03 48031 3 2 2 58 6 14 01 10 175 20 108 3 0000 4 0000 5 0000 6 000 0 7 00 0 0 8 6 8 0 0 333 10 /// 58 000 6 000 0 7 0000 
26-NOV-2015 03 48033 3 2 5 62 1 36 01 10 230 20 181 3 0000 4 0137 5 0000 6 000 0 7 00 0 0 8 1 1 0 0 333 10 /// 58 000 6 000 0 7 0000 
26-NOV-2015 03 48034 3 2 4 56 5 00 00 10 155 20 139 3 0000 4 0000 5 0000 6 000 0 7 00 0 0 8 3 8 3 0 333 10 /// 58 000 6 000 0 7 0000 
26-NOV-2015 03 48035 3 1 5 60 2 00 00 10 198 20 150 3 0000 4 0146 5 0000 6 000 0 7 05 4 4 8 2 1 0 0 333 10 /// 59 009 6 000 0 7 0000 
26-NOV-2015 03 48037 3 2 9 57 0 36 01 10 219 20 173 3 0000 4 0151 5 0000 6 000 0 7 00 0 0 8 0 0 0 0 333 10 /// 59 005 6 000 0 7 0000 
26-NOV-2015 03 48039 3 1 4 10 3 32 01 10 235 20 191 3 0000 4 0000 5 0000 6 000 0 7 40 4 4 8 2 8 5 0 333 10 /// 58 000 6 000 0 7 0000 
26-NOV-2015 03 48042 3 1 5 40 4 09 01 10 235 20 186 3 0000 4 0146 5 0000 6 000 0 7 10 1 1 8 1 4 5 0 333 10 /// 59 004 6 000 0 7 0000 
26-NOV-2015 03 48043 3 2 6 57 4 05 05 10 230 20 143 3 0000 4 0000 5 0000 6 000 0 7 00 0 0 8 3 2 3 0 333 10 /// 58 000 6 000 0 7 0000 
26-NOV-2015 03 48045 3 2 5 58 4 00 00 10 141 20 124 3 0000 4 0000 5 0000 6 000 0 7 00 0 0 8 4 6 0 0 333 10 /// 58 000 6 000 0 7 0000 
26-NOV-2015 03 48048 3 2 9 60 0 27 01 10 220 20 185 3 0000 4 0156 5 0000 6 000 0 7 00 0 0 8 0 0 0 0 333 10 /// 58 003 6 000 0 7 0000 
26-NOV-2015 03 48051 3 2 9 60 0 31 02 10 211 20 180 3 0000 4 0000 5 0000 6 000 0 7 02 0 0 8 0 0 0 0 333 10 /// 58 000 6 000 0 7 0000 
26-NOV-2015 03 48052 3 2 9 58 0 36 01 10 250 20 186 3 0000 4 0000 5 0000 6 000 0 7 00 0 0 8 0 0 0 0 333 10 /// 58 000 6 000 0 7 0000 
26-NOV-2015 03 48053 3 2 4 56 2 00 00 10 230 20 181 3 0000 4 0159 5 0000 6 000 0 7 00 0 0 8 2 5 0 0 333 10 /// 58 015 6 000 0 7 0000 
26-NOV-2015 03 48055 3 1 5 50 2 00 00 10 179 20 156 3 0000 4 0168 5 0000 6 000 0 7 02 4 4 8 2 8 0 0 333 10 /// 59 005 6 000 0 7 0000 
26-NOV-2015 03 48057 3 2 4 57 5 14 02 10 279 20 160 3 0000 4 0000 5 0000 6 000 0 7 00 0 0 8 4 8 0 1 333 10 /// 58 000 6 000 0 7 0000 
26-NOV-2015 03 48060 3 2 3 40 6 00 00 10 173 20 154 3 0000 4 0194 5 0000 6 000 0 7 00 0 0 8 3 1 3 2 333 10 /// 58 005 6 000 0 7 0000 
26-NOV-2015 03 48062 3 2 4 56 2 04 01 10 230 20 200 3 0000 4 0143 5 0000 6 000 0 7 01 2 2 8 2 5 0 0 333 10 /// 58 002 6 000 0 7 0000 
26-NOV-2015 03 48064 3 2 9 56 0 14 01 10 214 20 175 3 0000 4 0139 5 0000 6 000 0 7 00 0 0 8 0 0 0 0 333 10 /// 58 002 6 000 0 7 0000 
26-NOV-2015 03 48065 3 2 9 57 0 04 01 10 230 20 181 3 0000 4 0000 5 0000 6 000 0 7 00 0 0 8 0 0 0 0 333 10 /// 58 000 6 000 0 7 0000 
26-NOV-2015 03 48071 3 2 9 58 0 04 02 10 270 20 218 3 0000 4 0141 5 0000 6 000 0 7 00 0 0 8 0 0 0 0 333 10 /// 58 000 6 000 0 7 0000 
26-NOV-2015 03 48072 3 2 9 60 0 04 01 10 270 20 211 3 0000 4 0000 5 0000 6 000 0 7 01 2 2 8 0 0 0 0 333 10 /// 58 000 6 000 0 7 0000 
26-NOV-2015 03 48074 3 2 4 58 4 32 05 10 240 20 174 3 0000 4 0149 5 0000 6 000 0 7 00 0 0 8 2 1 5 0 333 10 /// 59 009 6 000 0 7 0000 
26-NOV-2015 03 48075 3 2 4 57 5 00 00 10 220 20 185 3 0000 4 0167 5 0000 6 000 0 7 00 0 0 8 3 8 3 0 333 10 /// 58 004 6 000 0 7 0000 
26-NOV-2015 03 48077 3 2 9 59 0 04 02 10 250 20 186 3 0000 4 0143 5 0000 6 000 0 7 00 0 0 8 0 0 0 0 333 10 /// 58 007 6 000 0 7 0000 
26-NOV-2015 03 48078 3 2 9 57 1 32 04 10 245 20 189 3 0000 4 0146 5 0000 6 000 0 7 00 0 0 8 0 0 0 1 333 10 /// 58 001 6 000 0 7 0000 
26-NOV-2015 03 48080 3 2 9 60 0 00 00 10 240 20 209 3 0000 4 0126 5 0000 6 000 0 7 00 0 0 8 0 0 0 0 333 10 /// 59 010 6 000 0 7 0000 
26-NOV-2015 03 48085 3 2 9 58 0 00 00 10 263 20 215 3 0000 4 0132 5 0000 6 000 0 7 00 0 0 8 0 0 0 0 333 10 /// 58 000 6 000 0 7 0000 
26-NOV-2015 03 48087 3 2 9 60 0 04 03 10 234 20 181 3 0000 4 0000 5 0000 6 000 0 7 00 0 0 8 0 0 0 0 333 10 /// 58 000 6 000 0 7 0000 
26-NOV-2015 03 48092 3 2 5 58 1 32 01 10 260 20 203 3 0000 4 0110 5 0000 6 000 0 7 00 0 0 8 1 4 0 0 333 10 /// 59 001 6 000 0 7 0000 
26-NOV-2015 03 48093 3 2 9 58 0 14 01 10 288 20 230 3 0000 4 0000 5 0000 6 000 0 7 00 0 0 8 0 0 0 0 333 10 /// 58 000 6 000 0 7 0000 
26-NOV-2015 03 48094 3 2 4 59 0 04 02 10 270 20 190 3 0000 4 0132 5 0000 6 000 0 7 00 0 0 8 0 0 0 0 333 10 /// 59 002 6 000 0 7 0000 
26-NOV-2015 03 48095 3 2 9 60 0 04 04 10 250 20 186 3 0000 4 0000 5 0000 6 000 0 7 00 0 0 8 0 0 0 0 333 10 /// 58 000 6 000 0 7 0000 
26-NOV-2015 03 48097 3 2 5 57 2 04 03 10 270 20 191 3 0000 4 0136 5 0000 6 000 0 7 02 1 1 8 1 5 3 0 333 10 /// 59 004 6 000 0 7 0000 
26-NOV-2015 03 48099 3 2 4 50 3 04 01 10 290 20 230 3 0000 4 0136 5 0000 6 000 0 7 00 0 0 8 3 8 0 0 333 10 /// 58 012 6 000 0 7 0000 
26-NOV-2015 03 48101 3 2 9 59 0 32 02 10 272 20 191 3 0000 4 0000 5 0000 6 000 0 7 00 0 0 8 0 0 0 0 333 10 /// 58 000 6 000 0 7 0000 
26-NOV-2015 03 48103 3 2 4 56 1 04 05 10 300 20 239 3 0000 4 0127 5 0000 6 000 0 7 00 0 0 8 1 5 0 0 333 10 /// 58 002 6 000 0 7 0000 
26-NOV-2015 03 48107 3 2 9 50 0 04 01 10 298 20 253 3 0000 4 0115 5 0000 6 000 0 7 00 0 0 8 0 0 0 0 333 10 /// 58 002 6 000 0 7 0000 
26-NOV-2015 03 48109 3 2 4 97 2 09 01 10 302 20 239 3 0000 4 0132 5 0000 6 000 0 7 00 0 0 8 1 5 0 1 333 10 /// 58 004 6 000 0 7 0000 
26-NOV-2015 03 48110 2 1 5 96 3 13 03 10 310 20 254 3 0000 4 0118 5 0000 6 000 0 7 05 1 1 8 1 1 5 5 333 10 /// 59 003 6 000 0 7 0000 
26-NOV-2015 03 48112 3 2 5 98 6 04 05 10 282 20 250 3 0000 4 0110 5 0000 6 000 0 7 00 0 0 8 2 2 1 6 333 10 /// 59 005 6 000 0 7 0000 
