260900 48001 32440 40401 10280 20250 40108 82850 333 56550 59009=
260900 48004 32562 21301 10315 20248 82800 333 56900=
260900 48008 32558 11401 10310 20189 40118 81100 333 56400 59003=
260900 48010 32560 10000 10320 20236 40119 81100 333 56900 58002=
260900 48018 32560 11401 10335 20234 40120 70211 81400 333 56900 59012=
260900 48019 32962 02702 10324 20200 40111 333 59005=
260900 48020 32562 10903 10320 20265 81200 333 56400=
260900 48025 32458 33601 10320 20236 40116 83800 333 56900 59003=
260900 48035 32560 02202 10306 20124 40083 333 59005=
260900 48037 32464 13602 10335 20225 40105 81100 333 56800 59009=
260900 48042 32560 13601 10340 20225 40099 81200 333 56900 58004=
260900 48045 31556 72303 10211 20195 70244 87300 333 56500=
260900 48048 32560 40901 10332 20244 40111 84800 333 56800 58012=
260900 48053 32558 23602 10330 20212 40110 82500 333 56800 58010=
260900 48060 32340 43201 10315 20187 40054 84300 333 56200 59004=
260900 48080 22459 61304 10270 20256 40105 70365 84970 333 56390 58001=
260900 48030 32256 60402 10214 20175 85940 333 56180=
260900 48057 32458 41801 10257 20138 84200 333 56500=
260900 48031 32258 61801 10230 20143 86800 333 56400=
260900 48033 32963 03601 10330 20234 40095 333 58000=
260900 48034 32458 10403 10265 20102 81500 333 56500=
260900 48039 32460 12201 10329 20234 81100 333 56100=
260900 48043 32557 41403 10255 20203 84300 333 56600=
260900 48052 32460 30000 10348 20266 83800 333 56900=
260900 48055 32557 43603 10282 20203 40092 84300 333 56100 59032=
260900 48064 32558 31401 10330 20258 40100 82830 333 56880 58014=
260900 48065 32560 32201 10340 20240 82801 333 56909=
260900 48074 32461 40401 10330 20244 40108 83860 333 56110 59003=
260900 48092 32457 50901 10330 20251 40087 84830 333 56990 58003=
