



*-*-*


<!--
.style2 {
	font-family:"Courier New", Courier, monospace;
	font-size: 14px;
}
-->






SMBM01 VBRR 260600

AAXX 26064

48001 32450 61301 10283 20250 40061 84830 333 56570

58026=

48004 32458 60401 10296 20253 86900 333 56500=

48008 32457 62301 10322 20281 40054 83970 333 56450

58009=

48010 32557 61801 10310 20267 40066 84870 333 56190

58030=

48018 21557 71201 10290 20259 40061 70266 84870 333

56550 58010=

48019 32460 42303 10320 20265 40058 83320 333 56550

58013=

48020 32458 60403 10310 20267 84830 333 56450=

48025 32456 60901 10310 20254 40071 84840 333 56550

58027=

48035 31560 63203 10286 20215 40032 70522 84960 333

56340 58009=

48037 21460 73201 10295 20266 40078 70255 8587/ 333

56449 58043=

48042 32558 51801 10340 20257 40053 84802 333 56409

58022=

48045 31220 82204 10232 20198 74344 886// 333 56599=

48048 32560 52202 10332 20244 40061 84950 333 56490

58021=

48051 32560 43602 10316 20270 83830 333 56290=

48053 NIL=

48060 32456 50000 10300 20223 40054 83830 333 56560

58029=

48062 32458 82704 10316 20280 40068 84330 333 56790

58006=

48071 32460 63203 10295 20266 40071 84970 333 56690

58008=

48075 32457 60901 10290 20230 40071 84850 333 56690

58013=

48077 32559 72301 10340 20257 40055 85931 333 56499

58009=

48078 32556 41801 10323 20265 40075 83801 333 56409

58011=

48080 32461 62209 10312 20255 40073 84830 333 56590

58011=

48085 32458 52705 10304 20253 40066 84870 333 56690

58000=

48095 32460 72202 10340 20288 82840 333 56990=

48108 32495 82301 10295 20256 40093 85377 333 56699

59003=

48109 NIL=

48110 21495 81301 10275 20262 40098 75155 86377 333

56699 59004=

48112 21496 83205 10250 20250 40104 75155 8677/ 333

5679/ 58000=

48030 32256 62204 10230 20181 83842 333 56569=

48072 21460 40401 10320 20251 70155 83970 333 56590=

48087 32458 60000 10320 20265 83371 333 56699=

48099 32456 50901 10300 20253 40072 85300 333 56900

58000=

48101 32558 72301 10292 20259 84770 333 56590=

48103 32456 72202 10290 20248 40076 85732 333 56559

59013=

48057 32460 41302 10260 20203 84300 333 56400=

48094 32460 53202 10335 20270 40065 83970 333 56690

59006=

48097 21557 72301 10295 20262 40078 70252 86830 333

56990 59003=

48031 32258 60401 10230 20183 84840 333 56490=

48033 21562 71801 10265 20256 40061 70155 86970 333

56490 58028=

48034 32456 82302 10237 20209 8637/ 333 5659/=

48039 21456 73201 10313 20254 85960 333 56440=

48043 32556 71807 10260 20229 8587/ 333 56599=

48052 32465 60000 10315 20265 85920 333 56990=

48055 21557 50000 10265 20221 40047 70165 85900 333

56500 58022=

48064 32460 43601 10336 20270 40045 82801 333 56409

58022=

48065 32557 32201 10347 20240 82830 333 56990=

48074 32460 40402 10320 20265 40069 83801 333 56409

59007=

48092 32457 81301 10320 20265 40054 8637/ 333 5659/

58002=

48093 32557 82301 10302 20266 8637/ 333 56999=

48107 32350 30301 10310 20267 40080 83900 333 56600

59009=

48096 21457 71703 10290 20259 40078 72022 85970 333

56990 58004=  





