



*-*-*


<!--
.style2 {
	font-family:"Courier New", Courier, monospace;
	font-size: 14px;
}
-->






SIBM20 VBRR 270300

AAXX 27034

48001 21340 83201 10245 20233 40069 70166 887// 333

56399 58004=

48004 21110 81301 10251 20251 75096 8597/ 333 56559=

48008 31456 82301 10260 20246 40076 75055 8497/ 333

56459 58010=

48010 21440 81801 10270 20256 40073 8577/ 333 56599

58005=

48018 32557 82301 10270 20240 40065 8497/ 333 56459

58009=

48019 21457 80000 10257 20250 40075 75066 857// 333

56999 58029=

48020 32357 80903 10280 20250 887// 333 56499=

48025 32220 70901 10274 20256 40075 84870 333 56540

58017=

48035 31560 83202 10242 20226 40083 70266 8597/ 333

56999 58032=

48037 32459 51802 10291 20248 40069 82249 333 56449

58022=

48042 32559 51804 10292 20230 40077 83802 333 56409

58020=

48045 22110 51402 10210 20195 74244 83641 333 56439=

48048 22560 41801 10303 20239 40073 84800 333 56400

58017=

48051 22558 71303 10276 20270 70222 85970 333 56440=

48053 32456 61804 10290 20230 40088 83556 333 56499

58026=

48060 22330 70000 10254 20224 40068 70251 85830 333

56590 58011=

48062 21456 71305 10275 20270 40065 70155 85970 333

56490 58014=

48071 21458 82303 10250 20250 40086 76266 8692/ 333

5659/ 58038=

48075 22456 60000 10240 20209 40094 70322 85340 333

56590 58008=

48077 22559 82301 10286 20248 40080 85931 333 56499

58034=

48078 22556 51801 10272 20256 40108 84501 333 56409

58029=

48080 22459 61302 10274 20240 40087 84870 333 56490

58026=

48085 21458 71304 10285 20268 40085 70152 85370 333

56590 58018=

48095 22558 70000 10280 20268 70222 84840 333 56990=

48108 22595 82301 10270 20240 40121 84367 333 56699

58016=

48109 22496 82303 10268 20240 40101 8697/ 333 5699/

58024=

48110 21595 80000 10270 20240 40117 84357 333 56999

58001=

48112 32598 60402 10275 20256 40112 82216 333 56199

59002=

48030 21150 80401 10193 20193 70144 8684/ 333 56189=

48072 22460 61304 10295 20266 70222 84930 333 56590=

48087 22556 70000 10276 20268 8437/ 333 5649/=

48099 21330 82301 10248 20248 40113 75065 8697/ 333

5659/ 58025=

48101 22558 61801 10280 20250 70222 83371 333 56999=

48103 21340 82201 10236 20236 40116 76066 8672/ 333

5655/ 58026=

48057 22458 71801 10208 20175 85950 333 56590=

48094 22459 52202 10280 20270 40095 70122 83970 333

56590 58027=

48097 21457 82102 10280 20259 40106 70265 8683/ 333

5659/ 58012=

48031 21/05 91401 10200 20200 74744 89/// 333 56999=

48033 32562 41801 10290 20248 40071 83530 333 56490

58011=

48034 21356 80000 10208 20198 75055 8692/ 333 5659/=

48039 22460 51401 10290 20230 84802 333 56404=

48043 32556 81808 10220 20205 8587/ 333 56599=

48052 32460 51302 10295 20239 85900 333 56300=

48055 22556 52302 10255 20224 40082 83831 333 56449

58015=

48064 32558 53201 10295 20253 40070 83830 333 56440

58019=

48065 32456 72202 10290 20259 85870 333 56990=

48074 32458 61402 10270 20256 40104 84860 333 56440

58025=

48092 21456 81301 10270 20263 40091 70522 8597/ 333

5659/ 58020=

48093 22556 82301 10268 20256 8637/ 333 56399=

48107 21330 72301 10256 20246 40113 70165 85970 333

56550 58019=

48096 22457 71503 10270 20256 40083 8597/ 333 5659/

58023=  





