48001 21210 83601 10248 20245 40037 76066 8672/ 333 56469 58016=
48004 NIL=
48008 31456 70000 10295 20253 40054 72055 84970 333 56450 58020=
48010 32557 60000 10295 20266 40043 83870 333 56550 58018=
48018 32557 81801 10310 20237 40051 8487/ 333 56449 58015=
48019 32458 80000 10306 20254 40052 85760 333 56560 58024=
48020 32460 53605 10340 20288 85800 333 56400=
48025 32456 70000 10322 20248 40041 84800 333 56550 58021=
48035 32560 73203 10282 20220 40034 85970 333 56790 58026=
48037 32460 60000 10332 20244 40034 85330 333 56440 58022=
48042 32560 61804 10345 20231 40043 83852 333 56440 58026=
48045 31006 91404 10236 20209 74544 89/// 333 56999=
48048 32560 41801 10350 20219 40044 84800 333 56400 58016=
48051 NIL=
48053 32458 61803 10340 20225 40048 84956 333 56599 58018=
48060 32350 50000 10310 20225 49998 70122 83132 333 56499 59012=
48062 21456 81806 10268 20262 40058 72166 86920 333 56490 58033=
48071 22460 62305 10310 20254 40060 86900 333 56900 58024=
48075 32457 50000 10300 20223 40049 70222 83630 333 56590 58000=
48077 21559 80000 10270 20256 40055 70266 85970 333 56490 58018=
48078 22559 41801 10302 20253 40074 83801 333 56409 58018=
48080 32459 72203 10294 20259 40070 85870 333 56490 58024=
48085 22458 61803 10280 20266 40065 84376 333 56599 58019=
48095 32458 80000 10285 20268 70222 84970 333 56990=
48108 21494 82302 10250 20250 40107 75065 8537/ 333 5649/ 58018=
48109 NIL=
48110 32596 83201 10310 20254 40097 83357 333 56999 59002=
48112 32597 82701 10310 20254 40089 70222 83876 333 56699 58001=
48030 21/05 90402 10204 20204 75055 89/// 333 56999=
48072 21459 71804 10270 20256 75055 85970 333 56590=
48087 22458 82301 10280 20250 70355 8597/ 333 5649/=
48099 22450 71301 10270 20256 40081 84930 333 56390 58005=
48101 21558 81802 10288 20259 70252 8477/ 333 5649/=
48103 21456 72201 10267 20256 40087 70365 87700 333 56500 58014=
48057 32458 62703 10255 20179 84901 333 56509=
48094 21457 82201 10270 20270 40072 72166 8597/ 333 56599 58016=
48097 21557 72201 10275 20269 40094 75065 85330 333 56990 58022=
48031 31/07 91801 10230 20214 74744 89/// 333 56999=
48033 32563 61801 10330 20258 40042 86900 333 56400 58030=
48034 22457 61802 10255 20215 86300 333 56500=
48039 32460 71401 10329 20234 84960 333 56440=
48043 32556 71808 10250 20219 84830 333 56590=
48052 32468 42201 10366 20258 84800 333 56900=
48055 32557 72301 10290 20215 40033 85930 333 56590 59006=
48064 32458 70000 10335 20270 40040 84870 333 56440 58019=
48065 32456 72201 10335 20275 85830 333 56990=
48074 32459 72302 10295 20266 40066 84370 333 56500 58017=
48092 21456 81302 10260 20253 40062 75066 8697/ 333 5649/ 58021=
48093 21456 82301 10253 20251 75065 8637/ 333 56999=
48107 32350 62301 10286 20248 40089 84970 333 56550 58015=
48096 21456 81807 10270 20256 40075 72065 8597/ 333 5699/ 58012=  