27-AUG-2015 03 48001 2 1 3 40 8 32 01 10 245 20 233 3 0000 4 0069 5 0000 6 000 0 7 01 6 6 8 8 7 / / 333 10 /// 58 004 6 000 0 7 0000 
27-AUG-2015 03 48004 2 1 1 10 8 13 01 10 251 20 251 3 0000 4 0000 5 0000 6 000 0 7 50 9 6 8 5 9 7 / 333 10 /// 58 000 6 000 0 7 0000 
27-AUG-2015 03 48008 3 1 4 56 8 23 01 10 260 20 246 3 0000 4 0076 5 0000 6 000 0 7 50 5 5 8 4 9 7 / 333 10 /// 58 010 6 000 0 7 0000 
27-AUG-2015 03 48010 2 1 4 40 8 18 01 10 270 20 256 3 0000 4 0073 5 0000 6 000 0 7 00 0 0 8 5 7 7 / 333 10 /// 58 005 6 000 0 7 0000 
27-AUG-2015 03 48018 3 2 5 57 8 23 01 10 270 20 240 3 0000 4 0065 5 0000 6 000 0 7 00 0 0 8 4 9 7 / 333 10 /// 58 009 6 000 0 7 0000 
27-AUG-2015 03 48019 2 1 4 57 8 00 00 10 257 20 250 3 0000 4 0075 5 0000 6 000 0 7 50 6 6 8 5 7 / / 333 10 /// 58 029 6 000 0 7 0000 
27-AUG-2015 03 48020 3 2 3 57 8 09 03 10 280 20 250 3 0000 4 0000 5 0000 6 000 0 7 00 0 0 8 8 7 / / 333 10 /// 58 000 6 000 0 7 0000 
27-AUG-2015 03 48025 3 2 2 20 7 09 01 10 274 20 256 3 0000 4 0075 5 0000 6 000 0 7 00 0 0 8 4 8 7 0 333 10 /// 58 017 6 000 0 7 0000 
27-AUG-2015 03 48030 2 1 1 50 8 04 01 10 193 20 193 3 0000 4 0000 5 0000 6 000 0 7 01 4 4 8 6 8 4 / 333 10 /// 58 000 6 000 0 7 0000 
27-AUG-2015 03 48031 2 1 / 05 9 14 01 10 200 20 200 3 0000 4 0000 5 0000 6 000 0 7 47 4 4 8 9 / / / 333 10 /// 58 000 6 000 0 7 0000 
27-AUG-2015 03 48033 3 2 5 62 4 18 01 10 290 20 248 3 0000 4 0071 5 0000 6 000 0 7 00 0 0 8 3 5 3 0 333 10 /// 58 011 6 000 0 7 0000 
27-AUG-2015 03 48034 2 1 3 56 8 00 00 10 208 20 198 3 0000 4 0000 5 0000 6 000 0 7 50 5 5 8 6 9 2 / 333 10 /// 58 000 6 000 0 7 0000 
27-AUG-2015 03 48035 3 1 5 60 8 32 02 10 242 20 226 3 0000 4 0083 5 0000 6 000 0 7 02 6 6 8 5 9 7 / 333 10 /// 58 032 6 000 0 7 0000 
27-AUG-2015 03 48037 3 2 4 59 5 18 02 10 291 20 248 3 0000 4 0069 5 0000 6 000 0 7 00 0 0 8 2 2 4 9 333 10 /// 58 022 6 000 0 7 0000 
27-AUG-2015 03 48039 2 2 4 60 5 14 01 10 290 20 230 3 0000 4 0000 5 0000 6 000 0 7 00 0 0 8 4 8 0 2 333 10 /// 58 000 6 000 0 7 0000 
27-AUG-2015 03 48042 3 2 5 59 5 18 04 10 292 20 230 3 0000 4 0077 5 0000 6 000 0 7 00 0 0 8 3 8 0 2 333 10 /// 58 020 6 000 0 7 0000 
27-AUG-2015 03 48043 3 2 5 56 8 18 08 10 220 20 205 3 0000 4 0000 5 0000 6 000 0 7 00 0 0 8 5 8 7 / 333 10 /// 58 000 6 000 0 7 0000 
27-AUG-2015 03 48045 2 2 1 10 5 14 02 10 210 20 195 3 0000 4 0000 5 0000 6 000 0 7 42 4 4 8 3 6 4 1 333 10 /// 58 000 6 000 0 7 0000 
27-AUG-2015 03 48048 2 2 5 60 4 18 01 10 303 20 239 3 0000 4 0073 5 0000 6 000 0 7 00 0 0 8 4 8 0 0 333 10 /// 58 017 6 000 0 7 0000 
27-AUG-2015 03 48051 2 2 5 58 7 13 03 10 276 20 270 3 0000 4 0000 5 0000 6 000 0 7 02 2 2 8 5 9 7 0 333 10 /// 58 000 6 000 0 7 0000 
27-AUG-2015 03 48052 3 2 4 60 5 13 02 10 295 20 239 3 0000 4 0000 5 0000 6 000 0 7 00 0 0 8 5 9 0 0 333 10 /// 58 000 6 000 0 7 0000 
27-AUG-2015 03 48053 3 2 4 56 6 18 04 10 290 20 230 3 0000 4 0088 5 0000 6 000 0 7 00 0 0 8 3 5 5 6 333 10 /// 58 026 6 000 0 7 0000 
27-AUG-2015 03 48055 2 2 5 56 5 23 02 10 255 20 224 3 0000 4 0082 5 0000 6 000 0 7 00 0 0 8 3 8 3 1 333 10 /// 58 015 6 000 0 7 0000 
27-AUG-2015 03 48057 2 2 4 58 7 18 01 10 208 20 175 3 0000 4 0000 5 0000 6 000 0 7 00 0 0 8 5 9 5 0 333 10 /// 58 000 6 000 0 7 0000 
27-AUG-2015 03 48060 2 2 3 30 7 00 00 10 254 20 224 3 0000 4 0068 5 0000 6 000 0 7 02 5 1 8 5 8 3 0 333 10 /// 58 011 6 000 0 7 0000 
27-AUG-2015 03 48062 2 1 4 56 7 13 05 10 275 20 270 3 0000 4 0065 5 0000 6 000 0 7 01 5 5 8 5 9 7 0 333 10 /// 58 014 6 000 0 7 0000 
27-AUG-2015 03 48064 3 2 5 58 5 32 01 10 295 20 253 3 0000 4 0070 5 0000 6 000 0 7 00 0 0 8 3 8 3 0 333 10 /// 58 019 6 000 0 7 0000 
27-AUG-2015 03 48065 3 2 4 56 7 22 02 10 290 20 259 3 0000 4 0000 5 0000 6 000 0 7 00 0 0 8 5 8 7 0 333 10 /// 58 000 6 000 0 7 0000 
27-AUG-2015 03 48071 2 1 4 58 8 23 03 10 250 20 250 3 0000 4 0086 5 0000 6 000 0 7 62 6 6 8 6 9 2 / 333 10 /// 58 038 6 000 0 7 0000 
27-AUG-2015 03 48072 2 2 4 60 6 13 04 10 295 20 266 3 0000 4 0000 5 0000 6 000 0 7 02 2 2 8 4 9 3 0 333 10 /// 58 000 6 000 0 7 0000 
27-AUG-2015 03 48074 3 2 4 58 6 14 02 10 270 20 256 3 0000 4 0104 5 0000 6 000 0 7 00 0 0 8 4 8 6 0 333 10 /// 58 025 6 000 0 7 0000 
27-AUG-2015 03 48075 2 2 4 56 6 00 00 10 240 20 209 3 0000 4 0094 5 0000 6 000 0 7 03 2 2 8 5 3 4 0 333 10 /// 58 008 6 000 0 7 0000 
27-AUG-2015 03 48077 2 2 5 59 8 23 01 10 286 20 248 3 0000 4 0080 5 0000 6 000 0 7 00 0 0 8 5 9 3 1 333 10 /// 58 034 6 000 0 7 0000 
27-AUG-2015 03 48078 2 2 5 56 5 18 01 10 272 20 256 3 0000 4 0108 5 0000 6 000 0 7 00 0 0 8 4 5 0 1 333 10 /// 58 029 6 000 0 7 0000 
27-AUG-2015 03 48080 2 2 4 59 6 13 02 10 274 20 240 3 0000 4 0087 5 0000 6 000 0 7 00 0 0 8 4 8 7 0 333 10 /// 58 026 6 000 0 7 0000 
27-AUG-2015 03 48085 2 1 4 58 7 13 04 10 285 20 268 3 0000 4 0085 5 0000 6 000 0 7 01 5 2 8 5 3 7 0 333 10 /// 58 018 6 000 0 7 0000 
27-AUG-2015 03 48087 2 2 5 56 7 00 00 10 276 20 268 3 0000 4 0000 5 0000 6 000 0 7 00 0 0 8 4 3 7 / 333 10 /// 58 000 6 000 0 7 0000 
27-AUG-2015 03 48092 2 1 4 56 8 13 01 10 270 20 263 3 0000 4 0091 5 0000 6 000 0 7 05 2 2 8 5 9 7 / 333 10 /// 58 020 6 000 0 7 0000 
27-AUG-2015 03 48093 2 2 5 56 8 23 01 10 268 20 256 3 0000 4 0000 5 0000 6 000 0 7 00 0 0 8 6 3 7 / 333 10 /// 58 000 6 000 0 7 0000 
27-AUG-2015 03 48094 2 2 4 59 5 22 02 10 280 20 270 3 0000 4 0095 5 0000 6 000 0 7 01 2 2 8 3 9 7 0 333 10 /// 58 027 6 000 0 7 0000 
27-AUG-2015 03 48095 2 2 5 58 7 00 00 10 280 20 268 3 0000 4 0000 5 0000 6 000 0 7 02 2 2 8 4 8 4 0 333 10 /// 58 000 6 000 0 7 0000 
27-AUG-2015 03 48096 2 2 4 57 7 15 03 10 270 20 256 3 0000 4 0083 5 0000 6 000 0 7 00 0 0 8 5 9 7 / 333 10 /// 58 023 6 000 0 7 0000 
27-AUG-2015 03 48097 2 1 4 57 8 21 02 10 280 20 259 3 0000 4 0106 5 0000 6 000 0 7 02 6 5 8 6 8 3 / 333 10 /// 58 012 6 000 0 7 0000 
27-AUG-2015 03 48099 2 1 3 30 8 23 01 10 248 20 248 3 0000 4 0113 5 0000 6 000 0 7 50 6 5 8 6 9 7 / 333 10 /// 58 025 6 000 0 7 0000 
27-AUG-2015 03 48101 2 2 5 58 6 18 01 10 280 20 250 3 0000 4 0000 5 0000 6 000 0 7 02 2 2 8 3 3 7 1 333 10 /// 58 000 6 000 0 7 0000 
27-AUG-2015 03 48103 2 1 3 40 8 22 01 10 236 20 236 3 0000 4 0116 5 0000 6 000 0 7 60 6 6 8 6 7 2 / 333 10 /// 58 026 6 000 0 7 0000 
27-AUG-2015 03 48107 2 1 3 30 7 23 01 10 256 20 246 3 0000 4 0113 5 0000 6 000 0 7 01 6 5 8 5 9 7 0 333 10 /// 58 019 6 000 0 7 0000 
27-AUG-2015 03 48108 2 2 5 95 8 23 01 10 270 20 240 3 0000 4 0121 5 0000 6 000 0 7 00 0 0 8 4 3 6 7 333 10 /// 58 016 6 000 0 7 0000 
27-AUG-2015 03 48109 2 2 4 96 8 23 03 10 268 20 240 3 0000 4 0101 5 0000 6 000 0 7 00 0 0 8 6 9 7 / 333 10 /// 58 024 6 000 0 7 0000 
27-AUG-2015 03 48110 2 1 5 95 8 00 00 10 270 20 240 3 0000 4 0117 5 0000 6 000 0 7 00 0 0 8 4 3 5 7 333 10 /// 58 001 6 000 0 7 0000 
27-AUG-2015 03 48112 3 2 5 98 6 04 02 10 275 20 256 3 0000 4 0112 5 0000 6 000 0 7 00 0 0 8 2 2 1 6 333 10 /// 59 002 6 000 0 7 0000 
