48001 NIL=
48004 32550 10000 10191 20159 81800 333 10225 56900=
48008 32550 30000 10212 20160 40154 82430 333 10252 56450 59006=
48010 32010 00000 10200 20168 40151 333 10242 59006=
48018 31540 60000 10210 20143 40152 71044 83870 333 10266 56760 58003=
48019 32440 50000 10205 20185 40149 84630 333 10250 56560 58003=
48020 32/20 00000 10180 20142 333 10240=
48025 32410 50000 10211 20143 40162 83840 333 10240 56590 59000=
48035 31910 00000 10198 20150 40127 71000 333 10265 58002=
48037 32920 00000 10234 20181 40125 333 10278 59018=
48042 31550 10000 10250 20186 40132 70511 81400 333 10282 56900 59003=
48045 32550 12302 10150 20111 81100 333 10202 56600=
48048 31950 00000 10243 20174 40133 71044 333 10291 58004=
48051 32958 00000 10210 20180 333 10288=
48053 32950 00000 10260 20179 40133 333 10305 58004=
48060 32420 12201 10223 20156 40146 81100 333 10287 56400 58006=
48062 31450 33202 10240 20210 40147 70522 82530 333 10290 56990 58012=
48071 31950 03203 10243 20174 40147 70500 333 10278 58011=
48075 32956 00000 10240 20155 40138 333 10295 58006=
48077 32956 10000 10288 20179 40123 80001 333 10312 56009 58002 60002=
48078 32956 20000 10275 20206 40141 80001 333 10318 56009 58009=
48080 32456 20000 10281 20250 40158 82500 333 10320 56900 58024=
48085 32956 30902 10270 20226 40141 80006 333 10308 56009 58015=
48095 32950 10000 10260 20215 80002 333 10305 56009 60002=
48108 32495 51401 10280 20250 40143 84406 333 10350 56909 58016=
48109 32496 40000 10288 20248 40147 84900 333 10335 56900 58013=
48110 31596 63201 10295 20250 40132 70522 81306 333 10335 56909 58015=
48112 32598 60407 10300 20266 40118 82216 333 10337 56199 58006 60002=
48030 32956 00401 10132 20116 333 10204=
48072 32956 03201 10245 20205 333 10300=
48087 32940 00000 10250 20219 333 10310=
48099 32330 50000 10302 20223 40129 83802 333 10355 56909 58014=
48101 32950 10000 10275 20220 80001 333 10327 56009 60002=
48103 31340 41302 10278 20268 40135 84700 333 10360 56300 58012 69902=
48057 32440 31401 10190 20114 82800 333 10244 56500=
48094 32456 30000 10290 20220 40141 82540 333 10338 56990 58012=
48097 32557 52201 10285 20200 40144 82501 333 10336 56909 58013 60002=
48031 NIL=
48033 32958 03601 10250 20205 40110 333 10280 58020=
48034 32956 00000 10175 20132 333 10232=
48039 32450 40000 10233 20191 82402 333 10290 56909=
48043 32010 00000 10180 20129 333 10240=
48052 31950 03201 10280 20203 70522 333 10313=
48055 32956 02304 10207 20181 40136 333 10296 58009=
48064 32950 00000 10238 20174 40121 333 10255 58015=
48065 32450 20000 10250 20186 82600 333 10310 56900=
48074 32957 00000 10260 20203 40135 333 10330 58010=
48092 31456 30000 10280 20203 40119 70522 81501 333 10336 56909 58015=
48093 32930 11401 10266 20211 80001 333 10327 56009=
48107 32930 20000 10290 20230 40124 80046 333 10368 56009 58008=
48096 31957 33103 10280 20184 40145 70511 80001 333 10340 56009 58016=  