270300 48004 31560 10401 10110 20091 72844 81100 333 56900=
270300 48008 31456 30402 10174 20117 40196 70244 82430 333 56450 59001=
270300 48010 31030 01801 10130 20113 40205 74044 333 58002=
270300 48018 32958 01401 10135 20121 40193 70244 333 58001=
270300 48019 32558 10401 10140 20124 40176 80030 333 56060 59005=
270300 48020 32/20 90000 10130 20113 74344 333 56000=
270300 48025 31003 83601 10138 20138 40199 74744 333 56899 58003=
270300 48030 31/05 92201 10058 20058 74344 333 56000=
270300 48031 32960 02201 10130 20044 333 56000=
270300 48033 32962 03601 10160 20144 40176 70200 333 58000=
270300 48034 31456 10000 10120 20081 71011 81500 333 56500=
270300 48035 31/01 90000 10130 20130 40183 74744 333 58003=
270300 48037 32956 03601 10165 20144 40178 70200 333 59000=
270300 48039 31940 32201 10185 20147 74044 80002 333 56009=
270300 48042 31920 02201 10184 20165 40185 74044 333 58019=
270300 48043 32056 00000 10135 20124 333 56000=
270300 48045 32557 21402 10109 20091 82800 333 56300=
270300 48048 31958 00000 10167 20135 40188 71044 333 58044=
270300 48051 32958 03102 10177 20150 333=
270300 48052 31956 03601 10192 20139 70522 333 56000=
270300 48053 32950 03602 10190 20139 40176 333 58004=
270300 48055 32955 01803 10145 20109 40202 333 58019=
270300 48057 32956 01402 10196 20109 333 56000=
270300 48060 32440 23201 10160 20123 40220 82100 333 56400 58009=
270300 48062 32456 20402 10180 20150 40174 82500 333 56900 58020=
270300 48064 32958 01401 10183 20147 40177 70211 333 58002=
270300 48065 31956 00402 10190 20139 70522 333 56000=
270300 48071 32958 03203 10238 20209 40168 333 58007=
270300 48072 31959 00402 10240 20191 70500 333=
270300 48074 32958 00406 10200 20150 40194 333 58024=  
270300 48075 32956 00000 10180 20147 40196 333 58005=
270300 48077 32959 00402 10220 20156 40167 333 58005=
270300 48078 32956 10904 10208 20160 40185 80001 333 56009 58018=
270300 48080 31959 00401 10192 20157 40170 333 58020=
270300 48085 31458 70000 10242 20226 40165 70344 82806 333 56909 58018=
270300 48087 32960 30403 10220 20156 80041 333 56099=
270300 48092 31956 22702 10235 20178 40147 70522 80002 333 56009 58012=
270300 48093 32957 10401 10250 20186 80001 333 56009=
270300 48094 32960 03202 10250 20210 40166 333 58022=
270300 48095 32958 10402 10235 20181 80002 333 56009=
270300 48096 32557 23303 10250 20205 40173 82100 333 56900 58015=  48001 31903 90000 10070 20065 40223 74544 333 58004=
270300 48097 31557 40402 10250 20185 40173 70511 82506 333 56909 58016=
270300 48099 31456 32702 10260 20215 40165 71044 83800 333 56900 58028=
270300 48101 32958 10401 10250 20167 80001 333 56009=
270300 48103 31456 00403 10278 20233 40162 70144 333 58021=
270300 48107 31950 00901 10280 20233 40147 7//44 333 58015=
270300 48108 31997 23601 10273 20235 40167 70144 80001 333 56009 58022=
270300 48109 32497 40402 10292 20248 40166 83930 333 56990 58018=
270300 48110 31996 21301 10300 20239 40159 70544 80005 333 56009 58019=
270300 48112 32597 80403 10290 20259 40140 83876 333 56199 59010=
