27-DEC-2015 00 48075 3 1 4 56 4 00 00 10 120 20 102 3 0000 4 0209 5 0000 6 000 0 7 02 4 4 8 4 8 0 0 333 20 125 58 027 6 000 2 7 0000 
27-DEC-2015 00 48077 3 2 9 56 0 04 01 10 198 20 168 3 0000 4 0153 5 0000 6 000 0 7 00 0 0 8 0 0 0 0 333 20 180 58 017 6 000 2 7 0000 
27-DEC-2015 00 48078 3 2 9 50 1 00 00 10 178 20 165 3 0000 4 0163 5 0000 6 000 0 7 00 0 0 8 0 0 0 1 333 20 162 58 017 6 000 0 7 0000 
27-DEC-2015 00 48080 3 1 9 07 0 00 00 10 170 20 154 3 0000 4 0151 5 0000 6 000 0 7 40 4 4 8 0 0 0 0 333 20 155 59 002 6 000 0 7 0000 
27-DEC-2015 00 48085 3 1 9 30 2 00 00 10 176 20 175 3 0000 4 0144 5 0000 6 000 0 7 42 4 4 8 0 0 0 6 333 20 175 58 019 6 000 0 7 0000 
27-DEC-2015 00 48092 3 1 5 50 3 00 00 10 190 20 175 3 0000 4 0131 5 0000 6 000 0 7 05 2 2 8 2 4 0 1 333 20 175 58 019 6 000 0 7 0000 
27-DEC-2015 00 48093 3 2 9 40 2 04 01 10 204 20 185 3 0000 4 0000 5 0000 6 000 0 7 00 0 0 8 0 0 0 1 333 20 197 58 000 6 000 0 7 0000 
27-DEC-2015 00 48094 3 1 4 50 2 00 00 10 220 20 210 3 0000 4 0153 5 0000 6 000 0 7 10 0 0 8 2 5 0 0 333 20 208 58 025 6 000 0 7 0000 
27-DEC-2015 00 48096 3 2 0 57 0 32 02 10 200 20 200 3 0000 4 0156 5 0000 6 000 0 7 00 0 0 8 0 0 0 0 333 20 180 58 022 6 000 0 7 0000 
27-DEC-2015 00 48097 3 2 5 56 4 28 01 10 210 20 185 3 0000 4 0153 5 0000 6 000 0 7 00 0 0 8 3 5 3 0 333 20 192 58 013 6 000 0 7 0000 
27-DEC-2015 00 48099 3 1 3 30 3 27 01 10 230 20 214 3 0000 4 0139 5 0000 6 000 0 7 40 4 4 8 2 7 3 0 333 20 214 58 027 6 000 0 7 0000 
27-DEC-2015 00 48103 3 1 4 40 7 04 02 10 236 20 226 3 0000 4 0144 5 0000 6 000 0 7 40 4 4 8 6 7 3 0 333 20 226 58 027 6 000 0 7 0000 
27-DEC-2015 00 48108 3 1 4 92 4 00 00 10 225 20 217 3 0000 4 0147 5 0000 6 000 0 7 42 4 4 8 2 4 0 6 333 20 215 58 024 6 000 0 7 0000 
27-DEC-2015 00 48110 3 1 9 92 2 13 02 10 245 20 229 3 0000 4 0145 5 0000 6 000 0 7 00 0 0 8 0 0 0 6 333 20 240 58 021 6 000 0 7 0000 
27-DEC-2015 00 48112 3 2 5 97 8 04 03 10 260 20 246 3 0000 4 0130 5 0000 6 000 0 7 00 0 0 8 3 8 7 6 333 20 205 58 015 6 000 2 7 0000 
