27-FEB-2015 09 48004 3 1 4 56 3 22 01 10 294 20 196 3 0000 4 0000 5 0000 6 000 0 7 05 1 1 8 3 8 0 0 333 10 /// 58 000 6 000 0 7 0000 
27-FEB-2015 09 48008 3 1 5 56 7 23 01 10 305 20 146 3 0000 4 0076 5 0000 6 000 0 7 10 4 4 8 4 9 7 0 333 10 /// 58 011 6 000 0 7 0000 
27-FEB-2015 09 48010 3 2 5 60 4 23 02 10 335 20 160 3 0000 4 0059 5 0000 6 000 0 7 00 0 0 8 3 8 3 0 333 10 /// 58 001 6 000 0 7 0000 
27-FEB-2015 09 48018 3 2 5 60 1 22 02 10 340 20 164 3 0000 4 0088 5 0000 6 000 0 7 00 0 0 8 1 4 0 0 333 10 /// 58 017 6 000 0 7 0000 
27-FEB-2015 09 48019 3 2 9 60 0 04 01 10 332 20 212 3 0000 4 0072 5 0000 6 000 0 7 00 0 0 8 0 0 0 0 333 10 /// 58 010 6 000 0 7 0000 
27-FEB-2015 09 48025 3 1 9 56 0 04 03 10 352 20 143 3 0000 4 0076 5 0000 6 000 0 7 05 4 4 8 0 0 0 0 333 10 /// 59 019 6 000 0 7 0000 
27-FEB-2015 09 48030 3 1 9 56 0 22 04 10 240 20 034 3 0000 4 0000 5 0000 6 000 0 7 05 4 4 8 0 0 0 0 333 10 /// 58 000 6 000 0 7 0000 
27-FEB-2015 09 48031 3 1 4 50 1 04 02 10 260 20 070 3 0000 4 0000 5 0000 6 000 0 7 05 0 0 8 1 2 0 0 333 10 /// 58 000 6 000 0 7 0000 
27-FEB-2015 09 48033 3 2 9 60 0 18 01 10 360 20 235 3 0000 4 0072 5 0000 6 000 0 7 00 0 0 8 0 0 0 0 333 10 /// 58 039 6 000 0 7 0000 
27-FEB-2015 09 48034 3 2 4 58 1 23 02 10 292 20 092 3 0000 4 0000 5 0000 6 000 0 7 00 0 0 8 1 5 0 0 333 10 /// 58 000 6 000 0 7 0000 
27-FEB-2015 09 48035 3 1 9 56 0 27 04 10 307 20 066 3 0000 4 0049 5 0000 6 000 0 7 05 0 0 8 0 0 0 0 333 10 /// 58 019 6 000 0 7 0000 
27-FEB-2015 09 48037 3 1 9 57 0 36 01 10 367 20 171 3 0000 4 0064 5 0000 6 000 0 7 05 4 4 8 0 0 0 0 333 10 /// 58 010 6 000 0 7 0000 
27-FEB-2015 09 48039 3 1 9 59 2 09 02 10 351 20 143 3 0000 4 0000 5 0000 6 000 0 7 05 1 1 8 0 0 0 2 333 10 /// 58 000 6 000 0 7 0000 
27-FEB-2015 09 48042 3 2 9 58 0 18 02 10 372 20 125 3 0000 4 0075 5 0000 6 000 0 7 00 0 0 8 0 0 0 0 333 10 /// 58 030 6 000 0 7 0000 
27-FEB-2015 09 48043 3 2 0 58 0 32 05 10 270 20 085 3 0000 4 0000 5 0000 6 000 0 7 00 0 0 8 0 0 0 0 333 10 /// 58 000 6 000 0 7 0000 
27-FEB-2015 09 48045 3 2 5 59 1 14 02 10 278 20 043 3 0000 4 0000 5 0000 6 000 0 7 00 0 0 8 1 1 0 0 333 10 /// 58 000 6 000 0 7 0000 
27-FEB-2015 09 48048 3 2 9 62 0 22 02 10 375 20 159 3 0000 4 0072 5 0000 6 000 0 7 00 0 0 8 0 0 0 0 333 10 /// 58 014 6 000 0 7 0000 
27-FEB-2015 09 48051 3 2 9 60 0 31 02 10 340 20 160 3 0000 4 0000 5 0000 6 000 0 7 00 0 0 8 0 0 0 0 333 10 /// 58 000 6 000 0 7 0000 
27-FEB-2015 09 48052 3 2 9 70 0 22 04 10 380 20 159 3 0000 4 0000 5 0000 6 000 0 7 00 0 0 8 0 0 0 0 333 10 /// 58 000 6 000 0 7 0000 
27-FEB-2015 09 48053 3 2 9 56 0 18 03 10 360 20 132 3 0000 4 0074 5 0000 6 000 0 7 00 0 0 8 0 0 0 0 333 10 /// 58 020 6 000 0 7 0000 
27-FEB-2015 09 48055 3 1 9 56 0 23 03 10 327 20 098 3 0000 4 0028 5 0000 6 000 0 7 05 0 0 8 0 0 0 0 333 10 /// 58 003 6 000 0 7 0000 
27-FEB-2015 09 48057 3 2 9 57 0 18 02 10 280 20 073 3 0000 4 0000 5 0000 6 000 0 7 00 0 0 8 0 0 0 0 333 10 /// 58 000 6 000 0 7 0000 
27-FEB-2015 09 48060 3 2 9 50 0 22 02 10 325 20 196 3 0000 4 0059 5 0000 6 000 0 7 00 0 0 8 0 0 0 0 333 10 /// 58 024 6 000 0 7 0000 
27-FEB-2015 09 48062 3 2 9 57 0 27 09 10 290 20 230 3 0000 4 0108 5 0000 6 000 0 7 00 0 0 8 0 0 0 0 333 10 /// 58 020 6 000 0 7 0000 
27-FEB-2015 09 48064 3 2 9 70 0 09 01 10 370 20 246 3 0000 4 0061 5 0000 6 000 0 7 00 0 0 8 0 0 0 0 333 10 /// 58 013 6 000 0 7 0000 
27-FEB-2015 09 48065 3 2 9 70 0 00 00 10 365 20 177 3 0000 4 0000 5 0000 6 000 0 7 00 0 0 8 0 0 0 0 333 10 /// 58 000 6 000 0 7 0000 
27-FEB-2015 09 48071 3 2 9 60 0 32 03 10 298 20 223 3 0000 4 0106 5 0000 6 000 0 7 00 0 0 8 0 0 0 0 333 10 /// 58 010 6 000 0 7 0000 
27-FEB-2015 09 48072 3 2 9 60 0 27 04 10 295 20 185 3 0000 4 0000 5 0000 6 000 0 7 00 0 0 8 0 0 0 0 333 10 /// 58 000 6 000 0 7 0000 
27-FEB-2015 09 48074 3 2 9 60 0 14 02 10 355 20 106 3 0000 4 0086 5 0000 6 000 0 7 00 0 0 8 0 0 0 0 333 10 /// 58 013 6 000 0 7 0000 
27-FEB-2015 09 48075 3 1 9 57 0 22 01 10 325 20 110 3 0000 4 0067 5 0000 6 000 0 7 05 0 0 8 0 0 0 0 333 10 /// 58 021 6 000 0 7 0000 
27-FEB-2015 09 48077 3 1 9 58 0 23 01 10 370 20 125 3 0000 4 0080 5 0000 6 000 0 7 05 0 0 8 0 0 0 0 333 10 /// 58 015 6 000 0 7 0000 
27-FEB-2015 09 48078 3 2 9 62 1 18 01 10 360 20 119 3 0000 4 0088 5 0000 6 000 0 7 00 0 0 8 0 0 0 1 333 10 /// 58 007 6 000 0 7 0000 
27-FEB-2015 09 48080 3 2 9 60 0 22 07 10 311 20 225 3 0000 4 0090 5 0000 6 000 0 7 00 0 0 8 0 0 0 0 333 10 /// 58 012 6 000 0 7 0000 
27-FEB-2015 09 48085 3 2 9 58 0 32 08 10 300 20 207 3 0000 4 0099 5 0000 6 000 0 7 00 0 0 8 0 0 0 0 333 10 /// 58 008 6 000 0 7 0000 
27-FEB-2015 09 48092 3 2 9 58 0 23 03 10 350 20 143 3 0000 4 0080 5 0000 6 000 0 7 00 0 0 8 0 0 0 0 333 10 /// 58 016 6 000 0 7 0000 
27-FEB-2015 09 48093 3 2 9 58 0 04 01 10 349 20 143 3 0000 4 0000 5 0000 6 000 0 7 00 0 0 8 0 0 0 0 333 10 /// 58 000 6 000 0 7 0000 
27-FEB-2015 09 48094 3 2 9 60 0 32 02 10 340 20 170 3 0000 4 0105 5 0000 6 000 0 7 00 0 0 8 0 0 0 0 333 10 /// 59 020 6 000 0 7 0000 
27-FEB-2015 09 48095 3 2 9 60 0 22 03 10 350 20 182 3 0000 4 0000 5 0000 6 000 0 7 00 0 0 8 0 0 0 0 333 10 /// 58 000 6 000 0 7 0000 
27-FEB-2015 09 48097 3 2 5 57 2 23 02 10 340 20 164 3 0000 4 0094 5 0000 6 000 0 7 00 0 0 8 2 5 0 0 333 10 /// 59 002 6 000 0 7 0000 
27-FEB-2015 09 48099 3 2 9 60 0 23 02 10 365 20 132 3 0000 4 0084 5 0000 6 000 0 7 00 0 0 8 0 0 0 0 333 10 /// 59 002 6 000 0 7 0000 
27-FEB-2015 09 48101 3 2 9 60 0 32 02 10 327 20 275 3 0000 4 0000 5 0000 6 000 0 7 00 0 0 8 0 0 0 0 333 10 /// 58 000 6 000 0 7 0000 
27-FEB-2015 09 48103 3 2 9 56 0 32 01 10 367 20 096 3 0000 4 0087 5 0000 6 000 0 7 00 0 0 8 0 0 0 0 333 10 /// 58 002 6 000 0 7 0000 
27-FEB-2015 09 48107 3 2 9 50 0 13 01 10 332 20 172 3 0000 4 0085 5 0000 6 000 0 7 00 0 0 8 0 0 0 0 333 10 /// 58 001 6 000 0 7 0000 
27-FEB-2015 09 48108 3 2 5 96 4 32 07 10 350 20 243 3 0000 4 0083 5 0000 6 000 0 7 00 0 0 8 2 2 0 7 333 10 /// 59 010 6 000 0 7 0000 
27-FEB-2015 09 48109 3 2 9 97 0 04 01 10 307 20 237 3 0000 4 0110 5 0000 6 000 0 7 00 0 0 8 0 0 0 0 333 10 /// 58 006 6 000 0 7 0000 
27-FEB-2015 09 48110 3 1 9 56 3 32 07 10 335 20 210 3 0000 4 0083 5 0000 6 000 0 7 05 1 1 8 2 3 0 5 333 10 /// 59 008 6 000 0 7 0000 
27-FEB-2015 09 48112 3 2 5 97 8 32 01 10 325 20 253 3 0000 4 0082 5 0000 6 000 0 7 00 0 0 8 3 8 7 6 333 10 /// 59 003 6 000 0 7 0000 
