48001 21450 72702 10185 20176 40255 70155 84970 333 56450 58018 00011=
48004 31456 31301 10278 20203 70511 83800 333 56500=
48008 31556 60401 10275 20158 40111 71044 83970 333 56560 58013=
48010 32060 00000 10280 20203 40088 333 59008=
48018 32960 01401 10303 20166 40108 333 58010=
48019 32560 10401 10288 20196 40107 80030 333 56040 58012=
48020 32958 00903 10310 20225 333=
48025 31940 03601 10320 20161 40115 70544 333 58022=
48035 31950 02704 10281 20098 40088 70400 333 58024=
48037 31956 00902 10322 20163 40104 70544 333 58014=
48042 31956 02201 10335 20135 40115 70500 333 58034=
48045 32560 10905 10260 20102 81100 333 56500=
48048 32960 02201 10340 20145 40108 333 58014=
48051 32559 03601 10310 20200 333=
48053 31950 01804 10330 20151 40106 70500 333 58018=
48060 32950 03601 10270 20144 40103 333 58014=
48062 32556 32705 10290 20240 40129 83200 333 56600 58015=
48071 32460 23202 10280 20220 40131 82200 333 56900 58010=
48075 31957 02201 10295 20100 40108 70500 333 58013=
48077 31958 00000 10320 20140 40108 70500 333 58011=
48078 32958 11801 10327 20151 40122 80001 333 56009 58016=
48080 32461 23204 10302 20207 40113 82200 333 56900 58015=
48085 31957 03206 10298 20207 40122 70500 333 58008=
48095 32960 00402 10310 20203 333=
48108 32996 31303 10345 20193 40105 80007 333 56009 59016=
48109 32997 00401 10304 20239 40129 333 58000=
48110 31596 33204 10335 20241 40109 70511 82305 333 56909 59005=
48112 32598 50402 10345 20240 40104 81116 333 56199 59005=
48030 NIL=
48072 32960 00402 10290 20215 333=
48087 32960 02301 10308 20169 333=
48099 32956 02303 10325 20140 40117 333 58005=
48101 32960 03201 10310 20203 333=
48103 32956 02201 10331 20172 40114 333 58001=
48057 32957 01803 10254 20068 333=
48094 32960 03202 10324 20180 40118 333 58005=
48097 31557 23102 10325 20253 40120 70544 82500 333 56900 59006=
48031 31257 30401 10245 20064 70500 83800 333 56900=
48033 32963 01801 10340 20206 40110 333 58029=
48034 32958 01802 10264 20102 333=
48039 31957 22201 10321 20163 70511 80002 333 56009=
48043 32058 03205 10270 20085 333=
48052 32970 02202 10330 20151 333=
48055 31956 02303 10288 20098 40086 70500 333 58022=
48064 32970 00401 10335 20225 40082 333 59003=
48065 32970 00406 10339 20169 333=
48074 32960 01402 10320 20163 40120 333 58013=
48092 31956 01301 10330 20151 40106 70500 333 58019=
48093 32958 00401 10327 20151 333=
48107 32950 02301 10340 20125 40105 333 59000=  48001 21450 72702 10185 20176 40255 70155 84970 333 56450 58018=
48004 31456 31301 10278 20203 70511 83800 333 56500=
48008 31556 60401 10275 20158 40111 71044 83970 333 56560 58013=
48010 32060 00000 10280 20203 40088 333 59008=
48018 32960 01401 10303 20166 40108 333 58010=
48019 32560 10401 10288 20196 40107 80030 333 56040 58012=
48020 32958 00903 10310 20225 333=
48025 31940 03601 10320 20161 40115 70544 333 58022=
48030 NIL=
48031 31257 30401 10245 20064 70500 83800 333 56900=
48033 32963 01801 10340 20206 40110 333 58029=
48034 32958 01802 10264 20102 333=
48035 31950 02704 10281 20098 40088 70400 333 58024=
48037 31956 00902 10322 20163 40104 70544 333 58014=
48039 31957 22201 10321 20163 70511 80002 333 56009=
48042 31956 02201 10335 20135 40115 70500 333 58034=
48043 32058 03205 10270 20085 333=
48045 32560 10905 10260 20102 81100 333 56500=
48048 32960 02201 10340 20145 40108 333 58014=
48051 32559 03601 10310 20200 333=
48052 32970 02202 10330 20151 333=
48053 31950 01804 10330 20151 40106 70500 333 58018=
48055 31956 02303 10288 20098 40086 70500 333 58022=
48057 32957 01803 10254 20068 333=
48060 32950 03601 10270 20144 40103 333 58014=
48062 32556 32705 10290 20240 40129 83200 333 56600 58015=
48064 32970 00401 10335 20225 40082 333 59003=
48065 32970 00406 10339 20169 333=
48071 32460 23202 10280 20220 40131 82200 333 56900 58010=
48072 32960 00402 10290 20215 333=
48074 32960 01402 10320 20163 40120 333 58013=
48075 31957 02201 10295 20100 40108 70500 333 58013=
48077 31958 00000 10320 20140 40108 70500 333 58011=
48078 32958 11801 10327 20151 40122 80001 333 56009 58016=
48080 32461 23204 10302 20207 40113 82200 333 56900 58015=
48085 31957 03206 10298 20207 40122 70500 333 58008=
48087 32960 02301 10308 20169 333=
48092 31956 01301 10330 20151 40106 70500 333 58019=
48093 32958 00401 10327 20151 333=
48094 32960 03202 10324 20180 40118 333 58005=
48095 32960 00402 10310 20203 333=
48097 31557 23102 10325 20253 40120 70544 82500 333 56900 59006=
48099 32956 02303 10325 20140 40117 333 58005=
48101 32960 03201 10310 20203 333=
48103 32956 02201 10331 20172 40114 333 58001=
48107 32950 02301 10340 20125 40105 333 59000=
48108 32996 31303 10345 20193 40105 80007 333 56009 59016=
48109 32997 00401 10304 20239 40129 333 58000=
48110 31596 33204 10335 20241 40109 70511 82305 333 56909 59005=
48112 32598 50402 10345 20240 40104 81116 333 56199 59005=  