27-FEB-2015 06 48001 2 1 4 50 7 27 02 10 185 20 176 3 0000 4 0255 5 0000 6 000 0 7 01 5 5 8 4 9 7 0 333 10 /// 58 018 6 000 0 7 0000 
27-FEB-2015 06 48004 3 1 4 56 3 13 01 10 278 20 203 3 0000 4 0000 5 0000 6 000 0 7 05 1 1 8 3 8 0 0 333 10 /// 58 000 6 000 0 7 0000 
27-FEB-2015 06 48008 3 1 5 56 6 04 01 10 275 20 158 3 0000 4 0111 5 0000 6 000 0 7 10 4 4 8 3 9 7 0 333 10 /// 58 013 6 000 0 7 0000 
27-FEB-2015 06 48010 3 2 0 60 0 00 00 10 280 20 203 3 0000 4 0088 5 0000 6 000 0 7 00 0 0 8 0 0 0 0 333 10 /// 59 008 6 000 0 7 0000 
27-FEB-2015 06 48018 3 2 9 60 0 14 01 10 303 20 166 3 0000 4 0108 5 0000 6 000 0 7 00 0 0 8 0 0 0 0 333 10 /// 58 010 6 000 0 7 0000 
27-FEB-2015 06 48019 3 2 5 60 1 04 01 10 288 20 196 3 0000 4 0107 5 0000 6 000 0 7 00 0 0 8 0 0 3 0 333 10 /// 58 012 6 000 0 7 0000 
27-FEB-2015 06 48020 3 2 9 58 0 09 03 10 310 20 225 3 0000 4 0000 5 0000 6 000 0 7 00 0 0 8 0 0 0 0 333 10 /// 58 000 6 000 0 7 0000 
27-FEB-2015 06 48025 3 1 9 40 0 36 01 10 320 20 161 3 0000 4 0115 5 0000 6 000 0 7 05 4 4 8 0 0 0 0 333 10 /// 58 022 6 000 0 7 0000 
27-FEB-2015 06 48031 3 1 2 57 3 04 01 10 245 20 064 3 0000 4 0000 5 0000 6 000 0 7 05 0 0 8 3 8 0 0 333 10 /// 58 000 6 000 0 7 0000 
27-FEB-2015 06 48033 3 2 9 63 0 18 01 10 340 20 206 3 0000 4 0110 5 0000 6 000 0 7 00 0 0 8 0 0 0 0 333 10 /// 58 029 6 000 0 7 0000 
27-FEB-2015 06 48034 3 2 9 58 0 18 02 10 264 20 102 3 0000 4 0000 5 0000 6 000 0 7 00 0 0 8 0 0 0 0 333 10 /// 58 000 6 000 0 7 0000 
27-FEB-2015 06 48035 3 1 9 50 0 27 04 10 281 20 098 3 0000 4 0088 5 0000 6 000 0 7 04 0 0 8 0 0 0 0 333 10 /// 58 024 6 000 0 7 0000 
27-FEB-2015 06 48037 3 1 9 56 0 09 02 10 322 20 163 3 0000 4 0104 5 0000 6 000 0 7 05 4 4 8 0 0 0 0 333 10 /// 58 014 6 000 0 7 0000 
27-FEB-2015 06 48039 3 1 9 57 2 22 01 10 321 20 163 3 0000 4 0000 5 0000 6 000 0 7 05 1 1 8 0 0 0 2 333 10 /// 58 000 6 000 0 7 0000 
27-FEB-2015 06 48042 3 1 9 56 0 22 01 10 335 20 135 3 0000 4 0115 5 0000 6 000 0 7 05 0 0 8 0 0 0 0 333 10 /// 58 034 6 000 0 7 0000 
27-FEB-2015 06 48043 3 2 0 58 0 32 05 10 270 20 085 3 0000 4 0000 5 0000 6 000 0 7 00 0 0 8 0 0 0 0 333 10 /// 58 000 6 000 0 7 0000 
27-FEB-2015 06 48045 3 2 5 60 1 09 05 10 260 20 102 3 0000 4 0000 5 0000 6 000 0 7 00 0 0 8 1 1 0 0 333 10 /// 58 000 6 000 0 7 0000 
27-FEB-2015 06 48048 3 2 9 60 0 22 01 10 340 20 145 3 0000 4 0108 5 0000 6 000 0 7 00 0 0 8 0 0 0 0 333 10 /// 58 014 6 000 0 7 0000 
27-FEB-2015 06 48051 3 2 5 59 0 36 01 10 310 20 200 3 0000 4 0000 5 0000 6 000 0 7 00 0 0 8 0 0 0 0 333 10 /// 58 000 6 000 0 7 0000 
27-FEB-2015 06 48052 3 2 9 70 0 22 02 10 330 20 151 3 0000 4 0000 5 0000 6 000 0 7 00 0 0 8 0 0 0 0 333 10 /// 58 000 6 000 0 7 0000 
27-FEB-2015 06 48053 3 1 9 50 0 18 04 10 330 20 151 3 0000 4 0106 5 0000 6 000 0 7 05 0 0 8 0 0 0 0 333 10 /// 58 018 6 000 0 7 0000 
27-FEB-2015 06 48055 3 1 9 56 0 23 03 10 288 20 098 3 0000 4 0086 5 0000 6 000 0 7 05 0 0 8 0 0 0 0 333 10 /// 58 022 6 000 0 7 0000 
27-FEB-2015 06 48057 3 2 9 57 0 18 03 10 254 20 068 3 0000 4 0000 5 0000 6 000 0 7 00 0 0 8 0 0 0 0 333 10 /// 58 000 6 000 0 7 0000 
27-FEB-2015 06 48060 3 2 9 50 0 36 01 10 270 20 144 3 0000 4 0103 5 0000 6 000 0 7 00 0 0 8 0 0 0 0 333 10 /// 58 014 6 000 0 7 0000 
27-FEB-2015 06 48062 3 2 5 56 3 27 05 10 290 20 240 3 0000 4 0129 5 0000 6 000 0 7 00 0 0 8 3 2 0 0 333 10 /// 58 015 6 000 0 7 0000 
27-FEB-2015 06 48064 3 2 9 70 0 04 01 10 335 20 225 3 0000 4 0082 5 0000 6 000 0 7 00 0 0 8 0 0 0 0 333 10 /// 59 003 6 000 0 7 0000 
27-FEB-2015 06 48065 3 2 9 70 0 04 06 10 339 20 169 3 0000 4 0000 5 0000 6 000 0 7 00 0 0 8 0 0 0 0 333 10 /// 58 000 6 000 0 7 0000 
27-FEB-2015 06 48071 3 2 4 60 2 32 02 10 280 20 220 3 0000 4 0131 5 0000 6 000 0 7 00 0 0 8 2 2 0 0 333 10 /// 58 010 6 000 0 7 0000 
27-FEB-2015 06 48072 3 2 9 60 0 04 02 10 290 20 215 3 0000 4 0000 5 0000 6 000 0 7 00 0 0 8 0 0 0 0 333 10 /// 58 000 6 000 0 7 0000 
27-FEB-2015 06 48074 3 2 9 60 0 14 02 10 320 20 163 3 0000 4 0120 5 0000 6 000 0 7 00 0 0 8 0 0 0 0 333 10 /// 58 013 6 000 0 7 0000 
27-FEB-2015 06 48075 3 1 9 57 0 22 01 10 295 20 100 3 0000 4 0108 5 0000 6 000 0 7 05 0 0 8 0 0 0 0 333 10 /// 58 013 6 000 0 7 0000 
27-FEB-2015 06 48077 3 1 9 58 0 00 00 10 320 20 140 3 0000 4 0108 5 0000 6 000 0 7 05 0 0 8 0 0 0 0 333 10 /// 58 011 6 000 0 7 0000 
27-FEB-2015 06 48078 3 2 9 58 1 18 01 10 327 20 151 3 0000 4 0122 5 0000 6 000 0 7 00 0 0 8 0 0 0 1 333 10 /// 58 016 6 000 0 7 0000 
27-FEB-2015 06 48080 3 2 4 61 2 32 04 10 302 20 207 3 0000 4 0113 5 0000 6 000 0 7 00 0 0 8 2 2 0 0 333 10 /// 58 015 6 000 0 7 0000 
27-FEB-2015 06 48085 3 1 9 57 0 32 06 10 298 20 207 3 0000 4 0122 5 0000 6 000 0 7 05 0 0 8 0 0 0 0 333 10 /// 58 008 6 000 0 7 0000 
27-FEB-2015 06 48087 3 2 9 60 0 23 01 10 308 20 169 3 0000 4 0000 5 0000 6 000 0 7 00 0 0 8 0 0 0 0 333 10 /// 58 000 6 000 0 7 0000 
27-FEB-2015 06 48092 3 1 9 56 0 13 01 10 330 20 151 3 0000 4 0106 5 0000 6 000 0 7 05 0 0 8 0 0 0 0 333 10 /// 58 019 6 000 0 7 0000 
27-FEB-2015 06 48093 3 2 9 58 0 04 01 10 327 20 151 3 0000 4 0000 5 0000 6 000 0 7 00 0 0 8 0 0 0 0 333 10 /// 58 000 6 000 0 7 0000 
27-FEB-2015 06 48094 3 2 9 60 0 32 02 10 324 20 180 3 0000 4 0118 5 0000 6 000 0 7 00 0 0 8 0 0 0 0 333 10 /// 58 005 6 000 0 7 0000 
27-FEB-2015 06 48095 3 2 9 60 0 04 02 10 310 20 203 3 0000 4 0000 5 0000 6 000 0 7 00 0 0 8 0 0 0 0 333 10 /// 58 000 6 000 0 7 0000 
27-FEB-2015 06 48097 3 1 5 57 2 31 02 10 325 20 253 3 0000 4 0120 5 0000 6 000 0 7 05 4 4 8 2 5 0 0 333 10 /// 59 006 6 000 0 7 0000 
27-FEB-2015 06 48099 3 2 9 56 0 23 03 10 325 20 140 3 0000 4 0117 5 0000 6 000 0 7 00 0 0 8 0 0 0 0 333 10 /// 58 005 6 000 0 7 0000 
27-FEB-2015 06 48101 3 2 9 60 0 32 01 10 310 20 203 3 0000 4 0000 5 0000 6 000 0 7 00 0 0 8 0 0 0 0 333 10 /// 58 000 6 000 0 7 0000 
27-FEB-2015 06 48103 3 2 9 56 0 22 01 10 331 20 172 3 0000 4 0114 5 0000 6 000 0 7 00 0 0 8 0 0 0 0 333 10 /// 58 001 6 000 0 7 0000 
27-FEB-2015 06 48107 3 2 9 50 0 23 01 10 340 20 125 3 0000 4 0105 5 0000 6 000 0 7 00 0 0 8 0 0 0 0 333 10 /// 59 000 6 000 0 7 0000 
27-FEB-2015 06 48108 3 2 9 96 3 13 03 10 345 20 193 3 0000 4 0105 5 0000 6 000 0 7 00 0 0 8 0 0 0 7 333 10 /// 59 016 6 000 0 7 0000 
27-FEB-2015 06 48109 3 2 9 97 0 04 01 10 304 20 239 3 0000 4 0129 5 0000 6 000 0 7 00 0 0 8 0 0 0 0 333 10 /// 58 000 6 000 0 7 0000 
27-FEB-2015 06 48110 3 1 5 96 3 32 04 10 335 20 241 3 0000 4 0109 5 0000 6 000 0 7 05 1 1 8 2 3 0 5 333 10 /// 59 005 6 000 0 7 0000 
27-FEB-2015 06 48112 3 2 5 98 5 04 02 10 345 20 240 3 0000 4 0104 5 0000 6 000 0 7 00 0 0 8 1 1 1 6 333 10 /// 59 005 6 000 0 7 0000 
