270900 48004 31456 32201 10294 20196 70511 83800 333 56500=
270900 48008 31556 72301 10305 20146 40076 71044 84970 333 56560 58011=
270900 48010 32560 42302 10335 20160 40059 83830 333 56660 58001=
270900 48018 32560 12202 10340 20164 40088 81400 333 56900 58017=
270900 48019 32960 00401 10332 20212 40072 333 58010=
270900 48025 31956 00403 10352 20143 40076 70544 333 59019=
270900 48030 31956 02204 10240 20034 70544 333=
270900 48031 31450 10402 10260 20070 70500 81200 333 56900=
270900 48033 32960 01801 10360 20235 40072 333 58039=
270900 48034 32458 12302 10292 20092 81500 333 56500=
270900 48035 31956 02704 10307 20066 40049 70500 333 58019=
270900 48037 31957 03601 10367 20171 40064 70544 333 58010=
270900 48039 31959 20902 10351 20143 70511 80002 333 56005=
270900 48042 32958 01802 10372 20125 40075 333 58030=
270900 48043 32058 03205 10270 20085 333=
270900 48045 32559 11402 10278 20043 81100 333 56500=
270900 48048 32962 02202 10375 20159 40072 333 58014=
270900 48051 32960 03102 10340 20160 333=
270900 48052 32970 02204 10380 20159 333=
270900 48053 32956 01803 10360 20132 40074 333 58020=
270900 48055 31956 02303 10327 20098 40028 70500 333 58003=
270900 48057 32957 01802 10280 20073 333=
270900 48060 32950 02202 10325 20196 40059 333 58024=
270900 48062 32957 02709 10290 20230 40108 333 58020=
270900 48064 32970 00901 10370 20246 40061 333 58013=
270900 48065 32970 00000 10365 20177 333=
270900 48071 32960 03203 10298 20223 40106 333 58010=
270900 48072 32960 02704 10295 20185 333=
270900 48074 32960 01402 10355 20106 40086 333 58013=
270900 48075 31957 02201 10325 20110 40067 70500 333 58021=
270900 48077 31958 02301 10370 20125 40080 70500 333 58015=
270900 48078 32962 11801 10360 20119 40088 80001 333 56009 58007=
270900 48080 32960 02207 10311 20225 40090 333 58012=
270900 48085 32958 03208 10300 20207 40099 333 58008=
270900 48092 32958 02303 10350 20143 40080 333 58016=
270900 48093 32958 00401 10349 20143 333=
270900 48094 32960 03202 10340 20170 40105 333 59020=
270900 48095 32960 02203 10350 20182 333=
270900 48097 32557 22302 10340 20164 40094 82500 333 56900 59002=
270900 48099 32960 02302 10365 20132 40084 333 59002=
270900 48101 32960 03202 10327 20275 333=
270900 48103 32956 03201 10367 20096 40087 333 58002=
270900 48107 32950 01301 10332 20172 40085 333 58001=
270900 48108 32596 43207 10350 20243 40083 82207 333 56809 59010=
270900 48109 32997 00401 10307 20237 40110 333 58006=
270900 48110 31956 33207 10335 20210 40083 70511 82305 333 56109 59008=
270900 48112 32597 83201 10325 20253 40082 83876 333 56799 59003=  
