27-JAN-2015 09 48001 3 2 5 56 4 32 01 10 235 20 136 3 0000 4 0122 5 0000 6 000 0 7 00 0 0 8 2 2 0 5 333 10 /// 59 016 6 000 0 7 0000 
27-JAN-2015 09 48004 3 2 5 62 3 22 01 10 266 20 154 3 0000 4 0000 5 0000 6 000 0 7 00 0 0 8 3 3 0 0 333 10 /// 58 000 6 000 0 7 0000 
27-JAN-2015 09 48008 3 2 5 58 1 14 01 10 272 20 154 3 0000 4 0119 5 0000 6 000 0 7 00 0 0 8 1 4 0 0 333 10 /// 59 026 6 000 0 7 0000 
27-JAN-2015 09 48010 3 2 5 60 1 00 00 10 275 20 184 3 0000 4 0124 5 0000 6 000 0 7 00 0 0 8 1 1 0 0 333 10 /// 59 015 6 000 0 7 0000 
27-JAN-2015 09 48018 3 2 5 60 3 14 02 10 280 20 146 3 0000 4 0120 5 0000 6 000 0 7 00 0 0 8 3 8 0 0 333 10 /// 59 021 6 000 0 7 0000 
27-JAN-2015 09 48019 3 2 9 60 0 32 01 10 276 20 158 3 0000 4 0124 5 0000 6 000 0 7 00 0 0 8 0 0 0 0 333 10 /// 59 029 6 000 0 7 0000 
27-JAN-2015 09 48025 3 2 4 58 1 04 01 10 279 20 113 3 0000 4 0120 5 0000 6 000 0 7 00 0 0 8 1 1 0 0 333 10 /// 59 024 6 000 0 7 0000 
27-JAN-2015 09 48030 3 2 9 57 0 22 04 10 210 20 019 3 0000 4 0000 5 0000 6 000 0 7 00 0 0 8 0 0 0 0 333 10 /// 58 000 6 000 0 7 0000 
27-JAN-2015 09 48031 3 2 9 60 0 18 01 10 215 20 087 3 0000 4 0000 5 0000 6 000 0 7 00 0 0 8 0 0 0 0 333 10 /// 58 000 6 000 0 7 0000 
27-JAN-2015 09 48033 3 2 9 63 0 32 01 10 300 20 149 3 0000 4 0114 5 0000 6 000 0 7 00 0 0 8 0 0 0 0 333 10 /// 59 010 6 000 0 7 0000 
27-JAN-2015 09 48034 3 2 9 58 0 18 02 10 252 20 068 3 0000 4 0000 5 0000 6 000 0 7 00 0 0 8 0 0 0 0 333 10 /// 58 000 6 000 0 7 0000 
27-JAN-2015 09 48035 3 2 9 60 0 32 03 10 259 20 039 3 0000 4 0083 5 0000 6 000 0 7 00 0 0 8 0 0 0 0 333 10 /// 59 034 6 000 0 7 0000 
27-JAN-2015 09 48037 3 2 9 62 0 36 01 10 306 20 146 3 0000 4 0100 5 0000 6 000 0 7 00 0 0 8 0 0 0 0 333 10 /// 59 024 6 000 0 7 0000 
27-JAN-2015 09 48039 3 2 9 60 0 22 01 10 310 20 146 3 0000 4 0000 5 0000 6 000 0 7 00 0 0 8 0 0 0 0 333 10 /// 58 000 6 000 0 7 0000 
27-JAN-2015 09 48042 3 2 9 58 0 36 02 10 300 20 124 3 0000 4 0107 5 0000 6 000 0 7 00 0 0 8 0 0 0 0 333 10 /// 59 024 6 000 0 7 0000 
27-JAN-2015 09 48043 3 2 0 58 0 27 05 10 235 20 136 3 0000 4 0000 5 0000 6 000 0 7 00 0 0 8 0 0 0 0 333 10 /// 58 000 6 000 0 7 0000 
27-JAN-2015 09 48045 3 2 9 63 0 14 07 10 220 20 087 3 0000 4 0000 5 0000 6 000 0 7 00 0 0 8 0 0 0 0 333 10 /// 58 000 6 000 0 7 0000 
27-JAN-2015 09 48048 3 2 9 62 0 04 01 10 320 20 163 3 0000 4 0127 5 0000 6 000 0 7 00 0 0 8 0 0 0 0 333 10 /// 59 002 6 000 0 7 0000 
27-JAN-2015 09 48051 3 2 9 60 0 31 01 10 311 20 150 3 0000 4 0000 5 0000 6 000 0 7 00 0 0 8 0 0 0 0 333 10 /// 58 000 6 000 0 7 0000 
27-JAN-2015 09 48052 3 2 9 60 0 32 02 10 330 20 151 3 0000 4 0000 5 0000 6 000 0 7 00 0 0 8 0 0 0 0 333 10 /// 58 000 6 000 0 7 0000 
27-JAN-2015 09 48053 3 2 9 56 0 36 02 10 310 20 124 3 0000 4 0106 5 0000 6 000 0 7 00 0 0 8 0 0 0 0 333 10 /// 59 017 6 000 0 7 0000 
27-JAN-2015 09 48055 3 2 9 57 0 27 03 10 265 20 117 3 0000 4 0087 5 0000 6 000 0 7 00 0 0 8 0 0 0 0 333 10 /// 59 020 6 000 0 7 0000 
27-JAN-2015 09 48057 3 2 9 60 0 27 02 10 234 20 074 3 0000 4 0000 5 0000 6 000 0 7 00 0 0 8 0 0 0 0 333 10 /// 58 000 6 000 0 7 0000 
27-JAN-2015 09 48060 3 2 9 50 0 00 00 10 260 20 102 3 0000 4 0091 5 0000 6 000 0 7 00 0 0 8 0 0 0 0 333 10 /// 59 021 6 000 0 7 0000 
27-JAN-2015 09 48062 3 2 5 56 3 27 05 10 300 20 240 3 0000 4 0122 5 0000 6 000 0 7 00 0 0 8 2 5 0 2 333 10 /// 59 014 6 000 0 7 0000 
27-JAN-2015 09 48064 3 2 9 70 0 04 01 10 290 20 215 3 0000 4 0098 5 0000 6 000 0 7 00 0 0 8 0 0 0 0 333 10 /// 59 006 6 000 0 7 0000 
27-JAN-2015 09 48065 3 2 9 70 0 22 04 10 320 20 140 3 0000 4 0000 5 0000 6 000 0 7 00 0 0 8 0 0 0 0 333 10 /// 58 000 6 000 0 7 0000 
27-JAN-2015 09 48071 3 2 4 20 2 32 03 10 270 20 211 3 0000 4 0123 5 0000 6 000 0 7 00 0 0 8 2 8 0 0 333 10 /// 59 012 6 000 0 7 0000 
27-JAN-2015 09 48072 3 2 5 60 1 27 02 10 280 20 248 3 0000 4 0000 5 0000 6 000 0 7 00 0 0 8 1 2 0 0 333 10 /// 58 000 6 000 0 7 0000 
27-JAN-2015 09 48074 3 2 9 59 1 14 02 10 316 20 163 3 0000 4 0118 5 0000 6 000 0 7 00 0 0 8 0 0 0 1 333 10 /// 59 020 6 000 0 7 0000 
27-JAN-2015 09 48075 3 2 9 58 0 00 00 10 277 20 100 3 0000 4 0101 5 0000 6 000 0 7 00 0 0 8 0 0 0 0 333 10 /// 59 010 6 000 0 7 0000 
27-JAN-2015 09 48077 3 2 9 59 0 00 00 10 334 20 126 3 0000 4 0107 5 0000 6 000 0 7 00 0 0 8 0 0 0 0 333 10 /// 59 007 6 000 0 7 0000 
27-JAN-2015 09 48078 3 2 9 59 1 23 01 10 327 20 133 3 0000 4 0107 5 0000 6 000 0 7 00 0 0 8 0 0 0 1 333 10 /// 59 019 6 000 0 7 0000 
27-JAN-2015 09 48080 3 2 9 60 0 22 07 10 313 20 255 3 0000 4 0107 5 0000 6 000 0 7 00 0 0 8 0 0 0 0 333 10 /// 59 013 6 000 0 7 0000 
27-JAN-2015 09 48085 3 1 9 58 0 32 05 10 298 20 196 3 0000 4 0112 5 0000 6 000 0 7 05 0 0 8 0 0 0 0 333 10 /// 59 012 6 000 0 7 0000 
27-JAN-2015 09 48092 3 2 9 58 0 22 03 10 328 20 126 3 0000 4 0087 5 0000 6 000 0 7 00 0 0 8 0 0 0 0 333 10 /// 59 015 6 000 0 7 0000 
27-JAN-2015 09 48093 3 2 9 58 0 23 01 10 317 20 184 3 0000 4 0000 5 0000 6 000 0 7 00 0 0 8 0 0 0 0 333 10 /// 58 000 6 000 0 7 0000 
27-JAN-2015 09 48094 3 2 9 60 0 04 01 10 325 20 175 3 0000 4 0115 5 0000 6 000 0 7 00 0 0 8 0 0 0 0 333 10 /// 59 011 6 000 0 7 0000 
27-JAN-2015 09 48095 3 2 9 60 0 00 00 10 350 20 182 3 0000 4 0000 5 0000 6 000 0 7 00 0 0 8 0 0 0 0 333 10 /// 58 000 6 000 0 7 0000 
27-JAN-2015 09 48097 3 2 9 57 0 23 02 10 330 20 151 3 0000 4 0114 5 0000 6 000 0 7 00 0 0 8 0 0 0 0 333 10 /// 59 010 6 000 0 7 0000 
27-JAN-2015 09 48099 3 2 5 60 3 23 06 10 324 20 163 3 0000 4 0114 5 0000 6 000 0 7 00 0 0 8 2 8 0 0 333 10 /// 59 005 6 000 0 7 0000 
27-JAN-2015 09 48101 3 2 9 60 0 32 01 10 312 20 169 3 0000 4 0000 5 0000 6 000 0 7 00 0 0 8 0 0 0 0 333 10 /// 58 000 6 000 0 7 0000 
27-JAN-2015 09 48103 3 2 9 56 0 32 01 10 321 20 163 3 0000 4 0108 5 0000 6 000 0 7 00 0 0 8 0 0 0 0 333 10 /// 59 012 6 000 0 7 0000 
27-JAN-2015 09 48107 3 2 9 50 0 32 01 10 320 20 184 3 0000 4 0100 5 0000 6 000 0 7 00 0 0 8 0 0 0 0 333 10 /// 59 009 6 000 0 7 0000 
27-JAN-2015 09 48108 3 2 9 96 4 32 05 10 335 20 178 3 0000 4 0101 5 0000 6 000 0 7 00 0 0 8 0 0 0 6 333 10 /// 59 020 6 000 0 7 0000 
27-JAN-2015 09 48109 3 2 9 97 0 04 01 10 308 20 225 3 0000 4 0125 5 0000 6 000 0 7 00 0 0 8 0 0 0 0 333 10 /// 59 009 6 000 0 7 0000 
27-JAN-2015 09 48110 3 1 5 96 2 32 05 10 315 20 209 3 0000 4 0101 5 0000 6 000 0 7 05 1 1 8 1 1 0 5 333 10 /// 59 013 6 000 0 7 0000 
27-JAN-2015 09 48112 3 2 5 96 6 04 02 10 305 20 223 3 0000 4 0102 5 0000 6 000 0 7 00 0 0 8 2 2 1 6 333 10 /// 59 005 6 000 0 7 0000 
