48001 32556 20401 10173 20135 40166 82200 333 56500 59018=
48004 32562 21301 10229 20124 82800 333 56900=
48008 32558 11401 10245 20150 40158 81400 333 56500 59026=
48010 32560 11801 10235 20172 40150 81100 333 56900 59019=
48018 32560 21803 10245 20150 40156 82800 333 56300 59020=
48019 32960 00401 10230 20143 40159 333 59018=
48020 32258 23602 10230 20163 82200 333 56500=
48025 31458 13601 10252 20150 40168 70244 81100 333 56900 59021=
48035 31960 02703 10228 20045 40125 70522 333 59026=
48037 32960 00000 10268 20133 40144 333 59014=
48042 32956 02301 10284 20146 40146 333 59030=
48045 32962 01405 10193 20096 333=
48048 32960 00401 10280 20158 40153 333 59015=
48051 32959 03101 10272 20130 333=
48053 32956 03602 10290 20140 40145 333 59014=
48060 32950 00000 10220 20165 40142 333 59012=
48062 32958 00902 10270 20230 40153 333 59028=
48071 32960 02203 10258 20203 40150 333 59014=
48075 32958 02201 10240 20160 40143 333 59010=
48077 32959 00000 10300 20124 40145 333 59010=
48078 32958 13202 10298 20149 40138 80001 333 56009 59021=
48080 32961 00402 10310 20237 40131 333 59019=
48085 31958 02704 10280 20184 40139 70500 333 59013=
48095 32960 01401 10310 20169 333=
48108 31996 43203 10320 20174 40137 70244 80006 333 56009 59014=
48109 32997 00401 10306 20203 40152 333 59009=
48110 31996 23205 10310 20225 40134 70511 80005 333 56009 59010=
48112 NIL=
48030 32956 02205 10192 29024 333=
48072 32960 01302 10250 20233 333=
48087 32960 00401 10296 20185 333=
48099 32557 23202 10302 20185 40140 82800 333 56700 59012=
48101 32960 00000 10308 20169 333=
48103 32956 03202 10304 20149 40136 333 59020=
48057 32958 02202 10208 20091 333=
48094 32960 00401 10310 20190 40145 333 59012=
48097 31957 00401 10310 20124 40142 70500 333 59026=
48031 32960 02201 10195 20060 333=
48033 32963 01401 10270 20154 40143 333 58000=
48034 32958 01803 10235 20070 333=
48039 32962 22201 10272 20154 80002 333 56009=
48043 32057 01805 10210 20120 333=
48052 32970 03203 10280 20158 333=
48055 32956 00404 10232 20124 40130 333 59018=
48064 32970 01401 10275 20184 40131 333 59028=
48065 32970 00000 10285 20146 333=
48074 32959 01402 10270 20156 40147 333 59028=
48092 31957 01302 10320 20140 40126 70522 333 59010=
48093 32958 00401 10304 20166 333=
48107 32950 03201 10310 20169 40122 333 59012=  48001 32556 20401 10173 20135 40166 82200 333 56500 59018=
48004 32562 21301 10229 20124 82800 333 56900=
48008 32558 11401 10245 20150 40158 81400 333 56500 59026=
48010 32560 11801 10235 20172 40150 81100 333 56900 59019=
48018 32560 21803 10245 20150 40156 82800 333 56300 59020=
48019 32960 00401 10230 20143 40159 333 59018=
48020 32258 23602 10230 20163 82200 333 56500=
48025 31458 13601 10252 20150 40168 70244 81100 333 56900 59021=
48030 32956 02205 10192 29024 333=
48031 32960 02201 10195 20060 333=
48033 32963 01401 10270 20154 40143 333 58000=
48034 32958 01803 10235 20070 333=
48035 31960 02703 10228 20045 40125 70522 333 59026=
48037 32960 00000 10268 20133 40144 333 59014=
48039 32962 22201 10272 20154 80002 333 56009=
48042 32956 02301 10284 20146 40146 333 59030=
48043 32057 01805 10210 20120 333=
48045 32962 01405 10193 20096 333=
48048 32960 00401 10280 20158 40153 333 59015=
48051 32959 03101 10272 20130 333=
48052 32970 03203 10280 20158 333=
48053 32956 03602 10290 20140 40145 333 59014=
48055 32956 00404 10232 20124 40130 333 59018=
48057 32958 02202 10208 20091 333=
48060 32950 00000 10220 20165 40142 333 59012=
48062 32958 00902 10270 20230 40153 333 59028=
48064 32970 01401 10275 20184 40131 333 59028=
48065 32970 00000 10285 20146 333=
48071 32960 02203 10258 20203 40150 333 59014=
48072 32960 01302 10250 20233 333=
48074 32959 01402 10270 20156 40147 333 59028=
48075 32958 02201 10240 20160 40143 333 59010=
48077 32959 00000 10300 20124 40145 333 59010=
48078 32958 13202 10298 20149 40138 80001 333 56009 59021=
48080 32961 00402 10310 20237 40131 333 59019=
48085 31958 02704 10280 20184 40139 70500 333 59013=
48087 32960 00401 10296 20185 333=
48092 31957 01302 10320 20140 40126 70522 333 59010=
48093 32958 00401 10304 20166 333=
48094 32960 00401 10310 20190 40145 333 59012=
48095 32960 01401 10310 20169 333=
48097 31957 00401 10310 20124 40142 70500 333 59026=
48099 32557 23202 10302 20185 40140 82800 333 56700 59012=
48101 32960 00000 10308 20169 333=
48103 32956 03202 10304 20149 40136 333 59020=
48107 32950 03201 10310 20169 40122 333 59012=
48108 31996 43203 10320 20174 40137 70244 80006 333 56009 59014=
48109 32997 00401 10306 20203 40152 333 59009=
48110 31996 23205 10310 20225 40134 70511 80005 333 56009 59010=
48112 NIL=  48001 32556 20401 10173 20135 40166 82200 333 56500 59018=
48004 32562 21301 10229 20124 82800 333 56900=
48008 32558 11401 10245 20150 40158 81400 333 56500 59026=
48010 32560 11801 10235 20172 40150 81100 333 56900 59019=
48018 32560 21803 10245 20150 40156 82800 333 56300 59020=
48019 32960 00401 10230 20143 40159 333 59018=
48020 32258 23602 10230 20163 82200 333 56500=
48025 31458 13601 10252 20150 40168 70244 81100 333 56900 59021=
48030 32956 02205 10192 29024 333=
48031 32960 02201 10195 20060 333=
48033 32963 01401 10270 20154 40143 333 58000=
48034 32958 01803 10235 20070 333=
48035 31960 02703 10228 20045 40125 70522 333 59026=
48037 32960 00000 10268 20133 40144 333 59014=
48039 32962 22201 10272 20154 80002 333 56009=
48042 32956 02301 10284 20146 40146 333 59030=
48043 32057 01805 10210 20120 333=
48045 32962 01405 10193 20096 333=
48048 32960 00401 10280 20158 40153 333 59015=
48051 32959 03101 10272 20130 333=
48052 32970 03203 10280 20158 333=
48053 32956 03602 10290 20140 40145 333 59014=
48055 32956 00404 10232 20124 40130 333 59018=
48057 32958 02202 10208 20091 333=
48060 32950 00000 10220 20165 40142 333 59012=
48062 32958 00902 10270 20230 40153 333 59028=
48064 32970 01401 10275 20184 40131 333 59028=
48065 32970 00000 10285 20146 333=
48071 32960 02203 10258 20203 40150 333 59014=
48072 32960 01302 10250 20233 333=
48074 32959 01402 10270 20156 40147 333 59028=
48075 32958 02201 10240 20160 40143 333 59010=
48077 32959 00000 10300 20124 40145 333 59010=
48078 32958 13202 10298 20149 40138 80001 333 56009 59021=
48080 32961 00402 10310 20237 40131 333 59019=
48085 31958 02704 10280 20184 40139 70500 333 59013=
48087 32960 00401 10296 20185 333=
48092 31957 01302 10320 20140 40126 70522 333 59010=
48093 32958 00401 10304 20166 333=
48094 32960 00401 10310 20190 40145 333 59012=
48095 32960 01401 10310 20169 333=
48097 31957 00401 10310 20124 40142 70500 333 59026=
48099 32557 23202 10302 20185 40140 82800 333 56700 59012=
48101 32960 00000 10308 20169 333=
48103 32956 03202 10304 20149 40136 333 59020=
48107 32950 03201 10310 20169 40122 333 59012=
48108 31996 43203 10320 20174 40137 70244 80006 333 56009 59014=
48109 32997 00401 10306 20203 40152 333 59009=
48110 31996 23205 10310 20225 40134 70511 80005 333 56009 59010=
48112 NIL=  