27-JAN-2015 00 48008 3 1 5 50 3 00 00 10 125 20 120 3 0000 4 0164 5 0000 6 000 0 7 10 4 4 8 2 4 3 0 333 20 115 59 020 6 000 0 7 0000 
27-JAN-2015 00 48010 3 2 5 20 2 00 00 10 135 20 135 3 0000 4 0164 5 0000 6 000 0 7 00 0 0 8 1 4 4 0 333 20 130 59 010 6 000 0 7 0000 
27-JAN-2015 00 48018 3 1 9 56 0 00 00 10 135 20 113 3 0000 4 0155 5 0000 6 000 0 7 42 4 4 8 0 0 0 0 333 20 125 59 010 6 000 0 7 0000 
27-JAN-2015 00 48019 3 2 9 40 0 00 00 10 105 20 100 3 0000 4 0159 5 0000 6 000 0 7 00 0 0 8 0 0 0 0 333 20 100 59 010 6 000 0 7 0000 
27-JAN-2015 00 48025 3 1 1 10 1 27 01 10 148 20 134 3 0000 4 0159 5 0000 6 000 0 7 40 4 4 8 1 6 0 0 333 20 145 59 020 6 000 0 7 0000 
27-JAN-2015 00 48030 3 2 1 50 0 22 01 10 036 20 015 3 0000 4 0000 5 0000 6 000 0 7 00 0 0 8 0 0 0 0 333 20 023 58 000 6 000 0 7 0000 
27-JAN-2015 00 48031 3 2 9 50 0 36 01 10 092 20 044 3 0000 4 0000 5 0000 6 000 0 7 00 0 0 8 0 0 0 0 333 20 084 58 000 6 000 0 7 0000 
27-JAN-2015 00 48033 3 2 9 60 0 00 00 10 150 20 134 3 0000 4 0148 5 0000 6 000 0 7 00 0 0 8 0 0 0 0 333 20 140 59 013 6 000 0 7 0000 
27-JAN-2015 00 48034 3 1 9 48 0 00 00 10 055 20 045 3 0000 4 0000 5 0000 6 000 0 7 10 0 0 8 0 0 0 0 333 20 043 58 000 6 000 0 7 0000 
27-JAN-2015 00 48035 3 1 / 01 9 00 00 10 054 20 050 3 0000 4 0202 5 0000 6 000 0 7 47 4 4 8 0 0 0 0 333 20 048 59 004 6 000 0 7 0000 
27-JAN-2015 00 48037 3 2 9 10 0 00 00 10 145 20 124 3 0000 4 0145 5 0000 6 000 0 7 00 0 0 8 0 0 0 0 333 20 140 59 014 6 000 0 7 0000 
27-JAN-2015 00 48039 3 1 4 50 3 32 01 10 150 20 134 3 0000 4 0000 5 0000 6 000 0 7 10 1 1 8 3 4 0 0 333 20 148 58 000 6 000 0 7 0000 
27-JAN-2015 00 48042 3 2 9 56 0 00 00 10 153 20 134 3 0000 4 0139 5 0000 6 000 0 7 00 0 0 8 0 0 0 0 333 20 142 59 020 6 000 0 7 0000 
27-JAN-2015 00 48043 2 1 0 10 0 00 00 10 080 20 055 3 0000 4 0000 5 0000 6 000 0 7 10 2 2 8 0 0 0 0 333 20 040 58 000 6 000 0 7 0000 
27-JAN-2015 00 48048 3 2 9 40 0 04 01 10 140 20 107 3 0000 4 0150 5 0000 6 000 0 7 00 0 0 8 0 0 0 0 333 20 133 59 012 6 000 0 7 0000 
27-JAN-2015 00 48051 3 2 9 56 0 36 01 10 130 20 110 3 0000 4 0000 5 0000 6 000 0 7 00 0 0 8 0 0 0 0 333 20 123 58 000 6 000 0 7 0000 
27-JAN-2015 00 48052 3 2 9 50 0 00 00 10 154 20 134 3 0000 4 0000 5 0000 6 000 0 7 00 0 0 8 0 0 0 0 333 20 090 58 000 6 000 0 7 0000 
27-JAN-2015 00 48053 3 2 9 50 0 00 00 10 150 20 134 3 0000 4 0136 5 0000 6 000 0 7 00 0 0 8 0 0 0 0 333 20 144 59 021 6 000 0 7 0000 
27-JAN-2015 00 48055 3 1 4 48 2 00 00 10 052 20 052 3 0000 4 0202 5 0000 6 000 0 7 10 1 1 8 2 5 0 0 333 20 047 59 020 6 000 0 7 0000 
27-JAN-2015 00 48057 3 1 9 39 0 00 00 10 082 20 055 3 0000 4 0000 5 0000 6 000 0 7 10 0 0 8 0 0 0 0 333 20 076 58 000 6 000 0 7 0000 
27-JAN-2015 00 48060 3 2 9 30 0 00 00 10 084 20 084 3 0000 4 0205 5 0000 6 000 0 7 00 0 0 8 0 0 0 0 333 20 074 59 011 6 000 0 7 0000 
27-JAN-2015 00 48062 3 1 5 30 2 00 00 10 150 20 130 3 0000 4 0142 5 0000 6 000 0 7 40 2 2 8 2 5 0 0 333 20 127 59 014 6 000 0 7 0000 
27-JAN-2015 00 48064 3 2 9 50 0 14 01 10 161 20 144 3 0000 4 0122 5 0000 6 000 0 7 00 0 0 8 0 0 0 0 333 20 130 59 013 6 000 0 7 0000 
27-JAN-2015 00 48065 3 2 9 50 0 00 00 10 165 20 160 3 0000 4 0000 5 0000 6 000 0 7 00 0 0 8 0 0 0 0 333 20 150 58 000 6 000 0 7 0000 
27-JAN-2015 00 48071 3 1 9 40 0 00 00 10 195 20 185 3 0000 4 0140 5 0000 6 000 0 7 40 4 4 8 0 0 0 0 333 20 170 59 013 6 000 0 7 0000 
27-JAN-2015 00 48074 3 1 9 50 0 00 00 10 160 20 144 3 0000 4 0155 5 0000 6 000 0 7 10 0 0 8 0 0 0 0 333 20 148 59 001 6 000 0 7 0000 
27-JAN-2015 00 48075 3 1 9 56 0 00 00 10 110 20 110 3 0000 4 0194 5 0000 6 000 0 7 10 2 2 8 0 0 0 0 333 20 100 58 001 6 000 0 7 0000 
27-JAN-2015 00 48077 3 1 9 56 0 00 00 10 174 20 154 3 0000 4 0133 5 0000 6 000 0 7 10 0 0 8 0 0 0 0 333 20 140 59 017 6 000 0 7 0000 
27-JAN-2015 00 48080 3 1 9 50 0 00 00 10 135 20 113 3 0000 4 0144 5 0000 6 000 0 7 10 4 4 8 0 0 0 0 333 20 128 59 011 6 000 0 7 0000 
27-JAN-2015 00 48085 3 1 9 30 0 00 00 10 146 20 144 3 0000 4 0132 5 0000 6 000 0 7 42 4 4 8 0 0 0 0 333 20 144 59 009 6 000 0 7 0000 
27-JAN-2015 00 48087 3 1 2 10 6 00 00 10 140 20 124 3 0000 4 0000 5 0000 6 000 0 7 43 4 4 8 6 6 / / 333 20 125 58 000 6 000 0 7 0000 
27-JAN-2015 00 48092 3 2 9 20 2 00 00 10 160 20 160 3 0000 4 0122 5 0000 6 000 0 7 10 0 0 8 0 0 0 6 333 20 152 59 012 6 000 0 7 0000 
27-JAN-2015 00 48093 3 2 9 30 1 00 00 10 174 20 167 3 0000 4 0000 5 0000 6 000 0 7 00 0 0 8 0 0 0 1 333 20 173 58 000 6 000 0 7 0000 
27-JAN-2015 00 48094 3 2 9 50 0 00 00 10 195 20 180 3 0000 4 0143 5 0000 6 000 0 7 00 0 0 8 0 0 0 0 333 20 158 59 009 6 000 0 7 0000 
27-JAN-2015 00 48096 3 2 0 56 0 23 03 10 200 20 185 3 0000 4 0139 5 0000 6 000 0 7 00 0 0 8 0 0 0 0 333 20 185 59 020 6 000 0 7 0000 
27-JAN-2015 00 48097 3 1 5 30 2 32 01 10 185 20 178 3 0000 4 0136 5 0000 6 000 0 7 10 1 0 8 1 5 0 1 333 20 180 59 019 6 000 0 7 0000 
27-JAN-2015 00 48099 3 2 3 40 3 04 01 10 180 20 165 3 0000 4 0132 5 0000 6 000 0 7 40 4 4 8 1 5 3 1 333 20 162 59 021 6 000 0 7 0000 
27-JAN-2015 00 48103 3 2 5 30 1 22 01 10 168 20 154 3 0000 4 0132 5 0000 6 000 0 7 00 0 0 8 1 5 0 0 333 20 158 59 023 6 000 0 7 0000 
27-JAN-2015 00 48107 3 1 9 30 0 04 02 10 182 20 165 3 0000 4 0128 5 0000 6 000 0 7 41 4 4 8 0 0 0 0 333 20 174 59 019 6 000 0 7 0000 
27-JAN-2015 00 48108 3 1 9 93 7 00 00 10 170 20 162 3 0000 4 0136 5 0000 6 000 0 7 40 2 2 8 0 0 0 7 333 20 158 59 023 6 000 0 7 0000 
27-JAN-2015 00 48109 3 1 4 96 3 00 00 10 202 20 185 3 0000 4 0138 5 0000 6 000 0 7 10 2 2 8 3 9 0 0 333 20 190 59 019 6 000 0 7 0000 
27-JAN-2015 00 48110 3 1 9 96 4 00 00 10 215 20 190 3 0000 4 0131 5 0000 6 000 0 7 42 4 4 8 0 0 0 5 333 20 215 59 016 6 000 0 7 0000 
27-JAN-2015 00 48112 3 2 5 97 8 04 02 10 235 20 209 3 0000 4 0132 5 0000 6 000 0 7 00 0 0 8 3 8 7 6 333 20 190 59 008 6 000 0 7 0000 
