27-JAN-2015 18 48008 3 1 5 10 3 00 00 10 180 20 155 3 0000 4 0134 5 0000 6 000 0 7 10 4 4 8 1 4 3 0 333 10 /// 59 004 6 000 0 7 0000 
27-JAN-2015 18 48010 3 2 0 01 0 00 00 10 170 20 162 3 0000 4 0150 5 0000 6 000 0 7 00 0 0 8 0 0 0 0 333 10 /// 59 020 6 000 0 7 0000 
27-JAN-2015 18 48018 3 2 9 20 0 00 00 10 175 20 147 3 0000 4 0129 5 0000 6 000 0 7 00 0 0 8 0 0 0 0 333 10 /// 59 020 6 000 0 7 0000 
27-JAN-2015 18 48025 3 2 9 05 0 36 01 10 190 20 174 3 0000 4 0141 5 0000 6 000 0 7 00 0 0 8 0 0 0 0 333 10 /// 59 036 6 000 0 7 0000 
27-JAN-2015 18 48042 3 2 9 50 0 00 00 10 188 20 159 3 0000 4 0125 5 0000 6 000 0 7 00 0 0 8 0 0 0 0 333 10 /// 59 019 6 000 0 7 0000 
27-JAN-2015 18 48053 3 2 9 40 0 36 02 10 180 20 147 3 0000 4 0149 5 0000 6 000 0 7 00 0 0 8 0 0 0 0 333 10 /// 59 015 6 000 0 7 0000 
27-JAN-2015 18 48057 3 1 9 39 0 18 01 10 113 20 091 3 0000 4 0000 5 0000 6 000 0 7 10 0 0 8 0 0 0 0 333 10 /// 58 000 6 000 0 7 0000 
27-JAN-2015 18 48060 3 2 9 10 0 00 00 10 160 20 123 3 0000 4 0149 5 0000 6 000 0 7 00 0 0 8 0 0 0 0 333 10 /// 59 033 6 000 0 7 0000 
27-JAN-2015 18 48062 3 1 5 40 4 00 00 10 195 20 170 3 0000 4 0133 5 0000 6 000 0 7 40 4 4 8 3 8 3 0 333 10 /// 59 025 6 000 0 7 0000 
27-JAN-2015 18 48071 3 2 9 20 0 32 03 10 215 20 184 3 0000 4 0145 5 0000 6 000 0 7 00 0 0 8 0 0 0 0 333 10 /// 59 003 6 000 0 7 0000 
27-JAN-2015 18 48080 3 2 9 40 0 00 00 10 200 20 168 3 0000 4 0143 5 0000 6 000 0 7 00 0 0 8 0 0 0 0 333 10 /// 59 005 6 000 0 7 0000 
27-JAN-2015 18 48099 3 2 9 40 0 23 01 10 200 20 185 3 0000 4 0131 5 0000 6 000 0 7 00 0 0 8 0 0 0 0 333 10 /// 59 004 6 000 0 7 0000 
27-JAN-2015 18 48103 3 2 5 10 2 04 02 10 225 20 173 3 0000 4 0112 5 0000 6 000 0 7 00 0 0 8 2 5 0 0 333 10 /// 59 012 6 000 0 7 0000 
27-JAN-2015 18 48108 3 1 9 93 4 05 01 10 200 20 168 3 0000 4 0124 5 0000 6 000 0 7 10 1 1 8 0 0 0 6 333 10 /// 59 016 6 000 0 7 0000 
27-JAN-2015 18 48109 3 2 9 95 0 00 00 10 220 20 139 3 0000 4 0121 5 0000 6 000 0 7 00 0 0 8 0 0 0 0 333 10 /// 59 016 6 000 0 7 0000 
27-JAN-2015 18 48110 3 1 9 93 3 00 00 10 235 20 211 3 0000 4 0119 5 0000 6 000 0 7 05 1 1 8 0 0 0 5 333 10 /// 59 024 6 000 0 7 0000 
27-JAN-2015 18 48112 3 2 5 97 8 04 02 10 256 20 219 3 0000 4 0112 5 0000 6 000 0 7 00 0 0 8 3 8 7 6 333 10 /// 59 006 6 000 0 7 0000 
