27-JAN-2015 03 48004 3 1 5 62 1 32 01 10 125 20 112 3 0000 4 0000 5 0000 6 000 0 7 01 4 4 8 1 5 0 0 333 10 /// 58 000 6 000 0 7 0000 
27-JAN-2015 03 48008 3 1 5 57 1 04 01 10 166 20 135 3 0000 4 0178 5 0000 6 000 0 7 01 4 4 8 1 4 0 0 333 10 /// 59 011 6 000 0 7 0000 
27-JAN-2015 03 48010 3 1 5 40 3 00 00 10 156 20 144 3 0000 4 0182 5 0000 6 000 0 7 40 4 4 8 3 7 0 0 333 10 /// 59 013 6 000 0 7 0000 
27-JAN-2015 03 48018 3 1 5 58 1 04 01 10 150 20 134 3 0000 4 0167 5 0000 6 000 0 7 03 4 4 8 1 1 0 0 333 10 /// 59 020 6 000 0 7 0000 
27-JAN-2015 03 48019 3 2 9 60 0 04 01 10 163 20 123 3 0000 4 0171 5 0000 6 000 0 7 00 0 0 8 0 0 0 0 333 10 /// 59 016 6 000 0 7 0000 
27-JAN-2015 03 48020 3 1 9 30 9 00 00 10 155 20 144 3 0000 4 0000 5 0000 6 000 0 7 43 4 4 8 0 0 0 0 333 10 /// 58 000 6 000 0 7 0000 
27-JAN-2015 03 48025 3 1 1 20 1 22 01 10 167 20 135 3 0000 4 0177 5 0000 6 000 0 7 40 4 4 8 1 6 0 0 333 10 /// 59 017 6 000 0 7 0000 
27-JAN-2015 03 48030 3 2 9 56 0 22 02 10 057 20 000 3 0000 4 0000 5 0000 6 000 0 7 00 0 0 8 0 0 0 0 333 10 /// 58 000 6 000 0 7 0000 
27-JAN-2015 03 48031 3 2 9 60 0 18 01 10 155 20 085 3 0000 4 0000 5 0000 6 000 0 7 00 0 0 8 0 0 0 0 333 10 /// 58 000 6 000 0 7 0000 
27-JAN-2015 03 48033 3 2 9 62 0 36 01 10 180 20 147 3 0000 4 0153 5 0000 6 000 0 7 00 0 0 8 0 0 0 0 333 10 /// 59 013 6 000 0 7 0000 
27-JAN-2015 03 48034 3 1 9 48 0 00 00 10 142 20 094 3 0000 4 0000 5 0000 6 000 0 7 01 4 4 8 0 0 0 0 333 10 /// 58 000 6 000 0 7 0000 
27-JAN-2015 03 48035 3 1 9 60 0 00 00 10 114 20 091 3 0000 4 0188 5 0000 6 000 0 7 05 4 4 8 0 0 0 0 333 10 /// 59 015 6 000 0 7 0000 
27-JAN-2015 03 48037 3 2 9 56 0 36 01 10 178 20 129 3 0000 4 0161 5 0000 6 000 0 7 00 0 0 8 0 0 0 0 333 10 /// 59 015 6 000 0 7 0000 
27-JAN-2015 03 48039 3 1 9 40 2 32 01 10 185 20 129 3 0000 4 0000 5 0000 6 000 0 7 40 4 4 8 0 0 0 2 333 10 /// 58 000 6 000 0 7 0000 
27-JAN-2015 03 48042 3 1 9 50 0 00 00 10 205 20 150 3 0000 4 0157 5 0000 6 000 0 7 10 0 0 8 0 0 0 0 333 10 /// 59 021 6 000 0 7 0000 
27-JAN-2015 03 48043 3 2 0 56 0 00 00 10 140 20 107 3 0000 4 0000 5 0000 6 000 0 7 00 0 0 8 0 0 0 0 333 10 /// 58 000 6 000 0 7 0000 
27-JAN-2015 03 48045 3 2 9 60 0 14 02 10 133 20 067 3 0000 4 0000 5 0000 6 000 0 7 00 0 0 8 0 0 0 0 333 10 /// 58 000 6 000 0 7 0000 
27-JAN-2015 03 48048 3 2 9 56 0 04 01 10 176 20 129 3 0000 4 0161 5 0000 6 000 0 7 00 0 0 8 0 0 0 0 333 10 /// 59 019 6 000 0 7 0000 
27-JAN-2015 03 48051 3 2 9 58 0 04 03 10 189 20 160 3 0000 4 0000 5 0000 6 000 0 7 00 0 0 8 0 0 0 0 333 10 /// 58 000 6 000 0 7 0000 
27-JAN-2015 03 48052 3 2 9 58 0 32 02 10 210 20 143 3 0000 4 0000 5 0000 6 000 0 7 00 0 0 8 0 0 0 0 333 10 /// 58 000 6 000 0 7 0000 
27-JAN-2015 03 48053 3 1 9 50 0 36 01 10 210 20 143 3 0000 4 0158 5 0000 6 000 0 7 10 0 0 8 0 0 0 0 333 10 /// 59 007 6 000 0 7 0000 
27-JAN-2015 03 48055 3 1 9 30 0 00 00 10 136 20 108 3 0000 4 0188 5 0000 6 000 0 7 10 1 1 8 0 0 0 0 333 10 /// 59 015 6 000 0 7 0000 
27-JAN-2015 03 48057 3 2 9 58 0 14 01 10 174 20 074 3 0000 4 0000 5 0000 6 000 0 7 00 0 0 8 0 0 0 0 333 10 /// 58 000 6 000 0 7 0000 
27-JAN-2015 03 48060 3 2 9 40 0 00 00 10 145 20 087 3 0000 4 0185 5 0000 6 000 0 7 00 0 0 8 0 0 0 0 333 10 /// 59 020 6 000 0 7 0000 
27-JAN-2015 03 48062 3 1 5 40 2 09 01 10 192 20 140 3 0000 4 0157 5 0000 6 000 0 7 10 4 4 8 6 5 0 0 333 10 /// 59 016 6 000 0 7 0000 
27-JAN-2015 03 48064 3 2 9 60 0 14 01 10 190 20 139 3 0000 4 0147 5 0000 6 000 0 7 00 0 0 8 0 0 0 0 333 10 /// 59 018 6 000 0 7 0000 
27-JAN-2015 03 48065 3 2 9 68 0 00 00 10 208 20 150 3 0000 4 0000 5 0000 6 000 0 7 00 0 0 8 0 0 0 0 333 10 /// 58 000 6 000 0 7 0000 
27-JAN-2015 03 48071 3 2 9 58 0 05 01 10 228 20 198 3 0000 4 0153 5 0000 6 000 0 7 00 0 0 8 0 0 0 0 333 10 /// 59 020 6 000 0 7 0000 
27-JAN-2015 03 48072 3 1 9 58 0 13 01 10 235 20 191 3 0000 4 0000 5 0000 6 000 0 7 10 4 4 8 0 0 0 0 333 10 /// 58 000 6 000 0 7 0000 
27-JAN-2015 03 48074 3 2 9 58 0 32 01 10 195 20 150 3 0000 4 0174 5 0000 6 000 0 7 00 0 0 8 0 0 0 0 333 10 /// 59 004 6 000 0 7 0000 
27-JAN-2015 03 48075 3 1 9 58 0 00 00 10 180 20 150 3 0000 4 0189 5 0000 6 000 0 7 01 4 4 8 0 0 0 0 333 10 /// 59 016 6 000 0 7 0000 
27-JAN-2015 03 48077 3 2 9 59 0 04 01 10 220 20 156 3 0000 4 0154 5 0000 6 000 0 7 00 0 0 8 0 0 0 0 333 10 /// 59 013 6 000 0 7 0000 
27-JAN-2015 03 48078 3 2 9 56 1 23 02 10 206 20 155 3 0000 4 0159 5 0000 6 000 0 7 00 0 0 8 0 0 0 1 333 10 /// 59 019 6 000 0 7 0000 
27-JAN-2015 03 48080 3 2 9 56 1 23 02 10 206 20 155 3 0000 4 0159 5 0000 6 000 0 7 00 0 0 8 0 0 0 1 333 10 /// 59 019 6 000 0 7 0000 
27-JAN-2015 03 48085 3 1 9 57 0 16 01 10 218 20 195 3 0000 4 0150 5 0000 6 000 0 7 05 4 4 8 0 0 0 0 333 10 /// 59 016 6 000 0 7 0000 
27-JAN-2015 03 48087 3 2 9 56 0 00 00 10 206 20 195 3 0000 4 0000 5 0000 6 000 0 7 00 0 0 8 0 0 0 0 333 10 /// 58 000 6 000 0 7 0000 
27-JAN-2015 03 48092 3 1 9 40 0 09 01 10 245 20 188 3 0000 4 0143 5 0000 6 000 0 7 10 2 2 8 0 0 0 0 333 10 /// 59 010 6 000 0 7 0000 
27-JAN-2015 03 48093 3 2 9 58 0 04 01 10 231 20 181 3 0000 4 0000 5 0000 6 000 0 7 00 0 0 8 0 0 0 0 333 10 /// 58 000 6 000 0 7 0000 
27-JAN-2015 03 48094 3 2 9 59 0 04 01 10 235 20 200 3 0000 4 0153 5 0000 6 000 0 7 00 0 0 8 0 0 0 0 333 10 /// 59 019 6 000 0 7 0000 
27-JAN-2015 03 48095 3 2 9 58 0 00 00 10 215 20 195 3 0000 4 0000 5 0000 6 000 0 7 00 0 0 8 0 0 0 0 333 10 /// 58 000 6 000 0 7 0000 
27-JAN-2015 03 48097 3 1 9 57 0 03 01 10 260 20 170 3 0000 4 0168 5 0000 6 000 0 7 05 0 0 8 0 0 0 0 333 10 /// 59 010 6 000 0 7 0000 
27-JAN-2015 03 48099 3 1 4 40 2 04 02 10 230 20 181 3 0000 4 0151 5 0000 6 000 0 7 05 4 4 8 2 5 0 0 333 10 /// 59 020 6 000 0 7 0000 
27-JAN-2015 03 48101 3 2 9 58 0 00 00 10 240 20 191 3 0000 4 0000 5 0000 6 000 0 7 00 0 0 8 0 0 0 0 333 10 /// 58 000 6 000 0 7 0000 
27-JAN-2015 03 48103 3 2 9 56 0 04 01 10 245 20 174 3 0000 4 0154 5 0000 6 000 0 7 00 0 0 8 0 0 0 0 333 10 /// 59 019 6 000 0 7 0000 
27-JAN-2015 03 48107 3 1 9 50 0 04 01 10 244 20 174 3 0000 4 0138 5 0000 6 000 0 7 01 4 4 8 0 0 0 0 333 10 /// 59 018 6 000 0 7 0000 
27-JAN-2015 03 48108 3 1 9 96 4 14 01 10 240 20 191 3 0000 4 0156 5 0000 6 000 0 7 01 4 4 8 0 0 0 6 333 10 /// 59 013 6 000 0 7 0000 
27-JAN-2015 03 48109 3 2 4 97 3 00 00 10 235 20 191 3 0000 4 0155 5 0000 6 000 0 7 00 0 0 8 3 9 0 0 333 10 /// 59 016 6 000 0 7 0000 
27-JAN-2015 03 48110 3 1 9 95 4 13 02 10 260 20 215 3 0000 4 0150 5 0000 6 000 0 7 05 4 4 8 0 0 0 5 333 10 /// 59 012 6 000 0 7 0000 
27-JAN-2015 03 48112 3 2 5 98 6 04 02 10 260 20 215 3 0000 4 0154 5 0000 6 000 0 7 00 0 0 8 2 2 1 6 333 10 /// 59 002 6 000 0 7 0000 
