48008 31510 30000 10180 20155 40134 71044 81430 333 56560 59004=
48010 32001 00000 10170 20162 40150 333 59020=
48018 32920 00000 10175 20147 40129 333 59020=
48025 32905 03601 10190 20174 40141 333 59036=
48042 32950 00000 10188 20159 40125 333 59019=
48053 32940 03602 10180 20147 40149 333 59015=
48057 31939 01801 10113 20091 71000 333=
48060 32910 00000 10160 20123 40149 333 59033=
48062 31540 40000 10195 20170 40133 74044 83830 333 56990 59025=
48071 32920 03203 10215 20184 40145 333 59003=
48080 32940 00000 10200 20168 40143 333 59005=
48099 32940 02301 10200 20185 40131 333 59004=
48103 32510 20402 10225 20173 40112 82500 333 56100 59012=
48108 31993 40501 10200 20168 40124 71011 80006 333 56009 59016=
48109 32995 00000 10220 20139 40121 333 59016=
48110 31993 30000 10235 20211 40119 70511 80005 333 56009 59024=
48112 32597 80402 10256 20219 40112 83876 333 56199 59006=  