27-JAN-2015 06 48001 3 2 5 56 2 04 01 10 173 20 135 3 0000 4 0166 5 0000 6 000 0 7 00 0 0 8 2 2 0 0 333 10 /// 59 018 6 000 0 7 0000 
27-JAN-2015 06 48004 3 2 5 62 2 13 01 10 229 20 124 3 0000 4 0000 5 0000 6 000 0 7 00 0 0 8 2 8 0 0 333 10 /// 58 000 6 000 0 7 0000 
27-JAN-2015 06 48008 3 2 5 58 1 14 01 10 245 20 150 3 0000 4 0158 5 0000 6 000 0 7 00 0 0 8 1 4 0 0 333 10 /// 59 026 6 000 0 7 0000 
27-JAN-2015 06 48010 3 2 5 60 1 18 01 10 235 20 172 3 0000 4 0150 5 0000 6 000 0 7 00 0 0 8 1 1 0 0 333 10 /// 59 019 6 000 0 7 0000 
27-JAN-2015 06 48018 3 2 5 60 2 18 03 10 245 20 150 3 0000 4 0156 5 0000 6 000 0 7 00 0 0 8 2 8 0 0 333 10 /// 59 020 6 000 0 7 0000 
27-JAN-2015 06 48019 3 2 9 60 0 04 01 10 230 20 143 3 0000 4 0159 5 0000 6 000 0 7 00 0 0 8 0 0 0 0 333 10 /// 59 018 6 000 0 7 0000 
27-JAN-2015 06 48020 3 2 2 58 2 36 02 10 230 20 163 3 0000 4 0000 5 0000 6 000 0 7 00 0 0 8 2 2 0 0 333 10 /// 58 000 6 000 0 7 0000 
27-JAN-2015 06 48025 3 1 4 58 1 36 01 10 252 20 150 3 0000 4 0168 5 0000 6 000 0 7 02 4 4 8 1 1 0 0 333 10 /// 59 021 6 000 0 7 0000 
27-JAN-2015 06 48030 3 2 9 56 0 22 05 10 192 20 000 3 0000 4 0000 5 0000 6 000 0 7 00 0 0 8 0 0 0 0 333 10 /// 58 000 6 000 0 7 0000 
27-JAN-2015 06 48031 3 2 9 60 0 22 01 10 195 20 060 3 0000 4 0000 5 0000 6 000 0 7 00 0 0 8 0 0 0 0 333 10 /// 58 000 6 000 0 7 0000 
27-JAN-2015 06 48033 3 2 9 63 0 14 01 10 270 20 154 3 0000 4 0143 5 0000 6 000 0 7 00 0 0 8 0 0 0 0 333 10 /// 58 000 6 000 0 7 0000 
27-JAN-2015 06 48034 3 2 9 58 0 18 03 10 235 20 070 3 0000 4 0000 5 0000 6 000 0 7 00 0 0 8 0 0 0 0 333 10 /// 58 000 6 000 0 7 0000 
27-JAN-2015 06 48035 3 1 9 60 0 27 03 10 228 20 045 3 0000 4 0125 5 0000 6 000 0 7 05 2 2 8 0 0 0 0 333 10 /// 59 026 6 000 0 7 0000 
27-JAN-2015 06 48037 3 2 9 60 0 00 00 10 268 20 133 3 0000 4 0144 5 0000 6 000 0 7 00 0 0 8 0 0 0 0 333 10 /// 59 014 6 000 0 7 0000 
27-JAN-2015 06 48039 3 2 9 62 2 22 01 10 272 20 154 3 0000 4 0000 5 0000 6 000 0 7 00 0 0 8 0 0 0 2 333 10 /// 58 000 6 000 0 7 0000 
27-JAN-2015 06 48042 3 2 9 56 0 23 01 10 284 20 146 3 0000 4 0146 5 0000 6 000 0 7 00 0 0 8 0 0 0 0 333 10 /// 59 030 6 000 0 7 0000 
27-JAN-2015 06 48043 3 2 0 57 0 18 05 10 210 20 120 3 0000 4 0000 5 0000 6 000 0 7 00 0 0 8 0 0 0 0 333 10 /// 58 000 6 000 0 7 0000 
27-JAN-2015 06 48045 3 2 9 62 0 14 05 10 193 20 096 3 0000 4 0000 5 0000 6 000 0 7 00 0 0 8 0 0 0 0 333 10 /// 58 000 6 000 0 7 0000 
27-JAN-2015 06 48048 3 2 9 60 0 04 01 10 280 20 158 3 0000 4 0153 5 0000 6 000 0 7 00 0 0 8 0 0 0 0 333 10 /// 59 015 6 000 0 7 0000 
27-JAN-2015 06 48051 3 2 9 59 0 31 01 10 272 20 130 3 0000 4 0000 5 0000 6 000 0 7 00 0 0 8 0 0 0 0 333 10 /// 58 000 6 000 0 7 0000 
27-JAN-2015 06 48052 3 2 9 70 0 32 03 10 280 20 158 3 0000 4 0000 5 0000 6 000 0 7 00 0 0 8 0 0 0 0 333 10 /// 58 000 6 000 0 7 0000 
27-JAN-2015 06 48053 3 2 9 56 0 36 02 10 290 20 140 3 0000 4 0145 5 0000 6 000 0 7 00 0 0 8 0 0 0 0 333 10 /// 59 014 6 000 0 7 0000 
27-JAN-2015 06 48055 3 2 9 56 0 04 04 10 232 20 124 3 0000 4 0130 5 0000 6 000 0 7 00 0 0 8 0 0 0 0 333 10 /// 59 018 6 000 0 7 0000 
27-JAN-2015 06 48057 3 2 9 58 0 22 02 10 208 20 091 3 0000 4 0000 5 0000 6 000 0 7 00 0 0 8 0 0 0 0 333 10 /// 58 000 6 000 0 7 0000 
27-JAN-2015 06 48060 3 2 9 50 0 00 00 10 220 20 165 3 0000 4 0142 5 0000 6 000 0 7 00 0 0 8 0 0 0 0 333 10 /// 59 012 6 000 0 7 0000 
27-JAN-2015 06 48062 3 2 9 58 0 09 02 10 270 20 230 3 0000 4 0153 5 0000 6 000 0 7 00 0 0 8 0 0 0 0 333 10 /// 59 028 6 000 0 7 0000 
27-JAN-2015 06 48064 3 2 9 70 0 14 01 10 275 20 184 3 0000 4 0131 5 0000 6 000 0 7 00 0 0 8 0 0 0 0 333 10 /// 59 028 6 000 0 7 0000 
27-JAN-2015 06 48065 3 2 9 70 0 00 00 10 285 20 146 3 0000 4 0000 5 0000 6 000 0 7 00 0 0 8 0 0 0 0 333 10 /// 58 000 6 000 0 7 0000 
27-JAN-2015 06 48071 3 2 9 60 0 22 03 10 258 20 203 3 0000 4 0150 5 0000 6 000 0 7 00 0 0 8 0 0 0 0 333 10 /// 59 014 6 000 0 7 0000 
27-JAN-2015 06 48072 3 2 9 60 0 13 02 10 250 20 233 3 0000 4 0000 5 0000 6 000 0 7 00 0 0 8 0 0 0 0 333 10 /// 58 000 6 000 0 7 0000 
27-JAN-2015 06 48074 3 2 9 59 0 14 02 10 270 20 156 3 0000 4 0147 5 0000 6 000 0 7 00 0 0 8 0 0 0 0 333 10 /// 59 028 6 000 0 7 0000 
27-JAN-2015 06 48075 3 2 9 58 0 22 01 10 240 20 160 3 0000 4 0143 5 0000 6 000 0 7 00 0 0 8 0 0 0 0 333 10 /// 59 010 6 000 0 7 0000 
27-JAN-2015 06 48077 3 2 9 59 0 00 00 10 300 20 124 3 0000 4 0145 5 0000 6 000 0 7 00 0 0 8 0 0 0 0 333 10 /// 59 010 6 000 0 7 0000 
27-JAN-2015 06 48078 3 2 9 58 1 32 02 10 298 20 149 3 0000 4 0138 5 0000 6 000 0 7 00 0 0 8 0 0 0 1 333 10 /// 59 021 6 000 0 7 0000 
27-JAN-2015 06 48080 3 2 9 61 0 04 02 10 310 20 237 3 0000 4 0131 5 0000 6 000 0 7 00 0 0 8 0 0 0 0 333 10 /// 59 019 6 000 0 7 0000 
27-JAN-2015 06 48085 3 1 9 58 0 27 04 10 280 20 184 3 0000 4 0139 5 0000 6 000 0 7 05 0 0 8 0 0 0 0 333 10 /// 59 013 6 000 0 7 0000 
27-JAN-2015 06 48087 3 2 9 60 0 04 01 10 296 20 185 3 0000 4 0000 5 0000 6 000 0 7 00 0 0 8 0 0 0 0 333 10 /// 58 000 6 000 0 7 0000 
27-JAN-2015 06 48092 3 1 9 57 0 13 02 10 320 20 140 3 0000 4 0126 5 0000 6 000 0 7 05 2 2 8 0 0 0 0 333 10 /// 59 010 6 000 0 7 0000 
27-JAN-2015 06 48093 3 2 9 58 0 04 01 10 304 20 166 3 0000 4 0000 5 0000 6 000 0 7 00 0 0 8 0 0 0 0 333 10 /// 58 000 6 000 0 7 0000 
27-JAN-2015 06 48094 3 2 9 60 0 04 01 10 310 20 190 3 0000 4 0145 5 0000 6 000 0 7 00 0 0 8 0 0 0 0 333 10 /// 59 012 6 000 0 7 0000 
27-JAN-2015 06 48095 3 2 9 60 0 14 01 10 310 20 169 3 0000 4 0000 5 0000 6 000 0 7 00 0 0 8 0 0 0 0 333 10 /// 58 000 6 000 0 7 0000 
27-JAN-2015 06 48097 3 1 9 57 0 04 01 10 310 20 124 3 0000 4 0142 5 0000 6 000 0 7 05 0 0 8 0 0 0 0 333 10 /// 59 026 6 000 0 7 0000 
27-JAN-2015 06 48099 3 2 5 57 2 32 02 10 302 20 185 3 0000 4 0140 5 0000 6 000 0 7 00 0 0 8 2 8 0 0 333 10 /// 59 012 6 000 0 7 0000 
27-JAN-2015 06 48101 3 2 9 60 0 00 00 10 308 20 169 3 0000 4 0000 5 0000 6 000 0 7 00 0 0 8 0 0 0 0 333 10 /// 58 000 6 000 0 7 0000 
27-JAN-2015 06 48103 3 2 9 56 0 32 02 10 304 20 149 3 0000 4 0136 5 0000 6 000 0 7 00 0 0 8 0 0 0 0 333 10 /// 59 020 6 000 0 7 0000 
27-JAN-2015 06 48107 3 2 9 50 0 32 01 10 310 20 169 3 0000 4 0122 5 0000 6 000 0 7 00 0 0 8 0 0 0 0 333 10 /// 59 012 6 000 0 7 0000 
27-JAN-2015 06 48108 3 1 9 96 4 32 03 10 320 20 174 3 0000 4 0137 5 0000 6 000 0 7 02 4 4 8 0 0 0 6 333 10 /// 59 014 6 000 0 7 0000 
27-JAN-2015 06 48109 3 2 9 97 0 04 01 10 306 20 203 3 0000 4 0152 5 0000 6 000 0 7 00 0 0 8 0 0 0 0 333 10 /// 59 009 6 000 0 7 0000 
27-JAN-2015 06 48110 3 1 9 96 2 32 05 10 310 20 225 3 0000 4 0134 5 0000 6 000 0 7 05 1 1 8 0 0 0 5 333 10 /// 59 010 6 000 0 7 0000 
