27-JUL-2015 12 48001 3 2 4 56 6 00 00 10 300 20 239 3 0000 4 0022 5 0000 6 000 0 7 00 0 0 8 6 9 0 0 333 10 325 58 014 6 000 0 7 0000 
27-JUL-2015 12 48008 2 1 4 56 8 23 01 10 295 20 253 3 0000 4 0033 5 0000 6 000 0 7 03 5 5 8 4 9 7 / 333 10 315 58 008 6 990 2 7 0000 
27-JUL-2015 12 48010 2 1 4 30 6 36 01 10 245 20 245 3 0000 4 0035 5 0000 6 000 0 7 02 6 5 8 5 7 7 / 333 10 277 58 003 6 007 2 7 0000 
27-JUL-2015 12 48018 2 1 5 56 8 00 00 10 265 20 246 3 0000 4 0004 5 0000 6 000 0 7 50 5 5 8 5 9 7 / 333 10 282 58 014 6 990 2 7 0000 
27-JUL-2015 12 48019 2 1 4 40 8 27 02 10 279 20 268 3 0000 4 0033 5 0000 6 000 0 7 60 6 6 8 8 7 / / 333 10 300 58 005 6 001 2 7 0000 
27-JUL-2015 12 48025 2 1 1 20 8 36 02 10 250 20 250 3 0000 4 0017 5 0000 6 000 0 7 51 6 5 8 5 7 7 3 333 10 263 59 015 6 009 2 7 0000 
27-JUL-2015 12 48033 2 2 5 60 8 13 01 10 263 20 246 3 0000 4 0026 5 0000 6 000 0 7 00 0 0 8 3 9 7 0 333 10 270 59 022 6 019 2 7 0000 
27-JUL-2015 12 48035 2 1 2 50 8 00 00 10 226 20 214 3 0000 4 0040 5 0000 6 000 0 7 61 6 6 8 6 9 2 / 333 10 244 58 004 6 006 2 7 0000 
27-JUL-2015 12 48037 2 1 4 56 8 14 01 10 258 20 248 3 0000 4 0020 5 0000 6 000 0 7 02 5 5 8 8 7 / / 333 10 265 59 001 6 008 2 7 0000 
27-JUL-2015 12 48042 2 2 5 57 8 18 02 10 262 20 246 3 0000 4 0020 5 0000 6 000 0 7 00 0 0 8 5 9 7 / 333 10 272 59 009 6 990 2 7 0000 
27-JUL-2015 12 48048 2 1 5 40 8 00 00 10 252 20 233 3 0000 4 0014 5 0000 6 000 0 7 51 6 5 8 6 9 7 / 333 10 265 59 009 6 005 2 7 0000 
27-JUL-2015 12 48053 2 1 4 56 8 18 04 10 260 20 246 3 0000 4 0033 5 0000 6 000 0 7 02 5 5 8 5 7 7 / 333 10 260 59 004 6 003 2 7 0000 
27-JUL-2015 12 48055 2 1 3 56 8 22 03 10 232 20 214 3 0000 4 0046 5 0000 6 000 0 7 02 5 5 8 6 9 7 / 333 10 260 59 012 6 004 2 7 0000 
27-JUL-2015 12 48060 2 1 3 30 8 00 00 10 226 20 214 3 0000 4 0066 5 0000 6 000 0 7 63 6 6 8 5 9 7 0 333 10 268 58 034 6 016 2 7 0000 
27-JUL-2015 12 48062 2 1 3 50 8 23 09 10 250 20 250 3 0000 4 0003 5 0000 6 000 0 7 65 6 6 8 6 9 2 0 333 10 283 59 008 6 038 2 7 0000 
27-JUL-2015 12 48064 2 1 4 50 8 32 01 10 253 20 250 3 0000 4 0005 5 0000 6 000 0 7 00 0 0 8 4 7 2 0 333 10 275 59 008 6 003 2 7 0000 
27-JUL-2015 12 48071 2 1 4 56 8 23 03 10 257 20 257 3 0000 4 0022 5 0000 6 000 0 7 60 6 6 8 6 9 2 / 333 10 265 59 007 6 026 2 7 0000 
27-JUL-2015 12 48074 2 2 2 50 8 18 01 10 250 20 250 3 0000 4 0062 5 0000 6 000 0 7 00 0 0 8 6 7 2 / 333 10 276 58 014 6 009 2 7 0000 
27-JUL-2015 12 48075 2 1 4 56 8 14 01 10 220 20 205 3 0000 4 0073 5 0000 6 000 0 7 50 5 5 8 6 7 7 / 333 10 245 58 001 6 010 2 7 0000 
27-JUL-2015 12 48077 2 1 4 56 8 00 00 10 250 20 233 3 0000 4 0034 5 0000 6 000 0 7 02 6 6 8 5 9 7 0 333 10 264 59 010 6 030 2 7 0000 
27-JUL-2015 12 48078 2 1 3 30 8 18 01 10 251 20 249 3 0000 4 0065 5 0000 6 000 0 7 61 6 5 8 4 7 2 / 333 10 265 59 001 6 038 2 7 0000 
27-JUL-2015 12 48080 2 1 4 57 8 13 02 10 250 20 233 3 0000 4 0037 5 0000 6 000 0 7 50 5 5 8 5 7 7 0 333 10 270 59 014 6 042 2 7 0000 
27-JUL-2015 12 48085 2 1 3 56 8 18 02 10 248 20 246 3 0000 4 0051 5 0000 6 000 0 7 50 5 5 8 6 7 2 0 333 10 272 59 007 6 052 2 7 0000 
27-JUL-2015 12 48092 2 2 4 56 8 00 00 10 255 20 248 3 0000 4 0046 5 0000 6 000 0 7 00 0 0 8 6 9 2 / 333 10 290 59 003 6 043 2 7 0000 
27-JUL-2015 12 48094 2 1 4 56 8 00 00 10 250 20 245 3 0000 4 0058 5 0000 6 000 0 7 60 6 6 8 5 9 2 / 333 10 287 58 001 6 019 2 7 0000 
27-JUL-2015 12 48097 2 1 5 57 8 00 00 10 260 20 260 3 0000 4 0077 5 0000 6 000 0 7 02 6 2 8 6 8 5 / 333 10 315 58 003 6 005 2 7 0000 
27-JUL-2015 12 48099 2 1 2 20 8 13 07 10 255 20 255 3 0000 4 0084 5 0000 6 000 0 7 61 6 5 8 6 9 7 / 333 10 283 58 004 6 010 2 7 0000 
27-JUL-2015 12 48103 2 1 3 30 8 22 03 10 272 20 240 3 0000 4 0081 5 0000 6 000 0 7 29 9 9 8 6 9 7 0 333 10 300 59 004 6 007 2 7 0000 
27-JUL-2015 12 48107 2 2 3 30 6 23 02 10 278 20 233 3 0000 4 0092 5 0000 6 000 0 7 00 0 0 8 4 9 7 0 333 10 300 59 004 6 015 2 7 0000 
27-JUL-2015 12 48108 2 2 4 94 8 23 01 10 270 20 248 3 0000 4 0109 5 0000 6 000 0 7 00 0 0 8 4 3 7 7 333 10 301 59 002 6 006 2 7 0000 
27-JUL-2015 12 48109 2 2 4 96 6 23 04 10 292 20 259 3 0000 4 0083 5 0000 6 000 0 7 00 0 0 8 4 9 7 0 333 10 306 58 002 6 002 2 7 0000 
27-JUL-2015 12 48110 2 2 4 96 8 00 00 10 265 20 242 3 0000 4 0112 5 0000 6 000 0 7 00 0 0 8 4 3 7 7 333 10 280 58 006 6 003 2 7 0000 
27-JUL-2015 12 48112 3 2 5 97 8 27 01 10 285 20 254 3 0000 4 0106 5 0000 6 000 0 7 00 0 0 8 3 8 7 6 333 10 317 59 003 6 000 0 7 0000 
