48001 32440 80000 10275 20250 40060 8486/ 333 10280 56779 59005 60002=
48004 32456 73202 10308 20254 86900 333 10340 56500 60002=
48008 21440 73201 10259 20229 40039 75165 84970 333 10336 56560 58008 60052=
48010 32540 70000 10316 20281 40014 84970 333 10323 56560 59020 60002=
48018 32556 42202 10325 20258 40015 70311 82842 333 10348 56569 59002 60002=
48019 32456 00000 10344 20244 40016 333 10355 59005 60002=
48025 21440 62704 10256 20256 40039 71796 84970 333 10378 56690 59002 60152=
48030 31256 22202 10233 20123 70544 82800 333 10278 56560 60002=
48031 31258 63202 10215 20173 70544 86300 333 10270 56400 60002=
48033 32962 01801 10350 20240 40011 333 10372 59012 60002=
48034 22456 20401 10259 20215 82800 333 10273 56500 60052=
48035 32558 60000 10249 20205 40027 84960 333 10331 56490 59003 60002=
48037 32558 30000 10374 20246 40080 81130 333 10383 56660 59005 60002=
48039 32460 31401 10342 20240 83800 333 10362 56300 60002=
48042 32558 11802 10357 20249 40014 81200 333 10380 56400 59004 60002=
48043 32030 01805 10270 20240 333 10298 60002=
48045 32556 71402 10261 20179 84306 333 10296 56590 60002=
48048 32550 31801 10378 20221 40016 83800 333 10405 56900 59001 60002=
48051 32558 60404 10347 20240 85930 333 10375 56690 60002=
48052 32456 32204 10345 20233 82201 333 10415 56909 60002=
48053 32556 61801 10350 20280 40031 84956 333 10360 56599 58010 60002=
48055 21456 70000 10258 20216 40032 70296 84946 333 10315 56559 58020 60042=
48057 32456 52301 10250 20167 84350 333 10282 56690 60002=
48060 32440 32702 10305 20187 49997 82102 333 10336 56509 59019 60002=
48062 32556 62706 10315 20290 40049 83932 333 10335 56599 59001 60002=
48064 32550 70401 10325 20265 40011 83831 333 10385 56449 59013 60002=
48065 21440 80000 10320 20265 75255 85870 333 10383 56990 60022=
48071 32456 23203 10320 20265 40048 82800 333 10345 56900 59005 60002=
48072 32458 12301 10310 20267 70122 81200 333 10345 56900 60002=
48074 32557 21402 10338 20257 40041 82500 333 10367 56900 59008 60002=
48075 32456 52202 10300 20210 40032 85800 333 10330 56500 59016 60002=
48077 32556 62302 10330 20258 40035 85901 333 10356 56909 59002 60002=
48078 32557 31801 10336 20244 40050 82201 333 10358 56909 59002 60002=
48080 32459 42203 10310 20255 40069 82830 333 10350 56490 58009 60002=
48085 32458 72705 10306 20266 40057 85970 333 10340 56590 59004 60002=
48087 32450 72302 10310 20237 84370 333 10360 56490 60002=
48092 32556 71301 10290 20253 40044 84931 333 10335 56999 58000 60002=
48093 32640 42301 10287 20248 82841 333 10337 56599 60002=
48094 21456 70000 10270 20260 40064 70165 85970 333 10330 56690 59001 60302=
48095 32556 52202 10280 20250 70122 83840 333 10330 56990 60002=
48097 31557 62402 10285 20264 40072 70299 83831 333 10355 56999 58005 60002=
48099 22450 52701 10298 20253 40060 83831 333 10370 56599 58001 69902=
48101 32556 72701 10262 20246 84970 333 10310 56590 60002=
48103 32440 62202 10293 20248 40067 83830 333 10318 56550 58005 60002=
48107 32330 62301 10283 20250 40074 84970 333 10328 56550 59004 60002=
48108 22596 62302 10295 20234 40080 83336 333 10317 56679 59010 60002=
48109 32496 72302 10304 20253 40073 85970 333 10327 56990 59006 60002=
48110 22596 80402 10285 20254 40091 82357 333 10330 56599 59005 60002=
48112 21496 82202 10250 20250 40095 75055 8477/ 333 10310 5659/ 59005 60212=  