48001 31450 80000 10275 20233 40061 70322 8477/ 333 56879 59014=
48004 32458 51302 10334 20244 85900 333 56500=
48008 32457 62302 10332 20244 40037 83970 333 56560 59016=
48010 32560 61801 10320 20265 40035 83831 333 56664 59009=
48018 32560 22202 10335 20240 40036 70211 81140 333 56560 59010=
48019 32960 02701 10348 20266 40034 333 59004=
48020 32358 23602 10390 20253 82200 333 56500=
48025 32456 41801 10375 20243 40034 83840 333 56690 58007=
48030 31256 42204 10267 20172 70544 84900 333 56500=
48031 31258 51401 10265 20179 70544 84802 333 56409=
48033 32563 41801 10365 20246 40016 84800 333 56500 59012=
48034 21456 63602 10267 20211 70255 86300 333 56500=
48035 32557 52203 10329 20234 40002 84960 333 56790 59008=
48037 32560 23201 10375 20275 40027 82300 333 56600 59002=
48039 32460 22201 10355 20249 82100 333 56100=
48042 32558 21803 10375 20258 40031 82300 333 56500 59004=
48043 32659 11807 10295 20223 81200 333 56500=
48045 32557 61404 10261 20179 71544 86300 333 56600=
48048 32560 41801 10400 20230 40030 84800 333 56400 59002=
48051 32559 40402 10370 20260 70322 84800 333 56600=
48052 32468 32202 10410 20230 83800 333 56900=
48053 32456 51803 10360 20264 40041 83956 333 56599 59010=
48055 22456 60402 10277 20196 40031 70296 84906 333 56509 58009=
48057 32460 41502 10280 20184 84730 333 56600=
48060 32450 32203 10335 20188 49996 70122 83100 333 56500 59002=
48062 32558 62704 10332 20300 40057 70222 84931 333 56599 59004=
48064 32570 40901 10380 20285 40012 81131 333 56499 58011=
48065 32570 41402 10370 20246 83801 333 56309=
48071 32460 23203 10340 20270 40063 82900 333 56900 58002=
48072 32460 21802 10340 20288 70122 82200 333 56500=
48074 32560 33202 10365 20249 40049 83100 333 56400 59004=
48075 32457 52201 10330 20210 40023 70222 83830 333 56590 59045=
48077 32559 62302 10354 20240 40039 85901 333 56909 59006=
48078 32559 51801 10354 20243 40058 84301 333 56509 58004=
48080 32460 42209 10342 20270 40081 82870 333 56490 58015=
48085 32458 72706 10320 20248 40058 85906 333 56509 59006=
48087 NIL=
48092 32458 52302 10330 20251 40048 70122 85800 333 56900 59001=
48093 32557 62301 10330 20244 70222 84840 333 56590=
48094 21457 82701 10275 20275 40064 70365 86940 333 56690 59002=
48095 32458 80000 10325 20281 71722 83970 333 56990=
48097 31557 62403 10280 20250 40068 71799 86300 333 56900 58003=
48099 21450 71302 10303 20239 40060 70255 86930 333 56390 59005=
48101 32558 72301 10303 20253 70222 84320 333 56590=
48103 32456 62203 10312 20254 40059 86800 333 56500 59004=
48107 32350 42701 10300 20253 40073 84900 333 56500 59003=
48108 21596 72302 10315 20231 40073 70255 83366 333 56219 59004=
48109 32497 42301 10324 20265 40080 70122 84900 333 56900 58008=
48110 22596 63203 10330 20258 40083 83356 333 56599 59010=
48112 21597 73203 10307 20254 40088 70152 83876 333 56799 59014=  