27-MAR-2015 06 48004 2 1 1 10 8 04 02 10 269 20 191 3 0000 4 0000 5 0000 6 000 0 7 50 2 2 8 6 9 7 / 333 10 /// 58 000 6 000 0 7 0000 
27-MAR-2015 06 48010 3 1 0 60 0 00 00 10 280 20 220 3 0000 4 0167 5 0000 6 000 0 7 10 4 4 8 0 0 0 0 333 10 /// 59 002 6 000 0 7 0000 
27-MAR-2015 06 48018 3 1 9 58 9 14 02 10 300 20 149 3 0000 4 0166 5 0000 6 000 0 7 05 0 0 8 0 0 0 0 333 10 /// 59 027 6 000 0 7 0000 
27-MAR-2015 06 48019 3 2 9 60 0 04 02 10 280 20 184 3 0000 4 0163 5 0000 6 000 0 7 00 0 0 8 0 0 0 0 333 10 /// 59 026 6 000 0 7 0000 
27-MAR-2015 06 48020 3 1 9 58 0 36 02 10 320 20 215 3 0000 4 0000 5 0000 6 000 0 7 05 0 0 8 0 0 0 0 333 10 /// 58 000 6 000 0 7 0000 
27-MAR-2015 06 48025 3 1 4 40 2 36 01 10 320 20 161 3 0000 4 0163 5 0000 6 000 0 7 05 4 4 8 2 5 0 0 333 10 /// 59 016 6 000 0 7 0000 
27-MAR-2015 06 48030 3 2 2 56 4 22 01 10 204 20 060 3 0000 4 0000 5 0000 6 000 0 7 00 0 0 8 4 9 0 0 333 10 /// 58 000 6 000 0 7 0000 
27-MAR-2015 06 48031 3 1 2 60 2 18 01 10 245 20 136 3 0000 4 0000 5 0000 6 000 0 7 05 0 0 8 2 2 0 0 333 10 /// 58 000 6 000 0 7 0000 
27-MAR-2015 06 48033 3 2 9 63 0 27 01 10 310 20 203 3 0000 4 0151 5 0000 6 000 0 7 00 0 0 8 0 0 0 0 333 10 /// 59 013 6 000 0 7 0000 
27-MAR-2015 06 48034 3 1 4 57 4 04 02 10 256 20 150 3 0000 4 0000 5 0000 6 000 0 7 05 1 1 8 4 8 0 0 333 10 /// 58 000 6 000 0 7 0000 
27-MAR-2015 06 48035 3 1 5 57 2 32 02 10 281 20 126 3 0000 4 0133 5 0000 6 000 0 7 05 0 0 8 2 1 0 0 333 10 /// 59 009 6 000 0 7 0000 
27-MAR-2015 06 48037 3 2 6 56 2 04 02 10 311 20 169 3 0000 4 0155 5 0000 6 000 0 7 00 0 0 8 0 0 0 1 333 10 /// 59 019 6 000 0 7 0000 
27-MAR-2015 06 48039 3 2 9 58 3 22 01 10 310 20 193 3 0000 4 0000 5 0000 6 000 0 7 00 0 0 8 0 0 0 2 333 10 /// 58 000 6 000 0 7 0000 
27-MAR-2015 06 48042 3 1 9 56 0 13 02 10 330 20 191 3 0000 4 0151 5 0000 6 000 0 7 05 0 0 8 0 0 0 0 333 10 /// 59 016 6 000 0 7 0000 
27-MAR-2015 06 48043 3 2 7 57 5 32 05 10 250 20 167 3 0000 4 0000 5 0000 6 000 0 7 00 0 0 8 5 2 0 0 333 10 /// 58 000 6 000 0 7 0000 
27-MAR-2015 06 48045 3 2 5 60 4 14 05 10 262 20 119 3 0000 4 0000 5 0000 6 000 0 7 00 0 0 8 4 3 0 0 333 10 /// 58 000 6 000 0 7 0000 
27-MAR-2015 06 48048 3 1 9 60 0 36 01 10 340 20 184 3 0000 4 0158 5 0000 6 000 0 7 10 4 4 8 0 0 0 0 333 10 /// 59 004 6 000 0 7 0000 
27-MAR-2015 06 48051 3 2 5 59 2 31 01 10 351 20 200 3 0000 4 0000 5 0000 6 000 0 7 00 0 0 8 2 2 0 0 333 10 /// 58 000 6 000 0 7 0000 
27-MAR-2015 06 48052 3 2 9 70 0 22 01 10 352 20 202 3 0000 4 0000 5 0000 6 000 0 7 00 0 0 8 0 0 0 0 333 10 /// 58 000 6 000 0 7 0000 
27-MAR-2015 06 48053 3 1 9 50 0 04 03 10 320 20 215 3 0000 4 0160 5 0000 6 000 0 7 05 0 0 8 0 0 0 0 333 10 /// 59 001 6 000 0 7 0000 
27-MAR-2015 06 48055 3 2 5 57 2 20 02 10 267 20 166 3 0000 4 0135 5 0000 6 000 0 7 02 4 4 8 2 1 0 0 333 10 /// 59 005 6 000 0 7 0000 
27-MAR-2015 06 48057 3 2 4 58 4 14 02 10 248 20 150 3 0000 4 0000 5 0000 6 000 0 7 00 0 0 8 4 3 0 0 333 10 /// 58 000 6 000 0 7 0000 
27-MAR-2015 06 48060 3 2 4 50 4 04 01 10 235 20 177 3 0000 4 0173 5 0000 6 000 0 7 01 2 2 8 2 1 3 0 333 10 /// 59 010 6 000 0 7 0000 
27-MAR-2015 06 48064 3 2 9 70 0 14 01 10 350 20 237 3 0000 4 0138 5 0000 6 000 0 7 00 0 0 8 0 0 0 0 333 10 /// 58 004 6 000 0 7 0000 
27-MAR-2015 06 48065 3 2 9 70 0 04 05 10 342 20 164 3 0000 4 0000 5 0000 6 000 0 7 00 0 0 8 0 0 0 0 333 10 /// 58 000 6 000 0 7 0000 
27-MAR-2015 06 48071 3 2 9 60 0 32 02 10 310 20 225 3 0000 4 0161 5 0000 6 000 0 7 00 0 0 8 0 0 0 0 333 10 /// 58 005 6 000 0 7 0000 
27-MAR-2015 06 48072 3 2 5 60 1 04 02 10 335 20 257 3 0000 4 0000 5 0000 6 000 0 7 01 2 2 8 1 2 0 0 333 10 /// 58 000 6 000 0 7 0000 
27-MAR-2015 06 48074 3 2 9 60 0 09 02 10 340 20 164 3 0000 4 0161 5 0000 6 000 0 7 00 0 0 8 0 0 0 0 333 10 /// 59 002 6 000 0 7 0000 
27-MAR-2015 06 48075 3 2 4 57 4 04 01 10 270 20 170 3 0000 4 0164 5 0000 6 000 0 7 02 2 2 8 4 3 0 0 333 10 /// 58 054 6 000 0 7 0000 
27-MAR-2015 06 48077 3 2 9 59 0 04 01 10 350 20 182 3 0000 4 0144 5 0000 6 000 0 7 00 0 0 8 0 0 0 0 333 10 /// 59 003 6 000 0 7 0000 
27-MAR-2015 06 48078 3 2 5 58 2 32 01 10 343 20 173 3 0000 4 0155 5 0000 6 000 0 7 00 0 0 8 1 1 0 1 333 10 /// 58 002 6 000 0 7 0000 
27-MAR-2015 06 48080 3 1 4 59 2 22 08 10 360 20 235 3 0000 4 0137 5 0000 6 000 0 7 05 1 1 8 2 2 0 0 333 10 /// 58 005 6 000 0 7 0000 
27-MAR-2015 06 48085 3 2 4 58 1 32 05 10 325 20 236 3 0000 4 0147 5 0000 6 000 0 7 00 0 0 8 1 8 0 0 333 10 /// 58 000 6 000 0 7 0000 
27-MAR-2015 06 48087 3 2 9 60 0 04 02 10 340 20 206 3 0000 4 0000 5 0000 6 000 0 7 00 0 0 8 0 0 0 0 333 10 /// 58 000 6 000 0 7 0000 
27-MAR-2015 06 48092 3 2 4 57 2 05 02 10 350 20 219 3 0000 4 0125 5 0000 6 000 0 7 01 2 2 8 2 1 0 0 333 10 /// 59 007 6 000 0 7 0000 
27-MAR-2015 06 48093 3 2 6 57 2 14 01 10 341 20 225 3 0000 4 0000 5 0000 6 000 0 7 00 0 0 8 2 8 0 0 333 10 /// 58 000 6 000 0 7 0000 
27-MAR-2015 06 48094 3 2 9 61 0 32 03 10 350 20 240 3 0000 4 0147 5 0000 6 000 0 7 00 0 0 8 0 0 0 0 333 10 /// 59 005 6 000 0 7 0000 
27-MAR-2015 06 48095 3 2 9 60 0 04 02 10 340 20 225 3 0000 4 0000 5 0000 6 000 0 7 00 0 0 8 0 0 0 0 333 10 /// 58 000 6 000 0 7 0000 
27-MAR-2015 06 48096 3 2 9 58 0 60 07 10 340 20 206 3 0000 4 0145 5 0000 6 000 0 7 00 0 0 8 0 0 0 0 333 10 /// 59 007 6 000 0 7 0000 
27-MAR-2015 06 48097 3 2 5 57 2 14 02 10 360 20 195 3 0000 4 0149 5 0000 6 000 0 7 00 0 0 8 2 8 0 0 333 10 /// 59 007 6 000 0 7 0000 
27-MAR-2015 06 48099 3 2 5 58 2 04 03 10 343 20 206 3 0000 4 0140 5 0000 6 000 0 7 00 0 0 8 2 8 0 0 333 10 /// 59 005 6 000 0 7 0000 
27-MAR-2015 06 48101 3 2 9 60 0 23 02 10 330 20 224 3 0000 4 0000 5 0000 6 000 0 7 00 0 0 8 0 0 0 0 333 10 /// 58 000 6 000 0 7 0000 
27-MAR-2015 06 48103 3 2 9 56 0 04 02 10 348 20 202 3 0000 4 0143 5 0000 6 000 0 7 00 0 0 8 0 0 0 0 333 10 /// 58 002 6 000 0 7 0000 
27-MAR-2015 06 48107 3 2 3 50 3 09 02 10 350 20 202 3 0000 4 0128 5 0000 6 000 0 7 00 0 0 8 3 9 0 0 333 10 /// 59 002 6 000 0 7 0000 
27-MAR-2015 06 48108 3 2 5 96 7 05 08 10 345 20 222 3 0000 4 0140 5 0000 6 000 0 7 00 0 0 8 3 8 0 6 333 10 /// 58 002 6 000 0 7 0000 
27-MAR-2015 06 48110 3 1 5 96 8 13 03 10 340 20 270 3 0000 4 0137 5 0000 6 000 0 7 05 2 2 8 4 3 0 7 333 10 /// 59 007 6 000 0 7 0000 
27-MAR-2015 06 48112 3 2 5 97 8 09 05 10 360 20 235 3 0000 4 0125 5 0000 6 000 0 7 02 2 2 8 3 8 7 6 333 10 /// 59 005 6 000 0 7 0000 
