270300 48001 22440 50901 10260 20215 40073 83850 333 56770 59029=
270300 48004 32358 61301 10277 20229 86900 333 56500=
270300 48008 32457 40000 10270 20240 40080 83830 333 56560 59011=
270300 48010 22540 60000 10250 20233 40084 86700 333 56400 59002=
270300 48018 22558 61402 10265 20240 40075 70322 83870 333 56320 59011=
270300 48019 32560 12301 10276 20250 40075 80002 333 56006 59013=
270300 48020 32358 20000 10300 20239 82200 333 56500=
270300 48025 22430 50402 10308 20254 40073 83841 333 56669 59000=
270300 48030 31256 22201 10206 20160 70544 81240 333 56560=
270300 48031 31260 33601 10230 20163 70544 80040 333 56040=
270300 48033 22562 21801 10300 20253 40068 81101 333 56909 59007=
270300 48034 21356 60000 10202 20190 70195 86300 333 56500=
270300 48035 32559 40000 10279 20220 40069 83860 333 56190 59008=
270300 48037 22658 31801 10288 20248 40069 80001 333 59016=
270300 48039 22460 71401 10310 20254 84860 333 56330=
270300 48042 32557 61304 10320 20248 40074 85802 333 56509 58008=
270300 48043 32556 61807 10255 20215 86800 333 56500=
270300 48045 32957 31402 10242 20174 80006 333 56009=
270300 48051 32559 41302 10318 20270 70222 84800 333 56400=
270300 48052 32970 01301 10348 20219 333=
270300 48053 32956 31803 10310 20254 40077 80006 333 56009 59020=
270300 48055 32556 22303 10265 20214 40068 81101 333 56509 59011=
270300 48057 32458 52702 10230 20181 82806 333 56509 31006=
270300 48060 22440 20000 10280 20220 40064 70122 82100 333 56500 59006=
270300 48062 32557 51302 10310 20280 40081 70122 84930 333 56490 58005=
270300 48064 32560 70901 10320 20281 40068 82131 333 56449 58016=
270300 48065 32568 40000 10327 20265 82806 333 56909=
270300 48071 32458 51301 10310 20283 40086 85900 333 56900 58010=
270300 48072 32459 42701 10310 20267 70322 83830 333 56590=
270300 48074 32558 31402 10300 20239 40090 83800 333 56400 59016=  
270300 48075 32457 21401 10270 20230 40093 82100 333 56500 58002=
270300 48077 32559 42301 10304 20253 40068 82201 333 56909 59016=
270300 48078 32557 41801 10302 20246 40096 83501 333 56409 59000=
270300 48080 22459 62204 10302 20253 40095 84870 333 56490 58002=
270300 48085 32458 40901 10312 20254 40088 84806 333 56909 58005=
270300 48087 32560 72302 10308 20267 84370 333 56490=
270300 48092 31456 62303 10300 20253 40081 70522 86300 333 56900 59002=
270300 48093 22556 71801 10302 20253 70322 85870 333 56590=
270300 48094 32459 62202 10300 20260 40096 70322 85940 333 56590 58006=
270300 48095 32458 82201 10300 20266 70222 83670 333 56990=
270300 48097 22557 51303 10305 20254 40099 84801 333 56909 59005=
270300 48099 22450 60401 10303 20253 40096 84930 333 56190 58015=
270300 48101 32558 80000 10292 20274 70222 8497/ 333 5659/=
270300 48103 22550 61402 10276 20268 40102 86800 333 56300 58003=
270300 48107 22350 42301 10304 20253 40103 84900 333 56500 58008=
270300 48108 21596 72301 10270 20240 40116 70255 83356 333 56999 58010 555=
270300 48109 32497 52301 10301 20253 40103 84930 333 56990 58013=
270300 48110 21496 81301 10275 20253 40120 70265 85377 333 56599 58010 555=
270300 48112 21597 82202 10260 20246 40122 75055 84876 333 56599 58002 555=  48001 22440 50901 10260 20215 40073 83850 333 56770 59029=
