48001 NIL=
48004 NIL=
48008 21450 80401 10192 20175 40169 70555 8497/ 333 20185 56119 59024 69902=
48010 31030 00000 10195 20185 40169 71044 333 20 59011=
48018 22540 30000 10170 20154 40168 83800 333 20165 56300 59004 69902=
48019 32950 00000 10163 20160 40165 333 20162 59004=
48020 NIL=
48025 31410 10000 10208 20160 40173 70544 81500 333 20200 56900 58002=
48030 31002 92201 10082 20082 74544 333 20072=
48031 31257 33201 10150 20092 70511 82840 333 20140 56990=
48033 32962 00000 10210 20195 40152 333 20195 59023=
48034 32956 00000 10125 20107 333 20115=
48035 31920 00000 10137 20124 40191 71000 333 20130 58017=
48037 32930 03601 10212 20173 40145 333 20205 59008=
48039 32456 30000 10210 20195 83400 333 20209 56900=
48042 31550 10000 10222 20185 40159 71011 81400 333 20211 56900 58006=
48043 32020 00000 10140 20140 333 20100=
48045 NIL=
48048 32940 00000 10206 20143 40164 333 20200 58000=
48051 31940 13601 10210 20200 71011 80001 333 20200 56009=
48052 32450 20000 10226 20181 82200 333 20216 56900=
48053 32950 20000 10220 20205 40166 80006 333 20211 56009 58005=
48055 21430 50000 10133 20128 40207 74044 84930 333 20122 56550 59017 60022=
48057 22456 31802 10150 20134 83500 333 20140 56900=
48060 NIL=
48062 31408 20000 10220 20190 40153 74244 82500 333 20190 56900 58007=
48064 32950 11401 10224 20205 40156 80001 333 20180 56009 58003=
48065 32950 12201 10220 20185 80001 333 20200 56009=
48071 32950 00000 10245 20219 40151 333 20240 58007=
48072 NIL=
48074 22456 30000 10230 20198 40172 82550 333 20220 56190 58014=
48075 21456 60000 10175 20175 40194 70295 84850 333 20170 56590 58003 60012=
48077 32956 00000 10220 20185 40153 333 20196 58002=
48078 21550 20000 10218 20185 40164 81501 333 20197 56109 59004 69902=
48080 NIL=
48085 31950 00901 10207 20195 40153 74244 333 20205 58006=
48087 22950 20000 10220 20205 80040 333 20190 56090=
48092 21950 00000 10220 20195 40138 70500 333 20225 58014 69902=
48093 22540 41401 10220 20205 84800 333 20214 56300=
48094 32956 03202 10225 20210 40159 333 20190 58013=
48095 NIL=
48097 32556 31301 10225 20210 40152 82530 333 20210 56990 58004=
48099 32440 30000 10225 20205 40151 82530 333 20210 56990 58012=
48101 22656 40000 10227 20214 82130 333 20194 56490 60002=
48103 32540 40402 10231 20214 40158 82530 333 20212 56110 58025=
48107 31930 00000 10224 20195 40146 74144 333 20212 58013=
48108 31593 50000 10230 20228 40147 74022 82406 333 20220 56909 58009=
48109 32496 20401 10272 20256 40143 82900 333 20250 56900 58001=
48110 31995 40000 10250 20233 40143 70522 80006 333 20245 56009 58010=
48112 32597 80401 10280 20233 40128 83876 333 20231 56199 58010=  