270300 48001 31430 70000 10156 20144 40156 74022 84770 333 56430 58038=
270300 48004 31902 90401 10170 20154 74744 89/// 333 56999=
270300 48008 32557 73201 10208 20160 40150 83970 333 56450 59009=
270300 48010 32556 40000 10190 20175 40151 81430 333 56590 59016=
270300 48018 32558 21401 10196 20168 40142 81840 333 56450 59018=
270300 48019 32560 10401 10212 20175 40137 80010 333 56060 59015=
270300 48020 31209 60000 10190 20175 74244 86600 333 56800=
270300 48025 31008 50000 10202 20185 40152 74244 85600 333 56600 59013=
270300 48035 31/02 90000 10175 20165 40139 74744 333 59007=
270300 48037 32656 23601 10205 20168 40136 82050 333 56050 59015=
270300 48042 31540 10401 10250 20205 40139 71011 81400 333 56900 59007=
270300 48045 31430 52204 10150 20134 74044 85700 333 56500=
270300 48048 32960 00401 10205 20175 40135 333 59021=
270300 48053 32556 33601 10240 20174 40139 82550 333 56590 59020=
270300 48060 31430 50000 10190 20175 40161 74022 83832 333 56566 59032=
270300 48030 31150 12201 10090 20068 71044 81200 333 56500=
270300 48057 32456 61402 10213 20143 82540 333 56400=
270300 48031 32260 42201 10180 20129 82840 333 56490=
270300 48033 32562 53601 10230 20181 40136 85900 333 56400 58001=
270300 48034 32456 50000 10160 20123 85300 333 56500=
270300 48039 31450 21401 10241 20191 74044 82100 333 56500=
270300 48043 32556 51805 10200 20168 82230 333 56550=
270300 48052 31950 00000 10250 20205 70522 333 56000=
270300 48055 31556 11302 10204 20172 40140 70144 81100 333 56400 59028=
270300 48064 32958 01401 10215 20185 40121 70200 333 59018=
270300 48065 32556 20401 10230 20198 70322 81801 333 56909=
270300 48074 32458 31403 10240 20209 40129 82550 333 56330 59020=
270300 48062 31456 23602 10240 20210 40133 70542 82500 333 56900 59010=
270300 48071 32958 03202 10265 20215 40131 333 59010=
270300 48075 31957 02201 10220 20185 40149 70244 333 59018=
270300 48077 32959 00000 10260 20203 40118 333 59025=
270300 48078 32556 30401 10266 20220 40131 82501 333 56409 59016=
270300 48080 32960 02201 10250 20219 40118 333 59008=
270300 48085 32958 13202 10274 20226 40120 80001 333 56009 59012=
270300 48095 32960 00401 10265 20229 333=
270300 48108 32596 51401 10300 20223 40120 83806 333 56409 59006=
270300 48109 22496 80000 10294 20248 40126 8697/ 333 5699/ 59006=
270300 48110 31596 21801 10300 20239 40116 70511 81106 333 56909 59002=
270300 48112 32598 60412 10285 20254 40108 82216 333 56199 59002=
270300 48072 32960 00401 10275 20220 333=
270300 48087 32960 00402 10270 20211 333=
270300 48099 32440 20402 10294 20232 40119 82500 333 56900 59017=
270300 48101 32959 03601 10293 20230 333=
270300 48103 22956 01405 10298 20223 40127 333 58000=
270300 48094 32459 30402 10275 20215 40126 82540 333 56990 59006=
270300 48097 31557 21301 10290 20230 40129 70511 82400 333 56900 59007=
270300 48092 32958 00401 10300 20223 40109 333 59003=
270300 48093 32958 01401 10298 20253 333=
270300 48107 31950 00401 10286 20248 40111 7//44 333 59004=
270300 48096 32058 00204 10280 20233 40129 333 59002=  
