48001 32440 70901 10195 20185 40149 85870 333 56640 59004=
48004 32460 50401 10245 20167 85900 333 56500=
48008 32558 50000 10273 20172 40130 82831 333 56456 59016=
48010 32560 20000 10270 20172 40132 81101 333 56905 59012=
48018 32559 41401 10271 20172 40132 83860 333 56330 59009=
48019 32460 30402 10280 20184 40123 82830 333 56550 59013=
48020 32460 23603 10260 20203 82200 333 56400=
48025 31440 30401 10268 20191 40139 70144 83400 333 56600 59022=
48035 31560 43203 10251 20186 40115 70144 83860 333 56390 58007=
48037 32560 23601 10283 20184 40121 82100 333 56500 58000=
48042 32556 33201 10285 20190 40116 82850 333 56440 59007=
48045 31550 61403 10190 20159 74044 86600 333 56300=
48048 32960 00401 10293 20186 40125 333 59009=
48051 NIL=
48053 32456 43601 10300 20240 40114 82556 333 56599 59016=
48060 31340 81804 10258 20179 40099 70522 85970 333 56560 59033=
48062 NIL=
48071 NIL=
48075 NIL=
48077 NIL=
48078 NIL=
48080 NIL=
48085 NIL=
48095 NIL=
48108 NIL=
48109 NIL=
48110 NIL=
48112 NIL=
48030 32257 10402 10167 20117 81200 333 56100=
48072 NIL=
48087 NIL=
48099 NIL=
48101 NIL=
48103 NIL=
48057 32458 43203 10240 20155 84300 333 56500=
48094 NIL=
48097 NIL=
48031 32260 31801 10190 20118 83800 333 56400=
48033 32563 23601 10300 20207 40118 82500 333 56400 59021=
48034 32456 52302 10230 20153 85300 333 56500=
48039 32460 41401 10279 20220 82150 333 56440=
48043 32657 51807 10225 20163 85200 333 56500=
48052 32958 00000 10324 20215 70222 80000 333 56000=
48055 32556 51807 10285 20179 40094 85800 333 56400 59011=
48064 32960 11801 10280 20200 40109 70300 80001 333 56009 59004=
48065 32557 20302 10302 20207 70222 81801 333 56909=
48074 32458 71402 10300 20207 40112 84850 333 56440 59010=
48092 NIL=
48093 NIL=
48107 NIL=
48096 NIL=  48001 32440 70901 10195 20185 40149 85870 333 56640 59004=
48004 32460 50401 10245 20167 85900 333 56500=
48008 32558 50000 10273 20172 40130 82831 333 56456 59016=
48010 32560 20000 10270 20172 40132 81101 333 56905 59012=
48018 32559 41401 10271 20172 40132 83860 333 56330 59009=
48019 32460 30402 10280 20184 40123 82830 333 56550 59013=
48020 32460 23603 10260 20203 82200 333 56400=
48025 31440 30401 10268 20191 40139 70144 83400 333 56600 59022=
48035 31560 43203 10251 20186 40115 70144 83860 333 56390 58007=
48037 32560 23601 10283 20184 40121 82100 333 56500 58000=
48042 32556 33201 10285 20190 40116 82850 333 56440 59007=
48045 31550 61403 10190 20159 74044 86600 333 56300=
48048 32960 00401 10293 20186 40125 333 59009=
48051 NIL=
48053 32456 43601 10300 20240 40114 82556 333 56599 59016=
48060 31340 81804 10258 20179 40099 70522 85970 333 56560 59033=
48062 NIL=
48071 NIL=
48075 NIL=
48077 NIL=
48078 NIL=
48080 NIL=
48085 NIL=
48095 NIL=
48108 NIL=
48109 NIL=
48110 NIL=
48112 NIL=
48030 32257 10402 10167 20117 81200 333 56100=
48072 NIL=
48087 NIL=
48099 NIL=
48101 NIL=
48103 NIL=
48057 32458 43203 10240 20155 84300 333 56500=
48094 NIL=
48097 NIL=
48031 32260 31801 10190 20118 83800 333 56400=
48033 32563 23601 10300 20207 40118 82500 333 56400 59021=
48034 32456 52302 10230 20153 85300 333 56500=
48039 32460 41401 10279 20220 82150 333 56440=
48043 32657 51807 10225 20163 85200 333 56500=
48052 32958 00000 10324 20215 70222 80000 333 56000=
48055 32556 51807 10285 20179 40094 85800 333 56400 59011=
48064 32960 11801 10280 20200 40109 70300 80001 333 56009 59004=
48065 32557 20302 10302 20207 70222 81801 333 56909=
48074 32458 71402 10300 20207 40112 84850 333 56440 59010=
48092 NIL=
48093 NIL=
48107 NIL=
48096 NIL=  