27-OCT-2015 03 48001 3 1 4 40 2 04 01 10 212 20 195 3 0000 4 0167 5 0000 6 000 0 7 01 4 4 8 2 1 0 0 333 10 /// 58 001 6 000 0 7 0000 
27-OCT-2015 03 48004 3 1 5 62 1 04 01 10 221 20 185 3 0000 4 0000 5 0000 6 000 0 7 01 4 4 8 1 1 0 0 333 10 /// 58 000 6 000 0 7 0000 
27-OCT-2015 03 48008 3 2 5 56 1 00 00 10 230 20 198 3 0000 4 0171 5 0000 6 000 0 7 00 0 0 8 1 1 0 0 333 10 /// 58 005 6 000 0 7 0000 
27-OCT-2015 03 48010 3 2 5 56 2 00 00 10 240 20 209 3 0000 4 0161 5 0000 6 000 0 7 00 0 0 8 2 1 0 0 333 10 /// 59 007 6 000 0 7 0000 
27-OCT-2015 03 48018 3 1 9 60 0 04 01 10 242 20 209 3 0000 4 0163 5 0000 6 000 0 7 10 4 4 8 0 0 0 0 333 10 /// 58 000 6 000 0 7 0000 
27-OCT-2015 03 48019 3 2 9 60 0 09 02 10 201 20 150 3 0000 4 0160 5 0000 6 000 0 7 00 0 0 8 0 0 0 0 333 10 /// 58 002 6 000 0 7 0000 
27-OCT-2015 03 48020 3 2 4 58 2 36 03 10 260 20 238 3 0000 4 0000 5 0000 6 000 0 7 00 0 0 8 2 8 0 0 333 10 /// 58 000 6 000 0 7 0000 
27-OCT-2015 03 48025 3 1 1 10 7 36 01 10 250 20 219 3 0000 4 0165 5 0000 6 000 0 7 40 4 4 8 5 8 4 0 333 10 /// 59 001 6 000 0 7 0000 
27-OCT-2015 03 48030 3 1 1 56 4 22 01 10 137 20 137 3 0000 4 0000 5 0000 6 000 0 7 42 4 4 8 4 8 0 0 333 10 /// 58 000 6 000 0 7 0000 
27-OCT-2015 03 48031 3 2 2 57 7 22 01 10 210 20 160 3 0000 4 0000 5 0000 6 000 0 7 00 0 0 8 7 8 0 0 333 10 /// 58 000 6 000 0 7 0000 
27-OCT-2015 03 48033 3 2 5 62 3 36 01 10 270 20 211 3 0000 4 0147 5 0000 6 000 0 7 00 0 0 8 3 5 0 0 333 10 /// 58 000 6 000 0 7 0000 
27-OCT-2015 03 48034 3 2 4 56 2 04 02 10 214 20 120 3 0000 4 0000 5 0000 6 000 0 7 00 0 0 8 1 5 3 0 333 10 /// 58 000 6 000 0 7 0000 
27-OCT-2015 03 48035 3 1 9 60 0 00 00 10 189 20 130 3 0000 4 0167 5 0000 6 000 0 7 01 4 4 8 0 0 0 0 333 10 /// 58 010 6 000 0 7 0000 
27-OCT-2015 03 48037 3 2 9 58 0 32 01 10 257 20 229 3 0000 4 0143 5 0000 6 000 0 7 00 0 0 8 0 0 0 0 333 10 /// 59 006 6 000 0 7 0000 
27-OCT-2015 03 48039 3 2 4 58 3 04 01 10 278 20 220 3 0000 4 0000 5 0000 6 000 0 7 00 0 0 8 3 1 0 0 333 10 /// 58 000 6 000 0 7 0000 
27-OCT-2015 03 48042 3 2 5 57 2 04 01 10 280 20 203 3 0000 4 0138 5 0000 6 000 0 7 00 0 0 8 2 2 0 0 333 10 /// 59 012 6 000 0 7 0000 
27-OCT-2015 03 48043 3 2 0 58 0 05 05 10 220 20 173 3 0000 4 0000 5 0000 6 000 0 7 00 0 0 8 0 0 0 0 333 10 /// 58 000 6 000 0 7 0000 
27-OCT-2015 03 48045 3 2 5 56 3 22 03 10 200 20 150 3 0000 4 0000 5 0000 6 000 0 7 00 0 0 8 3 8 0 0 333 10 /// 58 000 6 000 0 7 0000 
27-OCT-2015 03 48048 3 2 5 60 2 09 01 10 280 20 220 3 0000 4 0143 5 0000 6 000 0 7 00 0 0 8 2 8 0 0 333 10 /// 59 028 6 000 0 7 0000 
27-OCT-2015 03 48051 3 2 9 58 0 31 04 10 268 20 240 3 0000 4 0000 5 0000 6 000 0 7 00 0 0 8 0 0 0 0 333 10 /// 58 000 6 000 0 7 0000 
27-OCT-2015 03 48052 3 2 4 60 2 00 00 10 268 20 240 3 0000 4 0000 5 0000 6 000 0 7 00 0 0 8 2 2 0 0 333 10 /// 58 000 6 000 0 7 0000 
27-OCT-2015 03 48053 3 2 5 56 3 36 01 10 280 20 220 3 0000 4 0142 5 0000 6 000 0 7 00 0 0 8 1 5 5 0 333 10 /// 59 005 6 000 0 7 0000 
27-OCT-2015 03 48055 3 2 9 56 0 09 01 10 210 20 175 3 0000 4 0160 5 0000 6 000 0 7 01 4 4 8 0 0 0 0 333 10 /// 59 009 6 000 0 7 0000 
27-OCT-2015 03 48057 3 2 4 58 4 14 01 10 230 20 143 3 0000 4 0000 5 0000 6 000 0 7 00 0 0 8 1 5 3 6 333 10 /// 58 000 6 000 0 7 0000 
27-OCT-2015 03 48060 3 2 3 50 1 00 00 10 225 20 168 3 0000 4 0172 5 0000 6 000 0 7 00 0 0 8 1 1 0 0 333 10 /// 58 035 6 000 0 7 0000 
27-OCT-2015 03 48062 3 2 4 57 6 09 03 10 270 20 260 3 0000 4 0133 5 0000 6 000 0 7 00 0 0 8 4 8 3 0 333 10 /// 59 004 6 000 0 7 0000 
27-OCT-2015 03 48064 3 2 9 56 0 00 00 10 260 20 229 3 0000 4 0123 5 0000 6 000 0 7 00 0 0 8 0 0 0 0 333 10 /// 59 010 6 000 0 7 0000 
27-OCT-2015 03 48065 3 2 9 58 0 04 02 10 282 20 233 3 0000 4 0000 5 0000 6 000 0 7 00 0 0 8 0 0 0 0 333 10 /// 58 000 6 000 0 7 0000 
27-OCT-2015 03 48071 3 2 4 58 2 32 01 10 295 20 266 3 0000 4 0134 5 0000 6 000 0 7 00 0 0 8 2 2 3 0 333 10 /// 59 010 6 000 0 7 0000 
27-OCT-2015 03 48072 3 2 4 60 3 23 01 10 310 20 267 3 0000 4 0000 5 0000 6 000 0 7 00 0 0 8 3 8 0 0 333 10 /// 58 000 6 000 0 7 0000 
27-OCT-2015 03 48074 3 2 4 58 7 36 02 10 270 20 226 3 0000 4 0144 5 0000 6 000 0 7 00 0 0 8 2 5 6 0 333 10 /// 59 007 6 000 0 7 0000 
27-OCT-2015 03 48075 3 2 4 57 5 09 01 10 240 20 226 3 0000 4 0149 5 0000 6 000 0 7 00 0 0 8 5 8 0 0 333 10 /// 59 008 6 000 0 7 0000 
27-OCT-2015 03 48077 3 2 5 59 7 00 00 10 280 20 250 3 0000 4 0139 5 0000 6 000 0 7 00 0 0 8 5 9 3 0 333 10 /// 58 003 6 000 0 7 0000 
27-OCT-2015 03 48078 3 2 5 57 3 09 01 10 283 20 233 3 0000 4 0142 5 0000 6 000 0 7 00 0 0 8 1 2 3 1 333 10 /// 59 006 6 000 0 7 0000 
27-OCT-2015 03 48080 2 2 9 60 0 13 02 10 280 20 250 3 0000 4 0133 5 0000 6 000 0 7 00 0 0 8 0 0 0 0 333 10 /// 59 002 6 000 0 7 0000 
27-OCT-2015 03 48085 3 2 4 57 2 14 01 10 300 20 253 3 0000 4 0132 5 0000 6 000 0 7 00 0 0 8 1 8 0 1 333 10 /// 59 003 6 000 0 7 0000 
27-OCT-2015 03 48087 2 2 5 56 6 04 02 10 300 20 266 3 0000 4 0000 5 0000 6 000 0 7 00 0 0 8 3 8 4 1 333 10 /// 58 000 6 000 0 7 0000 
27-OCT-2015 03 48092 3 2 4 58 5 09 01 10 310 20 254 3 0000 4 0115 5 0000 6 000 0 7 00 0 0 8 3 8 5 1 333 10 /// 59 005 6 000 0 7 0000 
27-OCT-2015 03 48093 3 2 5 58 2 14 01 10 318 20 265 3 0000 4 0000 5 0000 6 000 0 7 00 0 0 8 2 1 0 0 333 10 /// 58 000 6 000 0 7 0000 
27-OCT-2015 03 48094 3 2 4 59 3 32 01 10 300 20 250 3 0000 4 0134 5 0000 6 000 0 7 00 0 0 8 2 8 4 0 333 10 /// 59 006 6 000 0 7 0000 
27-OCT-2015 03 48095 3 2 4 58 3 00 00 10 295 20 259 3 0000 4 0000 5 0000 6 000 0 7 00 0 0 8 3 8 0 0 333 10 /// 58 000 6 000 0 7 0000 
27-OCT-2015 03 48096 3 2 9 58 3 06 06 10 300 20 239 3 0000 4 0136 5 0000 6 000 0 7 00 0 0 8 0 0 3 0 333 10 /// 59 011 6 000 0 7 0000 
27-OCT-2015 03 48097 3 2 5 57 2 04 05 10 295 20 250 3 0000 4 0139 5 0000 6 000 0 7 00 0 0 8 1 5 4 0 333 10 /// 59 004 6 000 0 7 0000 
27-OCT-2015 03 48099 3 1 4 50 5 27 01 10 290 20 248 3 0000 4 0133 5 0000 6 000 0 7 03 4 4 8 3 8 3 0 333 10 /// 59 011 6 000 0 7 0000 
27-OCT-2015 03 48101 3 2 7 59 1 09 01 10 310 20 267 3 0000 4 0000 5 0000 6 000 0 7 00 0 0 8 0 0 3 0 333 10 /// 58 000 6 000 0 7 0000 
27-OCT-2015 03 48103 3 2 4 56 3 04 04 10 290 20 230 3 0000 4 0137 5 0000 6 000 0 7 00 0 0 8 2 5 3 0 333 10 /// 59 008 6 000 0 7 0000 
27-OCT-2015 03 48107 3 1 3 50 5 23 01 10 292 20 248 3 0000 4 0123 5 0000 6 000 0 7 // 4 4 8 5 9 0 0 333 10 /// 59 005 6 000 0 7 0000 
27-OCT-2015 03 48108 3 2 5 95 6 05 04 10 270 20 240 3 0000 4 0138 5 0000 6 000 0 7 00 0 0 8 4 3 7 7 333 10 /// 59 004 6 000 0 7 0000 
27-OCT-2015 03 48109 2 2 4 97 4 00 00 10 292 20 259 3 0000 4 0131 5 0000 6 000 0 7 00 0 0 8 3 8 0 1 333 10 /// 58 008 6 000 0 7 0000 
27-OCT-2015 03 48110 2 1 5 95 8 18 01 10 305 20 246 3 0000 4 0132 5 0000 6 000 0 7 05 2 2 8 1 1 5 7 333 10 /// 59 004 6 000 0 7 0000 
27-OCT-2015 03 48112 2 1 5 97 8 04 09 10 260 20 246 3 0000 4 0127 5 0000 6 000 0 7 01 5 2 8 4 8 7 6 333 10 /// 59 003 6 000 0 7 0000 
