270600 48001 32440 10401 10260 20229 40135 81100 333 56500 59007=
270600 48004 32562 20401 10285 20196 82800 333 56900=
270600 48008 32557 10000 10300 20207 40141 81400 333 56900 59006=
270600 48018 32560 11401 10300 20223 40155 81200 333 56500 58000=
270600 48019 32960 00402 10300 20185 40142 333 58000=
270600 48020 32462 33604 10310 20254 83200 333 56500=
270600 48025 32456 40402 10297 20239 40152 83840 333 56590 59002=
270600 48030 31256 60401 10200 20138 70344 86900 333 56500=
270600 48031 32258 61801 10230 20143 86800 333 56400=
270600 48033 32963 03601 10310 20203 40132 333 58001=
270600 48034 32457 20403 10283 20126 82500 333 56500=
270600 48035 32960 02702 10267 20133 40120 333 58001=
270600 48037 32960 03201 10320 20236 40137 333 58000=
270600 48039 32460 23201 10320 20236 82800 333 56100=
270600 48042 32558 30402 10320 20200 40113 82250 333 56990 59018=
270600 48043 32658 23206 10260 20160 82200 333 56600=
270600 48045 32556 62303 10212 20175 86300 333 56500=
270600 48048 32560 20401 10330 20234 40133 82800 333 56500 59017=
270600 48051 32559 13602 10314 20250 81200 333 56500=
270600 48052 32960 03601 10336 20240 333=
270600 48053 32556 23602 10320 20236 40126 82500 333 56900 59009=
270600 48055 32557 30706 10275 20188 40112 70244 83800 333 56500 59011=
270600 48057 32458 61401 10235 20174 85330 333 56490=
270600 48060 32356 30000 10295 20173 40095 83100 333 56700 58012=
270600 48062 32458 30902 10315 20290 40124 83800 333 56900 59004=
270600 48064 32960 01401 10330 20244 40113 333 59007=
270600 48065 32960 00402 10330 20234 333=
270600 48071 32960 03203 10323 20265 40119 333 59012=
270600 48072 32460 11303 10320 20281 81200 333 56400=
270600 48074 32460 20402 10310 20254 40134 81150 333 56990 58005=
270600 48075 32457 61401 10270 20226 40128 84860 333 56390 59009=
270600 48077 32559 70000 10312 20237 40124 85930 333 56990 58000=
270600 48078 32559 53601 10327 20253 40124 83831 333 56119 59002=
270600 48080 32561 11304 10325 20258 40120 81100 333 56300 59005=
270600 48085 32458 63202 10310 20267 40118 83836 333 56399 59002=
270600 48087 32558 60000 10320 20265 84840 333 56190=
270600 48092 32458 50403 10340 20240 40100 85800 333 56100 59019=
270600 48093 32558 21401 10339 20270 82100 333 56300=
270600 48094 32460 11303 10335 20260 40123 81200 333 56100 59006=
270600 48095 32560 20401 10320 20265 82800 333 56900=
270600 48096 32559 30905 10330 20224 40119 83200 333 56900 59008=  
270600 48097 32557 61303 10335 20232 40118 86800 333 56900 59011=
270600 48099 32456 32702 10333 20244 40105 83800 333 56900 59014=
270600 48101 32559 60000 10332 20258 85330 333 56190=
270600 48103 32457 20404 10332 20234 40113 82500 333 56100 59005=
270600 48107 32350 41301 10340 20240 40102 84900 333 56600 59011=
270600 48108 32596 62305 10330 20244 40121 83366 333 56699 59001=
270600 48109 32497 50401 10315 20265 40124 84901 333 56909 59010=
270600 48110 31596 82302 10335 20241 40111 70522 82357 333 56299 59010=
270600 48112 21597 80403 10276 20250 40110 70152 83876 333 56199 59006=
