27-SEP-2015 06 48004 3 2 5 60 5 22 01 10 312 20 254 3 0000 4 0000 5 0000 6 000 0 7 00 0 0 8 5 9 0 0 333 10 /// 58 000 6 000 0 7 0000 
27-SEP-2015 06 48008 3 2 5 57 5 00 00 10 320 20 265 3 0000 4 0069 5 0000 6 000 0 7 00 0 0 8 3 8 3 0 333 10 /// 58 015 6 000 0 7 0000 
27-SEP-2015 06 48010 3 2 5 60 4 18 01 10 315 20 265 3 0000 4 0076 5 0000 6 000 0 7 00 0 0 8 3 8 3 0 333 10 /// 58 010 6 000 0 7 0000 
27-SEP-2015 06 48018 3 2 5 59 7 14 01 10 295 20 248 3 0000 4 0079 5 0000 6 000 0 7 00 0 0 8 4 9 7 0 333 10 /// 58 018 6 000 0 7 0000 
27-SEP-2015 06 48019 3 2 4 60 3 23 01 10 310 20 267 3 0000 4 0068 5 0000 6 000 0 7 00 0 0 8 2 2 3 0 333 10 /// 58 009 6 000 0 7 0000 
27-SEP-2015 06 48020 3 2 4 58 6 36 03 10 310 20 267 3 0000 4 0000 5 0000 6 000 0 7 00 0 0 8 4 8 3 0 333 10 /// 58 000 6 000 0 7 0000 
27-SEP-2015 06 48025 3 2 4 40 7 14 01 10 297 20 257 3 0000 4 0087 5 0000 6 000 0 7 00 0 0 8 4 8 4 0 333 10 /// 58 015 6 000 0 7 0000 
27-SEP-2015 06 48030 3 2 2 56 8 04 02 10 197 20 150 3 0000 4 0000 5 0000 6 000 0 7 00 0 0 8 7 9 4 / 333 10 /// 58 000 6 000 0 7 0000 
27-SEP-2015 06 48031 3 2 2 58 6 32 01 10 230 20 160 3 0000 4 0000 5 0000 6 000 0 7 00 0 0 8 4 8 4 0 333 10 /// 58 000 6 000 0 7 0000 
27-SEP-2015 06 48033 3 2 5 62 4 18 01 10 310 20 267 3 0000 4 0080 5 0000 6 000 0 7 00 0 0 8 4 8 0 0 333 10 /// 58 019 6 000 0 7 0000 
27-SEP-2015 06 48034 2 1 3 56 8 18 01 10 223 20 205 3 0000 4 0000 5 0000 6 000 0 7 50 6 5 8 6 9 7 / 333 10 /// 58 000 6 000 0 7 0000 
27-SEP-2015 06 48035 3 1 3 50 8 00 00 10 237 20 226 3 0000 4 0073 5 0000 6 000 0 7 62 6 6 8 6 9 2 / 333 10 /// 58 041 6 000 0 7 0000 
27-SEP-2015 06 48039 2 1 4 50 6 00 00 10 323 20 265 3 0000 4 0000 5 0000 6 000 0 7 51 2 2 8 4 9 6 0 333 10 /// 58 000 6 000 0 7 0000 
27-SEP-2015 06 48042 3 2 5 58 5 13 02 10 325 20 253 3 0000 4 0058 5 0000 6 000 0 7 00 0 0 8 4 8 5 0 333 10 /// 58 005 6 000 0 7 0000 
27-SEP-2015 06 48043 3 2 5 57 6 05 08 10 265 20 211 3 0000 4 0000 5 0000 6 000 0 7 00 0 0 8 4 8 3 0 333 10 /// 58 000 6 000 0 7 0000 
27-SEP-2015 06 48045 3 1 1 30 8 04 02 10 211 20 195 3 0000 4 0000 5 0000 6 000 0 7 41 4 4 8 8 3 / / 333 10 /// 58 000 6 000 0 7 0000 
27-SEP-2015 06 48048 3 2 5 60 5 22 01 10 320 20 248 3 0000 4 0074 5 0000 6 000 0 7 00 0 0 8 3 9 5 0 333 10 /// 58 013 6 000 0 7 0000 
27-SEP-2015 06 48051 3 2 9 60 1 31 02 10 310 20 240 3 0000 4 0000 5 0000 6 000 0 7 00 0 0 8 0 0 0 1 333 10 /// 58 000 6 000 0 7 0000 
27-SEP-2015 06 48052 2 2 4 65 6 00 00 10 310 20 262 3 0000 4 0000 5 0000 6 000 0 7 00 0 0 8 6 9 2 0 333 10 /// 58 000 6 000 0 7 0000 
27-SEP-2015 06 48053 3 2 5 58 5 18 01 10 328 20 248 3 0000 4 0072 5 0000 6 000 0 7 00 0 0 8 3 9 5 0 333 10 /// 58 027 6 000 0 7 0000 
27-SEP-2015 06 48055 2 1 4 50 6 14 04 10 265 20 228 3 0000 4 0054 5 0000 6 000 0 7 50 9 5 8 5 9 3 0 333 10 /// 58 007 6 000 0 7 0000 
27-SEP-2015 06 48057 3 2 4 60 5 23 02 10 264 20 215 3 0000 4 0000 5 0000 6 000 0 7 00 0 0 8 5 9 0 0 333 10 /// 58 000 6 000 0 7 0000 
27-SEP-2015 06 48060 3 2 3 56 4 32 01 10 308 20 237 3 0000 4 0043 5 0000 6 000 0 7 00 0 0 8 3 1 0 2 333 10 /// 59 011 6 000 0 7 0000 
27-SEP-2015 06 48062 3 2 4 58 3 13 02 10 320 20 280 3 0000 4 0075 5 0000 6 000 0 7 01 2 2 8 3 8 0 0 333 10 /// 58 007 6 000 0 7 0000 
27-SEP-2015 06 48064 3 2 5 60 3 36 01 10 336 20 288 3 0000 4 0055 5 0000 6 000 0 7 00 0 0 8 2 8 0 1 333 10 /// 58 010 6 000 0 7 0000 
27-SEP-2015 06 48065 3 2 5 57 3 22 01 10 328 20 258 3 0000 4 0000 5 0000 6 000 0 7 00 0 0 8 2 8 3 0 333 10 /// 58 000 6 000 0 7 0000 
27-SEP-2015 06 48071 3 2 4 60 3 32 02 10 323 20 265 3 0000 4 0075 5 0000 6 000 0 7 00 0 0 8 3 9 0 0 333 10 /// 58 004 6 000 0 7 0000 
27-SEP-2015 06 48072 3 2 4 60 7 04 01 10 310 20 267 3 0000 4 0000 5 0000 6 000 0 7 00 0 0 8 5 8 3 0 333 10 /// 58 000 6 000 0 7 0000 
27-SEP-2015 06 48074 3 2 4 60 4 14 03 10 320 20 265 3 0000 4 0076 5 0000 6 000 0 7 00 0 0 8 3 8 6 0 333 10 /// 58 007 6 000 0 7 0000 
27-SEP-2015 06 48075 2 1 5 58 6 14 01 10 270 20 226 3 0000 4 0079 5 0000 6 000 0 7 01 5 2 8 4 3 6 0 333 10 /// 58 009 6 000 0 7 0000 
27-SEP-2015 06 48077 3 2 5 59 8 23 02 10 320 20 265 3 0000 4 0070 5 0000 6 000 0 7 00 0 0 8 5 9 3 1 333 10 /// 58 015 6 000 0 7 0000 
27-SEP-2015 06 48078 3 2 5 60 5 18 02 10 327 20 253 3 0000 4 0081 5 0000 6 000 0 7 00 0 0 8 4 8 0 1 333 10 /// 58 006 6 000 0 7 0000 
27-SEP-2015 06 48080 3 2 4 60 4 27 02 10 320 20 231 3 0000 4 0070 5 0000 6 000 0 7 00 0 0 8 3 8 3 0 333 10 /// 59 003 6 000 0 7 0000 
27-SEP-2015 06 48085 3 2 4 58 5 27 04 10 310 20 267 3 0000 4 0070 5 0000 6 000 0 7 00 0 0 8 4 9 0 5 333 10 /// 58 004 6 000 0 7 0000 
27-SEP-2015 06 48087 3 2 5 60 5 00 00 10 323 20 265 3 0000 4 0000 5 0000 6 000 0 7 00 0 0 8 4 8 4 0 333 10 /// 58 000 6 000 0 7 0000 
27-SEP-2015 06 48092 3 2 4 58 6 09 02 10 315 20 260 3 0000 4 0057 5 0000 6 000 0 7 00 0 0 8 5 8 0 1 333 10 /// 58 003 6 000 0 7 0000 
27-SEP-2015 06 48093 3 2 6 58 4 23 01 10 321 20 265 3 0000 4 0000 5 0000 6 000 0 7 00 0 0 8 2 8 4 1 333 10 /// 58 000 6 000 0 7 0000 
27-SEP-2015 06 48094 3 2 4 59 6 32 02 10 310 20 270 3 0000 4 0078 5 0000 6 000 0 7 00 0 0 8 4 9 4 0 333 10 /// 58 013 6 000 0 7 0000 
27-SEP-2015 06 48097 3 2 5 57 7 18 02 10 325 20 292 3 0000 4 0085 5 0000 6 000 0 7 00 0 0 8 6 3 3 0 333 10 /// 58 007 6 000 0 7 0000 
27-SEP-2015 06 48099 2 1 4 57 8 18 02 10 320 20 248 3 0000 4 0084 5 0000 6 000 0 7 02 5 2 8 4 3 2 2 333 10 /// 58 011 6 000 0 7 0000 
27-SEP-2015 06 48101 3 2 5 59 6 18 01 10 310 20 267 3 0000 4 0000 5 0000 6 000 0 7 00 0 0 8 4 9 3 0 333 10 /// 58 000 6 000 0 7 0000 
27-SEP-2015 06 48103 3 2 5 58 6 22 02 10 320 20 265 3 0000 4 0080 5 0000 6 000 0 7 00 0 0 8 4 8 3 0 333 10 /// 58 004 6 000 0 7 0000 
27-SEP-2015 06 48107 3 2 3 50 6 23 02 10 319 20 265 3 0000 4 0084 5 0000 6 000 0 7 00 0 0 8 4 9 0 6 333 10 /// 58 002 6 000 0 7 0000 
27-SEP-2015 06 48108 3 2 5 96 6 23 05 10 322 20 265 3 0000 4 0089 5 0000 6 000 0 7 00 0 0 8 4 3 6 6 333 10 /// 59 003 6 000 0 7 0000 
27-SEP-2015 06 48109 3 2 4 97 5 00 00 10 303 20 253 3 0000 4 0083 5 0000 6 000 0 7 00 0 0 8 5 9 0 0 333 10 /// 58 008 6 000 0 7 0000 
27-SEP-2015 06 48110 3 1 5 96 6 23 02 10 325 20 270 3 0000 4 0092 5 0000 6 000 0 7 50 2 2 8 4 3 0 6 333 10 /// 59 006 6 000 0 7 0000 
27-SEP-2015 06 48112 3 2 5 97 8 27 02 10 290 20 259 3 0000 4 0095 5 0000 6 000 0 7 00 0 0 8 3 8 7 6 333 10 /// 59 009 6 000 0 7 0000 
