48001 22440 53601 10215 20185 40136 85700 333 56500 59021=
48004 22562 11401 10211 20175 81100 333 56900=
48008 32557 63601 10250 20205 40133 84970 333 56810 59012=
48010 22560 40000 10235 20209 40123 82401 333 56550 59032=
48018 22556 71402 10240 20209 40120 84870 333 56320 59020=
48019 22456 81801 10250 20219 40122 83620 333 56450 59020=
48020 22458 22703 10242 20209 82200 333 56500=
48025 22430 20401 10259 20215 40122 82800 333 56500 59021=
48030 22356 22201 10163 20123 82800 333 56500=
48031 21/60 60401 10190 20139 70122 86800 333 56400=
48033 32962 03601 10280 20220 40104 333 59025=
48034 21456 62302 10220 20185 70196 86300 333 56500 =
48035 22556 73202 10232 20181 40117 85970 333 56190 58023=
48037 32550 43201 10260 20203 40128 84800 333 56500 58005=
48039 32459 22201 10280 20203 82100 333 56100=
48042 32558 13601 10285 20209 40124 81100 333 56600 59012=
48043 22656 31803 10215 20185 83800 333 56500=
48045 21558 51401 10201 20150 70144 84340 333 56590=
48048 32560 20401 10295 20207 40117 82800 333 56900 59015=
48051 32559 13102 10273 20230 81200 333 56900=
48052 32970 03201 10290 20215=
48053 22550 33601 10270 20211 40129 82506 333 56609 59001=
48055 22456 61403 10235 20186 40122 84831 333 56559 59008=
48057 22457 42201 10220 20156 83301 333 56509=
48060 22450 40000 10225 20192 40128 82130 333 56490 59020=
48062 32557 30902 10300 20250 40120 83800 333 56600 59006=
48064 32960 00401 10310 20254 40107 333 59005 =
48065 32960 00000 10312 20203=
48071 32458 50503 10300 20239 40121 85800 333 56900 59010=
48072 32460 43203 10310 20237 83830 333 56790=
48074 22959 01402 10283 20233 40122 333 59009=
48075 22457 71401 10250 20230 40123 84300 333 56500 59040=
48077 32959 03201 10320 20200 40106 333 59012=
48078 22557 41301 10302 20231 40121 83501 333 56509 59016=
48080 32459 53204 10310 20267 40134 83230 333 56690 59001=
48085 32958 22704 10320 20248 40118 80039 333 56099 59007=
48087 32960 00401 10328 20224=
48092 31556 12301 10310 20237 40102 70522 81400 333 56900 59014=
48093 32958 03201 10322 20248=
48094 32459 23202 10310 20250 40123 70311 82800 333 56900 59004=
48095 32958 01401 10320 20236=
48097 22957 02401 10320 20236 40133 333 59006=
48099 22456 42302 10298 20239 40124 82802 333 56509 59004=
48101 32659 13202 10300 20239 70311 81100 333 56600=
48103 31450 80401 10327 20244 40125 71799 88900 333 56100 59006=
48107 32350 41301 10303 20239 40120 84900 333 56300 59001=
48108 22596 63603 10300 20246 40133 83836 333 56899 58001=
48109 32497 30401 10330 20258 40133 83900 333 56900 58001=
48110 21596 70000 10305 20253 40127 70544 81346 333 56999 59003=
48112 32598 50401 10330 20258 40123 81116 333 56199 59005=  48001 22440 53601 10215 20185 40136 85700 333 56500 59021=
48004 22562 11401 10211 20175 81100 333 56900=
48008 32557 63601 10250 20205 40133 84970 333 56810 59012=
48010 22560 40000 10235 20209 40123 82401 333 56550 59032=
48018 22556 71402 10240 20209 40120 84870 333 56320 59020=
48019 22456 81801 10250 20219 40122 83620 333 56450 59020=
48020 22458 22703 10242 20209 82200 333 56500=
48025 22430 20401 10259 20215 40122 82800 333 56500 59021=
48030 22356 22201 10163 20123 82800 333 56500=
48031 21/60 60401 10190 20139 70122 86800 333 56400=
48033 32962 03601 10280 20220 40104 333 59025=
48034 21456 62302 10220 20185 70196 86300 333 56500 =
48035 22556 73202 10232 20181 40117 85970 333 56190 58023=
48037 32550 43201 10260 20203 40128 84800 333 56500 58005=
48039 32459 22201 10280 20203 82100 333 56100=
48042 32558 13601 10285 20209 40124 81100 333 56600 59012=
48043 22656 31803 10215 20185 83800 333 56500=
48045 21558 51401 10201 20150 70144 84340 333 56590=
48048 32560 20401 10295 20207 40117 82800 333 56900 59015=
48051 32559 13102 10273 20230 81200 333 56900=
48052 32970 03201 10290 20215=
48053 22550 33601 10270 20211 40129 82506 333 56609 59001=
48055 22456 61403 10235 20186 40122 84831 333 56559 59008=
48057 22457 42201 10220 20156 83301 333 56509=
48060 22450 40000 10225 20192 40128 82130 333 56490 59020=
48062 32557 30902 10300 20250 40120 83800 333 56600 59006=
48064 32960 00401 10310 20254 40107 333 59005 =
48065 32960 00000 10312 20203=
48071 32458 50503 10300 20239 40121 85800 333 56900 59010=
48072 32460 43203 10310 20237 83830 333 56790=
48074 22959 01402 10283 20233 40122 333 59009=
48075 22457 71401 10250 20230 40123 84300 333 56500 59040=
48077 32959 03201 10320 20200 40106 333 59012=
48078 22557 41301 10302 20231 40121 83501 333 56509 59016=
48080 32459 53204 10310 20267 40134 83230 333 56690 59001=
48085 32958 22704 10320 20248 40118 80039 333 56099 59007=
48087 32960 00401 10328 20224=
48092 31556 12301 10310 20237 40102 70522 81400 333 56900 59014=
48093 32958 03201 10322 20248=
48094 32459 23202 10310 20250 40123 70311 82800 333 56900 59004=
48095 32958 01401 10320 20236=
48097 22957 02401 10320 20236 40133 333 59006=
48099 22456 42302 10298 20239 40124 82802 333 56509 59004=
48101 32659 13202 10300 20239 70311 81100 333 56600=
48103 31450 80401 10327 20244 40125 71799 88900 333 56100 59006=
48107 32350 41301 10303 20239 40120 84900 333 56300 59001=
48108 22596 63603 10300 20246 40133 83836 333 56899 58001=
48109 32497 30401 10330 20258 40133 83900 333 56900 58001=
48110 21596 70000 10305 20253 40127 70544 81346 333 56999 59003=
48112 32598 50401 10330 20258 40123 81116 333 56199 59005=  