28-APR-2015 12 48001 3 2 5 57 4 27 01 10 263 20 203 3 0000 4 0066 5 0000 6 000 0 7 00 0 0 8 2 9 0 9 333 10 305 59 030 6 000 0 7 0000 
28-APR-2015 12 48004 3 2 4 60 5 22 01 10 301 20 185 3 0000 4 0000 5 0000 6 000 0 7 00 0 0 8 5 9 0 0 333 10 327 58 000 6 000 0 7 0000 
28-APR-2015 12 48008 2 1 5 56 8 00 00 10 285 20 215 3 0000 4 0078 5 0000 6 000 0 7 50 9 5 8 4 9 7 / 333 10 340 59 018 6 000 0 7 0000 
28-APR-2015 12 48010 3 2 5 40 4 00 00 10 295 20 239 3 0000 4 0065 5 0000 6 000 0 7 00 0 0 8 3 8 3 1 333 10 320 59 030 6 000 0 7 0000 
28-APR-2015 12 48018 2 1 5 56 6 32 03 10 285 20 179 3 0000 4 0062 5 0000 6 000 0 7 50 5 5 8 3 8 7 / 333 10 325 59 023 6 000 0 7 0000 
28-APR-2015 12 48019 3 2 4 56 3 00 00 10 310 20 237 3 0000 4 0064 5 0000 6 000 0 7 00 0 0 8 3 2 0 0 333 10 320 59 003 6 000 0 7 0000 
28-APR-2015 12 48020 3 2 5 56 5 00 00 10 290 20 230 3 0000 4 0000 5 0000 6 000 0 7 00 0 0 8 4 8 3 0 333 10 342 58 000 6 000 0 7 0000 
28-APR-2015 12 48025 3 2 4 56 6 14 01 10 296 20 185 3 0000 4 0072 5 0000 6 000 0 7 00 0 0 8 4 8 4 0 333 10 335 59 023 6 000 0 7 0000 
28-APR-2015 12 48033 3 2 5 62 7 27 01 10 323 20 236 3 0000 4 0116 5 0000 6 000 0 7 00 0 0 8 5 9 7 0 333 10 350 58 033 6 000 0 7 0000 
28-APR-2015 12 48034 3 2 4 56 2 23 01 10 242 20 164 3 0000 4 0000 5 0000 6 000 0 7 00 0 0 8 2 8 0 0 333 10 268 58 000 6 000 0 7 0000 
28-APR-2015 12 48035 2 1 5 56 5 00 00 10 236 20 191 3 0000 4 0067 5 0000 6 000 0 7 05 2 2 8 4 9 6 0 333 10 302 59 002 6 001 2 7 0000 
28-APR-2015 12 48037 2 1 5 50 7 36 01 10 280 20 220 3 0000 4 0061 5 0000 6 000 0 7 01 5 2 8 4 3 7 0 333 10 368 59 010 6 990 2 7 0000 
28-APR-2015 12 48042 3 2 5 58 3 13 01 10 348 20 219 3 0000 4 0055 5 0000 6 000 0 7 00 0 0 8 3 9 0 0 333 10 379 59 019 6 000 0 7 0000 
28-APR-2015 12 48043 3 2 0 30 0 00 00 10 240 20 155 3 0000 4 0000 5 0000 6 000 0 7 00 0 0 8 0 0 0 0 333 10 275 58 000 6 000 0 7 0000 
28-APR-2015 12 48045 3 2 5 57 5 14 02 10 335 20 163 3 0000 4 0000 5 0000 6 000 0 7 00 0 0 8 5 9 0 0 333 10 260 58 000 6 000 0 7 0000 
28-APR-2015 12 48048 3 2 5 50 4 04 01 10 355 20 195 3 0000 4 0056 5 0000 6 000 0 7 00 0 0 8 4 8 0 0 333 10 380 59 016 6 000 0 7 0000 
28-APR-2015 12 48051 3 2 5 58 6 09 02 10 312 20 226 3 0000 4 0000 5 0000 6 000 0 7 00 0 0 8 5 9 3 0 333 10 357 58 000 6 000 0 7 0000 
28-APR-2015 12 48052 3 2 4 50 5 32 02 10 368 20 227 3 0000 4 0000 5 0000 6 000 0 7 00 0 0 8 5 9 0 0 333 10 394 58 000 6 000 0 7 0000 
28-APR-2015 12 48053 3 2 5 56 5 00 00 10 340 20 206 3 0000 4 0047 5 0000 6 000 0 7 00 0 0 8 3 9 5 6 333 10 360 59 020 6 000 0 7 0000 
28-APR-2015 12 48055 3 2 5 56 3 04 03 10 241 20 191 3 0000 4 0068 5 0000 6 000 0 7 00 0 0 8 3 8 0 0 333 10 316 59 036 6 000 0 7 0000 
28-APR-2015 12 48057 3 2 4 56 3 22 01 10 240 20 114 3 0000 4 0000 5 0000 6 000 0 7 00 0 0 8 3 3 0 0 333 10 265 58 000 6 000 0 7 0000 
28-APR-2015 12 48060 2 2 3 30 4 00 00 10 260 20 167 3 0000 4 0067 5 0000 6 000 0 7 01 2 2 8 2 1 3 0 333 10 306 59 029 6 000 0 7 0000 
28-APR-2015 12 48064 3 2 5 50 4 14 01 10 360 20 249 3 0000 4 0044 5 0000 6 000 0 7 00 0 0 8 3 8 0 1 333 10 390 59 008 6 000 0 7 0000 
28-APR-2015 12 48065 3 2 4 50 4 00 00 10 360 20 195 3 0000 4 0000 5 0000 6 000 0 7 00 0 0 8 3 8 0 1 333 10 398 58 000 6 000 0 7 0000 
28-APR-2015 12 48071 3 2 9 50 0 33 02 10 310 20 237 3 0000 4 0091 5 0000 6 000 0 7 00 0 0 8 0 0 0 0 333 10 335 59 003 6 000 0 7 0000 
28-APR-2015 12 48074 3 2 4 58 3 00 00 10 344 20 240 3 0000 4 0068 5 0000 6 000 0 7 00 0 0 8 3 8 0 0 333 10 370 59 019 6 000 0 7 0000 
28-APR-2015 12 48075 3 2 5 56 3 00 00 10 290 20 220 3 0000 4 0062 5 0000 6 000 0 7 00 0 0 8 3 8 0 0 333 10 305 59 027 6 000 0 7 0000 
28-APR-2015 12 48077 3 2 9 56 6 23 01 10 360 20 195 3 0000 4 0044 5 0000 6 000 0 7 00 0 0 8 5 9 0 1 333 10 380 59 029 6 000 0 7 0000 
28-APR-2015 12 48078 2 1 5 56 5 18 01 10 324 20 224 3 0000 4 0065 5 0000 6 000 0 7 01 9 5 8 3 3 3 1 333 10 373 59 025 6 990 2 7 0000 
28-APR-2015 12 48080 3 2 4 58 1 22 02 10 300 20 239 3 0000 4 0084 5 0000 6 000 0 7 00 0 0 8 1 2 0 0 333 10 370 59 010 6 000 0 7 0000 
28-APR-2015 12 48085 3 2 9 56 1 32 03 10 308 20 237 3 0000 4 0085 5 0000 6 000 0 7 00 0 0 8 0 0 0 6 333 10 375 59 012 6 000 0 7 0000 
28-APR-2015 12 48087 3 2 5 50 3 23 01 10 324 20 200 3 0000 4 0000 5 0000 6 000 0 7 00 0 0 8 2 8 0 0 333 10 390 58 000 6 000 0 7 0000 
28-APR-2015 12 48092 3 2 5 56 4 18 03 10 345 20 204 3 0000 4 0046 5 0000 6 000 0 7 00 0 0 8 2 5 3 1 333 10 375 59 022 6 000 0 7 0000 
28-APR-2015 12 48093 3 2 9 50 0 23 01 10 318 20 248 3 0000 4 0000 5 0000 6 000 0 7 00 0 0 8 0 0 0 0 333 10 377 58 000 6 000 0 7 0000 
28-APR-2015 12 48094 3 2 4 56 2 32 03 10 320 20 250 3 0000 4 0079 5 0000 6 000 0 7 00 0 0 8 1 5 0 2 333 10 375 59 013 6 000 0 7 0000 
28-APR-2015 12 48095 3 2 4 56 6 22 02 10 315 20 237 3 0000 4 0000 5 0000 6 000 0 7 00 0 0 8 3 6 7 0 333 10 380 58 000 6 000 0 7 0000 
28-APR-2015 12 48097 3 2 5 56 5 21 01 10 325 20 230 3 0000 4 0089 5 0000 6 000 0 7 00 0 0 8 3 5 0 6 333 10 373 59 013 6 000 0 7 0000 
28-APR-2015 12 48099 2 2 4 56 4 00 00 10 325 20 236 3 0000 4 0078 5 0000 6 000 0 7 00 0 0 8 4 8 0 0 333 10 355 59 003 6 990 2 7 0000 
28-APR-2015 12 48103 3 2 4 50 3 13 01 10 321 20 236 3 0000 4 0085 5 0000 6 000 0 7 00 0 0 8 3 8 0 0 333 10 372 59 006 6 000 0 7 0000 
28-APR-2015 12 48107 3 2 3 40 4 23 01 10 308 20 254 3 0000 4 0086 5 0000 6 000 0 7 00 0 0 8 2 9 0 6 333 10 354 59 015 6 000 0 7 0000 
28-APR-2015 12 48108 3 1 5 96 7 09 01 10 310 20 246 3 0000 4 0093 5 0000 6 000 0 7 17 9 9 8 3 9 4 6 333 10 355 59 014 6 000 0 7 0000 
28-APR-2015 12 48109 3 2 4 96 3 00 00 10 345 20 240 3 0000 4 0093 5 0000 6 000 0 7 00 0 0 8 1 5 0 7 333 10 357 59 011 6 000 0 7 0000 
28-APR-2015 12 48110 3 2 5 96 8 32 04 10 310 20 245 3 0000 4 0089 5 0000 6 000 0 7 00 0 0 8 3 9 4 7 333 10 355 59 022 6 000 0 7 0000 
28-APR-2015 12 48112 3 2 5 98 6 04 02 10 305 20 247 3 0000 4 0082 5 0000 6 000 0 7 00 0 0 8 2 2 1 6 333 10 376 59 015 6 000 0 7 0000 
