280600 48001 32450 40401 10275 20158 40111 84700 333 56200 59012=
280600 48004 32562 32201 10291 20196 81102 333 56505=
280600 48008 32557 60000 10310 20205 40104 83970 333 56820 59025=
280600 48010 32560 40000 10285 20220 40106 82801 333 56550 59034=
280600 48018 32558 62201 10275 20211 40117 82871 333 56559 59020=
280600 48019 32460 62302 10295 20207 40111 83800 333 56560 59027=
280600 48020 32460 23204 10300 20239 82200 333 56500=
280600 48025 32456 30401 10303 20207 40119 83800 333 56500 59010=
280600 48030 32356 62201 10200 20130 86900 333 56500=
280600 48033 32563 23601 10340 20225 40088 82500 333 56900 59019=
280600 48034 32457 61802 10261 20179 86800 333 56500=
280600 48035 32552 62203 10279 20158 40082 84960 333 56790 58038=
280600 48037 32556 23602 10325 20200 40101 82200 333 56800 59019=
280600 48039 32460 20000 10330 20212 82100 333 56500=
280600 48042 32558 41802 10340 20225 40099 83250 333 56660 59017=
280600 48043 32657 23205 10260 20179 82200 333 56500=
280600 48045 32559 61404 10246 20160 86300 333 56500=
280600 48048 32560 20401 10345 20225 40104 82800 333 56900 59013=
280600 48051 32559 33102 10328 20210 83200 333 56900=
280600 48052 32468 23202 10348 20219 82200 333 56900=
280600 48053 32456 43202 10320 20215 40102 84800 333 56600 59013=
280600 48055 32556 52308 10290 20188 40076 84330 333 56550 59018=
280600 48057 32456 62202 10250 20150 84331 333 56599=
280600 48060 21340 60000 10260 20215 40094 75022 84970 333 56590 59024=
280600 48062 32558 32706 10315 20280 40124 83900 333 56900 59004=
280600 48064 32970 00401 10370 20246 40097 333 58002=
280600 48065 32970 00412 10357 20195=
280600 48071 32460 23203 10323 20230 40119 82800 333 56900 59015=
280600 48072 32460 40402 10340 20257 83830 333 56590=
280600 48074 32460 31801 10335 20240 40106 83800 333 56600 59008=
280600 48075 32557 61401 10290 20230 40092 86300 333 56500 59028=
280600 48077 32559 53201 10360 20195 40098 84901 333 56909 59013=
280600 48078 32558 41801 10346 20221 40107 83801 333 56509 59011=
280600 48080 32461 42208 10367 20235 40101 82236 333 56599 59007=
280600 48085 32458 33206 10340 20257 40113 82809 333 56309 59005=
280600 48087 32560 30000 10370 20190 83800 333 56900=
280600 48092 32458 32303 10360 20204 40088 83200 333 56900 59015=
280600 48093 32658 43201 10358 20214 84800 333 56500=
280600 48094 32460 43202 10357 20250 40106 84900 333 56900 59007=
280600 48095 32458 20401 10360 20214 70244 82200 333 56900=
280600 48097 32557 42403 10350 20219 40116 84800 333 56900 59007=
280600 48099 32457 42302 10350 20240 40105 84900 333 56500 59006=
280600 48101 32560 32702 10338 20225 83300 333 56600=
280600 48103 31456 53201 10355 20249 40106 70199 85900 333 56700 59010=
280600 48107 32350 41301 10328 20244 40103 84900 333 56300 59001=
280600 48108 31596 73206 10335 20251 40135 70399 84906 333 56709 58022=
280600 48110 31596 63203 10355 20264 40115 70522 83906 333 56209 59002=
280600 48112 32597 70402 10355 20252 40107 83876 333 56199 59010=  48001 32450 40401 10275 20158 40111 84700 333 56200 59012=
280600 48004 32562 32201 10291 20196 81102 333 56505=
280600 48008 32557 60000 10310 20205 40104 83970 333 56820 59025=
280600 48010 32560 40000 10285 20220 40106 82801 333 56550 59034=
280600 48018 32558 62201 10275 20211 40117 82871 333 56559 59020=
280600 48019 32460 62302 10295 20207 40111 83800 333 56560 59027=
280600 48020 32460 23204 10300 20239 82200 333 56500=
280600 48025 32456 30401 10303 20207 40119 83800 333 56500 59010=
280600 48030 32356 62201 10200 20130 86900 333 56500=
280600 48033 32563 23601 10340 20225 40088 82500 333 56900 59019=
280600 48034 32457 61802 10261 20179 86800 333 56500=
280600 48035 32552 62203 10279 20158 40082 84960 333 56790 58038=
280600 48037 32556 23602 10325 20200 40101 82200 333 56800 59019=
280600 48039 32460 20000 10330 20212 82100 333 56500=
280600 48042 32558 41802 10340 20225 40099 83250 333 56660 59017=
280600 48043 32657 23205 10260 20179 82200 333 56500=
280600 48045 32559 61404 10246 20160 86300 333 56500=
280600 48048 32560 20401 10345 20225 40104 82800 333 56900 59013=
280600 48051 32559 33102 10328 20210 83200 333 56900=
280600 48052 32468 23202 10348 20219 82200 333 56900=
280600 48053 32456 43202 10320 20215 40102 84800 333 56600 59013=
280600 48055 32556 52308 10290 20188 40076 84330 333 56550 59018=
280600 48057 32456 62202 10250 20150 84331 333 56599=
280600 48060 21340 60000 10260 20215 40094 75022 84970 333 56590 59024=
280600 48062 32558 32706 10315 20280 40124 83900 333 56900 59004=
280600 48064 32970 00401 10370 20246 40097 333 58002=
280600 48065 32970 00412 10357 20195=
280600 48071 32460 23203 10323 20230 40119 82800 333 56900 59015=
280600 48072 32460 40402 10340 20257 83830 333 56590=
280600 48074 32460 31801 10335 20240 40106 83800 333 56600 59008=
280600 48075 32557 61401 10290 20230 40092 86300 333 56500 59028=
280600 48077 32559 53201 10360 20195 40098 84901 333 56909 59013=
280600 48078 32558 41801 10346 20221 40107 83801 333 56509 59011=
280600 48080 32461 42208 10367 20235 40101 82236 333 56599 59007=
280600 48085 32458 33206 10340 20257 40113 82809 333 56309 59005=
280600 48087 32560 30000 10370 20190 83800 333 56900=
280600 48092 32458 32303 10360 20204 40088 83200 333 56900 59015=
280600 48093 32658 43201 10358 20214 84800 333 56500=
280600 48094 32460 43202 10357 20250 40106 84900 333 56900 59007=
280600 48095 32458 20401 10360 20214 70244 82200 333 56900=
280600 48097 32557 42403 10350 20219 40116 84800 333 56900 59007=
280600 48099 32457 42302 10350 20240 40105 84900 333 56500 59006=
280600 48101 32560 32702 10338 20225 83300 333 56600=
280600 48103 31456 53201 10355 20249 40106 70199 85900 333 56700 59010=
280600 48107 32350 41301 10328 20244 40103 84900 333 56300 59001=
280600 48108 31596 73206 10335 20251 40135 70399 84906 333 56709 58022=
280600 48110 31596 63203 10355 20264 40115 70522 83906 333 56209 59002=
280600 48112 32597 70402 10355 20252 40107 83876 333 56199 59010=  48001 32450 40401 10275 20158 40111 84700 333 56200 59012=
280600 48004 32562 32201 10291 20196 81102 333 56505=
280600 48008 32557 60000 10310 20205 40104 83970 333 56820 59025=
280600 48010 32560 40000 10285 20220 40106 82801 333 56550 59034=
280600 48018 32558 62201 10275 20211 40117 82871 333 56559 59020=
280600 48019 32460 62302 10295 20207 40111 83800 333 56560 59027=
280600 48020 32460 23204 10300 20239 82200 333 56500=
280600 48025 32456 30401 10303 20207 40119 83800 333 56500 59010=
280600 48035 32552 62203 10279 20158 40082 84960 333 56790 58038=
280600 48037 32556 23602 10325 20200 40101 82200 333 56800 59019=
280600 48042 32558 41802 10340 20225 40099 83250 333 56660 59017=
280600 48045 32559 61404 10246 20160 86300 333 56500=
280600 48048 32560 20401 10345 20225 40104 82800 333 56900 59013=
280600 48051 32559 33102 10328 20210 83200 333 56900=
280600 48053 32456 43202 10320 20215 40102 84800 333 56600 59013=
280600 48060 21340 60000 10260 20215 40094 75022 84970 333 56590 59024=
280600 48062 32558 32706 10315 20280 40124 83900 333 56900 59004=
280600 48071 32460 23203 10323 20230 40119 82800 333 56900 59015=
280600 48075 32557 61401 10290 20230 40092 86300 333 56500 59028=
280600 48077 32559 53201 10360 20195 40098 84901 333 56909 59013=
280600 48078 32558 41801 10346 20221 40107 83801 333 56509 59011=
280600 48080 32461 42208 10367 20235 40101 82236 333 56599 59007=
280600 48085 32458 33206 10340 20257 40113 82809 333 56309 59005=
280600 48095 32458 20401 10360 20214 70244 82200 333 56900=
280600 48108 31596 73206 10335 20251 40135 70399 84906 333 56709 58022=
280600 48110 31596 63203 10355 20264 40115 70522 83906 333 56209 59002=
280600 48112 32597 70402 10355 20252 40107 83876 333 56199 59010=
280600 48030 32356 62201 10200 20130 86900 333 56500=
280600 48072 32460 40402 10340 20257 83830 333 56590=
280600 48087 32560 30000 10370 20190 83800 333 56900=
280600 48099 32457 42302 10350 20240 40105 84900 333 56500 59006=
280600 48101 32560 32702 10338 20225 83300 333 56600=
280600 48103 31456 53201 10355 20249 40106 70199 85900 333 56700 59010=
280600 48057 32456 62202 10250 20150 84331 333 56599=
280600 48094 32460 43202 10357 20250 40106 84900 333 56900 59007=
280600 48097 32557 42403 10350 20219 40116 84800 333 56900 59007=
280600 48033 32563 23601 10340 20225 40088 82500 333 56900 59019=
280600 48034 32457 61802 10261 20179 86800 333 56500=
280600 48039 32460 20000 10330 20212 82100 333 56500=
280600 48043 32657 23205 10260 20179 82200 333 56500=
280600 48052 32468 23202 10348 20219 82200 333 56900=
280600 48055 32556 52308 10290 20188 40076 84330 333 56550 59018=
280600 48064 32970 00401 10370 20246 40097 333 58002=
280600 48065 32970 00412 10357 20195=
280600 48074 32460 31801 10335 20240 40106 83800 333 56600 59008=
280600 48092 32458 32303 10360 20204 40088 83200 333 56900 59015=
280600 48093 32658 43201 10358 20214 84800 333 56500=
280600 48107 32350 41301 10328 20244 40103 84900 333 56300 59001=  
