28-APR-2015 03 48001 2 2 4 40 5 36 01 10 215 20 185 3 0000 4 0136 5 0000 6 000 0 7 00 0 0 8 5 7 0 0 333 10 /// 59 021 6 000 0 7 0000 
28-APR-2015 03 48004 2 2 5 62 1 14 01 10 211 20 175 3 0000 4 0000 5 0000 6 000 0 7 00 0 0 8 1 1 0 0 333 10 /// 58 000 6 000 0 7 0000 
28-APR-2015 03 48008 3 2 5 57 6 36 01 10 250 20 205 3 0000 4 0133 5 0000 6 000 0 7 00 0 0 8 4 9 7 0 333 10 /// 59 012 6 000 0 7 0000 
28-APR-2015 03 48010 2 2 5 60 4 00 00 10 235 20 209 3 0000 4 0123 5 0000 6 000 0 7 00 0 0 8 2 4 0 1 333 10 /// 59 032 6 000 0 7 0000 
28-APR-2015 03 48018 2 2 5 56 7 14 02 10 240 20 209 3 0000 4 0120 5 0000 6 000 0 7 00 0 0 8 4 8 7 0 333 10 /// 59 020 6 000 0 7 0000 
28-APR-2015 03 48019 2 2 4 56 8 18 01 10 250 20 219 3 0000 4 0122 5 0000 6 000 0 7 00 0 0 8 3 6 2 0 333 10 /// 59 020 6 000 0 7 0000 
28-APR-2015 03 48020 2 2 4 58 2 27 03 10 242 20 209 3 0000 4 0000 5 0000 6 000 0 7 00 0 0 8 2 2 0 0 333 10 /// 58 000 6 000 0 7 0000 
28-APR-2015 03 48025 2 2 4 30 2 04 01 10 259 20 215 3 0000 4 0122 5 0000 6 000 0 7 00 0 0 8 2 8 0 0 333 10 /// 59 021 6 000 0 7 0000 
28-APR-2015 03 48030 2 2 3 56 2 22 01 10 163 20 123 3 0000 4 0000 5 0000 6 000 0 7 00 0 0 8 2 8 0 0 333 10 /// 58 000 6 000 0 7 0000 
28-APR-2015 03 48031 2 1 / 60 6 04 01 10 190 20 139 3 0000 4 0000 5 0000 6 000 0 7 01 2 2 8 6 8 0 0 333 10 /// 58 000 6 000 0 7 0000 
28-APR-2015 03 48033 3 2 9 62 0 36 01 10 280 20 220 3 0000 4 0104 5 0000 6 000 0 7 00 0 0 8 0 0 0 0 333 10 /// 59 025 6 000 0 7 0000 
28-APR-2015 03 48034 2 1 4 56 6 23 02 10 220 20 185 3 0000 4 0000 5 0000 6 000 0 7 01 9 6 8 6 3 0 0 333 10 /// 58 000 6 000 0 7 0000 
28-APR-2015 03 48035 2 2 5 56 7 32 02 10 232 20 181 3 0000 4 0117 5 0000 6 000 0 7 00 0 0 8 5 9 7 0 333 10 /// 58 023 6 000 0 7 0000 
28-APR-2015 03 48037 3 2 5 50 4 32 01 10 260 20 203 3 0000 4 0128 5 0000 6 000 0 7 00 0 0 8 4 8 0 0 333 10 /// 58 005 6 000 0 7 0000 
28-APR-2015 03 48039 3 2 4 59 2 22 01 10 280 20 203 3 0000 4 0000 5 0000 6 000 0 7 00 0 0 8 2 1 0 0 333 10 /// 58 000 6 000 0 7 0000 
28-APR-2015 03 48042 3 2 5 58 1 36 01 10 285 20 209 3 0000 4 0124 5 0000 6 000 0 7 00 0 0 8 1 1 0 0 333 10 /// 59 012 6 000 0 7 0000 
28-APR-2015 03 48043 2 2 6 56 3 18 03 10 215 20 185 3 0000 4 0000 5 0000 6 000 0 7 00 0 0 8 3 8 0 0 333 10 /// 58 000 6 000 0 7 0000 
28-APR-2015 03 48045 2 1 5 58 5 14 01 10 201 20 150 3 0000 4 0000 5 0000 6 000 0 7 01 4 4 8 4 3 4 0 333 10 /// 58 000 6 000 0 7 0000 
28-APR-2015 03 48048 3 2 5 60 2 04 01 10 295 20 207 3 0000 4 0117 5 0000 6 000 0 7 00 0 0 8 2 8 0 0 333 10 /// 59 015 6 000 0 7 0000 
28-APR-2015 03 48051 3 2 5 59 1 31 02 10 273 20 230 3 0000 4 0000 5 0000 6 000 0 7 00 0 0 8 1 2 0 0 333 10 /// 58 000 6 000 0 7 0000 
28-APR-2015 03 48052 3 2 9 70 0 32 01 10 290 20 215 3 0000 4 0000 5 0000 6 000 0 7 00 0 0 8 0 0 0 0 333 10 /// 58 000 6 000 0 7 0000 
28-APR-2015 03 48053 2 2 5 50 3 36 01 10 270 20 211 3 0000 4 0129 5 0000 6 000 0 7 00 0 0 8 2 5 0 6 333 10 /// 59 001 6 000 0 7 0000 
28-APR-2015 03 48055 2 2 4 56 6 14 03 10 235 20 186 3 0000 4 0122 5 0000 6 000 0 7 00 0 0 8 4 8 3 1 333 10 /// 59 008 6 000 0 7 0000 
28-APR-2015 03 48057 2 2 4 57 4 22 01 10 220 20 156 3 0000 4 0000 5 0000 6 000 0 7 00 0 0 8 3 3 0 1 333 10 /// 58 000 6 000 0 7 0000 
28-APR-2015 03 48060 2 2 4 50 4 00 00 10 225 20 192 3 0000 4 0128 5 0000 6 000 0 7 00 0 0 8 2 1 3 0 333 10 /// 59 020 6 000 0 7 0000 
28-APR-2015 03 48062 3 2 5 57 3 09 02 10 300 20 250 3 0000 4 0120 5 0000 6 000 0 7 00 0 0 8 3 8 0 0 333 10 /// 59 006 6 000 0 7 0000 
28-APR-2015 03 48064 3 2 9 60 0 04 01 10 310 20 254 3 0000 4 0107 5 0000 6 000 0 7 00 0 0 8 0 0 0 0 333 10 /// 59 005 6 000 0 7 0000 
28-APR-2015 03 48065 3 2 9 60 0 00 00 10 312 20 203 3 0000 4 0000 5 0000 6 000 0 7 00 0 0 8 0 0 0 0 333 10 /// 58 000 6 000 0 7 0000 
28-APR-2015 03 48071 3 2 4 58 5 05 03 10 300 20 239 3 0000 4 0121 5 0000 6 000 0 7 00 0 0 8 5 8 0 0 333 10 /// 59 010 6 000 0 7 0000 
28-APR-2015 03 48072 3 2 4 60 4 32 03 10 310 20 237 3 0000 4 0000 5 0000 6 000 0 7 00 0 0 8 3 8 3 0 333 10 /// 58 000 6 000 0 7 0000 
28-APR-2015 03 48074 2 2 9 59 0 14 02 10 283 20 233 3 0000 4 0122 5 0000 6 000 0 7 00 0 0 8 0 0 0 0 333 10 /// 59 009 6 000 0 7 0000 
28-APR-2015 03 48075 2 2 4 57 7 14 01 10 250 20 230 3 0000 4 0123 5 0000 6 000 0 7 00 0 0 8 4 3 0 0 333 10 /// 59 040 6 000 0 7 0000 
28-APR-2015 03 48077 3 2 9 59 0 32 01 10 320 20 200 3 0000 4 0106 5 0000 6 000 0 7 00 0 0 8 0 0 0 0 333 10 /// 59 012 6 000 0 7 0000 
28-APR-2015 03 48078 2 2 5 57 4 13 01 10 302 20 231 3 0000 4 0121 5 0000 6 000 0 7 00 0 0 8 3 5 0 1 333 10 /// 59 016 6 000 0 7 0000 
28-APR-2015 03 48080 3 2 4 59 5 32 04 10 310 20 267 3 0000 4 0134 5 0000 6 000 0 7 00 0 0 8 3 2 3 0 333 10 /// 59 001 6 000 0 7 0000 
28-APR-2015 03 48085 3 2 9 58 2 27 04 10 320 20 248 3 0000 4 0118 5 0000 6 000 0 7 00 0 0 8 0 0 3 9 333 10 /// 59 007 6 000 0 7 0000 
28-APR-2015 03 48087 3 2 9 60 0 04 01 10 328 20 224 3 0000 4 0000 5 0000 6 000 0 7 00 0 0 8 0 0 0 0 333 10 /// 58 000 6 000 0 7 0000 
28-APR-2015 03 48092 3 1 5 56 1 23 01 10 310 20 237 3 0000 4 0102 5 0000 6 000 0 7 05 2 2 8 1 4 0 0 333 10 /// 59 014 6 000 0 7 0000 
28-APR-2015 03 48093 3 2 9 58 0 32 01 10 322 20 248 3 0000 4 0000 5 0000 6 000 0 7 00 0 0 8 0 0 0 0 333 10 /// 58 000 6 000 0 7 0000 
28-APR-2015 03 48094 3 2 4 59 2 32 02 10 310 20 250 3 0000 4 0123 5 0000 6 000 0 7 03 1 1 8 2 8 0 0 333 10 /// 59 004 6 000 0 7 0000 
28-APR-2015 03 48095 3 2 9 58 0 14 01 10 320 20 236 3 0000 4 0000 5 0000 6 000 0 7 00 0 0 8 0 0 0 0 333 10 /// 58 000 6 000 0 7 0000 
28-APR-2015 03 48097 2 2 9 57 0 24 01 10 320 20 236 3 0000 4 0133 5 0000 6 000 0 7 00 0 0 8 0 0 0 0 333 10 /// 59 006 6 000 0 7 0000 
28-APR-2015 03 48099 2 2 4 56 4 23 02 10 298 20 239 3 0000 4 0124 5 0000 6 000 0 7 00 0 0 8 2 8 0 2 333 10 /// 59 004 6 000 0 7 0000 
28-APR-2015 03 48101 3 2 6 59 1 32 02 10 300 20 239 3 0000 4 0000 5 0000 6 000 0 7 03 1 1 8 1 1 0 0 333 10 /// 58 000 6 000 0 7 0000 
28-APR-2015 03 48103 3 1 4 50 8 04 01 10 327 20 244 3 0000 4 0125 5 0000 6 000 0 7 17 9 9 8 8 9 0 0 333 10 /// 59 006 6 000 0 7 0000 
28-APR-2015 03 48107 3 2 3 50 4 13 01 10 303 20 239 3 0000 4 0120 5 0000 6 000 0 7 00 0 0 8 4 9 0 0 333 10 /// 59 001 6 000 0 7 0000 
28-APR-2015 03 48108 2 2 5 96 6 36 03 10 300 20 246 3 0000 4 0133 5 0000 6 000 0 7 00 0 0 8 3 8 3 6 333 10 /// 58 001 6 000 0 7 0000 
28-APR-2015 03 48109 3 2 4 97 3 04 01 10 330 20 258 3 0000 4 0133 5 0000 6 000 0 7 00 0 0 8 3 9 0 0 333 10 /// 58 001 6 000 0 7 0000 
28-APR-2015 03 48110 2 1 5 96 7 00 00 10 305 20 253 3 0000 4 0127 5 0000 6 000 0 7 05 4 4 8 1 3 4 6 333 10 /// 59 003 6 000 0 7 0000 
28-APR-2015 03 48112 3 2 5 98 5 04 01 10 330 20 258 3 0000 4 0123 5 0000 6 000 0 7 00 0 0 8 1 1 1 6 333 10 /// 59 005 6 000 0 7 0000 
