28-APR-2015 06 48001 3 2 4 50 4 04 01 10 275 20 158 3 0000 4 0111 5 0000 6 000 0 7 00 0 0 8 4 7 0 0 333 10 /// 59 012 6 000 0 7 0000 
28-APR-2015 06 48004 3 2 5 62 3 22 01 10 291 20 196 3 0000 4 0000 5 0000 6 000 0 7 00 0 0 8 1 1 0 2 333 10 /// 58 000 6 000 0 7 0000 
28-APR-2015 06 48008 3 2 5 57 6 00 00 10 310 20 205 3 0000 4 0104 5 0000 6 000 0 7 00 0 0 8 3 9 7 0 333 10 /// 59 025 6 000 0 7 0000 
28-APR-2015 06 48010 3 2 5 60 4 00 00 10 285 20 220 3 0000 4 0106 5 0000 6 000 0 7 00 0 0 8 2 8 0 1 333 10 /// 59 034 6 000 0 7 0000 
28-APR-2015 06 48018 3 2 5 58 6 22 01 10 275 20 211 3 0000 4 0117 5 0000 6 000 0 7 00 0 0 8 2 8 7 1 333 10 /// 59 020 6 000 0 7 0000 
28-APR-2015 06 48019 3 2 4 60 6 23 02 10 295 20 207 3 0000 4 0111 5 0000 6 000 0 7 00 0 0 8 3 8 0 0 333 10 /// 59 027 6 000 0 7 0000 
28-APR-2015 06 48020 3 2 4 60 2 32 04 10 300 20 239 3 0000 4 0000 5 0000 6 000 0 7 00 0 0 8 2 2 0 0 333 10 /// 58 000 6 000 0 7 0000 
28-APR-2015 06 48025 3 2 4 56 3 04 01 10 303 20 207 3 0000 4 0119 5 0000 6 000 0 7 00 0 0 8 3 8 0 0 333 10 /// 59 010 6 000 0 7 0000 
28-APR-2015 06 48030 3 2 3 56 6 22 01 10 200 20 130 3 0000 4 0000 5 0000 6 000 0 7 00 0 0 8 6 9 0 0 333 10 /// 58 000 6 000 0 7 0000 
28-APR-2015 06 48033 3 2 5 63 2 36 01 10 340 20 225 3 0000 4 0088 5 0000 6 000 0 7 00 0 0 8 2 5 0 0 333 10 /// 59 019 6 000 0 7 0000 
28-APR-2015 06 48034 3 2 4 57 6 18 02 10 261 20 179 3 0000 4 0000 5 0000 6 000 0 7 00 0 0 8 6 8 0 0 333 10 /// 58 000 6 000 0 7 0000 
28-APR-2015 06 48035 3 2 5 52 6 22 03 10 279 20 158 3 0000 4 0082 5 0000 6 000 0 7 00 0 0 8 4 9 6 0 333 10 /// 58 038 6 000 0 7 0000 
28-APR-2015 06 48037 3 2 5 56 2 36 02 10 325 20 200 3 0000 4 0101 5 0000 6 000 0 7 00 0 0 8 2 2 0 0 333 10 /// 59 019 6 000 0 7 0000 
28-APR-2015 06 48039 3 2 4 60 2 00 00 10 330 20 212 3 0000 4 0000 5 0000 6 000 0 7 00 0 0 8 2 1 0 0 333 10 /// 58 000 6 000 0 7 0000 
28-APR-2015 06 48042 3 2 5 58 4 18 02 10 340 20 225 3 0000 4 0099 5 0000 6 000 0 7 00 0 0 8 3 2 5 0 333 10 /// 59 017 6 000 0 7 0000 
28-APR-2015 06 48043 3 2 6 57 2 32 05 10 260 20 179 3 0000 4 0000 5 0000 6 000 0 7 00 0 0 8 2 2 0 0 333 10 /// 58 000 6 000 0 7 0000 
28-APR-2015 06 48045 3 2 5 59 6 14 04 10 246 20 160 3 0000 4 0000 5 0000 6 000 0 7 00 0 0 8 6 3 0 0 333 10 /// 58 000 6 000 0 7 0000 
28-APR-2015 06 48048 3 2 5 60 2 04 01 10 345 20 225 3 0000 4 0104 5 0000 6 000 0 7 00 0 0 8 2 8 0 0 333 10 /// 59 013 6 000 0 7 0000 
28-APR-2015 06 48051 3 2 5 59 3 31 02 10 328 20 210 3 0000 4 0000 5 0000 6 000 0 7 00 0 0 8 3 2 0 0 333 10 /// 58 000 6 000 0 7 0000 
28-APR-2015 06 48052 3 2 4 68 2 32 02 10 348 20 219 3 0000 4 0000 5 0000 6 000 0 7 00 0 0 8 2 2 0 0 333 10 /// 58 000 6 000 0 7 0000 
28-APR-2015 06 48053 3 2 4 56 4 32 02 10 320 20 215 3 0000 4 0102 5 0000 6 000 0 7 00 0 0 8 4 8 0 0 333 10 /// 59 013 6 000 0 7 0000 
28-APR-2015 06 48055 3 2 5 56 5 23 08 10 290 20 188 3 0000 4 0076 5 0000 6 000 0 7 00 0 0 8 4 3 3 0 333 10 /// 59 018 6 000 0 7 0000 
28-APR-2015 06 48057 3 2 4 56 6 22 02 10 250 20 150 3 0000 4 0000 5 0000 6 000 0 7 00 0 0 8 4 3 3 1 333 10 /// 58 000 6 000 0 7 0000 
28-APR-2015 06 48060 2 1 3 40 6 00 00 10 260 20 215 3 0000 4 0094 5 0000 6 000 0 7 50 2 2 8 4 9 7 0 333 10 /// 59 024 6 000 0 7 0000 
28-APR-2015 06 48062 3 2 5 58 3 27 06 10 315 20 280 3 0000 4 0124 5 0000 6 000 0 7 00 0 0 8 3 9 0 0 333 10 /// 59 004 6 000 0 7 0000 
28-APR-2015 06 48064 3 2 9 70 0 04 01 10 370 20 246 3 0000 4 0097 5 0000 6 000 0 7 00 0 0 8 0 0 0 0 333 10 /// 58 002 6 000 0 7 0000 
28-APR-2015 06 48065 3 2 9 70 0 04 12 10 357 20 195 3 0000 4 0000 5 0000 6 000 0 7 00 0 0 8 0 0 0 0 333 10 /// 58 000 6 000 0 7 0000 
28-APR-2015 06 48071 3 2 4 60 2 32 03 10 323 20 230 3 0000 4 0119 5 0000 6 000 0 7 00 0 0 8 2 8 0 0 333 10 /// 59 015 6 000 0 7 0000 
28-APR-2015 06 48072 3 2 4 60 4 04 02 10 340 20 257 3 0000 4 0000 5 0000 6 000 0 7 00 0 0 8 3 8 3 0 333 10 /// 58 000 6 000 0 7 0000 
28-APR-2015 06 48074 3 2 4 60 3 18 01 10 335 20 240 3 0000 4 0106 5 0000 6 000 0 7 00 0 0 8 3 8 0 0 333 10 /// 59 008 6 000 0 7 0000 
28-APR-2015 06 48075 3 2 5 57 6 14 01 10 290 20 230 3 0000 4 0092 5 0000 6 000 0 7 00 0 0 8 6 3 0 0 333 10 /// 59 028 6 000 0 7 0000 
28-APR-2015 06 48077 3 2 5 59 5 32 01 10 360 20 195 3 0000 4 0098 5 0000 6 000 0 7 00 0 0 8 4 9 0 1 333 10 /// 59 013 6 000 0 7 0000 
28-APR-2015 06 48078 3 2 5 58 4 18 01 10 346 20 221 3 0000 4 0107 5 0000 6 000 0 7 00 0 0 8 3 8 0 1 333 10 /// 59 011 6 000 0 7 0000 
28-APR-2015 06 48080 3 2 4 61 4 22 08 10 367 20 235 3 0000 4 0101 5 0000 6 000 0 7 00 0 0 8 2 2 3 6 333 10 /// 59 007 6 000 0 7 0000 
28-APR-2015 06 48085 3 2 4 58 3 32 06 10 340 20 257 3 0000 4 0113 5 0000 6 000 0 7 00 0 0 8 2 8 0 9 333 10 /// 59 005 6 000 0 7 0000 
28-APR-2015 06 48087 3 2 5 60 3 00 00 10 370 20 190 3 0000 4 0000 5 0000 6 000 0 7 00 0 0 8 3 8 0 0 333 10 /// 58 000 6 000 0 7 0000 
28-APR-2015 06 48092 3 2 4 58 3 23 03 10 360 20 204 3 0000 4 0088 5 0000 6 000 0 7 00 0 0 8 3 2 0 0 333 10 /// 59 015 6 000 0 7 0000 
28-APR-2015 06 48093 3 2 6 58 4 32 01 10 358 20 214 3 0000 4 0000 5 0000 6 000 0 7 00 0 0 8 4 8 0 0 333 10 /// 58 000 6 000 0 7 0000 
28-APR-2015 06 48094 3 2 4 60 4 32 02 10 357 20 250 3 0000 4 0106 5 0000 6 000 0 7 00 0 0 8 4 9 0 0 333 10 /// 59 007 6 000 0 7 0000 
28-APR-2015 06 48095 3 2 4 58 2 04 01 10 360 20 214 3 0000 4 0000 5 0000 6 000 0 7 02 4 4 8 2 2 0 0 333 10 /// 58 000 6 000 0 7 0000 
28-APR-2015 06 48097 3 2 5 57 4 24 03 10 350 20 219 3 0000 4 0116 5 0000 6 000 0 7 00 0 0 8 4 8 0 0 333 10 /// 59 007 6 000 0 7 0000 
28-APR-2015 06 48099 3 2 4 57 4 23 02 10 350 20 240 3 0000 4 0105 5 0000 6 000 0 7 00 0 0 8 4 9 0 0 333 10 /// 59 006 6 000 0 7 0000 
28-APR-2015 06 48101 3 2 5 60 3 27 02 10 338 20 225 3 0000 4 0000 5 0000 6 000 0 7 00 0 0 8 3 3 0 0 333 10 /// 58 000 6 000 0 7 0000 
28-APR-2015 06 48103 3 1 4 56 5 32 01 10 355 20 249 3 0000 4 0106 5 0000 6 000 0 7 01 9 9 8 5 9 0 0 333 10 /// 59 010 6 000 0 7 0000 
28-APR-2015 06 48107 3 2 3 50 4 13 01 10 328 20 244 3 0000 4 0103 5 0000 6 000 0 7 00 0 0 8 4 9 0 0 333 10 /// 59 001 6 000 0 7 0000 
28-APR-2015 06 48108 3 1 5 96 7 32 06 10 335 20 251 3 0000 4 0135 5 0000 6 000 0 7 03 9 9 8 4 9 0 6 333 10 /// 58 022 6 000 0 7 0000 
28-APR-2015 06 48110 3 1 5 96 6 32 03 10 355 20 264 3 0000 4 0115 5 0000 6 000 0 7 05 2 2 8 3 9 0 6 333 10 /// 59 002 6 000 0 7 0000 
28-APR-2015 06 48112 3 2 5 97 7 04 02 10 355 20 252 3 0000 4 0107 5 0000 6 000 0 7 00 0 0 8 3 8 7 6 333 10 /// 59 010 6 000 0 7 0000 
