28-AUG-2015 12 48001 2 1 1 10 8 00 00 10 238 20 236 3 0000 4 0030 5 0000 6 000 0 7 61 6 6 8 8 9 / / 333 10 255 59 008 6 020 2 7 0000 
28-AUG-2015 12 48008 2 1 4 50 8 00 00 10 280 20 268 3 0000 4 0043 5 0000 6 000 0 7 03 5 5 8 4 9 7 / 333 10 285 59 001 6 019 2 7 0000 
28-AUG-2015 12 48010 3 2 5 40 6 00 00 10 280 20 274 3 0000 4 0025 5 0000 6 000 0 7 00 0 0 8 3 7 3 0 333 10 290 59 010 6 000 2 7 0000 
28-AUG-2015 12 48018 3 2 5 56 5 23 01 10 305 20 239 3 0000 4 0037 5 0000 6 000 0 7 00 0 0 8 3 8 3 0 333 10 317 58 002 6 000 2 7 0000 
28-AUG-2015 12 48019 3 2 4 57 7 00 00 10 300 20 253 3 0000 4 0037 5 0000 6 000 0 7 00 0 0 8 5 6 6 0 333 10 320 58 002 6 000 2 7 0000 
28-AUG-2015 12 48025 3 2 4 56 5 00 00 10 320 20 265 3 0000 4 0027 5 0000 6 000 0 7 00 0 0 8 2 8 4 1 333 10 330 59 007 6 000 2 7 0000 
28-AUG-2015 12 48033 3 2 5 62 5 13 01 10 310 20 254 3 0000 4 0036 5 0000 6 000 0 7 00 0 0 8 3 9 0 6 333 10 330 58 000 6 000 2 7 0000 
28-AUG-2015 12 48035 2 1 5 58 8 00 00 10 257 20 229 3 0000 4 0023 5 0000 6 000 0 7 03 6 6 8 5 9 7 / 333 10 295 59 012 6 001 2 7 0000 
28-AUG-2015 12 48037 3 2 4 58 7 32 01 10 348 20 258 3 0000 4 0030 5 0000 6 000 0 7 00 0 0 8 4 3 7 0 333 10 357 58 004 6 000 2 7 0000 
28-AUG-2015 12 48042 3 2 5 58 6 13 02 10 320 20 248 3 0000 4 0029 5 0000 6 000 0 7 00 0 0 8 3 8 5 0 333 10 348 59 004 6 000 2 7 0000 
28-AUG-2015 12 48048 3 2 5 50 3 22 01 10 327 20 236 3 0000 4 0028 5 0000 6 000 0 7 00 0 0 8 3 8 0 0 333 10 345 59 004 6 000 2 7 0000 
28-AUG-2015 12 48053 3 2 4 60 6 22 02 10 310 20 254 3 0000 4 0043 5 0000 6 000 0 7 00 0 0 8 3 8 5 6 333 10 340 59 005 6 000 2 7 0000 
28-AUG-2015 12 48055 2 1 5 56 7 18 02 10 265 20 221 3 0000 4 0036 5 0000 6 000 0 7 02 6 6 8 4 9 3 6 333 10 301 59 003 6 001 2 7 0000 
28-AUG-2015 12 48060 3 2 3 30 6 22 01 10 270 20 191 3 0000 4 0039 5 0000 6 000 0 7 00 0 0 8 2 1 3 2 333 10 298 58 019 6 007 2 7 0000 
28-AUG-2015 12 48062 3 2 4 56 8 18 04 10 290 20 270 3 0000 4 0058 5 0000 6 000 0 7 00 0 0 8 6 9 7 0 333 10 315 58 006 6 000 2 7 0000 
28-AUG-2015 12 48064 3 2 5 50 2 04 01 10 310 20 267 3 0000 4 0031 5 0000 6 000 0 7 00 0 0 8 1 1 3 0 333 10 340 58 000 6 000 2 7 0000 
28-AUG-2015 12 48071 2 1 4 58 7 23 01 10 260 20 246 3 0000 4 0048 5 0000 6 000 0 7 21 6 2 8 5 9 7 0 333 10 320 58 007 6 022 2 7 0000 
28-AUG-2015 12 48074 2 1 3 56 8 00 00 10 270 20 256 3 0000 4 0071 5 0000 6 000 0 7 20 5 5 8 6 9 2 / 333 10 330 59 009 6 990 2 7 0000 
28-AUG-2015 12 48075 2 2 4 56 6 00 00 10 260 20 215 3 0000 4 0070 5 0000 6 000 0 7 00 0 0 8 3 3 4 1 333 10 290 58 009 6 990 2 7 0000 
28-AUG-2015 12 48077 3 2 5 56 8 00 00 10 270 20 256 3 0000 4 0058 5 0000 6 000 0 7 00 0 0 8 5 9 3 1 333 10 306 59 002 6 000 2 7 0000 
28-AUG-2015 12 48078 3 2 5 56 8 18 02 10 268 20 256 3 0000 4 0077 5 0000 6 000 0 7 00 0 0 8 5 3 7 / 333 10 287 59 012 6 000 2 7 0000 
28-AUG-2015 12 48080 3 2 4 57 7 13 01 10 285 20 259 3 0000 4 0070 5 0000 6 000 0 7 00 0 0 8 5 8 7 0 333 10 315 58 005 6 000 2 7 0000 
28-AUG-2015 12 48085 2 1 3 56 8 14 01 10 272 20 256 3 0000 4 0068 5 0000 6 000 0 7 50 6 5 8 6 9 7 0 333 10 306 58 000 6 019 2 7 0000 
28-AUG-2015 12 48092 2 2 4 56 8 00 00 10 260 20 246 3 0000 4 0058 5 0000 6 000 0 7 00 0 0 8 5 9 7 / 333 10 285 59 004 6 004 2 7 0000 
28-AUG-2015 12 48094 2 2 4 56 5 00 00 10 280 20 270 3 0000 4 0077 5 0000 6 000 0 7 00 0 0 8 3 9 7 0 333 10 295 58 004 6 007 2 7 0000 
28-AUG-2015 12 48096 2 2 4 57 8 23 05 10 260 20 246 3 0000 4 0084 5 0000 6 000 0 7 00 0 0 8 5 9 7 / 333 10 300 58 003 6 000 2 7 0000 
28-AUG-2015 12 48097 2 1 5 56 8 33 01 10 260 20 253 3 0000 4 0088 5 0000 6 000 0 7 02 5 2 8 6 3 5 / 333 10 300 58 005 6 000 2 7 0000 
28-AUG-2015 12 48099 2 1 3 30 8 18 01 10 263 20 246 3 0000 4 0088 5 0000 6 000 0 7 21 6 6 8 6 9 7 / 333 10 270 58 006 6 005 2 7 0000 
28-AUG-2015 12 48103 2 2 4 40 7 22 01 10 270 20 256 3 0000 4 0083 5 0000 6 000 0 7 00 0 0 8 6 8 3 0 333 10 289 59 002 6 001 2 7 0000 
28-AUG-2015 12 48107 2 2 3 30 6 00 00 10 258 20 229 3 0000 4 0091 5 0000 6 000 0 7 00 0 0 8 4 9 7 0 333 10 300 59 002 6 004 2 7 0000 
28-AUG-2015 12 48108 2 1 4 94 8 05 01 10 250 20 233 3 0000 4 0095 5 0000 6 000 0 7 20 5 5 8 4 3 7 7 333 10 310 59 008 6 008 2 7 0000 
28-AUG-2015 12 48109 3 2 4 96 5 23 01 10 287 20 248 3 0000 4 0083 5 0000 6 000 0 7 00 0 0 8 5 9 0 0 333 10 310 58 004 6 000 2 7 0000 
28-AUG-2015 12 48110 2 1 4 95 8 00 00 10 280 20 250 3 0000 4 0097 5 0000 6 000 0 7 02 5 5 8 4 3 7 7 333 10 295 58 007 6 001 2 7 0000 
28-AUG-2015 12 48112 3 2 5 98 6 36 01 10 290 20 259 3 0000 4 0088 5 0000 6 000 0 7 00 0 0 8 2 2 1 6 333 10 312 59 008 6 000 2 7 0000 
