28-AUG-2015 03 48001 2 1 2 20 8 00 00 10 240 20 240 3 0000 4 0071 5 0000 6 000 0 7 51 5 5 8 8 7 / / 333 10 /// 58 002 6 000 0 7 0000 
28-AUG-2015 03 48004 3 2 2 30 8 13 01 10 252 20 252 3 0000 4 0000 5 0000 6 000 0 7 00 0 0 8 6 9 7 / 333 10 /// 58 000 6 000 0 7 0000 
28-AUG-2015 03 48008 3 1 4 56 8 00 00 10 270 20 256 3 0000 4 0071 5 0000 6 000 0 7 50 5 5 8 4 9 7 / 333 10 /// 59 004 6 000 0 7 0000 
28-AUG-2015 03 48010 2 1 4 40 8 18 01 10 250 20 250 3 0000 4 0078 5 0000 6 000 0 7 50 5 5 8 8 7 / / 333 10 /// 58 005 6 000 0 7 0000 
28-AUG-2015 03 48018 3 2 5 58 7 18 01 10 285 20 233 3 0000 4 0074 5 0000 6 000 0 7 00 0 0 8 4 8 7 0 333 10 /// 58 008 6 000 0 7 0000 
28-AUG-2015 03 48019 3 2 4 57 8 00 00 10 275 20 240 3 0000 4 0073 5 0000 6 000 0 7 00 0 0 8 6 7 7 / 333 10 /// 59 002 6 000 0 7 0000 
28-AUG-2015 03 48020 2 1 3 57 8 00 00 10 265 20 251 3 0000 4 0000 5 0000 6 000 0 7 02 6 6 8 5 7 7 / 333 10 /// 58 000 6 000 0 7 0000 
28-AUG-2015 03 48025 3 2 2 50 7 04 01 10 281 20 250 3 0000 4 0079 5 0000 6 000 0 7 00 0 0 8 5 8 7 0 333 10 /// 58 004 6 000 0 7 0000 
28-AUG-2015 03 48030 2 1 2 56 6 22 04 10 184 20 165 3 0000 4 0000 5 0000 6 000 0 7 00 0 0 8 4 8 4 0 333 10 /// 58 000 6 000 0 7 0000 
28-AUG-2015 03 48031 2 1 / 58 8 36 01 10 194 20 194 3 0000 4 0000 5 0000 6 000 0 7 01 4 4 8 8 8 / / 333 10 /// 58 000 6 000 0 7 0000 
28-AUG-2015 03 48033 3 2 5 62 6 18 01 10 280 20 233 3 0000 4 0084 5 0000 6 000 0 7 00 0 0 8 6 9 0 0 333 10 /// 58 012 6 000 0 7 0000 
28-AUG-2015 03 48034 2 1 3 56 8 18 02 10 207 20 198 3 0000 4 0000 5 0000 6 000 0 7 50 5 5 8 6 9 2 / 333 10 /// 58 000 6 000 0 7 0000 
28-AUG-2015 03 48035 3 1 5 60 7 22 02 10 256 20 215 3 0000 4 0068 5 0000 6 000 0 7 01 4 4 8 5 9 6 0 333 10 /// 59 014 6 000 0 7 0000 
28-AUG-2015 03 48037 3 2 4 58 7 14 01 10 288 20 259 3 0000 4 0091 5 0000 6 000 0 7 00 0 0 8 5 8 7 0 333 10 /// 58 022 6 000 0 7 0000 
28-AUG-2015 03 48039 3 2 4 60 4 14 01 10 290 20 230 3 0000 4 0000 5 0000 6 000 0 7 00 0 0 8 2 8 0 2 333 10 /// 58 000 6 000 0 7 0000 
28-AUG-2015 03 48042 3 2 5 58 5 18 04 10 303 20 223 3 0000 4 0072 5 0000 6 000 0 7 00 0 0 8 3 8 5 2 333 10 /// 59 005 6 000 0 7 0000 
28-AUG-2015 03 48043 3 2 5 56 8 18 07 10 225 20 198 3 0000 4 0000 5 0000 6 000 0 7 00 0 0 8 5 8 7 / 333 10 /// 58 000 6 000 0 7 0000 
28-AUG-2015 03 48045 3 2 4 50 8 22 04 10 210 20 163 3 0000 4 0000 5 0000 6 000 0 7 00 0 0 8 6 3 7 / 333 10 /// 58 000 6 000 0 7 0000 
28-AUG-2015 03 48048 3 2 5 60 6 22 01 10 305 20 237 3 0000 4 0076 5 0000 6 000 0 7 00 0 0 8 4 8 5 0 333 10 /// 58 003 6 000 0 7 0000 
28-AUG-2015 03 48051 2 2 5 58 8 13 01 10 274 20 260 3 0000 4 0000 5 0000 6 000 0 7 00 0 0 8 6 9 7 0 333 10 /// 58 000 6 000 0 7 0000 
28-AUG-2015 03 48052 3 2 4 58 4 13 02 10 302 20 239 3 0000 4 0000 5 0000 6 000 0 7 00 0 0 8 4 8 0 0 333 10 /// 58 000 6 000 0 7 0000 
28-AUG-2015 03 48053 3 2 4 50 7 18 03 10 270 20 240 3 0000 4 0096 5 0000 6 000 0 7 00 0 0 8 3 5 5 6 333 10 /// 58 008 6 000 0 7 0000 
28-AUG-2015 03 48055 3 2 3 56 7 14 02 10 242 20 209 3 0000 4 0090 5 0000 6 000 0 7 00 0 0 8 5 9 7 0 333 10 /// 58 008 6 000 0 7 0000 
28-AUG-2015 03 48057 3 2 4 58 8 22 01 10 200 20 185 3 0000 4 0000 5 0000 6 000 0 7 00 0 0 8 6 9 5 0 333 10 /// 58 000 6 000 0 7 0000 
28-AUG-2015 03 48060 2 1 3 30 8 00 00 10 234 20 214 3 0000 4 0090 5 0000 6 000 0 7 02 6 6 8 5 9 7 / 333 10 /// 58 022 6 000 0 7 0000 
28-AUG-2015 03 48062 2 2 4 56 8 09 06 10 270 20 260 3 0000 4 0088 5 0000 6 000 0 7 00 0 0 8 6 9 7 2 333 10 /// 58 023 6 000 0 7 0000 
28-AUG-2015 03 48064 2 2 4 58 7 04 01 10 292 20 259 3 0000 4 0065 5 0000 6 000 0 7 00 0 0 8 4 8 3 1 333 10 /// 59 005 6 000 0 7 0000 
28-AUG-2015 03 48065 2 2 4 56 6 14 02 10 281 20 250 3 0000 4 0000 5 0000 6 000 0 7 00 0 0 8 4 5 7 0 333 10 /// 58 000 6 000 0 7 0000 
28-AUG-2015 03 48071 2 1 4 58 8 27 01 10 268 20 265 3 0000 4 0095 5 0000 6 000 0 7 50 6 5 8 6 9 7 / 333 10 /// 58 007 6 000 0 7 0000 
28-AUG-2015 03 48072 2 1 4 60 6 13 01 10 270 20 256 3 0000 4 0000 5 0000 6 000 0 7 01 5 5 8 4 9 3 / 333 10 /// 58 000 6 000 0 7 0000 
28-AUG-2015 03 48074 2 2 3 56 8 18 01 10 260 20 246 3 0000 4 0108 5 0000 6 000 0 7 00 0 0 8 5 7 7 / 333 10 /// 58 004 6 000 0 7 0000 
28-AUG-2015 03 48075 3 2 4 57 6 00 00 10 240 20 226 3 0000 4 0113 5 0000 6 000 0 7 00 0 0 8 3 8 4 1 333 10 /// 58 019 6 000 0 7 0000 
28-AUG-2015 03 48077 2 2 5 59 8 23 02 10 280 20 250 3 0000 4 0088 5 0000 6 000 0 7 00 0 0 8 5 9 3 1 333 10 /// 58 008 6 000 0 7 0000 
28-AUG-2015 03 48078 2 2 5 50 7 18 01 10 262 20 253 3 0000 4 0109 5 0000 6 000 0 7 00 0 0 8 4 5 7 / 333 10 /// 59 001 6 000 0 7 0000 
28-AUG-2015 03 48080 2 1 4 59 8 04 02 10 260 20 246 3 0000 4 0098 5 0000 6 000 0 7 50 6 5 8 5 9 7 0 333 10 /// 58 011 6 000 0 7 0000 
28-AUG-2015 03 48085 2 1 4 57 8 14 03 10 274 20 272 3 0000 4 0096 5 0000 6 000 0 7 50 6 5 8 6 9 7 0 333 10 /// 58 011 6 000 0 7 0000 
28-AUG-2015 03 48087 2 2 4 50 8 00 00 10 280 20 268 3 0000 4 0000 5 0000 6 000 0 7 00 0 0 8 4 3 7 / 333 10 /// 58 000 6 000 0 7 0000 
28-AUG-2015 03 48092 2 2 4 57 7 13 01 10 280 20 268 3 0000 4 0085 5 0000 6 000 0 7 00 0 0 8 4 9 7 1 333 10 /// 59 006 6 000 0 7 0000 
28-AUG-2015 03 48093 2 1 4 56 8 14 01 10 268 20 256 3 0000 4 0000 5 0000 6 000 0 7 50 6 5 8 6 3 7 / 333 10 /// 58 000 6 000 0 7 0000 
28-AUG-2015 03 48094 2 2 4 59 7 00 00 10 266 20 260 3 0000 4 0099 5 0000 6 000 0 7 00 0 0 8 5 9 7 0 333 10 /// 58 004 6 000 0 7 0000 
28-AUG-2015 03 48095 2 2 4 58 7 22 02 10 270 20 256 3 0000 4 0000 5 0000 6 000 0 7 00 0 0 8 3 8 4 0 333 10 /// 58 000 6 000 0 7 0000 
28-AUG-2015 03 48096 2 2 4 57 8 22 04 10 280 20 250 3 0000 4 0111 5 0000 6 000 0 7 00 0 0 8 5 9 7 / 333 10 /// 58 003 6 000 0 7 0000 
28-AUG-2015 03 48097 2 2 5 57 8 18 01 10 270 20 248 3 0000 4 0112 5 0000 6 000 0 7 00 0 0 8 6 8 3 / 333 10 /// 58 006 6 000 0 7 0000 
28-AUG-2015 03 48099 2 1 3 30 8 13 01 10 258 20 258 3 0000 4 0110 5 0000 6 000 0 7 50 5 5 8 6 9 7 / 333 10 /// 59 004 6 000 0 7 0000 
28-AUG-2015 03 48101 2 1 4 57 8 18 02 10 263 20 246 3 0000 4 0000 5 0000 6 000 0 7 51 2 2 8 6 9 7 / 333 10 /// 58 000 6 000 0 7 0000 
28-AUG-2015 03 48103 2 2 3 56 7 22 01 10 276 20 250 3 0000 4 0110 5 0000 6 000 0 7 00 0 0 8 7 7 0 0 333 10 /// 59 006 6 000 0 7 0000 
28-AUG-2015 03 48107 2 2 3 50 6 32 01 10 267 20 248 3 0000 4 0107 5 0000 6 000 0 7 00 0 0 8 5 9 7 / 333 10 /// 59 006 6 000 0 7 0000 
28-AUG-2015 03 48108 2 1 4 95 8 32 01 10 255 20 248 3 0000 4 0116 5 0000 6 000 0 7 50 5 5 8 5 3 7 / 333 10 /// 59 006 6 000 0 7 0000 
28-AUG-2015 03 48109 3 2 4 97 5 23 01 10 287 20 248 3 0000 4 0104 5 0000 6 000 0 7 00 0 0 8 4 9 3 0 333 10 /// 58 003 6 000 0 7 0000 
28-AUG-2015 03 48110 2 2 4 95 8 00 00 10 280 20 241 3 0000 4 0113 5 0000 6 000 0 7 00 0 0 8 5 3 7 7 333 10 /// 59 004 6 000 0 7 0000 
28-AUG-2015 03 48112 3 2 5 97 8 04 02 10 295 20 263 3 0000 4 0110 5 0000 6 000 0 7 00 0 0 8 3 8 7 6 333 10 /// 59 003 6 000 0 7 0000 
