280600 48001 32450 70000 10140 20124 40212 84870 333 56880 58014=
280600 48004 32458 50401 10187 20139 85900 333 56500=
280600 48008 32557 73601 10208 20143 40204 83970 333 56550 58031=
280600 48010 32560 21801 10215 20136 40183 81101 333 56909 58000=
280600 48018 32558 41401 10230 20143 40185 82540 333 56319 58001=
280600 48019 32458 60402 10215 20185 40180 84650 333 56560 58013=
280600 48020 31/58 03602 10190 20139 333=
280600 48025 31440 33602 10218 20136 40203 70144 83400 333 56900 58001=
280600 48030 32960 00401 10150 20073 333=
280600 48031 32960 01401 10180 20086 333=
280600 48033 32963 03601 10250 20167 40178 333 58023=
280600 48034 32456 62302 10208 20143 86800 333 56500=
280600 48035 31558 50000 10227 20143 40145 70500 84960 333 56590 58012=
280600 48037 32958 03601 10251 20150 40162 333 58004=
280600 48039 32956 32201 10247 20186 80002 333 56009=
280600 48042 31940 02201 10270 20172 40172 70544 333 58012=
280600 48043 32058 01807 10230 20181 333=
280600 48045 32558 31407 10165 20117 83800 333 56200=
280600 48048 32960 00901 10255 20160 40180 333 58001=
280600 48052 32958 03601 10268 20154 333=
280600 48053 31940 03601 10280 20184 40176 70500 333 58010=
280600 48055 32556 12208 10275 20216 40142 81100 333 56900 58003=
280600 48057 32457 22203 10230 20097 82800 333 56500=
280600 48060 32440 40402 10243 20155 40163 82130 333 56550 58007=
280600 48062 32457 42702 10250 20210 40188 70322 80001 333 56909 58024=
280600 48064 32960 02201 10233 20181 40159 333 58009=
280600 48065 32958 00402 10265 20153 333=
280600 48071 31958 03204 10258 20203 40187 70500 333 58026=
280600 48072 32960 03202 10280 20184 70122 333=
280600 48074 32959 03202 10290 20154 40176 333 58014=
280600 48075 32458 23201 10280 20146 40167 82100 333 56500 58020=
280600 48077 32959 00000 10280 20184 40169 333 58008=
280600 48078 32958 11801 10317 20194 40180 80001 333 56009 58016=
280600 48080 32961 00402 10302 20166 40181 333 58016=
280600 48085 31957 12703 10292 20215 40174 70544 80006 333 56009 58022=
280600 48087 32960 00000 10317 20184 333=
280600 48092 32957 03202 10340 20184 40152 333 58015=
280600 48093 32958 01401 10327 20212 70211 333=
280600 48094 32960 10402 10310 20230 40177 70111 70001 333 56009 58016=
280600 48095 32960 00401 10300 20185 333=
280600 48096 32958 03104 10330 20191 40176 333 58018=  
280600 48097 32557 20802 10340 20195 40170 70211 82500 333 56900 58013=
280600 48101 32660 23601 10317 20200 82100 333 56300=
280600 48103 32457 40403 10338 20225 40165 84801 333 56100 58022=
280600 48107 32950 00901 10330 20212 40141 333 58025=
280600 48108 32596 51403 10330 20212 40170 83806 333 56209 58020=
280600 48110 31596 42702 10330 20244 40163 70522 83306 333 56209 58016=
280600 48112 32598 60408 10328 20275 40152 70222 82216 333 56199 59018=
