28-DEC-2015 09 48001 3 2 4 40 5 27 01 10 199 20 168 3 0000 4 0187 5 0000 6 000 0 7 00 0 0 8 3 7 2 0 333 10 /// 58 036 6 000 0 7 0000 
28-DEC-2015 09 48004 3 2 5 60 4 13 01 10 222 20 156 3 0000 4 0000 5 0000 6 000 0 7 00 0 0 8 4 8 0 0 333 10 /// 58 000 6 000 0 7 0000 
28-DEC-2015 09 48008 3 2 5 57 6 04 01 10 240 20 136 3 0000 4 0151 5 0000 6 000 0 7 00 0 0 8 3 9 7 0 333 10 /// 58 004 6 000 0 7 0000 
28-DEC-2015 09 48010 3 2 0 60 0 18 01 10 245 20 136 3 0000 4 0157 5 0000 6 000 0 7 00 0 0 8 0 0 0 0 333 10 /// 58 008 6 000 0 7 0000 
28-DEC-2015 09 48018 3 2 5 59 3 14 01 10 270 20 154 3 0000 4 0145 5 0000 6 000 0 7 00 0 0 8 2 5 6 0 333 10 /// 58 002 6 000 0 7 0000 
28-DEC-2015 09 48019 3 2 4 60 3 04 01 10 267 20 172 3 0000 4 0143 5 0000 6 000 0 7 00 0 0 8 1 2 4 0 333 10 /// 59 001 6 000 0 7 0000 
28-DEC-2015 09 48020 3 2 / 58 0 36 02 10 250 20 150 3 0000 4 0000 5 0000 6 000 0 7 00 0 0 8 0 0 0 0 333 10 /// 58 000 6 000 0 7 0000 
28-DEC-2015 09 48025 3 2 4 40 2 36 02 10 250 20 126 3 0000 4 0159 5 0000 6 000 0 7 00 0 0 8 2 5 0 0 333 10 /// 58 007 6 000 0 7 0000 
28-DEC-2015 09 48030 3 2 9 60 0 22 03 10 188 20 014 3 0000 4 0000 5 0000 6 000 0 7 00 0 0 8 0 0 0 0 333 10 /// 58 000 6 000 0 7 0000 
28-DEC-2015 09 48031 3 2 9 60 0 18 01 10 190 20 096 3 0000 4 0000 5 0000 6 000 0 7 00 0 0 8 0 0 0 0 333 10 /// 58 000 6 000 0 7 0000 
28-DEC-2015 09 48033 3 2 9 63 0 36 01 10 270 20 172 3 0000 4 0142 5 0000 6 000 0 7 00 0 0 8 0 0 0 0 333 10 /// 58 010 6 000 0 7 0000 
28-DEC-2015 09 48034 3 2 4 57 2 18 03 10 220 20 123 3 0000 4 0000 5 0000 6 000 0 7 00 0 0 8 2 5 0 0 333 10 /// 58 000 6 000 0 7 0000 
28-DEC-2015 09 48035 3 1 5 60 2 22 03 10 261 20 070 3 0000 4 0110 5 0000 6 000 0 7 05 2 2 8 2 1 0 0 333 10 /// 58 013 6 000 0 7 0000 
28-DEC-2015 09 48039 3 2 9 58 3 04 01 10 280 20 184 3 0000 4 0000 5 0000 6 000 0 7 00 0 0 8 0 0 0 2 333 10 /// 58 000 6 000 0 7 0000 
28-DEC-2015 09 48042 3 2 9 56 0 32 01 10 298 20 185 3 0000 4 0132 5 0000 6 000 0 7 00 0 0 8 0 0 0 0 333 10 /// 58 001 6 000 0 7 0000 
28-DEC-2015 09 48043 3 2 0 58 0 18 07 10 235 20 155 3 0000 4 0000 5 0000 6 000 0 7 00 0 0 8 0 0 0 0 333 10 /// 58 000 6 000 0 7 0000 
28-DEC-2015 09 48045 3 2 5 57 2 14 04 10 200 20 130 3 0000 4 0000 5 0000 6 000 0 7 00 0 0 8 1 1 0 1 333 10 /// 58 000 6 000 0 7 0000 
28-DEC-2015 09 48048 3 2 9 60 0 32 01 10 292 20 159 3 0000 4 0136 5 0000 6 000 0 7 00 0 0 8 0 0 0 0 333 10 /// 58 003 6 000 0 7 0000 
28-DEC-2015 09 48051 3 2 9 58 0 13 01 10 271 20 150 3 0000 4 0000 5 0000 6 000 0 7 02 0 0 8 0 0 0 0 333 10 /// 58 000 6 000 0 7 0000 
28-DEC-2015 09 48052 3 2 9 58 0 22 01 10 318 20 163 3 0000 4 0000 5 0000 6 000 0 7 00 0 0 8 0 0 0 0 333 10 /// 58 000 6 000 0 7 0000 
28-DEC-2015 09 48053 3 2 9 56 0 22 03 10 330 20 172 3 0000 4 0131 5 0000 6 000 0 7 00 0 0 8 0 0 0 0 333 10 /// 58 011 6 000 0 7 0000 
28-DEC-2015 09 48055 3 2 5 57 2 22 06 10 292 20 149 3 0000 4 0095 5 0000 6 000 0 7 00 0 0 8 2 2 0 0 333 10 /// 58 001 6 000 0 7 0000 
28-DEC-2015 09 48057 3 2 4 57 3 22 04 10 235 20 114 3 0000 4 0000 5 0000 6 000 0 7 00 0 0 8 3 8 0 0 333 10 /// 58 000 6 000 0 7 0000 
28-DEC-2015 09 48060 3 2 4 50 4 32 07 10 284 20 128 3 0000 4 0115 5 0000 6 000 0 7 00 0 0 8 3 1 3 0 333 10 /// 58 013 6 000 0 7 0000 
28-DEC-2015 09 48062 3 2 4 56 2 27 05 10 270 20 230 3 0000 4 0159 5 0000 6 000 0 7 02 2 2 8 2 5 0 0 333 10 /// 58 016 6 000 0 7 0000 
28-DEC-2015 09 48064 3 2 9 60 0 00 00 10 252 20 186 3 0000 4 0120 5 0000 6 000 0 7 00 0 0 8 0 0 0 0 333 10 /// 58 001 6 000 0 7 0000 
28-DEC-2015 09 48065 3 2 9 60 0 32 01 10 310 20 169 3 0000 4 0000 5 0000 6 000 0 7 00 0 0 8 0 0 0 0 333 10 /// 58 000 6 000 0 7 0000 
28-DEC-2015 09 48071 3 1 9 58 0 32 03 10 260 20 179 3 0000 4 0162 5 0000 6 000 0 7 05 0 0 8 0 0 0 0 333 10 /// 58 021 6 000 0 7 0000 
28-DEC-2015 09 48072 3 2 5 60 0 32 02 10 280 20 184 3 0000 4 0000 5 0000 6 000 0 7 01 2 2 8 1 2 0 0 333 10 /// 58 000 6 000 0 7 0000 
28-DEC-2015 09 48074 3 2 9 59 0 14 03 10 330 20 172 3 0000 4 0139 5 0000 6 000 0 7 00 0 0 8 0 0 0 0 333 10 /// 59 002 6 000 0 7 0000 
28-DEC-2015 09 48075 3 2 5 58 2 04 04 10 290 20 140 3 0000 4 0134 5 0000 6 000 0 7 00 0 0 8 2 1 0 0 333 10 /// 58 027 6 000 0 7 0000 
28-DEC-2015 09 48077 3 2 9 59 0 00 00 10 340 20 184 3 0000 4 0136 5 0000 6 000 0 7 00 0 0 8 0 0 0 0 333 10 /// 58 013 6 000 0 7 0000 
28-DEC-2015 09 48078 3 2 9 60 1 18 01 10 335 20 187 3 0000 4 0145 5 0000 6 000 0 7 00 0 0 8 0 0 0 1 333 10 /// 58 013 6 000 0 7 0000 
28-DEC-2015 09 48080 3 2 9 60 0 22 03 10 294 20 179 3 0000 4 0152 5 0000 6 000 0 7 00 0 0 8 0 0 0 0 333 10 /// 58 012 6 000 0 7 0000 
28-DEC-2015 09 48085 3 2 4 58 2 32 05 10 310 20 203 3 0000 4 0146 5 0000 6 000 0 7 00 0 0 8 1 5 0 6 333 10 /// 58 013 6 000 0 7 0000 
28-DEC-2015 09 48092 3 2 5 58 2 23 02 10 350 20 182 3 0000 4 0129 5 0000 6 000 0 7 00 0 0 8 1 1 3 0 333 10 /// 58 023 6 000 0 7 0000 
28-DEC-2015 09 48093 3 2 5 58 3 32 01 10 338 20 225 3 0000 4 0000 5 0000 6 000 0 7 03 1 1 8 3 8 0 0 333 10 /// 58 000 6 000 0 7 0000 
28-DEC-2015 09 48094 3 2 4 60 1 04 02 10 335 20 230 3 0000 4 0144 5 0000 6 000 0 7 01 1 1 8 1 1 0 0 333 10 /// 58 011 6 000 0 7 0000 
28-DEC-2015 09 48095 3 2 9 60 0 00 00 10 325 20 215 3 0000 4 0000 5 0000 6 000 0 7 00 0 0 8 0 0 0 0 333 10 /// 58 000 6 000 0 7 0000 
28-DEC-2015 09 48096 3 2 5 58 3 33 03 10 340 20 184 3 0000 4 0143 5 0000 6 000 0 7 00 0 0 8 3 8 0 0 333 10 /// 58 013 6 000 0 7 0000 
28-DEC-2015 09 48097 3 2 5 57 2 25 01 10 345 20 193 3 0000 4 0153 5 0000 6 000 0 7 02 1 1 8 2 8 0 0 333 10 /// 58 018 6 000 0 7 0000 
28-DEC-2015 09 48099 3 2 5 56 5 00 00 10 350 20 237 3 0000 4 0134 5 0000 6 000 0 7 00 0 0 8 5 3 0 0 333 10 /// 58 017 6 000 0 7 0000 
28-DEC-2015 09 48101 3 2 9 60 0 36 01 10 328 20 212 3 0000 4 0000 5 0000 6 000 0 7 00 0 0 8 0 0 0 0 333 10 /// 58 000 6 000 0 7 0000 
28-DEC-2015 09 48103 3 2 3 56 3 32 01 10 356 20 235 3 0000 4 0135 5 0000 6 000 0 7 00 0 0 8 3 8 0 0 333 10 /// 58 013 6 000 0 7 0000 
28-DEC-2015 09 48107 3 2 3 50 3 36 01 10 348 20 237 3 0000 4 0122 5 0000 6 000 0 7 00 0 0 8 3 9 0 0 333 10 /// 58 012 6 000 0 7 0000 
28-DEC-2015 09 48108 3 2 5 96 6 14 05 10 350 20 219 3 0000 4 0140 5 0000 6 000 0 7 00 0 0 8 4 3 0 6 333 10 /// 58 024 6 000 0 7 0000 
28-DEC-2015 09 48110 3 1 5 96 5 32 03 10 340 20 240 3 0000 4 0133 5 0000 6 000 0 7 05 2 2 8 2 3 0 6 333 10 /// 58 009 6 000 0 7 0000 
28-DEC-2015 09 48112 3 2 5 98 6 04 10 10 337 20 270 3 0000 4 0128 5 0000 6 000 0 7 02 2 2 8 2 2 1 6 333 10 /// 58 018 6 000 0 7 0000 
