48001 32440 52701 10199 20168 40187 83720 333 56310 58036=
48004 32560 41301 10222 20156 84800 333 56500=
48008 32557 60401 10240 20136 40151 83970 333 56450 58004=
48010 32060 01801 10245 20136 40157 333 58008=
48018 32559 31401 10270 20154 40145 82560 333 56330 58002=
48019 32460 30401 10267 20172 40143 81240 333 56540 59001=
48020 32/58 03602 10250 20150 333=
48025 32440 23602 10250 20126 40159 82500 333 56900 58007=
48035 31560 22203 10261 20070 40110 70522 82100 333 56900 58013=
48037 NIL=
48042 32956 03201 10298 20185 40132 333 58001=
48045 32557 21404 10200 20130 81101 333 56209=
48048 32960 03201 10292 20159 40136 333 58003=
48051 32958 01301 10271 20150 70200 333=
48053 32956 02203 10330 20172 40131 333 58011=
48060 32450 43207 10284 20128 40115 83130 333 56550 58013=
48062 32456 22705 10270 20230 40159 70222 82500 333 56900 58016=
48071 31958 03203 10260 20179 40162 70500 333 58021=
48075 32558 20404 10290 20140 40134 82100 333 56300 58027=
48077 32959 00000 10340 20184 40136 333 58013=
48078 32960 11801 10335 20187 40145 80001 333 56009 58013=
48080 32960 02203 10294 20179 40152 333 58012=
48085 32458 23205 10310 20203 40146 81506 333 56909 58013=
48095 32960 00000 10325 20215 333=
48108 32596 61405 10350 20219 40140 84306 333 56209 58024=
48109 NIL=
48110 31596 53203 10340 20240 40133 70522 82306 333 56209 58009=
48112 32598 60410 10337 20270 40128 70222 82216 333 56199 58018=
48030 32960 02203 10188 20014 333=
48072 32560 03202 10280 20184 70122 81200 333 56900=
48087 NIL=
48099 32556 50000 10350 20237 40134 85300 333 56900 58017=
48101 32960 03601 10328 20212 333=
48103 32356 33201 10356 20235 40135 83800 333 56700 58013=
48057 32457 32204 10235 20114 83800 333 56600=
48094 32460 10402 10335 20230 40144 70111 81100 333 56900 58011=
48097 32557 22501 10345 20193 40153 70211 82800 333 56900 58018=
48031 32960 01801 10190 20096 333=
48033 32963 03601 10270 20172 40142 333 58010=
48034 32457 21803 10220 20123 82500 333 56500=
48039 32958 30401 10280 20184 80002 333 56009=
48043 32058 01807 10235 20155 333=
48052 32958 02201 10318 20163 333=
48055 32557 22206 10292 20149 40095 82200 333 56800 58001=
48064 32960 00000 10252 20186 40120 333 58001=
48065 32960 03201 10310 20169 333=
48074 32959 01403 10330 20172 40139 333 59002=
48092 32558 22302 10350 20182 40129 81130 333 56990 58023=
48093 32558 33201 10338 20225 70311 83800 333 56100=
48107 32350 33601 10348 20237 40122 83900 333 56300 58012=
48096 32558 33303 10340 20184 40143 83800 333 56900 58013=  48001 32440 52701 10199 20168 40187 83720 333 56310 58036=
48004 32560 41301 10222 20156 84800 333 56500=
48008 32557 60401 10240 20136 40151 83970 333 56450 58004=
48010 32060 01801 10245 20136 40157 333 58008=
48018 32559 31401 10270 20154 40145 82560 333 56330 58002=
48019 32460 30401 10267 20172 40143 81240 333 56540 59001=
48020 32/58 03602 10250 20150 333=
48025 32440 23602 10250 20126 40159 82500 333 56900 58007=
48035 31560 22203 10261 20070 40110 70522 82100 333 56900 58013=
48037 NIL=
48042 32956 03201 10298 20185 40132 333 58001=
48045 32557 21404 10200 20130 81101 333 56209=
48048 32960 03201 10292 20159 40136 333 58003=
48051 32958 01301 10271 20150 70200 333=
48053 32956 02203 10330 20172 40131 333 58011=
48060 32450 43207 10284 20128 40115 83130 333 56550 58013=
48062 32456 22705 10270 20230 40159 70222 82500 333 56900 58016=
48071 31958 03203 10260 20179 40162 70500 333 58021=
48075 32558 20404 10290 20140 40134 82100 333 56300 58027=
48077 32959 00000 10340 20184 40136 333 58013=
48078 32960 11801 10335 20187 40145 80001 333 56009 58013=
48080 32960 02203 10294 20179 40152 333 58012=
48085 32458 23205 10310 20203 40146 81506 333 56909 58013=
48095 32960 00000 10325 20215 333=
48108 32596 61405 10350 20219 40140 84306 333 56209 58024=
48109 NIL=
48110 31596 53203 10340 20240 40133 70522 82306 333 56209 58009=
48112 32598 60410 10337 20270 40128 70222 82216 333 56199 58018=
48030 32960 02203 10188 20014 333=
48072 32560 03202 10280 20184 70122 81200 333 56900=
48087 NIL=
48099 32556 50000 10350 20237 40134 85300 333 56900 58017=
48101 32960 03601 10328 20212 333=
48103 32356 33201 10356 20235 40135 83800 333 56700 58013=
48057 32457 32204 10235 20114 83800 333 56600=
48094 32460 10402 10335 20230 40144 70111 81100 333 56900 58011=
48097 32557 22501 10345 20193 40153 70211 82800 333 56900 58018=
48031 32960 01801 10190 20096 333=
48033 32963 03601 10270 20172 40142 333 58010=
48034 32457 21803 10220 20123 82500 333 56500=
48039 32958 30401 10280 20184 80002 333 56009=
48043 32058 01807 10235 20155 333=
48052 32958 02201 10318 20163 333=
48055 32557 22206 10292 20149 40095 82200 333 56800 58001=
48064 32960 00000 10252 20186 40120 333 58001=
48065 32960 03201 10310 20169 333=
48074 32959 01403 10330 20172 40139 333 59002=
48092 32558 22302 10350 20182 40129 81130 333 56990 58023=
48093 32558 33201 10338 20225 70311 83800 333 56100=
48107 32350 33601 10348 20237 40122 83900 333 56300 58012=
48096 32558 33303 10340 20184 40143 83800 333 56900 58013=  