48001 31456 60000 10156 20170 70144 84850 333 56440 58038=
48004 32558 10401 10228 20181 81100 333 56900=
48008 31556 50401 10223 20173 40146 71044 82430 333 56560 58020=
48010 31040 00000 10220 20185 40146 74044 333 58034=
48018 31556 22201 10220 20168 40139 70144 82800 333 56500 58021=
48019 32960 02702 10210 20175 40125 333 58005=
48020 32957 03202 10205 20172 333=
48025 31440 10000 10214 20143 40141 70544 81500 333 56900 58019=
48035 31920 00000 10171 20117 40151 70544 333 58014=
48037 31940 01801 10225 20111 40127 70544 333 58009=
48042 31956 01802 10265 20126 40126 70500 333 58009=
48045 32960 01403 10216 20065 333=
48048 32960 01801 10245 20174 40143 333 58028=
48051 32958 00000 10240 20170 333=
48053 31950 01802 10250 20126 40135 70500 333 59000=
48060 32930 00000 10175 20092 40172 333 58011=
48062 31950 00401 10235 20210 40141 71042 333 58014=
48071 32458 03201 10260 20229 40143 82200 333 56900 58011=
48075 31957 00000 10210 20120 40152 70511 333 59006=
48077 32959 00000 10220 20173 40123 333 58003=
48078 32956 11801 10232 20124 40143 80001 333 56009 58008=
48080 31959 00000 10232 20181 40145 70244 333 58008=
48085 31957 00000 10237 20209 40132 71044 333 58003=
48095 32958 00901 10260 20203 333=
48108 32996 30501 10270 20163 40131 80006 333 56009 58005=
48109 32997 00401 10275 20220 40141 333 58008=
48110 31596 21802 10195 20234 40126 70511 81105 333 56909 59001=
48112 32598 60402 10280 20233 40125 82216 333 56199 58008=
48030 31950 02202 10103 20056 70544 333=
48072 32459 23201 10270 20226 82300 333=
48087 32556 30000 10212 20175 83500 333 56900=
48099 31456 12301 10265 20160 40129 70511 81500 333 56900 58008=
48101 32958 03202 10255 20215 333=
48103 31940 00402 10268 20191 40136 70244 333 58008=
48057 32958 01402 10222 20087 333=
48094 32959 03202 10264 20220 40134 333 58004=
48097 31957 00401 10250 20186 40140 70500 333 58002=
48031 31957 03201 10203 20080 333=
48033 NIL=
48034 31956 00000 10168 20107 71000 333=
48039 31950 22201 10240 20114 70511 80002 333 56009=
48043 32056 03203 10210 20091 333=
48052 32958 02201 10272 20154 333=
48055 31956 01402 10176 20080 40156 70500 333 58012=
48064 32960 01401 10240 20155 40117 333 58019=
48065 32960 00000 10260 20138 333=
48074 32958 03203 10236 20114 40141 333 58011=
48092 31930 00000 10255 20210 40121 71044=
48093 32957 02301 10236 20209 333=
48107 31940 03601 10258 20160 40125 70144 333 58005=  