28-FEB-2015 03 48001 3 1 4 56 6 00 00 10 156 20 170 3 0000 4 0000 5 0000 6 000 0 7 01 4 4 8 4 8 5 0 333 10 /// 58 038 6 000 0 7 0000 
28-FEB-2015 03 48004 3 2 5 58 1 04 01 10 228 20 181 3 0000 4 0000 5 0000 6 000 0 7 00 0 0 8 1 1 0 0 333 10 /// 58 000 6 000 0 7 0000 
28-FEB-2015 03 48008 3 1 5 56 5 04 01 10 223 20 173 3 0000 4 0146 5 0000 6 000 0 7 10 4 4 8 2 4 3 0 333 10 /// 58 020 6 000 0 7 0000 
28-FEB-2015 03 48010 3 1 0 40 0 00 00 10 220 20 185 3 0000 4 0146 5 0000 6 000 0 7 40 4 4 8 0 0 0 0 333 10 /// 58 034 6 000 0 7 0000 
28-FEB-2015 03 48018 3 1 5 56 2 22 01 10 220 20 168 3 0000 4 0139 5 0000 6 000 0 7 01 4 4 8 2 8 0 0 333 10 /// 58 021 6 000 0 7 0000 
28-FEB-2015 03 48019 3 2 9 60 0 27 02 10 210 20 175 3 0000 4 0125 5 0000 6 000 0 7 00 0 0 8 0 0 0 0 333 10 /// 58 005 6 000 0 7 0000 
28-FEB-2015 03 48020 3 2 9 57 0 32 02 10 205 20 172 3 0000 4 0000 5 0000 6 000 0 7 00 0 0 8 0 0 0 0 333 10 /// 58 000 6 000 0 7 0000 
28-FEB-2015 03 48025 3 1 4 40 1 00 00 10 214 20 143 3 0000 4 0141 5 0000 6 000 0 7 05 4 4 8 1 5 0 0 333 10 /// 58 019 6 000 0 7 0000 
28-FEB-2015 03 48030 3 1 9 50 0 22 02 10 103 20 056 3 0000 4 0000 5 0000 6 000 0 7 05 4 4 8 0 0 0 0 333 10 /// 58 000 6 000 0 7 0000 
28-FEB-2015 03 48031 3 1 9 57 0 32 01 10 203 20 080 3 0000 4 0000 5 0000 6 000 0 7 00 0 0 8 0 0 0 0 333 10 /// 58 000 6 000 0 7 0000 
28-FEB-2015 03 48034 3 1 9 56 0 00 00 10 168 20 107 3 0000 4 0000 5 0000 6 000 0 7 10 0 0 8 0 0 0 0 333 10 /// 58 000 6 000 0 7 0000 
28-FEB-2015 03 48035 3 1 9 20 0 00 00 10 171 20 117 3 0000 4 0151 5 0000 6 000 0 7 05 4 4 8 0 0 0 0 333 10 /// 58 014 6 000 0 7 0000 
28-FEB-2015 03 48037 3 1 9 40 0 18 01 10 225 20 111 3 0000 4 0127 5 0000 6 000 0 7 05 4 4 8 0 0 0 0 333 10 /// 58 009 6 000 0 7 0000 
28-FEB-2015 03 48039 3 1 9 50 2 22 01 10 240 20 114 3 0000 4 0000 5 0000 6 000 0 7 05 1 1 8 0 0 0 2 333 10 /// 58 000 6 000 0 7 0000 
28-FEB-2015 03 48042 3 1 9 56 0 18 02 10 265 20 126 3 0000 4 0126 5 0000 6 000 0 7 05 0 0 8 0 0 0 0 333 10 /// 58 009 6 000 0 7 0000 
28-FEB-2015 03 48043 3 2 0 56 0 32 03 10 210 20 091 3 0000 4 0000 5 0000 6 000 0 7 00 0 0 8 0 0 0 0 333 10 /// 58 000 6 000 0 7 0000 
28-FEB-2015 03 48045 3 2 9 60 0 14 03 10 216 20 065 3 0000 4 0000 5 0000 6 000 0 7 00 0 0 8 0 0 0 0 333 10 /// 58 000 6 000 0 7 0000 
28-FEB-2015 03 48048 3 2 9 60 0 18 01 10 245 20 174 3 0000 4 0143 5 0000 6 000 0 7 00 0 0 8 0 0 0 0 333 10 /// 58 028 6 000 0 7 0000 
28-FEB-2015 03 48051 3 2 9 58 0 00 00 10 240 20 170 3 0000 4 0000 5 0000 6 000 0 7 00 0 0 8 0 0 0 0 333 10 /// 58 000 6 000 0 7 0000 
28-FEB-2015 03 48052 3 2 9 58 0 22 01 10 272 20 154 3 0000 4 0000 5 0000 6 000 0 7 00 0 0 8 0 0 0 0 333 10 /// 58 000 6 000 0 7 0000 
28-FEB-2015 03 48053 3 1 9 50 0 18 02 10 250 20 126 3 0000 4 0135 5 0000 6 000 0 7 05 0 0 8 0 0 0 0 333 10 /// 59 000 6 000 0 7 0000 
28-FEB-2015 03 48055 3 1 9 56 0 14 02 10 176 20 080 3 0000 4 0156 5 0000 6 000 0 7 05 0 0 8 0 0 0 0 333 10 /// 58 012 6 000 0 7 0000 
28-FEB-2015 03 48057 3 2 9 58 0 14 02 10 222 20 087 3 0000 4 0000 5 0000 6 000 0 7 00 0 0 8 0 0 0 0 333 10 /// 58 000 6 000 0 7 0000 
28-FEB-2015 03 48060 3 2 9 30 0 00 00 10 175 20 092 3 0000 4 0172 5 0000 6 000 0 7 00 0 0 8 0 0 0 0 333 10 /// 58 011 6 000 0 7 0000 
28-FEB-2015 03 48062 3 1 9 50 0 04 01 10 235 20 210 3 0000 4 0141 5 0000 6 000 0 7 10 4 2 8 0 0 0 0 333 10 /// 58 014 6 000 0 7 0000 
28-FEB-2015 03 48064 3 2 9 60 0 14 01 10 240 20 155 3 0000 4 0117 5 0000 6 000 0 7 00 0 0 8 0 0 0 0 333 10 /// 58 019 6 000 0 7 0000 
28-FEB-2015 03 48065 3 2 9 60 0 00 00 10 260 20 138 3 0000 4 0000 5 0000 6 000 0 7 00 0 0 8 0 0 0 0 333 10 /// 58 000 6 000 0 7 0000 
28-FEB-2015 03 48071 3 2 4 58 0 32 01 10 260 20 229 3 0000 4 0143 5 0000 6 000 0 7 00 0 0 8 2 2 0 0 333 10 /// 58 011 6 000 0 7 0000 
28-FEB-2015 03 48072 3 2 4 59 2 32 01 10 270 20 226 3 0000 4 0000 5 0000 6 000 0 7 00 0 0 8 2 3 0 0 333 10 /// 58 000 6 000 0 7 0000 
28-FEB-2015 03 48074 3 2 9 58 0 32 03 10 236 20 114 3 0000 4 0141 5 0000 6 000 0 7 00 0 0 8 0 0 0 0 333 10 /// 58 011 6 000 0 7 0000 
28-FEB-2015 03 48075 3 1 9 57 0 00 00 10 210 20 120 3 0000 4 0152 5 0000 6 000 0 7 05 1 1 8 0 0 0 0 333 10 /// 59 006 6 000 0 7 0000 
28-FEB-2015 03 48077 3 2 9 59 0 00 00 10 220 20 173 3 0000 4 0123 5 0000 6 000 0 7 00 0 0 8 0 0 0 0 333 10 /// 58 003 6 000 0 7 0000 
28-FEB-2015 03 48078 3 2 9 56 1 18 01 10 232 20 124 3 0000 4 0143 5 0000 6 000 0 7 00 0 0 8 0 0 0 1 333 10 /// 58 008 6 000 0 7 0000 
28-FEB-2015 03 48080 3 1 9 59 0 00 00 10 232 20 181 3 0000 4 0145 5 0000 6 000 0 7 02 4 4 8 0 0 0 0 333 10 /// 58 008 6 000 0 7 0000 
28-FEB-2015 03 48085 3 1 9 57 0 00 00 10 237 20 209 3 0000 4 0132 5 0000 6 000 0 7 10 4 4 8 0 0 0 0 333 10 /// 58 003 6 000 0 7 0000 
28-FEB-2015 03 48087 3 2 5 56 3 00 00 10 212 20 175 3 0000 4 0000 5 0000 6 000 0 7 00 0 0 8 3 5 0 0 333 10 /// 58 000 6 000 0 7 0000 
28-FEB-2015 03 48093 3 2 9 57 0 23 01 10 236 20 209 3 0000 4 0000 5 0000 6 000 0 7 00 0 0 8 0 0 0 0 333 10 /// 58 000 6 000 0 7 0000 
28-FEB-2015 03 48094 3 2 9 59 0 32 02 10 264 20 220 3 0000 4 0134 5 0000 6 000 0 7 00 0 0 8 0 0 0 0 333 10 /// 58 004 6 000 0 7 0000 
28-FEB-2015 03 48095 3 2 9 58 0 09 01 10 260 20 203 3 0000 4 0000 5 0000 6 000 0 7 00 0 0 8 0 0 0 0 333 10 /// 58 000 6 000 0 7 0000 
28-FEB-2015 03 48097 3 1 9 57 0 04 01 10 250 20 186 3 0000 4 0140 5 0000 6 000 0 7 05 0 0 8 0 0 0 0 333 10 /// 58 002 6 000 0 7 0000 
28-FEB-2015 03 48099 3 1 4 56 1 23 01 10 265 20 160 3 0000 4 0129 5 0000 6 000 0 7 05 1 1 8 1 5 0 0 333 10 /// 58 008 6 000 0 7 0000 
28-FEB-2015 03 48101 3 2 9 58 0 32 02 10 255 20 215 3 0000 4 0000 5 0000 6 000 0 7 00 0 0 8 0 0 0 0 333 10 /// 58 000 6 000 0 7 0000 
28-FEB-2015 03 48103 3 1 9 40 0 04 02 10 268 20 191 3 0000 4 0136 5 0000 6 000 0 7 02 4 4 8 0 0 0 0 333 10 /// 58 008 6 000 0 7 0000 
28-FEB-2015 03 48107 3 1 9 40 0 36 01 10 258 20 160 3 0000 4 0125 5 0000 6 000 0 7 01 4 4 8 0 0 0 0 333 10 /// 58 005 6 000 0 7 0000 
28-FEB-2015 03 48108 3 2 9 96 3 05 01 10 270 20 163 3 0000 4 0131 5 0000 6 000 0 7 00 0 0 8 0 0 0 6 333 10 /// 58 005 6 000 0 7 0000 
28-FEB-2015 03 48109 3 2 9 97 0 04 01 10 275 20 220 3 0000 4 0141 5 0000 6 000 0 7 00 0 0 8 0 0 0 0 333 10 /// 58 008 6 000 0 7 0000 
28-FEB-2015 03 48110 3 1 5 96 2 18 02 10 195 20 234 3 0000 4 0126 5 0000 6 000 0 7 05 1 1 8 1 1 0 5 333 10 /// 59 001 6 000 0 7 0000 
28-FEB-2015 03 48112 3 2 5 98 6 04 02 10 280 20 233 3 0000 4 0125 5 0000 6 000 0 7 00 0 0 8 2 2 1 6 333 10 /// 58 008 6 000 0 7 0000 
