



*-*-*


<!--
.style2 {
	font-family:"Courier New", Courier, monospace;
	font-size: 14px;
}
-->






SMBM01 VBRR 280000 RRA

AAXX 28004

48001 NIL=

48004 NIL=

48008 31540 73602 10202 20168 40117 71044 84970 333 20193 56560 58018=

48010 31220 30000 10180 20172 40115 74044 83600 333 20175 56400 58031=

48018 32520 32201 10185 20147 40106 82810 333 20165 56550 58007=

48019 32940 00000 10176 20170 40110 333 20173 58016=

48020 NIL=

48025 31410 12201 10192 20139 40107 70544 81500 333 20186 56900 58008=

48030 31950 02203 10070 20046 70544 333 20060=

48031 31950 03201 10144 20082 70500 333 20136=

48033 32960 01301 10210 20143 40092 333 20190 58000=

48034 31948 00000 10093 20068 333 20087=

48035 31/02 90000 10097 20079 40147 74744 333 20090 58005=

48037 31910 00000 10188 20139 40103 70544 333 20181 58026=

48039 31450 32201 10190 20139 71011 82402 333 20184 56909=

48042 32956 00000 10197 20150 40104 333 20188 58009=

48043 32020 00000 10120 20081 333 20085=

48045 NIL=

48048 32940 00000 10180 20147 40104 333 20170 58019=

48051 31910 00000 10178 20160 74044 333 20175=

48052 32950 00000 10208 20175 333 20200=

48053 32930 01801 10180 20129 40114 333 20167 58017=

48055 31940 00000 10070 20067 40181 71000 333 20064 58004=

48057 32956 10000 10136 20082 80001 333 20106 56009=

48060 31920 00000 10105 20074 40174 74044 333 20086 58007=

48062 31930 00000 10200 20170 40120 74042 333 20170 58019=

48064 32950 00401 10206 20160 40085 333 20164 58010=

48065 32950 00000 10180 20147 333 20168=

48071 32940 03201 10245 20219 40118 333 20210 58008=

48072 NIL=

48074 32950 01402 10195 20130 40123 333 20175 58013=

48075 31956 00000 10100 20100 40195 71022 333 20095 58025=

48077 31956 00000 10180 20147 40101 71000 333 20154 58005=

48078 32950 10000 10170 20135 40116 80001 333 20150 56009 58005=

48080 31950 00000 10190 20175 40127 74044 333 20170 58007=

48085 31960 01401 10168 20166 40120 74444 333 20166 58016=

48087 31210 60000 10160 20144 74244 866// 333 20144 569//=

48092 31903 00000 10190 20183 40101 74244 333 20165 58003=

48093 32940 00000 10194 20175 333 20190=

48094 32956 00000 10210 20200 40133 333 20175 58006=

48095 NIL=

48097 31950 03201 10210 20175 40116 71000 333 20190 58004=

48099 32440 20000 10190 20175 40110 82500 333 20182 56900 58008=

48101 31940 00000 10210 20210 74244 333 20182=

48103 31930 00401 10191 20175 40113 74144 333 20165 58002=

48107 31930 00401 10180 20165 40111 74144 333 20166 59001=

48108 31594 50000 10190 20175 40108 71022 82406 333 20175 56909 59003=

48109 32996 00000 10200 20185 40120 333 20195 58011=

48110 31994 40000 10240 20226 40108 70522 80006 333 20240 56009 58001=

48112 32597 60402 10250 20219 40110 82876 333 20205 56199 59003=  
SMBM01 VBRR 280000

AAXX 28004

48001 NIL=

48004 NIL=

48008 31540 73602 10202 20168 40117 71044 84970 333 20193 56560

 58018=

48010 31220 30000 10180 20172 40115 74044 83600 333 20175 56400

 58031=

48018 32520 32201 10185 20147 40106 82810 333 20165 56550 58007=

48019 32940 00000 10176 20170 40110 333 20173 58016=

48020 NIL=

48025 31410 12201 10192 20139 40107 70544 81500 333 20186 56900

 58008=

48030 31950 02203 10070 20046 70544 333 20060=

48031 31950 03201 10144 20082 70500 333 20136=

48033 32960 01301 10210 20143 40092 333 20190 58000=

48034 31948 00000 10093 20068 333 20087=

48035 31/02 90000 10097 20079 40147 74744 333 20090 58005=

48037 31910 00000 10188 20139 40103 70544 333 20181 58026=

48039 31450 32201 10190 20139 71011 82402 333 20184 56909=

48042 32956 00000 10197 20150 40104 333 20188 58009=

48043 32020 00000 10120 20081 333 20085=

48045 NIL=

48048 32940 00000 10180 20147 40104 333 20170 58019=

48051 31910 00000 10178 20160 74044 333 20175=

48052 32950 00000 10208 20175 333 20200=

48053 32930 01801 10180 20129 40114 333 20167 58017=

48055 31940 00000 10070 20067 40181 71000 333 20064 58004=

48057 32956 10000 10136 20082 80001 333 20106 56009=

48060 31920 00000 10105 20074 40174 74044 333 20086 58007=

48062 31930 00000 10200 20170 40120 74042 333 20170 58019=

48064 32950 00401 10206 20160 40085 333 20164 58010=

48065 32950 00000 10180 20147 333 20168=

48071 32940 03201 10245 20219 40118 333 20210 58008=

48072 NIL=

48074 32950 01402 10195 20130 40123 333 20175 58013=

48075 31956 00000 10100 20100 40195 71022 333 20095 58025=

48077 31956 00000 10180 20147 40101 71000 333 20154 58005=

48078 32950 10000 10170 20135 40116 80001 333 20150 56009 58005=

48080 31950 00000 10190 20175 40127 74044 333 20170 58007=

48085 31960 01401 10168 20166 40120 74444 333 20166 58016=

48087 31210 60000 10160 20144 74244 866// 333 20144 569//=

48092 31903 00000 10190 20183 40101 74244 333 20165 58003=

48093 32940 00000 10194 20175 333 20190=

48094 32956 00000 10210 20200 40133 333 20175 58006=

48095 NIL=

48097 31950 03201 10210 20175 40116 71000 333 20190 58004=

48099 32440 20000 10190 20175 40110 82500 333 20182 56900 58008=

48101 31940 00000 10210 20210 74244 333 20182=

48103 31930 00401 10191 20175 40113 74144 333 20165 58002=

48107 31930 00401 10180 20165 40111 74144 333 20166 59001=

48108 31594 50000 10190 20175 40108 71022 82406 333 20175 56909

 59003=

48109 32996 00000 10200 20185 40120 333 20195 58011=

48110 31994 40000 10240 20226 40108 70522 80006 333 20240 56009

 58001=

48112 32597 60402 10250 20219 40110 82876 333 20205 56199 59003=  





