48001 32558 50901 10225 20156 40145 83850 333 56220 59110=
48004 31558 11301 10300 20207 70511 81100 333 56900=
48008 31557 42301 10285 20159 40139 71044 82430 333 56560 58028=
48010 31058 01801 10310 20225 40122 70244 333 58034=
48018 32960 01401 10300 20185 40138 333 58030=
48019 32960 03602 10287 20184 40131 333 58024=
48020 32958 00403 10315 20209 333=
48025 31940 03602 10320 20161 40134 70544 333 58019=
48035 31950 02703 10292 20092 40109 70500 333 58021=
48037 31956 03601 10332 20172 40121 70544 333 58017=
48042 32957 01803 10350 20158 40110 333 59005=
48045 32560 11404 10270 20085 81100 333 56500=
48048 32962 02202 10345 20168 40127 333 58019=
48051 32959 01301 10340 20190 70200 80000 333 56000=
48053 31950 01802 10350 20143 40104 70500 333 59002=
48060 32950 00000 10250 20116 40128 333 58025=
48062 32556 42710 10295 20240 40136 70300 84300 333 56600 58008=
48071 32460 13203 10270 20226 40146 81200 333 56900 58015=
48075 31957 02201 10290 20085 40122 70500 333 58014=
48077 32959 03201 10324 20118 40116 333 58007=
48078 32958 11802 10338 20143 40126 80001 333 56009 58005=
48080 32960 02701 10305 20225 40128 333 58015=
48085 31957 03205 10298 20223 40129 70500 333 58007=
48095 32960 00401 10330 20201 333=
48108 32996 30504 10340 20184 40114 80006 333 56009 58008=
48109 NIL=
48110 31596 53203 10345 20251 40115 70522 83306 333 56209 58006=
48112 32598 60403 10335 20212 40114 70122 82216 333 56199 58014=
48030 31256 12202 10228 20045 70544 81100 333 56500=
48072 32960 00404 10290 20215 70122 80000 333 56000=
48087 32960 00401 10320 20163=
48099 32560 11303 10340 20164 40123 81500 333 56900 58006=
48101 32960 03201 10318 20307 333=
48103 32956 03202 10338 20164 40121 80000 333 56000 58007=
48057 32960 03201 10250 20105 80000 333 56000=
48094 32960 03203 10320 20220 40125 333 58007=
48097 NIL=
48031 31960 00401 10240 20095 70500 333=
48033 32963 01801 10340 20164 40119 333 58009=
48034 32458 11802 10285 20082 81500 333 56500=
48039 31959 21401 10329 20126 70511 80002 333 56009=
48043 32058 03205 10270 20022 333=
48052 32970 02201 10338 20164 333=
48055 31956 00407 10292 20115 40103 70500 333 58017=
48064 32970 41401 10335 20225 40104 333 58022=
48065 32970 00403 10345 20164 333=
48074 32960 01402 10327 20151 40131 333 58011=
48092 32959 03202 10345 20152 40108 58002=
48093 NIL=
48107 32950 03201 10348 20182 40107 80000 333 56000 58002=  