28-JAN-2015 06 48001 3 2 4 56 2 36 01 10 210 20 143 3 0000 4 0146 5 0000 6 000 0 7 00 0 0 8 2 2 0 0 333 10 /// 59 020 6 000 0 7 0000 
28-JAN-2015 06 48004 3 2 5 62 2 04 01 10 230 20 124 3 0000 4 0000 5 0000 6 000 0 7 00 0 0 8 2 8 0 0 333 10 /// 58 000 6 000 0 7 0000 
28-JAN-2015 06 48008 3 2 5 57 2 04 01 10 235 20 136 3 0000 4 0155 5 0000 6 000 0 7 00 0 0 8 2 2 0 0 333 10 /// 59 003 6 000 0 7 0000 
28-JAN-2015 06 48010 3 2 5 60 1 18 01 10 240 20 174 3 0000 4 0136 5 0000 6 000 0 7 00 0 0 8 1 1 0 0 333 10 /// 59 020 6 000 0 7 0000 
28-JAN-2015 06 48018 3 2 5 60 2 04 02 10 245 20 167 3 0000 4 0146 5 0000 6 000 0 7 00 0 0 8 2 8 0 0 333 10 /// 59 010 6 000 0 7 0000 
28-JAN-2015 06 48019 3 2 9 60 0 04 01 10 244 20 155 3 0000 4 0142 5 0000 6 000 0 7 00 0 0 8 0 0 0 0 333 10 /// 59 017 6 000 0 7 0000 
28-JAN-2015 06 48020 3 2 9 58 0 36 03 10 245 20 167 3 0000 4 0000 5 0000 6 000 0 7 00 0 0 8 0 0 0 0 333 10 /// 58 000 6 000 0 7 0000 
28-JAN-2015 06 48025 3 1 9 56 0 04 02 10 247 20 167 3 0000 4 0153 5 0000 6 000 0 7 01 4 4 8 0 0 0 0 333 10 /// 59 015 6 000 0 7 0000 
28-JAN-2015 06 48030 3 2 9 57 0 22 05 10 190 20 072 3 0000 4 0000 5 0000 6 000 0 7 00 0 0 8 0 0 0 0 333 10 /// 58 000 6 000 0 7 0000 
28-JAN-2015 06 48031 3 2 9 60 0 36 01 10 195 20 033 3 0000 4 0000 5 0000 6 000 0 7 00 0 0 8 0 0 0 0 333 10 /// 58 000 6 000 0 7 0000 
28-JAN-2015 06 48033 3 2 9 63 0 27 01 10 280 20 146 3 0000 4 0131 5 0000 6 000 0 7 00 0 0 8 0 0 0 0 333 10 /// 59 012 6 000 0 7 0000 
28-JAN-2015 06 48034 3 2 9 58 0 18 03 10 237 20 114 3 0000 4 0000 5 0000 6 000 0 7 00 0 0 8 0 0 0 0 333 10 /// 58 000 6 000 0 7 0000 
28-JAN-2015 06 48035 3 1 9 60 0 00 00 10 239 20 095 3 0000 4 0117 5 0000 6 000 0 7 05 0 0 8 0 0 0 0 333 10 /// 59 007 6 000 0 7 0000 
28-JAN-2015 06 48037 3 2 9 60 0 00 00 10 274 20 113 3 0000 4 0135 5 0000 6 000 0 7 00 0 0 8 0 0 0 0 333 10 /// 59 009 6 000 0 7 0000 
28-JAN-2015 06 48039 3 2 9 59 2 14 01 10 270 20 133 3 0000 4 0000 5 0000 6 000 0 7 00 0 0 8 0 0 0 2 333 10 /// 58 000 6 000 0 7 0000 
28-JAN-2015 06 48042 3 2 9 56 0 27 01 10 275 20 140 3 0000 4 0134 5 0000 6 000 0 7 00 0 0 8 0 0 0 0 333 10 /// 58 003 6 000 0 7 0000 
28-JAN-2015 06 48043 3 2 0 57 0 32 04 10 225 20 124 3 0000 4 0000 5 0000 6 000 0 7 00 0 0 8 0 0 0 0 333 10 /// 58 000 6 000 0 7 0000 
28-JAN-2015 06 48045 3 2 9 62 0 14 05 10 223 20 065 3 0000 4 0000 5 0000 6 000 0 7 00 0 0 8 0 0 0 0 333 10 /// 58 000 6 000 0 7 0000 
28-JAN-2015 06 48048 3 2 9 60 0 04 01 10 275 20 158 3 0000 4 0152 5 0000 6 000 0 7 00 0 0 8 0 0 0 0 333 10 /// 59 001 6 000 0 7 0000 
28-JAN-2015 06 48051 3 2 9 56 0 04 01 10 276 20 150 3 0000 4 0000 5 0000 6 000 0 7 02 0 0 8 0 0 0 0 333 10 /// 58 000 6 000 0 7 0000 
28-JAN-2015 06 48052 3 2 9 70 0 32 03 10 280 20 158 3 0000 4 0000 5 0000 6 000 0 7 00 0 0 8 0 0 0 0 333 10 /// 58 000 6 000 0 7 0000 
28-JAN-2015 06 48053 3 2 9 56 0 36 02 10 280 20 146 3 0000 4 0125 5 0000 6 000 0 7 00 0 0 8 0 0 0 0 333 10 /// 59 019 6 000 0 7 0000 
28-JAN-2015 06 48055 3 2 9 56 0 04 04 10 214 20 125 3 0000 4 0115 5 0000 6 000 0 7 00 0 0 8 0 0 0 0 333 10 /// 59 015 6 000 0 7 0000 
28-JAN-2015 06 48057 3 2 9 58 0 27 01 10 220 20 087 3 0000 4 0000 5 0000 6 000 0 7 00 0 0 8 0 0 0 0 333 10 /// 58 000 6 000 0 7 0000 
28-JAN-2015 06 48060 3 2 9 50 0 00 00 10 220 20 111 3 0000 4 0133 5 0000 6 000 0 7 00 0 0 8 0 0 0 0 333 10 /// 59 009 6 000 0 7 0000 
28-JAN-2015 06 48062 3 2 9 60 0 01 02 10 270 20 230 3 0000 4 0139 5 0000 6 000 0 7 00 0 0 8 0 0 0 0 333 10 /// 58 014 6 000 0 7 0000 
28-JAN-2015 06 48064 3 2 9 70 0 04 01 10 270 20 191 3 0000 4 0112 5 0000 6 000 0 7 00 0 0 8 0 0 0 0 333 10 /// 59 019 6 000 0 7 0000 
28-JAN-2015 06 48065 3 2 9 70 0 00 00 10 286 20 159 3 0000 4 0000 5 0000 6 000 0 7 00 0 0 8 0 0 0 0 333 10 /// 58 000 6 000 0 7 0000 
28-JAN-2015 06 48071 3 2 9 60 0 32 02 10 263 20 179 3 0000 4 0138 5 0000 6 000 0 7 00 0 0 8 0 0 0 0 333 10 /// 59 012 6 000 0 7 0000 
28-JAN-2015 06 48072 3 2 9 60 0 04 01 10 280 20 233 3 0000 4 0000 5 0000 6 000 0 7 02 2 2 8 0 0 0 0 333 10 /// 58 000 6 000 0 7 0000 
28-JAN-2015 06 48074 3 2 9 60 0 18 01 10 275 20 146 3 0000 4 0136 5 0000 6 000 0 7 00 0 0 8 0 0 0 0 333 10 /// 59 011 6 000 0 7 0000 
28-JAN-2015 06 48075 3 2 9 58 0 22 01 10 250 20 150 3 0000 4 0139 5 0000 6 000 0 7 00 0 0 8 0 0 0 0 333 10 /// 59 004 6 000 0 7 0000 
28-JAN-2015 06 48077 3 2 9 59 0 04 01 10 304 20 149 3 0000 4 0121 5 0000 6 000 0 7 00 0 0 8 0 0 0 0 333 10 /// 59 021 6 000 0 7 0000 
28-JAN-2015 06 48078 3 2 9 58 1 18 02 10 315 20 157 3 0000 4 0146 5 0000 6 000 0 7 00 0 0 8 0 0 0 1 333 10 /// 58 008 6 000 0 7 0000 
28-JAN-2015 06 48080 3 2 5 61 0 22 01 10 311 20 225 3 0000 4 0120 5 0000 6 000 0 7 00 0 0 8 0 0 0 0 333 10 /// 59 011 6 000 0 7 0000 
28-JAN-2015 06 48085 3 1 9 58 0 27 04 10 300 20 185 3 0000 4 0123 5 0000 6 000 0 7 05 0 0 8 0 0 0 0 333 10 /// 59 016 6 000 0 7 0000 
28-JAN-2015 06 48087 3 2 9 60 0 04 01 10 290 20 196 3 0000 4 0000 5 0000 6 000 0 7 00 0 0 8 0 0 0 0 333 10 /// 58 000 6 000 0 7 0000 
28-JAN-2015 06 48092 3 1 9 56 0 04 02 10 310 20 135 3 0000 4 0121 5 0000 6 000 0 7 05 2 2 8 0 0 0 0 333 10 /// 59 005 6 000 0 7 0000 
28-JAN-2015 06 48093 3 2 9 58 0 04 03 10 287 20 159 3 0000 4 0000 5 0000 6 000 0 7 02 1 1 8 0 0 0 0 333 10 /// 58 000 6 000 0 7 0000 
28-JAN-2015 06 48094 3 2 9 60 0 04 01 10 315 20 175 3 0000 4 0131 5 0000 6 000 0 7 00 0 0 8 0 0 0 0 333 10 /// 59 014 6 000 0 7 0000 
28-JAN-2015 06 48095 3 2 9 60 0 04 01 10 300 20 149 3 0000 4 0000 5 0000 6 000 0 7 00 0 0 8 0 0 0 0 333 10 /// 58 000 6 000 0 7 0000 
28-JAN-2015 06 48097 3 2 5 57 3 13 01 10 310 20 169 3 0000 4 0132 5 0000 6 000 0 7 02 4 4 8 3 5 0 0 333 10 /// 59 010 6 000 0 7 0000 
28-JAN-2015 06 48099 3 2 5 57 2 13 02 10 297 20 166 3 0000 4 0120 5 0000 6 000 0 7 00 0 0 8 2 5 0 0 333 10 /// 59 016 6 000 0 7 0000 
28-JAN-2015 06 48101 3 2 9 60 0 32 01 10 302 20 149 3 0000 4 0000 5 0000 6 000 0 7 00 0 0 8 0 0 0 0 333 10 /// 58 000 6 000 0 7 0000 
28-JAN-2015 06 48103 3 2 9 57 0 04 02 10 306 20 146 3 0000 4 0140 5 0000 6 000 0 7 00 0 0 8 0 0 0 0 333 10 /// 59 007 6 000 0 7 0000 
28-JAN-2015 06 48107 3 2 9 50 0 04 02 10 320 20 140 3 0000 4 0116 5 0000 6 000 0 7 00 0 0 8 0 0 0 0 333 10 /// 59 006 6 000 0 7 0000 
28-JAN-2015 06 48108 3 1 9 96 4 05 02 10 330 20 172 3 0000 4 0122 5 0000 6 000 0 7 03 4 4 8 0 0 0 6 333 10 /// 59 015 6 000 0 7 0000 
28-JAN-2015 06 48109 3 2 9 97 0 00 00 10 298 20 207 3 0000 4 0145 5 0000 6 000 0 7 02 2 2 8 0 0 0 0 333 10 /// 59 007 6 000 0 7 0000 
28-JAN-2015 06 48110 3 1 5 96 6 32 01 10 330 20 224 3 0000 4 0120 5 0000 6 000 0 7 05 2 2 8 1 2 0 6 333 10 /// 59 014 6 000 0 7 0000 
28-JAN-2015 06 48112 3 2 5 97 8 04 02 10 315 20 243 3 0000 4 0116 5 0000 6 000 0 7 02 2 2 8 3 8 7 6 333 10 /// 59 010 6 000 0 7 0000 
