28-JAN-2015 00 48008 3 1 5 40 3 00 00 10 123 20 120 3 0000 4 0148 5 0000 6 000 0 7 10 4 4 8 1 2 3 0 333 20 115 59 016 6 000 0 7 0000 
28-JAN-2015 00 48010 3 2 5 20 2 00 00 10 145 20 132 3 0000 4 0144 5 0000 6 000 0 7 00 0 0 8 1 4 4 0 333 20 138 59 020 6 000 0 7 0000 
28-JAN-2015 00 48018 3 2 9 56 9 00 00 10 140 20 124 3 0000 4 0134 5 0000 6 000 0 7 00 0 0 8 0 0 0 0 333 20 135 59 021 6 000 0 7 0000 
28-JAN-2015 00 48019 3 2 9 40 0 00 00 10 110 20 110 3 0000 4 0134 5 0000 6 000 0 7 00 0 0 8 0 0 0 0 333 20 105 59 025 6 000 0 7 0000 
28-JAN-2015 00 48025 3 1 1 10 2 27 01 10 150 20 150 3 0000 4 0145 5 0000 6 000 0 7 40 4 4 8 2 6 0 0 333 20 144 59 014 6 000 0 7 0000 
28-JAN-2015 00 48030 3 2 9 50 0 22 02 10 050 20 025 3 0000 4 0000 5 0000 6 000 0 7 00 0 0 8 0 0 0 0 333 20 038 58 000 6 000 0 7 0000 
28-JAN-2015 00 48031 3 2 9 50 0 36 02 10 102 20 056 3 0000 4 0000 5 0000 6 000 0 7 00 0 0 8 0 0 0 0 333 20 092 58 000 6 000 0 7 0000 
28-JAN-2015 00 48033 3 2 9 60 0 33 01 10 150 20 134 3 0000 4 0135 5 0000 6 000 0 7 00 0 0 8 0 0 0 0 333 20 140 59 015 6 000 0 7 0000 
28-JAN-2015 00 48034 3 1 9 48 0 00 00 10 065 20 053 3 0000 4 0000 5 0000 6 000 0 7 10 0 0 8 0 0 0 0 333 20 054 58 000 6 000 0 7 0000 
28-JAN-2015 00 48035 3 1 / 01 9 00 00 10 062 20 060 3 0000 4 0172 5 0000 6 000 0 7 47 4 4 8 0 0 0 0 333 20 055 59 029 6 000 0 7 0000 
28-JAN-2015 00 48037 3 2 9 10 0 00 00 10 153 20 134 3 0000 4 0119 5 0000 6 000 0 7 00 0 0 8 0 0 0 0 333 20 150 59 025 6 000 0 7 0000 
28-JAN-2015 00 48039 3 1 4 50 3 00 00 10 155 20 134 3 0000 4 0000 5 0000 6 000 0 7 10 1 1 8 3 4 0 0 333 20 154 58 000 6 000 0 7 0000 
28-JAN-2015 00 48042 3 2 9 56 0 00 00 10 155 20 139 3 0000 4 0133 5 0000 6 000 0 7 00 0 0 8 0 0 0 0 333 20 145 59 006 6 000 0 7 0000 
28-JAN-2015 00 48043 3 1 0 10 0 00 00 10 080 20 080 3 0000 4 0000 5 0000 6 000 0 7 10 2 2 8 0 0 0 0 333 20 045 58 000 6 000 0 7 0000 
28-JAN-2015 00 48048 3 2 9 40 0 04 01 10 145 20 124 3 0000 4 0130 5 0000 6 000 0 7 00 0 0 8 0 0 0 0 333 20 138 59 020 6 000 0 7 0000 
28-JAN-2015 00 48052 3 2 9 50 0 00 00 10 155 20 144 3 0000 4 0000 5 0000 6 000 0 7 00 0 0 8 0 0 0 0 333 20 090 58 000 6 000 0 7 0000 
28-JAN-2015 00 48053 3 2 9 50 0 36 02 10 150 20 134 3 0000 4 0131 5 0000 6 000 0 7 00 0 0 8 0 0 0 0 333 20 144 59 005 6 000 0 7 0000 
28-JAN-2015 00 48055 3 1 9 05 0 00 00 10 047 20 047 3 0000 4 0180 5 0000 6 000 0 7 46 4 4 8 0 0 0 0 333 20 041 59 022 6 000 0 7 0000 
28-JAN-2015 00 48057 3 2 9 39 0 00 00 10 090 20 068 3 0000 4 0000 5 0000 6 000 0 7 00 0 0 8 0 0 0 0 333 20 080 58 000 6 000 0 7 0000 
28-JAN-2015 00 48060 3 2 9 20 0 00 00 10 100 20 079 3 0000 4 0180 5 0000 6 000 0 7 00 0 0 8 0 0 0 0 333 20 080 59 025 6 000 0 7 0000 
28-JAN-2015 00 48062 3 1 5 50 5 00 00 10 155 20 150 3 0000 4 0120 5 0000 6 000 0 7 10 4 4 8 3 8 3 0 333 20 120 59 022 6 000 0 7 0000 
28-JAN-2015 00 48064 3 2 9 50 0 04 01 10 162 20 144 3 0000 4 0102 5 0000 6 000 0 7 00 0 0 8 0 0 0 0 333 20 126 59 019 6 000 0 7 0000 
28-JAN-2015 00 48065 3 2 9 50 0 00 00 10 157 20 150 3 0000 4 0000 5 0000 6 000 0 7 00 0 0 8 0 0 0 0 333 20 145 58 000 6 000 0 7 0000 
28-JAN-2015 00 48071 3 1 9 40 0 00 00 10 180 20 155 3 0000 4 0125 5 0000 6 000 0 7 40 4 4 8 0 0 0 0 333 20 170 59 019 6 000 0 7 0000 
28-JAN-2015 00 48074 3 2 9 50 0 00 00 10 160 20 144 3 0000 4 0127 5 0000 6 000 0 7 00 0 0 8 0 0 0 0 333 20 146 59 028 6 000 0 7 0000 
28-JAN-2015 00 48075 3 1 9 56 0 00 00 10 110 20 110 3 0000 4 0182 5 0000 6 000 0 7 10 2 2 8 0 0 0 0 333 20 100 59 012 6 000 0 7 0000 
28-JAN-2015 00 48077 3 1 9 56 0 00 00 10 174 20 154 3 0000 4 0154 5 0000 6 000 0 7 10 0 0 8 0 0 0 0 333 20 150 59 018 6 000 0 7 0000 
28-JAN-2015 00 48080 3 1 9 50 0 00 00 10 133 20 113 3 0000 4 0125 5 0000 6 000 0 7 10 4 4 8 0 0 0 0 333 20 125 59 019 6 000 0 7 0000 
28-JAN-2015 00 48085 3 1 9 30 0 14 03 10 146 20 144 3 0000 4 0119 5 0000 6 000 0 7 10 4 4 8 0 0 0 0 333 20 144 59 013 6 000 0 7 0000 
28-JAN-2015 00 48087 3 2 9 30 0 00 00 10 150 20 134 3 0000 4 0000 5 0000 6 000 0 7 00 0 0 8 0 0 0 0 333 20 130 58 000 6 000 0 7 0000 
28-JAN-2015 00 48092 3 1 9 10 0 00 00 10 150 20 142 3 0000 4 0106 5 0000 6 000 0 7 40 4 4 8 0 0 0 0 333 20 140 59 016 6 000 0 7 0000 
28-JAN-2015 00 48094 3 1 9 50 0 00 00 10 190 20 180 3 0000 4 0125 5 0000 6 000 0 7 10 0 0 8 0 0 0 0 333 20 150 59 018 6 000 0 7 0000 
28-JAN-2015 00 48097 3 1 9 50 0 18 01 10 175 20 163 3 0000 4 0127 5 0000 6 000 0 7 10 0 0 8 0 0 0 0 333 20 170 59 009 6 000 0 7 0000 
28-JAN-2015 00 48099 3 1 4 40 1 04 01 10 170 20 154 3 0000 4 0136 5 0000 6 000 0 7 40 4 4 8 1 5 0 0 333 20 158 58 004 6 000 0 7 0000 
28-JAN-2015 00 48103 3 2 5 40 2 04 01 10 183 20 147 3 0000 4 0118 5 0000 6 000 0 7 00 0 0 8 2 5 0 0 333 20 161 59 014 6 000 0 7 0000 
28-JAN-2015 00 48107 3 1 9 30 0 36 01 10 170 20 154 3 0000 4 0118 5 0000 6 000 0 7 41 4 4 8 0 0 0 0 333 20 158 59 010 6 000 0 7 0000 
28-JAN-2015 00 48108 3 1 5 93 6 00 00 10 170 20 162 3 0000 4 0119 5 0000 6 000 0 7 42 4 4 8 2 4 0 6 333 20 163 59 017 6 000 0 7 0000 
28-JAN-2015 00 48109 3 1 4 96 2 00 00 10 180 20 180 3 0000 4 0122 5 0000 6 000 0 7 10 2 2 8 2 9 0 0 333 20 175 59 016 6 000 0 7 0000 
28-JAN-2015 00 48110 3 1 9 91 2 00 00 10 215 20 190 3 0000 4 0115 5 0000 6 000 0 7 42 4 4 8 0 0 0 6 333 20 210 59 016 6 000 0 7 0000 
28-JAN-2015 00 48112 3 2 5 97 8 04 01 10 235 20 226 3 0000 4 0120 5 0000 6 000 0 7 00 0 0 8 3 8 7 6 333 20 192 59 012 6 000 0 7 0000 
