28-JAN-2015 03 48001 3 1 4 40 8 18 01 10 145 20 134 3 0000 4 0164 5 0000 6 000 0 7 42 2 2 8 6 7 0 0 333 10 /// 59 021 6 000 0 7 0000 
28-JAN-2015 03 48004 3 1 5 60 1 04 01 10 138 20 107 3 0000 4 0000 5 0000 6 000 0 7 01 4 4 8 1 3 0 0 333 10 /// 58 000 6 000 0 7 0000 
28-JAN-2015 03 48008 3 2 5 57 1 34 01 10 152 20 134 3 0000 4 0159 5 0000 6 000 0 7 00 0 0 8 2 4 3 0 333 10 /// 59 015 6 000 0 7 0000 
28-JAN-2015 03 48010 3 2 5 40 3 00 00 10 160 20 144 3 0000 4 0163 5 0000 6 000 0 7 00 0 0 8 3 4 0 0 333 10 /// 59 018 6 000 0 7 0000 
28-JAN-2015 03 48018 3 2 9 58 0 04 01 10 155 20 144 3 0000 4 0157 5 0000 6 000 0 7 00 0 0 8 0 0 0 0 333 10 /// 59 011 6 000 0 7 0000 
28-JAN-2015 03 48019 3 2 9 60 0 04 01 10 158 20 163 3 0000 4 0157 5 0000 6 000 0 7 00 0 0 8 0 0 0 0 333 10 /// 59 014 6 000 0 7 0000 
28-JAN-2015 03 48020 3 1 9 40 9 00 00 10 160 20 144 3 0000 4 0000 5 0000 6 000 0 7 43 4 4 8 0 0 0 0 333 10 /// 58 000 6 000 0 7 0000 
28-JAN-2015 03 48025 3 1 3 30 5 32 01 10 158 20 144 3 0000 4 0164 5 0000 6 000 0 7 42 4 4 8 5 6 0 0 333 10 /// 59 014 6 000 0 7 0000 
28-JAN-2015 03 48030 3 2 9 56 0 22 01 10 077 20 035 3 0000 4 0000 5 0000 6 000 0 7 00 0 0 8 0 0 0 0 333 10 /// 58 000 6 000 0 7 0000 
28-JAN-2015 03 48031 3 2 9 57 0 04 01 10 160 20 028 3 0000 4 0000 5 0000 6 000 0 7 00 0 0 8 0 0 0 0 333 10 /// 58 000 6 000 0 7 0000 
28-JAN-2015 03 48033 3 2 9 62 0 04 01 10 139 20 139 3 0000 4 0139 5 0000 6 000 0 7 00 0 0 8 0 0 0 0 333 10 /// 59 014 6 000 0 7 0000 
28-JAN-2015 03 48034 3 2 9 48 0 00 00 10 130 20 076 3 0000 4 0000 5 0000 6 000 0 7 10 0 0 8 0 0 0 0 333 10 /// 58 000 6 000 0 7 0000 
28-JAN-2015 03 48035 3 1 9 60 0 00 00 10 131 20 086 3 0000 4 0166 5 0000 6 000 0 7 05 4 4 8 0 0 0 0 333 10 /// 59 021 6 000 0 7 0000 
28-JAN-2015 03 48037 3 2 9 57 0 36 01 10 184 20 129 3 0000 4 0132 5 0000 6 000 0 7 00 0 0 8 0 0 0 0 333 10 /// 59 029 6 000 0 7 0000 
28-JAN-2015 03 48039 3 1 9 40 2 04 01 10 295 20 139 3 0000 4 0000 5 0000 6 000 0 7 40 4 4 8 0 0 0 2 333 10 /// 58 000 6 000 0 7 0000 
28-JAN-2015 03 48042 3 1 9 50 0 00 00 10 200 20 150 3 0000 4 0148 5 0000 6 000 0 7 10 0 0 8 0 0 0 0 333 10 /// 59 009 6 000 0 7 0000 
28-JAN-2015 03 48043 3 2 0 56 0 00 00 10 145 20 092 3 0000 4 0000 5 0000 6 000 0 7 00 0 0 8 0 0 0 0 333 10 /// 58 000 6 000 0 7 0000 
28-JAN-2015 03 48045 3 2 9 60 0 14 02 10 150 20 047 3 0000 4 0000 5 0000 6 000 0 7 00 0 0 8 0 0 0 0 333 10 /// 58 000 6 000 0 7 0000 
28-JAN-2015 03 48048 3 2 9 60 0 04 01 10 190 20 139 3 0000 4 0152 5 0000 6 000 0 7 00 0 0 8 0 0 0 0 333 10 /// 59 009 6 000 0 7 0000 
28-JAN-2015 03 48051 3 2 9 58 0 04 01 10 191 20 160 3 0000 4 0000 5 0000 6 000 0 7 00 0 0 8 0 0 0 0 333 10 /// 58 000 6 000 0 7 0000 
28-JAN-2015 03 48052 3 2 9 58 0 32 02 10 200 20 130 3 0000 4 0000 5 0000 6 000 0 7 00 0 0 8 0 0 0 0 333 10 /// 58 000 6 000 0 7 0000 
28-JAN-2015 03 48053 3 1 9 50 0 36 04 10 210 20 143 3 0000 4 0153 5 0000 6 000 0 7 10 0 0 8 0 0 0 0 333 10 /// 59 004 6 000 0 7 0000 
28-JAN-2015 03 48055 3 1 9 56 0 09 01 10 128 20 086 3 0000 4 0171 5 0000 6 000 0 7 10 4 4 8 0 0 0 0 333 10 /// 59 017 6 000 0 7 0000 
28-JAN-2015 03 48057 3 2 9 58 0 14 01 10 184 20 086 3 0000 4 0000 5 0000 6 000 0 7 00 0 0 8 0 0 0 0 333 10 /// 58 000 6 000 0 7 0000 
28-JAN-2015 03 48060 3 2 9 40 0 00 00 10 150 20 111 3 0000 4 0173 5 0000 6 000 0 7 00 0 0 8 0 0 0 0 333 10 /// 59 012 6 000 0 7 0000 
28-JAN-2015 03 48062 3 1 5 56 3 04 01 10 190 20 140 3 0000 4 0135 5 0000 6 000 0 7 05 1 1 8 3 5 0 0 333 10 /// 59 022 6 000 0 7 0000 
28-JAN-2015 03 48064 3 2 9 60 0 04 01 10 185 20 147 3 0000 4 0127 5 0000 6 000 0 7 00 0 0 8 0 0 0 0 333 10 /// 59 019 6 000 0 7 0000 
28-JAN-2015 03 48065 3 2 9 60 0 00 00 10 205 20 160 3 0000 4 0000 5 0000 6 000 0 7 00 0 0 8 0 0 0 0 333 10 /// 58 000 6 000 0 7 0000 
28-JAN-2015 03 48071 3 2 9 58 0 00 00 10 228 20 198 3 0000 4 0143 5 0000 6 000 0 7 00 0 0 8 0 0 0 0 333 10 /// 59 010 6 000 0 7 0000 
28-JAN-2015 03 48072 3 2 9 59 0 00 00 10 230 20 181 3 0000 4 0000 5 0000 6 000 0 7 01 2 2 8 0 0 0 0 333 10 /// 58 000 6 000 0 7 0000 
28-JAN-2015 03 48074 3 2 9 50 0 04 02 10 205 20 150 3 0000 4 0149 5 0000 6 000 0 7 00 0 0 8 0 0 0 0 333 10 /// 59 025 6 000 0 7 0000 
28-JAN-2015 03 48075 3 1 9 58 0 00 00 10 180 20 150 3 0000 4 0175 5 0000 6 000 0 7 01 4 4 8 0 0 0 0 333 10 /// 58 018 6 000 0 7 0000 
28-JAN-2015 03 48077 3 2 9 59 0 04 01 10 220 20 156 3 0000 4 0135 5 0000 6 000 0 7 00 0 0 8 0 0 0 0 333 10 /// 59 019 6 000 0 7 0000 
28-JAN-2015 03 48078 3 2 9 56 1 14 01 10 200 20 150 3 0000 4 0148 5 0000 6 000 0 7 00 0 0 8 0 0 0 1 333 10 /// 59 011 6 000 0 7 0000 
28-JAN-2015 03 48080 3 1 9 59 0 04 02 10 184 20 147 3 0000 4 0149 5 0000 6 000 0 7 02 4 4 8 0 0 0 0 333 10 /// 59 005 6 000 0 7 0000 
28-JAN-2015 03 48085 3 1 9 57 0 00 00 10 208 20 185 3 0000 4 0137 5 0000 6 000 0 7 05 4 4 8 0 0 0 0 333 10 /// 59 013 6 000 0 7 0000 
28-JAN-2015 03 48087 3 2 9 60 0 00 00 10 220 20 185 3 0000 4 0000 5 0000 6 000 0 7 00 0 0 8 0 0 0 0 333 10 /// 58 000 6 000 0 7 0000 
28-JAN-2015 03 48092 3 1 9 50 0 13 01 10 240 20 174 3 0000 4 0136 5 0000 6 000 0 7 05 2 2 8 0 0 0 0 333 10 /// 59 007 6 000 0 7 0000 
28-JAN-2015 03 48093 3 2 9 58 0 04 01 10 209 20 175 3 0000 4 0000 5 0000 6 000 0 7 02 1 1 8 0 0 0 0 333 10 /// 58 000 6 000 0 7 0000 
28-JAN-2015 03 48094 3 2 9 59 0 04 01 10 230 20 210 3 0000 4 0144 5 0000 6 000 0 7 00 0 0 8 0 0 0 0 333 10 /// 59 009 6 000 0 7 0000 
28-JAN-2015 03 48095 3 2 9 58 0 00 00 10 210 20 195 3 0000 4 0000 5 0000 6 000 0 7 00 0 0 8 0 0 0 0 333 10 /// 58 000 6 000 0 7 0000 
28-JAN-2015 03 48097 3 1 9 40 0 09 01 10 265 20 176 3 0000 4 0150 5 0000 6 000 0 7 40 4 4 8 0 0 0 0 333 10 /// 59 018 6 000 0 7 0000 
28-JAN-2015 03 48099 3 1 4 50 3 32 02 10 230 20 163 3 0000 4 0148 5 0000 6 000 0 7 05 4 4 8 3 8 0 0 333 10 /// 59 003 6 000 0 7 0000 
28-JAN-2015 03 48101 3 2 9 58 0 00 00 10 243 20 191 3 0000 4 0000 5 0000 6 000 0 7 00 0 0 8 0 0 0 0 333 10 /// 58 000 6 000 0 7 0000 
28-JAN-2015 03 48103 3 2 5 56 2 04 02 10 223 20 156 3 0000 4 0143 5 0000 6 000 0 7 00 0 0 8 2 5 0 0 333 10 /// 59 012 6 000 0 7 0000 
28-JAN-2015 03 48107 3 1 9 30 0 32 01 10 232 20 181 3 0000 4 0127 5 0000 6 000 0 7 01 4 4 8 0 0 0 0 333 10 /// 59 011 6 000 0 7 0000 
28-JAN-2015 03 48108 3 1 9 96 3 14 01 10 240 20 174 3 0000 4 0139 5 0000 6 000 0 7 01 4 4 8 0 0 0 6 333 10 /// 59 016 6 000 0 7 0000 
28-JAN-2015 03 48109 3 2 9 97 0 00 00 10 248 20 186 3 0000 4 0145 5 0000 6 000 0 7 00 0 0 8 0 0 0 0 333 10 /// 59 012 6 000 0 7 0000 
28-JAN-2015 03 48110 3 1 9 96 2 13 03 10 265 20 213 3 0000 4 0132 5 0000 6 000 0 7 05 4 4 8 0 0 0 5 333 10 /// 59 018 6 000 0 7 0000 
28-JAN-2015 03 48112 3 2 4 97 8 04 03 10 265 20 235 3 0000 4 0127 5 0000 6 000 0 7 00 0 0 8 3 8 7 6 333 10 /// 59 027 6 000 0 7 0000 
