280900 48004 32562 31301 10262 20179 83800 333 56500=
280900 48008 32557 13401 10272 20133 40118 81200 333 56700 59002=
280900 48010 32560 10000 10280 20184 40111 81100 333 56900 59013=
280900 48018 32560 20402 10280 20146 40110 70211 82800 333 56100 59010=
280900 48019 32960 00401 10285 20196 40114 333 59009=
280900 48025 32958 03601 10280 20158 40113 333 59007=
280900 48030 32957 02204 10210 20091 333=
280900 48031 32960 01401 10230 20074 333=
280900 48033 32963 03601 10310 20169 40104 333 59011=
280900 48034 32457 10902 10252 20105 81500 333 56500=
280900 48035 31560 13601 10261 20102 40082 70500 81100 333 56900 59001=
280900 48037 32960 00000 10315 20169 40103 333 59003=
280900 48039 32960 31401 10300 20149 80002 333 56009=
280900 48042 32958 00040 10307 20169 40109 333 58002=
280900 48043 32057 02705 10240 20136 333=
280900 48045 32560 10902 10231 20074 81100 333 56900=
280900 48048 32960 00401 10315 20163 40108 333 59019=
280900 48051 32960 00402 10318 20140 70200 333=
280900 48052 32970 03201 10350 20182 333=
280900 48053 32956 03601 10320 20140 40095 333 59011=
280900 48055 32957 02502 10272 20133 40076 333 59011=
280900 48057 32958 01401 10248 20068 333=
280900 48060 32950 00000 10270 20085 40090 333 59001=
280900 48062 32958 03704 10290 20230 40111 333 59011=
280900 48064 32970 01401 10293 20215 40090 333 59014=
280900 48065 32950 03202 10320 20140 333=
280900 48071 32960 03203 10275 20184 40113 333 59010=
280900 48072 32960 02701 10295 20239 70222 333=
280900 48074 32960 00403 10315 20140 40099 333 59019=
280900 48075 32960 00000 10295 20100 40079 333 59022=
280900 48077 32959 00000 10338 20145 40096 333 59011=
280900 48078 32959 11801 10321 20140 40104 80001 333 56009 59003=
280900 48080 32960 03206 10313 20230 40097 333 59010=
280900 48085 32958 02705 10300 20207 40102 333 59010=
280900 48087 32960 00401 10324 20163 333=
280900 48092 32958 01302 10325 20157 40089 333 58002=
280900 48093 32958 00401 10311 20169 333=
280900 48094 32960 00401 10335 20165 40104 333 59022=
280900 48095 32960 00000 10340 20164 333=
280900 48097 32557 30501 10330 20151 40110 70211 83500 333 56900 59004=
280900 48099 32560 32302 10330 20151 40115 83800 333 56500 58002=
280900 48101 32960 00401 10308 20169 333=
280900 48103 32957 03201 10327 20151 40098 333 59010=
280900 48107 32950 03201 10342 20125 40087 333 59013=  48109 32997 00401 10300 20207 40115 70222 80000 333 56000 59010=  
280900 48108 32596 43201 10325 20173 40092 81406 333 56909 59010=
280900 48110 31596 81803 10340 20225 40095 70522 81207 333 56909 59006=
280900 48112 32597 80402 10310 20237 40092 70222 83876 333 56199 59010=
