28-JAN-2015 18 48008 3 1 5 10 3 00 00 10 200 20 185 3 0000 4 0130 5 0000 6 000 0 7 10 4 4 8 2 4 3 0 333 10 /// 59 003 6 000 0 7 0000 
28-JAN-2015 18 48010 3 2 0 01 0 00 00 10 170 20 162 3 0000 4 0145 5 0000 6 000 0 7 00 0 0 8 0 0 0 0 333 10 /// 59 005 6 000 0 7 0000 
28-JAN-2015 18 48018 3 2 9 20 0 00 00 10 185 20 139 3 0000 4 0127 5 0000 6 000 0 7 00 0 0 8 0 0 0 0 333 10 /// 59 002 6 000 0 7 0000 
28-JAN-2015 18 48025 3 2 9 05 0 36 01 10 190 20 175 3 0000 4 0137 5 0000 6 000 0 7 00 0 0 8 0 0 0 0 333 10 /// 59 004 6 000 0 7 0000 
28-JAN-2015 18 48042 3 2 9 50 0 00 00 10 193 20 159 3 0000 4 0121 5 0000 6 000 0 7 00 0 0 8 0 0 0 0 333 10 /// 59 004 6 000 0 7 0000 
28-JAN-2015 18 48053 3 2 9 30 0 36 01 10 190 20 175 3 0000 4 0139 5 0000 6 000 0 7 00 0 0 8 0 0 0 0 333 10 /// 58 006 6 000 0 7 0000 
28-JAN-2015 18 48057 3 2 9 39 0 14 01 10 138 20 082 3 0000 4 0000 5 0000 6 000 0 7 00 0 0 8 0 0 0 0 333 10 /// 58 000 6 000 0 7 0000 
28-JAN-2015 18 48060 3 2 9 10 0 00 00 10 150 20 111 3 0000 4 0149 5 0000 6 000 0 7 00 0 0 8 0 0 0 0 333 10 /// 58 000 6 000 0 7 0000 
28-JAN-2015 18 48062 3 1 5 40 3 00 00 10 190 20 180 3 0000 4 0130 5 0000 6 000 0 7 40 4 4 8 2 5 3 0 333 10 /// 59 003 6 000 0 7 0000 
28-JAN-2015 18 48071 3 2 9 30 0 00 00 10 203 20 185 3 0000 4 0126 5 0000 6 000 0 7 00 0 0 8 0 0 0 0 333 10 /// 59 018 6 000 0 7 0000 
28-JAN-2015 18 48094 3 2 9 50 0 00 00 10 215 20 190 3 0000 4 0124 5 0000 6 000 0 7 00 0 0 8 0 0 0 0 333 10 /// 59 007 6 000 0 7 0000 
28-JAN-2015 18 48097 3 2 5 56 2 23 01 10 200 20 185 3 0000 4 0146 5 0000 6 000 0 7 02 1 1 8 2 5 0 0 333 10 /// 58 004 6 000 0 7 0000 
28-JAN-2015 18 48099 3 1 9 40 0 00 00 10 196 20 150 3 0000 4 0116 5 0000 6 000 0 7 10 4 4 8 0 0 0 0 333 10 /// 59 015 6 000 0 7 0000 
28-JAN-2015 18 48108 3 1 9 93 4 05 01 10 200 20 168 3 0000 4 0123 5 0000 6 000 0 7 10 1 1 8 0 0 0 6 333 10 /// 59 001 6 000 0 7 0000 
28-JAN-2015 18 48109 3 2 9 95 0 00 00 10 240 20 191 3 0000 4 0122 5 0000 6 000 0 7 02 2 2 8 0 0 0 0 333 10 /// 58 001 6 000 0 7 0000 
28-JAN-2015 18 48110 3 1 9 94 5 13 02 10 240 20 226 3 0000 4 0114 5 0000 6 000 0 7 05 2 2 8 0 0 0 6 333 10 /// 59 004 6 000 0 7 0000 
28-JAN-2015 18 48112 3 2 5 97 8 04 01 10 251 20 219 3 0000 4 0110 5 0000 6 000 0 7 00 0 0 8 3 8 7 6 333 10 /// 59 002 6 000 0 7 0000 
