280600 48001 32456 23601 10210 20143 40146 82200 333 56500 59020=
280600 48004 32562 20401 10230 20124 82800 333 56900=
280600 48008 32557 20401 10235 20136 40155 82200 333 56100 59003=
280600 48010 32560 11801 10240 20174 40136 81100 333 56900 59020=
280600 48018 32560 20402 10245 20167 40146 82800 333 56100 59010=
280600 48019 32960 00401 10244 20155 40142 333 59017=
280600 48020 32958 03603 10245 20167 333=
280600 48025 31956 00402 10247 20167 40153 70144 333 59015=
280600 48030 32957 02205 10190 20072 333=
280600 48031 32960 03601 10195 20033 333=
280600 48033 32963 02701 10280 20146 40131 333 59012=
280600 48034 32958 01803 10237 20114 333=
280600 48035 31960 00000 10239 20095 40117 70500 333 59007=
280600 48037 32960 00000 10274 20113 40135 333 59009=
280600 48039 32959 21401 10270 20133 80002 333 56009=
280600 48042 32956 02701 10275 20140 40134 333 58003=
280600 48043 32057 03204 10225 20124 333=
280600 48045 32962 01405 10223 20065 333=
280600 48048 32960 00401 10275 20158 40152 333 59001=
280600 48051 32956 00401 10276 20150 70200 333=
280600 48052 32970 03203 10280 20158 333=
280600 48053 32956 03602 10280 20146 40125 333 59019=
280600 48055 32956 00404 10214 20125 40115 333 59015=
280600 48057 32958 02701 10220 20087 333=
280600 48060 32950 00000 10220 20111 40133 333 59009=
280600 48062 32960 00102 10270 20230 40139 333 58014=
280600 48064 32970 00401 10270 20191 40112 333 59019=
280600 48065 32970 00000 10286 20159 333=
280600 48071 32960 03202 10263 20179 40138 333 59012=
280600 48072 32960 00401 10280 20233 70222 333=
280600 48074 32960 01801 10275 20146 40136 333 59011=
280600 48075 32958 02201 10250 20150 40139 333 59004=
280600 48077 32959 00401 10304 20149 40121 333 59021=
280600 48078 32958 11802 10315 20157 40146 80001 333 56009 58008=
280600 48080 32561 02201 10311 20225 40120 333 59011=
280600 48085 31958 02704 10300 20185 40123 70500 333 59016=
280600 48087 32960 00401 10290 20196 333=
280600 48092 31956 00402 10310 20135 40121 70522 333 59005=
280600 48093 32958 00403 10287 20159 70211 333=
280600 48094 32960 00401 10315 20175 40131 333 59014=
280600 48095 32960 00401 10300 20149 333=
280600 48097 32557 31301 10310 20169 40132 70244 83500 333 56900 59010=
280600 48099 32557 21302 10297 20166 40120 82500 333 56900 59016=
280600 48101 32960 03201 10302 20149 333=
280600 48103 32957 00402 10306 20146 40140 333 59007=
280600 48107 32950 00402 10320 20140 40116 333 59006=
280600 48108 31996 40502 10330 20172 40122 70344 80006 333 56009 59015=
280600 48109 32997 00000 10298 20207 40145 70222 333 59007=
280600 48110 31596 63201 10330 20224 40120 70522 81206 333 56209 59014=
280600 48112 32597 80402 10315 20243 40116 70222 83876 333 56199 59010=  
