28-JUL-2015 03 48001 2 2 4 40 6 32 01 10 250 20 233 3 0000 4 0069 5 0000 6 000 0 7 00 0 0 8 6 8 0 0 333 10 /// 59 007 6 000 0 7 0000 
28-JUL-2015 03 48004 2 2 4 60 5 13 01 10 258 20 246 3 0000 4 0000 5 0000 6 000 0 7 00 0 0 8 5 9 0 0 333 10 /// 58 000 6 000 0 7 0000 
28-JUL-2015 03 48008 3 2 5 57 6 00 00 10 270 20 240 3 0000 4 0054 5 0000 6 000 0 7 00 0 0 8 3 9 7 0 333 10 /// 59 001 6 000 0 7 0000 
28-JUL-2015 03 48010 2 1 4 20 8 00 00 10 250 20 250 3 0000 4 0053 5 0000 6 000 0 7 50 5 5 8 8 7 / / 333 10 /// 59 003 6 000 0 7 0000 
28-JUL-2015 03 48018 2 1 5 56 8 00 00 10 245 20 245 3 0000 4 0060 5 0000 6 000 0 7 61 6 6 8 5 9 7 / 333 10 /// 58 056 6 000 0 7 0000 
28-JUL-2015 03 48019 2 2 4 56 8 32 01 10 255 20 246 3 0000 4 0053 5 0000 6 000 0 7 00 0 0 8 5 7 7 0 333 10 /// 58 008 6 000 0 7 0000 
28-JUL-2015 03 48020 2 2 3 58 7 18 02 10 255 20 247 3 0000 4 0000 5 0000 6 000 0 7 00 0 0 8 4 7 2 0 333 10 /// 58 000 6 000 0 7 0000 
28-JUL-2015 03 48025 2 2 1 20 8 14 01 10 250 20 233 3 0000 4 0046 5 0000 6 000 0 7 00 0 0 8 5 8 7 / 333 10 /// 58 004 6 000 0 7 0000 
28-JUL-2015 03 48030 2 1 / 01 9 04 04 10 176 20 176 3 0000 4 0000 5 0000 6 000 0 7 61 6 6 8 9 / / / 333 10 /// 58 000 6 000 0 7 0000 
28-JUL-2015 03 48031 2 1 / 03 9 04 01 10 180 20 180 3 0000 4 0000 5 0000 6 000 0 7 47 6 4 8 9 / / / 333 10 /// 58 000 6 000 0 7 0000 
28-JUL-2015 03 48033 2 2 5 62 5 18 01 10 270 20 240 3 0000 4 0045 5 0000 6 000 0 7 00 0 0 8 4 8 3 0 333 10 /// 59 003 6 000 0 7 0000 
28-JUL-2015 03 48034 2 1 3 56 8 23 01 10 200 20 192 3 0000 4 0000 5 0000 6 000 0 7 20 6 5 8 6 9 2 / 333 10 /// 58 000 6 000 0 7 0000 
28-JUL-2015 03 48035 3 1 4 60 8 32 01 10 225 20 214 3 0000 4 0064 5 0000 6 000 0 7 50 6 6 8 5 9 7 / 333 10 /// 59 007 6 000 0 7 0000 
28-JUL-2015 03 48037 2 2 4 58 7 18 01 10 260 20 246 3 0000 4 0028 5 0000 6 000 0 7 00 0 0 8 4 7 7 0 333 10 /// 59 006 6 000 0 7 0000 
28-JUL-2015 03 48039 2 2 4 58 7 14 02 10 271 20 240 3 0000 4 0000 5 0000 6 000 0 7 00 0 0 8 4 8 6 0 333 10 /// 58 000 6 000 0 7 0000 
28-JUL-2015 03 48042 2 2 5 58 7 18 02 10 270 20 240 3 0000 4 0048 5 0000 6 000 0 7 00 0 0 8 4 8 5 0 333 10 /// 58 000 6 000 0 7 0000 
28-JUL-2015 03 48043 3 2 5 56 8 18 03 10 210 20 210 3 0000 4 0000 5 0000 6 000 0 7 00 0 0 8 5 8 7 / 333 10 /// 58 000 6 000 0 7 0000 
28-JUL-2015 03 48045 2 1 0 02 9 04 02 10 187 20 187 3 0000 4 0000 5 0000 6 000 0 7 62 6 4 8 9 / / / 333 10 /// 58 000 6 000 0 7 0000 
28-JUL-2015 03 48048 2 1 5 58 8 22 01 10 260 20 246 3 0000 4 0048 5 0000 6 000 0 7 50 5 5 8 6 9 7 / 333 10 /// 58 013 6 000 0 7 0000 
28-JUL-2015 03 48051 2 1 4 58 8 13 04 10 254 20 250 3 0000 4 0000 5 0000 6 000 0 7 50 2 2 8 6 9 7 0 333 10 /// 58 000 6 000 0 7 0000 
28-JUL-2015 03 48052 2 2 4 60 8 13 01 10 262 20 246 3 0000 4 0000 5 0000 6 000 0 7 00 0 0 8 6 9 3 0 333 10 /// 58 000 6 000 0 7 0000 
28-JUL-2015 03 48053 2 2 4 56 8 18 03 10 260 20 236 3 0000 4 0066 5 0000 6 000 0 7 00 0 0 8 5 7 7 / 333 10 /// 58 009 6 000 0 7 0000 
28-JUL-2015 03 48055 2 1 1 40 8 22 02 10 208 20 208 3 0000 4 0076 5 0000 6 000 0 7 60 6 6 8 6 9 7 / 333 10 /// 59 001 6 000 0 7 0000 
28-JUL-2015 03 48057 2 1 4 58 8 15 03 10 194 20 194 3 0000 4 0000 5 0000 6 000 0 7 02 5 5 8 6 9 5 0 333 10 /// 58 000 6 000 0 7 0000 
28-JUL-2015 03 48060 2 2 3 40 8 00 00 10 242 20 226 3 0000 4 0082 5 0000 6 000 0 7 00 0 0 8 5 9 7 / 333 10 /// 59 009 6 000 0 7 0000 
28-JUL-2015 03 48062 2 1 3 56 8 18 06 10 255 20 255 3 0000 4 0014 5 0000 6 000 0 7 50 5 5 8 6 9 2 0 333 10 /// 59 002 6 000 0 7 0000 
28-JUL-2015 03 48064 2 1 4 50 8 04 01 10 260 20 260 3 0000 4 0039 5 0000 6 000 0 7 00 0 0 8 4 8 2 0 333 10 /// 58 015 6 000 0 7 0000 
28-JUL-2015 03 48065 2 1 4 50 8 22 03 10 256 20 246 3 0000 4 0000 5 0000 6 000 0 7 02 5 0 8 5 9 7 0 333 10 /// 58 000 6 000 0 7 0000 
28-JUL-2015 03 48071 2 1 4 58 8 23 03 10 260 20 258 3 0000 4 0032 5 0000 6 000 0 7 63 6 6 8 6 9 2 / 333 10 /// 59 005 6 000 0 7 0000 
28-JUL-2015 03 48074 2 1 2 50 8 14 07 10 250 20 233 3 0000 4 0084 5 0000 6 000 0 7 20 5 5 8 6 7 2 / 333 10 /// 59 001 6 000 0 7 0000 
28-JUL-2015 03 48075 2 1 4 57 8 14 01 10 230 20 214 3 0000 4 0076 5 0000 6 000 0 7 20 6 5 8 6 9 7 / 333 10 /// 58 002 6 000 0 7 0000 
28-JUL-2015 03 48077 2 1 4 58 8 00 00 10 250 20 233 3 0000 4 0053 5 0000 6 000 0 7 61 6 6 8 5 9 7 0 333 10 /// 58 004 6 000 0 7 0000 
28-JUL-2015 03 48078 2 1 4 40 8 18 02 10 250 20 242 3 0000 4 0080 5 0000 6 000 0 7 50 5 5 8 5 7 7 / 333 10 /// 59 008 6 000 0 7 0000 
28-JUL-2015 03 48080 2 1 4 59 8 22 12 10 253 20 250 3 0000 4 0073 5 0000 6 000 0 7 60 6 5 8 6 7 2 0 333 10 /// 58 007 6 000 0 7 0000 
28-JUL-2015 03 48085 2 1 3 56 8 14 03 10 254 20 250 3 0000 4 0066 5 0000 6 000 0 7 95 9 6 8 6 9 2 0 333 10 /// 59 006 6 000 0 7 0000 
28-JUL-2015 03 48087 2 1 4 50 8 14 01 10 260 20 260 3 0000 4 0000 5 0000 6 000 0 7 50 5 5 8 5 9 7 / 333 10 /// 58 000 6 000 0 7 0000 
28-JUL-2015 03 48092 2 2 4 56 7 16 01 10 280 20 259 3 0000 4 0063 5 0000 6 000 0 7 00 0 0 8 5 9 7 0 333 10 /// 59 006 6 000 0 7 0000 
28-JUL-2015 03 48093 2 1 4 50 8 23 01 10 260 20 258 3 0000 4 0000 5 0000 6 000 0 7 61 6 6 8 6 9 7 / 333 10 /// 58 000 6 000 0 7 0000 
28-JUL-2015 03 48094 2 1 4 56 8 22 02 10 265 20 260 3 0000 4 0069 5 0000 6 000 0 7 03 6 5 8 6 9 7 / 333 10 /// 59 004 6 000 0 7 0000 
28-JUL-2015 03 48095 2 2 4 58 7 18 02 10 270 20 270 3 0000 4 0000 5 0000 6 000 0 7 02 2 2 8 6 9 7 0 333 10 /// 58 000 6 000 0 7 0000 
28-JUL-2015 03 48097 2 1 5 57 8 23 02 10 290 20 259 3 0000 4 0105 5 0000 6 000 0 7 02 6 5 8 5 5 3 / 333 10 /// 58 001 6 000 0 7 0000 
28-JUL-2015 03 48099 2 1 4 50 4 04 05 10 252 20 233 3 0000 4 0099 5 0000 6 000 0 7 01 5 5 8 3 9 3 0 333 10 /// 59 008 6 000 0 7 0000 
28-JUL-2015 03 48101 2 1 4 57 8 23 04 10 270 20 256 3 0000 4 0000 5 0000 6 000 0 7 61 6 5 8 6 9 7 / 333 10 /// 58 000 6 000 0 7 0000 
28-JUL-2015 03 48103 2 1 4 50 6 14 03 10 274 20 240 3 0000 4 0102 5 0000 6 000 0 7 01 5 5 8 4 7 3 0 333 10 /// 59 007 6 000 0 7 0000 
28-JUL-2015 03 48107 2 2 3 50 6 27 01 10 258 20 246 3 0000 4 0107 5 0000 6 000 0 7 00 0 0 8 4 9 7 0 333 10 /// 59 011 6 000 0 7 0000 
28-JUL-2015 03 48108 2 1 4 94 8 23 02 10 240 20 233 3 0000 4 0128 5 0000 6 000 0 7 50 5 5 8 5 3 7 / 333 10 /// 59 017 6 000 0 7 0000 
28-JUL-2015 03 48109 2 2 4 97 7 23 10 10 293 20 259 3 0000 4 0094 5 0000 6 000 0 7 02 2 2 8 5 9 3 0 333 10 /// 59 004 6 000 0 7 0000 
28-JUL-2015 03 48110 2 2 4 95 8 13 05 10 290 20 259 3 0000 4 0123 5 0000 6 000 0 7 00 0 0 8 4 3 7 7 333 10 /// 59 013 6 000 0 7 0000 
28-JUL-2015 03 48112 3 2 5 97 8 04 02 10 272 20 256 3 0000 4 0125 5 0000 6 000 0 7 00 0 0 8 3 8 7 6 333 10 /// 59 005 6 000 0 7 0000 
