28-JUL-2015 06 48001 3 2 5 56 3 09 01 10 290 20 230 3 0000 4 0029 5 0000 6 000 0 7 00 0 0 8 3 2 0 0 333 10 /// 59 010 6 000 0 7 0000 
28-JUL-2015 06 48004 3 1 4 60 5 13 01 10 288 20 259 3 0000 4 0000 5 0000 6 000 0 7 50 6 5 8 5 9 0 0 333 10 /// 58 000 6 000 0 7 0000 
28-JUL-2015 06 48008 3 2 5 58 6 14 01 10 300 20 239 3 0000 4 0051 5 0000 6 000 0 7 00 0 0 8 3 9 7 0 333 10 /// 58 008 6 000 0 7 0000 
28-JUL-2015 06 48010 2 1 4 50 8 00 00 10 250 20 250 3 0000 4 0045 5 0000 6 000 0 7 61 6 6 8 8 7 / / 333 10 /// 59 007 6 000 0 7 0000 
28-JUL-2015 06 48018 2 1 5 57 8 23 01 10 265 20 246 3 0000 4 0058 5 0000 6 000 0 7 15 6 6 8 5 9 7 / 333 10 /// 59 004 6 000 0 7 0000 
28-JUL-2015 06 48019 2 1 4 56 8 04 01 10 260 20 246 3 0000 4 0057 5 0000 6 000 0 7 60 6 6 8 5 7 7 / 333 10 /// 58 010 6 000 0 7 0000 
28-JUL-2015 06 48020 2 1 3 58 7 27 03 10 260 20 246 3 0000 4 0000 5 0000 6 000 0 7 20 5 5 8 5 7 3 0 333 10 /// 58 000 6 000 0 7 0000 
28-JUL-2015 06 48025 2 1 1 20 8 00 00 10 265 20 246 3 0000 4 0044 5 0000 6 000 0 7 20 5 5 8 5 8 7 / 333 10 /// 59 006 6 000 0 7 0000 
28-JUL-2015 06 48030 2 1 / 02 9 04 01 10 179 20 179 3 0000 4 0000 5 0000 6 000 0 7 61 6 6 8 9 / / / 333 10 /// 58 000 6 000 0 7 0000 
28-JUL-2015 06 48031 3 1 / 03 9 14 02 10 170 20 170 3 0000 4 0000 5 0000 6 000 0 7 47 4 4 8 9 / / / 333 10 /// 58 000 6 000 0 7 0000 
28-JUL-2015 06 48033 3 2 5 62 7 18 01 10 280 20 233 3 0000 4 0034 5 0000 6 000 0 7 00 0 0 8 6 9 3 0 333 10 /// 59 012 6 000 0 7 0000 
28-JUL-2015 06 48034 2 1 3 56 7 23 01 10 205 20 197 3 0000 4 0000 5 0000 6 000 0 7 20 5 5 8 7 3 0 0 333 10 /// 58 000 6 000 0 7 0000 
28-JUL-2015 06 48035 3 1 5 60 8 22 01 10 247 20 219 3 0000 4 0046 5 0000 6 000 0 7 50 2 2 8 5 9 7 / 333 10 /// 59 003 6 000 0 7 0000 
28-JUL-2015 06 48037 3 2 4 60 7 18 01 10 275 20 250 3 0000 4 0038 5 0000 6 000 0 7 00 0 0 8 5 8 7 0 333 10 /// 59 003 6 000 0 7 0000 
28-JUL-2015 06 48039 2 1 4 58 8 14 02 10 275 20 250 3 0000 4 0000 5 0000 6 000 0 7 03 5 5 8 8 9 / / 333 10 /// 58 000 6 000 0 7 0000 
28-JUL-2015 06 48042 3 2 5 59 8 18 03 10 293 20 248 3 0000 4 0042 5 0000 6 000 0 7 00 0 0 8 5 8 7 / 333 10 /// 59 002 6 000 0 7 0000 
28-JUL-2015 06 48043 3 2 5 56 2 12 05 10 230 20 214 3 0000 4 0000 5 0000 6 000 0 7 00 0 0 8 5 8 7 / 333 10 /// 58 000 6 000 0 7 0000 
28-JUL-2015 06 48045 2 1 0 02 9 14 02 10 190 20 190 3 0000 4 0000 5 0000 6 000 0 7 62 6 4 8 9 / / / 333 10 /// 58 000 6 000 0 7 0000 
28-JUL-2015 06 48048 3 2 5 58 8 22 01 10 295 20 239 3 0000 4 0037 5 0000 6 000 0 7 00 0 0 8 6 9 7 / 333 10 /// 58 001 6 000 0 7 0000 
28-JUL-2015 06 48051 2 1 4 56 8 13 05 10 253 20 253 3 0000 4 0000 5 0000 6 000 0 7 60 6 6 8 6 9 7 0 333 10 /// 58 000 6 000 0 7 0000 
28-JUL-2015 06 48052 2 2 4 65 8 13 02 10 285 20 248 3 0000 4 0000 5 0000 6 000 0 7 00 0 0 8 5 9 7 0 333 10 /// 58 000 6 000 0 7 0000 
28-JUL-2015 06 48053 2 1 4 50 8 18 05 10 260 20 246 3 0000 4 0054 5 0000 6 000 0 7 50 5 5 8 5 9 7 / 333 10 /// 59 000 6 000 0 7 0000 
28-JUL-2015 06 48055 2 2 2 56 7 18 04 10 243 20 209 3 0000 4 0055 5 0000 6 000 0 7 00 0 0 8 5 9 7 0 333 10 /// 59 001 6 000 0 7 0000 
28-JUL-2015 06 48057 2 1 4 58 8 22 02 10 200 20 185 3 0000 4 0000 5 0000 6 000 0 7 50 5 5 8 6 9 7 0 333 10 /// 58 000 6 000 0 7 0000 
28-JUL-2015 06 48060 2 1 3 40 8 00 00 10 250 20 219 3 0000 4 0062 5 0000 6 000 0 7 63 6 6 8 5 9 7 / 333 10 /// 59 005 6 000 0 7 0000 
28-JUL-2015 06 48062 2 1 3 56 8 23 09 10 255 20 250 3 0000 4 0012 5 0000 6 000 0 7 50 5 5 8 6 9 2 0 333 10 /// 59 006 6 000 0 7 0000 
28-JUL-2015 06 48064 3 2 4 50 8 04 01 10 262 20 246 3 0000 4 0023 5 0000 6 000 0 7 00 0 0 8 4 8 2 0 333 10 /// 58 001 6 000 0 7 0000 
28-JUL-2015 06 48065 2 1 4 56 8 14 02 10 262 20 246 3 0000 4 0000 5 0000 6 000 0 7 50 5 2 8 6 9 7 / 333 10 /// 58 000 6 000 0 7 0000 
28-JUL-2015 06 48071 2 1 3 56 8 23 05 10 247 20 247 3 0000 4 0034 5 0000 6 000 0 7 95 9 9 8 6 9 2 / 333 10 /// 59 001 6 000 0 7 0000 
28-JUL-2015 06 48074 2 1 3 56 8 23 04 10 260 20 246 3 0000 4 0082 5 0000 6 000 0 7 50 6 5 8 6 7 2 / 333 10 /// 58 001 6 000 0 7 0000 
28-JUL-2015 06 48075 2 1 4 56 8 00 00 10 225 20 217 3 0000 4 0082 5 0000 6 000 0 7 50 5 5 8 6 9 7 / 333 10 /// 59 011 6 000 0 7 0000 
28-JUL-2015 06 48077 2 1 4 57 8 00 00 10 260 20 246 3 0000 4 0053 5 0000 6 000 0 7 61 6 6 8 5 9 7 0 333 10 /// 58 005 6 000 0 7 0000 
28-JUL-2015 06 48078 2 1 4 40 8 18 01 10 258 20 253 3 0000 4 0076 5 0000 6 000 0 7 50 6 5 8 5 7 2 / 333 10 /// 59 005 6 000 0 7 0000 
28-JUL-2015 06 48080 2 1 4 59 8 04 02 10 252 20 250 3 0000 4 0052 5 0000 6 000 0 7 02 6 5 8 5 8 7 0 333 10 /// 59 001 6 000 0 7 0000 
28-JUL-2015 06 48085 2 1 3 57 8 18 06 10 268 20 256 3 0000 4 0057 5 0000 6 000 0 7 50 6 5 8 6 9 2 0 333 10 /// 59 005 6 000 0 7 0000 
28-JUL-2015 06 48087 2 1 4 50 8 00 00 10 255 20 255 3 0000 4 0000 5 0000 6 000 0 7 50 6 5 8 5 9 7 / 333 10 /// 58 000 6 000 0 7 0000 
28-JUL-2015 06 48092 2 1 4 50 8 22 06 10 245 20 233 3 0000 4 0062 5 0000 6 000 0 7 60 6 6 8 6 9 2 / 333 10 /// 59 004 6 000 0 7 0000 
28-JUL-2015 06 48093 2 1 4 50 8 23 03 10 247 20 233 3 0000 4 0000 5 0000 6 000 0 7 61 6 6 8 6 9 7 / 333 10 /// 58 000 6 000 0 7 0000 
28-JUL-2015 06 48094 2 1 4 59 8 22 02 10 270 20 265 3 0000 4 0070 5 0000 6 000 0 7 03 6 5 8 6 9 4 / 333 10 /// 58 001 6 000 0 7 0000 
28-JUL-2015 06 48095 2 1 4 58 8 00 00 10 250 20 250 3 0000 4 0000 5 0000 6 000 0 7 61 5 5 8 2 8 7 0 333 10 /// 58 000 6 000 0 7 0000 
28-JUL-2015 06 48097 2 1 4 57 8 24 03 10 240 20 240 3 0000 4 0092 5 0000 6 000 0 7 60 6 6 8 6 9 7 / 333 10 /// 59 008 6 000 0 7 0000 
28-JUL-2015 06 48099 2 1 5 30 8 23 06 10 260 20 246 3 0000 4 0090 5 0000 6 000 0 7 61 6 5 8 6 9 7 / 333 10 /// 59 007 6 000 0 7 0000 
28-JUL-2015 06 48101 2 1 5 58 8 23 03 10 284 20 248 3 0000 4 0000 5 0000 6 000 0 7 02 6 5 8 5 9 7 / 333 10 /// 58 000 6 000 0 7 0000 
28-JUL-2015 06 48103 2 1 4 50 8 14 02 10 265 20 246 3 0000 4 0091 5 0000 6 000 0 7 50 6 5 8 6 7 7 / 333 10 /// 59 004 6 000 0 7 0000 
28-JUL-2015 06 48107 3 2 3 50 6 18 02 10 289 20 248 3 0000 4 0100 5 0000 6 000 0 7 00 0 0 8 4 9 7 0 333 10 /// 59 001 6 000 0 7 0000 
28-JUL-2015 06 48108 2 1 4 94 8 23 03 10 280 20 242 3 0000 4 0113 5 0000 6 000 0 7 50 5 5 8 5 3 7 / 333 10 /// 59 015 6 000 0 7 0000 
28-JUL-2015 06 48110 2 1 4 95 8 13 02 10 310 20 260 3 0000 4 0118 5 0000 6 000 0 7 02 5 5 8 4 3 5 7 333 10 /// 59 013 6 000 0 7 0000 
28-JUL-2015 06 48112 3 2 5 97 8 04 01 10 321 20 265 3 0000 4 0123 5 0000 6 000 0 7 00 0 0 8 4 8 7 6 333 10 /// 59 003 6 000 0 7 0000 
