28-JUN-2015 09 48001 2 1 4 40 6 00 00 10 297 20 253 3 0000 4 0057 5 0000 6 000 0 7 01 6 6 8 3 8 5 0 333 10 /// 58 044 6 000 0 7 0000 
28-JUN-2015 09 48004 2 1 4 60 6 04 02 10 300 20 253 3 0000 4 0000 5 0000 6 000 0 7 02 6 5 8 6 9 0 0 333 10 /// 58 000 6 000 0 7 0000 
28-JUN-2015 09 48008 2 2 4 57 4 32 01 10 327 20 244 3 0000 4 0056 5 0000 6 000 0 7 00 0 0 8 2 9 7 0 333 10 /// 58 044 6 000 0 7 0000 
28-JUN-2015 09 48010 3 2 5 58 6 22 01 10 280 20 268 3 0000 4 0060 5 0000 6 000 0 7 00 0 0 8 4 7 3 0 333 10 /// 58 048 6 000 0 7 0000 
28-JUN-2015 09 48018 3 2 5 60 7 22 01 10 325 20 236 3 0000 4 0067 5 0000 6 000 0 7 00 0 0 8 4 9 7 / 333 10 /// 58 049 6 000 0 7 0000 
28-JUN-2015 09 48019 3 2 4 60 6 23 02 10 330 20 275 3 0000 4 0065 5 0000 6 000 0 7 00 0 0 8 4 7 6 0 333 10 /// 58 064 6 000 0 7 0000 
28-JUN-2015 09 48020 3 2 3 58 6 32 03 10 325 20 270 3 0000 4 0000 5 0000 6 000 0 7 00 0 0 8 4 8 3 0 333 10 /// 58 000 6 000 0 7 0000 
28-JUN-2015 09 48025 3 2 4 56 7 14 01 10 315 20 254 3 0000 4 0065 5 0000 6 000 0 7 00 0 0 8 4 8 7 0 333 10 /// 58 057 6 000 0 7 0000 
28-JUN-2015 09 48030 2 1 2 56 8 22 01 10 216 20 185 3 0000 4 0000 5 0000 6 000 0 7 02 5 5 8 6 8 4 0 333 10 /// 58 000 6 000 0 7 0000 
28-JUN-2015 09 48031 2 1 / 05 9 27 01 10 210 20 210 3 0000 4 0000 5 0000 6 000 0 7 60 6 4 8 9 / / / 333 10 /// 58 000 6 000 0 7 0000 
28-JUN-2015 09 48033 3 2 5 62 7 18 01 10 290 20 230 3 0000 4 0080 5 0000 6 000 0 7 00 0 0 8 6 9 7 0 333 10 /// 58 075 6 000 0 7 0000 
28-JUN-2015 09 48034 2 1 3 56 8 23 02 10 218 20 205 3 0000 4 0000 5 0000 6 000 0 7 50 5 5 8 6 9 2 / 333 10 /// 58 000 6 000 0 7 0000 
28-JUN-2015 09 48035 3 2 5 60 8 22 02 10 294 20 215 3 0000 4 0040 5 0000 6 000 0 7 00 0 0 8 5 9 7 / 333 10 /// 58 023 6 000 0 7 0000 
28-JUN-2015 09 48037 3 2 4 60 7 18 01 10 320 20 236 3 0000 4 0065 5 0000 6 000 0 7 00 0 0 8 5 3 7 0 333 10 /// 58 058 6 000 0 7 0000 
28-JUN-2015 09 48039 3 2 4 60 7 14 02 10 316 20 236 3 0000 4 0000 5 0000 6 000 0 7 00 0 0 8 5 9 6 0 333 10 /// 58 000 6 000 0 7 0000 
28-JUN-2015 09 48042 3 2 5 59 6 18 07 10 338 20 240 3 0000 4 0057 5 0000 6 000 0 7 00 0 0 8 3 8 5 0 333 10 /// 59 049 6 000 0 7 0000 
28-JUN-2015 09 48043 2 2 5 56 8 00 00 10 225 20 214 3 0000 4 0000 5 0000 6 000 0 7 00 0 0 8 5 8 7 / 333 10 /// 58 000 6 000 0 7 0000 
28-JUN-2015 09 48045 3 1 0 02 9 09 02 10 206 20 195 3 0000 4 0000 5 0000 6 000 0 7 45 4 4 8 9 / / / 333 10 /// 58 000 6 000 0 7 0000 
28-JUN-2015 09 48048 3 2 5 60 7 22 03 10 310 20 225 3 0000 4 0067 5 0000 6 000 0 7 00 0 0 8 5 9 7 0 333 10 /// 58 060 6 000 0 7 0000 
28-JUN-2015 09 48051 3 2 5 59 7 13 01 10 269 20 260 3 0000 4 0000 5 0000 6 000 0 7 02 2 2 8 6 9 3 0 333 10 /// 58 000 6 000 0 7 0000 
28-JUN-2015 09 48052 2 2 4 68 5 13 01 10 314 20 254 3 0000 4 0000 5 0000 6 000 0 7 00 0 0 8 5 9 0 0 333 10 /// 58 000 6 000 0 7 0000 
28-JUN-2015 09 48053 3 2 4 56 7 18 04 10 310 20 237 3 0000 4 0071 5 0000 6 000 0 7 00 0 0 8 5 9 5 2 333 10 /// 58 042 6 000 0 7 0000 
28-JUN-2015 09 48055 2 1 5 56 6 04 05 10 271 20 226 3 0000 4 0057 5 0000 6 000 0 7 01 5 5 8 6 9 0 0 333 10 /// 58 033 6 000 0 7 0000 
28-JUN-2015 09 48057 2 1 4 57 7 22 02 10 226 20 198 3 0000 4 0000 5 0000 6 000 0 7 01 5 5 8 5 9 5 0 333 10 /// 58 000 6 000 0 7 0000 
28-JUN-2015 09 48060 3 2 3 50 7 00 00 10 318 20 208 3 0000 4 0027 5 0000 6 000 0 7 00 0 0 8 5 8 3 0 333 10 /// 59 004 6 000 0 7 0000 
28-JUN-2015 09 48062 2 2 4 56 8 13 04 10 270 20 260 3 0000 4 0085 5 0000 6 000 0 7 02 2 2 8 6 9 7 0 333 10 /// 58 065 6 000 0 7 0000 
28-JUN-2015 09 48064 2 2 4 70 8 36 01 10 298 20 266 3 0000 4 0063 5 0000 6 000 0 7 00 0 0 8 4 8 7 0 333 10 /// 58 049 6 000 0 7 0000 
28-JUN-2015 09 48065 3 2 4 57 7 14 02 10 293 20 259 3 0000 4 0000 5 0000 6 000 0 7 00 0 0 8 5 8 7 0 333 10 /// 58 000 6 000 0 7 0000 
28-JUN-2015 09 48071 2 1 4 58 8 23 02 10 253 20 250 3 0000 4 0081 5 0000 6 000 0 7 20 5 2 8 6 9 2 / 333 10 /// 58 049 6 000 0 7 0000 
28-JUN-2015 09 48072 2 1 4 59 8 27 02 10 270 20 270 3 0000 4 0000 5 0000 6 000 0 7 50 6 5 8 6 9 7 0 333 10 /// 58 000 6 000 0 7 0000 
28-JUN-2015 09 48074 3 2 4 57 7 23 04 10 296 20 253 3 0000 4 0093 5 0000 6 000 0 7 00 0 0 8 5 9 7 0 333 10 /// 58 041 6 000 0 7 0000 
28-JUN-2015 09 48075 3 2 4 57 7 27 03 10 260 20 215 3 0000 4 0085 5 0000 6 000 0 7 01 2 2 8 5 6 3 0 333 10 /// 58 028 6 000 0 7 0000 
28-JUN-2015 09 48077 3 2 5 59 8 23 01 10 290 20 248 3 0000 4 0088 5 0000 6 000 0 7 00 0 0 8 5 9 7 0 333 10 /// 58 054 6 000 0 7 0000 
28-JUN-2015 09 48078 2 1 5 58 7 18 03 10 281 20 259 3 0000 4 0097 5 0000 6 000 0 7 01 5 5 8 4 5 7 / 333 10 /// 58 036 6 000 0 7 0000 
28-JUN-2015 09 48080 2 1 4 59 8 04 03 10 270 20 250 3 0000 4 0091 5 0000 6 000 0 7 50 6 5 8 6 7 7 0 333 10 /// 58 050 6 000 0 7 0000 
28-JUN-2015 09 48085 2 2 4 57 8 22 03 10 280 20 258 3 0000 4 0089 5 0000 6 000 0 7 00 0 0 8 6 9 2 0 333 10 /// 58 046 6 000 0 7 0000 
28-JUN-2015 09 48087 2 2 4 58 8 23 01 10 280 20 250 3 0000 4 0000 5 0000 6 000 0 7 03 2 2 8 5 9 7 / 333 10 /// 58 000 6 000 0 7 0000 
28-JUN-2015 09 48092 3 2 4 57 7 18 01 10 300 20 239 3 0000 4 0079 5 0000 6 000 0 7 00 0 0 8 5 3 7 0 333 10 /// 58 034 6 000 0 7 0000 
28-JUN-2015 09 48093 2 1 5 57 8 23 01 10 287 20 259 3 0000 4 0000 5 0000 6 000 0 7 02 5 5 8 6 3 7 / 333 10 /// 58 000 6 000 0 7 0000 
28-JUN-2015 09 48094 2 1 4 58 8 22 01 10 252 20 240 3 0000 4 0091 5 0000 6 000 0 7 51 6 5 8 6 9 2 0 333 10 /// 58 032 6 000 0 7 0000 
28-JUN-2015 09 48095 2 2 5 58 7 00 00 10 270 20 256 3 0000 4 0000 5 0000 6 000 0 7 01 2 2 8 3 6 7 0 333 10 /// 58 000 6 000 0 7 0000 
28-JUN-2015 09 48097 3 2 5 57 8 13 04 10 290 20 248 3 0000 4 0102 5 0000 6 000 0 7 00 0 0 8 6 3 3 / 333 10 /// 58 032 6 000 0 7 0000 
28-JUN-2015 09 48099 2 2 4 50 5 04 01 10 280 20 230 3 0000 4 0107 5 0000 6 000 0 7 01 2 2 8 2 8 3 0 333 10 /// 58 033 6 000 0 7 0000 
28-JUN-2015 09 48101 2 1 5 58 8 23 01 10 267 20 256 3 0000 4 0000 5 0000 6 000 0 7 02 5 2 8 5 9 7 / 333 10 /// 58 000 6 000 0 7 0000 
28-JUN-2015 09 48103 2 2 4 56 6 14 02 10 302 20 253 3 0000 4 0096 5 0000 6 000 0 7 00 0 0 8 4 8 3 0 333 10 /// 58 017 6 000 0 7 0000 
28-JUN-2015 09 48107 2 1 3 30 8 04 01 10 244 20 244 3 0000 4 0112 5 0000 6 000 0 7 61 6 6 8 4 9 7 / 333 10 /// 58 020 6 000 0 7 0000 
28-JUN-2015 09 48108 2 1 4 94 8 23 02 10 255 20 248 3 0000 4 0132 5 0000 6 000 0 7 50 5 5 8 4 3 7 / 333 10 /// 58 020 6 000 0 7 0000 
28-JUN-2015 09 48110 2 1 4 96 8 13 03 10 290 20 248 3 0000 4 0125 5 0000 6 000 0 7 02 5 5 8 5 3 7 7 333 10 /// 58 014 6 000 0 7 0000 
28-JUN-2015 09 48112 2 1 5 97 8 22 01 10 267 20 256 3 0000 4 0120 5 0000 6 000 0 7 01 5 2 8 3 8 7 6 333 10 /// 58 021 6 000 0 7 0000 
