28-JUL-2015 00 48008 2 1 4 50 8 00 00 10 250 20 233 3 0000 4 0050 5 0000 6 000 0 7 03 6 6 8 5 9 7 / 333 20 236 59 004 6 002 2 7 0000 
28-JUL-2015 00 48010 2 1 4 30 8 36 01 10 240 20 240 3 0000 4 0042 5 0000 6 000 0 7 02 6 6 8 8 7 / / 333 20 225 59 010 6 020 2 7 0000 
28-JUL-2015 00 48018 2 1 5 56 8 00 00 10 240 20 240 3 0000 4 0039 5 0000 6 000 0 7 61 6 6 8 5 9 7 / 333 20 240 59 016 6 009 2 7 0000 
28-JUL-2015 00 48019 2 2 4 40 8 32 01 10 246 20 240 3 0000 4 0039 5 0000 6 000 0 7 00 0 0 8 5 7 7 / 333 20 245 59 006 6 004 2 7 0000 
28-JUL-2015 00 48025 2 1 1 10 8 14 01 10 244 20 244 3 0000 4 0031 5 0000 6 000 0 7 02 6 5 8 5 7 7 / 333 20 236 59 001 6 023 2 7 0000 
28-JUL-2015 00 48033 2 2 5 60 8 18 01 10 244 20 240 3 0000 4 0048 5 0000 6 000 0 7 00 0 0 8 6 9 7 0 333 20 240 58 000 6 003 2 7 0000 
28-JUL-2015 00 48035 2 1 1 20 8 00 00 10 213 20 210 3 0000 4 0054 5 0000 6 000 0 7 61 6 6 8 6 9 2 / 333 20 205 58 004 6 021 2 7 0000 
28-JUL-2015 00 48037 2 1 5 50 6 00 00 10 242 20 242 3 0000 4 0027 5 0000 6 000 0 7 00 0 0 8 3 8 3 2 333 20 240 58 003 6 001 2 7 0000 
28-JUL-2015 00 48042 2 1 5 58 7 18 01 10 245 20 245 3 0000 4 0035 5 0000 6 000 0 7 01 5 5 8 4 8 5 0 333 20 233 59 002 6 002 2 7 0000 
28-JUL-2015 00 48048 2 1 5 40 8 00 00 10 246 20 233 3 0000 4 0025 5 0000 6 000 0 7 21 6 5 8 6 9 7 / 333 20 240 58 004 6 009 2 7 0000 
28-JUL-2015 00 48052 2 2 4 50 8 13 01 10 250 20 233 3 0000 4 0000 5 0000 6 000 0 7 00 0 0 8 6 9 3 0 333 20 240 58 000 6 000 0 7 0000 
28-JUL-2015 00 48053 2 2 4 50 8 18 02 10 240 20 226 3 0000 4 0049 5 0000 6 000 0 7 00 0 0 8 5 7 7 / 333 20 233 58 003 6 000 2 7 0000 
28-JUL-2015 00 48055 2 2 2 56 8 00 00 10 203 20 200 3 0000 4 0067 5 0000 6 000 0 7 02 6 5 8 6 9 7 / 333 20 200 59 003 6 004 2 7 0000 
28-JUL-2015 00 48060 2 1 3 30 8 00 00 10 218 20 205 3 0000 4 0084 5 0000 6 000 0 7 02 6 6 8 5 9 7 / 333 20 208 58 016 6 008 2 7 0000 
28-JUL-2015 00 48062 2 1 3 56 8 18 07 10 260 20 250 3 0000 4 0004 5 0000 6 000 0 7 50 6 6 8 6 9 2 0 333 20 234 58 002 6 034 2 7 0000 
28-JUL-2015 00 48064 2 1 4 50 8 04 01 10 250 20 250 3 0000 4 0020 5 0000 6 000 0 7 00 0 0 8 4 8 2 0 333 20 220 58 003 6 000 0 7 0000 
28-JUL-2015 00 48065 2 1 4 50 8 04 02 10 250 20 233 3 0000 4 0000 5 0000 6 000 0 7 02 2 2 8 5 9 7 0 333 20 217 58 000 6 000 0 7 0000 
28-JUL-2015 00 48071 2 1 4 56 8 23 04 10 258 20 258 3 0000 4 0022 5 0000 6 000 0 7 21 6 2 8 6 9 2 / 333 20 240 59 005 6 019 2 7 0000 
28-JUL-2015 00 48075 2 1 4 56 8 13 02 10 205 20 205 3 0000 4 0083 5 0000 6 000 0 7 50 6 5 8 6 9 7 / 333 10 /// 59 014 6 005 2 7 0000 
28-JUL-2015 00 48077 2 1 5 56 8 00 00 10 240 20 240 3 0000 4 0043 5 0000 6 000 0 7 02 6 6 8 5 9 7 0 333 20 224 58 001 6 012 2 7 0000 
28-JUL-2015 00 48078 2 1 4 40 8 18 01 10 240 20 233 3 0000 4 0068 5 0000 6 000 0 7 50 6 5 8 5 7 2 / 333 20 230 59 006 6 008 2 7 0000 
28-JUL-2015 00 48080 2 1 4 56 8 22 10 10 244 20 240 3 0000 4 0056 5 0000 6 000 0 7 51 6 6 8 5 7 2 0 333 20 234 58 006 6 024 2 7 0000 
28-JUL-2015 00 48085 2 1 3 56 8 14 03 10 254 20 250 3 0000 4 0047 5 0000 6 000 0 7 50 6 5 8 6 9 2 0 333 20 245 59 004 6 039 2 7 0000 
28-JUL-2015 00 48092 2 2 4 50 7 00 00 10 240 20 240 3 0000 4 0054 5 0000 6 000 0 7 00 0 0 8 5 9 7 0 333 20 230 59 005 6 049 2 7 0000 
28-JUL-2015 00 48094 2 1 4 56 8 00 00 10 250 20 250 3 0000 4 0063 5 0000 6 000 0 7 51 6 5 8 5 9 7 / 333 20 190 58 003 6 019 2 7 0000 
28-JUL-2015 00 48097 2 1 5 57 8 13 01 10 250 20 242 3 0000 4 0089 5 0000 6 000 0 7 20 6 5 8 6 5 3 / 333 20 230 58 005 6 034 2 7 0000 
28-JUL-2015 00 48099 2 1 3 30 8 18 02 10 240 20 240 3 0000 4 0084 5 0000 6 000 0 7 50 6 6 8 6 9 7 / 333 20 228 59 013 6 034 2 7 0000 
28-JUL-2015 00 48103 2 1 4 40 8 22 02 10 236 20 226 3 0000 4 0095 5 0000 6 000 0 7 50 6 5 8 6 7 7 / 333 20 230 59 013 6 047 2 7 0000 
28-JUL-2015 00 48107 2 1 3 30 8 23 01 10 238 20 238 3 0000 4 0106 5 0000 6 000 0 7 01 6 6 8 5 9 7 / 333 20 230 59 010 6 040 2 7 0000 
28-JUL-2015 00 48108 2 1 4 93 8 32 03 10 232 20 232 3 0000 4 0128 5 0000 6 000 0 7 61 6 5 8 6 3 2 / 333 20 220 58 009 6 047 2 7 0000 
28-JUL-2015 00 48109 2 2 4 96 7 23 10 10 284 20 250 3 0000 4 0072 5 0000 6 000 0 7 10 2 2 8 5 9 3 0 333 20 195 59 015 6 009 2 7 0000 
28-JUL-2015 00 48110 2 1 4 95 8 13 02 10 245 20 237 3 0000 4 0115 5 0000 6 000 0 7 02 6 5 8 4 6 7 7 333 20 240 58 002 6 004 2 7 0000 
28-JUL-2015 00 48112 3 2 5 97 8 04 03 10 261 20 246 3 0000 4 0115 5 0000 6 000 0 7 02 2 2 8 3 8 7 6 333 20 210 59 005 6 000 2 7 0000 
