28-JUL-2015 09 48001 3 2 5 56 3 32 01 10 315 20 236 3 0000 4 0009 5 0000 6 000 0 7 00 0 0 8 3 8 0 0 333 10 /// 59 002 6 000 0 7 0000 
28-JUL-2015 09 48004 3 1 1 10 8 13 01 10 277 20 268 3 0000 4 0000 5 0000 6 000 0 7 50 6 5 8 6 9 7 / 333 10 /// 58 000 6 000 0 7 0000 
28-JUL-2015 09 48008 3 2 5 58 5 23 02 10 312 20 237 3 0000 4 0031 5 0000 6 000 0 7 00 0 0 8 3 9 7 0 333 10 /// 58 000 6 000 0 7 0000 
28-JUL-2015 09 48010 2 2 5 58 6 00 00 10 265 20 246 3 0000 4 0033 5 0000 6 000 0 7 00 0 0 8 4 8 3 0 333 10 /// 59 010 6 000 0 7 0000 
28-JUL-2015 09 48018 2 2 5 58 7 23 01 10 285 20 250 3 0000 4 0043 5 0000 6 000 0 7 00 0 0 8 4 8 7 0 333 10 /// 58 003 6 000 0 7 0000 
28-JUL-2015 09 48019 2 2 4 57 6 32 03 10 280 20 268 3 0000 4 0027 5 0000 6 000 0 7 00 0 0 8 3 6 2 0 333 10 /// 59 013 6 000 0 7 0000 
28-JUL-2015 09 48020 2 1 3 50 7 12 06 10 275 20 265 3 0000 4 0000 5 0000 6 000 0 7 63 6 6 8 5 9 4 0 333 10 /// 58 000 6 000 0 7 0000 
28-JUL-2015 09 48025 2 1 1 20 8 14 01 10 264 20 246 3 0000 4 0026 5 0000 6 000 0 7 60 6 6 8 5 7 2 / 333 10 /// 59 001 6 000 0 7 0000 
28-JUL-2015 09 48030 2 1 / 02 9 04 02 10 180 20 180 3 0000 4 0000 5 0000 6 000 0 7 67 6 6 8 9 / / / 333 10 /// 58 000 6 000 0 7 0000 
28-JUL-2015 09 48031 2 1 / 03 9 18 02 10 180 20 180 3 0000 4 0000 5 0000 6 000 0 7 60 6 4 8 9 / / / 333 10 /// 58 000 6 000 0 7 0000 
28-JUL-2015 09 48033 3 2 5 62 7 18 01 10 300 20 239 3 0000 4 0020 5 0000 6 000 0 7 00 0 0 8 6 9 3 0 333 10 /// 59 016 6 000 0 7 0000 
28-JUL-2015 09 48034 2 1 3 56 8 23 02 10 220 20 212 3 0000 4 0000 5 0000 6 000 0 7 50 6 5 8 6 9 2 / 333 10 /// 58 000 6 000 0 7 0000 
28-JUL-2015 09 48035 2 1 5 60 7 00 00 10 255 20 229 3 0000 4 0028 5 0000 6 000 0 7 03 6 6 8 5 9 7 0 333 10 /// 59 015 6 000 0 7 0000 
28-JUL-2015 09 48037 2 1 4 60 8 14 01 10 275 20 250 3 0000 4 0018 5 0000 6 000 0 7 50 5 5 8 6 8 2 / 333 10 /// 59 006 6 000 0 7 0000 
28-JUL-2015 09 48039 2 2 4 60 7 14 01 10 282 20 233 3 0000 4 0000 5 0000 6 000 0 7 00 0 0 8 5 9 6 0 333 10 /// 58 000 6 000 0 7 0000 
28-JUL-2015 09 48042 3 2 5 60 7 18 05 10 297 20 239 3 0000 4 0023 5 0000 6 000 0 7 00 0 0 8 4 8 5 2 333 10 /// 59 005 6 000 0 7 0000 
28-JUL-2015 09 48043 2 1 5 40 8 18 05 10 230 20 214 3 0000 4 0000 5 0000 6 000 0 7 00 0 0 8 6 7 7 / 333 10 /// 58 000 6 000 0 7 0000 
28-JUL-2015 09 48045 2 1 0 01 9 14 02 10 194 20 194 3 0000 4 0000 5 0000 6 000 0 7 67 6 4 8 9 / / / 333 10 /// 58 000 6 000 0 7 0000 
28-JUL-2015 09 48048 2 1 5 58 8 22 01 10 280 20 250 3 0000 4 0026 5 0000 6 000 0 7 50 5 5 8 6 9 7 / 333 10 /// 58 004 6 000 0 7 0000 
28-JUL-2015 09 48051 2 1 4 56 8 13 04 10 252 20 250 3 0000 4 0000 5 0000 6 000 0 7 60 6 6 8 6 9 2 0 333 10 /// 58 000 6 000 0 7 0000 
28-JUL-2015 09 48052 2 2 4 65 8 13 01 10 270 20 256 3 0000 4 0000 5 0000 6 000 0 7 00 0 0 8 5 9 7 0 333 10 /// 58 000 6 000 0 7 0000 
28-JUL-2015 09 48053 2 1 4 50 8 18 04 10 270 20 240 3 0000 4 0041 5 0000 6 000 0 7 50 5 5 8 5 9 7 / 333 10 /// 59 006 6 000 0 7 0000 
28-JUL-2015 09 48055 2 1 3 56 8 23 04 10 238 20 226 3 0000 4 0036 5 0000 6 000 0 7 50 5 5 8 5 9 7 / 333 10 /// 59 001 6 000 0 7 0000 
28-JUL-2015 09 48057 2 1 4 58 8 14 01 10 192 20 192 3 0000 4 0000 5 0000 6 000 0 7 02 6 5 8 6 9 5 0 333 10 /// 58 000 6 000 0 7 0000 
28-JUL-2015 09 48060 2 1 3 40 8 00 00 10 248 20 219 3 0000 4 0041 5 0000 6 000 0 7 02 6 6 8 5 9 7 / 333 10 /// 59 005 6 000 0 7 0000 
28-JUL-2015 09 48062 2 1 3 56 8 18 09 10 260 20 260 3 0000 4 0087 5 0000 6 000 0 7 61 6 5 8 5 9 2 0 333 10 /// 59 018 6 000 0 7 0000 
28-JUL-2015 09 48064 2 1 4 50 8 32 01 10 260 20 260 3 0000 4 0018 5 0000 6 000 0 7 00 0 0 8 4 7 2 0 333 10 /// 58 001 6 000 0 7 0000 
28-JUL-2015 09 48065 2 1 4 50 8 00 00 10 250 20 250 3 0000 4 0000 5 0000 6 000 0 7 62 6 5 8 6 9 7 / 333 10 /// 58 000 6 000 0 7 0000 
28-JUL-2015 09 48071 2 1 4 58 8 23 02 10 250 20 250 3 0000 4 0022 5 0000 6 000 0 7 51 6 5 8 6 9 2 / 333 10 /// 58 000 6 000 0 7 0000 
28-JUL-2015 09 48074 2 1 3 56 8 14 07 10 260 20 260 3 0000 4 0058 5 0000 6 000 0 7 51 5 5 8 6 7 2 / 333 10 /// 58 002 6 000 0 7 0000 
28-JUL-2015 09 48075 2 1 4 56 8 14 01 10 230 20 230 3 0000 4 0066 5 0000 6 000 0 7 51 6 5 8 6 9 7 / 333 10 /// 59 007 6 000 0 7 0000 
28-JUL-2015 09 48077 2 1 4 58 8 23 01 10 260 20 246 3 0000 4 0038 5 0000 6 000 0 7 61 6 6 8 5 9 7 0 333 10 /// 59 003 6 000 0 7 0000 
28-JUL-2015 09 48078 2 1 4 40 8 14 01 10 246 20 237 3 0000 4 0043 5 0000 6 000 0 7 61 9 6 8 4 3 2 / 333 10 /// 59 010 6 000 0 7 0000 
28-JUL-2015 09 48080 2 1 4 50 8 22 05 10 270 20 270 3 0000 4 0037 5 0000 6 000 0 7 95 9 6 8 6 9 2 0 333 10 /// 59 013 6 000 0 7 0000 
28-JUL-2015 09 48085 2 2 3 57 8 18 05 10 282 20 268 3 0000 4 0045 5 0000 6 000 0 7 00 0 0 8 6 9 2 0 333 10 /// 59 010 6 000 0 7 0000 
28-JUL-2015 09 48087 2 1 4 58 8 23 01 10 268 20 256 3 0000 4 0000 5 0000 6 000 0 7 50 5 5 8 5 9 7 / 333 10 /// 58 000 6 000 0 7 0000 
28-JUL-2015 09 48092 2 1 4 56 8 18 05 10 270 20 263 3 0000 4 0049 5 0000 6 000 0 7 02 5 5 8 6 9 7 / 333 10 /// 58 000 6 000 0 7 0000 
28-JUL-2015 09 48093 2 1 4 50 8 14 01 10 255 20 246 3 0000 4 0000 5 0000 6 000 0 7 50 6 5 8 6 9 7 / 333 10 /// 58 000 6 000 0 7 0000 
28-JUL-2015 09 48094 2 1 4 58 8 22 02 10 280 20 270 3 0000 4 0053 5 0000 6 000 0 7 60 6 6 8 5 9 7 / 333 10 /// 59 001 6 000 0 7 0000 
28-JUL-2015 09 48095 2 1 4 58 8 00 00 10 260 20 260 3 0000 4 0000 5 0000 6 000 0 7 51 5 5 8 5 9 7 / 333 10 /// 58 000 6 000 0 7 0000 
28-JUL-2015 09 48097 2 1 5 57 8 23 02 10 255 20 248 3 0000 4 0079 5 0000 6 000 0 7 50 6 6 8 6 9 7 / 333 10 /// 59 006 6 000 0 7 0000 
28-JUL-2015 09 48099 2 1 3 30 8 23 03 10 250 20 250 3 0000 4 0079 5 0000 6 000 0 7 61 6 5 8 6 9 7 / 333 10 /// 58 003 6 000 0 7 0000 
28-JUL-2015 09 48101 2 1 4 57 8 23 04 10 273 20 273 3 0000 4 0000 5 0000 6 000 0 7 02 5 2 8 5 9 7 / 333 10 /// 58 000 6 000 0 7 0000 
28-JUL-2015 09 48103 2 1 4 50 8 14 02 10 257 20 246 3 0000 4 0085 5 0000 6 000 0 7 60 6 6 8 6 7 2 / 333 10 /// 58 011 6 000 0 7 0000 
28-JUL-2015 09 48107 3 2 3 50 6 18 02 10 290 20 230 3 0000 4 0088 5 0000 6 000 0 7 00 0 0 8 4 9 7 0 333 10 /// 58 003 6 000 0 7 0000 
28-JUL-2015 09 48108 2 1 5 95 7 23 02 10 300 20 253 3 0000 4 0099 5 0000 6 000 0 7 02 5 5 8 4 3 6 6 333 10 /// 59 004 6 000 0 7 0000 
28-JUL-2015 09 48109 2 1 4 97 7 23 15 10 277 20 268 3 0000 4 0076 5 0000 6 000 0 7 63 6 5 8 5 9 7 0 333 10 /// 59 013 6 000 0 7 0000 
28-JUL-2015 09 48110 2 2 5 96 8 23 02 10 320 20 265 3 0000 4 0101 5 0000 6 000 0 7 00 0 0 8 3 3 5 7 333 10 /// 59 001 6 000 0 7 0000 
28-JUL-2015 09 48112 3 2 5 98 6 22 02 10 340 20 257 3 0000 4 0099 5 0000 6 000 0 7 00 0 0 8 2 2 1 6 333 10 /// 59 007 6 000 0 7 0000 
