28-MAY-2015 18 48008 2 1 4 10 8 23 01 10 275 20 250 3 0000 4 0032 5 0000 6 000 0 7 63 6 5 8 4 9 7 / 333 10 /// 59 005 6 000 0 7 0000 
28-MAY-2015 18 48010 3 2 5 01 3 00 00 10 280 20 250 3 0000 4 0023 5 0000 6 000 0 7 00 0 0 8 1 4 3 0 333 10 /// 59 009 6 000 0 7 0000 
28-MAY-2015 18 48018 3 2 5 20 6 00 00 10 300 20 235 3 0000 4 0044 5 0000 6 000 0 7 00 0 0 8 3 8 7 0 333 10 /// 58 000 6 000 0 7 0000 
28-MAY-2015 18 48025 3 2 4 05 4 00 00 10 315 20 237 3 0000 4 0042 5 0000 6 000 0 7 00 0 0 8 4 8 0 0 333 10 /// 59 027 6 000 0 7 0000 
28-MAY-2015 18 48042 3 2 5 50 2 18 01 10 308 20 254 3 0000 4 0036 5 0000 6 000 0 7 00 0 0 8 1 4 0 2 333 10 /// 58 003 6 000 0 7 0000 
28-MAY-2015 18 48053 3 2 5 40 3 18 03 10 300 20 253 3 0000 4 0049 5 0000 6 000 0 7 00 0 0 8 2 5 0 0 333 10 /// 59 011 6 000 0 7 0000 
28-MAY-2015 18 48057 3 1 4 39 2 18 02 10 222 20 185 3 0000 4 0000 5 0000 6 000 0 7 10 0 0 8 2 8 0 0 333 10 /// 58 000 6 000 0 7 0000 
28-MAY-2015 18 48060 3 2 4 20 3 00 00 10 237 20 209 3 0000 4 0053 5 0000 6 000 0 7 00 0 0 8 2 1 3 0 333 10 /// 58 025 6 000 0 7 0000 
28-MAY-2015 18 48062 3 2 4 50 6 23 04 10 300 20 280 3 0000 4 0073 5 0000 6 000 0 7 02 2 2 8 4 9 7 0 333 10 /// 58 008 6 000 0 7 0000 
28-MAY-2015 18 48071 3 1 4 60 4 00 00 10 290 20 259 3 0000 4 0046 5 0000 6 000 0 7 13 1 1 8 4 9 0 0 333 10 /// 59 005 6 000 0 7 0000 
28-MAY-2015 18 48078 3 2 5 50 7 18 01 10 272 20 233 3 0000 4 0080 5 0000 6 000 0 7 00 0 0 8 5 3 7 / 333 10 /// 59 003 6 000 0 7 0000 
28-MAY-2015 18 48080 3 1 4 50 7 22 01 10 271 20 240 3 0000 4 0082 5 0000 6 000 0 7 01 9 5 8 4 9 7 0 333 10 /// 59 009 6 000 0 7 0000 
28-MAY-2015 18 48094 2 1 4 50 8 00 00 10 280 20 260 3 0000 4 0079 5 0000 6 000 0 7 03 6 5 8 5 9 7 0 333 10 /// 58 000 6 000 0 7 0000 
28-MAY-2015 18 48097 2 2 5 56 4 27 01 10 250 20 250 3 0000 4 0084 5 0000 6 000 0 7 00 0 0 8 4 5 0 0 333 10 /// 59 012 6 000 0 7 0000 
28-MAY-2015 18 48099 2 1 3 30 5 00 00 10 260 20 246 3 0000 4 0087 5 0000 6 000 0 7 01 9 5 8 3 9 3 0 333 10 /// 58 009 6 000 0 7 0000 
28-MAY-2015 18 48103 2 1 3 10 8 14 01 10 270 20 256 3 0000 4 0071 5 0000 6 000 0 7 03 6 6 8 6 7 2 / 333 10 /// 58 002 6 000 0 7 0000 
28-MAY-2015 18 48108 2 1 4 94 8 23 02 10 255 20 233 3 0000 4 0097 5 0000 6 000 0 7 50 5 5 8 5 3 7 / 333 10 /// 58 002 6 000 0 7 0000 
28-MAY-2015 18 48109 2 1 4 95 7 00 00 10 275 20 268 3 0000 4 0077 5 0000 6 000 0 7 02 6 6 8 5 9 7 0 333 10 /// 58 005 6 000 0 7 0000 
28-MAY-2015 18 48110 2 2 5 96 5 00 00 10 260 20 246 3 0000 4 0093 5 0000 6 000 0 7 00 0 0 8 2 3 5 6 333 10 /// 59 012 6 000 0 7 0000 
28-MAY-2015 18 48112 2 1 4 96 8 14 03 10 245 20 245 3 0000 4 0089 5 0000 6 000 0 7 50 5 5 8 4 7 7 / 333 10 /// 59 003 6 000 0 7 0000 
