281200 48001 32430 60000 10282 20233 40050 83850 333 10295 56770 59009=
281200 48004 32460 42201 10340 20257 84900 333 10360 56500=
281200 48008 32556 40000 10328 20244 40022 83930 333 10340 56450 59017=
281200 48010 32556 10000 10345 20247 40000 81400 333 10355 56900 59014=
281200 48018 32556 32201 10340 20240 40003 82840 333 10365 56560 59012=
281200 48019 32956 03201 10337 20258 40006 333 10361 59010=
281200 48020 32956 00000 10360 20264 333 10390=
281200 48025 32456 30000 10272 20258 40011 83800 333 10375 56600 59028=
281200 48030 31256 42203 10241 20136 70544 84800 333 10268 56500=
281200 48031 31258 42701 10255 20160 70544 84800 333 10290 56400=
281200 48033 32962 01301 10350 20240 40015 333 10376 58004=
281200 48034 32456 21801 10257 20215 84300 333 10286 56500=
281200 48035 32557 30000 10272 20211 40017 83900 333 10309 56900 59009=
281200 48037 32557 10000 10376 20255 49998 81500 333 10392 56900 59011=
281200 48039 32460 32201 10343 20270 83800 333 10363 56700=
281200 48042 32558 21301 10365 20247 40001 82800 333 10385 56909 58013=
281200 48043 32930 31802 10280 20250 80006 333 10290 56009=
281200 48045 21450 71404 10219 20156 72196 87300 333 10296 56600 60052=
281200 48048 32550 22201 10386 20213 40998 82800 333 10410 56900 59018=
281200 48051 32559 43102 10337 20216 84800 333 10379 56500=
281200 48052 32456 22202 10390 20233 82200 333 10422 56900=
281200 48053 32950 01802 10350 20237 40011 333 10370 59019=
281200 48055 21556 71805 10240 20209 40036 71795 84921 333 10329 56559 58004 69902=
281200 48057 32456 51401 10250 20167 83301 333 10280 56509=
281200 48060 31430 50000 10294 20215 40019 70544 83930 333 10343 56560 59022=
281200 48062 32456 62306 10315 20290 40041 84970 333 10335 56590 59008=
281200 48064 32450 50000 10374 20258 49989 84801 333 10400 56409 59022=
281200 48065 32450 43201 10380 20240 83801 333 10403 56909=
281200 48071 32456 42303 10320 20265 40051 84900 333 10345 56500 58003=
281200 48072 32459 62702 10315 20265 84830 333 10348 56590=
281200 48074 32558 30401 10346 20240 40030 82501 333 10365 56909 59011=
281200 48075 22456 50000 10280 20230 40039 83305 333 10328 56509 59008 60062=
281200 48077 32556 62304 10310 20237 40027 85901 333 10350 56409 59008=
281200 48078 31558 51801 10312 20237 40047 70399 83331 333 10362 56449 59002=
281200 48080 21457 82202 10290 20259 40060 71799 85970 333 10335 56690 59009=
281200 48085 21357 81802 10286 20250 40059 75055 86920 333 10315 56690 58002 60142=
281200 48087 21440 80000 10250 20250 75065 8597/ 333 10354 5649/ 60212=
281200 48092 21440 80000 10260 20253 40049 79596 8697/ 333 10340 5669/ 58005 60082=
281200 48093 21420 82302 10254 20252 76165 8697/ 333 10336 56999 60362=
281200 48094 21456 80000 10295 20265 40065 76166 8592/ 333 10352 56599 58001 60022=
281200 48095 21450 82202 10240 20240 79655 8497/ 333 10345 5699/ 60572=
281200 48096 21456 82303 10250 20250 40073 79596 8597/ 333 10340 5699/ 58000 60212=
281200 48097 21456 83101 10250 20250 40074 72196 8755/ 333 10350 5699/ 58002 60152=
281200 48099 21450 60000 10288 20259 40057 70395 84930 333 10325 56990 59003 60032=
281200 48101 22556 70000 10268 20256 71022 83751 333 10321 56599 60232=
281200 48103 22340 71402 10288 20259 40063 85770 333 10321 56330 59004 60042=
281200 48107 32330 63201 10280 20250 40069 84970 333 10336 56550 59005=  
281200 48108 22596 71402 10290 20254 40075 84306 333 10320 56209 59005 69902=
281200 48109 21496 70000 10282 20250 40074 70266 85930 333 10315 56990 58002 60082=
281200 48110 21496 61802 10270 20256 40081 70299 84356 333 10325 56599 59010 60022=
281200 48112 22597 82202 10280 20268 40082 84876 333 10292 56599 59013 60102=
