280300 48001 31440 80000 10190 20175 40155 71522 8572/ 333 56659 59028=
280300 48004 31340 72201 10210 20175 70252 87900 333 56500=
280300 48008 31556 60401 10233 20181 40149 70544 84930 333 56110 59034=
280300 48010 31056 00000 10225 20185 40153 71044 333 59021=
280300 48018 32558 53201 10255 20203 40150 83870 333 56760 59038=
280300 48019 32956 53201 10215 20175 40152 80050 333 56060 59029=
280300 48020 31950 03602 10250 20205 70500=
280300 48025 31420 10401 10263 20179 40150 70444 81500 333 56900 59034=
280300 48030 21/02 92203 10116 20102 74344=
280300 48031 31960 02201 10195 20109 70500=
280300 48033 32562 50000 10270 20240 40124 85900 333 56900 59034=
280300 48034 21456 80401 10163 20123 75055 8692/ 333 5659/=
280300 48035 31520 70000 10223 20136 40142 70500 85960 333 56590 59038=
280300 48037 32950 03601 10262 20203 40139 333 59041=
280300 48039 31650 70000 10257 20203 70522 83850 333 56550=
280300 48042 31550 71802 10280 20184 40142 70511 83850 333 56990 59031=
280300 48043 32656 60000 10210 20160 84230 333 56990=
280300 48045 32559 21402 10210 20091 82800 333 56500=
280300 48048 31958 00401 10297 20185 40148 71044 333 59026=
280300 48051 32956 10201 10270 20210 80030 333 56090=
280300 48052 32458 20401 10286 20179 82200 333 56900=
280300 48053 31940 31801 10290 20215 40149 70511 82550 333 56590 59017=
280300 48055 21556 32302 10203 20176 40168 70244 81531 333 56559 59033=
280300 48057 32458 31802 10220 20136 83800 333 56400=
280300 48060 32440 40000 10213 20160 40189 83830 333 56560 59043=
280300 48062 31540 20402 10276 20230 40156 71044 82500 333 56900 59013=
280300 48064 32960 01401 10285 20220 40132 333 59033=
280300 48071 32958 00501 10287 20259 40154 333 59015=
280300 48072 32959 00402 10295 20239=
280300 48074 31958 00401 10280 20184 40153 70500 333 59039=
280300 48075 31457 02701 10220 20190 40163 70511 333 59039=
280300 48077 32959 00000 10280 20184 40137 333 59026=
280300 48078 32556 41801 10291 20188 40151 82831 333 56499 59025=
280300 48080 32958 02702 10265 20226 40145 333 59025=
280300 48085 32958 03202 10299 20223 40144 333 59020=
280300 48087 32960 00000 10300 20225=
280300 48092 31956 01301 10305 20238 40136 70500 333 59018=
280300 48093 32957 21401 10310 20254=
280300 48094 32959 03201 10295 20240 40141 333 59025=
280300 48095 32958 00401 10300 20223=
280300 48096 31956 00904 10270 20226 40144 70500 333 59030=
280300 48097 32957 00503 10300 20223 40153 333 59021=
280300 48099 32956 03201 10295 20223 40145 333 59022=
280300 48101 32959 00000 10293 20230=
280300 48103 32550 13201 10302 20207 40147 81500 333 56700 59018=
280300 48107 21950 00901 10290 20230 40134 70144 333 59015=
280300 48108 32595 70501 10290 20215 40148 83866 333 56299 59008=
280300 48109 32497 50401 10310 20254 40148 85900 333 56900 59016=
280300 48110 31596 61302 10305 20238 40146 70544 81136 333 56999 59007=
280300 48112 32598 60402 10310 20237 40131 82216 333 56199 59012=  
