48001 NIL=
48004 NIL=
48008 31556 80000 10283 20158 40145 70544 8497/ 333 56439 59044=
48010 31058 00000 10270 20211 40137 71044 333 59030=
48018 31959 10402 10315 20184 40143 70500 333 59024=
48019 32456 60401 10290 20179 40134 83750 333 56560 59028=
48020 31958 03602 10320 20205 70500 333=
48025 31430 23601 10315 20200 40133 70244 82500 333 56900 59029=
48030 31456 62203 10200 20109 70244 84850 333 56560=
48031 31260 41401 10240 20136 70511 84800 333 56400=
48033 32963 00000 10320 20215 40129 333 59022=
48034 31457 50402 10252 20126 70522 85800 333 56500 =
48035 31520 82703 10287 20140 40103 70422 8597/ 333 56569 59029=
48037 32958 00901 10333 20191 40124 333 59032=
48039 32958 31401 10322 20184 80002 333 56009=
48042 31556 22702 10350 20182 40119 70511 81250 333 56990 59032=
48043 32757 31805 10275 20126 83200 333 56500=
48045 32561 41804 10272 20113 82140 333 56550=
48048 31960 03601 10357 20195 40135 71044 333 59023=
48051 32959 10401 10342 20210 80001 333 56009=
48052 32970 00401 10364 20214 333=
48053 31540 33201 10340 20240 40127 70511 82550 333 56590 59033=
48055 31556 61802 10293 20159 40107 70344 84831 333 56559 59028=
48057 32458 51401 10250 20126 84350 333 56490=
48060 32440 40000 10278 20184 40133 83830 333 56560 59042=
48062 32558 22703 10320 20280 40148 82500 333 56900 59010=
48064 32970 01401 10370 20246 40116 333 59022=
48065 32970 02202 10365 20177 333=
48071 32960 00501 10313 20237 40146 333 59015=
48072 32960 00404 10330 20258 333=
48074 32960 03205 10350 20202 40132 333 59029=
48075 31457 40000 10295 20160 40138 70511 84200 333 56500 59026=
48077 32559 40000 10370 20171 40113 333 53900 59031=
48078 32558 21802 10368 20182 40129 81201 333 56909 59026=
48080 32960 00406 10360 20308 40136 333 59001=
48085 32958 13203 10323 20236 40134 81800 333 56700 59013=
48087 32560 20402 10363 20214 82200 333 56900=
48092 32457 41301 10370 20217 40114 84100 333 56900 59011=
48093 32657 62301 10354 20237 86800 333 56500=
48094 32460 33202 10365 20245 40129 83900 333 56900 59018=
48095 32560 10402 10350 20219 81200 333 56900=
48096 32558 20805 10350 20202 40135 82300 333 56900 59012=
48097 32557 51304 10370 20198 40133 85800 333 56900 59016=
48099 32560 22303 10250 20219 40128 82800 333 56500 59012=
48101 32960 00000 10347 20219 333=
48103 32957 02201 10350 20202 40130  333 59013=
48107 32350 61301 10347 20219 40113 84970 333 56330 59015=
48108 32596 73203 10350 20237 40125 84366 333 56699 59015=
48109 NIL=
48110 31596 43203 10340 20240 40123 70522 82305 333 56209 59014=
48112 32598 60405 10360 20235 40120 70122 82216 333 56199 59005=  