28-MAY-2015 00 48008 2 1 4 50 8 00 00 10 245 20 240 3 0000 4 0047 5 0000 6 000 0 7 50 6 5 8 4 9 7 / 333 20 235 59 028 6 005 2 7 0000 
28-MAY-2015 00 48010 3 2 5 40 4 00 00 10 250 20 242 3 0000 4 0037 5 0000 6 000 0 7 00 0 0 8 3 7 3 0 333 20 245 59 021 6 000 0 7 0000 
28-MAY-2015 00 48018 3 2 5 56 4 22 01 10 250 20 233 3 0000 4 0032 5 0000 6 000 0 7 00 0 0 8 2 8 7 0 333 20 245 59 034 6 000 0 7 0000 
28-MAY-2015 00 48019 3 2 9 56 2 32 01 10 255 20 233 3 0000 4 0035 5 0000 6 000 0 7 00 0 0 8 0 0 0 2 333 20 253 59 027 6 000 0 7 0000 
28-MAY-2015 00 48025 2 2 1 20 8 00 00 10 246 20 233 3 0000 4 0050 5 0000 6 000 0 7 00 0 0 8 5 7 7 / 333 20 230 59 009 6 029 2 7 0000 
28-MAY-2015 00 48030 3 1 2 56 3 22 03 10 170 20 154 3 0000 4 0000 5 0000 6 000 0 7 05 4 4 8 2 2 0 2 333 20 150 58 000 6 000 0 7 0000 
28-MAY-2015 00 48031 3 1 2 60 4 04 01 10 165 20 158 3 0000 4 0000 5 0000 6 000 0 7 05 4 4 8 3 8 0 2 333 20 160 58 000 6 000 0 7 0000 
28-MAY-2015 00 48033 2 2 5 60 3 18 01 10 277 20 250 3 0000 4 0041 5 0000 6 000 0 7 00 0 0 8 3 8 0 0 333 20 260 59 013 6 001 2 7 0000 
28-MAY-2015 00 48035 2 1 5 20 8 00 00 10 217 20 205 3 0000 4 0067 5 0000 6 000 0 7 10 6 6 8 5 9 7 / 333 20 210 59 003 6 004 2 7 0000 
28-MAY-2015 00 48037 3 2 9 56 0 00 00 10 270 20 240 3 0000 4 0035 5 0000 6 000 0 7 00 0 0 8 0 0 0 0 333 20 265 58 011 6 000 0 7 0000 
28-MAY-2015 00 48039 3 2 4 56 6 14 01 10 290 20 248 3 0000 4 0000 5 0000 6 000 0 7 00 0 0 8 3 5 5 0 333 20 285 58 000 6 000 0 7 0000 
28-MAY-2015 00 48042 2 2 5 56 7 18 03 10 295 20 263 3 0000 4 0038 5 0000 6 000 0 7 00 0 0 8 4 8 5 0 333 20 280 59 012 6 990 2 7 0000 
28-MAY-2015 00 48048 3 2 9 56 0 18 01 10 300 20 239 3 0000 4 0037 5 0000 6 000 0 7 00 0 0 8 0 0 0 0 333 20 294 59 020 6 000 0 7 0000 
28-MAY-2015 00 48051 3 2 5 58 5 00 00 10 276 20 270 3 0000 4 0000 5 0000 6 000 0 7 00 0 0 8 4 8 3 0 333 20 268 58 000 6 000 0 7 0000 
28-MAY-2015 00 48052 3 2 9 56 0 13 01 10 302 20 239 3 0000 4 0000 5 0000 6 000 0 7 00 0 0 8 0 0 0 0 333 20 296 58 000 6 000 0 7 0000 
28-MAY-2015 00 48053 3 2 5 56 4 18 02 10 280 20 250 3 0000 4 0051 5 0000 6 000 0 7 00 0 0 8 2 5 0 6 333 20 272 58 000 6 000 0 7 0000 
28-MAY-2015 00 48055 2 1 5 56 4 00 00 10 189 20 184 3 0000 4 0068 5 0000 6 000 0 7 05 1 1 8 2 5 0 1 333 20 183 59 005 6 004 2 7 0000 
28-MAY-2015 00 48057 3 2 4 56 3 14 01 10 195 20 168 3 0000 4 0000 5 0000 6 000 0 7 00 0 0 8 1 5 0 1 333 20 180 58 000 6 000 0 7 0000 
28-MAY-2015 00 48060 3 1 4 30 2 00 00 10 220 20 205 3 0000 4 0051 5 0000 6 000 0 7 40 4 4 8 2 1 0 0 333 20 216 59 014 6 000 0 7 0000 
28-MAY-2015 00 48062 3 2 5 50 4 00 00 10 280 20 270 3 0000 4 0053 5 0000 6 000 0 7 00 0 0 8 2 8 0 2 333 20 250 59 009 6 000 0 7 0000 
28-MAY-2015 00 48064 3 2 9 50 2 04 01 10 289 20 259 3 0000 4 0023 5 0000 6 000 0 7 00 0 0 8 0 0 0 1 333 20 245 59 022 6 000 0 7 0000 
28-MAY-2015 00 48071 3 2 4 56 3 00 00 10 280 20 268 3 0000 4 0056 5 0000 6 000 0 7 00 0 0 8 3 9 0 0 333 20 270 59 012 6 000 0 7 0000 
28-MAY-2015 00 48074 3 2 3 56 7 14 03 10 276 20 268 3 0000 4 0075 5 0000 6 000 0 7 00 0 0 8 4 7 6 0 333 20 259 59 011 6 000 0 7 0000 
28-MAY-2015 00 48075 3 2 4 56 4 00 00 10 220 20 220 3 0000 4 0083 5 0000 6 000 0 7 00 0 0 8 2 5 0 5 333 20 180 59 014 6 000 0 7 0000 
28-MAY-2015 00 48077 3 2 5 56 6 00 00 10 268 20 256 3 0000 4 0045 5 0000 6 000 0 7 00 0 0 8 5 9 0 1 333 20 252 59 016 6 000 0 7 0000 
28-MAY-2015 00 48078 3 2 5 50 2 18 01 10 276 20 254 3 0000 4 0071 5 0000 6 000 0 7 00 0 0 8 1 5 0 1 333 20 255 59 013 6 000 0 7 0000 
28-MAY-2015 00 48080 2 1 4 56 7 00 00 10 260 20 246 3 0000 4 0075 5 0000 6 000 0 7 50 6 5 8 4 9 7 0 333 20 250 59 011 6 003 2 7 0000 
28-MAY-2015 00 48085 2 1 3 57 8 32 01 10 270 20 256 3 0000 4 0065 5 0000 6 000 0 7 51 9 5 8 6 9 2 0 333 20 266 58 001 6 001 2 7 0000 
28-MAY-2015 00 48087 3 2 5 50 4 00 00 10 250 20 233 3 0000 4 0000 5 0000 6 000 0 7 00 0 0 8 2 8 4 0 333 20 242 58 000 6 000 0 7 0000 
28-MAY-2015 00 48092 3 1 4 40 3 00 00 10 250 20 250 3 0000 4 0054 5 0000 6 000 0 7 10 1 1 8 1 4 3 1 333 20 245 59 012 6 000 0 7 0000 
28-MAY-2015 00 48093 3 2 5 50 3 00 00 10 262 20 000 3 0000 4 0000 5 0000 6 000 0 7 00 0 0 8 0 0 0 0 333 10 /// 58 000 6 000 0 7 0000 
28-MAY-2015 00 48094 3 2 4 56 4 00 00 10 256 20 250 3 0000 4 0067 5 0000 6 000 0 7 00 0 0 8 2 9 4 0 333 20 214 59 009 6 000 2 7 0000 
28-MAY-2015 00 48096 3 2 4 56 4 24 03 10 250 20 233 3 0000 4 0077 5 0000 6 000 0 7 00 0 0 8 2 3 3 0 333 20 240 59 012 6 000 0 7 0000 
28-MAY-2015 00 48097 3 2 5 57 6 24 01 10 255 20 240 3 0000 4 0090 5 0000 6 000 0 7 00 0 0 8 2 5 3 1 333 20 243 58 002 6 000 0 7 0000 
28-MAY-2015 00 48099 2 2 4 40 5 27 01 10 270 20 240 3 0000 4 0072 5 0000 6 000 0 7 00 0 0 8 3 8 3 1 333 20 230 59 019 6 000 2 7 0000 
28-MAY-2015 00 48101 3 2 5 56 5 00 00 10 252 20 252 3 0000 4 0000 5 0000 6 000 0 7 00 0 0 8 2 7 3 5 333 20 220 58 000 6 000 0 7 0000 
28-MAY-2015 00 48103 3 2 3 40 8 22 02 10 262 20 246 3 0000 4 0074 5 0000 6 000 0 7 00 0 0 8 6 7 3 0 333 20 250 59 017 6 000 0 7 0000 
28-MAY-2015 00 48107 2 1 3 30 6 00 00 10 250 20 233 3 0000 4 0069 5 0000 6 000 0 7 01 6 5 8 4 9 7 0 333 20 242 59 026 6 001 2 7 0000 
28-MAY-2015 00 48108 2 1 4 95 7 00 00 10 245 20 236 3 0000 4 0085 5 0000 6 000 0 7 02 5 5 8 4 3 6 6 333 20 230 59 016 6 001 2 7 0000 
28-MAY-2015 00 48110 2 2 5 95 6 13 03 10 255 20 247 3 0000 4 0091 5 0000 6 000 0 7 00 0 0 8 3 3 5 6 333 20 250 59 014 6 000 0 7 0000 
28-MAY-2015 00 48112 2 1 5 97 8 18 02 10 250 20 250 3 0000 4 0094 5 0000 6 000 0 7 01 5 2 8 4 8 7 6 333 20 198 59 008 6 005 2 7 0000 
