28-NOV-2015 06 48001 3 2 4 50 3 09 01 10 225 20 181 3 0000 4 0175 5 0000 6 000 0 7 00 0 0 8 3 2 0 0 333 10 /// 58 025 6 000 0 7 0000 
28-NOV-2015 06 48004 3 2 5 60 4 04 01 10 250 20 167 3 0000 4 0000 5 0000 6 000 0 7 00 0 0 8 4 9 0 0 333 10 /// 58 000 6 000 0 7 0000 
28-NOV-2015 06 48008 3 2 5 57 3 00 00 10 270 20 191 3 0000 4 0168 5 0000 6 000 0 7 00 0 0 8 2 2 3 0 333 10 /// 58 039 6 000 0 7 0000 
28-NOV-2015 06 48010 3 2 5 60 2 00 00 10 270 20 191 3 0000 4 0159 5 0000 6 000 0 7 00 0 0 8 1 1 0 1 333 10 /// 58 027 6 000 0 7 0000 
28-NOV-2015 06 48018 3 2 5 59 4 14 01 10 285 20 196 3 0000 4 0169 5 0000 6 000 0 7 00 0 0 8 2 8 4 6 333 10 /// 58 037 6 000 0 7 0000 
28-NOV-2015 06 48019 3 2 5 60 3 04 23 10 285 20 184 3 0000 4 0160 5 0000 6 000 0 7 00 0 0 8 0 0 0 2 333 10 /// 58 037 6 000 0 7 0000 
28-NOV-2015 06 48020 3 2 4 60 2 32 04 10 265 20 203 3 0000 4 0000 5 0000 6 000 0 7 00 0 0 8 2 8 0 0 333 10 /// 58 000 6 000 0 7 0000 
28-NOV-2015 06 48025 3 2 4 40 4 32 01 10 253 20 186 3 0000 4 0182 5 0000 6 000 0 7 00 0 0 8 3 8 4 0 333 10 /// 58 042 6 000 0 7 0000 
28-NOV-2015 06 48030 3 2 2 57 4 22 01 10 180 20 129 3 0000 4 0000 5 0000 6 000 0 7 00 0 0 8 2 2 0 2 333 10 /// 58 000 6 000 0 7 0000 
28-NOV-2015 06 48031 3 2 2 60 3 18 01 10 205 20 130 3 0000 4 0000 5 0000 6 000 0 7 00 0 0 8 3 8 0 0 333 10 /// 58 000 6 000 0 7 0000 
28-NOV-2015 06 48033 3 2 5 63 1 36 01 10 290 20 196 3 0000 4 0158 5 0000 6 000 0 7 00 0 0 8 1 1 0 0 333 10 /// 58 040 6 000 0 7 0000 
28-NOV-2015 06 48034 3 2 4 56 4 23 02 10 238 20 139 3 0000 4 0000 5 0000 6 000 0 7 00 0 0 8 4 3 0 0 333 10 /// 58 000 6 000 0 7 0000 
28-NOV-2015 06 48035 3 1 5 60 9 22 03 10 266 20 172 3 0000 4 0133 5 0000 6 000 0 7 05 0 0 8 3 8 6 0 333 10 /// 58 018 6 000 0 7 0000 
28-NOV-2015 06 48037 3 2 5 60 4 32 01 10 288 20 196 3 0000 4 0164 5 0000 6 000 0 7 00 0 0 8 1 1 5 1 333 10 /// 58 043 6 000 0 7 0000 
28-NOV-2015 06 48039 3 2 4 60 4 00 00 10 290 20 215 3 0000 4 0000 5 0000 6 000 0 7 00 0 0 8 2 1 0 2 333 10 /// 58 000 6 000 0 7 0000 
28-NOV-2015 06 48042 3 1 5 56 1 31 02 10 317 20 214 3 0000 4 0145 5 0000 6 000 0 7 05 1 1 8 2 8 0 2 333 10 /// 58 029 6 000 0 7 0000 
28-NOV-2015 06 48043 3 2 6 57 4 18 05 10 230 20 181 3 0000 4 0000 5 0000 6 000 0 7 00 0 0 8 4 2 0 0 333 10 /// 58 000 6 000 0 7 0000 
28-NOV-2015 06 48045 3 1 3 40 8 18 04 10 187 20 159 3 0000 4 0000 5 0000 6 000 0 7 41 4 4 8 8 8 / / 333 10 /// 58 000 6 000 0 7 0000 
28-NOV-2015 06 48048 3 2 5 60 4 36 01 10 300 20 207 3 0000 4 0159 5 0000 6 000 0 7 00 0 0 8 4 8 0 0 333 10 /// 58 034 6 000 0 7 0000 
28-NOV-2015 06 48051 3 2 5 60 4 04 01 10 280 20 200 3 0000 4 0000 5 0000 6 000 0 7 01 2 2 8 3 2 2 0 333 10 /// 58 000 6 000 0 7 0000 
28-NOV-2015 06 48052 3 2 4 58 2 36 01 10 328 20 234 3 0000 4 0000 5 0000 6 000 0 7 00 0 0 8 2 2 0 0 333 10 /// 58 000 6 000 0 7 0000 
28-NOV-2015 06 48053 3 2 4 56 6 22 02 10 320 20 236 3 0000 4 0165 5 0000 6 000 0 7 00 0 0 8 4 8 5 6 333 10 /// 58 015 6 000 0 7 0000 
28-NOV-2015 06 48055 3 2 5 56 6 09 03 10 253 20 186 3 0000 4 0149 5 0000 6 000 0 7 02 4 4 8 5 3 3 0 333 10 /// 58 055 6 000 0 7 0000 
28-NOV-2015 06 48057 3 2 4 57 7 22 02 10 212 20 160 3 0000 4 0000 5 0000 6 000 0 7 00 0 0 8 6 3 5 0 333 10 /// 58 000 6 000 0 7 0000 
28-NOV-2015 06 48060 3 2 3 40 7 00 00 10 230 20 181 3 0000 4 0125 5 0000 6 000 0 7 00 0 0 8 4 9 7 0 333 10 /// 58 053 6 000 0 7 0000 
28-NOV-2015 06 48062 3 2 4 56 7 04 02 10 276 20 250 3 0000 4 0159 5 0000 6 000 0 7 03 2 2 8 5 9 7 0 333 10 /// 58 036 6 000 0 7 0000 
28-NOV-2015 06 48064 3 2 9 60 1 14 01 10 290 20 215 3 0000 4 0131 5 0000 6 000 0 7 00 0 0 8 0 0 0 1 333 10 /// 58 022 6 000 0 7 0000 
28-NOV-2015 06 48065 3 2 9 58 1 04 02 10 301 20 207 3 0000 4 0000 5 0000 6 000 0 7 00 0 0 8 0 0 0 1 333 10 /// 58 000 6 000 0 7 0000 
28-NOV-2015 06 48071 3 2 4 58 6 32 02 10 303 20 223 3 0000 4 0150 5 0000 6 000 0 7 00 0 0 8 4 8 7 0 333 10 /// 58 032 6 000 0 7 0000 
28-NOV-2015 06 48072 3 2 4 60 8 36 01 10 310 20 237 3 0000 4 0000 5 0000 6 000 0 7 03 2 2 8 5 8 3 0 333 10 /// 58 000 6 000 0 7 0000 
28-NOV-2015 06 48074 3 2 4 59 6 32 02 10 300 20 223 3 0000 4 0150 5 0000 6 000 0 7 00 0 0 8 4 8 7 0 333 10 /// 58 038 6 000 0 7 0000 
28-NOV-2015 06 48075 3 2 4 57 7 14 01 10 250 20 205 3 0000 4 0161 5 0000 6 000 0 7 00 0 0 8 5 8 5 0 333 10 /// 58 038 6 000 0 7 0000 
28-NOV-2015 06 48077 3 2 5 59 3 00 00 10 300 20 239 3 0000 4 0146 5 0000 6 000 0 7 00 0 0 8 2 9 0 1 333 10 /// 58 039 6 000 0 7 0000 
28-NOV-2015 06 48078 3 2 5 59 4 32 01 10 307 20 230 3 0000 4 0151 5 0000 6 000 0 7 00 0 0 8 2 2 3 1 333 10 /// 58 037 6 000 0 7 0000 
28-NOV-2015 06 48080 3 2 4 61 4 22 03 10 330 20 258 3 0000 4 0140 5 0000 6 000 0 7 00 0 0 8 2 8 7 0 333 10 /// 58 025 6 000 0 7 0000 
28-NOV-2015 06 48085 3 2 4 58 3 14 03 10 332 20 234 3 0000 4 0141 5 0000 6 000 0 7 00 0 0 8 2 8 0 1 333 10 /// 58 029 6 000 0 7 0000 
28-NOV-2015 06 48087 3 2 5 60 5 00 00 10 332 20 244 3 0000 4 0000 5 0000 6 000 0 7 02 2 2 8 2 8 4 1 333 10 /// 58 000 6 000 0 7 0000 
28-NOV-2015 06 48092 3 2 5 59 1 14 02 10 340 20 225 3 0000 4 0118 5 0000 6 000 0 7 00 0 0 8 1 1 0 0 333 10 /// 58 031 6 000 0 7 0000 
28-NOV-2015 06 48093 3 2 6 58 5 04 01 10 337 20 240 3 0000 4 0000 5 0000 6 000 0 7 00 0 0 8 5 8 0 0 333 10 /// 58 000 6 000 0 7 0000 
28-NOV-2015 06 48094 3 2 4 60 4 04 02 10 340 20 240 3 0000 4 0138 5 0000 6 000 0 7 03 2 2 8 3 8 4 0 333 10 /// 58 029 6 000 0 7 0000 
28-NOV-2015 06 48095 3 2 4 60 4 00 00 10 315 20 237 3 0000 4 0000 5 0000 6 000 0 7 03 1 1 8 4 8 0 0 333 10 /// 58 000 6 000 0 7 0000 
28-NOV-2015 06 48096 3 2 5 59 3 15 06 10 330 20 224 3 0000 4 0140 5 0000 6 000 0 7 03 2 2 8 3 2 0 0 333 10 /// 58 031 6 000 0 7 0000 
28-NOV-2015 06 48097 3 2 5 57 4 08 03 10 330 20 224 3 0000 4 0137 5 0000 6 000 0 7 02 1 1 8 3 8 0 1 333 10 /// 58 020 6 000 0 7 0000 
28-NOV-2015 06 48099 3 2 4 56 2 27 02 10 342 20 225 3 0000 4 0142 5 0000 6 000 0 7 00 0 0 8 2 8 0 0 333 10 /// 58 035 6 000 0 7 0000 
28-NOV-2015 06 48101 3 2 6 60 3 04 01 10 338 20 257 3 0000 4 0000 5 0000 6 000 0 7 03 1 1 8 3 9 0 0 333 10 /// 58 000 6 000 0 7 0000 
28-NOV-2015 06 48103 3 2 4 57 1 04 05 10 341 20 206 3 0000 4 0132 5 0000 6 000 0 7 00 0 0 8 1 5 0 0 333 10 /// 58 025 6 000 0 7 0000 
28-NOV-2015 06 48107 3 2 9 50 0 09 02 10 336 20 206 3 0000 4 0115 5 0000 6 000 0 7 00 0 0 8 0 0 0 0 333 10 /// 58 008 6 000 0 7 0000 
28-NOV-2015 06 48108 3 2 5 96 4 14 03 10 320 20 215 3 0000 4 0125 5 0000 6 000 0 7 00 0 0 8 1 4 0 6 333 10 /// 58 018 6 000 0 7 0000 
28-NOV-2015 06 48110 3 1 5 96 8 36 01 10 315 20 236 3 0000 4 0119 5 0000 6 000 0 7 05 2 2 8 1 3 0 7 333 10 /// 58 013 6 000 0 7 0000 
28-NOV-2015 06 48112 3 2 5 97 8 04 08 10 322 20 248 3 0000 4 0104 5 0000 6 000 0 7 02 2 2 8 3 8 7 6 333 10 /// 58 005 6 000 0 7 0000 
