280900 48001 32440 40901 10245 20219 40159 84800 333 56200 58029=
280900 48004 32562 31301 10262 20203 83800 333 56500=
280900 48008 32557 30000 10295 20185 40145 82230 333 56870 58041=
280900 48010 32560 60000 10295 20207 40148 85830 333 56550 58042=
280900 48018 32560 50401 10310 20189 40148 83860 333 56110 58044=
280900 48019 32960 30402 10300 20185 40142 80001 333 56005 58041=
280900 48020 32460 33604 10290 20215 82201 333 56409=
280900 48025 32456 63201 10272 20191 40156 84840 333 56440 58047=
280900 48030 32257 72204 10204 20109 82802 333 56509=
280900 48031 32260 31401 10210 20143 83800 333 56400=
280900 48033 32563 33601 10310 20225 40132 83800 333 56900 58039=
280900 48034 32456 42301 10250 20150 84300 333 56500=
280900 48035 31560 12201 10275 20185 40115 70511 81100 333 56900 58042=
280900 48037 32560 43201 10312 20189 40139 84100 333 56500 58048=
280900 48039 32460 30000 10316 20236 83100 333 56300=
280900 48042 32559 43601 10326 20212 40123 82252 333 56599 58028=
280900 48043 32658 21806 10250 20186 82200 333 56500=
280900 48045 31310 71403 10195 20185 74044 86830 333 56340=
280900 48048 32560 43601 10330 20191 40131 84800 333 56800 58036=
280900 48051 32560 63601 10298 20210 70322 85830 333 56590=
280900 48052 32458 20000 10376 20255 82200 333 56900=
280900 48053 32456 62201 10340 20240 40126 84856 333 56699 58039=
280900 48055 32557 50402 10268 20191 40120 84830 333 56550 58046=
280900 48057 32458 62202 10240 20155 85301 333 56509=
280900 48060 32340 72201 10247 20233 40137 83872 333 56566 58024=
280900 48062 32456 60402 10297 20270 40134 84930 333 56990 58034=
280900 48064 32960 01401 10290 20215 40113 333 58028=
280900 48065 32560 40000 10330 20212 82806 333 56909=
280900 48071 32558 23204 10297 20223 40129 82200 333 56700 58026=
280900 48072 32460 23201 10310 20254 70222 82300 333 56300=
280900 48074 32459 62301 10330 20244 40133 82556 333 56999 58034=
280900 48075 32457 72201 10250 20205 40155 85850 333 56590 58060=
280900 48077 32559 30000 10330 20224 40114 82901 333 56909 58029=
280900 48078 32560 33201 10322 20215 40127 82201 333 56909 58030=
280900 48080 32460 42205 10325 20240 40124 82540 333 56590 58030=
280900 48085 32458 32704 10332 20244 40119 82801 333 56309 58027=
280900 48087 32560 30000 10350 20237 81141 333 56999=
280900 48092 32559 21302 10350 20219 40099 81230 333 56990 58038=
280900 48093 32658 20401 10338 20240 82100 333 56100=
280900 48094 32460 40402 10340 20240 40118 70322 83840 333 56990 58030=
280900 48095 32560 20000 10327 20248 70100 82200 333 56900=
280900 48096 32558 43605 10330 20224 40120 83830 333 56990 58032=  
280900 48097 32557 50702 10330 20212 40129 70222 85800 333 56900 58026=
280900 48099 32558 22302 10347 20237 40116 82800 333 56900 58030=
280900 48101 32660 10901 10338 20240 70111 81100 333 56100=
280900 48103 32457 10406 10346 20202 40113 81500 333 56100 58025=
280900 48107 32950 20401 10350 20219 40104 80006 333 56009 58015=
280900 48108 32596 50503 10340 20264 40103 82406 333 56909 58014=
280900 48109 32497 50903 10312 20267 40119 84930 333 56990 58026=
280900 48110 31596 81302 10315 20236 40107 70522 82357 333 56999 58020=
280900 48112 21597 80405 10305 20246 40094 75055 84876 333 56199 58012=
