28-OCT-2015 03 48051 3 2 5 59 2 36 02 10 268 20 240 3 0000 4 0000 5 0000 6 000 0 7 00 0 0 8 2 5 0 0 333 10 /// 58 000 6 000 0 7 0000 
28-OCT-2015 03 48062 3 2 4 57 4 04 01 10 293 20 260 3 0000 4 0148 5 0000 6 000 0 7 00 0 0 8 3 8 3 0 333 10 /// 58 015 6 000 0 7 0000 
28-OCT-2015 03 48071 3 2 4 56 5 32 02 10 290 20 259 3 0000 4 0143 5 0000 6 000 0 7 00 0 0 8 3 8 3 0 333 10 /// 58 009 6 000 0 7 0000 
28-OCT-2015 03 48072 3 2 4 60 1 04 01 10 300 20 253 3 0000 4 0000 5 0000 6 000 0 7 00 0 0 8 1 2 0 0 333 10 /// 58 000 6 000 0 7 0000 
28-OCT-2015 03 48075 3 2 4 57 3 14 01 10 220 20 185 3 0000 4 0175 5 0000 6 000 0 7 00 0 0 8 3 2 0 0 333 10 /// 58 025 6 000 0 7 0000 
28-OCT-2015 03 48077 3 2 9 59 1 04 01 10 284 20 233 3 0000 4 0138 5 0000 6 000 0 7 00 0 0 8 0 0 0 1 333 10 /// 59 001 6 000 0 7 0000 
28-OCT-2015 03 48078 2 2 5 57 6 32 01 10 266 20 243 3 0000 4 0157 5 0000 6 000 0 7 00 0 0 8 3 8 3 1 333 10 /// 58 015 6 000 0 7 0000 
28-OCT-2015 03 48080 2 2 9 60 0 13 02 10 276 20 250 3 0000 4 0143 5 0000 6 000 0 7 00 0 0 8 0 0 0 0 333 10 /// 58 010 6 000 0 7 0000 
28-OCT-2015 03 48085 2 2 9 57 2 32 02 10 280 20 250 3 0000 4 0135 5 0000 6 000 0 7 00 0 0 8 0 0 0 6 333 10 /// 58 003 6 000 0 7 0000 
28-OCT-2015 03 48087 2 2 5 60 0 00 00 10 290 20 259 3 0000 4 0000 5 0000 6 000 0 7 00 0 0 8 0 0 0 0 333 10 /// 58 000 6 000 0 7 0000 
28-OCT-2015 03 48092 3 1 5 58 4 09 01 10 300 20 246 3 0000 4 0131 5 0000 6 000 0 7 05 2 2 8 4 4 0 0 333 10 /// 58 016 6 000 0 7 0000 
28-OCT-2015 03 48093 3 2 6 58 3 14 01 10 307 20 254 3 0000 4 0000 5 0000 6 000 0 7 00 0 0 8 2 1 0 1 333 10 /// 58 000 6 000 0 7 0000 
28-OCT-2015 03 48094 3 2 4 57 7 00 00 10 285 20 255 3 0000 4 0150 5 0000 6 000 0 7 00 0 0 8 5 9 4 0 333 10 /// 58 016 6 000 0 7 0000 
28-OCT-2015 03 48095 2 2 4 58 6 00 00 10 290 20 248 3 0000 4 0000 5 0000 6 000 0 7 00 0 0 8 3 6 0 2 333 10 /// 58 000 6 000 0 7 0000 
28-OCT-2015 03 48096 3 2 5 58 1 04 05 10 290 20 243 3 0000 4 0158 5 0000 6 000 0 7 00 0 0 8 1 1 0 0 333 10 /// 58 024 6 000 0 7 0000 
28-OCT-2015 03 48097 3 1 5 57 6 15 02 10 295 20 234 3 0000 4 0154 5 0000 6 000 0 7 05 2 2 8 4 5 0 6 333 10 /// 58 015 6 000 0 7 0000 
28-OCT-2015 03 48099 3 1 4 40 4 04 02 10 290 20 259 3 0000 4 0155 5 0000 6 000 0 7 01 4 4 8 3 8 3 0 333 10 /// 58 022 6 000 0 7 0000 
28-OCT-2015 03 48101 2 2 7 59 5 00 00 10 298 20 253 3 0000 4 0000 5 0000 6 000 0 7 00 0 0 8 0 0 3 5 333 10 /// 58 000 6 000 0 7 0000 
28-OCT-2015 03 48103 2 2 4 56 6 04 03 10 301 20 253 3 0000 4 0148 5 0000 6 000 0 7 00 0 0 8 4 7 3 2 333 10 /// 58 011 6 000 0 7 0000 
28-OCT-2015 03 48107 3 2 3 50 6 00 00 10 278 20 250 3 0000 4 0137 5 0000 6 000 0 7 00 0 0 8 4 9 7 0 333 10 /// 58 014 6 000 0 7 0000 
28-OCT-2015 03 48108 2 1 5 96 6 09 02 10 280 20 255 3 0000 4 0145 5 0000 6 000 0 7 02 4 4 8 3 3 5 6 333 10 /// 58 007 6 000 0 7 0000 
28-OCT-2015 03 48109 2 2 4 96 7 00 00 10 268 20 240 3 0000 4 0141 5 0000 6 000 0 7 00 0 0 8 5 9 7 0 333 10 /// 58 010 6 000 0 7 0000 
28-OCT-2015 03 48110 2 1 5 96 3 18 01 10 310 20 254 3 0000 4 0143 5 0000 6 000 0 7 05 2 2 8 1 1 3 6 333 10 /// 58 011 6 000 0 7 0000 
28-OCT-2015 03 48112 2 2 5 97 8 04 03 10 295 20 250 3 0000 4 0126 5 0000 6 000 0 7 00 0 0 8 3 8 7 6 333 10 /// 59 001 6 000 0 7 0000 
