280900 48001 32556 30401 10320 20248 40057 83800 333 56500 59002=
280900 48004 32562 40401 10340 20240 84900 333 56500=
280900 48008 32457 40000 10326 20267 40055 82970 333 56450 58004=
280900 48010 32560 40000 10345 20257 40054 83830 333 56550 58011=
280900 48018 32560 43201 10325 20244 40058 82812 333 56777 58007=
280900 48019 32460 32301 10350 20237 40048 82205 333 56506 59004=
280900 48020 32460 50903 10320 20281 83830 333 56440=
280900 48025 31440 71401 10333 20258 40064 70395 84970 333 56450 58003=
280900 48035 31460 82202 10259 20215 40054 71796 8597/ 333 56569 58017=
280900 48037 32560 60000 10316 20265 40048 83821 333 56449 58007=
280900 48042 22559 43601 10320 20248 40054 83802 333 56709 58013=
280900 48045 21350 60402 10243 20226 70164 86900 333 56100=
280900 48048 21560 70901 10280 20250 40064 72995 85950 333 56490 59015=
280900 48051 32560 23102 10340 20270 70111 82900 333 56900=
280900 48053 31456 63602 10320 20265 40051 71799 85950 333 56699 58003=
280900 48060 32456 40000 10334 20230 40015 70322 82130 333 56650 59009=
280900 48062 32458 62703 10330 20300 40055 84930 333 56690 58005=
280900 48071 32460 52702 10332 20275 40055 85900 333 56990 58007=
280900 48075 22457 50000 10320 20215 40029 84850 333 56690 59005=
280900 48077 32559 62301 10338 20257 40040 85901 333 56409 59002=
280900 48078 32560 41801 10346 20193 40059 82831 333 56499 58009=
280900 48080 31460 61302 10300 20253 40055 71799 84970 333 56490 58005=
280900 48085 32458 62704 10325 20281 40042 85906 333 56909 59007=
280900 48095 21458 80902 10315 20267 79696 84970 333 56990=
280900 48108 32596 62305 10310 20267 40063 83306 333 56109 58000=
280900 48110 22494 83201 10290 20253 40078 85377 333 56999 59008=
280900 48112 21496 82205 10255 20255 40080 72152 8677/ 333 5659/ 58004=
280900 48030 32356 70404 10233 20198 86940 333 56180=
280900 48072 32460 60401 10325 20275 84830 333 56590=
280900 48087 32456 70000 10314 20267 70322 8497/ 333 5699/=
280900 48099 21456 52703 10333 20258 40046 70252 85900 333 56900 58000=
280900 48101 32659 51401 10320 20265 83330 333 56390=
280900 48103 32557 72202 10307 20267 40052 85930 333 56550 58002=
280900 48057 21356 71401 10200 20200 70396 85950 333 56890=
280900 48094 32459 52201 10340 20260 40051 84940 333 56990 59004=
280900 48097 21557 63101 10295 20256 40069 70152 82806 333 56909 58002=
280900 48031 32260 61801 10260 20203 84840 333 56490=
280900 48033 32563 43601 10310 20262 40057 83801 333 56909 58012=
280900 48034 22456 61802 10278 20220 86300 333 56500=
280900 48039 32460 22302 10317 20261 83100 333 56500=
280900 48043 22540 70504 10240 20240 8587/ 333 56399=
280900 48052 22465 71301 10254 20250 85970 333 56990=
280900 48055 31556 60407 10268 20226 40049 71799 86900 333 56500 58033=
280900 48064 32560 43601 10354 20280 40037 82331 333 56449 58013=
280900 48065 32558 42201 10363 20264 83801 333 56909=
280900 48074 32459 71802 10345 20257 40053 84970 333 56440 58003=
280900 48092 22458 72301 10310 20267 40043 84871 333 56999 58001=
280900 48093 32658 62301 10330 20258 84841 333 56399=
280900 48107 31350 61302 10314 20267 40060 71799 84970 333 56660 58004=
280900 48096 22458 52204 10290 20259 40059 70122 83930 333 56990 58000=  
