28-SEP-2015 12 48001 3 2 4 56 3 00 00 10 285 20 248 3 0000 4 0056 5 0000 6 000 0 7 00 0 0 8 3 5 0 0 333 10 330 58 004 6 000 2 7 0000 
28-SEP-2015 12 48008 3 2 4 56 4 00 00 10 307 20 267 3 0000 4 0050 5 0000 6 000 0 7 00 0 0 8 2 9 3 1 333 10 339 58 007 6 000 2 7 0000 
28-SEP-2015 12 48010 3 2 5 40 4 00 00 10 315 20 281 3 0000 4 0052 5 0000 6 000 0 7 00 0 0 8 2 8 3 0 333 10 351 58 016 6 000 2 7 0000 
28-SEP-2015 12 48018 2 1 5 50 8 23 01 10 290 20 259 3 0000 4 0054 5 0000 6 000 0 7 20 9 5 8 5 9 7 / 333 10 338 58 005 6 990 2 7 0000 
28-SEP-2015 12 48019 3 2 4 50 6 00 00 10 310 20 254 3 0000 4 0054 5 0000 6 000 0 7 00 0 0 8 2 2 4 5 333 10 353 58 003 6 000 2 7 0000 
28-SEP-2015 12 48025 3 2 4 50 4 36 01 10 314 20 267 3 0000 4 0055 5 0000 6 000 0 7 00 0 0 8 2 1 4 1 333 10 340 58 007 6 000 2 7 0000 
28-SEP-2015 12 48033 3 2 5 62 3 00 00 10 303 20 266 3 0000 4 0066 5 0000 6 000 0 7 00 0 0 8 3 9 0 0 333 10 320 58 018 6 000 2 7 0000 
28-SEP-2015 12 48035 2 1 5 60 4 00 00 10 253 20 233 3 0000 4 0061 5 0000 6 000 0 7 01 9 9 8 3 9 6 0 333 10 303 58 025 6 990 2 7 0000 
28-SEP-2015 12 48037 3 2 5 58 4 00 00 10 314 20 267 3 0000 4 0046 5 0000 6 000 0 7 00 0 0 8 2 5 2 0 333 10 337 58 011 6 000 2 7 0000 
28-SEP-2015 12 48042 2 2 5 58 7 00 00 10 302 20 266 3 0000 4 0052 5 0000 6 000 0 7 00 0 0 8 4 9 7 0 333 10 325 58 017 6 000 2 7 0000 
28-SEP-2015 12 48048 2 2 5 50 5 22 01 10 273 20 256 3 0000 4 0056 5 0000 6 000 0 7 00 0 0 8 4 8 5 0 333 10 322 58 016 6 001 2 7 0000 
28-SEP-2015 12 48053 2 1 4 50 8 00 00 10 255 20 233 3 0000 4 0069 5 0000 6 000 0 7 17 9 5 8 5 9 7 / 333 10 340 58 026 6 003 2 7 0000 
28-SEP-2015 12 48055 2 2 5 56 5 00 00 10 248 20 224 3 0000 4 0061 5 0000 6 000 0 7 01 9 5 8 3 9 4 0 333 10 305 58 012 6 001 2 7 0000 
28-SEP-2015 12 48060 3 2 3 20 5 00 00 10 282 20 233 3 0000 4 0031 5 0000 6 000 0 7 00 0 0 8 3 1 3 0 333 10 336 59 028 6 000 2 7 0000 
28-SEP-2015 12 48062 3 2 4 40 8 27 02 10 320 20 290 3 0000 4 0053 5 0000 6 000 0 7 00 0 0 8 6 9 3 2 333 10 340 58 008 6 000 2 7 0000 
28-SEP-2015 12 48064 3 2 4 50 7 00 00 10 320 20 281 3 0000 4 0037 5 0000 6 000 0 7 00 0 0 8 3 8 3 6 333 10 360 58 012 6 000 2 7 0000 
28-SEP-2015 12 48071 3 2 4 56 4 32 01 10 316 20 267 3 0000 4 0055 5 0000 6 000 0 7 00 0 0 8 4 9 0 0 333 10 335 58 007 6 000 2 7 0000 
28-SEP-2015 12 48074 3 2 5 58 6 16 01 10 280 20 250 3 0000 4 0062 5 0000 6 000 0 7 00 0 0 8 4 9 7 0 333 10 355 58 017 6 000 2 7 0000 
28-SEP-2015 12 48075 2 1 4 56 7 00 00 10 265 20 231 3 0000 4 0061 5 0000 6 000 0 7 21 6 5 8 5 9 7 0 333 10 320 58 010 6 001 2 7 0000 
28-SEP-2015 12 48077 3 2 5 56 6 00 00 10 314 20 254 3 0000 4 0039 5 0000 6 000 0 7 00 0 0 8 5 9 0 1 333 10 340 58 001 6 000 2 7 0000 
28-SEP-2015 12 48078 3 2 5 57 5 18 01 10 317 20 267 3 0000 4 0059 5 0000 6 000 0 7 00 0 0 8 2 3 3 1 333 10 350 58 005 6 000 2 7 0000 
28-SEP-2015 12 48080 3 1 4 57 5 00 00 10 290 20 259 3 0000 4 0058 5 0000 6 000 0 7 17 9 9 8 3 9 7 0 333 10 338 58 008 6 000 0 7 0000 
28-SEP-2015 12 48085 3 2 3 56 8 32 04 10 298 20 259 3 0000 4 0059 5 0000 6 000 0 7 00 0 0 8 6 9 7 0 333 10 326 58 014 6 000 2 7 0000 
28-SEP-2015 12 48092 2 2 4 57 6 18 02 10 290 20 259 3 0000 4 0042 5 0000 6 000 0 7 00 0 0 8 3 8 7 1 333 10 315 58 008 6 002 2 7 0000 
28-SEP-2015 12 48094 2 1 4 56 6 00 00 10 278 20 270 3 0000 4 0062 5 0000 6 000 0 7 03 9 6 8 4 9 7 0 333 10 352 58 008 6 005 2 7 0000 
28-SEP-2015 12 48096 2 2 4 57 2 17 03 10 300 20 253 3 0000 4 0068 5 0000 6 000 0 7 00 0 0 8 2 9 0 0 333 10 305 58 012 6 000 2 7 0000 
28-SEP-2015 12 48097 2 1 5 57 4 23 01 10 290 20 259 3 0000 4 0069 5 0000 6 000 0 7 00 0 0 8 2 8 3 0 333 10 310 58 003 6 990 2 7 0000 
28-SEP-2015 12 48099 2 1 3 30 7 23 02 10 293 20 259 3 0000 4 0071 5 0000 6 000 0 7 95 9 5 8 5 9 7 0 333 10 340 58 020 6 990 2 7 0000 
28-SEP-2015 12 48103 2 1 4 40 8 22 02 10 280 20 268 3 0000 4 0064 5 0000 6 000 0 7 60 6 6 8 6 9 7 / 333 10 332 58 007 6 990 2 7 0000 
28-SEP-2015 12 48107 2 1 3 30 8 23 01 10 258 20 246 3 0000 4 0078 5 0000 6 000 0 7 60 9 6 8 5 9 7 / 333 10 324 58 013 6 003 2 7 0000 
28-SEP-2015 12 48108 2 1 4 95 7 23 05 10 270 20 256 3 0000 4 0078 5 0000 6 000 0 7 50 5 5 8 4 3 7 7 333 10 313 58 011 6 990 2 7 0000 
28-SEP-2015 12 48109 3 2 4 96 6 00 00 10 290 20 259 3 0000 4 0065 5 0000 6 000 0 7 02 2 2 8 6 9 0 0 333 10 324 58 006 6 000 2 7 0000 
28-SEP-2015 12 48110 2 2 5 95 8 18 03 10 275 20 245 3 0000 4 0083 5 0000 6 000 0 7 00 0 0 8 3 3 4 7 333 10 295 58 008 6 003 2 7 0000 
28-SEP-2015 12 48112 2 2 5 97 8 22 97 10 262 20 246 3 0000 4 0092 5 0000 6 000 0 7 00 0 0 8 4 8 7 6 333 10 282 58 009 6 006 2 7 0000 
