280600 48001 32550 50901 10305 20287 40078 84830 333 56630 58006=
280600 48004 32562 40401 10329 20244 84900 333 56500=
280600 48008 32457 43201 10306 20254 40083 82970 333 56450 58014=
280600 48010 32560 40000 10330 20244 40074 83801 333 56505 59002=
280600 48018 32559 41401 10320 20265 40079 82812 333 56333 58000=
280600 48019 32460 22302 10334 20244 40074 82200 333 56500 58006=
280600 48020 32460 63604 10330 20275 84330 333 56440=
280600 48025 32440 61401 10330 20258 40089 83841 333 56559 58002=
280600 48030 32356 60402 10220 20185 85940 333 56180=
280600 48031 32260 71801 10255 20203 70322 87800 333 56400=
280600 48033 32562 72701 10290 20259 40019 86930 333 56550 58011=
280600 48034 21457 41802 10270 20226 70155 84800 333 56500=
280600 48035 32560 72203 10287 20230 40056 85970 333 56440 59017=
280600 48037 32560 52201 10319 20265 40074 83820 333 56440 58006=
280600 48039 32460 50000 10280 20268 82102 333 56303=
280600 48042 21557 40401 10280 20268 40080 70195 82906 333 56309 58022=
280600 48043 32556 70503 10245 20219 85820 333 56590=
280600 48045 32556 71802 10241 20209 87300 333 56200=
280600 48048 31560 72201 10320 20265 40082 71799 85950 333 56490 58008=
280600 48051 32560 33102 10327 20280 70222 83800 333 56490=
280600 48052 32468 40000 10335 20257 84800 333 56900=
280600 48053 32458 51801 10306 20254 40083 82970 333 56450 58009=
280600 48055 32556 63603 10292 20230 40062 85930 333 56550 58007=
280600 48057 21458 62301 10234 20198 75055 85950 333 56490=
280600 48060 32350 30000 10305 20224 40044 70122 83300 333 56600 58001=
280600 48062 32458 70902 10320 20290 40089 70322 85970 333 56290 58008=
280600 48064 32460 40401 10340 20270 40055 83801 333 56409 59001=
280600 48065 32557 31401 10342 20270 83800 333 56900=
280600 48071 32460 12703 10330 20258 40081 81300 333 56900 58006=
280600 48072 32460 10401 10325 20275 70122 81200 333 56900=
280600 48074 32461 42304 10320 20265 40089 82809 333 56409 58013=
280600 48075 21457 73201 10280 20233 40078 72582 85840 333 56490 59002=
280600 48077 32559 72302 10330 20258 40077 85931 333 56499 58007=
280600 48078 32558 31801 10334 20250 40084 82801 333 56409 58002=
280600 48080 32461 52203 10330 20275 40074 83870 333 56490 58004=
280600 48085 32458 62202 10326 20265 40077 85970 333 56390 58007=
280600 48087 32558 50402 10320 20275 83341 333 56399=
280600 48092 32458 82306 10310 20267 40068 84976 333 56599 58011=
280600 48093 32658 62301 10320 20265 70322 84841 333 56399=
280600 48094 32460 52202 10340 20265 40078 85900 333 56900 58000=
280600 48095 32458 70000 10330 20275 70322 83940 333 56990=
280600 48096 22457 70206 10290 20259 40088 70222 85970 333 56990 58010=  
280600 48097 21557 71304 10300 20246 40089 75055 85306 333 56909 58004=
280600 48099 32556 51301 10315 20265 40078 85900 333 56300 59006=
280600 48101 32659 51801 10322 20265 70122 83331 333 56399=
280600 48103 32558 60402 10320 20265 40078 84830 333 56550 59002=
280600 48107 32350 32302 10318 20265 40081 83900 333 56600 59003=
280600 48108 32596 52303 10310 20261 40089 83306 333 56209 58000=
280600 48109 32497 40000 10327 20275 40087 70122 84900 333 56900 58003=
280600 48110 21494 82306 10295 20256 40095 70265 84357 333 56599 59003=
280600 48112 32597 82203 10280 20250 40097 70222 83876 333 56599 58002=
