28-SEP-2015 09 48001 3 2 5 56 3 04 01 10 320 20 248 3 0000 4 0057 5 0000 6 000 0 7 00 0 0 8 3 8 0 0 333 10 /// 59 002 6 000 0 7 0000 
28-SEP-2015 09 48004 3 2 5 62 4 04 01 10 340 20 240 3 0000 4 0000 5 0000 6 000 0 7 00 0 0 8 4 9 0 0 333 10 /// 58 000 6 000 0 7 0000 
28-SEP-2015 09 48008 3 2 4 57 4 00 00 10 326 20 267 3 0000 4 0055 5 0000 6 000 0 7 00 0 0 8 2 9 7 0 333 10 /// 58 004 6 000 0 7 0000 
28-SEP-2015 09 48010 3 2 5 60 4 00 00 10 345 20 257 3 0000 4 0054 5 0000 6 000 0 7 00 0 0 8 3 8 3 0 333 10 /// 58 011 6 000 0 7 0000 
28-SEP-2015 09 48018 3 2 5 60 4 32 01 10 325 20 244 3 0000 4 0058 5 0000 6 000 0 7 00 0 0 8 2 8 1 2 333 10 /// 58 007 6 000 0 7 0000 
28-SEP-2015 09 48019 3 2 4 60 3 23 01 10 350 20 237 3 0000 4 0048 5 0000 6 000 0 7 00 0 0 8 2 2 0 5 333 10 /// 59 004 6 000 0 7 0000 
28-SEP-2015 09 48020 3 2 4 60 5 09 03 10 320 20 281 3 0000 4 0000 5 0000 6 000 0 7 00 0 0 8 3 8 3 0 333 10 /// 58 000 6 000 0 7 0000 
28-SEP-2015 09 48025 3 1 4 40 7 14 01 10 333 20 258 3 0000 4 0064 5 0000 6 000 0 7 03 9 5 8 4 9 7 0 333 10 /// 58 003 6 000 0 7 0000 
28-SEP-2015 09 48030 3 2 3 56 7 04 04 10 233 20 198 3 0000 4 0000 5 0000 6 000 0 7 00 0 0 8 6 9 4 0 333 10 /// 58 000 6 000 0 7 0000 
28-SEP-2015 09 48031 3 2 2 60 6 18 01 10 260 20 203 3 0000 4 0000 5 0000 6 000 0 7 00 0 0 8 4 8 4 0 333 10 /// 58 000 6 000 0 7 0000 
28-SEP-2015 09 48033 3 2 5 63 4 36 01 10 310 20 262 3 0000 4 0057 5 0000 6 000 0 7 00 0 0 8 3 8 0 1 333 10 /// 58 012 6 000 0 7 0000 
28-SEP-2015 09 48034 2 2 4 56 6 18 02 10 278 20 220 3 0000 4 0000 5 0000 6 000 0 7 00 0 0 8 6 3 0 0 333 10 /// 58 000 6 000 0 7 0000 
28-SEP-2015 09 48035 3 1 4 60 8 22 02 10 259 20 215 3 0000 4 0054 5 0000 6 000 0 7 17 9 6 8 5 9 7 / 333 10 /// 58 017 6 000 0 7 0000 
28-SEP-2015 09 48037 3 2 5 60 6 00 00 10 316 20 265 3 0000 4 0048 5 0000 6 000 0 7 00 0 0 8 3 8 2 1 333 10 /// 58 007 6 000 0 7 0000 
28-SEP-2015 09 48039 3 2 4 60 2 23 02 10 317 20 261 3 0000 4 0000 5 0000 6 000 0 7 00 0 0 8 3 1 0 0 333 10 /// 58 000 6 000 0 7 0000 
28-SEP-2015 09 48042 2 2 5 59 4 36 01 10 320 20 248 3 0000 4 0054 5 0000 6 000 0 7 00 0 0 8 3 8 0 2 333 10 /// 58 013 6 000 0 7 0000 
28-SEP-2015 09 48043 2 2 5 40 7 05 04 10 240 20 240 3 0000 4 0000 5 0000 6 000 0 7 00 0 0 8 5 8 7 / 333 10 /// 58 000 6 000 0 7 0000 
28-SEP-2015 09 48045 2 1 3 50 6 04 02 10 243 20 226 3 0000 4 0000 5 0000 6 000 0 7 01 6 4 8 6 9 0 0 333 10 /// 58 000 6 000 0 7 0000 
28-SEP-2015 09 48048 2 1 5 60 7 09 01 10 280 20 250 3 0000 4 0064 5 0000 6 000 0 7 29 9 5 8 5 9 5 0 333 10 /// 59 015 6 000 0 7 0000 
28-SEP-2015 09 48051 3 2 5 60 2 31 02 10 340 20 270 3 0000 4 0000 5 0000 6 000 0 7 01 1 1 8 2 9 0 0 333 10 /// 58 000 6 000 0 7 0000 
28-SEP-2015 09 48052 2 2 4 65 7 13 01 10 254 20 250 3 0000 4 0000 5 0000 6 000 0 7 00 0 0 8 5 9 7 0 333 10 /// 58 000 6 000 0 7 0000 
28-SEP-2015 09 48053 3 1 4 56 6 36 02 10 320 20 265 3 0000 4 0051 5 0000 6 000 0 7 17 9 9 8 5 9 5 0 333 10 /// 58 003 6 000 0 7 0000 
28-SEP-2015 09 48055 3 1 5 56 6 04 07 10 268 20 226 3 0000 4 0049 5 0000 6 000 0 7 17 9 9 8 6 9 0 0 333 10 /// 58 033 6 000 0 7 0000 
28-SEP-2015 09 48057 2 1 3 56 7 14 01 10 200 20 200 3 0000 4 0000 5 0000 6 000 0 7 03 9 6 8 5 9 5 0 333 10 /// 58 000 6 000 0 7 0000 
28-SEP-2015 09 48060 3 2 4 56 4 00 00 10 334 20 230 3 0000 4 0015 5 0000 6 000 0 7 03 2 2 8 2 1 3 0 333 10 /// 59 009 6 000 0 7 0000 
28-SEP-2015 09 48062 3 2 4 58 6 27 03 10 330 20 300 3 0000 4 0055 5 0000 6 000 0 7 00 0 0 8 4 9 3 0 333 10 /// 58 005 6 000 0 7 0000 
28-SEP-2015 09 48064 3 2 5 60 4 36 01 10 354 20 280 3 0000 4 0037 5 0000 6 000 0 7 00 0 0 8 2 3 3 1 333 10 /// 58 013 6 000 0 7 0000 
28-SEP-2015 09 48065 3 2 5 58 4 22 01 10 363 20 264 3 0000 4 0000 5 0000 6 000 0 7 00 0 0 8 3 8 0 1 333 10 /// 58 000 6 000 0 7 0000 
28-SEP-2015 09 48071 3 2 4 60 5 27 02 10 332 20 275 3 0000 4 0055 5 0000 6 000 0 7 00 0 0 8 5 9 0 0 333 10 /// 58 007 6 000 0 7 0000 
28-SEP-2015 09 48072 3 2 4 60 6 04 01 10 325 20 275 3 0000 4 0000 5 0000 6 000 0 7 00 0 0 8 4 8 3 0 333 10 /// 58 000 6 000 0 7 0000 
28-SEP-2015 09 48074 3 2 4 59 7 18 02 10 345 20 257 3 0000 4 0053 5 0000 6 000 0 7 00 0 0 8 4 9 7 0 333 10 /// 58 003 6 000 0 7 0000 
28-SEP-2015 09 48075 2 2 4 57 5 00 00 10 320 20 215 3 0000 4 0029 5 0000 6 000 0 7 00 0 0 8 4 8 5 0 333 10 /// 59 005 6 000 0 7 0000 
28-SEP-2015 09 48077 3 2 5 59 6 23 01 10 338 20 257 3 0000 4 0040 5 0000 6 000 0 7 00 0 0 8 5 9 0 1 333 10 /// 59 002 6 000 0 7 0000 
28-SEP-2015 09 48078 3 2 5 60 4 18 01 10 346 20 193 3 0000 4 0059 5 0000 6 000 0 7 00 0 0 8 2 8 3 1 333 10 /// 58 009 6 000 0 7 0000 
28-SEP-2015 09 48080 3 1 4 60 6 13 02 10 300 20 253 3 0000 4 0055 5 0000 6 000 0 7 17 9 9 8 4 9 7 0 333 10 /// 58 005 6 000 0 7 0000 
28-SEP-2015 09 48085 3 2 4 58 6 27 04 10 325 20 281 3 0000 4 0042 5 0000 6 000 0 7 00 0 0 8 5 9 0 6 333 10 /// 59 007 6 000 0 7 0000 
28-SEP-2015 09 48087 3 2 4 56 7 00 00 10 314 20 267 3 0000 4 0000 5 0000 6 000 0 7 03 2 2 8 4 9 7 / 333 10 /// 58 000 6 000 0 7 0000 
28-SEP-2015 09 48092 2 2 4 58 7 23 01 10 310 20 267 3 0000 4 0043 5 0000 6 000 0 7 00 0 0 8 4 8 7 1 333 10 /// 58 001 6 000 0 7 0000 
28-SEP-2015 09 48093 3 2 6 58 6 23 01 10 330 20 258 3 0000 4 0000 5 0000 6 000 0 7 00 0 0 8 4 8 4 1 333 10 /// 58 000 6 000 0 7 0000 
28-SEP-2015 09 48094 3 2 4 59 5 22 01 10 340 20 260 3 0000 4 0051 5 0000 6 000 0 7 00 0 0 8 4 9 4 0 333 10 /// 59 004 6 000 0 7 0000 
28-SEP-2015 09 48095 2 1 4 58 8 09 02 10 315 20 267 3 0000 4 0000 5 0000 6 000 0 7 96 9 6 8 4 9 7 0 333 10 /// 58 000 6 000 0 7 0000 
28-SEP-2015 09 48096 2 2 4 58 5 22 04 10 290 20 259 3 0000 4 0059 5 0000 6 000 0 7 01 2 2 8 3 9 3 0 333 10 /// 58 000 6 000 0 7 0000 
28-SEP-2015 09 48097 2 1 5 57 6 31 01 10 295 20 256 3 0000 4 0069 5 0000 6 000 0 7 01 5 2 8 2 8 0 6 333 10 /// 58 002 6 000 0 7 0000 
28-SEP-2015 09 48099 2 1 4 56 5 27 03 10 333 20 258 3 0000 4 0046 5 0000 6 000 0 7 02 5 2 8 5 9 0 0 333 10 /// 58 000 6 000 0 7 0000 
28-SEP-2015 09 48101 3 2 6 59 5 14 01 10 320 20 265 3 0000 4 0000 5 0000 6 000 0 7 00 0 0 8 3 3 3 0 333 10 /// 58 000 6 000 0 7 0000 
28-SEP-2015 09 48103 3 2 5 57 7 22 02 10 307 20 267 3 0000 4 0052 5 0000 6 000 0 7 00 0 0 8 5 9 3 0 333 10 /// 58 002 6 000 0 7 0000 
28-SEP-2015 09 48107 3 1 3 50 6 13 02 10 314 20 267 3 0000 4 0060 5 0000 6 000 0 7 17 9 9 8 4 9 7 0 333 10 /// 58 004 6 000 0 7 0000 
28-SEP-2015 09 48108 3 2 5 96 6 23 05 10 310 20 267 3 0000 4 0063 5 0000 6 000 0 7 00 0 0 8 3 3 0 6 333 10 /// 58 000 6 000 0 7 0000 
28-SEP-2015 09 48110 2 2 4 94 8 32 01 10 290 20 253 3 0000 4 0078 5 0000 6 000 0 7 00 0 0 8 5 3 7 7 333 10 /// 59 008 6 000 0 7 0000 
28-SEP-2015 09 48112 2 1 4 96 8 22 05 10 255 20 255 3 0000 4 0080 5 0000 6 000 0 7 21 5 2 8 6 7 7 / 333 10 /// 58 004 6 000 0 7 0000 
