48001 NIL=
48004 NIL=
48008 32556 70000 10210 20195 40098 84970 333 20198 56870 59017=
48010 32540 40000 10213 20195 40080 81430 333 20208 56560 59030=
48018 22550 60000 10210 20191 40080 70322 83870 333 20200 56560 59016 69902=
48019 32556 50000 10214 20195 40086 80004 333 20208 59018=
48020 NIL=
48025 32420 32704 10230 20198 40091 81540 333 20222 56550 59022=
48030 31/02 92201 10100 20100 72344 333 20098=
48031 32260 51801 10150 20134 70322 85800 333 20145 56400 60032=
48033 32561 70000 10260 20229 40092 85870 333 20250 56690 59006=
48034 32456 80000 10180 20165 8697/ 333 20170 56590=
48035 31530 80000 10189 20174 40105 71022 8597/ 333 20184 56569 59007 60012=
48037 21540 53601 10245 20209 40080 70152 82831 333 20236 56566 59028 69902=
48039 21456 50000 10241 20228 70356 83502 333 20230 56505 60032=
48042 22556 50000 10255 20224 40078 83850 333 20243 56990 59022 69902=
48043 NIL=
48045 NIL=
48048 21550 50000 10238 20191 40083 72051 84850 333 20232 56490 59020 60032=
48051 32558 80000 10230 20210 85830 333 20220 56590=
48052 32450 30401 10242 20209 83800 333 20240 56900=
48053 32550 63601 10250 20205 40089 83556 333 20244 56559 59015=
48055 31540 20000 10162 20162 40124 74044 82500 333 20152 56500 58002=
48057 31439 20000 10164 20144 82800 333 20154 56400=
48060 22440 20000 10190 20175 40120 81130 333 20175 56690 59015 60012=
48062 32556 80901 10250 20230 40090 70311 83832 333 20220 56299 59013=
48064 32950 00000 10258 20215 40065 333 20200 59023=
48065 32950 00401  10255 20215 333 20230=
48071 32456 20000 10270 20240 40098 82800 333 20260 56900 59008=
48072 NIL=
48074 NIL=
48075 32456 30000 10200 20200 40130 83200 333 20160 56500 59011=
48077 32556 20000 10260 20229 40085 81209 333 20244 56909 59004=
48078 22550 30000 10272 20240 40097 82901 333 20253 56409 59008=
48080 31979 00402 10232 20198 40112 71000 333 20210 59003=        48085 32456 30000 10236 20214 40095 81836 333 20234 56999 59007=
48087 32950 10000 10244 20226 80040 333 20230 56090=
48092 31550 20000 10250 20233 40079 70522 81401 333 20245 56909 59005=
48093 32950 02301 10259 20246 333 20252=
48094 32456 30000 10245 20240 40104 70311 82540 333 20228 56990 59004=
48095 NIL=
48097 22957 22301 10255 20231 40108 80006 333 20238 56009 59006 69902=
48099 21450 40000 10268 20240 40104 75055 84900 333 20240 56900 59012 69902=
48101 NIL=
48103 31440 51401 10259 20246 40103 70395 83530 333 20242 56330 59005 60012=
48107 32340 61301 10250 20233 40105 84970 333 20243 56770 59005=
48108 31594 50000 10240 20240 40107 71022 83306 333 20230 56309 59003=
48109 32496 40000 10256 20246 40110 70322 84900 333 20193 56900 59005=
48110 31595 60000 10250 20233 40105 70522 83306 333 20245 56709 59006=
48112 32597 60402 10265 20256 40100 82246 333 20219 56199 59004=  48001 NIL=
48004 NIL=
48008 32556 70000 10210 20195 40098 84970 333 20198 56870 59017=
48010 32540 40000 10213 20195 40080 81430 333 20208 56560 59030=
48018 22550 60000 10210 20191 40080 70322 83870 333 20200 56560 59016 69902=
48019 32556 50000 10214 20195 40086 80004 333 20208 59018=
48020 NIL=
48025 32420 32704 10230 20198 40091 81540 333 20222 56550 59022=
48035 31530 80000 10189 20174 40105 71022 8597/ 333 20184 56569 59007 60012=
48037 21540 53601 10245 20209 40080 70152 82831 333 20236 56566 59028 69902=
48042 22556 50000 10255 20224 40078 83850 333 20243 56990 59022 69902=
48045 NIL=
48048 21550 50000 10238 20191 40083 72051 84850 333 20232 56490 59020 60032=
48051 32558 80000 10230 20210 85830 333 20220 56590=
48053 32550 63601 10250 20205 40089 83556 333 20244 56559 59015=
48060 22440 20000 10190 20175 40120 81130 333 20175 56690 59015 60012=
48062 32556 80901 10250 20230 40090 70311 83832 333 20220 56299 59013=
48071 32456 20000 10270 20240 40098 82800 333 20260 56900 59008=
48075 32456 30000 10200 20200 40130 83200 333 20160 56500 59011=
48077 32556 20000 10260 20229 40085 81209 333 20244 56909 59004=
48078 22550 30000 10272 20240 40097 82901 333 20253 56409 59008=
48080 31979 00402 10232 20198 40112 71000 333 20210 59003=
48085 32456 30000 10236 20214 40095 81836 333 20234 56999 59007=
48095 NIL=
48108 31594 50000 10240 20240 40107 71022 83306 333 20230 56309 59003=
48109 32496 40000 10256 20246 40110 70322 84900 333 20193 56900 59005=
48110 31595 60000 10250 20233 40105 70522 83306 333 20245 56709 59006=
48112 32597 60402 10265 20256 40100 82246 333 20219 56199 59004=
48030 31/02 92201 10100 20100 72344 333 20098=
48072 NIL=
48087 32950 10000 10244 20226 80040 333 20230 56090=
48099 21450 40000 10268 20240 40104 75055 84900 333 20240 56900 59012 69902=
48101 NIL=
48103 31440 51401 10259 20246 40103 70395 83530 333 20242 56330 59005 60012=
48057 31439 20000 10164 20144 82800 333 20154 56400=
48094 32456 30000 10245 20240 40104 70311 82540 333 20228 56990 59004=
48097 22957 22301 10255 20231 40108 80006 333 20238 56009 59006 69902=
48031 32260 51801 10150 20134 70322 85800 333 20145 56400 60032=
48033 32561 70000 10260 20229 40092 85870 333 20250 56690 59006=
48034 32456 80000 10180 20165 8697/ 333 20170 5659/=
48039 21456 50000 10241 20228 70356 83502 333 20230 56505 60032=
48043 NIL=
48052 32450 30401 10242 20209 83800 333 20240 56900=
48055 31540 20000 10162 20162 40124 74044 82500 333 20152 56500 58002=
48064 32950 00000 10258 20215 40065 333 20200 59023=
48065 32950 00401 10255 20215 333 20230=
48074 NIL=
48092 31550 20000 10250 20233 40079 70522 81401 333 20245 56909 59005=
48093 32950 02301 10259 20246 333 20252=
48107 32340 61301 10250 20233 40105 84970 333 20243 56770 59005=  48001 NIL=
48004 NIL=
48008 32556 70000 10210 20195 40098 84970 333 20198 56870 59017=
48010 32540 40000 10213 20195 40080 81430 333 20208 56560 59030=
48018 22550 60000 10210 20191 40080 70322 83870 333 20200 56560 59016 69902=
48019 32556 50000 10214 20195 40086 80004 333 20208 59018=
48020 NIL=
48025 32420 32704 10230 20198 40091 81540 333 20222 56550 59022=
48030 31/02 92201 10100 20100 72344 333 20098=
48031 32260 51801 10150 20134 70322 85800 333 20145 56400 60032=
48033 32561 70000 10260 20229 40092 85870 333 20250 56690 59006=
48034 32456 80000 10180 20165 8697/ 333 20170 56590=
48035 31530 80000 10189 20174 40105 71022 8597/ 333 20184 56569 59007 60012=
48037 21540 53601 10245 20209 40080 70152 82831 333 20236 56566 59028 69902=
48039 21456 50000 10241 20228 70356 83502 333 20230 56505 60032=
48042 22556 50000 10255 20224 40078 83850 333 20243 56990 59022 69902=
48043 NIL=
48045 NIL=
48048 21550 50000 10238 20191 40083 72051 84850 333 20232 56490 59020 60032=
48051 32558 80000 10230 20210 85830 333 20220 56590=
48052 32450 30401 10242 20209 83800 333 20240 56900=
48053 32550 63601 10250 20205 40089 83556 333 20244 56559 59015=
48055 31540 20000 10162 20162 40124 74044 82500 333 20152 56500 58002=
48057 31439 20000 10164 20144 82800 333 20154 56400=
48060 22440 20000 10190 20175 40120 81130 333 20175 56690 59015 60012=
48062 32556 80901 10250 20230 40090 70311 83832 333 20220 56299 59013=
48064 32950 00000 10258 20215 40065 333 20200 59023=
48065 32950 00401  10255 20215 333 20230=
48071 32456 20000 10270 20240 40098 82800 333 20260 56900 59008=
48072 NIL=
48074 NIL=
48075 32456 30000 10200 20200 40130 83200 333 20160 56500 59011=
48077 32556 20000 10260 20229 40085 81209 333 20244 56909 59004=
48078 22550 30000 10272 20240 40097 82901 333 20253 56409 59008=
48080 31979 00402 10232 20198 40112 71000 333 20210 59003=
48085 32456 30000 10236 20214 40095 81836 333 20234 56999 59007=
48087 32950 10000 10244 20226 80040 333 20230 56090=
48092 31550 20000 10250 20233 40079 70522 81401 333 20245 56909 59005=
48093 32950 02301 10259 20246 333 20252=
48094 32456 30000 10245 20240 40104 70311 82540 333 20228 56990 59004=
48095 NIL=
48097 22957 22301 10255 20231 40108 80006 333 20238 56009 59006 69902=
48099 21450 40000 10268 20240 40104 75055 84900 333 20240 56900 59012 69902=
48101 NIL=
48103 31440 51401 10259 20246 40103 70395 83530 333 20242 56330 59005 60012=
48107 32340 61301 10250 20233 40105 84970 333 20243 56770 59005=
48108 31594 50000 10240 20240 40107 71022 83306 333 20230 56309 59003=
48109 32496 40000 10256 20246 40110 70322 84900 333 20193 56900 59005=
48110 31595 60000 10250 20233 40105 70522 83306 333 20245 56709 59006=
48112 32597 60402 10265 20256 40100 82246 333 20219 56199 59004=  