29-APR-2015 00 48008 3 2 5 56 7 00 00 10 210 20 195 3 0000 4 0098 5 0000 6 000 0 7 00 0 0 8 4 9 7 0 333 20 198 59 017 6 000 0 7 0000 
29-APR-2015 00 48010 3 2 5 40 4 00 00 10 213 20 195 3 0000 4 0080 5 0000 6 000 0 7 00 0 0 8 1 4 3 0 333 20 208 59 030 6 000 0 7 0000 
29-APR-2015 00 48018 2 2 5 50 6 00 00 10 210 20 191 3 0000 4 0080 5 0000 6 000 0 7 03 2 2 8 3 8 7 0 333 20 200 59 016 6 990 2 7 0000 
29-APR-2015 00 48019 3 2 5 56 5 00 00 10 214 20 195 3 0000 4 0086 5 0000 6 000 0 7 00 0 0 8 0 0 0 4 333 20 208 59 018 6 000 0 7 0000 
29-APR-2015 00 48025 3 2 4 20 3 27 04 10 230 20 198 3 0000 4 0091 5 0000 6 000 0 7 00 0 0 8 1 5 4 0 333 20 222 59 022 6 000 0 7 0000 
29-APR-2015 00 48030 3 1 / 02 9 22 01 10 100 20 100 3 0000 4 0000 5 0000 6 000 0 7 23 4 4 8 0 0 0 0 333 20 098 58 000 6 000 0 7 0000 
29-APR-2015 00 48033 3 2 5 61 7 00 00 10 260 20 229 3 0000 4 0092 5 0000 6 000 0 7 00 0 0 8 5 8 7 0 333 20 250 59 006 6 000 0 7 0000 
29-APR-2015 00 48034 3 2 4 56 8 00 00 10 180 20 165 3 0000 4 0000 5 0000 6 000 0 7 00 0 0 8 6 9 7 / 333 20 170 58 000 6 000 0 7 0000 
29-APR-2015 00 48035 3 1 5 30 8 00 00 10 189 20 174 3 0000 4 0105 5 0000 6 000 0 7 10 2 2 8 5 9 7 / 333 20 184 59 007 6 001 2 7 0000 
29-APR-2015 00 48037 2 1 5 40 5 36 01 10 245 20 209 3 0000 4 0080 5 0000 6 000 0 7 01 5 2 8 2 8 3 1 333 20 236 59 028 6 990 2 7 0000 
29-APR-2015 00 48042 2 2 5 56 5 00 00 10 255 20 224 3 0000 4 0078 5 0000 6 000 0 7 00 0 0 8 3 8 5 0 333 20 243 59 022 6 990 2 7 0000 
29-APR-2015 00 48048 2 1 5 50 5 00 00 10 238 20 191 3 0000 4 0083 5 0000 6 000 0 7 20 5 1 8 4 8 5 0 333 20 232 59 020 6 003 2 7 0000 
29-APR-2015 00 48051 3 2 5 58 8 00 00 10 230 20 210 3 0000 4 0000 5 0000 6 000 0 7 00 0 0 8 5 8 3 0 333 20 220 58 000 6 000 0 7 0000 
29-APR-2015 00 48052 3 2 4 50 3 04 01 10 242 20 209 3 0000 4 0000 5 0000 6 000 0 7 00 0 0 8 3 8 0 0 333 20 240 58 000 6 000 0 7 0000 
29-APR-2015 00 48053 3 2 5 50 6 36 01 10 250 20 205 3 0000 4 0089 5 0000 6 000 0 7 00 0 0 8 3 5 5 6 333 20 244 59 015 6 000 0 7 0000 
29-APR-2015 00 48055 3 1 5 40 2 00 00 10 162 20 162 3 0000 4 0124 5 0000 6 000 0 7 40 4 4 8 2 5 0 0 333 20 152 58 002 6 000 0 7 0000 
29-APR-2015 00 48057 3 1 4 39 2 00 00 10 164 20 144 3 0000 4 0000 5 0000 6 000 0 7 00 0 0 8 2 8 0 0 333 20 154 58 000 6 000 0 7 0000 
29-APR-2015 00 48060 2 2 4 40 2 00 00 10 190 20 175 3 0000 4 0120 5 0000 6 000 0 7 00 0 0 8 1 1 3 0 333 20 175 59 015 6 001 2 7 0000 
29-APR-2015 00 48062 3 2 5 56 8 09 01 10 250 20 230 3 0000 4 0090 5 0000 6 000 0 7 03 1 1 8 3 8 3 2 333 20 220 59 013 6 000 0 7 0000 
29-APR-2015 00 48064 3 2 9 50 0 00 00 10 258 20 215 3 0000 4 0065 5 0000 6 000 0 7 00 0 0 8 0 0 0 0 333 20 200 59 023 6 000 0 7 0000 
29-APR-2015 00 48065 3 2 9 50 0 04 01 10 000 20 000 3 0000 4 0000 5 0000 6 000 0 7 00 0 0 8 0 0 0 0 333 10 /// 58 000 6 000 0 7 0000 
29-APR-2015 00 48071 3 2 4 56 2 00 00 10 270 20 240 3 0000 4 0098 5 0000 6 000 0 7 00 0 0 8 2 8 0 0 333 20 260 59 008 6 000 0 7 0000 
29-APR-2015 00 48075 3 2 4 56 3 00 00 10 200 20 200 3 0000 4 0130 5 0000 6 000 0 7 00 0 0 8 3 2 0 0 333 20 160 59 011 6 000 0 7 0000 
29-APR-2015 00 48077 3 2 5 56 2 00 00 10 260 20 229 3 0000 4 0085 5 0000 6 000 0 7 00 0 0 8 1 2 0 9 333 20 244 59 004 6 000 0 7 0000 
29-APR-2015 00 48078 2 2 5 50 3 00 00 10 272 20 240 3 0000 4 0097 5 0000 6 000 0 7 00 0 0 8 2 9 0 1 333 20 253 59 008 6 000 0 7 0000 
29-APR-2015 00 48080 3 1 9 79 0 04 02 10 232 20 198 3 0000 4 0112 5 0000 6 000 0 7 10 0 0 8 0 0 0 0 333 20 210 59 003 6 000 0 7 0000 
29-APR-2015 00 48085 3 2 4 56 3 00 00 10 236 20 214 3 0000 4 0095 5 0000 6 000 0 7 00 0 0 8 1 8 3 6 333 20 234 59 007 6 000 0 7 0000 
29-APR-2015 00 48087 3 2 9 50 1 00 00 10 244 20 226 3 0000 4 0000 5 0000 6 000 0 7 00 0 0 8 0 0 4 0 333 20 230 58 000 6 000 0 7 0000 
29-APR-2015 00 48092 3 1 5 50 2 00 00 10 250 20 233 3 0000 4 0079 5 0000 6 000 0 7 05 2 2 8 1 4 0 1 333 20 245 59 005 6 000 0 7 0000 
29-APR-2015 00 48093 3 2 9 50 0 23 01 10 259 20 246 3 0000 4 0000 5 0000 6 000 0 7 00 0 0 8 0 0 0 0 333 20 252 58 000 6 000 0 7 0000 
29-APR-2015 00 48094 3 2 4 56 3 00 00 10 245 20 240 3 0000 4 0104 5 0000 6 000 0 7 03 1 1 8 2 5 4 0 333 20 228 59 004 6 000 0 7 0000 
29-APR-2015 00 48097 2 2 9 57 2 23 01 10 255 20 231 3 0000 4 0108 5 0000 6 000 0 7 00 0 0 8 0 0 0 6 333 20 238 59 006 6 990 2 7 0000 
29-APR-2015 00 48099 2 1 4 50 4 00 00 10 268 20 240 3 0000 4 0104 5 0000 6 000 0 7 50 5 5 8 4 9 0 0 333 20 240 59 012 6 990 2 7 0000 
29-APR-2015 00 48103 3 1 4 40 5 14 01 10 259 20 246 3 0000 4 0103 5 0000 6 000 0 7 03 9 5 8 3 5 3 0 333 20 242 59 005 6 001 2 7 0000 
29-APR-2015 00 48107 3 2 3 40 6 13 01 10 250 20 233 3 0000 4 0105 5 0000 6 000 0 7 00 0 0 8 4 9 7 0 333 20 243 59 005 6 000 0 7 0000 
29-APR-2015 00 48108 3 1 5 94 5 00 00 10 240 20 240 3 0000 4 0107 5 0000 6 000 0 7 10 2 2 8 3 3 0 6 333 20 230 59 003 6 000 0 7 0000 
29-APR-2015 00 48109 3 2 4 96 4 00 00 10 256 20 246 3 0000 4 0110 5 0000 6 000 0 7 03 2 2 8 4 9 0 0 333 20 193 59 005 6 000 0 7 0000 
29-APR-2015 00 48110 3 1 5 95 6 00 00 10 250 20 233 3 0000 4 0105 5 0000 6 000 0 7 05 2 2 8 3 3 0 6 333 20 245 59 006 6 000 0 7 0000 
29-APR-2015 00 48112 3 2 5 97 6 04 02 10 265 20 256 3 0000 4 0100 5 0000 6 000 0 7 00 0 0 8 2 2 4 6 333 20 219 59 004 6 000 0 7 0000 
