290000 48004 21110 60000 10245 20245 75065 8697/ 333 20210 56559 60072=
290000 48008 21450 80000 10250 20233 40048 76366 8597/ 333 20235 56459 59006 60142=
290000 48010 32440 80000 10265 20253 40032 8577/ 333 20258 56779 59020 60002=
290000 48018 32556 60000 10260 20246 40044 83870 333 20255 56450 59008 60002=
290000 48019 32450 70000 10264 20246 40040 84660 333 20260 56450 59010 60002=
290000 48020 32340 80000 10270 20256 85730 333 20255 56590 60002=
290000 48025 32110 81801 10272 20256 40042 8587/ 333 20270 56499 59015 60002=
290000 48035 21340 80000 10229 20214 40047 70266 8692/ 333 20221 56999 59016 60042=
290000 48037 32557 40000 10270 20240 40044 81839 333 20264 56499 59020 60002=
290000 48042 32558 51803 10265 20234 40056 83452 333 20253 56449 58000 60002=
290000 48048 32550 31801 10268 20240 40049 83800 333 20262 56900 59006 60002=
290000 48051 22558 71302 10255 20255 85930 333 20250 56490 60072=
290000 48053 32956 71803 10250 20230 40068 80056 333 20244 56099 59011 60002=
290000 48060 32330 70000 10224 20222 40070 83832 333 20213 56566 58010 60002=
290000 48062 21356 70000 10268 20260 40066 75055 85920 333 20232 56990 59001 60022=
290000 48071 21456 70000 10250 20233 40072 72162 85970 333 20235 56990 59003 60152=
290000 48075 22456 70000 10225 20210 40100 85370 333 56390 59010 60002=
290000 48077 32556 80000 10260 20246 40065 85931 333 20240 56499 59012 60002=
290000 48078 32450 81801 10250 20241 40088 8572/ 333 20242 56499 59005 60002=
290000 48080 22456 70000 10244 20226 40078 85870 333 20233 56590 59001 60012=
290000 48085 21356 81803 10258 20258 40077 75065 86970 333 20255 56690 59003 60102=
290000 48108 22494 80000 10236 20228 40102 84377 333 20225 56999 59002 60002=
290000 48109 32496 62301 10272 20256 40093 85930 333 20212 56990 58005 60002=
290000 48110 21495 81304 10245 20233 40101 70255 83357 333 20240 56999 59004 60012=
290000 48112 32597 80402 10270 20256 40090 83876 333 20208 56199 59008 60002=
290000 48030 32256 72204 10170 20154 85840 333 20160 56560 60002=
290000 48087 22450 70000 10258 20246 8497/ 333 20244 5649/ 60042=
290000 48099 21330 81801 10248 20233 40087 70266 8697/ 333 20233 5659/ 59010 60122=
290000 48101 22556 70000 10262 20262 84770 333 20223 56590 60002=
290000 48103 22330 82201 10247 20233 40087 86770 333 20237 56550 59009 60062=
290000 48057 22456 70000 10190 20175 85950 333 20182 56390 60012=
290000 48094 22456 70000 10260 20255 40086 85970 333 20202 56990 58002 60002=
290000 48097 22557 72301 10250 20250 40093 84930 333 20243 56990 58001 60002=
290000 48031 32260 73201 10184 20165 85840 333 20175 56490 60002=
290000 48033 32560 21302 10260 20246 40055 82500 333 20250 56900 59011 60002=
290000 48034 21348 82301 10202 20199 75065 8692/ 333 20195 5659/ 60062=
290000 48039 32456 32201 10265 20215 83500 333 20264 56500 60002=
290000 48043 22520 81805 10195 20195 8587/ 333 20167 56599 60422=
290000 48052 32450 61302 10268 20240 85920 333 20262 56990 60002=
290000 48055 22456 70000 10212 20205 40073 84930 333 20208 56660 59016 60002=
290000 48064 32450 50401 10260 20246 40054 84801 333 20226 56409 59009 60002=
290000 48065 22450 50000 10260 20246 82571 333 20230 56999 60132=
290000 48074 32357 80000 10250 20233 40088 70255 8677/ 333 20235 56499 58002 69902=
290000 48092 21356 81301 10250 20250 40069 75055 8597/ 333 20245 5699/ 58000 60012=
290000 48093 21540 80000 10244 20241 75065 85341 333 20240 56399 60062=
290000 48107 21330 60000 10242 20242 40096 70166 84970 333 20238 56550 59005 60032=
290000 48096 21450 50000 10250 20250 40090 71022 82930 333 20245 56990 58001 60002=  
