29-DEC-2015 09 48001 3 2 4 50 5 36 01 10 199 20 185 3 0000 4 0136 5 0000 6 000 0 7 00 0 0 8 5 7 0 0 333 10 /// 59 049 6 000 0 7 0000 
29-DEC-2015 09 48004 3 2 5 62 2 04 01 10 237 20 174 3 0000 4 0000 5 0000 6 000 0 7 00 0 0 8 2 8 0 0 333 10 /// 58 000 6 000 0 7 0000 
29-DEC-2015 09 48008 3 2 5 58 1 04 01 10 260 20 160 3 0000 4 0131 5 0000 6 000 0 7 00 0 0 8 1 1 0 0 333 10 /// 59 020 6 000 0 7 0000 
29-DEC-2015 09 48010 3 2 5 60 3 00 00 10 255 20 160 3 0000 4 0136 5 0000 6 000 0 7 00 0 0 8 3 8 0 0 333 10 /// 59 022 6 000 0 7 0000 
29-DEC-2015 09 48018 3 2 5 58 3 14 01 10 270 20 191 3 0000 4 0131 5 0000 6 000 0 7 00 0 0 8 2 5 4 0 333 10 /// 59 014 6 000 0 7 0000 
29-DEC-2015 09 48019 3 2 9 60 0 04 01 10 270 20 172 3 0000 4 0129 5 0000 6 000 0 7 00 0 0 8 0 0 0 0 333 10 /// 59 014 6 000 0 7 0000 
29-DEC-2015 09 48020 3 2 / 58 0 04 02 10 250 20 167 3 0000 4 0000 5 0000 6 000 0 7 00 0 0 8 0 0 0 0 333 10 /// 58 000 6 000 0 7 0000 
29-DEC-2015 09 48025 3 2 4 40 2 04 01 10 246 20 150 3 0000 4 0140 5 0000 6 000 0 7 00 0 0 8 2 5 0 0 333 10 /// 59 019 6 000 0 7 0000 
29-DEC-2015 09 48030 3 2 9 56 4 22 03 10 188 20 000 3 0000 4 0000 5 0000 6 000 0 7 00 0 0 8 0 0 0 0 333 10 /// 58 000 6 000 0 7 0000 
29-DEC-2015 09 48031 3 2 2 60 2 22 01 10 190 20 047 3 0000 4 0000 5 0000 6 000 0 7 00 0 0 8 2 2 0 0 333 10 /// 58 000 6 000 0 7 0000 
29-DEC-2015 09 48033 3 2 5 63 1 36 01 10 280 20 184 3 0000 4 0119 5 0000 6 000 0 7 00 0 0 8 1 1 0 0 333 10 /// 59 023 6 000 0 7 0000 
29-DEC-2015 09 48034 3 2 4 57 1 18 04 10 230 20 074 3 0000 4 0000 5 0000 6 000 0 7 00 0 0 8 1 5 0 0 333 10 /// 58 000 6 000 0 7 0000 
29-DEC-2015 09 48035 3 1 5 60 4 22 02 10 249 20 105 3 0000 4 0099 5 0000 6 000 0 7 05 2 2 8 4 8 0 0 333 10 /// 59 010 6 000 0 7 0000 
29-DEC-2015 09 48037 3 2 5 60 3 04 01 10 280 20 146 3 0000 4 0126 5 0000 6 000 0 7 00 0 0 8 2 1 0 2 333 10 /// 58 010 6 000 0 7 0000 
29-DEC-2015 09 48039 3 2 4 58 4 04 01 10 175 20 172 3 0000 4 0000 5 0000 6 000 0 7 00 0 0 8 1 1 0 2 333 10 /// 58 000 6 000 0 7 0000 
29-DEC-2015 09 48042 3 2 5 57 3 32 01 10 283 20 158 3 0000 4 0123 5 0000 6 000 0 7 00 0 0 8 1 1 0 2 333 10 /// 59 009 6 000 0 7 0000 
29-DEC-2015 09 48043 3 2 0 58 2 18 08 10 225 20 143 3 0000 4 0000 5 0000 6 000 0 7 00 0 0 8 0 0 0 2 333 10 /// 58 000 6 000 0 7 0000 
29-DEC-2015 09 48045 3 2 5 58 5 14 04 10 178 20 129 3 0000 4 0000 5 0000 6 000 0 7 00 0 0 8 2 8 0 6 333 10 /// 58 000 6 000 0 7 0000 
29-DEC-2015 09 48048 3 2 5 58 1 04 01 10 260 20 160 3 0000 4 0131 5 0000 6 000 0 7 00 0 0 8 1 1 0 0 333 10 /// 59 020 6 000 0 7 0000 
29-DEC-2015 09 48051 3 2 9 58 2 13 01 10 261 20 160 3 0000 4 0000 5 0000 6 000 0 7 00 0 0 8 0 0 0 6 333 10 /// 58 000 6 000 0 7 0000 
29-DEC-2015 09 48052 3 2 4 58 2 22 01 10 318 20 140 3 0000 4 0000 5 0000 6 000 0 7 00 0 0 8 2 8 0 0 333 10 /// 58 000 6 000 0 7 0000 
29-DEC-2015 09 48053 3 2 9 58 2 18 03 10 310 20 146 3 0000 4 0121 5 0000 6 000 0 7 00 0 0 8 0 0 0 6 333 10 /// 59 011 6 000 0 7 0000 
29-DEC-2015 09 48055 3 2 5 56 3 23 07 10 282 20 158 3 0000 4 0090 5 0000 6 000 0 7 00 0 0 8 3 8 0 0 333 10 /// 59 005 6 000 0 7 0000 
29-DEC-2015 09 48057 3 2 4 57 2 33 03 10 232 20 124 3 0000 4 0000 5 0000 6 000 0 7 00 0 0 8 2 8 0 1 333 10 /// 58 000 6 000 0 7 0000 
29-DEC-2015 09 48062 3 1 4 56 4 32 03 10 265 20 210 3 0000 4 0147 5 0000 6 000 0 7 05 2 2 8 3 8 3 0 333 10 /// 59 012 6 000 0 7 0000 
29-DEC-2015 09 48064 3 2 9 60 0 23 01 10 250 20 186 3 0000 4 0122 5 0000 6 000 0 7 00 0 0 8 0 0 0 0 333 10 /// 58 002 6 000 0 7 0000 
29-DEC-2015 09 48065 3 2 9 58 0 32 01 10 298 20 149 3 0000 4 0000 5 0000 6 000 0 7 00 0 0 8 0 0 0 0 333 10 /// 58 000 6 000 0 7 0000 
29-DEC-2015 09 48071 3 1 4 58 3 32 02 10 255 20 150 3 0000 4 0148 5 0000 6 000 0 7 05 1 1 8 2 2 0 1 333 10 /// 59 014 6 000 0 7 0000 
29-DEC-2015 09 48072 3 1 5 60 1 27 02 10 270 20 191 3 0000 4 0000 5 0000 6 000 0 7 05 1 1 8 1 2 0 0 333 10 /// 58 000 6 000 0 7 0000 
29-DEC-2015 09 48074 3 2 4 58 3 04 04 10 325 20 200 3 0000 4 0134 5 0000 6 000 0 7 00 0 0 8 3 8 0 0 333 10 /// 59 005 6 000 0 7 0000 
29-DEC-2015 09 48075 3 2 4 57 4 22 04 10 280 20 098 3 0000 4 0114 5 0000 6 000 0 7 00 0 0 8 3 1 0 1 333 10 /// 59 020 6 000 0 7 0000 
29-DEC-2015 09 48077 3 2 9 59 1 23 01 10 328 20 172 3 0000 4 0118 5 0000 6 000 0 7 00 0 0 8 0 0 0 1 333 10 /// 59 018 6 000 0 7 0000 
29-DEC-2015 09 48078 3 2 5 58 4 18 01 10 332 20 202 3 0000 4 0134 5 0000 6 000 0 7 00 0 0 8 3 5 0 1 333 10 /// 59 011 6 000 0 7 0000 
29-DEC-2015 09 48080 3 2 4 60 3 22 03 10 282 20 184 3 0000 4 0142 5 0000 6 000 0 7 00 0 0 8 2 2 0 6 333 10 /// 59 010 6 000 0 7 0000 
29-DEC-2015 09 48085 3 2 9 58 1 32 04 10 298 20 207 3 0000 4 0132 5 0000 6 000 0 7 00 0 0 8 0 0 0 1 333 10 /// 59 014 6 000 0 7 0000 
29-DEC-2015 09 48087 3 2 9 60 0 23 02 10 344 20 257 3 0000 4 0000 5 0000 6 000 0 7 00 0 0 8 0 0 0 0 333 10 /// 58 000 6 000 0 7 0000 
29-DEC-2015 09 48092 3 2 5 58 2 32 07 10 352 20 182 3 0000 4 0116 5 0000 6 000 0 7 00 0 0 8 2 8 0 0 333 10 /// 59 014 6 000 0 7 0000 
29-DEC-2015 09 48093 3 2 6 58 5 14 01 10 332 20 224 3 0000 4 0000 5 0000 6 000 0 7 00 0 0 8 5 8 0 0 333 10 /// 58 000 6 000 0 7 0000 
29-DEC-2015 09 48094 3 2 9 60 1 32 02 10 320 20 220 3 0000 4 0134 5 0000 6 000 0 7 00 0 0 8 0 0 0 1 333 10 /// 59 010 6 000 0 7 0000 
29-DEC-2015 09 48095 3 2 4 60 4 04 01 10 330 20 224 3 0000 4 0000 5 0000 6 000 0 7 00 0 0 8 4 8 0 0 333 10 /// 58 000 6 000 0 7 0000 
29-DEC-2015 09 48096 3 2 5 59 3 33 03 10 320 20 200 3 0000 4 0133 5 0000 6 000 0 7 00 0 0 8 3 2 0 0 333 10 /// 59 010 6 000 0 7 0000 
29-DEC-2015 09 48097 3 2 5 57 6 13 01 10 330 20 212 3 0000 4 0143 5 0000 6 000 0 7 00 0 0 8 5 8 0 1 333 10 /// 59 010 6 000 0 7 0000 
29-DEC-2015 09 48099 3 2 4 57 3 27 02 10 350 20 219 3 0000 4 0119 5 0000 6 000 0 7 00 0 0 8 3 3 0 0 333 10 /// 59 014 6 000 0 7 0000 
29-DEC-2015 09 48101 3 2 6 60 2 32 01 10 327 20 224 3 0000 4 0000 5 0000 6 000 0 7 00 0 0 8 2 2 0 0 333 10 /// 58 000 6 000 0 7 0000 
29-DEC-2015 09 48103 3 2 4 56 3 32 02 10 342 20 225 3 0000 4 0122 5 0000 6 000 0 7 00 0 0 8 3 8 0 0 333 10 /// 59 014 6 000 0 7 0000 
29-DEC-2015 09 48107 3 2 3 50 2 36 01 10 340 20 225 3 0000 4 0113 5 0000 6 000 0 7 00 0 0 8 2 9 0 0 333 10 /// 59 009 6 000 0 7 0000 
29-DEC-2015 09 48108 3 2 5 96 5 05 03 10 335 20 230 3 0000 4 0123 5 0000 6 000 0 7 00 0 0 8 3 3 0 6 333 10 /// 59 016 6 000 0 7 0000 
29-DEC-2015 09 48109 3 2 4 97 2 04 02 10 318 20 265 3 0000 4 0139 5 0000 6 000 0 7 00 0 0 8 2 9 0 0 333 10 /// 59 023 6 000 0 7 0000 
29-DEC-2015 09 48110 3 1 5 96 3 36 04 10 330 20 224 3 0000 4 0123 5 0000 6 000 0 7 05 1 1 8 2 3 0 5 333 10 /// 59 010 6 000 0 7 0000 
29-DEC-2015 09 48112 3 2 5 97 8 04 03 10 320 20 265 3 0000 4 0115 5 0000 6 000 0 7 00 0 0 8 3 8 7 6 333 10 /// 59 013 6 000 0 7 0000 
