29-DEC-2015 06 48001 3 2 4 50 7 32 01 10 190 20 159 3 0000 4 0180 5 0000 6 000 0 7 00 0 0 8 3 7 7 0 333 10 /// 59 032 6 000 0 7 0000 
29-DEC-2015 06 48004 3 2 5 62 2 22 01 10 206 20 143 3 0000 4 0000 5 0000 6 000 0 7 00 0 0 8 2 8 0 0 333 10 /// 58 000 6 000 0 7 0000 
29-DEC-2015 06 48008 3 2 5 58 1 04 01 10 242 20 136 3 0000 4 0163 5 0000 6 000 0 7 00 0 0 8 1 1 0 0 333 10 /// 59 041 6 000 0 7 0000 
29-DEC-2015 06 48010 3 2 5 60 2 18 01 10 215 20 156 3 0000 4 0172 5 0000 6 000 0 7 00 0 0 8 1 1 0 1 333 10 /// 59 010 6 000 0 7 0000 
29-DEC-2015 06 48018 3 2 5 57 3 04 01 10 250 20 150 3 0000 4 0157 5 0000 6 000 0 7 00 0 0 8 2 5 0 6 333 10 /// 59 028 6 000 0 7 0000 
29-DEC-2015 06 48019 3 2 9 60 0 04 03 10 245 20 255 3 0000 4 0157 5 0000 6 000 0 7 00 0 0 8 0 0 0 0 333 10 /// 59 023 6 000 0 7 0000 
29-DEC-2015 06 48020 3 2 / 58 0 04 02 10 200 20 150 3 0000 4 0000 5 0000 6 000 0 7 00 0 0 8 0 0 0 0 333 10 /// 58 000 6 000 0 7 0000 
29-DEC-2015 06 48025 3 2 4 30 2 04 01 10 208 20 143 3 0000 4 0178 5 0000 6 000 0 7 01 4 4 8 1 5 4 0 333 10 /// 59 029 6 000 0 7 0000 
29-DEC-2015 06 48030 3 2 2 56 4 04 01 10 148 20 073 3 0000 4 0000 5 0000 6 000 0 7 00 0 0 8 2 8 0 2 333 10 /// 58 000 6 000 0 7 0000 
29-DEC-2015 06 48031 3 2 9 60 0 18 01 10 180 20 086 3 0000 4 0000 5 0000 6 000 0 7 00 0 0 8 0 0 0 0 333 10 /// 58 000 6 000 0 7 0000 
29-DEC-2015 06 48033 3 2 9 63 0 36 01 10 250 20 167 3 0000 4 0155 5 0000 6 000 0 7 00 0 0 8 0 0 0 0 333 10 /// 59 023 6 000 0 7 0000 
29-DEC-2015 06 48034 3 2 4 57 2 18 03 10 207 20 091 3 0000 4 0000 5 0000 6 000 0 7 00 0 0 8 2 5 0 0 333 10 /// 58 000 6 000 0 7 0000 
29-DEC-2015 06 48035 3 1 5 60 6 04 03 10 248 20 126 3 0000 4 0125 5 0000 6 000 0 7 05 2 2 8 4 9 6 0 333 10 /// 59 019 6 000 0 7 0000 
29-DEC-2015 06 48037 3 2 9 60 1 36 01 10 250 20 150 3 0000 4 0157 5 0000 6 000 0 7 00 0 0 8 0 0 3 0 333 10 /// 59 005 6 000 0 7 0000 
29-DEC-2015 06 48039 3 2 4 56 5 22 01 10 245 20 174 3 0000 4 0000 5 0000 6 000 0 7 00 0 0 8 2 1 0 2 333 10 /// 58 000 6 000 0 7 0000 
29-DEC-2015 06 48042 3 1 5 40 2 22 01 10 273 20 172 3 0000 4 0153 5 0000 6 000 0 7 05 4 4 8 1 4 0 2 333 10 /// 59 019 6 000 0 7 0000 
29-DEC-2015 06 48043 3 2 6 58 0 18 08 10 210 20 120 3 0000 4 0000 5 0000 6 000 0 7 00 0 0 8 2 2 0 2 333 10 /// 58 000 6 000 0 7 0000 
29-DEC-2015 06 48045 3 2 5 59 6 14 07 10 160 20 123 3 0000 4 0000 5 0000 6 000 0 7 00 0 0 8 4 8 0 6 333 10 /// 58 000 6 000 0 7 0000 
29-DEC-2015 06 48048 3 2 5 60 2 36 01 10 265 20 160 3 0000 4 0164 5 0000 6 000 0 7 00 0 0 8 2 8 0 0 333 10 /// 59 016 6 000 0 7 0000 
29-DEC-2015 06 48051 3 2 5 58 1 04 01 10 230 20 190 3 0000 4 0000 5 0000 6 000 0 7 00 0 0 8 0 0 0 1 333 10 /// 58 000 6 000 0 7 0000 
29-DEC-2015 06 48052 3 2 4 56 2 36 02 10 280 20 158 3 0000 4 0000 5 0000 6 000 0 7 00 0 0 8 2 8 0 0 333 10 /// 58 000 6 000 0 7 0000 
29-DEC-2015 06 48053 3 1 9 50 2 18 02 10 280 20 168 3 0000 4 0156 5 0000 6 000 0 7 05 1 1 8 0 0 0 6 333 10 /// 59 019 6 000 0 7 0000 
29-DEC-2015 06 48055 3 2 5 56 5 23 06 10 265 20 176 3 0000 4 0128 5 0000 6 000 0 7 00 0 0 8 4 8 0 1 333 10 /// 59 014 6 000 0 7 0000 
29-DEC-2015 06 48057 3 2 4 57 4 22 04 10 230 20 097 3 0000 4 0000 5 0000 6 000 0 7 00 0 0 8 3 8 0 1 333 10 /// 58 000 6 000 0 7 0000 
29-DEC-2015 06 48060 3 2 4 40 5 04 01 10 242 20 174 3 0000 4 0151 5 0000 6 000 0 7 00 0 0 8 2 1 3 0 333 10 /// 59 012 6 000 0 7 0000 
29-DEC-2015 06 48062 3 2 4 57 2 09 02 10 240 20 210 3 0000 4 0175 5 0000 6 000 0 7 00 0 0 8 2 5 0 0 333 10 /// 59 013 6 000 0 7 0000 
29-DEC-2015 06 48064 3 2 9 60 2 00 00 10 234 20 181 3 0000 4 0157 5 0000 6 000 0 7 00 0 0 8 0 0 0 1 333 10 /// 59 002 6 000 0 7 0000 
29-DEC-2015 06 48065 3 2 9 57 0 04 01 10 270 20 154 3 0000 4 0000 5 0000 6 000 0 7 00 0 0 8 0 0 0 0 333 10 /// 58 000 6 000 0 7 0000 
29-DEC-2015 06 48071 3 1 9 58 0 32 02 10 255 20 186 3 0000 4 0175 5 0000 6 000 0 7 05 0 0 8 0 0 0 0 333 10 /// 59 012 6 000 0 7 0000 
29-DEC-2015 06 48072 3 2 9 60 0 27 02 10 270 20 191 3 0000 4 0000 5 0000 6 000 0 7 00 0 0 8 0 0 0 0 333 10 /// 58 000 6 000 0 7 0000 
29-DEC-2015 06 48074 3 2 5 59 1 23 03 10 290 20 196 3 0000 4 0155 5 0000 6 000 0 7 00 0 0 8 1 1 0 0 333 10 /// 59 021 6 000 0 7 0000 
29-DEC-2015 06 48075 3 2 4 57 5 32 08 10 270 20 133 3 0000 4 0162 5 0000 6 000 0 7 00 0 0 8 4 8 4 0 333 10 /// 59 005 6 000 0 7 0000 
29-DEC-2015 06 48077 3 2 9 59 1 00 00 10 290 20 159 3 0000 4 0157 5 0000 6 000 0 7 00 0 0 8 0 0 0 1 333 10 /// 59 012 6 000 0 7 0000 
29-DEC-2015 06 48078 3 2 9 58 1 18 01 10 317 20 194 3 0000 4 0152 5 0000 6 000 0 7 00 0 0 8 0 0 0 1 333 10 /// 59 029 6 000 0 7 0000 
29-DEC-2015 06 48080 3 2 9 61 0 32 02 10 280 20 158 3 0000 4 0170 5 0000 6 000 0 7 00 0 0 8 0 0 0 0 333 10 /// 59 011 6 000 0 7 0000 
29-DEC-2015 06 48085 3 1 9 58 1 32 03 10 290 20 215 3 0000 4 0164 5 0000 6 000 0 7 05 0 0 8 0 0 0 6 333 10 /// 59 010 6 000 0 7 0000 
29-DEC-2015 06 48087 3 2 9 60 0 23 02 10 327 20 172 3 0000 4 0000 5 0000 6 000 0 7 00 0 0 8 0 0 0 0 333 10 /// 58 000 6 000 0 7 0000 
29-DEC-2015 06 48092 3 2 5 58 1 27 01 10 325 20 184 3 0000 4 0141 5 0000 6 000 0 7 00 0 0 8 1 5 0 0 333 10 /// 59 011 6 000 0 7 0000 
29-DEC-2015 06 48093 3 2 6 58 3 04 01 10 325 20 224 3 0000 4 0000 5 0000 6 000 0 7 00 0 0 8 2 1 0 1 333 10 /// 58 000 6 000 0 7 0000 
29-DEC-2015 06 48094 3 2 4 60 2 32 02 10 310 20 235 3 0000 4 0162 5 0000 6 000 0 7 00 0 0 8 2 8 0 0 333 10 /// 59 015 6 000 0 7 0000 
29-DEC-2015 06 48095 3 2 9 60 1 36 02 10 315 20 225 3 0000 4 0000 5 0000 6 000 0 7 00 0 0 8 0 0 0 2 333 10 /// 58 000 6 000 0 7 0000 
29-DEC-2015 06 48096 3 2 0 59 0 30 06 10 320 20 200 3 0000 4 0161 5 0000 6 000 0 7 00 0 0 8 0 0 0 0 333 10 /// 59 015 6 000 0 7 0000 
29-DEC-2015 06 48097 3 2 5 57 5 31 02 10 320 20 192 3 0000 4 0166 5 0000 6 000 0 7 00 0 0 8 4 5 1 0 333 10 /// 59 004 6 000 0 7 0000 
29-DEC-2015 06 48099 3 2 4 50 3 23 01 10 325 20 215 3 0000 4 0151 5 0000 6 000 0 7 00 0 0 8 3 8 0 0 333 10 /// 59 014 6 000 0 7 0000 
29-DEC-2015 06 48101 3 2 6 60 3 27 01 10 316 20 215 3 0000 4 0000 5 0000 6 000 0 7 00 0 0 8 3 1 0 0 333 10 /// 58 000 6 000 0 7 0000 
29-DEC-2015 06 48103 3 2 4 56 3 14 03 10 330 20 191 3 0000 4 0153 5 0000 6 000 0 7 00 0 0 8 3 8 0 0 333 10 /// 59 012 6 000 0 7 0000 
29-DEC-2015 06 48107 3 2 3 50 3 36 01 10 337 20 206 3 0000 4 0139 5 0000 6 000 0 7 00 0 0 8 3 9 0 0 333 10 /// 59 012 6 000 0 7 0000 
29-DEC-2015 06 48108 3 2 5 96 3 13 02 10 335 20 209 3 0000 4 0166 5 0000 6 000 0 7 00 0 0 8 3 1 0 0 333 10 /// 59 004 6 000 0 7 0000 
29-DEC-2015 06 48110 3 1 5 96 2 18 03 10 330 20 224 3 0000 4 0152 5 0000 6 000 0 7 05 1 1 8 1 2 0 5 333 10 /// 58 011 6 000 0 7 0000 
29-DEC-2015 06 48112 3 2 5 97 8 04 05 10 320 20 281 3 0000 4 0146 5 0000 6 000 0 7 00 0 0 8 3 8 7 6 333 10 /// 59 006 6 000 0 7 0000 
