290900 48001 32450 53601 10199 20185 40136 85700 333 56500 59049=
290900 48004 32562 20401 10237 20174 82800 333 56900=
290900 48008 32558 10401 10260 20160 40131 81100 333 56400 59020=
290900 48010 32560 30000 10255 20160 40136 83800 333 56500 59022=
290900 48018 32558 31401 10270 20191 40131 82540 333 56310 59014=
290900 48019 32960 00401 10270 20172 40129 333 59014=
290900 48020 32/58 00402 10250 20167 333=
290900 48025 32440 20401 10246 20150 40140 82500 333 56900 59019=
290900 48030 32956 42203 10188 29024 80042 333 56059=
290900 48031 32260 22201 10190 20047 82200 333 56400=
290900 48033 32563 13601 10280 20184 40119 81100 333 56900 59023=
290900 48034 32457 11804 10230 20074 81500 333 56500=
290900 48035 31560 42202 10249 20105 40099 70522 84800 333 56500 59010=
290900 48037 32560 30401 10280 20146 40126 82102 333 56309 58010=
290900 48039 32458 40401 10175 20172 81102 333 56505=
290900 48042 32557 33201 10283 20158 40123 81102 333 56905 59009=
290900 48043 32058 21808 10225 20143 80002 333 56009=
290900 48045 32558 51404 10178 20129 82806 333 56209=
290900 48048 32558 10401 10260 20160 40131 81100 333 56400 59020=
290900 48051 32958 21301 10261 20160 80006 333 56009=
290900 48052 32458 22201 10318 20140 82800 333 56900=
290900 48053 32958 21803 10310 20146 40121 80006 333 56009 59011=
290900 48055 32556 32307 10282 20158 40090 83800 333 56500 59005=
290900 48057 32457 23303 10232 20124 82801 333 56609=
290900 48062 31456 43203 10265 20210 40147 70522 83830 333 56990 59012=
290900 48064 32960 02301 10250 20186 40122 333 58002=
290900 48065 32958 03201 10298 20149 333=
290900 48071 31458 33202 10255 20150 40148 70511 82201 333 56709 59014=
290900 48072 31560 12702 10270 20191 70511 81200 333 56900=
290900 48074 32458 30404 10325 20200 40134 83800 333 56500 59005=  
290900 48075 32457 42204 10280 20098 40114 83101 333 56109 59020=
290900 48077 32959 12301 10328 20172 40118 80001 333 56009 59018=
290900 48078 32558 41801 10332 20202 40134 83501 333 56509 59011=
290900 48080 32460 32203 10282 20184 40142 82206 333 56909 59010=
290900 48085 32958 13204 10298 20207 40132 80001 333 56009 59014=
290900 48087 32960 02302 10344 20257 333=
290900 48092 32558 23207 10352 20182 40116 82800 333 56700 59014=
290900 48093 32658 51401 10332 20224 85800 333 56100=
290900 48094 32960 13202 10320 20220 40134 80001 333 56009 59010=
290900 48095 32460 40401 10330 20224 84800 333 56500=
290900 48096 32559 33303 10320 20200 40133 83200 333 56900 59010=  48060 32450 52207 10277 20098 40110 82130 333 56550 59006=
290900 48097 32557 61301 10330 20212 40143 85801 333 56909 59010=
290900 48099 32457 32702 10350 20219 40119 83300 333 56900 59014=
290900 48101 32660 23201 10327 20224 82200 333 56400=
290900 48103 32456 33202 10342 20225 40122 83800 333 56700 59014=
290900 48107 32350 23601 10340 20225 40113 82900 333 56300 59009=
290900 48108 32596 50503 10335 20230 40123 83306 333 56409 59016=
290900 48109 32497 20402 10318 20265 40139 82900 333 56900 59023=
290900 48110 31596 33604 10330 20224 40123 70511 82305 333 56209 59010=
290900 48112 32597 80403 10320 20265 40115 83876 333 56199 59013=
