290600 48001 32456 31301 10215 20156 40153 82330 333 56790 58006=
290600 48004 32562 30401 10251 20150 82200 333 56500=
290600 48008 32558 21401 10246 20150 40158 82430 333 56560 58002=
290600 48010 32560 10000 10250 20186 40143 81100 333 56900 58007=
290600 48018 32560 20402 10250 20167 40156 82800 333 56100 58010=
290600 48019 32960 10401 10250 20167 40157 80009 333 56004 58016=
290600 48020 32958 03602 10225 20181 333=
290600 48025 31456 30901 10260 20160 40164 70244 81540 333 56540 58011=
290600 48030 32957 00401 10187 20047 333=
290600 48031 32960 01401 10215 20065 333=
290600 48033 32963 03601 10300 20149 40141 333 58010=
290600 48034 32458 10000 10240 20095 81500 333 56500=
290600 48035 32960 01202 10233 20097 40136 333 58018=
290600 48037 32960 03601 10280 20146 40142 333 58006=
290600 48039 32960 22201 10285 20146 80002 333 56009=
290600 48042 32956 02701 10280 20146 40146 333 58012=
290600 48043 32057 02703 10230 20097 333=
290600 48045 32963 01404 10220 20087 333=
290600 48048 32960 00401 10275 20158 40151 333 59001=
290600 48051 32959 00401 10282 20160 70200 333 56000=
290600 48052 32970 00401 10290 20159 333=
290600 48053 32950 03602 10300 20124 40136 333 58010=
290600 48055 32956 00407 10240 20125 40120 333 58015=
290600 48057 32957 02202 10220 20087 333=
290600 48060 32940 00000 10222 20111 40155 333 58022=
290600 48062 32960 00903 10270 20230 40145 333 58006=
290600 48064 32970 01401 10270 20191 40120 333 58008=
290600 48065 32970 00405 10290 20159 333=
290600 48071 31960 02601 10260 20203 40145 70500 333 58007=
290600 48072 32959 00401 10295 20239 70222 333=
290600 48074 32959 03601 10290 20159 40148 333 58012=
290600 48075 32958 01401 10260 20140 40137 333 59001=
290600 48077 32959 00401 10312 20146 40133 333 58012=
290600 48078 32956 10901 10284 20161 40142 80001 333 56009 59004=
290600 48080 32961 02205 10311 20225 40121 333 58001=
290600 48085 31958 03204 10306 20185 40131 70500 333 58006=
290600 48087 32960 00401 10300 20166 333=
290600 48092 32957 00903 10310 20135 40121 333 58000=
290600 48093 32958 02301 10311 20169 70211 333=
290600 48094 32960 00401 10315 20175 40136 333 58005=
290600 48095 32960 00401 10300 20166 333=
290600 48096 32959 01305 10300 20124 40138 333 58001=
290600 48097 31957 01201 10325 20178 40144 70544 333 58012=
290600 48099 32556 23202 10303 20159 40130 82800 333 56700 58000=
290600 48101 32960 00901 10307 20169 333=
290600 48103 32957 00401 10313 20146 40127 333 59002=
290600 48107 32950 03201 10318 20140 40112 333 59004=  
290600 48108 31996 31402 10325 20178 40120 70244 80006 333 56009 59002=
290600 48109 32997 00401 10306 20225 40143 333 59002=
290600 48110 31996 22303 10320 20215 40121 70511 80005 333 56009 58001=
290600 48112 32598 60401 10310 20237 40122 82216 333 56199 58008=
