29-JUL-2015 00 48053 2 2 4 50 8 18 04 10 250 20 233 3 0000 4 0034 5 0000 6 000 0 7 00 0 0 8 5 7 7 / 333 20 239 59 005 6 002 / 7 0000 
29-JUL-2015 00 48055 2 2 2 56 8 00 00 10 202 20 199 3 0000 4 0063 5 0000 6 000 0 7 00 0 0 8 6 9 7 / 333 20 196 59 004 6 001 2 7 0000 
29-JUL-2015 00 48060 2 1 3 30 8 00 00 10 218 20 205 3 0000 4 0075 5 0000 6 000 0 7 02 6 6 8 5 9 7 / 333 20 208 59 009 6 008 2 7 0000 
29-JUL-2015 00 48062 2 2 3 50 8 23 15 10 260 20 250 3 0000 4 9972 5 0000 6 000 0 7 02 6 5 8 6 9 2 0 333 20 240 59 032 6 068 2 7 0000 
29-JUL-2015 00 48064 2 1 4 50 8 32 02 10 250 20 250 3 0000 4 0009 5 0000 6 000 0 7 01 5 5 8 4 7 2 0 333 20 215 59 011 6 023 2 7 0000 
29-JUL-2015 00 48071 2 1 4 56 8 23 05 10 245 20 245 3 0000 4 0004 5 0000 6 000 0 7 51 5 5 8 6 9 7 / 333 20 240 59 018 6 078 2 7 0000 
29-JUL-2015 00 48074 2 1 4 56 8 14 02 10 240 20 240 3 0000 4 0060 5 0000 6 000 0 7 02 6 5 8 6 7 2 / 333 20 225 58 000 6 010 2 7 0000 
29-JUL-2015 00 48075 2 1 4 56 8 00 00 10 210 20 195 3 0000 4 0084 5 0000 6 000 0 7 50 6 5 8 6 7 7 / 333 10 /// 58 002 6 007 2 7 0000 
29-JUL-2015 00 48077 2 1 4 56 8 23 01 10 240 20 226 3 0000 4 0040 5 0000 6 000 0 7 02 6 6 8 5 9 7 0 333 20 224 59 003 6 010 2 7 0000 
29-JUL-2015 00 48078 2 1 4 40 8 18 01 10 237 20 233 3 0000 4 0071 5 0000 6 000 0 7 02 6 5 8 5 7 7 / 333 20 228 59 003 6 005 2 7 0000 
29-JUL-2015 00 48080 2 2 4 56 8 13 03 10 252 20 233 3 0000 4 0031 5 0000 6 000 0 7 00 0 0 8 6 9 7 0 333 20 235 59 025 6 004 2 7 0000 
29-JUL-2015 00 48085 2 1 3 50 8 14 03 10 246 20 245 3 0000 4 0049 5 0000 6 000 0 7 61 9 6 8 6 9 2 0 333 20 240 58 009 6 048 2 7 0000 
29-JUL-2015 00 48092 2 1 4 56 8 13 02 10 240 20 240 3 0000 4 0056 5 0000 6 000 0 7 00 0 0 8 4 9 7 6 333 20 235 58 002 6 013 2 7 0000 
29-JUL-2015 00 48094 2 1 3 56 8 22 02 10 248 20 248 3 0000 4 0057 5 0000 6 000 0 7 60 6 5 8 6 9 2 0 333 20 195 59 006 6 046 2 7 0000 
29-JUL-2015 00 48097 2 1 5 57 8 14 04 10 240 20 240 3 0000 4 0089 5 0000 6 000 0 7 20 6 5 8 6 3 3 / 333 20 230 59 000 6 025 2 7 0000 
29-JUL-2015 00 48099 2 1 2 20 8 13 02 10 238 20 238 3 0000 4 0087 5 0000 6 000 0 7 61 6 5 8 6 9 7 / 333 20 228 58 003 6 065 2 7 0000 
29-JUL-2015 00 48103 2 1 3 40 8 22 03 10 240 20 240 3 0000 4 0095 5 0000 6 000 0 7 60 6 6 8 6 7 7 / 333 20 233 59 000 6 028 2 7 0000 
29-JUL-2015 00 48107 2 1 3 30 8 23 02 10 240 20 240 3 0000 4 0103 5 0000 6 000 0 7 61 6 6 8 5 9 7 / 333 20 233 59 003 6 020 2 7 0000 
29-JUL-2015 00 48108 2 1 4 94 8 00 00 10 245 20 236 3 0000 4 0102 5 0000 6 000 0 7 20 5 5 8 5 3 7 7 333 20 230 59 026 6 002 2 7 0000 
29-JUL-2015 00 48109 2 2 4 96 8 23 07 10 274 20 256 3 0000 4 0077 5 0000 6 000 0 7 00 0 0 8 6 9 7 / 333 20 195 58 005 6 029 2 7 0000 
29-JUL-2015 00 48110 2 2 5 95 6 00 00 10 250 20 241 3 0000 4 0105 5 0000 6 000 0 7 00 0 0 8 1 8 5 6 333 20 250 59 010 6 000 0 7 0000 
29-JUL-2015 00 48112 3 2 5 97 8 04 01 10 265 20 251 3 0000 4 0105 5 0000 6 000 0 7 00 0 0 8 4 8 7 6 333 20 210 59 010 6 000 2 7 0000 
