29-JUL-2015 06 48001 3 2 4 50 4 18 01 10 300 20 239 3 0000 4 0035 5 0000 6 000 0 7 00 0 0 8 4 2 0 0 333 10 /// 58 007 6 000 0 7 0000 
29-JUL-2015 06 48004 3 1 4 58 6 04 01 10 287 20 259 3 0000 4 0000 5 0000 6 000 0 7 50 2 2 8 6 9 0 0 333 10 /// 58 000 6 000 0 7 0000 
29-JUL-2015 06 48008 3 1 4 66 8 23 01 10 270 20 256 3 0000 4 0062 5 0000 6 000 0 7 01 6 6 8 4 9 7 / 333 10 /// 58 011 6 000 0 7 0000 
29-JUL-2015 06 48010 2 1 4 40 8 18 02 10 255 20 255 3 0000 4 0052 5 0000 6 000 0 7 61 6 6 8 8 7 / / 333 10 /// 58 007 6 000 0 7 0000 
29-JUL-2015 06 48018 2 1 5 57 8 23 01 10 280 20 250 3 0000 4 0051 5 0000 6 000 0 7 50 5 5 8 5 9 7 / 333 10 /// 59 007 6 000 0 7 0000 
29-JUL-2015 06 48019 2 1 4 57 8 32 02 10 275 20 240 3 0000 4 0054 5 0000 6 000 0 7 50 5 5 8 5 7 / / 333 10 /// 59 003 6 000 0 7 0000 
29-JUL-2015 06 48020 2 1 3 56 7 04 02 10 260 20 253 3 0000 4 0000 5 0000 6 000 0 7 50 6 5 8 5 7 7 0 333 10 /// 58 000 6 000 0 7 0000 
29-JUL-2015 06 48025 2 1 1 20 8 14 01 10 248 20 248 3 0000 4 0039 5 0000 6 000 0 7 50 6 5 8 5 7 2 / 333 10 /// 59 005 6 000 0 7 0000 
29-JUL-2015 06 48030 2 1 / 02 9 04 05 10 172 20 172 3 0000 4 0000 5 0000 6 000 0 7 63 6 6 8 9 / / / 333 10 /// 58 000 6 000 0 7 0000 
29-JUL-2015 06 48031 2 1 / 02 9 18 02 10 175 20 175 3 0000 4 0000 5 0000 6 000 0 7 61 6 4 8 9 / / / 333 10 /// 58 000 6 000 0 7 0000 
29-JUL-2015 06 48034 2 1 3 56 8 23 02 10 202 20 202 3 0000 4 0000 5 0000 6 000 0 7 50 5 5 8 6 9 2 / 333 10 /// 58 000 6 000 0 7 0000 
29-JUL-2015 06 48035 3 1 5 60 8 00 00 10 232 20 214 3 0000 4 0061 5 0000 6 000 0 7 50 6 6 8 5 9 7 / 333 10 /// 58 014 6 000 0 7 0000 
29-JUL-2015 06 48037 2 1 4 59 8 14 02 10 264 20 246 3 0000 4 0026 5 0000 6 000 0 7 50 5 5 8 6 7 7 / 333 10 /// 59 012 6 000 0 7 0000 
29-JUL-2015 06 48039 3 2 4 58 8 14 02 10 275 20 250 3 0000 4 0000 5 0000 6 000 0 7 00 0 0 8 8 9 / / 333 10 /// 58 000 6 000 0 7 0000 
29-JUL-2015 06 48042 3 2 4 57 8 18 02 10 282 20 233 3 0000 4 0036 5 0000 6 000 0 7 00 0 0 8 5 9 7 / 333 10 /// 59 006 6 000 0 7 0000 
29-JUL-2015 06 48043 3 2 5 56 8 18 05 10 235 20 209 3 0000 4 0000 5 0000 6 000 0 7 00 0 0 8 5 8 7 / 333 10 /// 58 000 6 000 0 7 0000 
29-JUL-2015 06 48045 2 1 0 02 9 14 08 10 180 20 180 3 0000 4 0000 5 0000 6 000 0 7 63 6 4 8 9 / / / 333 10 /// 58 000 6 000 0 7 0000 
29-JUL-2015 06 48048 2 1 5 58 8 18 01 10 260 20 229 3 0000 4 0031 5 0000 6 000 0 7 01 6 5 8 6 9 7 / 333 10 /// 59 006 6 000 0 7 0000 
29-JUL-2015 06 48052 2 2 4 65 8 13 02 10 255 20 246 3 0000 4 0000 5 0000 6 000 0 7 00 0 0 8 5 9 7 0 333 10 /// 58 000 6 000 0 7 0000 
29-JUL-2015 06 48053 3 2 4 56 8 18 02 10 270 20 226 3 0000 4 0042 5 0000 6 000 0 7 00 0 0 8 5 7 7 / 333 10 /// 59 013 6 000 0 7 0000 
29-JUL-2015 06 48055 2 2 4 56 8 13 04 10 246 20 214 3 0000 4 0056 5 0000 6 000 0 7 02 5 5 8 5 9 7 / 333 10 /// 58 001 6 000 0 7 0000 
29-JUL-2015 06 48057 2 1 4 57 8 14 02 10 202 20 185 3 0000 4 0000 5 0000 6 000 0 7 02 5 5 8 6 9 5 0 333 10 /// 58 000 6 000 0 7 0000 
29-JUL-2015 06 48060 2 1 3 30 8 00 00 10 242 20 226 3 0000 4 0057 5 0000 6 000 0 7 51 6 5 8 5 7 7 / 333 10 /// 59 005 6 000 0 7 0000 
29-JUL-2015 06 48062 3 2 3 50 8 18 15 10 265 20 250 3 0000 4 9994 5 0000 6 000 0 7 00 0 0 8 6 9 7 0 333 10 /// 59 018 6 000 0 7 0000 
29-JUL-2015 06 48064 2 1 4 50 8 32 01 10 250 20 250 3 0000 4 0019 5 0000 6 000 0 7 50 5 5 8 6 7 2 0 333 10 /// 59 004 6 000 0 7 0000 
29-JUL-2015 06 48065 2 1 4 56 8 04 03 10 250 20 250 3 0000 4 0000 5 0000 6 000 0 7 62 6 5 8 6 9 7 0 333 10 /// 58 000 6 000 0 7 0000 
29-JUL-2015 06 48071 2 1 3 56 8 23 04 10 240 20 240 3 0000 4 0024 5 0000 6 000 0 7 65 6 6 8 6 9 2 / 333 10 /// 59 010 6 000 0 7 0000 
29-JUL-2015 06 48074 2 1 3 56 8 14 09 10 260 20 246 3 0000 4 0067 5 0000 6 000 0 7 02 5 5 8 6 7 2 / 333 10 /// 59 015 6 000 0 7 0000 
29-JUL-2015 06 48075 3 2 4 57 7 14 01 10 230 20 214 3 0000 4 0094 5 0000 6 000 0 7 00 0 0 8 5 7 7 0 333 10 /// 58 012 6 000 0 7 0000 
29-JUL-2015 06 48077 2 1 4 56 8 23 04 10 260 20 246 3 0000 4 0048 5 0000 6 000 0 7 61 6 6 8 5 9 7 0 333 10 /// 59 005 6 000 0 7 0000 
29-JUL-2015 06 48078 2 1 5 57 8 18 05 10 252 20 242 3 0000 4 0079 5 0000 6 000 0 7 02 6 5 8 5 5 7 / 333 10 /// 58 004 6 000 0 7 0000 
29-JUL-2015 06 48085 2 1 3 56 8 14 03 10 264 20 262 3 0000 4 0054 5 0000 6 000 0 7 50 5 5 8 6 9 2 0 333 10 /// 59 003 6 000 0 7 0000 
29-JUL-2015 06 48087 3 2 4 56 8 23 02 10 280 20 250 3 0000 4 0000 5 0000 6 000 0 7 00 0 0 8 5 3 7 / 333 10 /// 58 000 6 000 0 7 0000 
29-JUL-2015 06 48092 3 2 4 58 8 23 05 10 300 20 253 3 0000 4 0060 5 0000 6 000 0 7 00 0 0 8 4 7 7 6 333 10 /// 59 001 6 000 0 7 0000 
29-JUL-2015 06 48093 3 2 5 57 8 23 02 10 291 20 259 3 0000 4 0000 5 0000 6 000 0 7 00 0 0 8 6 3 7 / 333 10 /// 58 000 6 000 0 7 0000 
29-JUL-2015 06 48094 3 2 4 58 8 22 02 10 280 20 270 3 0000 4 0064 5 0000 6 000 0 7 00 0 0 8 6 9 7 0 333 10 /// 59 006 6 000 0 7 0000 
29-JUL-2015 06 48095 3 2 4 58 8 18 04 10 290 20 274 3 0000 4 0000 5 0000 6 000 0 7 00 0 0 8 2 9 4 0 333 10 /// 58 000 6 000 0 7 0000 
29-JUL-2015 06 48097 3 2 5 57 7 23 02 10 295 20 270 3 0000 4 0090 5 0000 6 000 0 7 00 0 0 8 5 3 5 0 333 10 /// 59 002 6 000 0 7 0000 
29-JUL-2015 06 48099 2 1 4 40 8 13 05 10 260 20 246 3 0000 4 0094 5 0000 6 000 0 7 50 5 5 8 6 9 7 / 333 10 /// 58 004 6 000 0 7 0000 
29-JUL-2015 06 48101 3 2 5 58 8 23 04 10 296 20 253 3 0000 4 0000 5 0000 6 000 0 7 00 0 0 8 4 9 2 / 333 10 /// 58 000 6 000 0 7 0000 
29-JUL-2015 06 48103 3 1 4 56 7 14 03 10 283 20 250 3 0000 4 0092 5 0000 6 000 0 7 01 5 5 8 7 8 0 0 333 10 /// 58 002 6 000 0 7 0000 
29-JUL-2015 06 48107 3 2 3 50 6 27 01 10 280 20 250 3 0000 4 0103 5 0000 6 000 0 7 00 0 0 8 4 9 7 0 333 10 /// 58 003 6 000 0 7 0000 
29-JUL-2015 06 48108 2 1 4 94 8 32 02 10 275 20 245 3 0000 4 0110 5 0000 6 000 0 7 02 9 6 8 5 3 2 / 333 10 /// 59 003 6 000 0 7 0000 
29-JUL-2015 06 48109 3 2 4 97 7 23 04 10 292 20 259 3 0000 4 0095 5 0000 6 000 0 7 00 0 0 8 5 9 7 0 333 10 /// 58 007 6 000 0 7 0000 
29-JUL-2015 06 48110 3 2 5 96 4 23 03 10 335 20 257 3 0000 4 0109 5 0000 6 000 0 7 00 0 0 8 3 3 0 6 333 10 /// 59 009 6 000 0 7 0000 
29-JUL-2015 06 48112 3 2 5 97 8 04 02 10 315 20 260 3 0000 4 0116 5 0000 6 000 0 7 00 0 0 8 3 8 7 6 333 10 /// 59 007 6 000 0 7 0000 
