48001 NIL=
48004 31350 82201 10276 20268 75065 8697/ 333 56459=
48008 31557 82301 10302 20239 40084 75055 8597/ 333 56559 58004=
48010 32556 72201 10285 20250 40079 86832 333 56550 58017=
48018 32560 72202 10315 20237 40089 70322 8487/ 333 56559 58010=
48019 32457 73201 10302 20253 40088 85660 333 56450 58015=
48020 32458 61303 10315 20260 84830 333 56440=
48025 21340 81401 10294 20259 40088 72165 8577/ 333 56459 59001=
48035 32560 82204 10281 20203 40075 8597/ 333 56559 58006=
48037 32558 41802 10326 20244 40078 8587/ 333 56559 59004=
48042 32558 81804 10310 20237 40088 8597/ 333 56449 58008=
48045 31340 61803 10250 20219 74044 86300 333 56800=
48048 32558 61802 10335 20225 40085 84950 333 56490 59003=
48051 32559 71301 10284 20270 85970 333 56390=
48053 32456 71804 10310 20254 40090 84951 333 56599 59005=
48060 32340 70000 10280 20203 40073 85930 333 56550 58014=
48062 21350 82302 10250 20250 40111 75165 86920 333 56590 58018=
48071 32458 72302 10270 20268 40116 84900 333 56590 58023=
48075 21456 72201 10260 20250 40120 70255 85770 333 56590 59004=
48077 21458 82306 10262 20246 40108 70262 85931 333 56499 58013=
48078 21550 71801 10286 20263 40122 70265 84571 333 56499 58008=
48080 21459 80401 10263 20246 40127 70265 85870 333 56590 58016=
48085 31357 82703 10275 20240 40121 71799 86920 333 56590 58014=
48095 21458 71801 10295 20274 70222 84870 333 56990=
48108 21596 72301 10285 20241 40140 70255 84377 333 56599 58010=
48109 32497 72302 10302 20266 40124 85970 333 56990 58024=
48110 32496 83202 10300 20259 40143 84367 333 56599 58007=
48112 32598 82202 10315 20260 40140 70122 82216 333 56599 58028=
48030 32256 62204 10217 20173 86840 333 56560=
48072 21458 80905 10270 20256 75065 86970 333 56990=
48087 32458 82303 10304 20253 8537/ 333 5649/=
48099 32456 60000 10290 20248 40123 70122 84830 333 56990 58004=
48101 32559 72702 10302 20253 84335 333 56599=
48103 32456 72202 10297 20253 40124 87800 333 56500 58004=
48057 21458 72302 10222 20185 70155 85950 333 56590=
48094 32459 72201 10278 20270 40122 86940 333 56990 58011=
48097 32557 82302 10305 20254 40126 85350 333 56990 58012=
48031 31150 70401 10225 20205 85840 333 56490=
48033 32562 71801 10310 20237 40088 86901 333 56509 58000=
48034 21148 82302 10208 20208 75055 8692/ 333 5659/=
48039 32460 81401 10295 20239 8596/ 333 56559=
48043 32556 81807 10225 20214 8587/ 333 56599=
48052 32468 32202 10350 20237 83800 333 56900=
48055 32556 71404 10280 20220 40078 86930 333 56550 59003=
48064 32468 83201 10316 20265 40082 84870 333 56440 58014=
48065 32560 72202 10330 20258 85530 333 56990=
48074 32458 71402 10300 20253 40111 84870 333 56440 59003=
48092 32458 82301 10300 20246 40106 84776 333 56599 58043=
48093 32558 82301 10290 20259 8687/ 333 56599=
48107 32350 42301 10287 20248 40117 84900 333 56500 59005=  48097 32557 82302 10305 20254 40126 85350 333 56990 58012=  