48001 NIL=
48004 21110 80000 10260 20260 75022 8697/ 333 20231 5655/ 69902=
48008 21450 80000 10263 20255 40079 75055 8497/ 333 20252 5645/ 58008 69902=
48010 21430 80000 10260 20260 40072 70366 8572/ 333 20250 5644/ 58015 60032=
48018 32558 72201 10270 20240 40086 8387/ 333 20250 5655/ 58028=
48019 32450 50000 10264 20246 40075 83660 333 20260 56450 58010=
48020 21250 80000 10255 20247 70265 8672/ 333 20235 5644/ 60352=
48025 22210 83201 10270 20256 40069 8577/ 333 20266 5644/ 58013 69902=
48035 32558 80000 10231 20214 40089 8597/ 333 20224 5656/ 58004=
48037 32557 61401 10270 20240 40082 83830 333 20267 56450 58027=
48042 32557 71804 10275 20230 40095 84850 333 20257 56440 58033=
48045 NIL=
48048 32550 62201 10272 20226 40076 84950 333 20266 56490 58020=
48051 22458 83601 10253 20240 86970 333 20249 56490 60012=
48053 22450 71802 10250 20233 40099 84750 333 20244 56550 58031=
48060 21330 30000 10228 20214 40078 70162 83100 333 20216 56400 59001 60022=
48062 21450 80904 10250 20250 40092 75062 86920 333 20210 56390 58036 60092=
48071 NIL=
48075 32456 70000 10215 20215 40135 85870 333 56590 58010=
48077 32556 80000 10260 20246 40101 85931 333 20240 56999 58025=
48078 21440 81401 10255 20247 40115 70265 8477/ 333 20240 56499 58029 60012=
48080 22456 80402 10244 20226 40111 85870 333 20230 56590 58025=
48085 22456 81801 10252 20248 40105 86920 333 20250 56590 58022=
48095 NIL=
48108 21494 80501 10240 20226 40131 72055 84376 333 20210 56899 58020 60152=
48109 22496 80000 10272 20256 40115 8697/ 333 20202 5699/ 58026 60072=
48110 21495 80000 10240 20240 40128 70255 83347 333 20240 56599 58016 60242=
48112 21597 82202 10250 20250 40127 70152 83876 333 20202 56599 58012=
48030 21256 82204 10170 20154 70266 889// 333 20150 569// 60022=
48072 NIL=
48087 22450 80000 10250 20250 70322 8597/ 333 20244 5649/ 60012=
48099 21340 80000 10250 20233 40117 75055 8597/ 333 20238 5699/ 58005 69902=
48101 21450 82301 10258 20246 70265 8597/ 333 20222 5659/ 60032=
48103 21340 80401 10250 20233 40119 72055 8877/ 333 20243 564// 58012 69902=
48057 22456 71402 10188 20175 85950 333 20176 56590=
48094 22458 70000 10248 20248 40105 84870 333 20196 56590 58013 60052=
48097 32557 72302 10255 20248 40112 85330 333 20250 56490 58014=
48031 21/02 92201 10180 20180 74364 333 20170 60382=
48033 32560 72302 10270 20240 40085 85506 333 20260 56509 58015=
48034 21448 82301 10193 20193 75165 8692/ 333 20190 5659/ 60062=
48039 32456 81401 10270 20225 8596/ 333 20269 5655/=
48043 22520 81805 10200 20200 8687/ 333 20170 5659/=
48052 22450 52201 10265 20240 84801 333 20260 56909=
48055 22556 60000 10188 20183 40112 82540 333 20182 56660 58022=
48064 22450 83201 10260 20246 40074 84870 333 20220 56440 58021=
48065 32450 80402 10260 20246 85570 333 20232 56990 60002=
48074 32356 81801 10250 20233 40118 8577/ 333 20236 5644/ 58022=
48092 31456 70000 10255 20248 40094 70522 84371 333 20245 56599 58013=
48093 22430 81401 10250 20233 8637/ 333 20240 56999=
48107 21330 82301 10232 20232 40117 70166 8497/ 333 20225 5655/ 58009 60022=  