48053 22450 81804 10250 20233 40034 8577/ 333 20239 56599 59005 6002/=
48060 21330 80000 10218 20205 40075 70266 8597/ 333 20208 56599 59009 60082=
48062 22350 82315 10260 20250 49972 70265 86920 333 20240 56490 59032 60682=
48071 21456 82305 10245 20245 40004 75155 8697/ 333 20240 5659/ 59018 60782=
48075 21456 80000 10210 20195 40084 75065 8677/ 333 5659/ 58002 60072=
48077 21456 82301 10240 20226 40040 70266 85970 333 20224 56490 59003 60102=
48078 21440 81801 10237 20233 40071 70265 8577/ 333 20228 5649/ 59003 60052=
48080 22456 81303 10252 20233 40031 86970 333 20235 56590 59025 60042=
48085 21350 81403 10246 20245 40049 76196 86920 333 20240 56590 58009 60482=
48095 22456 80000 10240 20240 84870 333 20184 56990 60572=
48108 21494 80000 10245 20236 40102 72055 85377 333 20230 56699 59026 60022=
48109 22496 82307 10274 20256 40077 8697/ 333 20195 5699/ 58005 60292=
48110 22595 60000 10250 20241 40105 81856 333 20250 56999 59010=
48112 32597 80401 10265 20251 40105 84876 333 20210 56199 59010 60002=
48087 22450 80000 10240 20240 8597/ 333 20240 5649/ 60332=
48099 21220 81302 10238 20238 40087 76165 8697/ 333 20228 5649/ 58003 60652=
48101 21450 82302 10253 20253 75196 8697/ 333 20208 5659/ 60502=
48103 21340 82203 10240 20240 40095 76066 8677/ 333 20233 5655/ 59000 60282=
48057 21256 81403 10180 20180 75055 8697/ 333 20170 5699/ 60042=
48094 21356 82202 10248 20248 40057 76065 86920 333 20195 56590 59006 60462=
48097 21557 81404 10240 20240 40089 72065 8633/ 333 20230 5639/ 59000 60252=
48052 22450 81301 10252 20233 86930 333 20240 56390 60072=
48055 22256 80000 10202 20199 40063 8697/ 333 20196 56499 59004 60012=
48064 21450 83202 10250 20250 40009 70155 84720 333 20215 56440 59011 60232=
48065 21450 81402 10245 20245 70265 8597/ 333 20215 5649/ 60262=
48074 21456 81402 10240 20240 40060 70265 8672/ 333 20225 56499 58000 60102=
48092 21456 81302 10240 20240 40056 84976 333 20235 56399 58002 60132=
48093 21550 80000 10240 20237 70255 86841 333 20237 56399 60012=
48107 21330 82302 10240 20240 40103 76166 8597/ 333 20233 5655/ 59003 60202=  