290300 48001 21440 60401 10255 20229 40064 75055 84840 333 56540 59004=
290300 48004 22340 70401 10255 20246 87900 333 56500=
290300 48008 21456 80000 10250 20246 40067 76266 8497/ 333 56559 58013=
290300 48010 21420 80000 10255 20246 40057 70166 85770 333 56290 58004=
290300 48018 21557 82301 10263 20246 40048 72065 8597/ 333 56559 58012=
290300 48019 21456 80000 10260 20260 40046 75055 887// 333 56699 59006=
290300 48020 21256 83606 10250 20242 72055 887// 333 56499=
290300 48025 21220 80401 10248 20248 40039 75055 8572/ 333 56329 59007=
290300 48030 21/01 90401 10169 20169 76166 89/// 333 56999=
290300 48031 21/02 91802 10170 20170 76164 89/// 333 56999=
290300 48034 21356 81802 10202 20192 75065 8692/ 333 5659/=
290300 48035 21460 80000 10230 20214 40064 75022 8597/ 333 56569 58000=
290300 48037 21458 81401 10262 20246 40040 75055 8387/ 333 56499 58012=
290300 48039 21456 80000 10264 20246 70255 889// 333 56599=
290300 48042 21557 81301 10274 20256 40038 75055 8597/ 333 56449 59010=
290300 48043 22540 81804 10205 20195 8687/ 333 56599=
290300 48045 21001 91805 10180 20180 76364 858// 333 56999=
290300 48048 21558 81801 10255 20226 40028 75055 8697/ 333 5649/ 59020=
290300 48051 21356 81309 10244 20244 76066 86920 333 56490=
290300 48052 22460 81302 10250 20233 85970 333 56990=
290300 48053 22450 61804 10260 20229 40051 8555/ 333 56599 59014=
290300 48055 21250 81604 10217 20210 40077 75155 8692/ 333 5649/ 58001=
290300 48057 21457 81403 10192 20192 75055 86970 333 56490=
290300 48060 21330 80000 10230 20214 40071 76166 8577/ 333 5649/ 59011=
290300 48062 21350 82315 10260 20250 49985 75055 86920 333 56590 59029=
290300 48064 21450 83201 10241 20240 40016 76166 86720 333 56440 59023=
290300 48065 21450 80403 10240 20240 76265 8697/ 333 5659/=
290300 48071 21356 82307 10253 20253 40019 71799 8692/ 333 5659/ 59013=
290300 48075 21457 70000 10222 20205 40101 70255 85770 333 56590 58024=
290300 48077 21456 82302 10250 20233 40050 76066 85970 333 56490 59003=
290300 48078 21440 81801 10253 20247 40089 75055 8572/ 333 56499 58008=
290300 48085 21356 81405 10256 20246 40058 75055 86920 333 56590 59008=
290300 48087 22450 80000 10254 20254 8537/ 333 5649/=
290300 48092 22457 81801 10260 20246 40066 84976 333 56499 58003=
290300 48093 21556 82301 10261 20246 8637/ 333 56599=
290300 48094 21459 82203 10266 20260 40066 70265 86970 333 56590 59003=
290300 48095 22458 72203 10265 20265 70122 84870 333 56990=
290300 48097 21557 72105 10265 20251 40098 85350 333 56490 59006=
290300 48099 21330 81806 10244 20244 40106 76065 8697/ 333 5639/ 58008=
290300 48101 21558 82302 10272 20256 70252 8492/ 333 5699/=
290300 48103 21356 82202 10250 20250 40105 75065 8772/ 333 5633/ 58003=
290300 48107 21330 80000 10254 20254 40108 70165 8597/ 333 5655/ 58001=  48074 22456 81408 10250 20233 40080 8672/ 333 56499 59004=  
290300 48108 21494 82303 10270 20256 40125 72165 8532/ 333 5669/ 59004=
290300 48109 22497 72302 10236 20259 40092 85970 333 56990 59002=
290300 48110 22596 72301 10300 20259 40124 84307 333 56509 58001=
290300 48112 32597 80402 10295 20250 40120 83876 333 56199 59005=
