29-JUN-2015 09 48001 2 1 4 40 8 23 01 10 265 20 256 3 0000 4 0037 5 0000 6 000 0 7 50 5 5 8 6 7 2 / 333 10 /// 58 021 6 000 0 7 0000 
29-JUN-2015 09 48004 2 1 3 56 7 04 01 10 279 20 268 3 0000 4 0000 5 0000 6 000 0 7 01 6 5 8 7 9 0 0 333 10 /// 58 000 6 000 0 7 0000 
29-JUN-2015 09 48008 2 1 5 57 8 23 01 10 295 20 253 3 0000 4 0079 5 0000 6 000 0 7 50 5 5 8 4 9 7 / 333 10 /// 58 023 6 000 0 7 0000 
29-JUN-2015 09 48010 3 2 5 56 7 22 01 10 300 20 266 3 0000 4 0054 5 0000 6 000 0 7 00 0 0 8 5 8 3 0 333 10 /// 59 006 6 000 0 7 0000 
29-JUN-2015 09 48018 3 2 5 60 7 22 01 10 325 20 248 3 0000 4 0069 5 0000 6 000 0 7 00 0 0 8 3 8 7 1 333 10 /// 58 002 6 000 0 7 0000 
29-JUN-2015 09 48019 3 2 4 58 7 23 02 10 308 20 239 3 0000 4 0069 5 0000 6 000 0 7 00 0 0 8 4 7 7 0 333 10 /// 58 005 6 000 0 7 0000 
29-JUN-2015 09 48020 3 2 3 58 8 27 03 10 332 20 275 3 0000 4 0000 5 0000 6 000 0 7 00 0 0 8 4 3 3 0 333 10 /// 58 000 6 000 0 7 0000 
29-JUN-2015 09 48025 2 2 4 56 7 00 00 10 322 20 265 3 0000 4 0062 5 0000 6 000 0 7 00 0 0 8 4 8 7 0 333 10 /// 59 004 6 000 0 7 0000 
29-JUN-2015 09 48030 3 2 2 56 7 22 02 10 224 20 173 3 0000 4 0000 5 0000 6 000 0 7 00 0 0 8 6 9 4 0 333 10 /// 58 000 6 000 0 7 0000 
29-JUN-2015 09 48031 3 1 2 57 7 14 01 10 225 20 185 3 0000 4 0000 5 0000 6 000 0 7 00 0 0 8 5 8 4 0 333 10 /// 58 000 6 000 0 7 0000 
29-JUN-2015 09 48033 3 2 5 63 6 18 01 10 330 20 234 3 0000 4 0053 5 0000 6 000 0 7 00 0 0 8 6 9 0 0 333 10 /// 59 027 6 000 0 7 0000 
29-JUN-2015 09 48034 2 1 1 48 8 18 02 10 212 20 206 3 0000 4 0000 5 0000 6 000 0 7 50 5 5 8 6 9 2 / 333 10 /// 58 000 6 000 0 7 0000 
29-JUN-2015 09 48035 3 2 5 60 8 22 03 10 281 20 203 3 0000 4 0057 5 0000 6 000 0 7 00 0 0 8 5 9 7 / 333 10 /// 58 017 6 000 0 7 0000 
29-JUN-2015 09 48037 3 2 5 60 5 22 01 10 358 20 235 3 0000 4 0053 5 0000 6 000 0 7 00 0 0 8 4 8 3 0 333 10 /// 59 012 6 000 0 7 0000 
29-JUN-2015 09 48039 3 2 4 60 6 14 01 10 335 20 240 3 0000 4 0000 5 0000 6 000 0 7 00 0 0 8 4 9 5 0 333 10 /// 58 000 6 000 0 7 0000 
29-JUN-2015 09 48042 3 2 5 59 6 18 02 10 346 20 240 3 0000 4 0059 5 0000 6 000 0 7 00 0 0 8 4 8 5 0 333 10 /// 58 002 6 000 0 7 0000 
29-JUN-2015 09 48043 3 2 5 56 7 18 02 10 250 20 219 3 0000 4 0000 5 0000 6 000 0 7 00 0 0 8 5 8 7 / 333 10 /// 58 000 6 000 0 7 0000 
29-JUN-2015 09 48045 3 1 3 40 6 14 04 10 250 20 219 3 0000 4 0000 5 0000 6 000 0 7 40 4 4 8 6 3 0 0 333 10 /// 58 000 6 000 0 7 0000 
29-JUN-2015 09 48048 3 2 5 60 2 13 01 10 363 20 214 3 0000 4 0057 5 0000 6 000 0 7 00 0 0 8 2 8 0 0 333 10 /// 59 010 6 000 0 7 0000 
29-JUN-2015 09 48051 2 1 5 59 7 13 02 10 274 20 260 3 0000 4 0000 5 0000 6 000 0 7 02 5 2 8 5 9 3 0 333 10 /// 58 000 6 000 0 7 0000 
29-JUN-2015 09 48052 3 2 4 70 2 22 02 10 372 20 227 3 0000 4 0000 5 0000 6 000 0 7 00 0 0 8 2 2 0 0 333 10 /// 58 000 6 000 0 7 0000 
29-JUN-2015 09 48053 2 1 4 56 5 18 03 10 330 20 244 3 0000 4 0068 5 0000 6 000 0 7 01 5 5 8 3 9 5 7 333 10 /// 59 004 6 000 0 7 0000 
29-JUN-2015 09 48055 3 2 5 56 7 23 06 10 291 20 206 3 0000 4 0054 5 0000 6 000 0 7 00 0 0 8 5 9 7 0 333 10 /// 59 003 6 000 0 7 0000 
29-JUN-2015 09 48057 2 2 4 58 5 14 02 10 228 20 181 3 0000 4 0000 5 0000 6 000 0 7 00 0 0 8 4 9 5 0 333 10 /// 58 000 6 000 0 7 0000 
29-JUN-2015 09 48060 3 2 3 40 7 00 00 10 283 20 203 3 0000 4 0067 5 0000 6 000 0 7 00 0 0 8 5 9 3 0 333 10 /// 58 040 6 000 0 7 0000 
29-JUN-2015 09 48062 2 1 3 40 8 27 02 10 250 20 250 3 0000 4 0098 5 0000 6 000 0 7 65 6 6 8 6 9 2 0 333 10 /// 58 013 6 000 0 7 0000 
29-JUN-2015 09 48064 2 2 4 68 8 04 01 10 270 20 256 3 0000 4 0063 5 0000 6 000 0 7 00 0 0 8 4 8 7 0 333 10 /// 58 000 6 000 0 7 0000 
29-JUN-2015 09 48065 2 1 4 58 8 03 01 10 270 20 270 3 0000 4 0000 5 0000 6 000 0 7 03 6 6 8 6 9 7 0 333 10 /// 58 000 6 000 0 7 0000 
29-JUN-2015 09 48071 3 2 4 60 7 23 02 10 285 20 274 3 0000 4 0088 5 0000 6 000 0 7 00 0 0 8 5 9 7 0 333 10 /// 58 007 6 000 0 7 0000 
29-JUN-2015 09 48072 2 2 4 60 7 09 04 10 280 20 250 3 0000 4 0000 5 0000 6 000 0 7 00 0 0 8 6 9 3 0 333 10 /// 58 000 6 000 0 7 0000 
29-JUN-2015 09 48074 2 1 3 50 8 04 01 10 270 20 270 3 0000 4 0092 5 0000 6 000 0 7 21 6 6 8 6 9 7 / 333 10 /// 59 001 6 000 0 7 0000 
29-JUN-2015 09 48075 2 2 4 57 7 22 01 10 260 20 230 3 0000 4 0087 5 0000 6 000 0 7 00 0 0 8 5 8 4 0 333 10 /// 58 006 6 000 0 7 0000 
29-JUN-2015 09 48077 2 2 5 59 7 23 02 10 300 20 239 3 0000 4 0082 5 0000 6 000 0 7 00 0 0 8 5 9 3 1 333 10 /// 59 006 6 000 0 7 0000 
29-JUN-2015 09 48078 2 2 5 58 6 18 01 10 306 20 238 3 0000 4 0091 5 0000 6 000 0 7 00 0 0 8 5 8 0 1 333 10 /// 59 001 6 000 0 7 0000 
29-JUN-2015 09 48080 2 2 4 59 6 04 03 10 290 20 259 3 0000 4 0106 5 0000 6 000 0 7 00 0 0 8 4 8 7 0 333 10 /// 58 015 6 000 0 7 0000 
29-JUN-2015 09 48085 2 1 4 57 8 00 00 10 252 20 250 3 0000 4 0089 5 0000 6 000 0 7 50 6 5 8 6 9 7 0 333 10 /// 58 000 6 000 0 7 0000 
29-JUN-2015 09 48087 2 1 4 56 8 23 01 10 250 20 233 3 0000 4 0000 5 0000 6 000 0 7 50 6 5 8 5 9 7 / 333 10 /// 58 000 6 000 0 7 0000 
29-JUN-2015 09 48092 3 2 4 58 5 23 02 10 310 20 254 3 0000 4 0078 5 0000 6 000 0 7 00 0 0 8 3 8 0 6 333 10 /// 59 001 6 000 0 7 0000 
29-JUN-2015 09 48093 3 2 5 57 8 14 01 10 300 20 266 3 0000 4 0000 5 0000 6 000 0 7 00 0 0 8 4 3 7 / 333 10 /// 58 000 6 000 0 7 0000 
29-JUN-2015 09 48094 2 1 4 58 8 22 01 10 270 20 265 3 0000 4 0096 5 0000 6 000 0 7 61 6 6 8 5 9 2 / 333 10 /// 58 005 6 000 0 7 0000 
29-JUN-2015 09 48095 2 1 4 58 7 18 02 10 290 20 290 3 0000 4 0000 5 0000 6 000 0 7 65 6 6 8 4 9 2 0 333 10 /// 58 000 6 000 0 7 0000 
29-JUN-2015 09 48097 2 1 5 57 6 24 02 10 310 20 254 3 0000 4 0108 5 0000 6 000 0 7 01 5 2 8 4 9 5 0 333 10 /// 58 006 6 000 0 7 0000 
29-JUN-2015 09 48099 2 1 4 57 6 23 02 10 298 20 253 3 0000 4 0105 5 0000 6 000 0 7 02 5 5 8 4 9 7 0 333 10 /// 59 003 6 000 0 7 0000 
29-JUN-2015 09 48101 3 1 4 58 8 14 03 10 292 20 259 3 0000 4 0000 5 0000 6 000 0 7 50 2 2 8 5 9 7 / 333 10 /// 58 000 6 000 0 7 0000 
29-JUN-2015 09 48103 3 2 4 56 7 22 02 10 293 20 248 3 0000 4 0106 5 0000 6 000 0 7 00 0 0 8 7 8 0 0 333 10 /// 58 010 6 000 0 7 0000 
29-JUN-2015 09 48107 3 2 3 50 6 23 01 10 284 20 233 3 0000 4 0109 5 0000 6 000 0 7 00 0 0 8 4 9 7 0 333 10 /// 59 003 6 000 0 7 0000 
29-JUN-2015 09 48108 2 2 5 96 7 23 02 10 300 20 246 3 0000 4 0126 5 0000 6 000 0 7 00 0 0 8 4 3 7 6 333 10 /// 59 007 6 000 0 7 0000 
29-JUN-2015 09 48110 2 1 4 96 8 00 00 10 300 20 253 3 0000 4 0126 5 0000 6 000 0 7 02 5 5 8 4 3 7 7 333 10 /// 58 001 6 000 0 7 0000 
29-JUN-2015 09 48112 3 2 5 98 6 22 02 10 325 20 253 3 0000 4 0124 5 0000 6 000 0 7 00 0 0 8 2 2 1 6 333 10 /// 58 024 6 000 0 7 0000 
