29-JUL-2015 03 48001 2 1 4 40 6 04 01 10 255 20 229 3 0000 4 0064 5 0000 6 000 0 7 50 5 5 8 4 8 4 0 333 10 /// 59 004 6 000 0 7 0000 
29-JUL-2015 03 48004 2 2 3 40 7 04 01 10 255 20 246 3 0000 4 0000 5 0000 6 000 0 7 00 0 0 8 7 9 0 0 333 10 /// 58 000 6 000 0 7 0000 
29-JUL-2015 03 48008 2 1 4 56 8 00 00 10 250 20 246 3 0000 4 0067 5 0000 6 000 0 7 62 6 6 8 4 9 7 / 333 10 /// 58 013 6 000 0 7 0000 
29-JUL-2015 03 48010 2 1 4 20 8 00 00 10 255 20 246 3 0000 4 0057 5 0000 6 000 0 7 01 6 6 8 5 7 7 0 333 10 /// 58 004 6 000 0 7 0000 
29-JUL-2015 03 48018 2 1 5 57 8 23 01 10 263 20 246 3 0000 4 0048 5 0000 6 000 0 7 20 6 5 8 5 9 7 / 333 10 /// 58 012 6 000 0 7 0000 
29-JUL-2015 03 48019 2 1 4 56 8 00 00 10 260 20 260 3 0000 4 0046 5 0000 6 000 0 7 50 5 5 8 8 7 / / 333 10 /// 59 006 6 000 0 7 0000 
29-JUL-2015 03 48020 2 1 2 56 8 36 06 10 250 20 242 3 0000 4 0000 5 0000 6 000 0 7 20 5 5 8 8 7 / / 333 10 /// 58 000 6 000 0 7 0000 
29-JUL-2015 03 48025 2 1 2 20 8 04 01 10 248 20 248 3 0000 4 0039 5 0000 6 000 0 7 50 5 5 8 5 7 2 / 333 10 /// 59 007 6 000 0 7 0000 
29-JUL-2015 03 48030 2 1 / 01 9 04 01 10 169 20 169 3 0000 4 0000 5 0000 6 000 0 7 61 6 6 8 9 / / / 333 10 /// 58 000 6 000 0 7 0000 
29-JUL-2015 03 48031 2 1 / 02 9 18 02 10 170 20 170 3 0000 4 0000 5 0000 6 000 0 7 61 6 4 8 9 / / / 333 10 /// 58 000 6 000 0 7 0000 
29-JUL-2015 03 48034 2 1 3 56 8 18 02 10 202 20 192 3 0000 4 0000 5 0000 6 000 0 7 50 6 5 8 6 9 2 / 333 10 /// 58 000 6 000 0 7 0000 
29-JUL-2015 03 48035 2 1 4 60 8 00 00 10 230 20 214 3 0000 4 0064 5 0000 6 000 0 7 50 2 2 8 5 9 7 / 333 10 /// 58 000 6 000 0 7 0000 
29-JUL-2015 03 48037 2 1 4 58 8 14 01 10 262 20 246 3 0000 4 0040 5 0000 6 000 0 7 50 5 5 8 3 8 7 / 333 10 /// 58 012 6 000 0 7 0000 
29-JUL-2015 03 48039 2 1 4 56 8 00 00 10 264 20 246 3 0000 4 0000 5 0000 6 000 0 7 02 5 5 8 8 9 / / 333 10 /// 58 000 6 000 0 7 0000 
29-JUL-2015 03 48042 2 1 5 57 8 13 01 10 274 20 256 3 0000 4 0038 5 0000 6 000 0 7 50 5 5 8 5 9 7 / 333 10 /// 59 010 6 000 0 7 0000 
29-JUL-2015 03 48043 2 2 5 40 8 18 04 10 205 20 195 3 0000 4 0000 5 0000 6 000 0 7 00 0 0 8 6 8 7 / 333 10 /// 58 000 6 000 0 7 0000 
29-JUL-2015 03 48045 2 1 0 01 9 18 05 10 180 20 180 3 0000 4 0000 5 0000 6 000 0 7 63 6 4 8 5 8 / / 333 10 /// 58 000 6 000 0 7 0000 
29-JUL-2015 03 48048 2 1 5 58 8 18 01 10 255 20 226 3 0000 4 0028 5 0000 6 000 0 7 50 5 5 8 6 9 7 / 333 10 /// 59 020 6 000 0 7 0000 
29-JUL-2015 03 48051 2 1 3 56 8 13 09 10 244 20 244 3 0000 4 0000 5 0000 6 000 0 7 60 6 6 8 6 9 2 0 333 10 /// 58 000 6 000 0 7 0000 
29-JUL-2015 03 48052 2 2 4 60 8 13 02 10 250 20 233 3 0000 4 0000 5 0000 6 000 0 7 00 0 0 8 5 9 7 0 333 10 /// 58 000 6 000 0 7 0000 
29-JUL-2015 03 48053 2 2 4 50 6 18 04 10 260 20 229 3 0000 4 0051 5 0000 6 000 0 7 00 0 0 8 5 5 5 / 333 10 /// 59 014 6 000 0 7 0000 
29-JUL-2015 03 48055 2 1 2 50 8 16 04 10 217 20 210 3 0000 4 0077 5 0000 6 000 0 7 51 5 5 8 6 9 2 / 333 10 /// 58 001 6 000 0 7 0000 
29-JUL-2015 03 48057 2 1 4 57 8 14 03 10 192 20 192 3 0000 4 0000 5 0000 6 000 0 7 50 5 5 8 6 9 7 0 333 10 /// 58 000 6 000 0 7 0000 
29-JUL-2015 03 48060 2 1 3 30 8 00 00 10 230 20 214 3 0000 4 0071 5 0000 6 000 0 7 61 6 6 8 5 7 7 / 333 10 /// 59 011 6 000 0 7 0000 
29-JUL-2015 03 48062 2 1 3 50 8 23 15 10 260 20 250 3 0000 4 9985 5 0000 6 000 0 7 50 5 5 8 6 9 2 0 333 10 /// 59 029 6 000 0 7 0000 
29-JUL-2015 03 48064 2 1 4 50 8 32 01 10 241 20 240 3 0000 4 0016 5 0000 6 000 0 7 61 6 6 8 6 7 2 0 333 10 /// 59 023 6 000 0 7 0000 
29-JUL-2015 03 48065 2 1 4 50 8 04 03 10 240 20 240 3 0000 4 0000 5 0000 6 000 0 7 62 6 5 8 6 9 7 / 333 10 /// 58 000 6 000 0 7 0000 
29-JUL-2015 03 48071 2 1 3 56 8 23 07 10 253 20 253 3 0000 4 0019 5 0000 6 000 0 7 17 9 9 8 6 9 2 / 333 10 /// 59 013 6 000 0 7 0000 
29-JUL-2015 03 48075 2 1 4 57 7 00 00 10 222 20 205 3 0000 4 0101 5 0000 6 000 0 7 02 5 5 8 5 7 7 0 333 10 /// 58 024 6 000 0 7 0000 
29-JUL-2015 03 48077 2 1 4 56 8 23 02 10 250 20 233 3 0000 4 0050 5 0000 6 000 0 7 60 6 6 8 5 9 7 0 333 10 /// 59 003 6 000 0 7 0000 
29-JUL-2015 03 48078 2 1 4 40 8 18 01 10 253 20 247 3 0000 4 0089 5 0000 6 000 0 7 50 5 5 8 5 7 2 / 333 10 /// 58 008 6 000 0 7 0000 
29-JUL-2015 03 48085 2 1 3 56 8 14 05 10 256 20 246 3 0000 4 0058 5 0000 6 000 0 7 50 5 5 8 6 9 2 0 333 10 /// 59 008 6 000 0 7 0000 
29-JUL-2015 03 48087 2 2 4 50 8 00 00 10 254 20 254 3 0000 4 0000 5 0000 6 000 0 7 00 0 0 8 5 3 7 / 333 10 /// 58 000 6 000 0 7 0000 
29-JUL-2015 03 48092 2 2 4 57 8 18 01 10 260 20 246 3 0000 4 0066 5 0000 6 000 0 7 00 0 0 8 4 9 7 6 333 10 /// 58 003 6 000 0 7 0000 
29-JUL-2015 03 48093 2 1 5 56 8 23 01 10 261 20 246 3 0000 4 0000 5 0000 6 000 0 7 00 0 0 8 6 3 7 / 333 10 /// 58 000 6 000 0 7 0000 
29-JUL-2015 03 48094 2 1 4 59 8 22 03 10 266 20 260 3 0000 4 0066 5 0000 6 000 0 7 02 6 5 8 6 9 7 0 333 10 /// 59 003 6 000 0 7 0000 
29-JUL-2015 03 48095 2 2 4 58 7 22 03 10 265 20 265 3 0000 4 0000 5 0000 6 000 0 7 01 2 2 8 4 8 7 0 333 10 /// 58 000 6 000 0 7 0000 
29-JUL-2015 03 48097 2 1 5 57 7 21 05 10 265 20 251 3 0000 4 0098 5 0000 6 000 0 7 00 0 0 8 5 3 5 0 333 10 /// 59 006 6 000 0 7 0000 
29-JUL-2015 03 48099 2 1 3 30 8 18 06 10 244 20 244 3 0000 4 0106 5 0000 6 000 0 7 60 6 5 8 6 9 7 / 333 10 /// 58 008 6 000 0 7 0000 
29-JUL-2015 03 48101 2 1 5 58 8 23 02 10 272 20 256 3 0000 4 0000 5 0000 6 000 0 7 02 5 2 8 4 9 2 / 333 10 /// 58 000 6 000 0 7 0000 
29-JUL-2015 03 48103 2 1 3 56 8 22 02 10 250 20 250 3 0000 4 0105 5 0000 6 000 0 7 50 6 5 8 7 7 2 / 333 10 /// 58 003 6 000 0 7 0000 
29-JUL-2015 03 48107 2 1 3 30 8 00 00 10 254 20 254 3 0000 4 0108 5 0000 6 000 0 7 01 6 5 8 5 9 7 / 333 10 /// 58 001 6 000 0 7 0000 
29-JUL-2015 03 48108 2 1 4 94 8 23 03 10 270 20 256 3 0000 4 0125 5 0000 6 000 0 7 21 6 5 8 5 3 2 / 333 10 /// 59 004 6 000 0 7 0000 
29-JUL-2015 03 48109 2 2 4 97 7 23 02 10 236 20 259 3 0000 4 0092 5 0000 6 000 0 7 00 0 0 8 5 9 7 0 333 10 /// 59 002 6 000 0 7 0000 
29-JUL-2015 03 48110 2 2 5 96 7 23 01 10 300 20 259 3 0000 4 0124 5 0000 6 000 0 7 00 0 0 8 4 3 0 7 333 10 /// 58 001 6 000 0 7 0000 
29-JUL-2015 03 48112 3 2 5 97 8 04 02 10 295 20 250 3 0000 4 0120 5 0000 6 000 0 7 00 0 0 8 3 8 7 6 333 10 /// 59 005 6 000 0 7 0000 
