291200 48004 21220 80000 10267 20267 70365 8697/ 333 10280 56550 60072=
291200 48008 22556 70000 10290 20259 40051 84970 333 10305 56440 59001 60012=
291200 48010 21430 82201 10280 20268 40036 70355 8477/ 333 10312 56559 59022 69902=
291200 48018 32560 72201 10317 20237 40049 70222 83872 333 10335 56550 59009 60002=
291200 48019 32440 70000 10310 20267 40046 85660 333 10322 56450 59011 60002=
291200 48020 32356 50000 10300 20266 83730 333 10335 56440 60002=
291200 48025 22450 51403 10324 20248 40043 84840 333 10325 56550 59018 60052=
291200 48030 32256 42201 10223 20185 83802 333 10227 56509 60002=
291200 48031 32260 62201 10215 20185 84840 333 10230 56460 60002=
291200 48033 32562 31801 10330 20244 40042 83800 333 10340 56400 59020 60002=
291200 48034 21356 70000 10215 20207 70155 87300 333 10222 56500 60022=
291200 48035 32560 62703 10269 20211 40050 84960 333 10288 56560 59010 60002=
291200 48037 32558 51401 10363 20235 40028 83830 333 10376 56550 59025 60002=
291200 48039 21460 72202 10291 20215 70355 87900 333 10341 56400 69902=
291200 48042 32558 71804 10306 20237 40041 85950 333 10350 56440 59014 60002=
291200 48043 22530 70000 10230 20214 8587/ 333 10250 56599 60052=
291200 48045 31450 61402 10241 20191 70244 86300 333 10265 56500 60002=
291200 48048 32550 22202 10344 20225 40042 82800 333 10368 56900 59017 60002=
291200 48051 22559 61302 10280 20250 84930 333 10302 56490 60012=
291200 48052 32458 22201 10350 20237 82200 333 10374 56900 60002=
291200 48053 22456 41803 10300 20253 40062 83906 333 10330 56509 59012 69902=
291200 48055 21456 70000 10240 20226 40056 72055 85970 333 10295 56550 59004 60012=
291200 48057 22456 61501 10220 20185 84950 333 10237 56590 60012=
291200 48060 32330 62201 10274 20172 40044 84930 333 10288 56550 58005 60002=
291200 48062 22350 80901 10250 20230 40077 72165 86920 333 10270 56990 59001 61082=
291200 48064 22450 30000 10293 20274 40039 81106 333 10320 56909 59025 60002=
291200 48065 22450 50401 10298 20266 83530 333 10335 56990 60002=
291200 48071 32456 72302 10270 20258 40083 85970 333 10290 56590 58002 60002=
291200 48072 22456 81302 10270 20256 86970 333 10285 56590 60082=
291200 48074 22458 80000 10280 20268 40087 83930 333 10320 56490 59007 60052=
291200 48075 22456 52201 10270 20230 40078 83840 333 10275 56590 59021 69902=
291200 48077 22556 72302 10290 20248 40080 85931 333 10304 56999 59005 60022=
291200 48078 21559 61802 10262 20238 40093 70255 83332 333 10310 56699 59007 60012=
291200 48080 22456 62202 10285 20259 40092 84870 333 10300 56590 58001 60122=
291200 48085 21456 81401 10256 20246 40096 70265 86970 333 10292 56690 58007 60212=
291200 48087 21450 80000 10246 20246 75055 8497/ 333 10310 5649/ 60342=
291200 48092 21456 82702 10240 20235 40085 76066 8597/ 333 10315 5669/ 58002 60112=
291200 48093 21430 81401 10270 20256 70255 8697/ 333 10315 56999 69902=
291200 48094 21456 80000 10252 20252 40097 76166 8592/ 333 10324 56599 58004 60232=
291200 48095 21450 80000 10265 20265 76055 8597/ 333 10300 5699/ 60132=
291200 48097 21557 71801 10280 20268 40110 70252 85350 333 10315 56690 58007 60012=
291200 48099 21440 61802 10283 20233 40099 70252 84970 333 10302 56590 58000 69902=
291200 48101 21450 80000 10279 20268 75355 8597/ 333 10318 5659/ 60012=
291200 48107 32330 72301 10267 20240 40106 84970 333 10295 56550 58001 60002=  
291200 48108 22596 72302 10272 20236 40119 84376 333 10306 56599 59006 60012=
291200 48109 21496 82302 10266 20256 40108 75099 8697/ 333 10310 5699/ 58011 60122=
291200 48110 22596 81802 10275 20229 40112 82357 333 10305 56599 59008 69902=
291200 48112 32597 83205 10290 20248 40126 70322 83876 333 10327 56799 59004 60002=
