29-MAR-2015 06 48004 3 1 5 56 2 04 01 10 306 20 189 3 0000 4 0000 5 0000 6 000 0 7 05 1 1 8 2 8 0 0 333 10 /// 58 000 6 000 0 7 0000 
29-MAR-2015 06 48008 3 1 5 56 5 04 01 10 308 20 146 3 0000 4 0132 5 0000 6 000 0 7 05 4 4 8 2 4 3 0 333 10 /// 59 013 6 000 0 7 0000 
29-MAR-2015 06 48010 3 1 0 60 0 18 02 10 300 20 207 3 0000 4 0123 5 0000 6 000 0 7 10 4 4 8 0 0 0 0 333 10 /// 59 014 6 000 0 7 0000 
29-MAR-2015 06 48018 3 1 9 58 9 14 02 10 283 20 184 3 0000 4 0127 5 0000 6 000 0 7 05 0 0 8 0 0 0 0 333 10 /// 59 016 6 000 0 7 0000 
29-MAR-2015 06 48019 3 1 9 58 0 23 02 10 287 20 203 3 0000 4 0129 5 0000 6 000 0 7 05 0 0 8 0 0 0 0 333 10 /// 59 005 6 000 0 7 0000 
29-MAR-2015 06 48020 3 1 9 58 0 36 02 10 320 20 215 3 0000 4 0000 5 0000 6 000 0 7 05 0 0 8 0 0 0 0 333 10 /// 58 000 6 000 0 7 0000 
29-MAR-2015 06 48025 3 1 4 40 4 04 01 10 300 20 185 3 0000 4 0137 5 0000 6 000 0 7 04 4 4 8 2 5 4 0 333 10 /// 59 004 6 000 0 7 0000 
29-MAR-2015 06 48030 3 2 2 56 6 22 02 10 219 20 065 3 0000 4 0000 5 0000 6 000 0 7 00 0 0 8 2 8 0 0 333 10 /// 58 000 6 000 0 7 0000 
29-MAR-2015 06 48031 3 1 2 59 8 22 01 10 238 20 074 3 0000 4 0000 5 0000 6 000 0 7 05 4 4 8 2 2 0 0 333 10 /// 58 000 6 000 0 7 0000 
29-MAR-2015 06 48033 3 2 5 63 3 36 01 10 300 20 223 3 0000 4 0121 5 0000 6 000 0 7 00 0 0 8 3 5 0 0 333 10 /// 59 008 6 000 0 7 0000 
29-MAR-2015 06 48034 3 1 4 57 4 04 02 10 265 20 126 3 0000 4 0000 5 0000 6 000 0 7 05 1 1 8 2 8 0 0 333 10 /// 58 000 6 000 0 7 0000 
29-MAR-2015 06 48035 3 1 5 56 4 22 02 10 277 20 146 3 0000 4 0104 5 0000 6 000 0 7 05 2 2 8 3 8 6 0 333 10 /// 58 001 6 000 0 7 0000 
29-MAR-2015 06 48037 3 2 5 57 5 36 02 10 319 20 184 3 0000 4 0113 5 0000 6 000 0 7 00 0 0 8 3 8 1 0 333 10 /// 58 011 6 000 0 7 0000 
29-MAR-2015 06 48039 3 2 8 56 4 14 01 10 310 20 203 3 0000 4 0000 5 0000 6 000 0 7 00 0 0 8 0 0 0 2 333 10 /// 58 000 6 000 0 7 0000 
29-MAR-2015 06 48042 3 1 5 56 3 27 01 10 330 20 212 3 0000 4 0118 5 0000 6 000 0 7 05 1 1 8 2 1 5 0 333 10 /// 59 001 6 000 0 7 0000 
29-MAR-2015 06 48043 3 2 7 57 5 32 06 10 270 20 154 3 0000 4 0000 5 0000 6 000 0 7 00 0 0 8 5 8 0 0 333 10 /// 58 000 6 000 0 7 0000 
29-MAR-2015 06 48045 3 2 5 60 3 14 03 10 248 20 126 3 0000 4 0000 5 0000 6 000 0 7 00 0 0 8 3 8 0 0 333 10 /// 58 000 6 000 0 7 0000 
29-MAR-2015 06 48048 3 1 5 60 2 36 01 10 354 20 158 3 0000 4 0126 5 0000 6 000 0 7 10 4 4 8 2 8 0 0 333 10 /// 59 009 6 000 0 7 0000 
29-MAR-2015 06 48051 3 2 5 59 3 27 02 10 330 20 190 3 0000 4 0000 5 0000 6 000 0 7 00 0 0 8 3 6 0 0 333 10 /// 58 000 6 000 0 7 0000 
29-MAR-2015 06 48052 3 2 4 70 4 04 06 10 342 20 184 3 0000 4 0000 5 0000 6 000 0 7 00 0 0 8 4 8 0 0 333 10 /// 58 000 6 000 0 7 0000 
29-MAR-2015 06 48053 3 1 9 50 2 22 01 10 340 20 225 3 0000 4 0109 5 0000 6 000 0 7 05 1 1 8 0 0 0 6 333 10 /// 59 018 6 000 0 7 0000 
29-MAR-2015 06 48055 3 1 5 56 5 04 02 10 285 20 152 3 0000 4 0091 5 0000 6 000 0 7 05 1 1 8 3 8 0 1 333 10 /// 59 016 6 000 0 7 0000 
29-MAR-2015 06 48057 3 2 4 58 4 14 02 10 270 20 133 3 0000 4 0000 5 0000 6 000 0 7 00 0 0 8 2 8 0 6 333 10 /// 58 000 6 000 0 7 0000 
29-MAR-2015 06 48060 3 2 4 40 5 00 00 10 270 20 191 3 0000 4 0103 5 0000 6 000 0 7 00 0 0 8 3 8 3 0 333 10 /// 59 030 6 000 0 7 0000 
29-MAR-2015 06 48062 3 2 5 57 4 27 06 10 315 20 280 3 0000 4 0128 5 0000 6 000 0 7 00 0 0 8 3 8 3 0 333 10 /// 59 020 6 000 0 7 0000 
29-MAR-2015 06 48064 3 2 5 70 5 14 01 10 374 20 246 3 0000 4 0106 5 0000 6 000 0 7 00 0 0 8 1 1 3 1 333 10 /// 59 008 6 000 0 7 0000 
29-MAR-2015 06 48065 3 2 4 70 4 00 00 10 355 20 195 3 0000 4 0000 5 0000 6 000 0 7 00 0 0 8 1 1 3 1 333 10 /// 58 000 6 000 0 7 0000 
29-MAR-2015 06 48071 3 2 9 60 0 32 03 10 305 20 254 3 0000 4 0136 5 0000 6 000 0 7 00 0 0 8 0 0 0 0 333 10 /// 59 010 6 000 0 7 0000 
29-MAR-2015 06 48072 3 2 9 60 0 04 05 10 330 20 258 3 0000 4 0000 5 0000 6 000 0 7 00 0 0 8 0 0 0 0 333 10 /// 58 000 6 000 0 7 0000 
29-MAR-2015 06 48074 3 2 5 61 3 14 03 10 355 20 195 3 0000 4 0114 5 0000 6 000 0 7 00 0 0 8 1 1 0 1 333 10 /// 59 018 6 000 0 7 0000 
29-MAR-2015 06 48075 3 2 5 58 4 14 01 10 310 20 170 3 0000 4 0097 5 0000 6 000 0 7 00 0 0 8 4 3 0 0 333 10 /// 59 041 6 000 0 7 0000 
29-MAR-2015 06 48077 3 2 5 59 4 23 01 10 370 20 148 3 0000 4 0107 5 0000 6 000 0 7 00 0 0 8 2 2 0 1 333 10 /// 59 006 6 000 0 7 0000 
29-MAR-2015 06 48078 3 2 5 58 2 18 02 10 359 20 186 3 0000 4 0117 5 0000 6 000 0 7 00 0 0 8 1 2 0 1 333 10 /// 59 012 6 000 0 7 0000 
29-MAR-2015 06 48080 3 1 4 59 2 32 03 10 355 20 235 3 0000 4 0120 5 0000 6 000 0 7 05 1 1 8 1 1 3 0 333 10 /// 59 016 6 000 0 7 0000 
29-MAR-2015 06 48085 3 2 4 58 1 32 06 10 320 20 236 3 0000 4 0119 5 0000 6 000 0 7 00 0 0 8 1 2 0 0 333 10 /// 59 015 6 000 0 7 0000 
29-MAR-2015 06 48087 3 2 9 60 0 04 03 10 356 20 195 3 0000 4 0000 5 0000 6 000 0 7 00 0 0 8 0 0 0 0 333 10 /// 58 000 6 000 0 7 0000 
29-MAR-2015 06 48092 3 2 4 57 1 06 02 10 360 20 249 3 0000 4 0093 5 0000 6 000 0 7 00 0 0 8 1 1 0 0 333 10 /// 59 020 6 000 0 7 0000 
29-MAR-2015 06 48093 3 2 6 58 3 23 01 10 352 20 237 3 0000 4 0000 5 0000 6 000 0 7 00 0 0 8 3 8 0 0 333 10 /// 58 000 6 000 0 7 0000 
29-MAR-2015 06 48094 3 2 9 60 0 32 03 10 350 20 200 3 0000 4 0116 5 0000 6 000 0 7 00 0 0 8 0 0 0 0 333 10 /// 59 013 6 000 0 7 0000 
29-MAR-2015 06 48095 3 2 9 60 0 04 02 10 350 20 202 3 0000 4 0000 5 0000 6 000 0 7 00 0 0 8 0 0 0 0 333 10 /// 58 000 6 000 0 7 0000 
29-MAR-2015 06 48097 3 2 5 57 2 04 01 10 360 20 195 3 0000 4 0131 5 0000 6 000 0 7 02 1 1 8 2 8 0 0 333 10 /// 59 002 6 000 0 7 0000 
29-MAR-2015 06 48099 3 2 5 57 3 23 03 10 350 20 237 3 0000 4 0112 5 0000 6 000 0 7 00 0 0 8 3 8 0 0 333 10 /// 59 016 6 000 0 7 0000 
29-MAR-2015 06 48101 3 2 9 60 0 32 02 10 340 20 219 3 0000 4 0000 5 0000 6 000 0 7 00 0 0 8 0 0 0 0 333 10 /// 58 000 6 000 0 7 0000 
29-MAR-2015 06 48103 3 2 4 57 4 13 01 10 345 20 237 3 0000 4 0119 5 0000 6 000 0 7 00 0 0 8 4 8 0 0 333 10 /// 59 012 6 000 0 7 0000 
29-MAR-2015 06 48107 3 2 3 50 4 23 01 10 350 20 219 3 0000 4 0108 5 0000 6 000 0 7 00 0 0 8 4 9 0 0 333 10 /// 59 005 6 000 0 7 0000 
29-MAR-2015 06 48108 3 2 5 96 6 05 06 10 345 20 229 3 0000 4 0126 5 0000 6 000 0 7 00 0 0 8 3 8 5 6 333 10 /// 58 002 6 000 0 7 0000 
29-MAR-2015 06 48109 3 2 4 97 1 04 01 10 342 20 270 3 0000 4 0135 5 0000 6 000 0 7 00 0 0 8 1 5 0 0 333 10 /// 59 012 6 000 0 7 0000 
29-MAR-2015 06 48110 3 1 5 96 4 32 04 10 335 20 257 3 0000 4 0121 5 0000 6 000 0 7 05 2 2 8 2 3 0 6 333 10 /// 59 002 6 000 0 7 0000 
29-MAR-2015 06 48112 3 2 5 97 8 32 02 10 340 20 257 3 0000 4 0112 5 0000 6 000 0 7 00 0 0 8 4 8 7 6 333 10 /// 59 008 6 000 0 7 0000 
