290600 48001 31440 81401 10270 20240 40077 70322 8477/ 333 56879 58014=
290600 48004 32240 70402 10311 20225 87900 333 56500=
290600 48008 32558 31401 10322 20248 40061 82830 333 56560 58008=
290600 48010 32560 60401 10335 20257 40051 83830 333 56660 58007=
290600 48018 32560 41402 10340 20240 40065 70322 82862 333 56564 58018=
290600 48019 32460 22701 10347 20240 40056 82200 333 56700 58006=
290600 48020 32358 30402 10345 20266 83200 333 56500=
290600 48025 32456 31401 10362 20235 40058 83800 333 56600 58015=
290600 48030 31256 52202 10250 20167 70544 84840 333 56560=
290600 48031 31260 60401 10280 20158 70544 86800 333 56400=
290600 48033 32563 31801 10350 20240 40049 83800 333 56400 58002=
290600 48034 32457 42302 10285 20209 84800 333 56500=
290600 48035 32559 62203 10312 20203 40039 84960 333 56590 59004=
290600 48037 32560 21801 10350 20266 40061 82100 333 56600 58018=
290600 48039 32460 22201 10349 20240 82100 333 56300=
290600 48042 32557 21302 10357 20249 40048 82200 333 56400 58005=
290600 48043 32658 31805 10285 20230 83200 333 56500=
290600 48045 32558 30403 10290 20179 83300 333 56500=
290600 48048 32560 42201 10390 20233 40049 84800 333 56400 58003=
290600 48051 32559 41301 10364 20240 70222 84900 333 56500=
290600 48052 32450 22202 10394 20213 82200 333 56900=
290600 48053 32456 31802 10350 20237 40058 83800 333 56500 58003=
290600 48055 32656 41304 10305 20223 40035 70144 84300 333 56500 58003=
290600 48057 32460 31803 10280 20184 83300 333 56500=
290600 48060 32450 30000 10335 20209 40024 70322 83800 333 56500 59006=
290600 48062 32558 42304 10330 20290 40074 70122 83930 333 56590 58001=
290600 48064 32970 10401 10374 20291 40039 80001 333 56009 58009=
290600 48065 32970 11402 10380 20240 80030 333 56090=
290600 48071 32460 42304 10340 20270 40081 84900 333 56900 58008=
290600 48072 31460 81304 10340 20288 70255 84930 333 56590=
290600 48074 32560 31403 10340 20240 40073 82101 333 56409 59005=
290600 48075 32457 51402 10310 20230 40042 70222 83860 333 56560 59011=
290600 48077 32559 62301 10340 20270 40074 85901 333 56409 58016=
290600 48078 32560 51802 10340 20248 40079 84801 333 56409 58007=
290600 48080 32460 53209 10340 20270 40077 83870 333 56590 59003=
290600 48085 31457 83205 10302 20239 40078 70395 86970 333 56990 58001=
290600 48087 32558 52302 10320 20248 84840 333 56990=
290600 48092 31456 71302 10295 20270 40064 70522 85970 333 56990 58011=
290600 48093 32658 52301 10320 20265 70122 85300 333 56500=
290600 48094 32459 63201 10328 20260 40079 85940 333 56690 58007=
290600 48095 32558 60000 10300 20282 70111 83970 333 56990=
290600 48097 32557 60401 10320 20265 40088 86800 333 56900 59009=
290600 48099 32457 63201 10330 20244 40081 84930 333 56790 58004=
290600 48101 32560 60000 10313 20267 70322 82231 333 56599=
290600 48103 32456 62201 10309 20254 40082 84770 333 56550 58005=
290600 48107 32350 22302 10324 20248 40082 82900 333 56500 58002=
290600 48108 21495 82303 10280 20250 40100 79595 8497/ 333 5669/ 58013=
290600 48110 21496 72304 10315 20266 40097 75155 83306 333 56509 58004=
290600 48112 32598 61401 10321 20281 40101 70122 82216 333 56399 59001=  
