48001 32450 50000 10226 20214 40164 84801 333 56509 58005=
48004 32562 40401 10262 20179 84900 333 56500=
48008 32558 53201 10282 20184 40159 81131 333 56456 58014=
48010 32560 30000 10290 20196 40158 82801 333 56905 58010=
48018 32560 40401 10310 20189 40153 82845 333 56311 58005=
48019 32560 10401 10293 20179 40151 80001 333 56004 58004=
48020 32462 41302 10280 20220 82202 333 56409=
48025 32458 60401 10274 20191 40158 83841 333 56559 58002=
48035 32560 21803 10283 20158 40111 83800 333 56900 59003=
48037 32560 33601 10310 20203 40137 82101 333 56404 59002=
48042 32559 20000 10315 20209 40130 81202 333 56809 58007=
48045 31356 62203 10208 20175 70144 86800 333 56500=
48048 32560 40401 10325 20215 40140 84800 333 56800 58009=
48051 32560 33601 10330 20230 83200 333 56500=
48053 32456 43603 10330 20191 40132 84800 333 56500 58006=
48060 32440 62201 10237 20191 40161 83870 333 56560 58024=
48062 32457 22703 10320 20280 40138 82200 333 56600 58004=
48071 32960 03204 10303 20239 40138 333 58009=
48075 32558 31401 10280 20184 40128 83200 333 56500 59027=
48077 32959 00000 10336 20225 40128 333 58013=
48078 32560 33601 10333 20223 40133 82201 333 56909 58006=
48080 32460 32205 10330 20244 40127 83200 333 56500 58002=
48085 32458 23203 10332 20258 40126 81106 333 56209 58007=
48095 32460 10401 10320 20248 81200 333 56900=
48108 32596 30504 10349 20237 40117 82806 333 56309 58013=
48109 NIL=
48110 31596 63204 10340 20240 40112 70522 82306 333 56209 58005=
48112 21597 80407 10290 20259 40111 72052 84876 333 56199 58017=
48030 32360 62202 10200 20109 84802 333 56509=
48072 32460 13202 10315 20248 81200 333 56900=
48087 32960 00000 10340 20240 333=
48099 32558 22702 10346 20237 40117 82800 333 56900 58001=
48101 32960 40901 10346 20237 80005 333 56009=
48103 32457 10404 10353 20202 40118 81500 333 56100 58005=
48057 32458 42302 10250 20126 83340 333 56690=
48094 32460 33203 10340 20240 40125 83900 333 56100 58007=
48097 32557 60502 10345 20212 40136 85810 333 56990 58007=
48031 32260 51801 10210 20160 85800 333 56400=
48033 32563 23601 10310 20225 40151 82500 333 56900 58019=
48034 32457 31802 10248 20150 83800 333 56500=
48039 32460 23201 10323 20200 81101 333 56505=
48043 32556 53205 10250 20205 85200 333 56600=
48052 32458 20000 10358 20235 82200 333 56900=
48055 32557 40906 10267 20176 40122 83830 333 56550 58002=
48064 32960 01401 10298 20223 40133 333 58020=
48065 32958 03201 10332 20212 333=
48074 32459 21403 10340 20225 40125 81101 333 56909 59008=
48092 32559 21502 10340 20225 40107 81130 333 56990 58008=
48093 32958 00401 10340 20288 333=
48107 32950 00401 10348 20237 40102 333 59002=
48096 32559 23606 10340 20225 40129 82100 333 56900 58009=  