29-OCT-2015 09 48001 3 2 4 40 7 00 00 10 270 20 256 3 0000 4 0130 5 0000 6 000 0 7 00 0 0 8 4 8 5 0 333 10 /// 58 006 6 000 0 7 0000 
29-OCT-2015 09 48004 3 2 3 58 6 04 01 10 290 20 215 3 0000 4 0000 5 0000 6 000 0 7 00 0 0 8 6 9 0 0 333 10 /// 58 000 6 000 0 7 0000 
29-OCT-2015 09 48008 3 2 5 57 6 00 00 10 290 20 215 3 0000 4 0137 5 0000 6 000 0 7 00 0 0 8 3 9 7 0 333 10 /// 58 010 6 000 0 7 0000 
29-OCT-2015 09 48010 3 2 5 60 6 00 00 10 300 20 239 3 0000 4 0139 5 0000 6 000 0 7 00 0 0 8 4 8 3 1 333 10 /// 58 021 6 000 0 7 0000 
29-OCT-2015 09 48018 3 2 5 60 7 22 01 10 315 20 225 3 0000 4 0132 5 0000 6 000 0 7 00 0 0 8 3 8 7 4 333 10 /// 58 001 6 000 0 7 0000 
29-OCT-2015 09 48019 3 2 9 60 3 04 02 10 315 20 292 3 0000 4 0127 5 0000 6 000 0 7 00 0 0 8 0 0 0 6 333 10 /// 58 014 6 000 0 7 0000 
29-OCT-2015 09 48020 3 2 4 62 6 32 04 10 310 20 267 3 0000 4 0000 5 0000 6 000 0 7 00 0 0 8 4 8 3 0 333 10 /// 58 000 6 000 0 7 0000 
29-OCT-2015 09 48025 3 2 4 56 7 04 01 10 306 20 237 3 0000 4 0131 5 0000 6 000 0 7 00 0 0 8 4 8 4 0 333 10 /// 58 006 6 000 0 7 0000 
29-OCT-2015 09 48030 3 2 2 56 6 04 02 10 209 20 160 3 0000 4 0000 5 0000 6 000 0 7 00 0 0 8 4 9 4 0 333 10 /// 58 000 6 000 0 7 0000 
29-OCT-2015 09 48031 3 2 3 60 6 22 01 10 220 20 156 3 0000 4 0000 5 0000 6 000 0 7 00 0 0 8 5 8 4 0 333 10 /// 58 000 6 000 0 7 0000 
29-OCT-2015 09 48033 3 2 5 63 3 36 01 10 320 20 215 3 0000 4 0117 5 0000 6 000 0 7 00 0 0 8 1 5 3 0 333 10 /// 59 010 6 000 0 7 0000 
29-OCT-2015 09 48034 3 2 4 56 6 04 03 10 248 20 150 3 0000 4 0000 5 0000 6 000 0 7 00 0 0 8 5 8 3 0 333 10 /// 58 000 6 000 0 7 0000 
29-OCT-2015 09 48035 3 2 5 60 2 32 02 10 297 20 149 3 0000 4 0099 5 0000 6 000 0 7 00 0 0 8 2 8 0 0 333 10 /// 59 001 6 000 0 7 0000 
29-OCT-2015 09 48039 3 2 4 60 7 22 01 10 330 20 213 3 0000 4 0000 5 0000 6 000 0 7 00 0 0 8 3 8 5 0 333 10 /// 58 000 6 000 0 7 0000 
29-OCT-2015 09 48042 3 2 5 59 6 27 01 10 336 20 225 3 0000 4 0109 5 0000 6 000 0 7 00 0 0 8 3 9 5 0 333 10 /// 58 000 6 000 0 7 0000 
29-OCT-2015 09 48043 2 2 6 57 6 00 00 10 245 20 219 3 0000 4 0000 5 0000 6 000 0 7 00 0 0 8 4 3 3 0 333 10 /// 58 000 6 000 0 7 0000 
29-OCT-2015 09 48045 3 2 4 56 7 04 04 10 228 20 181 3 0000 4 0000 5 0000 6 000 0 7 00 0 0 8 5 8 7 0 333 10 /// 58 000 6 000 0 7 0000 
29-OCT-2015 09 48048 3 2 5 60 7 22 01 10 320 20 236 3 0000 4 0123 5 0000 6 000 0 7 00 0 0 8 5 9 5 0 333 10 /// 58 006 6 000 0 7 0000 
29-OCT-2015 09 48051 3 2 5 59 7 13 03 10 300 20 250 3 0000 4 0000 5 0000 6 000 0 7 02 2 2 8 5 9 3 0 333 10 /// 58 000 6 000 0 7 0000 
29-OCT-2015 09 48052 3 2 4 56 6 00 00 10 355 20 239 3 0000 4 0000 5 0000 6 000 0 7 00 0 0 8 5 9 2 0 333 10 /// 58 000 6 000 0 7 0000 
29-OCT-2015 09 48053 3 2 5 56 5 36 02 10 340 20 184 3 0000 4 0114 5 0000 6 000 0 7 00 0 0 8 2 8 5 6 333 10 /// 58 006 6 000 0 7 0000 
29-OCT-2015 09 48055 2 1 4 56 7 00 00 10 203 20 198 3 0000 4 0136 5 0000 6 000 0 7 17 9 6 8 5 9 7 0 333 10 /// 58 028 6 000 0 7 0000 
29-OCT-2015 09 48057 3 1 4 58 7 14 01 10 210 20 175 3 0000 4 0000 5 0000 6 000 0 7 50 9 5 8 5 9 5 0 333 10 /// 58 000 6 000 0 7 0000 
29-OCT-2015 09 48060 3 2 4 40 6 00 00 10 290 20 196 3 0000 4 0086 5 0000 6 000 0 7 00 0 0 8 4 3 0 2 333 10 /// 59 003 6 000 0 7 0000 
29-OCT-2015 09 48062 3 2 4 56 8 13 01 10 290 20 270 3 0000 4 0126 5 0000 6 000 0 7 02 2 2 8 6 9 7 0 333 10 /// 58 013 6 000 0 7 0000 
29-OCT-2015 09 48064 3 2 5 57 8 14 01 10 303 20 253 3 0000 4 0100 5 0000 6 000 0 7 00 0 0 8 4 8 7 0 333 10 /// 58 012 6 000 0 7 0000 
29-OCT-2015 09 48065 3 2 5 57 8 03 01 10 310 20 237 3 0000 4 0000 5 0000 6 000 0 7 00 0 0 8 5 8 7 0 333 10 /// 58 000 6 000 0 7 0000 
29-OCT-2015 09 48071 2 1 4 58 8 23 01 10 265 20 256 3 0000 4 0129 5 0000 6 000 0 7 21 6 2 8 6 9 7 / 333 10 /// 58 015 6 000 0 7 0000 
29-OCT-2015 09 48072 2 1 4 58 8 27 04 10 280 20 268 3 0000 4 0000 5 0000 6 000 0 7 50 9 5 8 6 9 7 0 333 10 /// 58 000 6 000 0 7 0000 
29-OCT-2015 09 48074 3 2 4 61 6 04 03 10 330 20 244 3 0000 4 0114 5 0000 6 000 0 7 00 0 0 8 3 3 4 1 333 10 /// 58 007 6 000 0 7 0000 
29-OCT-2015 09 48075 3 1 4 57 6 00 00 10 280 20 220 3 0000 4 0116 5 0000 6 000 0 7 17 9 9 8 4 9 7 0 333 10 /// 59 001 6 000 0 7 0000 
29-OCT-2015 09 48077 3 2 5 59 8 00 00 10 310 20 237 3 0000 4 0114 5 0000 6 000 0 7 00 0 0 8 5 9 3 1 333 10 /// 58 012 6 000 0 7 0000 
29-OCT-2015 09 48078 3 2 5 60 6 32 01 10 324 20 262 3 0000 4 0116 5 0000 6 000 0 7 00 0 0 8 3 9 3 3 333 10 /// 58 005 6 000 0 7 0000 
29-OCT-2015 09 48080 3 2 4 60 7 32 03 10 302 20 239 3 0000 4 0119 5 0000 6 000 0 7 00 0 0 8 5 8 7 0 333 10 /// 58 011 6 000 0 7 0000 
29-OCT-2015 09 48085 3 2 4 57 5 32 05 10 322 20 265 3 0000 4 0106 5 0000 6 000 0 7 00 0 0 8 4 3 0 6 333 10 /// 59 001 6 000 0 7 0000 
29-OCT-2015 09 48092 3 2 4 58 5 36 02 10 330 20 258 3 0000 4 0083 5 0000 6 000 0 7 00 0 0 8 5 3 0 0 333 10 /// 58 000 6 000 0 7 0000 
29-OCT-2015 09 48093 3 2 5 57 5 32 02 10 342 20 270 3 0000 4 0000 5 0000 6 000 0 7 00 0 0 8 5 8 0 0 333 10 /// 58 000 6 000 0 7 0000 
29-OCT-2015 09 48094 2 1 4 58 8 04 02 10 330 20 270 3 0000 4 0106 5 0000 6 000 0 7 95 9 6 8 5 9 7 / 333 10 /// 58 000 6 000 0 7 0000 
29-OCT-2015 09 48095 3 2 5 60 3 04 01 10 325 20 265 3 0000 4 0000 5 0000 6 000 0 7 01 2 2 8 2 2 0 2 333 10 /// 58 000 6 000 0 7 0000 
29-OCT-2015 09 48096 3 2 4 58 5 03 04 10 330 20 244 3 0000 4 0104 5 0000 6 000 0 7 02 2 2 8 3 3 3 0 333 10 /// 59 002 6 000 0 7 0000 
29-OCT-2015 09 48097 3 2 5 57 5 17 01 10 330 20 234 3 0000 4 0107 5 0000 6 000 0 7 00 0 0 8 4 8 0 1 333 10 /// 58 000 6 000 0 7 0000 
29-OCT-2015 09 48099 3 2 5 58 4 27 02 10 356 20 249 3 0000 4 0096 5 0000 6 000 0 7 00 0 0 8 4 8 0 0 333 10 /// 59 003 6 000 0 7 0000 
29-OCT-2015 09 48101 3 2 6 60 5 09 01 10 328 20 275 3 0000 4 0000 5 0000 6 000 0 7 01 2 2 8 3 3 3 1 333 10 /// 58 000 6 000 0 7 0000 
29-OCT-2015 09 48103 3 2 4 57 3 22 01 10 348 20 237 3 0000 4 0098 5 0000 6 000 0 7 02 1 1 8 3 8 0 0 333 10 /// 58 004 6 000 0 7 0000 
29-OCT-2015 09 48107 3 1 3 50 6 23 02 10 284 20 233 3 0000 4 0104 5 0000 6 000 0 7 17 9 9 8 4 3 7 0 333 10 /// 58 008 6 000 0 7 0000 
29-OCT-2015 09 48108 2 1 4 94 8 32 08 10 290 20 248 3 0000 4 0119 5 0000 6 000 0 7 95 9 5 8 4 9 7 7 333 10 /// 58 023 6 000 0 7 0000 
29-OCT-2015 09 48109 3 2 4 97 2 09 01 10 334 20 291 3 0000 4 0115 5 0000 6 000 0 7 01 2 2 8 2 8 0 0 333 10 /// 58 002 6 000 0 7 0000 
29-OCT-2015 09 48110 3 1 5 96 7 32 02 10 340 20 257 3 0000 4 0099 5 0000 6 000 0 7 05 2 2 8 3 3 0 6 333 10 /// 59 006 6 000 0 7 0000 
