29-OCT-2015 06 48001 3 2 4 40 8 04 01 10 245 20 209 3 0000 4 0155 5 0000 6 000 0 7 00 0 0 8 4 8 6 / 333 10 /// 58 003 6 000 0 7 0000 
29-OCT-2015 06 48004 3 2 5 62 5 04 01 10 285 20 196 3 0000 4 0000 5 0000 6 000 0 7 00 0 0 8 5 9 0 0 333 10 /// 58 000 6 000 0 7 0000 
29-OCT-2015 06 48008 3 2 5 57 6 04 01 10 280 20 184 3 0000 4 0161 5 0000 6 000 0 7 00 0 0 8 3 9 7 0 333 10 /// 58 006 6 000 0 7 0000 
29-OCT-2015 06 48010 3 2 5 60 6 00 00 10 280 20 220 3 0000 4 0161 5 0000 6 000 0 7 00 0 0 8 3 8 3 1 333 10 /// 58 014 6 000 0 7 0000 
29-OCT-2015 06 48018 3 2 5 60 6 14 02 10 285 20 220 3 0000 4 0167 5 0000 6 000 0 7 00 0 0 8 2 8 6 4 333 10 /// 58 003 6 000 0 7 0000 
29-OCT-2015 06 48019 3 2 5 60 5 04 02 10 296 20 116 3 0000 4 0158 5 0000 6 000 0 7 00 0 0 8 0 0 3 6 333 10 /// 58 008 6 000 0 7 0000 
29-OCT-2015 06 48020 3 2 4 60 6 36 02 10 300 20 253 3 0000 4 0000 5 0000 6 000 0 7 00 0 0 8 4 3 3 0 333 10 /// 58 000 6 000 0 7 0000 
29-OCT-2015 06 48025 3 2 4 58 6 36 01 10 300 20 223 3 0000 4 0165 5 0000 6 000 0 7 00 0 0 8 3 8 4 1 333 10 /// 59 001 6 000 0 7 0000 
29-OCT-2015 06 48030 3 2 2 56 6 04 02 10 188 20 175 3 0000 4 0000 5 0000 6 000 0 7 00 0 0 8 4 9 4 0 333 10 /// 58 000 6 000 0 7 0000 
29-OCT-2015 06 48031 3 2 2 60 4 14 01 10 240 20 155 3 0000 4 0000 5 0000 6 000 0 7 00 0 0 8 2 8 4 0 333 10 /// 58 000 6 000 0 7 0000 
29-OCT-2015 06 48033 3 2 9 60 1 36 01 10 310 20 225 3 0000 4 0141 5 0000 6 000 0 7 00 0 0 8 0 0 0 1 333 10 /// 59 003 6 000 0 7 0000 
29-OCT-2015 06 48034 3 2 4 57 4 04 02 10 290 20 159 3 0000 4 0000 5 0000 6 000 0 7 00 0 0 8 4 8 0 0 333 10 /// 58 000 6 000 0 7 0000 
29-OCT-2015 06 48035 3 2 5 60 2 27 02 10 281 20 158 3 0000 4 0128 5 0000 6 000 0 7 00 0 0 8 2 1 0 0 333 10 /// 59 002 6 000 0 7 0000 
29-OCT-2015 06 48037 3 2 4 60 3 04 01 10 319 20 236 3 0000 4 0145 5 0000 6 000 0 7 00 0 0 8 2 1 3 0 333 10 /// 58 003 6 000 0 7 0000 
29-OCT-2015 06 48039 3 2 4 60 5 14 01 10 310 20 237 3 0000 4 0000 5 0000 6 000 0 7 00 0 0 8 2 1 5 2 333 10 /// 58 000 6 000 0 7 0000 
29-OCT-2015 06 48042 3 2 5 57 4 23 02 10 336 20 240 3 0000 4 0131 5 0000 6 000 0 7 00 0 0 8 2 2 5 0 333 10 /// 59 002 6 000 0 7 0000 
29-OCT-2015 06 48043 3 2 6 57 6 00 00 10 240 20 209 3 0000 4 0000 5 0000 6 000 0 7 00 0 0 8 4 3 3 0 333 10 /// 58 000 6 000 0 7 0000 
29-OCT-2015 06 48045 3 2 5 57 4 22 03 10 233 20 181 3 0000 4 0000 5 0000 6 000 0 7 00 0 0 8 4 8 0 0 333 10 /// 58 000 6 000 0 7 0000 
29-OCT-2015 06 48048 3 2 5 60 6 22 01 10 315 20 236 3 0000 4 0150 5 0000 6 000 0 7 00 0 0 8 4 8 5 0 333 10 /// 58 005 6 000 0 7 0000 
29-OCT-2015 06 48051 3 2 5 60 7 36 02 10 316 20 250 3 0000 4 0000 5 0000 6 000 0 7 03 2 2 8 4 8 3 0 333 10 /// 58 000 6 000 0 7 0000 
29-OCT-2015 06 48052 3 2 4 58 4 36 01 10 342 20 240 3 0000 4 0000 5 0000 6 000 0 7 00 0 0 8 4 8 0 0 333 10 /// 58 000 6 000 0 7 0000 
29-OCT-2015 06 48053 3 2 5 56 5 36 02 10 330 20 191 3 0000 4 0142 5 0000 6 000 0 7 00 0 0 8 2 8 5 0 333 10 /// 58 006 6 000 0 7 0000 
29-OCT-2015 06 48055 3 2 5 57 4 07 05 10 280 20 203 3 0000 4 0128 5 0000 6 000 0 7 00 0 0 8 4 3 0 0 333 10 /// 58 010 6 000 0 7 0000 
29-OCT-2015 06 48057 3 2 4 58 5 22 02 10 240 20 174 3 0000 4 0000 5 0000 6 000 0 7 00 0 0 8 4 3 3 0 333 10 /// 58 000 6 000 0 7 0000 
29-OCT-2015 06 48060 3 2 4 40 7 00 00 10 272 20 191 3 0000 4 0124 5 0000 6 000 0 7 00 0 0 8 5 8 3 0 333 10 /// 58 000 6 000 0 7 0000 
29-OCT-2015 06 48062 3 2 4 56 8 13 01 10 290 20 270 3 0000 4 0136 5 0000 6 000 0 7 02 2 2 8 6 9 7 0 333 10 /// 58 002 6 000 0 7 0000 
29-OCT-2015 06 48064 3 2 5 57 7 00 00 10 305 20 254 3 0000 4 0130 5 0000 6 000 0 7 00 0 0 8 3 8 7 0 333 10 /// 58 007 6 000 0 7 0000 
29-OCT-2015 06 48065 3 2 5 57 7 04 01 10 310 20 237 3 0000 4 0000 5 0000 6 000 0 7 00 0 0 8 4 5 7 0 333 10 /// 58 000 6 000 0 7 0000 
29-OCT-2015 06 48071 3 2 4 56 8 23 01 10 280 20 250 3 0000 4 0147 5 0000 6 000 0 7 00 0 0 8 6 9 7 / 333 10 /// 58 006 6 000 0 7 0000 
29-OCT-2015 06 48074 3 2 5 61 5 04 02 10 310 20 254 3 0000 4 0139 5 0000 6 000 0 7 00 0 0 8 2 8 5 9 333 10 /// 59 001 6 000 0 7 0000 
29-OCT-2015 06 48075 3 2 4 57 6 14 01 10 280 20 220 3 0000 4 0145 5 0000 6 000 0 7 03 2 2 8 4 8 6 0 333 10 /// 59 002 6 000 0 7 0000 
29-OCT-2015 06 48077 3 2 5 59 7 00 00 10 310 20 237 3 0000 4 0140 5 0000 6 000 0 7 00 0 0 8 5 9 3 0 333 10 /// 58 010 6 000 0 7 0000 
29-OCT-2015 06 48078 3 2 5 60 6 32 04 10 316 20 267 3 0000 4 0142 5 0000 6 000 0 7 00 0 0 8 3 8 3 1 333 10 /// 58 011 6 000 0 7 0000 
29-OCT-2015 06 48080 3 2 4 61 6 13 02 10 324 20 248 3 0000 4 0138 5 0000 6 000 0 7 00 0 0 8 4 8 7 0 333 10 /// 58 009 6 000 0 7 0000 
29-OCT-2015 06 48085 3 1 4 57 7 32 04 10 310 20 254 3 0000 4 0132 5 0000 6 000 0 7 17 9 9 8 3 9 7 9 333 10 /// 58 003 6 000 0 7 0000 
29-OCT-2015 06 48087 3 2 5 60 4 04 02 10 323 20 265 3 0000 4 0000 5 0000 6 000 0 7 00 0 0 8 1 1 4 1 333 10 /// 58 000 6 000 0 7 0000 
29-OCT-2015 06 48092 3 2 4 58 6 09 02 10 330 20 258 3 0000 4 0119 5 0000 6 000 0 7 00 0 0 8 3 8 3 0 333 10 /// 58 006 6 000 0 7 0000 
29-OCT-2015 06 48093 3 2 5 58 5 14 01 10 333 20 258 3 0000 4 0000 5 0000 6 000 0 7 00 0 0 8 5 8 0 0 333 10 /// 58 000 6 000 0 7 0000 
29-OCT-2015 06 48094 3 2 4 60 4 04 02 10 340 20 260 3 0000 4 0136 5 0000 6 000 0 7 00 0 0 8 4 9 0 0 333 10 /// 58 005 6 000 0 7 0000 
29-OCT-2015 06 48095 3 2 4 58 7 00 00 10 310 20 254 3 0000 4 0000 5 0000 6 000 0 7 02 2 2 8 4 8 2 0 333 10 /// 58 000 6 000 0 7 0000 
29-OCT-2015 06 48096 3 2 4 58 5 04 03 10 320 20 248 3 0000 4 0136 5 0000 6 000 0 7 02 2 2 8 3 8 4 0 333 10 /// 58 011 6 000 0 7 0000 
29-OCT-2015 06 48097 3 2 5 57 6 18 04 10 325 20 253 3 0000 4 0136 5 0000 6 000 0 7 00 0 0 8 2 8 4 0 333 10 /// 58 004 6 000 0 7 0000 
29-OCT-2015 06 48099 3 2 4 50 5 27 03 10 340 20 257 3 0000 4 0128 5 0000 6 000 0 7 00 0 0 8 4 9 0 1 333 10 /// 58 004 6 000 0 7 0000 
29-OCT-2015 06 48101 3 2 5 60 6 00 00 10 324 20 265 3 0000 4 0000 5 0000 6 000 0 7 01 2 2 8 4 3 3 1 333 10 /// 58 000 6 000 0 7 0000 
29-OCT-2015 06 48103 3 2 4 57 3 22 01 10 329 20 258 3 0000 4 0128 5 0000 6 000 0 7 02 1 1 8 3 8 0 0 333 10 /// 58 006 6 000 0 7 0000 
29-OCT-2015 06 48107 3 2 3 50 4 23 01 10 330 20 258 3 0000 4 0111 5 0000 6 000 0 7 00 0 0 8 4 9 0 0 333 10 /// 59 003 6 000 0 7 0000 
29-OCT-2015 06 48108 3 2 5 96 7 14 03 10 330 20 244 3 0000 4 0132 5 0000 6 000 0 7 00 0 0 8 4 3 6 6 333 10 /// 58 009 6 000 0 7 0000 
29-OCT-2015 06 48109 3 2 4 97 3 09 01 10 326 20 291 3 0000 4 0141 5 0000 6 000 0 7 02 2 2 8 3 9 0 0 333 10 /// 58 008 6 000 0 7 0000 
29-OCT-2015 06 48110 3 1 5 96 7 32 03 10 320 20 256 3 0000 4 0132 5 0000 6 000 0 7 05 2 2 8 3 3 0 6 333 10 /// 58 010 6 000 0 7 0000 
29-OCT-2015 06 48112 2 1 5 97 8 04 07 10 307 20 237 3 0000 4 0121 5 0000 6 000 0 7 01 5 2 8 3 8 7 6 333 10 /// 59 003 6 000 0 7 0000 
