290600 48001 32440 80401 10245 20209 40155 8486/ 333 56559 58003=
290600 48004 32562 50401 10285 20196 85900 333 56500=
290600 48008 32557 60401 10280 20184 40161 83970 333 56110 58006=
290600 48010 32560 60000 10280 20220 40161 83831 333 56555 58014=
290600 48018 32560 61402 10285 20220 40167 82864 333 56755 58003=
290600 48019 32560 50402 10296 20116 40158 80036 333 56066 58008=
290600 48020 32460 63602 10300 20253 84330 333 56590=
290600 48025 32458 63601 10300 20223 40165 83841 333 56669 59001=
290600 48030 32256 60402 10188 20175 84940 333 56180=
290600 48031 32260 41401 10240 20155 82840 333 56990=
290600 48033 32960 13601 10310 20225 40141 80001 333 56009 59003=
290600 48034 32457 40402 10290 20159 84800 333 56500=
290600 48035 32560 22702 10281 20158 40128 82100 333 56900 59002=
290600 48037 32460 30401 10319 20236 40145 82130 333 56220 58003=
290600 48039 32460 51401 10310 20237 82152 333 56555=
290600 48042 32557 42302 10336 20240 40131 82250 333 56960 59002=
290600 48043 32657 60000 10240 20209 84330 333 56690=
290600 48045 32557 42203 10233 20181 84800 333 56500=
290600 48048 32560 62201 10315 20236 40150 84850 333 56490 58005=
290600 48051 32560 73602 10316 20250 70322 84830 333 56490=
290600 48052 32458 43601 10342 20240 84800 333 56900=
290600 48053 32556 53602 10330 20191 40142 82850 333 56290 58006=
290600 48055 32557 40705 10280 20203 40128 84300 333 56500 58010=
290600 48057 32458 52202 10240 20174 84330 333 56590=
290600 48060 32440 70000 10272 20191 40124 85830 333 56390 58000=
290600 48062 32456 81301 10290 20270 40136 70222 86970 333 56990 58002=
290600 48064 32557 70000 10305 20254 40130 83870 333 56990 58007=
290600 48065 32557 70401 10310 20237 84570 333 56990=
290600 48071 32456 82301 10280 20250 40147 8697/ 333 5649/ 58006=
290600 48074 32561 50402 10310 20254 40139 82859 333 56299 59001=
290600 48075 32457 61401 10280 20220 40145 70322 84860 333 56500 59002=
290600 48077 32559 70000 10310 20237 40140 85930 333 56990 58010=
290600 48078 32560 63204 10316 20267 40142 83831 333 56449 58011=
290600 48080 32461 61302 10324 20248 40138 84870 333 56390 58009=
290600 48085 31457 73204 10310 20254 40132 71799 83979 333 56399 58003=
290600 48087 32560 40402 10323 20265 81141 333 56999=
290600 48092 32458 60902 10330 20258 40119 83830 333 56990 58006=
290600 48093 32558 51401 10333 20258 85800 333 56300=
290600 48094 32460 40402 10340 20260 40136 84900 333 56200 58005=
290600 48095 32458 70000 10310 20254 70222 84820 333 56990=
290600 48096 32458 50403 10320 20248 40136 70222 83840 333 56990 58011=  
290600 48097 32557 61804 10325 20253 40136 82840 333 56990 58004=
290600 48099 32450 52703 10340 20257 40128 84901 333 56509 58004=
290600 48101 32560 60000 10324 20265 70122 84331 333 56199=
290600 48103 32457 32201 10329 20258 40128 70211 83800 333 56500 58006=
290600 48107 32350 42301 10330 20258 40111 84900 333 56300 59003=
290600 48108 32596 71403 10330 20244 40132 84366 333 56299 58009=
290600 48109 32497 30901 10326 20291 40141 70222 83900 333 56900 58008=
290600 48110 31596 73203 10320 20256 40132 70522 83306 333 56309 58010=
290600 48112 21597 80407 10307 20237 40121 70152 83876 333 56199 59003=
