



*-*-*


<!--
.style2 {
	font-family:"Courier New", Courier, monospace;
	font-size: 14px;
}
-->






SMBM01 VBRR 290600

AAXX 29064

48001 32450 31301 10300 20239 40098 83800 333 56700

58021=

48004 32562 30401 10331 20244 83300 333 56500=

48008 32558 40000 10320 20265 40091 82930 333 56440

58007=

48010 32560 32201 10330 20258 40086 83100 333 56500

58011=

48018 32560 30401 10317 20265 40097 82810 333 56110

58017=

48019 32462 32302 10336 20257 40088 83200 333 56800

58014=

48020 32462 23205 10340 20270 82200 333 56800=

48025 31456 42701 10328 20258 40108 83340 333 56690

58019=

48035 32560 53202 10299 20223 40073 83960 333 56590

58016=

48037 32460 52301 10337 20270 40092 85800 333 56400

58018=

48042 32569 33601 10338 20257 40074 83800 333 56800

59006=

48045 32556 60905 10251 20205 86300 333 56200=

48048 32560 31801 10335 20257 40093 83800 333 56900

58011=

48051 32560 23602 10330 20260 70211 82200 333 56900=

48053 32556 51801 10320 20248 40081 84901 333 56509

58000=

48060 32456 30000 10320 20200 40061 82130 333 56560

58017=

48062 32497 40902 10325 20290 40090 70322 84900 333

56200 58001=

48071 NIL=

48075 NIL=

48077 NIL=

48078 NIL=

48080 NIL=

48085 NIL=

48095 NIL=

48108 NIL=

48109 NIL=

48110 NIL=

48112 NIL=

48030 32357 60404 10230 20181 84940 333 56180=

48072 NIL=

48087 NIL=

48099 NIL=

48101 NIL=

48103 NIL=

48057 32458 61801 10250 20219 86300 333 56300=

48094 NIL=

48097 NIL=

48031 32268 23601 10268 20191 82200 333 56900=

48033 32563 30000 10330 20275 40086 83800 333 56400

59005=

48034 32458 43602 10283 20193 84800 333 56500=

48039 32460 31401 10325 20248 83900 333 56500=

48043 32557 41801 10280 20220 84200 333 56300=

48052 32468 40000 10355 20278 84800 333 56900=

48055 32556 40404 10291 20230 40071 84300 333 56200

58009=

48064 32460 40401 10339 20288 40066 83801 333 56409

58014=

48065 NIL=

48074 NIL=

48092 NIL=

48093 NIL=

48107 NIL=

48096 NIL=  
SMBM01 VBRR 290600 RRA

AAXX 29064

48071 32460 13202 10330 20275 40085 81300 333 56900

58004=

48075 32457 53201 10262 20229 40113 83840 333 56390

58036=

48078 32560 62302 10301 20260 40098 85301 333 56609

58014=

48080 32462 42204 10323 20281 40081 83830 333 56390

58007=

48085 32458 61302 10319 20281 40082 85906 333 56209

58005=

48095 21458 81402 10310 20282 76066 84970 333 56990=

48108 32596 62301 10315 20266 40097 84306 333 56609

58008=

48109 32497 43201 10316 20265 40082 70222 84900 333

56900 59004=

48110 21495 82302 10320 20265 40101 70555 85357 333

56699 58006=

48112 32597 82205 10290 20259 40105 70222 83876 333

56599 58008=

48072 32460 10905 10320 20281 70122 81200 333 56900=

48087 32560 60000 10324 20265 84340 333 56390=

48099 32456 50402 10315 20265 40083 85800 333 56100

59004=

48101 21558 60901 10311 20281 70265 84330 333 56390=

48103 32457 60000 10315 20265 40084 86700 333 56550

58006=

48094 32459 61402 10332 20270 40083 86900 333 56300

59005=

48097 32557 42307 10320 20256 40102 84800 333 56900

58012=

48065 32557 42201 10345 20257 83830 333 56990=

48074 32461 31403 10320 20265 40097 83800 333 56100

58008=

48092 32558 61302 10328 20275 40066 83970 333 56330

59003=

48093 32558 51401 10321 20265 70122 85800 333 56300=

48107 32350 41301 10318 20265 40088 84900 333 56600

58007=

48096 32458 71309 10320 20248 40087 84840 333 56990

58000=  





