30-APR-2015 03 48001 2 1 4 40 7 07 01 10 220 20 205 3 0000 4 0124 5 0000 6 000 0 7 02 5 5 8 5 7 2 0 333 10 /// 58 004 6 000 0 7 0000 
30-APR-2015 03 48004 3 2 5 60 4 22 01 10 234 20 /19 3 0000 4 0000 5 0000 6 000 0 7 00 0 0 8 4 9 0 0 333 10 /// 58 000 6 000 0 7 0000 
30-APR-2015 03 48008 2 2 5 57 2 00 00 10 245 20 205 3 0000 4 0120 5 0000 6 000 0 7 00 0 0 8 2 4 0 0 333 10 /// 58 007 6 000 0 7 0000 
30-APR-2015 03 48010 3 1 5 57 7 36 01 10 230 20 214 3 0000 4 0117 5 0000 6 000 0 7 02 4 4 8 4 7 3 0 333 10 /// 58 015 6 000 0 7 0000 
30-APR-2015 03 48018 2 2 9 58 0 22 01 10 265 20 203 3 0000 4 0119 5 0000 6 000 0 7 00 0 0 8 0 0 0 0 333 10 /// 59 020 6 000 0 7 0000 
30-APR-2015 03 48019 2 2 9 60 0 04 02 10 265 20 203 3 0000 4 0108 5 0000 6 000 0 7 00 0 0 8 0 0 0 0 333 10 /// 58 013 6 000 0 7 0000 
30-APR-2015 03 48020 2 2 4 58 1 36 02 10 260 20 215 3 0000 4 0000 5 0000 6 000 0 7 00 0 0 8 1 1 0 0 333 10 /// 58 000 6 000 0 7 0000 
30-APR-2015 03 48025 3 2 4 30 1 34 01 10 370 20 191 3 0000 4 0119 5 0000 6 000 0 7 00 0 0 8 1 5 0 0 333 10 /// 58 007 6 000 0 7 0000 
30-APR-2015 03 48030 3 1 3 56 2 22 02 10 176 20 129 3 0000 4 0000 5 0000 6 000 0 7 01 4 4 8 2 8 0 0 333 10 /// 58 000 6 000 0 7 0000 
30-APR-2015 03 48033 2 2 9 60 0 27 01 10 285 20 230 3 0000 4 0091 5 0000 6 000 0 7 00 0 0 8 0 0 0 0 333 10 /// 59 006 6 000 0 7 0000 
30-APR-2015 03 48034 2 1 2 56 7 04 02 10 200 20 164 3 0000 4 0000 5 0000 6 000 0 7 02 9 5 8 7 3 0 0 333 10 /// 58 000 6 000 0 7 0000 
30-APR-2015 03 48035 2 1 4 30 8 27 01 10 209 20 195 3 0000 4 0127 5 0000 6 000 0 7 10 6 6 8 5 9 7 / 333 10 /// 58 000 6 000 0 7 0000 
30-APR-2015 03 48037 2 2 9 57 0 32 01 10 280 20 203 3 0000 4 0101 5 0000 6 000 0 7 00 0 0 8 0 0 0 0 333 10 /// 59 001 6 000 0 7 0000 
30-APR-2015 03 48039 2 2 4 59 2 00 00 10 288 20 215 3 0000 4 0000 5 0000 6 000 0 7 00 0 0 8 1 1 5 0 333 10 /// 58 000 6 000 0 7 0000 
30-APR-2015 03 48042 2 2 5 57 2 18 02 10 307 20 203 3 0000 4 0108 5 0000 6 000 0 7 00 0 0 8 2 2 0 0 333 10 /// 58 005 6 000 0 7 0000 
30-APR-2015 03 48043 3 2 0 57 1 32 05 10 245 20 150 3 0000 4 0000 5 0000 6 000 0 7 00 0 0 8 0 0 3 0 333 10 /// 58 000 6 000 0 7 0000 
30-APR-2015 03 48048 3 2 5 60 0 18 01 10 310 20 203 3 0000 4 0106 5 0000 6 000 0 7 00 0 0 8 0 0 0 0 333 10 /// 58 001 6 000 0 7 0000 
30-APR-2015 03 48051 3 2 5 59 6 13 01 10 308 20 250 3 0000 4 0000 5 0000 6 000 0 7 03 2 2 8 4 8 3 0 333 10 /// 58 000 6 000 0 7 0000 
30-APR-2015 03 48053 3 2 5 56 1 18 02 10 310 20 189 3 0000 4 0110 5 0000 6 000 0 7 00 0 0 8 1 5 0 0 333 10 /// 58 001 6 000 0 7 0000 
30-APR-2015 03 48055 2 2 5 56 1 23 02 10 238 20 191 3 0000 4 0112 5 0000 6 000 0 7 00 0 0 8 1 1 0 0 333 10 /// 59 003 6 000 0 7 0000 
30-APR-2015 03 48057 2 2 4 58 3 22 02 10 224 20 156 3 0000 4 0000 5 0000 6 000 0 7 00 0 0 8 3 3 0 0 333 10 /// 58 000 6 000 0 7 0000 
30-APR-2015 03 48060 2 2 4 40 7 00 00 10 216 20 185 3 0000 4 0133 5 0000 6 000 0 7 00 0 0 8 2 9 7 0 333 10 /// 58 014 6 000 0 7 0000 
30-APR-2015 03 48062 3 2 4 56 7 09 02 10 310 20 280 3 0000 4 0116 5 0000 6 000 0 7 03 2 2 8 5 9 3 / 333 10 /// 58 005 6 000 0 7 0000 
30-APR-2015 03 48064 3 2 9 60 1 04 01 10 320 20 236 3 0000 4 0100 5 0000 6 000 0 7 00 0 0 8 0 0 0 1 333 10 /// 58 001 6 000 0 7 0000 
30-APR-2015 03 48071 3 2 4 58 5 05 02 10 305 20 254 3 0000 4 0121 5 0000 6 000 0 7 00 0 0 8 5 9 0 0 333 10 /// 58 010 6 000 0 7 0000 
30-APR-2015 03 48072 3 2 4 59 4 13 03 10 320 20 248 3 0000 4 0000 5 0000 6 000 0 7 03 2 2 8 2 8 3 0 333 10 /// 58 000 6 000 0 7 0000 
30-APR-2015 03 48074 3 2 9 59 0 14 02 10 303 20 223 3 0000 4 0126 5 0000 6 000 0 7 00 0 0 8 0 0 0 0 333 10 /// 58 014 6 000 0 7 0000 
30-APR-2015 03 48075 3 2 4 57 3 14 01 10 270 20 230 3 0000 4 0121 5 0000 6 000 0 7 00 0 0 8 3 8 0 0 333 10 /// 59 009 6 000 0 7 0000 
30-APR-2015 03 48077 3 2 9 59 0 00 00 10 310 20 225 3 0000 4 01// 5 0000 6 000 0 7 00 0 0 8 0 0 0 0 333 10 /// 59 002 6 000 0 7 0000 
30-APR-2015 03 48078 3 2 5 57 3 18 01 10 315 20 242 3 0000 4 0122 5 0000 6 000 0 7 00 0 0 8 2 5 0 1 333 10 /// 58 002 6 000 0 7 0000 
30-APR-2015 03 48080 3 2 4 59 6 32 05 10 320 20 281 3 0000 4 0132 5 0000 6 000 0 7 00 0 0 8 4 8 7 0 333 10 /// 58 001 6 000 0 7 0000 
30-APR-2015 03 48085 3 2 4 58 4 32 04 10 316 20 254 3 0000 4 0121 5 0000 6 000 0 7 00 0 0 8 4 8 0 0 333 10 /// 58 004 6 000 0 7 0000 
30-APR-2015 03 48087 3 2 9 60 2 00 00 10 320 20 215 3 0000 4 0000 5 0000 6 000 0 7 00 0 0 8 0 0 4 0 333 10 /// 58 000 6 000 0 7 0000 
30-APR-2015 03 48092 3 2 4 58 3 27 01 10 310 20 225 3 0000 4 0104 5 0000 6 000 0 7 00 0 0 8 2 8 0 1 333 10 /// 58 006 6 000 0 7 0000 
30-APR-2015 03 48093 3 2 9 58 2 04 01 10 305 20 254 3 0000 4 0000 5 0000 6 000 0 7 02 2 2 8 0 0 0 1 333 10 /// 58 000 6 000 0 7 0000 
30-APR-2015 03 48094 3 2 4 59 5 32 02 10 320 20 270 3 0000 4 0122 5 0000 6 000 0 7 00 0 0 8 5 9 0 0 333 10 /// 58 000 6 000 0 7 0000 
30-APR-2015 03 48095 3 2 4 58 3 22 01 10 325 20 248 3 0000 4 0000 5 0000 6 000 0 7 03 1 1 8 3 8 0 0 333 10 /// 58 000 6 000 0 7 0000 
30-APR-2015 03 48097 3 2 5 57 3 23 03 10 310 20 225 3 0000 4 0126 5 0000 6 000 0 7 00 0 0 8 3 8 0 0 333 10 /// 58 003 6 000 0 7 0000 
30-APR-2015 03 48099 3 2 4 56 3 23 03 10 320 20 236 3 0000 4 0122 5 0000 6 000 0 7 00 0 0 8 2 8 0 1 333 10 /// 58 004 6 000 0 7 0000 
30-APR-2015 03 48101 3 2 5 59 3 27 02 10 307 20 254 3 0000 4 0000 5 0000 6 000 0 7 01 1 1 8 2 1 0 1 333 10 /// 58 000 6 000 0 7 0000 
30-APR-2015 03 48103 2 2 5 56 4 32 01 10 307 20 237 3 0000 4 0131 5 0000 6 000 0 7 00 0 0 8 4 8 0 0 333 10 /// 58 015 6 000 0 7 0000 
30-APR-2015 03 48107 3 2 3 50 2 13 01 10 310 20 237 3 0000 4 0115 5 0000 6 000 0 7 00 0 0 8 2 9 0 0 333 10 /// 58 002 6 000 0 7 0000 
30-APR-2015 03 48108 3 2 5 96 7 05 02 10 314 20 266 3 0000 4 0131 5 0000 6 000 0 7 00 0 0 8 3 3 0 6 333 10 /// 58 006 6 000 0 7 0000 
30-APR-2015 03 48109 3 2 4 97 4 04 01 10 322 20 248 3 0000 4 0130 5 0000 6 000 0 7 00 0 0 8 4 9 0 0 333 10 /// 58 002 6 000 0 7 0000 
30-APR-2015 03 48110 2 2 4 96 8 32 05 10 305 20 280 3 0000 4 0131 5 0000 6 000 0 7 00 0 0 8 4 3 6 7 333 10 /// 58 010 6 000 0 7 0000 
30-APR-2015 03 48112 2 2 5 97 8 04 01 10 325 20 270 3 0000 4 0128 5 0000 6 000 0 7 02 2 2 8 3 8 7 6 333 10 /// 58 005 6 000 0 7 0000 
