30-APR-2015 00 48008 2 1 5 56 5 00 00 10 220 20 205 3 0000 4 0104 5 0000 6 000 0 7 01 9 7 8 3 9 6 0 333 20 200 58 006 6 010 2 7 0000 
30-APR-2015 00 48010 2 1 2 10 4 00 00 10 200 20 192 3 0000 4 0097 5 0000 6 000 0 7 42 4 4 8 4 6 0 0 333 20 190 58 017 6 001 2 7 0000 
30-APR-2015 00 48018 2 2 5 50 3 00 00 10 205 20 195 3 0000 4 0077 5 0000 6 000 0 7 00 0 0 8 2 8 1 0 333 20 198 59 006 6 002 2 7 0000 
30-APR-2015 00 48019 2 2 4 50 7 27 01 10 210 20 195 3 0000 4 0096 5 0000 6 000 0 7 00 0 0 8 4 7 7 0 333 20 205 58 010 6 010 2 7 0000 
30-APR-2015 00 48025 3 2 4 20 3 32 01 10 226 20 198 3 0000 4 0098 5 0000 6 000 0 7 00 0 0 8 1 5 4 0 333 20 222 58 007 6 000 0 7 0000 
30-APR-2015 00 48030 3 1 / 05 9 22 02 10 118 20 118 3 0000 4 0000 5 0000 6 000 0 7 43 4 4 8 0 0 0 0 333 20 108 58 000 6 000 0 7 0000 
30-APR-2015 00 48031 3 2 9 60 0 18 01 10 165 20 123 3 0000 4 0000 5 0000 6 000 0 7 00 0 0 8 0 0 0 0 333 20 150 58 000 6 000 0 7 0000 
30-APR-2015 00 48033 2 2 5 60 2 00 00 10 240 20 226 3 0000 4 0094 5 0000 6 000 0 7 00 0 0 8 2 5 0 0 333 20 230 58 002 6 009 2 7 0000 
30-APR-2015 00 48035 2 1 5 30 8 32 02 10 195 20 185 3 0000 4 0109 5 0000 6 000 0 7 10 2 2 8 5 9 7 / 333 20 186 58 004 6 001 2 7 0000 
30-APR-2015 00 48037 2 2 5 50 1 00 00 10 245 20 209 3 0000 4 0084 5 0000 6 000 0 7 00 0 0 8 1 1 0 0 333 20 235 59 024 6 001 2 7 0000 
30-APR-2015 00 48039 2 2 4 56 3 00 00 10 240 20 209 3 0000 4 0000 5 0000 6 000 0 7 00 0 0 8 3 5 0 0 333 20 238 58 000 6 000 0 7 0000 
30-APR-2015 00 48042 2 2 5 57 1 00 00 10 247 20 219 3 0000 4 0088 5 0000 6 000 0 7 00 0 0 8 1 4 0 0 333 20 233 58 010 6 000 0 7 0000 
30-APR-2015 00 48043 3 2 9 30 0 00 00 10 180 20 165 3 0000 4 0000 5 0000 6 000 0 7 00 0 0 8 0 0 0 0 333 20 143 58 000 6 000 0 7 0000 
30-APR-2015 00 48048 3 2 9 50 0 00 00 10 253 20 219 3 0000 4 0088 5 0000 6 000 0 7 00 0 0 8 0 0 0 0 333 20 240 58 005 6 000 0 7 0000 
30-APR-2015 00 48051 3 2 5 58 4 36 02 10 247 20 230 3 0000 4 0000 5 0000 6 000 0 7 00 0 0 8 4 8 0 0 333 20 238 58 000 6 000 0 7 0000 
30-APR-2015 00 48052 3 2 4 56 2 00 00 10 272 20 211 3 0000 4 0000 5 0000 6 000 0 7 00 0 0 8 2 2 0 0 333 20 266 58 000 6 000 0 7 0000 
30-APR-2015 00 48053 3 2 5 56 5 00 00 10 250 20 186 3 0000 4 0089 5 0000 6 000 0 7 00 0 0 8 2 5 5 6 333 20 244 59 001 6 000 0 7 0000 
30-APR-2015 00 48055 2 1 4 56 7 00 00 10 186 20 179 3 0000 4 0112 5 0000 6 000 0 7 20 6 5 8 5 9 7 0 333 20 179 59 012 6 003 2 7 0000 
30-APR-2015 00 48060 2 2 4 30 8 00 00 10 200 20 190 3 0000 4 0108 5 0000 6 000 0 7 00 0 0 8 5 7 7 / 333 20 184 59 012 6 012 2 7 0000 
30-APR-2015 00 48064 3 2 9 50 2 04 01 10 260 20 215 3 0000 4 0067 5 0000 6 000 0 7 00 0 0 8 0 0 0 6 333 20 195 58 002 6 000 0 7 0000 
30-APR-2015 00 48065 3 2 9 50 0 00 00 10 250 20 186 3 0000 4 0000 5 0000 6 000 0 7 00 0 0 8 0 0 0 0 333 20 225 58 000 6 000 0 7 0000 
30-APR-2015 00 48071 3 2 4 50 4 00 00 10 260 20 246 3 0000 4 0100 5 0000 6 000 0 7 00 0 0 8 4 9 0 0 333 20 260 58 002 6 000 0 7 0000 
30-APR-2015 00 48074 3 2 5 58 1 14 01 10 265 20 229 3 0000 4 0100 5 0000 6 000 0 7 00 0 0 8 1 5 0 0 333 20 250 58 006 6 000 0 7 0000 
30-APR-2015 00 48075 3 2 4 56 3 00 00 10 200 20 200 3 0000 4 0129 5 0000 6 000 0 7 00 0 0 8 3 8 0 0 333 20 160 59 001 6 000 0 7 0000 
30-APR-2015 00 48077 3 2 5 56 2 00 00 10 260 20 229 3 0000 4 0096 5 0000 6 000 0 7 00 0 0 8 1 2 0 1 333 20 248 58 011 6 000 0 7 0000 
30-APR-2015 00 48080 3 2 9 56 0 13 01 10 232 20 198 3 0000 4 0116 5 0000 6 000 0 7 00 0 0 8 0 0 0 0 333 20 212 58 004 6 000 0 7 0000 
30-APR-2015 00 48085 3 2 4 56 2 00 00 10 250 20 233 3 0000 4 0099 5 0000 6 000 0 7 00 0 0 8 1 8 7 0 333 20 247 58 004 6 000 0 7 0000 
30-APR-2015 00 48092 3 1 5 20 5 00 00 10 245 20 236 3 0000 4 0093 5 0000 6 000 0 7 10 2 2 8 2 4 3 1 333 20 240 58 014 6 000 0 7 0000 
30-APR-2015 00 48093 3 2 6 50 2 00 00 10 260 20 246 3 0000 4 0000 5 0000 6 000 0 7 00 0 0 8 2 8 0 0 333 20 254 58 000 6 000 0 7 0000 
30-APR-2015 00 48094 3 2 4 56 3 00 00 10 255 20 240 3 0000 4 0102 5 0000 6 000 0 7 00 0 0 8 2 5 0 2 333 20 234 59 002 6 000 0 7 0000 
30-APR-2015 00 48097 3 2 9 57 4 36 01 10 260 20 238 3 0000 4 0104 5 0000 6 000 0 7 00 0 0 8 0 0 0 6 333 20 243 59 004 6 000 0 7 0000 
30-APR-2015 00 48099 3 2 4 50 3 00 00 10 265 20 229 3 0000 4 0106 5 0000 6 000 0 7 00 0 0 8 3 9 0 0 333 20 240 58 002 6 000 0 7 0000 
30-APR-2015 00 48101 3 2 9 56 4 00 00 10 252 20 252 3 0000 4 0000 5 0000 6 000 0 7 00 0 0 8 0 0 0 1 333 20 213 58 000 6 000 0 7 0000 
30-APR-2015 00 48103 2 1 3 40 6 32 01 10 247 20 233 3 0000 4 0109 5 0000 6 000 0 7 21 9 6 8 5 9 2 0 333 20 230 58 006 6 012 2 7 0000 
30-APR-2015 00 48107 3 2 3 40 4 00 00 10 242 20 226 3 0000 4 0103 5 0000 6 000 0 7 00 0 0 8 4 9 0 0 333 20 230 59 002 6 000 0 7 0000 
30-APR-2015 00 48108 3 2 5 96 7 00 00 10 230 20 214 3 0000 4 0108 5 0000 6 000 0 7 00 0 0 8 4 3 6 6 333 20 215 58 001 6 000 0 7 0000 
30-APR-2015 00 48109 3 2 4 96 4 00 00 10 270 20 240 3 0000 4 0111 5 0000 6 000 0 7 00 0 0 8 4 9 0 0 333 20 204 58 001 6 000 0 7 0000 
30-APR-2015 00 48110 2 1 5 96 8 13 02 10 250 20 241 3 0000 4 0103 5 0000 6 000 0 7 05 2 2 8 2 3 0 7 333 20 245 59 002 6 013 2 7 0000 
30-APR-2015 00 48112 2 1 5 97 8 04 01 10 263 20 246 3 0000 4 0110 5 0000 6 000 0 7 00 0 0 8 3 8 7 6 333 20 215 58 010 6 000 0 7 0000 
