300900 48004 22358 70402 10275 20184 87900 333 56550=
300900 48008 32557 63601 10329 20185 40082 83850 333 56810 58028=
300900 48010 32560 60000 10280 20233 40092 83830 333 56660 58022=
300900 48018 32560 62202 10345 20124 40077 82871 333 56569 58020=
300900 48019 32460 12301 10340 20225 40075 81200 333 56400 58009=
300900 48020 21358 43204 10275 20216 70295 83830 333 56550=
300900 48025 32458 43201 10325 20200 40084 84840 333 56590 58013=
300900 48030 32256 72204 10230 20097 86940 333 56560=
300900 48033 32563 22201 10360 20214 40058 82500 333 56900 58012=
300900 48034 32457 62302 10288 20179 86800 333 56500=
300900 48037 32560 13201 10374 20190 40048 81100 333 56900 59006=
300900 48039 32460 21401 10370 20190 82100 333 56500=
300900 48042 32558 22202 10382 20203 40059 82900 333 56500 59009=
300900 48043 32758 23206 10295 20149 82200 333 56500=
300900 48045 32560 71805 10283 20073 87300 333 56500=
300900 48048 32560 42201 10400 20196 40068 84800 333 56400 58013=
300900 48051 32559 81802 10360 20250 84830 333 56590=
300900 48052 32468 31803 10420 20226 83800 333 56900=
300900 48053 32556 51801 10380 20187 40069 84950 333 56660 58018=
300900 48055 32656 42305 10323 20163 40036 84800 333 56500 58006=
300900 48057 32458 42302 10270 20113 84300 333 56600=
300900 48060 32456 30000 10301 20185 40054 82130 333 56560 58007=
300900 48062 32458 62705 10332 20300 40096 84970 333 56690 58005=
300900 48064 32570 33601 10400 20230 40041 82801 333 56409 58000=
300900 48065 32570 22204 10412 20210 82100 333 56900=
300900 48071 32960 03203 10345 20240 40099 333 58010=
300900 48072 32460 40405 10330 20258 83830 333 56590=
300900 48074 32562 11403 10380 20240 40070 81100 333 56600 59001=
300900 48075 32557 52201 10330 20190 40056 85300 333 56500 59001=
300900 48077 32559 62301 10374 20227 40070 85901 333 56909 58010=
300900 48078 32559 31801 10390 20223 40073 82801 333 56409 58008=
300900 48080 32460 22207 10351 20237 40091 82800 333 56900 58011=
300900 48085 32458 23204 10340 20270 40097 82800 333 56800 58014=
300900 48092 32459 42702 10375 20205 40059 84100 333 56900 58000=
300900 48093 32958 00401 10375 20203=
300900 48094 32460 43203 10355 20205 40090 84900 333 56400 58013=
300900 48095 32558 62701 10380 20240 84840 333 56990=
300900 48096 32995 22406 10360 20214 40086 82200 333 56600 58010=
300900 48097 32557 51402 10360 20249 40093 84801 333 56909 58010=
300900 48099 32558 32303 10365 20195 40080 82301 333 56509 59009=
300900 48101 32660 21802 10338 20240 81301 333 56909=
300900 48103 32557 42201 10357 20195 40087 84800 333 56500 58009=
300900 48107 22350 42301 10318 20236 40094 84900 333 56700 58010=
300900 48108 32596 63208 10342 20268 40098 83336 333 56799 58002=
300900 48110 32596 73207 10335 20257 40095 83366 333 56999 58008=
300900 48112 21597 80401 10320 20265 40094 71795 84976 333 56599 58004=  
