30-AUG-2015 06 48004 2 1 1 10 8 00 00 10 257 20 257 3 0000 4 0000 5 0000 6 000 0 7 53 6 5 8 5 9 7 / 333 10 /// 58 000 6 000 0 7 0000 
30-AUG-2015 06 48008 3 1 4 56 8 00 00 10 270 20 265 3 0000 4 0066 5 0000 6 000 0 7 61 6 6 8 4 9 7 / 333 10 /// 58 006 6 000 0 7 0000 
30-AUG-2015 06 48010 3 2 5 58 5 18 02 10 310 20 254 3 0000 4 0054 5 0000 6 000 0 7 00 0 0 8 3 8 3 0 333 10 /// 58 007 6 000 0 7 0000 
30-AUG-2015 06 48018 3 2 5 60 7 23 02 10 323 20 236 3 0000 4 0059 5 0000 6 000 0 7 00 0 0 8 4 8 7 0 333 10 /// 58 006 6 000 0 7 0000 
30-AUG-2015 06 48019 3 2 4 57 8 23 01 10 300 20 266 3 0000 4 0062 5 0000 6 000 0 7 00 0 0 8 5 6 7 0 333 10 /// 58 009 6 000 0 7 0000 
30-AUG-2015 06 48020 3 2 4 60 4 09 05 10 340 20 270 3 0000 4 0000 5 0000 6 000 0 7 00 0 0 8 3 2 3 0 333 10 /// 58 000 6 000 0 7 0000 
30-AUG-2015 06 48025 3 2 4 50 5 14 02 10 339 20 257 3 0000 4 0063 5 0000 6 000 0 7 00 0 0 8 4 8 4 0 333 10 /// 58 010 6 000 0 7 0000 
30-AUG-2015 06 48030 3 2 3 57 8 22 02 10 217 20 185 3 0000 4 0000 5 0000 6 000 0 7 00 0 0 8 6 8 4 / 333 10 /// 58 000 6 000 0 7 0000 
30-AUG-2015 06 48031 3 2 3 60 7 14 01 10 248 20 186 3 0000 4 0000 5 0000 6 000 0 7 00 0 0 8 5 8 4 0 333 10 /// 58 000 6 000 0 7 0000 
30-AUG-2015 06 48033 3 2 5 63 7 18 02 10 330 20 244 3 0000 4 0066 5 0000 6 000 0 7 00 0 0 8 5 9 7 0 333 10 /// 58 019 6 000 0 7 0000 
30-AUG-2015 06 48034 3 2 4 57 6 23 02 10 257 20 215 3 0000 4 0000 5 0000 6 000 0 7 00 0 0 8 6 3 3 0 333 10 /// 58 000 6 000 0 7 0000 
30-AUG-2015 06 48035 3 2 5 60 7 22 03 10 286 20 196 3 0000 4 0045 5 0000 6 000 0 7 00 0 0 8 5 9 6 0 333 10 /// 58 005 6 000 0 7 0000 
30-AUG-2015 06 48037 3 2 5 60 4 18 02 10 348 20 237 3 0000 4 0051 5 0000 6 000 0 7 00 0 0 8 3 8 0 9 333 10 /// 59 001 6 000 0 7 0000 
30-AUG-2015 06 48039 3 2 4 60 7 14 01 10 319 20 248 3 0000 4 0000 5 0000 6 000 0 7 00 0 0 8 5 9 6 0 333 10 /// 58 000 6 000 0 7 0000 
30-AUG-2015 06 48042 3 2 5 59 6 18 06 10 345 20 240 3 0000 4 0054 5 0000 6 000 0 7 00 0 0 8 5 3 5 0 333 10 /// 59 002 6 000 0 7 0000 
30-AUG-2015 06 48043 3 2 5 58 6 14 07 10 260 20 215 3 0000 4 0000 5 0000 6 000 0 7 00 0 0 8 4 2 3 0 333 10 /// 58 000 6 000 0 7 0000 
30-AUG-2015 06 48045 3 2 5 56 6 22 03 10 278 20 184 3 0000 4 0000 5 0000 6 000 0 7 00 0 0 8 3 3 3 1 333 10 /// 58 000 6 000 0 7 0000 
30-AUG-2015 06 48048 3 2 5 60 4 18 03 10 350 20 237 3 0000 4 0059 5 0000 6 000 0 7 00 0 0 8 4 8 0 0 333 10 /// 58 004 6 000 0 7 0000 
30-AUG-2015 06 48051 2 1 4 56 8 13 01 10 266 20 250 3 0000 4 0000 5 0000 6 000 0 7 03 6 6 8 6 9 2 0 333 10 /// 58 000 6 000 0 7 0000 
30-AUG-2015 06 48052 3 2 4 68 3 13 02 10 352 20 240 3 0000 4 0000 5 0000 6 000 0 7 00 0 0 8 3 8 0 0 333 10 /// 58 000 6 000 0 7 0000 
30-AUG-2015 06 48053 3 2 5 58 6 18 03 10 330 20 244 3 0000 4 0073 5 0000 6 000 0 7 00 0 0 8 3 8 5 6 333 10 /// 58 002 6 000 0 7 0000 
30-AUG-2015 06 48055 3 2 5 57 4 23 05 10 293 20 215 3 0000 4 0050 5 0000 6 000 0 7 00 0 0 8 4 8 0 0 333 10 /// 58 010 6 000 0 7 0000 
30-AUG-2015 06 48057 3 2 4 58 6 23 02 10 248 20 186 3 0000 4 0000 5 0000 6 000 0 7 00 0 0 8 4 3 0 9 333 10 /// 58 000 6 000 0 7 0000 
30-AUG-2015 06 48060 3 2 3 40 7 22 02 10 280 20 203 3 0000 4 0049 5 0000 6 000 0 7 00 0 0 8 5 8 3 0 333 10 /// 58 014 6 000 0 7 0000 
30-AUG-2015 06 48062 2 2 4 56 8 23 03 10 280 20 270 3 0000 4 0081 5 0000 6 000 0 7 02 8 5 8 6 9 7 0 333 10 /// 58 002 6 000 0 7 0000 
30-AUG-2015 06 48064 3 2 5 60 6 23 01 10 320 20 265 3 0000 4 0057 5 0000 6 000 0 7 00 0 0 8 4 8 3 1 333 10 /// 58 001 6 000 0 7 0000 
30-AUG-2015 06 48065 3 2 5 58 4 00 00 10 330 20 258 3 0000 4 0000 5 0000 6 000 0 7 00 0 0 8 2 8 3 1 333 10 /// 58 000 6 000 0 7 0000 
30-AUG-2015 06 48071 2 1 4 58 8 23 01 10 265 20 265 3 0000 4 0085 5 0000 6 000 0 7 62 6 6 8 6 9 2 / 333 10 /// 58 001 6 000 0 7 0000 
30-AUG-2015 06 48072 2 1 4 59 8 27 02 10 290 20 274 3 0000 4 0000 5 0000 6 000 0 7 50 5 5 8 6 9 7 0 333 10 /// 58 000 6 000 0 7 0000 
30-AUG-2015 06 48074 3 2 4 60 7 18 03 10 300 20 253 3 0000 4 0092 5 0000 6 000 0 7 00 0 0 8 3 8 5 1 333 10 /// 59 007 6 000 0 7 0000 
30-AUG-2015 06 48075 3 2 5 58 7 22 01 10 290 20 215 3 0000 4 0069 5 0000 6 000 0 7 00 0 0 8 5 3 6 0 333 10 /// 58 003 6 000 0 7 0000 
30-AUG-2015 06 48077 3 2 5 59 8 00 00 10 310 20 254 3 0000 4 0077 5 0000 6 000 0 7 00 0 0 8 5 9 3 1 333 10 /// 58 000 6 000 0 7 0000 
30-AUG-2015 06 48080 3 2 4 60 7 22 04 10 293 20 259 3 0000 4 0093 5 0000 6 000 0 7 00 0 0 8 4 8 7 0 333 10 /// 58 001 6 000 0 7 0000 
30-AUG-2015 06 48085 2 1 3 50 8 27 03 10 258 20 255 3 0000 4 0092 5 0000 6 000 0 7 61 9 6 8 6 9 2 0 333 10 /// 58 004 6 000 0 7 0000 
30-AUG-2015 06 48087 3 2 5 58 6 23 02 10 308 20 267 3 0000 4 0000 5 0000 6 000 0 7 00 0 0 8 3 3 7 1 333 10 /// 58 000 6 000 0 7 0000 
30-AUG-2015 06 48093 2 1 4 56 8 23 01 10 296 20 253 3 0000 4 0000 5 0000 6 000 0 7 53 6 5 8 6 9 7 / 333 10 /// 58 000 6 000 0 7 0000 
30-AUG-2015 06 48094 2 1 4 59 7 22 03 10 290 20 260 3 0000 4 0093 5 0000 6 000 0 7 21 6 5 8 5 9 7 0 333 10 /// 58 012 6 000 0 7 0000 
30-AUG-2015 06 48095 3 2 4 58 8 22 04 10 305 20 266 3 0000 4 0000 5 0000 6 000 0 7 00 0 0 8 6 9 4 0 333 10 /// 58 000 6 000 0 7 0000 
30-AUG-2015 06 48096 3 2 4 58 7 23 03 10 300 20 253 3 0000 4 0091 5 0000 6 000 0 7 00 0 0 8 5 9 3 0 333 10 /// 58 027 6 000 0 7 0000 
30-AUG-2015 06 48097 2 1 5 57 6 13 02 10 285 20 271 3 0000 4 0100 5 0000 6 000 0 7 01 6 6 8 6 8 0 0 333 10 /// 59 004 6 000 0 7 0000 
30-AUG-2015 06 48099 2 1 4 56 7 32 02 10 284 20 268 3 0000 4 0092 5 0000 6 000 0 7 51 5 5 8 5 9 7 0 333 10 /// 59 001 6 000 0 7 0000 
30-AUG-2015 06 48101 2 1 4 57 8 23 01 10 261 20 246 3 0000 4 0000 5 0000 6 000 0 7 61 6 5 8 5 9 7 / 333 10 /// 58 000 6 000 0 7 0000 
30-AUG-2015 06 48103 2 1 3 56 8 22 01 10 273 20 256 3 0000 4 0100 5 0000 6 000 0 7 01 5 5 8 5 7 2 0 333 10 /// 58 011 6 000 0 7 0000 
30-AUG-2015 06 48107 2 1 3 50 6 23 02 10 314 20 254 3 0000 4 0098 5 0000 6 000 0 7 01 6 6 8 4 9 7 0 333 10 /// 58 005 6 000 0 7 0000 
30-AUG-2015 06 48108 2 1 5 96 7 23 02 10 300 20 253 3 0000 4 0117 5 0000 6 000 0 7 02 5 6 8 4 3 7 7 333 10 /// 58 010 6 000 0 7 0000 
30-AUG-2015 06 48110 3 2 5 96 8 36 02 10 330 20 251 3 0000 4 0113 5 0000 6 000 0 7 00 0 0 8 3 3 5 7 333 10 /// 58 009 6 000 0 7 0000 
30-AUG-2015 06 48112 3 2 5 97 8 22 01 10 315 20 260 3 0000 4 0116 5 0000 6 000 0 7 00 0 0 8 3 8 7 6 333 10 /// 58 010 6 000 0 7 0000 
