48001 21330 80000 10230 20230 40076 76166 887// 333 56799 58030=
48004 21110 81301 10246 20246 75022 8697/ 333 56559=
48008 31450 60000 10248 20233 40068 76366 8497/ 333 56449 59009=
48010 32556 51801 10280 20250 40071 83830 333 56550 59007=
48018 22560 72202 10295 20248 40073 70222 83872 333 56556 58008=
48019 22457 82301 10262 20246 40063 85770 333 56450 58011=
48020 32458 61304 10300 20235 84830 333 56550=
48025 32330 71401 10303 20223 40066 84841 333 56459 58009=
48035 31560 51803 10267 20211 40057 70144 83960 333 56490 59007=
48037 32559 51802 10298 20239 40058 83831 333 56449 59000=
48042 32558 41804 10310 20237 40067 83802 333 56409 59005=
48045 32556 42203 10234 20163 81136 333 56569=
48048 32560 31802 10303 20239 40070 83800 333 56900 58009=
48051 21456 83102 10260 20250 76166 86970 333 56490=
48053 32456 61804 10290 20230 40082 83556 333 56599 58006=
48060 21330 80000 10255 20231 40066 75055 8577/ 333 5649/ 58008=
48062 22456 81804 10290 20270 40076 70265 86970 333 56990 58002=
48071 21458 82302 10265 20265 40085 76266 8692/ 333 5699/ 58000=
48075 22457 60000 10250 20219 40104 83845 333 56539 58018=
48077 32559 70000 10290 20259 40079 85931 333 56499 58002=
48078 22557 81803 10277 20254 40101 8557/ 333 56499 59002=
48080 21459 80402 10263 20246 40094 75065 86970 333 56590 58002=
48085 21356 81402 10276 20268 40095 75065 86920 333 56990 58003=
48095 32558 62202 10290 20274 70222 83602 333 56909=
48108 21596 72302 10270 20256 40120 70255 85366 333 56699 58008=
48109 32497 52301 10295 20253 40107 84901 333 56909 58003=
48110 22596 83201 10300 20253 40121 82356 333 56569 58014=
48112 32598 63201 10290 20259 40125 70222 82216 333 56799 58010=
48030 31357 62201 10200 20185 70144 84840 333 56560=
48072 21358 81301 10250 20250 76365 8697/ 333 5699/=
48087 22550 70000 10272 20256 8497/ 333 5649/=
48099 21330 80000 10265 20246 40126 70255 8697/ 333 5699/ 58020=
48101 32558 62701 10290 20259 70322 84331 333 56599=
48103 21340 82201 10257 20246 40107 75055 8677/ 333 5655/ 58000=
48057 32458 52201 10210 20175 83306 333 56509=
48094 22459 60000 10290 20260 40093 84970 333 56590 59003=
48097 22557 72401 10290 20259 40110 85350 333 56990 59008=
48031 32360 40402 10235 20191 82870 333 56480=
48033 32562 21802 10300 20239 40077 82500 333 56400 58016=
48034 32456 80000 10215 20190 8637/ 333 5659/=
48039 32460 31401 10296 20239 81102 333 56404=
48043 32556 51808 10235 20191 83230 333 56590=
48052 32458 81302 10314 20254 83800 333 56900=
48055 32557 62206 10247 20198 40078 83931 333 56559 58011=
48064 32458 73201 10287 20259 40074 84831 333 56449 58003=
48065 32456 72201 10293 20259 85870 333 56990=
48074 32458 72304 10270 20240 40111 85760 333 56440 58013=
48092 22456 72304 10293 20266 40084 85930 333 56990 58001=
48093 22558 82301 10288 20258 70322 86341 333 56999=
48107 21350 70130 10280 20268 40105 70165 84970 333 56550 59001=
48096 NIL=  