30-AUG-2015 12 48008 2 1 5 50 8 00 00 10 265 20 256 3 0000 4 0044 5 0000 6 000 0 7 50 5 5 8 4 9 7 / 333 10 275 58 002 6 015 2 7 0000 
30-AUG-2015 12 48010 2 1 4 20 8 22 01 10 270 20 270 3 0000 4 0028 5 0000 6 000 0 7 95 9 6 8 6 9 2 / 333 10 315 58 015 6 004 2 7 0000 
30-AUG-2015 12 48018 3 2 5 56 6 14 01 10 316 20 254 3 0000 4 0028 5 0000 6 000 0 7 00 0 0 8 3 8 7 0 333 10 338 58 008 6 000 0 7 0000 
30-AUG-2015 12 48019 3 2 4 56 5 00 00 10 310 20 254 3 0000 4 0035 5 0000 6 000 0 7 00 0 0 8 3 6 6 0 333 10 310 58 002 6 000 0 7 0000 
30-AUG-2015 12 48020 3 2 3 50 7 09 03 10 310 20 267 3 0000 4 0000 5 0000 6 000 0 7 00 0 0 8 5 7 3 0 333 10 355 58 000 6 000 0 7 0000 
30-AUG-2015 12 48025 3 2 4 58 7 18 01 10 330 20 258 3 0000 4 0025 5 0000 6 000 0 7 00 0 0 8 5 8 4 0 333 10 353 58 010 6 000 0 7 0000 
30-AUG-2015 12 48031 3 2 2 59 8 22 02 10 213 20 160 3 0000 4 0000 5 0000 6 000 0 7 00 0 0 8 8 8 / / 333 10 150 58 000 6 000 0 7 0000 
30-AUG-2015 12 48033 3 2 5 62 3 18 01 10 330 20 244 3 0000 4 0031 5 0000 6 000 0 7 00 0 0 8 3 9 0 0 333 10 352 58 009 6 000 0 7 0000 
30-AUG-2015 12 48034 3 2 4 56 4 23 01 10 248 20 206 3 0000 4 0000 5 0000 6 000 0 7 00 0 0 8 4 3 0 0 333 10 272 58 000 6 000 0 7 0000 
30-AUG-2015 12 48035 3 2 5 60 5 00 00 10 289 20 230 3 0000 4 0012 5 0000 6 000 0 7 00 0 0 8 3 9 6 0 333 10 301 59 006 6 000 0 7 0000 
30-AUG-2015 12 48037 3 2 5 58 6 14 02 10 345 20 240 3 0000 4 0010 5 0000 6 000 0 7 00 0 0 8 4 8 3 1 333 10 369 59 004 6 000 0 7 0000 
30-AUG-2015 12 48039 3 2 4 59 7 14 01 10 320 20 248 3 0000 4 0000 5 0000 6 000 0 7 00 0 0 8 5 9 6 0 333 10 344 58 000 6 000 0 7 0000 
30-AUG-2015 12 48043 3 2 5 30 2 14 05 10 245 20 219 3 0000 4 0000 5 0000 6 000 0 7 00 0 0 8 2 2 0 0 333 10 280 58 000 6 000 0 7 0000 
30-AUG-2015 12 48045 3 2 4 50 6 18 05 10 220 20 173 3 0000 4 0000 5 0000 6 000 0 7 00 0 0 8 4 7 3 0 333 10 288 58 000 6 000 0 7 0000 
30-AUG-2015 12 48048 3 2 5 50 3 18 02 10 336 20 240 3 0000 4 0022 5 0000 6 000 0 7 00 0 0 8 3 8 0 0 333 10 365 58 002 6 000 0 7 0000 
30-AUG-2015 12 48052 3 2 4 58 6 22 03 10 340 20 240 3 0000 4 0000 5 0000 6 000 0 7 00 0 0 8 3 8 0 0 333 10 365 58 000 6 000 0 7 0000 
30-AUG-2015 12 48053 3 2 5 56 6 18 03 10 320 20 248 3 0000 4 0041 5 0000 6 000 0 7 00 0 0 8 4 9 5 6 333 10 350 58 004 6 000 0 7 0000 
30-AUG-2015 12 48055 3 2 5 56 6 00 00 10 282 20 220 3 0000 4 0022 5 0000 6 000 0 7 00 0 0 8 3 9 3 1 333 10 230 58 000 6 000 0 7 0000 
30-AUG-2015 12 48057 3 2 4 57 6 13 01 10 230 20 198 3 0000 4 0000 5 0000 6 000 0 7 00 0 0 8 5 3 0 1 333 10 258 58 000 6 000 0 7 0000 
30-AUG-2015 12 48060 2 1 3 20 8 00 00 10 260 20 229 3 0000 4 0021 5 0000 6 000 0 7 50 5 5 8 5 8 7 / 333 10 300 59 005 6 990 2 7 0000 
30-AUG-2015 12 48062 2 2 4 50 7 23 02 10 290 20 260 3 0000 4 0060 5 0000 6 000 0 7 21 2 2 8 5 9 7 0 333 10 305 58 010 6 013 2 7 0000 
30-AUG-2015 12 48064 3 2 4 50 5 00 00 10 314 20 237 3 0000 4 0040 5 0000 6 000 0 7 00 0 0 8 3 8 3 1 333 10 336 58 024 6 000 0 7 0000 
30-AUG-2015 12 48071 2 1 4 56 8 00 00 10 278 20 278 3 0000 4 0068 5 0000 6 000 0 7 21 6 2 8 6 9 7 / 333 10 300 58 012 6 044 2 7 0000 
30-AUG-2015 12 48074 3 2 4 58 8 18 02 10 280 20 250 3 0000 4 0058 5 0000 6 000 0 7 00 0 0 8 5 9 7 / 333 10 335 59 009 6 000 0 7 0000 
30-AUG-2015 12 48075 3 2 4 56 6 00 00 10 280 20 233 3 0000 4 0059 5 0000 6 000 0 7 00 0 0 8 3 3 4 5 333 10 305 59 007 6 000 0 7 0000 
30-AUG-2015 12 48077 2 1 5 56 8 23 01 10 270 20 256 3 0000 4 0056 5 0000 6 000 0 7 02 6 6 8 5 9 7 0 333 10 312 58 019 6 012 2 7 0000 
30-AUG-2015 12 48078 2 1 4 40 8 23 01 10 254 20 247 3 0000 4 0082 5 0000 6 000 0 7 51 9 6 8 6 3 2 / 333 10 310 58 013 6 006 2 7 0000 
30-AUG-2015 12 48080 2 2 4 57 8 04 02 10 255 20 242 3 0000 4 0075 5 0000 6 000 0 7 00 0 0 8 5 9 7 0 333 10 302 58 015 6 011 2 7 0000 
30-AUG-2015 12 48085 2 1 3 56 8 09 02 10 256 20 256 3 0000 4 0077 5 0000 6 000 0 7 50 6 5 8 6 9 2 0 333 10 285 58 017 6 082 2 7 0000 
30-AUG-2015 12 48087 3 2 4 50 7 00 00 10 268 20 256 3 0000 4 0000 5 0000 6 000 0 7 00 0 0 8 4 9 7 / 333 10 318 58 000 6 000 0 7 0000 
30-AUG-2015 12 48092 2 1 4 50 8 00 00 10 250 20 250 3 0000 4 0064 5 0000 6 000 0 7 02 6 6 8 5 9 7 / 333 10 295 58 008 6 026 2 7 0000 
30-AUG-2015 12 48094 2 1 4 56 8 00 00 10 280 20 275 3 0000 4 0079 5 0000 6 000 0 7 03 6 6 8 5 9 7 / 333 10 310 58 017 6 010 2 7 0000 
30-AUG-2015 12 48096 2 1 4 56 8 24 04 10 250 20 250 3 0000 4 0085 5 0000 6 000 0 7 65 6 6 8 5 9 7 0 333 10 300 58 017 6 019 2 7 0000 
30-AUG-2015 12 48097 2 1 5 56 8 04 01 10 250 20 250 3 0000 4 0088 5 0000 6 000 0 7 61 9 6 8 6 9 7 / 333 10 305 58 010 6 043 2 7 0000 
30-AUG-2015 12 48099 2 1 2 30 8 00 00 10 250 20 250 3 0000 4 0088 5 0000 6 000 0 7 63 6 6 8 6 9 2 / 333 10 287 58 008 6 023 2 7 0000 
30-AUG-2015 12 48103 2 2 3 30 7 22 01 10 272 20 256 3 0000 4 0085 5 0000 6 000 0 7 00 0 0 8 5 7 7 0 333 10 302 58 014 6 024 2 7 0000 
30-AUG-2015 12 48107 2 1 3 30 8 32 01 10 267 20 240 3 0000 4 0086 5 0000 6 000 0 7 01 6 5 8 5 9 7 / 333 10 318 58 003 6 003 2 7 0000 
30-AUG-2015 12 48108 2 2 5 96 6 23 01 10 280 20 250 3 0000 4 0097 5 0000 6 000 0 7 00 0 0 8 4 3 6 6 333 10 312 58 006 6 004 2 7 0000 
30-AUG-2015 12 48109 3 2 4 96 4 23 01 10 298 20 253 3 0000 4 0085 5 0000 6 000 0 7 00 0 0 8 2 9 0 6 333 10 317 58 009 6 000 0 7 0000 
30-AUG-2015 12 48110 2 1 4 95 8 00 00 10 290 20 259 3 0000 4 0098 5 0000 6 000 0 7 02 6 5 8 4 3 6 7 333 10 330 58 005 6 004 2 7 0000 
30-AUG-2015 12 48112 3 2 5 97 8 22 02 10 290 20 259 3 0000 4 0101 5 0000 6 000 0 7 00 0 0 8 3 8 7 6 333 10 320 58 010 6 000 0 7 0000 
