30-AUG-2015 03 48001 2 1 3 30 8 00 00 10 230 20 230 3 0000 4 0076 5 0000 6 000 0 7 61 6 6 8 8 7 / / 333 10 /// 58 030 6 000 0 7 0000 
30-AUG-2015 03 48004 2 1 1 10 8 13 01 10 246 20 246 3 0000 4 0000 5 0000 6 000 0 7 50 2 2 8 6 9 7 / 333 10 /// 58 000 6 000 0 7 0000 
30-AUG-2015 03 48008 3 1 4 50 6 00 00 10 248 20 233 3 0000 4 0068 5 0000 6 000 0 7 63 6 6 8 4 9 7 / 333 10 /// 59 009 6 000 0 7 0000 
30-AUG-2015 03 48010 3 2 5 56 5 18 01 10 280 20 250 3 0000 4 0071 5 0000 6 000 0 7 00 0 0 8 3 8 3 0 333 10 /// 59 007 6 000 0 7 0000 
30-AUG-2015 03 48018 2 2 5 60 7 22 02 10 295 20 248 3 0000 4 0073 5 0000 6 000 0 7 02 2 2 8 3 8 7 2 333 10 /// 58 008 6 000 0 7 0000 
30-AUG-2015 03 48019 2 2 4 57 8 23 01 10 262 20 246 3 0000 4 0063 5 0000 6 000 0 7 00 0 0 8 5 7 7 0 333 10 /// 58 011 6 000 0 7 0000 
30-AUG-2015 03 48020 3 2 4 58 6 13 04 10 300 20 235 3 0000 4 0000 5 0000 6 000 0 7 00 0 0 8 4 8 3 0 333 10 /// 58 000 6 000 0 7 0000 
30-AUG-2015 03 48025 3 2 3 30 7 14 01 10 303 20 223 3 0000 4 0066 5 0000 6 000 0 7 00 0 0 8 4 8 4 1 333 10 /// 58 009 6 000 0 7 0000 
30-AUG-2015 03 48030 3 1 3 57 6 22 01 10 200 20 185 3 0000 4 0000 5 0000 6 000 0 7 01 4 4 8 4 8 4 0 333 10 /// 58 000 6 000 0 7 0000 
30-AUG-2015 03 48031 3 2 3 60 4 04 02 10 235 20 191 3 0000 4 0000 5 0000 6 000 0 7 00 0 0 8 2 8 7 0 333 10 /// 58 000 6 000 0 7 0000 
30-AUG-2015 03 48033 3 2 5 62 2 18 02 10 300 20 239 3 0000 4 0077 5 0000 6 000 0 7 00 0 0 8 2 5 0 0 333 10 /// 58 016 6 000 0 7 0000 
30-AUG-2015 03 48034 3 2 4 56 8 00 00 10 215 20 190 3 0000 4 0000 5 0000 6 000 0 7 00 0 0 8 6 3 7 / 333 10 /// 58 000 6 000 0 7 0000 
30-AUG-2015 03 48035 3 1 5 60 5 18 03 10 267 20 211 3 0000 4 0057 5 0000 6 000 0 7 01 4 4 8 3 9 6 0 333 10 /// 59 007 6 000 0 7 0000 
30-AUG-2015 03 48037 3 2 5 59 5 18 02 10 298 20 239 3 0000 4 0058 5 0000 6 000 0 7 00 0 0 8 3 8 3 1 333 10 /// 59 000 6 000 0 7 0000 
30-AUG-2015 03 48039 3 2 4 60 3 14 01 10 296 20 239 3 0000 4 0000 5 0000 6 000 0 7 00 0 0 8 1 1 0 2 333 10 /// 58 000 6 000 0 7 0000 
30-AUG-2015 03 48042 3 2 5 58 4 18 04 10 310 20 237 3 0000 4 0067 5 0000 6 000 0 7 00 0 0 8 3 8 0 2 333 10 /// 59 005 6 000 0 7 0000 
30-AUG-2015 03 48043 3 2 5 56 5 18 08 10 235 20 191 3 0000 4 0000 5 0000 6 000 0 7 00 0 0 8 3 2 3 0 333 10 /// 58 000 6 000 0 7 0000 
30-AUG-2015 03 48045 3 2 5 56 4 22 03 10 234 20 163 3 0000 4 0000 5 0000 6 000 0 7 00 0 0 8 1 1 3 6 333 10 /// 58 000 6 000 0 7 0000 
30-AUG-2015 03 48048 3 2 5 60 3 18 02 10 303 20 239 3 0000 4 0070 5 0000 6 000 0 7 00 0 0 8 3 8 0 0 333 10 /// 58 009 6 000 0 7 0000 
30-AUG-2015 03 48051 2 1 4 56 8 31 02 10 260 20 250 3 0000 4 0000 5 0000 6 000 0 7 61 6 6 8 6 9 7 0 333 10 /// 58 000 6 000 0 7 0000 
30-AUG-2015 03 48052 3 2 4 58 8 13 02 10 314 20 254 3 0000 4 0000 5 0000 6 000 0 7 00 0 0 8 3 8 0 0 333 10 /// 58 000 6 000 0 7 0000 
30-AUG-2015 03 48053 3 2 4 56 6 18 04 10 290 20 230 3 0000 4 0082 5 0000 6 000 0 7 00 0 0 8 3 5 5 6 333 10 /// 58 006 6 000 0 7 0000 
30-AUG-2015 03 48055 3 2 5 57 6 22 06 10 247 20 198 3 0000 4 0078 5 0000 6 000 0 7 00 0 0 8 3 9 3 1 333 10 /// 58 011 6 000 0 7 0000 
30-AUG-2015 03 48057 3 2 4 58 5 22 01 10 210 20 175 3 0000 4 0000 5 0000 6 000 0 7 00 0 0 8 3 3 0 6 333 10 /// 58 000 6 000 0 7 0000 
30-AUG-2015 03 48060 2 1 3 30 8 00 00 10 255 20 231 3 0000 4 0066 5 0000 6 000 0 7 50 5 5 8 5 7 7 / 333 10 /// 58 008 6 000 0 7 0000 
30-AUG-2015 03 48062 2 2 4 56 8 18 04 10 290 20 270 3 0000 4 0076 5 0000 6 000 0 7 02 6 5 8 6 9 7 0 333 10 /// 58 002 6 000 0 7 0000 
30-AUG-2015 03 48064 3 2 4 58 7 32 01 10 287 20 259 3 0000 4 0074 5 0000 6 000 0 7 00 0 0 8 4 8 3 1 333 10 /// 58 003 6 000 0 7 0000 
30-AUG-2015 03 48065 3 2 4 56 7 22 01 10 293 20 259 3 0000 4 0000 5 0000 6 000 0 7 00 0 0 8 5 8 7 0 333 10 /// 58 000 6 000 0 7 0000 
30-AUG-2015 03 48071 2 1 4 58 8 23 02 10 265 20 265 3 0000 4 0085 5 0000 6 000 0 7 62 6 6 8 6 9 2 / 333 10 /// 58 000 6 000 0 7 0000 
30-AUG-2015 03 48072 2 1 3 58 8 13 01 10 250 20 250 3 0000 4 0000 5 0000 6 000 0 7 63 6 5 8 6 9 7 / 333 10 /// 58 000 6 000 0 7 0000 
30-AUG-2015 03 48074 3 2 4 58 7 23 04 10 270 20 240 3 0000 4 0111 5 0000 6 000 0 7 00 0 0 8 5 7 6 0 333 10 /// 58 013 6 000 0 7 0000 
30-AUG-2015 03 48075 2 2 4 57 6 00 00 10 250 20 219 3 0000 4 0104 5 0000 6 000 0 7 00 0 0 8 3 8 4 5 333 10 /// 58 018 6 000 0 7 0000 
30-AUG-2015 03 48077 3 2 5 59 7 00 00 10 290 20 259 3 0000 4 0079 5 0000 6 000 0 7 00 0 0 8 5 9 3 1 333 10 /// 58 002 6 000 0 7 0000 
30-AUG-2015 03 48078 2 2 5 57 8 18 03 10 277 20 254 3 0000 4 0101 5 0000 6 000 0 7 00 0 0 8 5 5 7 / 333 10 /// 59 002 6 000 0 7 0000 
30-AUG-2015 03 48080 2 1 4 59 8 04 02 10 263 20 246 3 0000 4 0094 5 0000 6 000 0 7 50 6 5 8 6 9 7 0 333 10 /// 58 002 6 000 0 7 0000 
30-AUG-2015 03 48085 2 1 3 56 8 14 02 10 276 20 268 3 0000 4 0095 5 0000 6 000 0 7 50 6 5 8 6 9 2 0 333 10 /// 58 003 6 000 0 7 0000 
30-AUG-2015 03 48087 2 2 5 50 7 00 00 10 272 20 256 3 0000 4 0000 5 0000 6 000 0 7 00 0 0 8 4 9 7 / 333 10 /// 58 000 6 000 0 7 0000 
30-AUG-2015 03 48092 2 2 4 56 7 23 04 10 293 20 266 3 0000 4 0084 5 0000 6 000 0 7 00 0 0 8 5 9 3 0 333 10 /// 58 001 6 000 0 7 0000 
30-AUG-2015 03 48093 2 2 5 58 8 23 01 10 288 20 258 3 0000 4 0000 5 0000 6 000 0 7 03 2 2 8 6 3 4 1 333 10 /// 58 000 6 000 0 7 0000 
30-AUG-2015 03 48094 2 2 4 59 6 00 00 10 290 20 260 3 0000 4 0093 5 0000 6 000 0 7 00 0 0 8 4 9 7 0 333 10 /// 59 003 6 000 0 7 0000 
30-AUG-2015 03 48095 3 2 5 58 6 22 02 10 290 20 274 3 0000 4 0000 5 0000 6 000 0 7 02 2 2 8 3 6 0 2 333 10 /// 58 000 6 000 0 7 0000 
30-AUG-2015 03 48097 2 2 5 57 7 24 01 10 290 20 259 3 0000 4 0110 5 0000 6 000 0 7 00 0 0 8 5 3 5 0 333 10 /// 59 008 6 000 0 7 0000 
30-AUG-2015 03 48099 2 1 3 30 8 00 00 10 265 20 246 3 0000 4 0126 5 0000 6 000 0 7 02 5 5 8 6 9 7 / 333 10 /// 58 020 6 000 0 7 0000 
30-AUG-2015 03 48101 3 2 5 58 6 27 01 10 290 20 259 3 0000 4 0000 5 0000 6 000 0 7 03 2 2 8 4 3 3 1 333 10 /// 58 000 6 000 0 7 0000 
30-AUG-2015 03 48103 2 1 3 40 8 22 01 10 257 20 246 3 0000 4 0107 5 0000 6 000 0 7 50 5 5 8 6 7 7 / 333 10 /// 58 000 6 000 0 7 0000 
30-AUG-2015 03 48107 2 1 3 50 7 01 30 10 280 20 268 3 0000 4 0105 5 0000 6 000 0 7 01 6 5 8 4 9 7 0 333 10 /// 59 001 6 000 0 7 0000 
30-AUG-2015 03 48108 2 1 5 96 7 23 02 10 270 20 256 3 0000 4 0120 5 0000 6 000 0 7 02 5 5 8 5 3 6 6 333 10 /// 58 008 6 000 0 7 0000 
30-AUG-2015 03 48109 3 2 4 97 5 23 01 10 295 20 253 3 0000 4 0107 5 0000 6 000 0 7 00 0 0 8 4 9 0 1 333 10 /// 58 003 6 000 0 7 0000 
30-AUG-2015 03 48110 2 2 5 96 8 32 01 10 300 20 253 3 0000 4 0121 5 0000 6 000 0 7 00 0 0 8 2 3 5 6 333 10 /// 58 014 6 000 0 7 0000 
30-AUG-2015 03 48112 3 2 5 98 6 32 01 10 290 20 259 3 0000 4 0125 5 0000 6 000 0 7 02 2 2 8 2 2 1 6 333 10 /// 58 010 6 000 0 7 0000 
