



*-*-*


<!--
.style2 {
	font-family:"Courier New", Courier, monospace;
	font-size: 14px;
}
-->






SIBM20 VBRR 300000

AAXX 30004

48001 NIL=

48004 NIL=

48008 31540 30000 10130 20126 40147 71044 81430 333 20122 56560 58009=

48010 31/05 90000 10155 20155 40137 74744 89/// 333 20150 56999 59005=

48018 31956 90000 10150 20134 40132 74244 333 20145 59000=

48019 32940 00000 10129 20120 40139 333 20125 58005=

48020 NIL=

48025 31110 12201 10160 20144 40145 74044 81600 333 20154 56900 58004=

48030 32950 02201 10072 20046 333 20050=

48031 32950 02701 10113 20025 333 20092=

48033 32960 02201 10170 20154 40146 333 20155 58007=

48034 31948 00000 10075 20065 71000 333 20064=

48035 31/01 90000 10077 20055 40168 74744 333 20070 59010=

48037 32920 00000 10163 20144 40119 333 20160 59007=

48039 31450 33601 10164 20144 71011 83400 333 20162 56900=

48042 32956 00000 10167 20154 40131 333 20157 58004=

48043 31010 00000 10100 20100 71022 333 20058=

48045 NIL=

48048 32940 00000 10147 20111 40147 333 20140 58020=

48051 32956 03601 10161 20140 72200 333 20151=

48052 32950 00000 10160 20144 333 20092=

48053 32950 00000 10150 20132 40137 333 20144 58007=

48055 31548 30000 10068 20068 40197 71011 81530 333 20060 56550 58004=

48057 31439 21401 10110 20091 71000 81550 333 20098 56990=

48060 31920 00000 10103 20103 40201 71022 333 20092 58028=

48062 31530 40000 10170 20150 40139 74044 82830 333 20140 56990 58011=

48064 32950 01401 10167 20154 40112 333 20131 58007=

48065 32950 00000 10160 20160 333 20150 56000=

48071 31930 00000 10185 20185 40138 74244 333 20170 58008=

48072 NIL=

48074 32450 20000 10195 20168 40137 81450 333 20175 56990 58013=  

48075 31956 00000 10110 20110 40194 71044 333 20105 58003=

48077 31956 00000 10180 20155 40128 71000 333 20150 58010=

48078 NIL=

48080 31950 00000 10144 20124 40144 71000 333 20135 58017=

48085 31930 01401 10152 20150 40131 74244 333 20150 58015=

48087 NIL=

48092 31508 40000 10150 20134 40115 74011 81431 333 20140 56999 58005=

48093 31920 00000 10169 20154 71000 333 20166=

48094 32456 30000 10190 20180 40135 70111 82501 333 20155 56909 58019=

48095 NIL=

48096 31050 03302 10190 20175 40136 71000 333 20186 58006=

48097 31529 22201 10180 20168 40135 71010 82500 333 20173 56900 59005=

48099 31330 20000 10182 20165 40138 74044 82700 333 20162 56900 58010=

48101 NIL=

48103 32930 00000 10177 20165 40133 333 20168 58013=

48107 31930 00401 10182 20165 40126 74144 333 20170 58009=

48108 31593 60000 10185 20178 40135 74244 82406 333 20175 56909 58014=

48109 31996 00000 10203 20200 40140 71022 333 20192 58014=

48110 31595 51302 10230 20214 40133 70522 82506 333 20225 56909 58015=

48112 32597 60401 10246 20233 40124 83876 333 20198 56199 58008=  
SMBM01 VBRR 300000

NIL=  





