300600 48004 32560 40401 10238 20174 84300 333 56500=
300600 48008 32557 20401 10240 20136 40150 82200 333 56100 59008=
300600 48010 31558 50000 10220 20173 40156 70344 83530 333 56550 58012=
300600 48018 32560 10402 10250 20167 40146 81100 333 56900 59011=
300600 48019 32960 03201 10244 20155 40142 333 59015=
300600 48020 32958 03602 10255 20160 333=
300600 48025 31956 03602 10260 20160 40152 70144 333 59009=
300600 48030 32957 02205 10172 20031 333=
300600 48031 32960 00401 10200 20060 333=
300600 48033 32963 01801 10290 20159 40109 333 59032=
300600 48034 32457 22302 10230 20124 82500 333 56500=
300600 48035 31958 00000 10236 20114 40130 70500 333 59006=
300600 48037 32060 03601 10287 20159 40152 333 58010=
300600 48039 32959 31401 10270 20154 80002 333 56009=
300600 48042 31956 01302 10302 20251 40143 70500 333 59003=
300600 48043 32058 02705 10225 20124 333=
300600 48045 32563 11403 10211 20091 81100 333 56900=
300600 48048 32960 00901 10275 20158 40149 333 59002=
300600 48051 32959 03601 10278 20160 70300 333=
300600 48052 32970 00401 10300 20166 333=
300600 48053 32956 00901 10300 20124 40144 333 58008=
300600 48055 32956 21805 10260 20138 40120 333 59010=
300600 48057 32960 12702 10228 20074 80001 333 56009=
300600 48060 32940 00000 10228 20124 40154 333 59001=
300600 48062 32958 00902 10270 20230 40155 333 58010=
300600 48064 32970 01401 10250 20167 40142 333 58022=
300600 48065 32970 02204 10300 20166 333=
300600 48071 32960 00502 10278 20184 40153 333 58008=
300600 48072 32560 10401 10292 20230 70122 81200 333 56900=
300600 48074 32960 00902 10300 20166 40146 333 59002=
300600 48075 32958 22201 10260 20120 40150 80006 333 56009 58013=
300600 48077 32959 00000 10310 20169 40139 333 58006=
300600 48078 32956 12701 10310 20169 40152 80001 333 56009 58011=
300600 48080 32961 03205 10303 20223 40133 333 58012=
300600 48085 32958 03203 10280 20220 40145 333 58014=
300600 48087 32950 00401 10310 20169 333=
300600 48092 31950 01801 10330 20126 40121 70500 333 58000=
300600 48093 32958 01401 10306 20180 333=
300600 48094 32960 00401 10310 20200 40143 333 58007=
300600 48095 32960 00401 10305 20166 333=
300600 48096 32058 00804 10310 20169 40145 333 58007=
300600 48097 31957 00401 10320 20140 40146 70544 333 58002=
300600 48099 32450 42706 10298 20159 40137 84800 333 56100 58007=
300600 48101 32960 03602 10300 20166 333=
300600 48103 32956 00401 10303 20149 40143 333 58016=
300600 48107 32950 00401 10324 20163 40120 333 58008=  48035 31958 00000 10236 20114 40130 70500 333 59006=  
300600 48108 31996 42303 10320 20184 40140 70122 80006 333 56009 58020=
300600 48109 32997 00401 10310 20225 40158 58015=
300600 48110 31596 33203 10325 20199 40137 70511 81205 333 56209 58016=
300600 48112 32598 60402 10310 20254 40136 82216 333 56199 58012=
