300900 48001 32440 62301 10203 20130 40138 82702 333 56450 58012=
300900 48004 32458 52201 10260 20207 85900 333 56500=
300900 48008 32557 40000 10280 20146 40113 82230 333 56110 59014=
300900 48010 32558 30000 10270 20191 40116 83800 333 56500 59004=
300900 48018 32560 21401 10285 20159 40108 82800 333 56300 59012=
300900 48019 32960 03201 10283 20158 40116 333 59010=
300900 48025 32458 10401 10300 20142 40116 81500 333 56900 59009=
300900 48030 32256 42204 10197 20060 84800 333 56500=
300900 48031 31260 40901 10180 20056 70511 84800 333 56400=
300900 48033 32963 02201 10330 20172 40101 333 59011=
300900 48034 32457 12302 10254 20105 81500 333 56500=
300900 48035 31960 01802 10267 20085 40089 70500 333 59003=
300900 48037 32962 01801 10226 20264 40100 333 59024=
300900 48039 32960 20401 10315 20169 80002 333 56009=
300900 48042 32958 02701 10335 20157 40111 333 58000=
300900 48043 32058 03205 10245 20126 333=
300900 48045 32560 11806 10235 20095 81100 333 56900=
300900 48048 32962 01801 10340 20145 40117 333 59009=
300900 48051 32560 23601 10317 20160 82200 333 56600=
300900 48052 32970 02202 10352 20113 333=
300900 48053 32956 03202 10330 20151 40102 333 59001=
300900 48055 32557 12304 10295 20115 40080 81500 333 56500 59008=
300900 48057 32960 12702 10248 20068 80030 333 56090=
300900 48060 32440 13201 10288 20092 40090 81100 333 56500 59016=
300900 48062 32957 02703 10287 20230 40130 70500 333 58013=
300900 48064 32970 00000 10303 20207 40083 333 59004=
300900 48065 32970 00000 10330 20151 333=
300900 48071 32960 02703 10280 20220 40126 333 58008=
300900 48072 32560 10401 10310 20284 70222 81200 333 56900=
300900 48074 32560 13201 10330 20164 40110 81100 333 56300 58002=
300900 48075 32560 22201 10300 20100 40110 82500 333 56500 58021=
300900 48077 32959 20401 10350 20158 40103 80001 333 56009 59005=
300900 48078 32958 11801 10338 20195 40115 80001 333 56009 59006=
300900 48080 32960 02208 10320 20248 40114 333 58012=
300900 48085 32958 03205 10300 20185 40118 333 58008=
300900 48092 32559 12301 10340 20112 40097 81400 333 56900 58004=
300900 48093 32958 02301 10334 20151 333=
300900 48094 32960 13202 10335 20200 40119 80001 333 56009 58007=
300900 48095 32960 00401 10340 20206 333=
300900 48096 32058 02706 10320 20140 40119 333 58007=
300900 48097 32957 03102 10335 20148 40121 333 59007=
300900 48099 32558 22302 10345 20184 40112 82800 333 56700 58007=
300900 48101 32960 00000 10317 20200 333=
300900 48103 32957 03201 10337 20145 40111 333 58014=
300900 48107 32950 00401 10318 20184 40107 333 58014=  
300900 48108 32596 53208 10330 20191 40115 82206 333 56909 58019=
300900 48109 32597 10401 10304 20239 40132 81500 333 56900 58014=
300900 48110 31596 23205 10330 20212 40108 70511 81205 333 56909 58009=
