30-JUN-2015 00 48008 2 1 4 56 8 00 00 10 260 20 233 3 0000 4 0060 5 0000 6 000 0 7 50 6 6 8 4 9 7 / 333 20 245 59 019 6 005 2 7 0000 
30-JUN-2015 00 48010 2 2 4 30 8 00 00 10 265 20 253 3 0000 4 0047 5 0000 6 000 0 7 00 0 0 8 5 7 7 / 333 20 260 59 025 6 000 2 7 0000 
30-JUN-2015 00 48018 3 2 5 56 7 22 01 10 270 20 240 3 0000 4 0054 5 0000 6 000 0 7 00 0 0 8 4 9 7 / 333 20 253 59 028 6 000 2 7 0000 
30-JUN-2015 00 48019 3 2 4 40 7 00 00 10 275 20 256 3 0000 4 0055 5 0000 6 000 0 7 00 0 0 8 4 6 6 0 333 20 270 59 020 6 000 2 7 0000 
30-JUN-2015 00 48025 2 2 4 20 4 00 00 10 270 20 256 3 0000 4 0057 5 0000 6 000 0 7 00 0 0 8 1 5 4 0 333 20 266 59 012 6 005 2 7 0000 
30-JUN-2015 00 48033 3 2 5 61 4 13 02 10 260 20 246 3 0000 4 0078 5 0000 6 000 0 7 00 0 0 8 2 5 0 6 333 20 250 59 007 6 000 2 7 0000 
30-JUN-2015 00 48035 3 2 5 60 7 22 03 10 239 20 209 3 0000 4 0071 5 0000 6 000 0 7 00 0 0 8 5 9 7 0 333 20 232 59 017 6 000 2 7 0000 
30-JUN-2015 00 48037 3 2 5 57 3 14 01 10 273 20 226 3 0000 4 0047 5 0000 6 000 0 7 00 0 0 8 1 5 3 0 333 20 268 59 035 6 000 2 7 0000 
30-JUN-2015 00 48042 2 2 5 58 3 18 02 10 260 20 229 3 0000 4 0068 5 0000 6 000 0 7 00 0 0 8 2 4 0 2 333 20 240 59 027 6 002 2 7 0000 
30-JUN-2015 00 48048 3 2 5 50 3 22 01 10 273 20 240 3 0000 4 0061 5 0000 6 000 0 7 00 0 0 8 3 4 0 0 333 20 267 59 015 6 000 2 7 0000 
30-JUN-2015 00 48053 2 2 4 50 5 18 03 10 240 20 226 3 0000 4 0087 5 0000 6 000 0 7 00 0 0 8 3 5 5 6 333 20 239 59 012 6 990 2 7 0000 
30-JUN-2015 00 48055 2 2 5 56 4 00 00 10 203 20 195 3 0000 4 0088 5 0000 6 000 0 7 00 0 0 8 2 5 0 1 333 20 198 59 024 6 000 2 7 0000 
30-JUN-2015 00 48060 3 2 3 30 5 00 00 10 232 20 214 3 0000 4 0079 5 0000 6 000 0 7 00 0 0 8 3 1 3 0 333 20 214 58 001 6 000 2 7 0000 
30-JUN-2015 00 48062 2 1 4 56 8 13 07 10 250 20 250 3 0000 4 0078 5 0000 6 000 0 7 20 5 5 8 4 9 7 0 333 20 217 59 014 6 024 2 7 0000 
30-JUN-2015 00 48064 2 2 4 50 6 32 02 10 256 20 246 3 0000 4 0059 5 0000 6 000 0 7 00 0 0 8 4 8 3 1 333 20 225 59 015 6 000 2 7 0000 
30-JUN-2015 00 48071 2 1 4 56 7 23 01 10 240 20 240 3 0000 4 0081 5 0000 6 000 0 7 21 6 3 8 6 9 7 0 333 20 233 59 010 6 011 2 7 0000 
30-JUN-2015 00 48074 2 2 5 58 2 00 00 10 250 20 233 3 0000 4 0108 5 0000 6 000 0 7 00 0 0 8 2 5 0 0 333 10 220 59 010 6 000 2 7 0000 
30-JUN-2015 00 48075 2 2 4 56 6 00 00 10 215 20 215 3 0000 4 0122 5 0000 6 000 0 7 00 0 0 8 4 8 7 0 333 10 /// 59 013 6 000 2 7 0000 
30-JUN-2015 00 48077 2 2 5 56 8 23 02 10 250 20 233 3 0000 4 0084 5 0000 6 000 0 7 00 0 0 8 5 9 3 1 333 20 230 59 017 6 000 2 7 0000 
30-JUN-2015 00 48078 2 2 5 50 5 18 01 10 242 20 233 3 0000 4 0103 5 0000 6 000 0 7 00 0 0 8 3 5 3 1 333 20 235 59 012 6 000 0 7 0000 
30-JUN-2015 00 48080 2 1 4 56 6 04 03 10 240 20 226 3 0000 4 0101 5 0000 6 000 0 7 02 6 5 8 4 8 7 0 333 20 228 59 010 6 001 2 7 0000 
30-JUN-2015 00 48085 2 1 3 56 8 23 01 10 244 20 240 3 0000 4 0094 5 0000 6 000 0 7 50 6 5 8 4 9 7 6 333 20 240 59 011 6 006 2 7 0000 
30-JUN-2015 00 48092 2 1 2 56 8 00 00 10 240 20 240 3 0000 4 0074 5 0000 6 000 0 7 51 5 5 8 5 9 7 / 333 20 235 59 020 6 013 2 7 0000 
30-JUN-2015 00 48094 2 1 4 56 8 00 00 10 242 20 242 3 0000 4 0105 5 0000 6 000 0 7 21 6 6 8 5 9 7 / 333 20 190 58 000 6 016 2 7 0000 
30-JUN-2015 00 48097 2 1 4 56 8 09 01 10 240 20 240 3 0000 4 0119 5 0000 6 000 0 7 50 6 5 8 5 9 7 / 333 20 240 58 007 6 046 2 7 0000 
30-JUN-2015 00 48099 2 1 3 30 8 23 01 10 240 20 240 3 0000 4 0121 5 0000 6 000 0 7 51 5 5 8 6 9 2 / 333 20 230 58 004 6 005 2 7 0000 
30-JUN-2015 00 48103 2 1 3 30 8 04 01 10 233 20 233 3 0000 4 0120 5 0000 6 000 0 7 50 6 6 8 6 7 2 / 333 20 226 58 001 6 026 2 7 0000 
30-JUN-2015 00 48107 2 1 3 30 8 23 02 10 232 20 232 3 0000 4 0129 5 0000 6 000 0 7 61 6 6 8 5 9 7 / 333 20 226 58 012 6 017 2 7 0000 
30-JUN-2015 00 48108 2 1 4 94 7 00 00 10 230 20 222 3 0000 4 0125 5 0000 6 000 0 7 20 6 5 8 4 3 7 7 333 20 220 59 007 6 007 2 7 0000 
30-JUN-2015 00 48110 2 2 5 96 6 00 00 10 240 20 240 3 0000 4 0120 5 0000 6 000 0 7 00 0 0 8 2 3 5 6 333 20 240 59 008 6 000 2 7 0000 
30-JUN-2015 00 48112 3 2 5 98 6 22 02 10 263 20 246 3 0000 4 0120 5 0000 6 000 0 7 00 0 0 8 2 2 4 6 333 20 213 59 007 6 000 2 7 0000 
