30-JUN-2015 06 48001 2 1 4 40 8 09 01 10 275 20 250 3 0000 4 0046 5 0000 6 000 0 7 50 6 5 8 4 7 7 / 333 10 /// 59 016 6 000 0 7 0000 
30-JUN-2015 06 48004 3 2 1 10 8 00 00 10 265 20 265 3 0000 4 0000 5 0000 6 000 0 7 00 0 0 8 6 9 7 / 333 10 /// 58 000 6 000 0 7 0000 
30-JUN-2015 06 48008 3 2 4 57 8 14 02 10 288 20 243 3 0000 4 0067 5 0000 6 000 0 7 00 0 0 8 4 9 7 / 333 10 /// 59 018 6 000 0 7 0000 
30-JUN-2015 06 48010 3 2 5 58 6 18 01 10 310 20 267 3 0000 4 0054 5 0000 6 000 0 7 00 0 0 8 5 8 3 0 333 10 /// 59 024 6 000 0 7 0000 
30-JUN-2015 06 48018 3 2 5 60 7 22 02 10 325 20 236 3 0000 4 0071 5 0000 6 000 0 7 00 0 0 8 4 8 7 / 333 10 /// 58 016 6 000 0 7 0000 
30-JUN-2015 06 48019 3 2 4 57 8 00 00 10 318 20 281 3 0000 4 0066 5 0000 6 000 0 7 00 0 0 8 5 7 7 0 333 10 /// 59 022 6 000 0 7 0000 
30-JUN-2015 06 48020 3 2 4 60 3 09 03 10 330 20 275 3 0000 4 0000 5 0000 6 000 0 7 00 0 0 8 3 2 0 0 333 10 /// 58 000 6 000 0 7 0000 
30-JUN-2015 06 48025 3 2 4 56 5 14 01 10 339 20 257 3 0000 4 0064 5 0000 6 000 0 7 00 0 0 8 3 8 4 0 333 10 /// 59 024 6 000 0 7 0000 
30-JUN-2015 06 48030 2 1 2 50 8 22 02 10 207 20 175 3 0000 4 0000 5 0000 6 000 0 7 50 5 5 8 7 9 4 0 333 10 /// 58 000 6 000 0 7 0000 
30-JUN-2015 06 48031 3 2 2 60 4 14 01 10 245 20 209 3 0000 4 0000 5 0000 6 000 0 7 00 0 0 8 4 9 0 0 333 10 /// 58 000 6 000 0 7 0000 
30-JUN-2015 06 48033 3 2 5 63 6 18 01 10 320 20 236 3 0000 4 0076 5 0000 6 000 0 7 00 0 0 8 6 9 0 0 333 10 /// 59 012 6 000 0 7 0000 
30-JUN-2015 06 48034 2 1 4 56 8 23 02 10 224 20 205 3 0000 4 0000 5 0000 6 000 0 7 02 5 5 8 6 3 7 / 333 10 /// 58 000 6 000 0 7 0000 
30-JUN-2015 06 48035 3 2 5 60 8 22 03 10 290 20 185 3 0000 4 0049 5 0000 6 000 0 7 00 0 0 8 5 9 7 / 333 10 /// 59 025 6 000 0 7 0000 
30-JUN-2015 06 48037 3 2 5 60 5 14 01 10 343 20 225 3 0000 4 0064 5 0000 6 000 0 7 00 0 0 8 5 8 0 0 333 10 /// 59 014 6 000 0 7 0000 
30-JUN-2015 06 48039 3 2 4 60 3 32 01 10 328 20 234 3 0000 4 0000 5 0000 6 000 0 7 00 0 0 8 3 1 0 0 333 10 /// 58 000 6 000 0 7 0000 
30-JUN-2015 06 48042 3 2 5 59 3 18 04 10 354 20 237 3 0000 4 0064 5 0000 6 000 0 7 00 0 0 8 3 8 0 0 333 10 /// 59 024 6 000 0 7 0000 
30-JUN-2015 06 48043 3 2 5 56 8 18 05 10 255 20 215 3 0000 4 0000 5 0000 6 000 0 7 00 0 0 8 5 8 7 / 333 10 /// 58 000 6 000 0 7 0000 
30-JUN-2015 06 48045 3 2 5 58 5 18 02 10 260 20 203 3 0000 4 0000 5 0000 6 000 0 7 00 0 0 8 5 3 0 0 333 10 /// 58 000 6 000 0 7 0000 
30-JUN-2015 06 48048 3 2 5 60 4 18 02 10 350 20 219 3 0000 4 0070 5 0000 6 000 0 7 00 0 0 8 4 8 0 0 333 10 /// 59 015 6 000 0 7 0000 
30-JUN-2015 06 48051 2 2 5 59 7 13 01 10 270 20 260 3 0000 4 0000 5 0000 6 000 0 7 03 2 2 8 5 9 7 0 333 10 /// 58 000 6 000 0 7 0000 
30-JUN-2015 06 48052 3 2 4 68 2 22 02 10 360 20 235 3 0000 4 0000 5 0000 6 000 0 7 00 0 0 8 4 8 0 0 333 10 /// 58 000 6 000 0 7 0000 
30-JUN-2015 06 48053 3 2 4 56 6 18 05 10 320 20 238 3 0000 4 0083 5 0000 6 000 0 7 00 0 0 8 4 8 5 0 333 10 /// 59 007 6 000 0 7 0000 
30-JUN-2015 06 48055 3 2 5 57 7 22 03 10 278 20 203 3 0000 4 0062 5 0000 6 000 0 7 00 0 0 8 6 9 7 0 333 10 /// 59 017 6 000 0 7 0000 
30-JUN-2015 06 48057 3 2 4 58 6 22 02 10 230 20 181 3 0000 4 0000 5 0000 6 000 0 7 00 0 0 8 4 3 5 0 333 10 /// 58 000 6 000 0 7 0000 
30-JUN-2015 06 48060 3 2 3 40 7 22 04 10 297 20 185 3 0000 4 0057 5 0000 6 000 0 7 00 0 0 8 4 8 3 0 333 10 /// 59 016 6 000 0 7 0000 
30-JUN-2015 06 48062 2 1 4 56 8 18 02 10 265 20 260 3 0000 4 0088 5 0000 6 000 0 7 50 5 5 8 6 9 2 0 333 10 /// 59 023 6 000 0 7 0000 
30-JUN-2015 06 48064 3 2 5 68 6 04 01 10 306 20 267 3 0000 4 0069 5 0000 6 000 0 7 00 0 0 8 4 8 3 1 333 10 /// 59 013 6 000 0 7 0000 
30-JUN-2015 06 48065 3 2 5 57 7 14 01 10 305 20 254 3 0000 4 0000 5 0000 6 000 0 7 00 0 0 8 5 5 7 0 333 10 /// 58 000 6 000 0 7 0000 
30-JUN-2015 06 48071 2 1 4 58 8 23 03 10 260 20 260 3 0000 4 0099 5 0000 6 000 0 7 51 6 5 8 6 9 2 / 333 10 /// 59 017 6 000 0 7 0000 
30-JUN-2015 06 48072 2 1 4 58 8 13 02 10 240 20 240 3 0000 4 0000 5 0000 6 000 0 7 50 6 5 8 6 9 7 / 333 10 /// 58 000 6 000 0 7 0000 
30-JUN-2015 06 48074 3 2 4 60 6 14 02 10 300 20 253 3 0000 4 0103 5 0000 6 000 0 7 00 0 0 8 4 8 6 0 333 10 /// 59 008 6 000 0 7 0000 
30-JUN-2015 06 48075 3 2 4 57 5 22 02 10 280 20 203 3 0000 4 0095 5 0000 6 000 0 7 02 2 2 8 4 8 3 0 333 10 /// 59 025 6 000 0 7 0000 
30-JUN-2015 06 48077 2 1 4 58 8 23 02 10 240 20 240 3 0000 4 0096 5 0000 6 000 0 7 03 9 6 8 5 9 7 0 333 10 /// 59 012 6 000 0 7 0000 
30-JUN-2015 06 48078 3 2 5 60 5 14 05 10 298 20 253 3 0000 4 0112 5 0000 6 000 0 7 00 0 0 8 4 8 0 1 333 10 /// 59 010 6 000 0 7 0000 
30-JUN-2015 06 48080 2 1 4 60 5 04 04 10 270 20 240 3 0000 4 0112 5 0000 6 000 0 7 01 6 5 8 3 8 7 0 333 10 /// 59 015 6 000 0 7 0000 
30-JUN-2015 06 48085 3 1 4 57 8 36 02 10 270 20 240 3 0000 4 0114 5 0000 6 000 0 7 50 5 2 8 6 9 2 0 333 10 /// 59 007 6 000 0 7 0000 
30-JUN-2015 06 48087 2 1 4 58 8 23 02 10 280 20 233 3 0000 4 0000 5 0000 6 000 0 7 03 5 5 8 5 7 / / 333 10 /// 58 000 6 000 0 7 0000 
30-JUN-2015 06 48092 3 2 4 57 7 00 00 10 282 20 259 3 0000 4 0100 5 0000 6 000 0 7 00 0 0 8 5 3 7 / 333 10 /// 59 006 6 000 0 7 0000 
30-JUN-2015 06 48093 3 2 5 58 8 23 01 10 279 20 260 3 0000 4 0000 5 0000 6 000 0 7 00 0 0 8 6 3 7 / 333 10 /// 58 000 6 000 0 7 0000 
30-JUN-2015 06 48094 3 2 4 57 8 22 01 10 270 20 265 3 0000 4 0114 5 0000 6 000 0 7 00 0 0 8 5 9 4 0 333 10 /// 59 008 6 000 0 7 0000 
30-JUN-2015 06 48095 3 2 4 58 8 00 00 10 280 20 280 3 0000 4 0000 5 0000 6 000 0 7 02 2 2 8 4 8 7 0 333 10 /// 58 000 6 000 0 7 0000 
30-JUN-2015 06 48097 3 1 4 57 8 23 02 10 270 20 256 3 0000 4 0125 5 0000 6 000 0 7 02 5 2 8 7 3 / / 333 10 /// 59 001 6 000 0 7 0000 
30-JUN-2015 06 48099 2 1 4 50 7 09 02 10 280 20 250 3 0000 4 0115 5 0000 6 000 0 7 01 5 1 8 5 9 3 0 333 10 /// 59 008 6 000 0 7 0000 
30-JUN-2015 06 48101 3 1 5 58 8 00 00 10 278 20 250 3 0000 4 0000 5 0000 6 000 0 7 02 5 2 8 5 9 2 / 333 10 /// 58 000 6 000 0 7 0000 
30-JUN-2015 06 48103 3 2 4 56 7 14 01 10 298 20 253 3 0000 4 0113 5 0000 6 000 0 7 00 0 0 8 5 7 7 / 333 10 /// 59 011 6 000 0 7 0000 
30-JUN-2015 06 48107 3 2 3 50 6 27 01 10 294 20 259 3 0000 4 0116 5 0000 6 000 0 7 00 0 0 8 4 9 7 0 333 10 /// 59 001 6 000 0 7 0000 
30-JUN-2015 06 48108 2 1 4 95 8 23 01 10 260 20 246 3 0000 4 0142 5 0000 6 000 0 7 50 6 5 8 4 3 7 / 333 10 /// 58 001 6 000 0 7 0000 
30-JUN-2015 06 48109 3 2 4 97 7 23 01 10 307 20 282 3 0000 4 0112 5 0000 6 000 0 7 00 0 0 8 5 9 7 0 333 10 /// 59 011 6 000 0 7 0000 
30-JUN-2015 06 48110 3 2 5 96 5 32 03 10 325 20 253 3 0000 4 0128 5 0000 6 000 0 7 00 0 0 8 2 3 5 6 333 10 /// 59 015 6 000 0 7 0000 
30-JUN-2015 06 48112 3 2 5 98 6 22 02 10 328 20 275 3 0000 4 0131 5 0000 6 000 0 7 01 2 2 8 2 2 1 6 333 10 /// 59 009 6 000 0 7 0000 
