300000 48004 21110 80000 10249 20249 70265 8697/ 333 20218 56559 60252=
300000 48008 21456 80000 10260 20233 40060 75066 8497/ 333 20245 56439 59019 60052=
300000 48010 22430 80000 10265 20253 40047 8577/ 333 20260 56449 59025 60002=
300000 48018 32556 72201 10270 20240 40054 8497/ 333 20253 56569 59028 60002=
300000 48019 32440 70000 10275 20256 40055 84660 333 20270 56560 59020 60002=
300000 48020 32340 50000 10270 20256 83530 333 20255 56440 60002=
300000 48025 22420 40000 10270 20256 40057 81540 333 20266 56550 59012 60052=
300000 48035 32560 72203 10239 20209 40071 85970 333 20232 56490 59017 60002=
300000 48037 32557 31401 10273 20226 40047 81530 333 20268 56540 59035 60002=
300000 48042 22558 31802 10260 20229 40068 82402 333 20240 56409 59027 60022=
300000 48048 32550 32201 10273 20240 40061 83400 333 20267 56900 59015 60002=
300000 48051 22558 23201 10242 20242 70122 83936 333 20241 56499 60152=
300000 48053 22450 51803 10240 20226 40087 83556 333 20239 56599 59012 69902=
300000 48060 32330 50000 10232 20214 40079 83130 333 20214 56560 58001 60002=
300000 48062 21456 81307 10250 20250 40078 72055 84970 333 20217 56490 59014 60242=
300000 48071 21456 72301 10240 20240 40081 72163 86970 333 20233 56590 59010 60112=
300000 48075 22456 60000 10215 20215 40122 84870 333 56590 59013 60002=
300000 48077 22556 82302 10250 20233 40084 85931 333 20230 56999 59017 60002=
300000 48078 22550 51801 10242 20233 40103 83531 333 20235 56699 59012=
300000 48080 21456 60403 10240 20226 40101 70265 84870 333 20228 56590 59010 60012=
300000 48085 21356 82301 10244 20240 40094 75065 84976 333 20240 56999 59011 60062=
300000 48108 21494 70000 10230 20222 40125 72065 84377 333 20220 56999 59007 60072=
300000 48110 22596 60000 10240 20240 40120 82356 333 20240 56599 59008 60002=
300000 48112 32598 62202 10263 20246 40120 82246 333 20213 56599 59007 60002=
300000 48030 21256 32202 10172 20154 70155 82840 333 20152 56560 60012=
300000 48087 22450 70000 10246 20246 70322 8497/ 333 20242 5649/ 60042=
300000 48099 21330 82301 10240 20240 40121 75155 8692/ 333 20230 5659/ 58004 60052=
300000 48101 21450 80000 10245 20245 75365 8597/ 333 20213 5659/ 60242=
300000 48103 21330 80401 10233 20233 40120 75066 8672/ 333 20226 5619/ 58001 60262=
300000 48057 22457 71401 10190 20175 85950 333 20180 56490 60002=
300000 48094 21456 80000 10242 20242 40105 72166 8597/ 333 20190 5659/ 58000 60162=
300000 48097 21456 80901 10240 20240 40119 75065 8597/ 333 20240 5669/ 58007 60462=
300000 48031 32260 83201 10175 20165 84840 333 20168 56860 60002=
300000 48033 32561 41302 10260 20246 40078 82506 333 20250 56909 59007 60002=
300000 48034 21248 80000 10198 20198 75065 8692/ 333 20193 5659/ 60212=
300000 48039 21456 41402 10252 20229 70166 82502 333 20235 56505 60162=
300000 48043 32520 80000 10200 20200 8587/ 333 20168 56599 60002=
300000 48052 32450 41301 10270 20240 84800 333 20265 56900 60002=
300000 48055 22556 40000 10203 20195 40088 82501 333 20198 56509 59024 60002=
300000 48064 22450 63202 10256 20246 40059 84831 333 20225 56449 59015 60002=
300000 48065 22450 80302 10255 20255 85570 333 20225 56390 60002=
300000 48074 22558 20000 10250 20233 40108 82500 333 10220 56400 59010 60002=
300000 48092 21256 80000 10240 20240 40074 75155 8597/ 333 20235 5669/ 59020 60132=
300000 48093 21440 81401 10248 20233 70265 8697/ 333 20238 56599 60132=
300000 48107 21330 82302 10232 20232 40129 76166 8597/ 333 20226 5655/ 58012 60172=  
