300300 48001 22440 80000 10250 20233 40051 8477/ 333 56339 59023=
300300 48004 21110 80000 10250 20250 70252 8697/ 333 56559=
300300 48008 21456 81402 10265 20260 40072 75065 8497/ 333 56459 59022=
300300 48010 22440 71801 10275 20268 40069 84731 333 56499 59022=
300300 48018 32560 72201 10292 20230 40073 83872 333 56554 59020=
300300 48019 32457 80000 10293 20259 40062 85760 333 56560 59020=
300300 48020 32458 41303 10310 20254 83830 333 56440=
300300 48025 22440 70000 10290 20248 40066 85840 333 56540 59026=
300300 48035 32560 82204 10266 20191 40069 8597/ 333 56599 59016=
300300 48037 32558 31402 10300 20223 40062 83100 333 56500 59031=
300300 48042 22558 21802 10310 20237 40073 82800 333 56400 59025=
300300 48045 32557 31403 10230 20163 82603 333 56509=
300300 48048 32560 31802 10305 20225 40074 84800 333 56900 59019=
300300 48051 22558 63601 10270 20260 70222 83930 333 56490=
300300 48053 22458 31804 10280 20233 40093 81556 333 56599 59013=
300300 48060 32340 70000 10262 20215 40084 84830 333 56560 59007=
300300 48062 21356 81304 10250 20250 40089 72166 86920 333 56490 59014=
300300 48071 21358 82704 10248 20245 40104 76366 8692/ 333 5699/ 59008=
300300 48075 22457 73201 10250 20205 40135 70222 85840 333 56590 58005=
300300 48077 22559 70000 10278 20233 40094 85931 333 56499 59017=
300300 48078 22550 71801 10270 20240 40118 8457/ 333 56699 59007=
300300 48080 22459 82207 10264 20229 40118 85970 333 56590 59013=
300300 48085 21457 81402 10260 20246 40115 75065 86970 333 56990 58001=
300300 48095 22458 80000 10260 20260 70322 85970 333 56990=
300300 48108 21495 82301 10240 20233 40144 75165 8537/ 333 5669/ 59005=
300300 48109 22496 82302 10290 20259 40113 8697/ 333 5699/ 59014=
300300 48110 22596 41301 10295 20250 40134 82346 333 56599 59014=
300300 48112 32598 62201 10310 20267 40130 82216 333 56599 59017=
300300 48030 22256 52202 10192 20168 82242 333 56569=
300300 48072 21459 81302 10260 20246 70365 8697/ 333 5699/=
300300 48087 22450 80000 10267 20256 8237/ 333 5649/=
300300 48099 21340 80000 10250 20233 40125 75155 8697/ 333 5699/ 59014=
300300 48101 21457 80000 10258 20246 70252 8497/ 333 5699/=
300300 48103 21350 81401 10261 20229 40131 70255 8577/ 333 5639/ 59001=
300300 48057 22458 52202 10214 20175 84350 333 56590=
300300 48094 22457 80000 10255 20250 40117 70322 8597/ 333 5659/ 58005=
300300 48097 21557 72301 10255 20248 40136 70152 85350 333 56990 59004=
300300 48031 32260 30401 10220 20185 81202 333 56909=
300300 48033 32563 21801 10310 20225 40080 82500 333 56400 59011=
300300 48034 21356 80000 10203 20201 75055 8692/ 333 56599=
300300 48039 22460 31401 10294 20230 82102 333 56505=
300300 48043 32556 81805 10245 20205 8287/ 333 56599=
300300 48052 32458 21302 10312 20225 82202 333 56900=
300300 48055 22557 32304 10262 20203 40079 82101 333 56509 59020=
300300 48064 22458 53201 10278 20250 40069 83831 333 56449 59009=
300300 48065 22556 40402 10282 20250 81171 333 56599=
300300 48074 22459 80402 10270 20240 40118 83550 333 56440 59008=
300300 48092 21457 81301 10265 20251 40104 70255 8597/ 333 5659/ 59007=
300300 48093 21557 82301 10260 20246 8697/ 333 56999=
300300 48107 21350 62301 10254 20254 40126 70166 84970 333 56550 59015=  
