30-MAR-2015 12 48004 3 2 3 58 7 32 03 10 301 20 185 3 0000 4 0000 5 0000 6 000 0 7 00 0 0 8 7 9 0 0 333 10 357 58 000 6 000 0 7 0000 
30-MAR-2015 12 48008 2 1 4 50 6 00 00 10 320 20 215 3 0000 4 0056 5 0000 6 000 0 7 05 5 4 8 4 9 7 0 333 10 360 59 022 6 990 2 7 0000 
30-MAR-2015 12 48010 3 1 5 56 7 00 00 10 300 20 223 3 0000 4 0056 5 0000 6 000 0 7 10 4 4 8 4 8 7 0 333 10 336 59 024 6 000 0 7 0000 
30-MAR-2015 12 48018 3 2 5 56 6 14 01 10 335 20 225 3 0000 4 0071 5 0000 6 000 0 7 00 0 0 8 3 8 7 0 333 10 365 59 008 6 000 0 7 0000 
30-MAR-2015 12 48019 3 2 5 40 5 00 00 10 330 20 256 3 0000 4 0054 5 0000 6 000 0 7 00 0 0 8 0 0 4 5 333 10 356 59 021 6 000 0 7 0000 
30-MAR-2015 12 48020 3 1 2 50 6 36 03 10 350 20 237 3 0000 4 0000 5 0000 6 000 0 7 05 0 0 8 6 7 0 0 333 10 385 58 000 6 000 0 7 0000 
30-MAR-2015 12 48025 3 1 4 40 3 00 00 10 364 20 195 3 0000 4 0044 5 0000 6 000 0 7 04 4 4 8 2 8 4 0 333 10 377 59 030 6 000 0 7 0000 
30-MAR-2015 12 48030 3 1 1 50 7 04 01 10 226 20 124 3 0000 4 0000 5 0000 6 000 0 7 05 4 4 8 5 9 7 0 333 10 252 58 000 6 000 0 7 0000 
30-MAR-2015 12 48033 3 2 9 60 0 00 00 10 340 20 257 3 0000 4 0059 5 0000 6 000 0 7 00 0 0 8 0 0 0 0 333 10 370 59 021 6 000 0 7 0000 
30-MAR-2015 12 48035 3 1 5 40 6 27 02 10 281 20 126 3 0000 4 0050 5 0000 6 000 0 7 05 2 2 8 4 9 6 0 333 10 326 59 014 6 000 0 7 0000 
30-MAR-2015 12 48037 3 2 9 50 0 00 00 10 363 20 235 3 0000 4 0057 5 0000 6 000 0 7 00 0 0 8 0 0 0 0 333 10 386 58 002 6 000 0 7 0000 
30-MAR-2015 12 48039 3 2 4 56 3 04 01 10 349 20 182 3 0000 4 0000 5 0000 6 000 0 7 00 0 0 8 3 8 0 0 333 10 380 58 000 6 000 0 7 0000 
30-MAR-2015 12 48042 3 2 5 57 1 36 01 10 352 20 202 3 0000 4 0051 5 0000 6 000 0 7 00 0 0 8 1 1 0 0 333 10 400 59 019 6 000 0 7 0000 
30-MAR-2015 12 48043 3 2 0 30 0 27 03 10 264 20 133 3 0000 4 0000 5 0000 6 000 0 7 00 0 0 8 0 0 0 0 333 10 295 58 000 6 000 0 7 0000 
30-MAR-2015 12 48048 3 2 5 50 2 18 01 10 372 20 190 3 0000 4 0050 5 0000 6 000 0 7 00 0 0 8 2 8 0 0 333 10 405 59 019 6 000 0 7 0000 
30-MAR-2015 12 48052 3 2 4 50 2 22 01 10 388 20 198 3 0000 4 0000 5 0000 6 000 0 7 00 0 0 8 2 2 0 0 333 10 407 58 000 6 000 0 7 0000 
30-MAR-2015 12 48053 3 1 5 50 2 18 01 10 360 20 235 3 0000 4 0065 5 0000 6 000 0 7 05 1 1 8 2 5 0 0 333 10 385 59 001 6 000 0 7 0000 
30-MAR-2015 12 48055 3 2 5 56 7 32 03 10 292 20 140 3 0000 4 0043 5 0000 6 000 0 7 00 0 0 8 6 9 0 1 333 10 328 59 014 6 000 0 7 0000 
30-MAR-2015 12 48057 3 2 4 56 6 14 01 10 246 20 105 3 0000 4 0000 5 0000 6 000 0 7 00 0 0 8 4 3 5 0 333 10 285 58 000 6 000 0 7 0000 
30-MAR-2015 12 48060 3 2 4 30 2 00 00 10 280 20 146 3 0000 4 0055 5 0000 6 000 0 7 00 0 0 8 2 1 0 0 333 10 328 59 016 6 000 0 7 0000 
30-MAR-2015 12 48062 3 2 5 56 2 27 06 10 287 20 260 3 0000 4 0089 5 0000 6 000 0 7 03 1 1 8 2 5 0 0 333 10 323 59 006 6 000 0 7 0000 
30-MAR-2015 12 48064 3 2 9 50 0 14 01 10 360 20 235 3 0000 4 0041 5 0000 6 000 0 7 00 0 0 8 0 0 0 0 333 10 412 59 001 6 000 0 7 0000 
30-MAR-2015 12 48065 3 2 9 50 1 32 02 10 368 20 171 3 0000 4 0000 5 0000 6 000 0 7 00 0 0 8 0 0 0 1 333 10 410 58 000 6 000 0 7 0000 
30-MAR-2015 12 48071 3 2 9 56 0 32 04 10 298 20 239 3 0000 4 0096 5 0000 6 000 0 7 00 0 0 8 0 0 0 0 333 10 325 59 002 6 000 0 7 0000 
30-MAR-2015 12 48072 3 2 9 57 0 27 02 10 290 20 248 3 0000 4 0000 5 0000 6 000 0 7 00 0 0 8 0 0 0 0 333 10 336 58 000 6 000 0 7 0000 
30-MAR-2015 12 48074 3 2 4 58 2 04 01 10 357 20 214 3 0000 4 0074 5 0000 6 000 0 7 00 0 0 8 2 4 0 0 333 10 395 59 003 6 000 0 7 0000 
30-MAR-2015 12 48075 3 1 4 56 3 32 01 10 280 20 150 3 0000 4 0068 5 0000 6 000 0 7 05 1 1 8 3 8 0 0 333 10 320 59 001 6 000 0 7 0000 
30-MAR-2015 12 48077 3 2 5 56 2 23 02 10 350 20 143 3 0000 4 0063 5 0000 6 000 0 7 00 0 0 8 1 2 0 1 333 10 402 59 008 6 000 0 7 0000 
30-MAR-2015 12 48078 3 2 5 40 4 00 00 10 359 20 204 3 0000 4 0068 5 0000 6 000 0 7 00 0 0 8 3 8 0 1 333 10 396 59 003 6 000 0 7 0000 
30-MAR-2015 12 48080 3 1 9 57 0 22 02 10 300 20 239 3 0000 4 0093 5 0000 6 000 0 7 05 0 0 8 0 0 0 0 333 10 365 59 003 6 000 0 7 0000 
30-MAR-2015 12 48085 3 2 4 56 2 32 03 10 292 20 248 3 0000 4 0092 5 0000 6 000 0 7 00 0 0 8 2 8 0 0 333 10 308 59 002 6 000 0 7 0000 
30-MAR-2015 12 48087 3 2 5 30 2 00 00 10 260 20 203 3 0000 4 0000 5 0000 6 000 0 7 00 0 0 8 2 8 0 0 333 10 390 58 000 6 000 0 7 0000 
30-MAR-2015 12 48092 3 1 4 56 2 00 00 10 340 20 257 3 0000 4 0056 5 0000 6 000 0 7 05 2 2 8 2 5 0 0 333 10 390 59 001 6 000 0 7 0000 
30-MAR-2015 12 48093 3 2 9 50 0 18 01 10 333 20 258 3 0000 4 0000 5 0000 6 000 0 7 00 0 0 8 0 0 0 0 333 10 380 58 000 6 000 0 7 0000 
30-MAR-2015 12 48094 3 2 9 56 0 32 02 10 300 20 220 3 0000 4 0093 5 0000 6 000 0 7 00 0 0 8 0 0 0 0 333 10 370 58 002 6 000 0 7 0000 
30-MAR-2015 12 48095 3 2 4 56 1 00 00 10 340 20 225 3 0000 4 0000 5 0000 6 000 0 7 02 2 2 8 1 2 0 0 333 10 388 58 000 6 000 0 7 0000 
30-MAR-2015 12 48096 3 2 0 58 0 21 05 10 343 20 206 3 0000 4 0073 5 0000 6 000 0 7 01 2 2 8 0 0 0 0 333 10 375 59 009 6 000 0 7 0000 
30-MAR-2015 12 48097 3 2 5 56 2 23 01 10 340 20 206 3 0000 4 0140 5 0000 6 000 0 7 00 0 0 8 1 5 0 1 333 10 386 58 004 6 000 0 7 0000 
30-MAR-2015 12 48099 2 2 4 50 2 00 00 10 310 20 225 3 0000 4 0073 5 0000 6 000 0 7 00 0 0 8 2 3 0 0 333 10 363 59 001 6 007 2 7 0000 
30-MAR-2015 12 48101 3 2 5 56 3 18 01 10 308 20 237 3 0000 4 0000 5 0000 6 000 0 7 03 1 1 8 2 3 3 0 333 10 362 58 000 6 000 0 7 0000 
30-MAR-2015 12 48103 3 2 4 50 2 00 00 10 317 20 236 3 0000 4 0079 5 0000 6 000 0 7 00 0 0 8 2 5 0 0 333 10 377 59 005 6 000 0 7 0000 
30-MAR-2015 12 48107 3 2 3 40 4 23 01 10 300 20 239 3 0000 4 0092 5 0000 6 000 0 7 00 0 0 8 4 9 0 0 333 10 358 58 005 6 000 0 7 0000 
30-MAR-2015 12 48108 3 2 5 96 4 32 01 10 315 20 266 3 0000 4 0095 5 0000 6 000 0 7 00 0 0 8 3 3 0 6 333 10 365 58 000 6 000 0 7 0000 
30-MAR-2015 12 48110 2 1 4 95 8 32 02 10 245 20 245 3 0000 4 0101 5 0000 6 000 0 7 51 9 6 8 6 3 5 7 333 10 355 59 002 6 017 2 7 0000 
30-MAR-2015 12 48112 3 2 5 98 5 04 03 10 330 20 234 3 0000 4 0091 5 0000 6 000 0 7 01 2 2 8 1 1 1 6 333 10 387 58 003 6 000 0 7 0000 
