30-MAR-2015 00 48008 3 1 5 50 4 00 00 10 205 20 175 3 0000 4 0090 5 0000 6 000 0 7 05 4 4 8 2 4 3 0 333 20 195 59 036 6 000 2 7 0000 
30-MAR-2015 00 48010 3 1 0 30 0 00 00 10 210 20 202 3 0000 4 0102 5 0000 6 000 0 7 10 4 4 8 0 0 0 0 333 20 205 59 031 6 000 2 7 0000 
30-MAR-2015 00 48018 3 2 5 56 5 00 00 10 210 20 159 3 0000 4 0113 5 0000 6 000 0 7 01 2 2 8 3 8 7 0 333 20 200 59 025 6 000 2 7 0000 
30-MAR-2015 00 48019 3 2 9 40 0 00 00 10 195 20 175 3 0000 4 0099 5 0000 6 000 0 7 00 0 0 8 0 0 0 0 333 20 189 59 027 6 000 2 7 0000 
30-MAR-2015 00 48025 3 1 4 10 2 20 1  10 000 20 000 3 0000 4 0000 5 0000 6 000 0 7 00 0 0 8 0 0 0 0 333 10 /// 58 000 6 000 0 7 0000 
30-MAR-2015 00 48030 2 1 / 03   90 40 10 000 20 000 3 0000 4 0000 5 0000 6 000 0 7 00 0 0 8 0 0 0 0 333 10 /// 58 000 6 000 0 7 0000 
30-MAR-2015 00 48033 3 2 9 60 0 00 00 10 240 20 226 3 0000 4 0108 5 0000 6 000 0 7 00 0 0 8 0 0 0 0 333 20 220 59 024 6 000 2 7 0000 
30-MAR-2015 00 48034 2 2 9 56 0 00 00 10 128 20 113 3 0000 4 0000 5 0000 6 000 0 7 00 0 0 8 0 0 0 0 333 20 118 58 000 6 000 0 7 0000 
30-MAR-2015 00 48037 3 2 5 30 1 00 00 10 231 20 198 3 0000 4 0084 5 0000 6 000 0 7 00 0 0 8 1 1 0 0 333 20 222 59 027 6 000 2 7 0000 
30-MAR-2015 00 48042 3 1 5 50 1 00 00 10 245 20 219 3 0000 4 0092 5 0000 6 000 0 7 10 1 1 8 1 4 0 0 333 20 236 59 018 6 000 2 7 0000 
30-MAR-2015 00 48048 3 1 5 40 2 00 00 10 225 20 185 3 0000 4 0095 5 0000 6 000 0 7 10 4 4 8 2 8 0 0 333 20 218 59 020 6 000 2 7 0000 
30-MAR-2015 00 48053 3 1 9 30 0 00 00 10 230 20 214 3 0000 4 0098 5 0000 6 000 0 7 10 0 0 8 0 0 0 0 333 20 222 59 021 6 000 2 7 0000 
30-MAR-2015 00 48055 3 1 9 40 0 00 00 10 128 20 124 3 0000 4 0163 5 0000 6 000 0 7 10 0 0 8 0 0 0 0 333 20 118 58 009 6 000 2 7 0000 
30-MAR-2015 00 48060 3 1 4 30 2 00 00 10 168 20 154 3 0000 4 0141 5 0000 6 000 0 7 10 4 4 8 2 1 0 0 333 20 148 59 005 6 000 2 7 0000 
30-MAR-2015 00 48062 3 1 5 08 2 00 00 10 230 20 210 3 0000 4 0119 5 0000 6 000 0 7 40 4 4 8 2 5 0 0 333 20 190 58 002 6 000 2 7 0000 
30-MAR-2015 00 48064 3 2 9 50 1 14 01 10 220 20 173 3 0000 4 0082 5 0000 6 000 0 7 00 0 0 8 0 0 0 1 333 20 180 59 020 6 000 2 7 0000 
30-MAR-2015 00 48071 3 1 4 40 2 00 00 10 240 20 226 3 0000 4 0111 5 0000 6 000 0 7 05 0 0 8 2 8 0 0 333 20 230 59 009 6 000 2 7 0000 
30-MAR-2015 00 48074 3 1 4 56 2 00 00 10 240 20 174 3 0000 4 0120 5 0000 6 000 0 7 05 0 0 8 2 4 0 0 333 20 226 59 004 6 000 2 7 0000 
30-MAR-2015 00 48075 3 1 9 56 0 00 00 10 170 20 170 3 0000 4 0152 5 0000 6 000 0 7 40 4 4 8 0 0 0 0 333 20 165 59 004 6 000 2 7 0000 
30-MAR-2015 00 48078 3 2 9 50 1 00 00 10 238 20 191 3 0000 4 0114 5 0000 6 000 0 7 00 0 0 8 0 0 0 1 333 20 208 59 005 6 000 2 7 0000 
30-MAR-2015 00 48080 3 1 9 40 0 00 00 10 200 20 185 3 0000 4 0120 5 0000 6 000 0 7 10 0 0 8 0 0 0 0 333 20 185 59 003 6 000 2 7 0000 
30-MAR-2015 00 48085 3 1 9 40 0 00 00 10 202 20 198 3 0000 4 0110 5 0000 6 000 0 7 42 4 4 8 0 0 0 0 333 20 200 59 014 6 000 2 7 0000 
30-MAR-2015 00 48092 3 1 9 30 0 00 00 10 215 20 207 3 0000 4 0090 5 0000 6 000 0 7 10 1 1 8 0 0 0 0 333 20 205 59 010 6 000 2 7 0000 
30-MAR-2015 00 48094 3 1 9 56 0 00 00 10 245 20 230 3 0000 4 0109 5 0000 6 000 0 7 10 0 0 8 0 0 0 0 333 20 205 59 007 6 000 2 7 0000 
30-MAR-2015 00 48097 3 2 5 57 3 23 01 10 235 20 212 3 0000 4 0116 5 0000 6 000 0 7 03 1 1 8 3 5 0 0 333 20 215 59 005 6 000 2 7 0000 
30-MAR-2015 00 48099 2 1 3 30 2 09 01 10 250 20 233 3 0000 4 0106 5 0000 6 000 0 7 40 4 4 8 2 7 0 0 333 20 235 59 017 6 990 2 7 0000 
30-MAR-2015 00 48103 2 2 4 40 4 32 01 10 249 20 233 3 0000 4 0106 5 0000 6 000 0 7 00 0 0 8 4 7 0 0 333 20 230 59 012 6 990 2 7 0000 
30-MAR-2015 00 48107 3 2 3 40 3 09 01 10 240 20 226 3 0000 4 0111 5 0000 6 000 0 7 00 0 0 8 3 9 0 0 333 20 230 59 002 6 000 2 7 0000 
30-MAR-2015 00 48108 3 2 5 96 5 00 00 10 235 20 220 3 0000 4 0118 5 0000 6 000 0 7 00 0 0 8 2 4 0 6 333 20 218 59 006 6 000 2 7 0000 
30-MAR-2015 00 48110 2 1 9 95 5 00 00 10 245 20 229 3 0000 4 0112 5 0000 6 000 0 7 05 2 2 8 0 0 0 6 333 20 240 59 010 6 990 2 7 0000 
30-MAR-2015 00 48112 3 2 5 97 8 04 02 10 270 20 240 3 0000 4 0101 5 0000 6 000 0 7 00 0 0 8 3 8 7 6 333 20 223 59 011 6 000 2 7 0000 
