30-NOV-2015 00 48051 3 2 9 58 3 36 02 10 204 20 190 3 0000 4 0000 5 0000 6 000 0 7 00 0 0 8 0 0 3 6 333 20 198 58 000 6 000 0 7 0000 
30-NOV-2015 00 48062 3 1 5 30 6 00 00 10 220 20 210 3 0000 4 0151 5 0000 6 000 0 7 10 1 1 8 3 8 3 2 333 20 190 58 000 6 000 0 7 0000 
30-NOV-2015 00 48071 3 2 4 50 3 04 01 10 250 20 233 3 0000 4 0149 5 0000 6 000 0 7 00 0 0 8 2 2 0 1 333 20 235 58 020 6 000 0 7 0000 
30-NOV-2015 00 48075 3 1 4 56 4 00 00 10 160 20 144 3 0000 4 0201 5 0000 6 000 0 7 10 4 4 8 2 5 0 5 333 20 155 58 004 6 000 0 7 0000 
30-NOV-2015 00 48077 3 2 5 56 3 04 02 10 238 20 226 3 0000 4 0142 5 0000 6 000 0 7 00 0 0 8 2 2 0 1 333 20 220 59 009 6 000 0 7 0000 
30-NOV-2015 00 48080 3 2 4 56 4 00 00 10 220 20 205 3 0000 4 0138 5 0000 6 000 0 7 00 0 0 8 2 8 7 0 333 20 205 59 007 6 000 0 7 0000 
30-NOV-2015 00 48085 3 1 4 56 3 00 00 10 206 20 200 3 0000 4 0131 5 0000 6 000 0 7 10 4 4 8 1 8 0 6 333 20 204 59 013 6 000 0 7 0000 
30-NOV-2015 00 48087 3 2 5 50 4 00 00 10 220 20 205 3 0000 4 0000 5 0000 6 000 0 7 00 0 0 8 2 8 4 1 333 20 196 58 000 6 000 0 7 0000 
30-NOV-2015 00 48092 3 1 5 40 2 00 00 10 215 20 207 3 0000 4 0122 5 0000 6 000 0 7 05 2 2 8 1 4 0 1 333 20 205 59 003 6 000 0 7 0000 
30-NOV-2015 00 48093 3 2 9 50 0 04 01 10 240 20 226 3 0000 4 0000 5 0000 6 000 0 7 00 0 0 8 0 0 0 0 333 20 230 58 000 6 000 0 7 0000 
30-NOV-2015 00 48094 3 2 4 56 3 00 00 10 235 20 210 3 0000 4 0136 5 0000 6 000 0 7 00 0 0 8 2 5 4 0 333 20 220 59 010 6 000 0 7 0000 
30-NOV-2015 00 48096 3 2 9 56 2 03 03 10 240 20 226 3 0000 4 0145 5 0000 6 000 0 7 00 0 0 8 0 0 0 2 333 20 230 59 002 6 000 0 7 0000 
30-NOV-2015 00 48097 3 1 5 56 4 09 01 10 230 20 222 3 0000 4 0148 5 0000 6 000 0 7 05 1 1 8 2 5 0 6 333 20 216 58 005 6 000 0 7 0000 
30-NOV-2015 00 48099 3 2 3 30 2 00 00 10 240 20 226 3 0000 4 0145 5 0000 6 000 0 7 00 0 0 8 1 5 0 1 333 20 222 58 006 6 000 0 7 0000 
30-NOV-2015 00 48103 3 1 4 30 3 04 02 10 247 20 233 3 0000 4 0145 5 0000 6 000 0 7 10 2 2 8 3 5 0 0 333 20 236 58 004 6 000 0 7 0000 
30-NOV-2015 00 48107 3 1 9 30 2 09 01 10 237 20 209 3 0000 4 0126 5 0000 6 000 0 7 41 4 4 8 0 0 0 6 333 20 230 59 011 6 000 0 7 0000 
30-NOV-2015 00 48108 3 1 5 93 5 00 00 10 230 20 214 3 0000 4 0135 5 0000 6 000 0 7 10 2 2 8 2 4 0 6 333 20 205 59 003 6 000 0 7 0000 
30-NOV-2015 00 48110 3 1 9 96 8 18 01 10 255 20 234 3 0000 4 0130 5 0000 6 000 0 7 05 2 2 8 0 0 0 7 333 20 250 59 001 6 000 0 7 0000 
30-NOV-2015 00 48112 2 1 4 96 8 04 02 10 252 20 252 3 0000 4 0127 5 0000 6 000 0 7 01 5 2 8 4 7 7 / 333 20 197 58 012 6 000 0 7 0000 
