30-NOV-2015 09 48001 3 2 4 50 5 00 00 10 235 20 209 3 0000 4 0136 5 0000 6 000 0 7 00 0 0 8 5 8 0 0 333 10 /// 59 027 6 000 0 7 0000 
30-NOV-2015 09 48004 3 2 5 62 3 04 01 10 258 20 179 3 0000 4 0000 5 0000 6 000 0 7 00 0 0 8 3 8 0 0 333 10 /// 58 000 6 000 0 7 0000 
30-NOV-2015 09 48008 3 2 5 57 2 00 00 10 280 20 158 3 0000 4 0133 5 0000 6 000 0 7 00 0 0 8 2 2 0 0 333 10 /// 59 026 6 000 0 7 0000 
30-NOV-2015 09 48010 3 2 5 60 3 18 01 10 280 20 203 3 0000 4 0130 5 0000 6 000 0 7 00 0 0 8 2 8 0 1 333 10 /// 59 029 6 000 0 7 0000 
30-NOV-2015 09 48018 3 2 5 59 4 14 01 10 295 20 166 3 0000 4 0145 5 0000 6 000 0 7 00 0 0 8 2 8 6 0 333 10 /// 59 009 6 000 0 7 0000 
30-NOV-2015 09 48019 3 2 4 60 1 04 03 10 296 20 185 3 0000 4 0129 5 0000 6 000 0 7 00 0 0 8 1 2 0 0 333 10 /// 59 020 6 000 0 7 0000 
30-NOV-2015 09 48020 3 2 4 60 2 36 03 10 290 20 238 3 0000 4 0000 5 0000 6 000 0 7 00 0 0 8 2 2 0 0 333 10 /// 58 000 6 000 0 7 0000 
30-NOV-2015 09 48030 3 2 3 60 5 22 04 10 203 20 060 3 0000 4 0000 5 0000 6 000 0 7 00 0 0 8 0 0 4 2 333 10 /// 58 000 6 000 0 7 0000 
30-NOV-2015 09 48031 3 2 2 60 4 09 01 10 210 20 143 3 0000 4 0000 5 0000 6 000 0 7 00 0 0 8 2 8 4 0 333 10 /// 58 000 6 000 0 7 0000 
30-NOV-2015 09 48033 3 2 5 63 2 36 01 10 310 20 203 3 0000 4 0122 5 0000 6 000 0 7 00 0 0 8 2 5 0 0 333 10 /// 59 024 6 000 0 7 0000 
30-NOV-2015 09 48034 3 2 4 57 2 18 01 10 250 20 150 3 0000 4 0000 5 0000 6 000 0 7 00 0 0 8 2 5 0 0 333 10 /// 58 000 6 000 0 7 0000 
30-NOV-2015 09 48035 3 2 5 60 2 22 03 10 277 20 146 3 0000 4 0094 5 0000 6 000 0 7 00 0 0 8 2 8 0 0 333 10 /// 59 016 6 000 0 7 0000 
30-NOV-2015 09 48037 3 2 5 60 2 09 01 10 310 20 203 3 0000 4 0121 5 0000 6 000 0 7 00 0 0 8 2 1 0 0 333 10 /// 59 016 6 000 0 7 0000 
30-NOV-2015 09 48039 3 2 4 60 2 00 00 10 319 20 215 3 0000 4 0000 5 0000 6 000 0 7 00 0 0 8 2 1 0 0 333 10 /// 58 000 6 000 0 7 0000 
30-NOV-2015 09 48042 3 2 5 57 5 18 01 10 317 20 215 3 0000 4 0109 5 0000 6 000 0 7 00 0 0 8 3 2 0 2 333 10 /// 59 021 6 000 0 7 0000 
30-NOV-2015 09 48043 3 2 6 57 2 32 06 10 250 20 186 3 0000 4 0000 5 0000 6 000 0 7 00 0 0 8 2 2 0 0 333 10 /// 58 000 6 000 0 7 0000 
30-NOV-2015 09 48045 3 1 3 50 6 23 03 10 208 20 175 3 0000 4 0000 5 0000 6 000 0 7 40 4 4 8 6 8 0 0 333 10 /// 58 000 6 000 0 7 0000 
30-NOV-2015 09 48048 3 2 5 60 5 32 01 10 320 20 200 3 0000 4 0124 5 0000 6 000 0 7 00 0 0 8 4 8 5 0 333 10 /// 59 016 6 000 0 7 0000 
30-NOV-2015 09 48051 3 2 9 60 0 36 02 10 310 20 200 3 0000 4 0000 5 0000 6 000 0 7 00 0 0 8 0 0 0 0 333 10 /// 58 000 6 000 0 7 0000 
30-NOV-2015 09 48052 3 2 9 58 1 00 00 10 362 20 249 3 0000 4 0000 5 0000 6 000 0 7 00 0 0 8 0 0 0 1 333 10 /// 58 000 6 000 0 7 0000 
30-NOV-2015 09 48053 3 2 4 56 4 36 01 10 340 20 206 3 0000 4 0111 5 0000 6 000 0 7 00 0 0 8 3 5 0 6 333 10 /// 59 021 6 000 0 7 0000 
30-NOV-2015 09 48055 3 2 5 57 4 27 04 10 288 20 179 3 0000 4 0092 5 0000 6 000 0 7 00 0 0 8 3 8 0 1 333 10 /// 59 030 6 000 0 7 0000 
30-NOV-2015 09 48057 3 2 4 58 5 22 02 10 250 20 126 3 0000 4 0000 5 0000 6 000 0 7 00 0 0 8 4 3 0 1 333 10 /// 58 000 6 000 0 7 0000 
30-NOV-2015 09 48060 3 2 4 40 3 00 00 10 258 20 179 3 0000 4 0117 5 0000 6 000 0 7 00 0 0 8 3 1 0 0 333 10 /// 59 044 6 000 0 7 0000 
30-NOV-2015 09 48062 3 2 4 58 2 04 02 10 320 20 290 3 0000 4 0123 5 0000 6 000 0 7 00 0 0 8 2 5 0 0 333 10 /// 59 015 6 000 0 7 0000 
30-NOV-2015 09 48064 3 2 9 60 0 14 01 10 290 20 230 3 0000 4 0099 5 0000 6 000 0 7 00 0 0 8 0 0 0 0 333 10 /// 59 034 6 000 0 7 0000 
30-NOV-2015 09 48065 3 2 9 60 1 14 01 10 327 20 212 3 0000 4 0000 5 0000 6 000 0 7 00 0 0 8 0 0 0 1 333 10 /// 58 000 6 000 0 7 0000 
30-NOV-2015 09 48071 3 2 4 60 1 32 03 10 303 20 239 3 0000 4 0124 5 0000 6 000 0 7 00 0 0 8 1 2 0 0 333 10 /// 59 014 6 000 0 7 0000 
30-NOV-2015 09 48072 3 2 4 60 6 32 03 10 320 20 248 3 0000 4 0000 5 0000 6 000 0 7 00 0 0 8 4 3 3 0 333 10 /// 58 000 6 000 0 7 0000 
30-NOV-2015 09 48074 3 2 5 59 3 20 35 10 330 20 191 3 0000 4 0104 5 0000 6 000 0 7 00 0 0 8 1 5 0 1 333 10 /// 59 021 6 000 0 7 0000 
30-NOV-2015 09 48075 3 2 4 58 6 00 00 10 290 20 196 3 0000 4 0115 5 0000 6 000 0 7 00 0 0 8 4 8 0 5 333 10 /// 59 013 6 000 0 7 0000 
30-NOV-2015 09 48077 3 2 5 59 5 00 00 10 330 20 224 3 0000 4 0112 5 0000 6 000 0 7 00 0 0 8 4 9 0 1 333 10 /// 59 016 6 000 0 7 0000 
30-NOV-2015 09 48078 3 2 5 59 4 23 02 10 326 20 240 3 0000 4 0108 5 0000 6 000 0 7 00 0 0 8 2 5 0 2 333 10 /// 59 026 6 000 0 7 0000 
30-NOV-2015 09 48080 3 2 4 59 6 22 06 10 312 20 237 3 0000 4 0117 5 0000 6 000 0 7 00 0 0 8 4 8 7 0 333 10 /// 59 010 6 000 0 7 0000 
30-NOV-2015 09 48087 3 2 5 60 4 00 00 10 330 20 244 3 0000 4 0000 5 0000 6 000 0 7 00 0 0 8 2 8 4 1 333 10 /// 58 000 6 000 0 7 0000 
30-NOV-2015 09 48092 3 2 4 58 6 05 02 10 340 20 233 3 0000 4 0090 5 0000 6 000 0 7 00 0 0 8 4 8 0 6 333 10 /// 59 016 6 000 0 7 0000 
30-NOV-2015 09 48093 3 2 6 58 2 04 01 10 338 20 240 3 0000 4 0000 5 0000 6 000 0 7 00 0 0 8 2 1 0 0 333 10 /// 58 000 6 000 0 7 0000 
30-NOV-2015 09 48094 3 2 9 60 3 32 02 10 336 20 235 3 0000 4 0118 5 0000 6 000 0 7 00 0 0 8 0 0 0 6 333 10 /// 59 007 6 000 0 7 0000 
30-NOV-2015 09 48095 3 2 4 58 4 04 01 10 320 20 248 3 0000 4 0000 5 0000 6 000 0 7 00 0 0 8 4 7 0 0 333 10 /// 58 000 6 000 0 7 0000 
30-NOV-2015 09 48096 3 2 5 59 6 32 05 10 340 20 225 3 0000 4 0116 5 0000 6 000 0 7 00 0 0 8 4 3 0 6 333 10 /// 59 006 6 000 0 7 0000 
30-NOV-2015 09 48097 3 2 5 57 6 13 02 10 335 20 224 3 0000 4 0121 5 0000 6 000 0 7 00 0 0 8 4 8 0 6 333 10 /// 59 015 6 000 0 7 0000 
30-NOV-2015 09 48099 3 2 5 57 7 27 02 10 350 20 237 3 0000 4 0106 5 0000 6 000 0 7 00 0 0 8 5 8 0 6 333 10 /// 59 011 6 000 0 7 0000 
30-NOV-2015 09 48101 3 2 6 60 3 36 01 10 336 20 240 3 0000 4 0000 5 0000 6 000 0 7 00 0 0 8 1 2 0 5 333 10 /// 58 000 6 000 0 7 0000 
30-NOV-2015 09 48103 3 2 4 56 5 04 02 10 348 20 219 3 0000 4 0105 5 0000 6 000 0 7 00 0 0 8 5 8 0 0 333 10 /// 59 013 6 000 0 7 0000 
30-NOV-2015 09 48107 3 2 9 50 0 09 01 10 340 20 225 3 0000 4 0099 5 0000 6 000 0 7 00 0 0 8 0 0 0 0 333 10 /// 59 003 6 000 0 7 0000 
30-NOV-2015 09 48108 3 2 5 96 7 05 04 10 350 20 237 3 0000 4 0104 5 0000 6 000 0 7 00 0 0 8 4 3 0 6 333 10 /// 59 011 6 000 0 7 0000 
30-NOV-2015 09 48110 3 1 5 96 8 32 03 10 340 20 248 3 0000 4 0104 5 0000 6 000 0 7 05 2 2 8 2 3 0 7 333 10 /// 59 008 6 000 0 7 0000 
30-NOV-2015 09 48112 3 2 5 97 8 04 03 10 301 20 253 3 0000 4 0099 5 0000 6 000 0 7 00 0 0 8 4 8 7 6 333 10 /// 59 012 6 000 0 7 0000 
