300000 48051 32958 33602 10204 20190 80036 333 20198 56099=
300000 48062 31530 60000 10220 20210 40151 71011 83832 333 20190 56999 58000=
300000 48071 32450 30401 10250 20233 40149 82201 333 20235 56109 58020=
300000 48075 31456 40000 10160 20144 40201 71044 82505 333 20155 56509 58004=
300000 48077 32556 30402 10238 20226 40142 82201 333 20220 56909 59009=
300000 48080 32456 40000 10220 20205 40138 82870 333 20205 56990 59007=
300000 48085 31456 30000 10206 20200 40131 71044 81806 333 20204 56909 59013=
300000 48087 32550 40000 10220 20205 82841 333 20196 56999=
300000 48092 31540 20000 10215 20207 40122 70522 81401 333 20205 56909 59003=
300000 48093 32950 00401 10240 20226 333 20230=
300000 48094 32456 30000 10235 20210 40136 82540 333 20220 56990 59010=
300000 48096 32956 20303 10240 20226 40145 80002 333 20230 56009 59002=  
300000 48097 31556 40901 10230 20222 40148 70511 82506 333 20216 56909 58005=
300000 48099 32330 20000 10240 20226 40145 81501 333 20222 56909 58006=
300000 48103 31430 30402 10247 20233 40145 71022 83500 333 20236 56100 58004=
300000 48107 31930 20901 10237 20209 40126 74144 80006 333 20230 56009 59011=
300000 48108 31593 50000 10230 20214 40135 71022 82406 333 20205 56909 59003=
300000 48110 31996 81801 10255 20234 40130 70522 80007 333 20250 56009 59001=
300000 48112 21496 80402 10252 20252 40127 70152 8477/ 333 20197 56199 58012=
