30-NOV-2015 03 48001 3 1 9 03 9 00 00 10 130 20 125 3 0000 4 0198 5 0000 6 000 0 7 45 4 4 8 9 / / / 333 10 /// 59 008 6 000 0 7 0000 
30-NOV-2015 03 48004 3 1 5 60 3 13 01 10 167 20 154 3 0000 4 0000 5 0000 6 000 0 7 01 4 4 8 3 8 0 0 333 10 /// 58 000 6 000 0 7 0000 
30-NOV-2015 03 48008 3 2 5 57 4 00 00 10 190 20 175 3 0000 4 0191 5 0000 6 000 0 7 00 0 0 8 2 4 3 0 333 10 /// 59 014 6 000 0 7 0000 
30-NOV-2015 03 48010 3 2 5 50 3 00 00 10 190 20 175 3 0000 4 0192 5 0000 6 000 0 7 00 0 0 8 1 4 0 1 333 10 /// 59 005 6 000 0 7 0000 
30-NOV-2015 03 48018 3 2 5 58 4 00 00 10 195 20 175 3 0000 4 0173 5 0000 6 000 0 7 00 0 0 8 2 8 4 6 333 10 /// 59 033 6 000 0 7 0000 
30-NOV-2015 03 48019 3 2 9 58 2 04 01 10 206 20 175 3 0000 4 0176 5 0000 6 000 0 7 00 0 0 8 0 0 0 5 333 10 /// 59 011 6 000 0 7 0000 
30-NOV-2015 03 48020 3 1 / 08 9 00 00 10 192 20 175 3 0000 4 0000 5 0000 6 000 0 7 43 4 4 8 9 / / / 333 10 /// 58 000 6 000 0 7 0000 
30-NOV-2015 03 48025 3 1 0 05 8 32 01 10 206 20 195 3 0000 4 0188 5 0000 6 000 0 7 47 4 4 8 8 6 / / 333 10 /// 59 012 6 000 0 7 0000 
30-NOV-2015 03 48030 3 1 2 57 2 22 01 10 096 20 031 3 0000 4 0000 5 0000 6 000 0 7 01 4 4 8 0 0 0 2 333 10 /// 58 000 6 000 0 7 0000 
30-NOV-2015 03 48034 3 2 4 56 2 23 02 10 178 20 147 3 0000 4 0000 5 0000 6 000 0 7 00 0 0 8 2 8 0 0 333 10 /// 58 000 6 000 0 7 0000 
30-NOV-2015 03 48035 3 1 5 20 2 00 00 10 171 20 154 3 0000 4 0182 5 0000 6 000 0 7 10 4 4 8 2 8 0 0 333 10 /// 59 014 6 000 0 7 0000 
30-NOV-2015 03 48037 3 2 5 58 1 36 01 10 231 20 198 3 0000 4 0174 5 0000 6 000 0 7 00 0 0 8 0 0 3 0 333 10 /// 59 010 6 000 0 7 0000 
30-NOV-2015 03 48039 3 1 4 50 2 00 00 10 244 20 191 3 0000 4 0000 5 0000 6 000 0 7 40 4 4 8 1 1 0 2 333 10 /// 58 000 6 000 0 7 0000 
30-NOV-2015 03 48042 3 1 5 40 3 13 01 10 260 20 215 3 0000 4 0166 5 0000 6 000 0 7 10 1 1 8 1 2 0 2 333 10 /// 59 011 6 000 0 7 0000 
30-NOV-2015 03 48043 3 2 0 56 2 32 02 10 190 20 175 3 0000 4 0000 5 0000 6 000 0 7 00 0 0 8 0 0 3 0 333 10 /// 58 000 6 000 0 7 0000 
30-NOV-2015 03 48045 3 1 4 40 5 23 03 10 151 20 111 3 0000 4 0000 5 0000 6 000 0 7 41 4 4 8 3 8 0 6 333 10 /// 58 000 6 000 0 7 0000 
30-NOV-2015 03 48048 3 2 5 60 5 09 01 10 240 20 191 3 0000 4 0178 5 0000 6 000 0 7 00 0 0 8 4 8 5 0 333 10 /// 59 005 6 000 0 7 0000 
30-NOV-2015 03 48052 3 2 4 60 3 00 00 10 264 20 215 3 0000 4 0000 5 0000 6 000 0 7 00 0 0 8 3 8 0 0 333 10 /// 58 000 6 000 0 7 0000 
30-NOV-2015 03 48053 3 2 5 56 5 36 01 10 240 20 209 3 0000 4 0183 5 0000 6 000 0 7 00 0 0 8 1 5 0 6 333 10 /// 58 005 6 000 0 7 0000 
30-NOV-2015 03 48055 3 1 2 30 4 04 03 10 167 20 154 3 0000 4 0187 5 0000 6 000 0 7 10 4 4 8 3 6 0 1 333 10 /// 59 025 6 000 0 7 0000 
30-NOV-2015 03 48057 3 2 4 57 4 14 01 10 210 20 160 3 0000 4 0000 5 0000 6 000 0 7 00 0 0 8 2 8 0 6 333 10 /// 58 000 6 000 0 7 0000 
30-NOV-2015 03 48060 3 1 4 20 8 00 00 10 173 20 154 3 0000 4 0212 5 0000 6 000 0 7 42 4 4 8 5 8 7 / 333 10 /// 59 012 6 000 0 7 0000 
30-NOV-2015 03 48062 3 2 5 56 3 36 01 10 247 20 220 3 0000 4 0167 5 0000 6 000 0 7 00 0 0 8 2 5 3 0 333 10 /// 58 003 6 000 0 7 0000 
30-NOV-2015 03 48064 3 2 5 56 5 14 01 10 236 20 209 3 0000 4 0165 5 0000 6 000 0 7 00 0 0 8 2 8 3 1 333 10 /// 58 001 6 000 0 7 0000 
30-NOV-2015 03 48065 3 2 9 58 3 22 02 10 250 20 205 3 0000 4 0000 5 0000 6 000 0 7 00 0 0 8 0 0 0 1 333 10 /// 58 000 6 000 0 7 0000 
30-NOV-2015 03 48071 3 2 4 58 1 04 02 10 277 20 250 3 0000 4 0164 5 0000 6 000 0 7 00 0 0 8 1 2 0 0 333 10 /// 58 000 6 000 0 7 0000 
30-NOV-2015 03 48072 3 2 9 59 0 32 02 10 280 20 250 3 0000 4 0000 5 0000 6 000 0 7 00 0 0 8 0 0 0 0 333 10 /// 58 000 6 000 0 7 0000 
30-NOV-2015 03 48074 3 2 4 58 5 04 04 10 240 20 191 3 0000 4 0185 5 0000 6 000 0 7 00 0 0 8 2 5 0 2 333 10 /// 58 000 6 000 0 7 0000 
30-NOV-2015 03 48075 3 1 4 57 4 00 00 10 220 20 185 3 0000 4 0192 5 0000 6 000 0 7 02 4 4 8 2 5 0 6 333 10 /// 59 008 6 000 0 7 0000 
30-NOV-2015 03 48077 3 2 9 59 1 04 01 10 264 20 215 3 0000 4 0159 5 0000 6 000 0 7 00 0 0 8 0 0 0 1 333 10 /// 59 006 6 000 0 7 0000 
30-NOV-2015 03 48078 3 2 9 57 2 32 02 10 252 20 212 3 0000 4 0172 5 0000 6 000 0 7 00 0 0 8 0 0 0 2 333 10 /// 59 000 6 000 0 7 0000 
30-NOV-2015 03 48080 3 2 4 60 2 04 01 10 265 20 240 3 0000 4 0157 5 0000 6 000 0 7 00 0 0 8 2 8 0 0 333 10 /// 59 001 6 000 0 7 0000 
30-NOV-2015 03 48085 3 2 4 57 4 00 00 10 250 20 233 3 0000 4 0153 5 0000 6 000 0 7 00 0 0 8 2 8 0 6 333 10 /// 59 008 6 000 0 7 0000 
30-NOV-2015 03 48092 3 2 5 56 5 05 02 10 280 20 226 3 0000 4 0137 5 0000 6 000 0 7 00 0 0 8 2 4 0 6 333 10 /// 59 007 6 000 0 7 0000 
30-NOV-2015 03 48093 3 2 6 58 4 04 01 10 288 20 248 3 0000 4 0000 5 0000 6 000 0 7 00 0 0 8 3 8 0 1 333 10 /// 58 000 6 000 0 7 0000 
30-NOV-2015 03 48094 3 2 4 59 4 04 01 10 280 20 230 3 0000 4 0156 5 0000 6 000 0 7 00 0 0 8 2 5 4 0 333 10 /// 59 001 6 000 0 7 0000 
30-NOV-2015 03 48095 3 2 4 58 6 04 02 10 270 20 226 3 0000 4 0000 5 0000 6 000 0 7 00 0 0 8 4 6 0 2 333 10 /// 58 000 6 000 0 7 0000 
30-NOV-2015 03 48097 3 1 5 57 6 14 02 10 280 20 226 3 0000 4 0165 5 0000 6 000 0 7 05 2 2 8 1 4 0 6 333 10 /// 58 001 6 000 0 7 0000 
30-NOV-2015 03 48099 3 1 4 50 3 27 02 10 287 20 230 3 0000 4 0155 5 0000 6 000 0 7 05 1 1 8 2 8 0 1 333 10 /// 59 001 6 000 0 7 0000 
30-NOV-2015 03 48101 3 2 9 59 4 36 01 10 285 20 250 3 0000 4 0000 5 0000 6 000 0 7 00 0 0 8 0 0 0 5 333 10 /// 58 000 6 000 0 7 0000 
30-NOV-2015 03 48103 3 2 4 56 3 04 02 10 292 20 230 3 0000 4 0155 5 0000 6 000 0 7 00 0 0 8 3 5 0 0 333 10 /// 58 000 6 000 0 7 0000 
30-NOV-2015 03 48107 3 1 9 50 0 04 01 10 294 20 230 3 0000 4 0131 5 0000 6 000 0 7 // 4 4 8 0 0 0 0 333 10 /// 59 007 6 000 0 7 0000 
30-NOV-2015 03 48108 3 2 5 96 5 14 02 10 310 20 231 3 0000 4 0148 5 0000 6 000 0 7 00 0 0 8 2 8 0 6 333 10 /// 59 002 6 000 0 7 0000 
30-NOV-2015 03 48110 3 1 9 96 8 13 02 10 295 20 234 3 0000 4 0146 5 0000 6 000 0 7 05 2 2 8 0 0 0 7 333 10 /// 58 004 6 000 0 7 0000 
30-NOV-2015 03 48112 2 2 5 97 8 04 02 10 270 20 256 3 0000 4 0140 5 0000 6 000 0 7 00 0 0 8 3 8 7 6 333 10 /// 58 000 6 000 0 7 0000 
