30-NOV-2015 06 48001 3 2 5 56 2 09 01 10 208 20 175 3 0000 4 0173 5 0000 6 000 0 7 00 0 0 8 2 1 0 0 333 10 /// 58 012 6 000 0 7 0000 
30-NOV-2015 06 48004 3 2 5 62 2 32 01 10 241 20 155 3 0000 4 0000 5 0000 6 000 0 7 00 0 0 8 2 8 0 0 333 10 /// 58 000 6 000 0 7 0000 
30-NOV-2015 06 48008 3 2 5 57 3 04 01 10 257 20 160 3 0000 4 0170 5 0000 6 000 0 7 00 0 0 8 1 1 3 0 333 10 /// 59 012 6 000 0 7 0000 
30-NOV-2015 06 48010 3 2 5 60 1 18 01 10 265 20 179 3 0000 4 0170 5 0000 6 000 0 7 00 0 0 8 1 1 0 0 333 10 /// 59 011 6 000 0 7 0000 
30-NOV-2015 06 48018 3 2 5 60 5 32 01 10 275 20 172 3 0000 4 0180 5 0000 6 000 0 7 00 0 0 8 3 8 4 5 333 10 /// 58 003 6 000 0 7 0000 
30-NOV-2015 06 48019 3 2 5 60 2 04 02 10 268 20 172 3 0000 4 0164 5 0000 6 000 0 7 00 0 0 8 0 0 0 2 333 10 /// 59 005 6 000 0 7 0000 
30-NOV-2015 06 48020 3 1 4 60 2 04 03 10 252 20 206 3 0000 4 0000 5 0000 6 000 0 7 01 4 4 8 2 2 0 0 333 10 /// 58 000 6 000 0 7 0000 
30-NOV-2015 06 48025 3 1 4 40 5 32 02 10 260 20 203 3 0000 4 0181 5 0000 6 000 0 7 01 4 4 8 3 8 4 0 333 10 /// 59 006 6 000 0 7 0000 
30-NOV-2015 06 48030 3 2 3 60 2 22 02 10 203 20 060 3 0000 4 0000 5 0000 6 000 0 7 00 0 0 8 0 0 0 2 333 10 /// 58 000 6 000 0 7 0000 
30-NOV-2015 06 48031 3 2 5 58 7 14 01 10 200 20 130 3 0000 4 0000 5 0000 6 000 0 7 00 0 0 8 7 0 0 0 333 10 /// 58 000 6 000 0 7 0000 
30-NOV-2015 06 48033 3 2 9 63 0 00 00 10 290 20 215 3 0000 4 0158 5 0000 6 000 0 7 00 0 0 8 0 0 0 0 333 10 /// 58 010 6 000 0 7 0000 
30-NOV-2015 06 48034 3 2 4 56 5 18 02 10 254 20 150 3 0000 4 0000 5 0000 6 000 0 7 00 0 0 8 5 8 0 0 333 10 /// 58 000 6 000 0 7 0000 
30-NOV-2015 06 48035 3 2 5 60 4 18 02 10 261 20 179 3 0000 4 0131 5 0000 6 000 0 7 00 0 0 8 3 8 6 0 333 10 /// 59 012 6 000 0 7 0000 
30-NOV-2015 06 48037 3 2 5 60 1 32 01 10 290 20 196 3 0000 4 0155 5 0000 6 000 0 7 00 0 0 8 1 1 0 0 333 10 /// 59 011 6 000 0 7 0000 
30-NOV-2015 06 48039 3 2 4 60 4 00 00 10 300 20 223 3 0000 4 0000 5 0000 6 000 0 7 00 0 0 8 2 8 0 2 333 10 /// 58 000 6 000 0 7 0000 
30-NOV-2015 06 48042 3 1 5 56 4 18 02 10 307 20 203 3 0000 4 0143 5 0000 6 000 0 7 05 1 1 8 2 2 0 2 333 10 /// 59 016 6 000 0 7 0000 
30-NOV-2015 06 48043 3 2 5 56 4 32 05 10 240 20 191 3 0000 4 0000 5 0000 6 000 0 7 00 0 0 8 4 2 0 0 333 10 /// 58 000 6 000 0 7 0000 
30-NOV-2015 06 48045 3 1 3 30 8 04 03 10 186 20 159 3 0000 4 0000 5 0000 6 000 0 7 40 4 4 8 8 7 / / 333 10 /// 58 000 6 000 0 7 0000 
30-NOV-2015 06 48048 3 2 5 60 5 04 01 10 290 20 215 3 0000 4 0157 5 0000 6 000 0 7 00 0 0 8 4 8 5 0 333 10 /// 59 021 6 000 0 7 0000 
30-NOV-2015 06 48052 3 2 4 60 2 36 01 10 326 20 212 3 0000 4 0000 5 0000 6 000 0 7 00 0 0 8 2 2 0 0 333 10 /// 58 000 6 000 0 7 0000 
30-NOV-2015 06 48053 3 2 5 56 4 36 01 10 310 20 225 3 0000 4 0149 5 0000 6 000 0 7 00 0 0 8 1 5 0 6 333 10 /// 58 009 6 000 0 7 0000 
30-NOV-2015 06 48055 3 1 5 56 4 32 03 10 258 20 179 3 0000 4 0134 5 0000 6 000 0 7 02 4 4 8 3 8 0 1 333 10 /// 59 030 6 000 0 7 0000 
30-NOV-2015 06 48057 3 2 4 58 5 22 02 10 234 20 143 3 0000 4 0000 5 0000 6 000 0 7 00 0 0 8 3 3 0 1 333 10 /// 58 000 6 000 0 7 0000 
30-NOV-2015 06 48060 3 2 4 40 5 22 01 10 212 20 160 3 0000 4 0182 5 0000 6 000 0 7 00 0 0 8 3 8 3 0 333 10 /// 59 021 6 000 0 7 0000 
30-NOV-2015 06 48064 3 2 5 60 8 14 01 10 290 20 230 3 0000 4 0145 5 0000 6 000 0 7 00 0 0 8 2 1 0 1 333 10 /// 59 005 6 000 0 7 0000 
30-NOV-2015 06 48065 3 2 9 60 1 04 01 10 308 20 203 3 0000 4 0000 5 0000 6 000 0 7 00 0 0 8 0 0 0 1 333 10 /// 58 000 6 000 0 7 0000 
30-NOV-2015 06 48074 3 2 4 59 4 32 03 10 310 20 203 3 0000 4 0150 5 0000 6 000 0 7 00 0 0 8 2 5 0 2 333 10 /// 59 017 6 000 0 7 0000 
