30-OCT-2015 06 48001 3 2 4 40 4 04 01 10 250 20 219 3 0000 4 0157 5 0000 6 000 0 7 00 0 0 8 2 1 5 0 333 10 /// 58 002 6 000 0 7 0000 
30-OCT-2015 06 48004 3 2 5 60 4 04 01 10 270 20 191 3 0000 4 0000 5 0000 6 000 0 7 00 0 0 8 4 9 0 0 333 10 /// 58 000 6 000 0 7 0000 
30-OCT-2015 06 48008 3 2 5 58 7 14 01 10 250 20 205 3 0000 4 0163 5 0000 6 000 0 7 00 0 0 8 3 9 7 0 333 10 /// 58 000 6 000 0 7 0000 
30-OCT-2015 06 48010 3 2 5 58 6 00 00 10 270 20 211 3 0000 4 0157 5 0000 6 000 0 7 00 0 0 8 3 8 3 1 333 10 /// 59 004 6 000 0 7 0000 
30-OCT-2015 06 48018 3 2 5 60 8 04 01 10 270 20 211 3 0000 4 0169 5 0000 6 000 0 7 00 0 0 8 4 8 7 / 333 10 /// 58 002 6 000 0 7 0000 
30-OCT-2015 06 48019 3 2 4 58 7 32 02 10 256 20 205 3 0000 4 0161 5 0000 6 000 0 7 00 0 0 8 5 7 5 0 333 10 /// 58 007 6 000 0 7 0000 
30-OCT-2015 06 48020 3 2 4 58 8 36 04 10 255 20 224 3 0000 4 0000 5 0000 6 000 0 7 00 0 0 8 5 7 7 0 333 10 /// 58 000 6 000 0 7 0000 
30-OCT-2015 06 48025 2 1 1 30 8 04 01 10 237 20 237 3 0000 4 0136 5 0000 6 000 0 7 02 6 5 8 5 7 7 / 333 10 /// 58 011 6 000 0 7 0000 
30-OCT-2015 06 48030 3 2 2 56 8 04 01 10 182 20 165 3 0000 4 0000 5 0000 6 000 0 7 00 0 0 8 8 9 / / 333 10 /// 58 000 6 000 0 7 0000 
30-OCT-2015 06 48031 3 1 2 57 8 22 01 10 205 20 168 3 0000 4 0000 5 0000 6 000 0 7 01 4 4 8 8 8 / / 333 10 /// 58 000 6 000 0 7 0000 
30-OCT-2015 06 48033 3 2 5 61 7 36 01 10 270 20 240 3 0000 4 0155 5 0000 6 000 0 7 00 0 0 8 5 9 7 0 333 10 /// 58 014 6 000 0 7 0000 
30-OCT-2015 06 48034 2 1 4 56 8 00 00 10 217 20 173 3 0000 4 0000 5 0000 6 000 0 7 50 5 5 8 6 9 2 / 333 10 /// 58 000 6 000 0 7 0000 
30-OCT-2015 06 48035 3 1 4 56 8 04 01 10 219 20 185 3 0000 4 0148 5 0000 6 000 0 7 02 5 5 8 5 9 7 / 333 10 /// 58 020 6 000 0 7 0000 
30-OCT-2015 06 48037 2 1 4 58 8 32 01 10 280 20 223 3 0000 4 0150 5 0000 6 000 0 7 50 5 5 8 5 8 7 / 333 10 /// 58 005 6 000 0 7 0000 
30-OCT-2015 06 48039 3 2 4 60 8 00 00 10 285 20 220 3 0000 4 0000 5 0000 6 000 0 7 00 0 0 8 8 9 / / 333 10 /// 58 000 6 000 0 7 0000 
30-OCT-2015 06 48042 3 2 5 57 7 00 00 10 287 20 230 3 0000 4 0142 5 0000 6 000 0 7 00 0 0 8 4 8 7 0 333 10 /// 58 011 6 000 0 7 0000 
30-OCT-2015 06 48043 3 2 5 56 8 14 05 10 210 20 175 3 0000 4 0000 5 0000 6 000 0 7 00 0 0 8 5 8 7 / 333 10 /// 58 000 6 000 0 7 0000 
30-OCT-2015 06 48045 3 1 2 20 8 04 03 10 180 20 165 3 0000 4 0000 5 0000 6 000 0 7 40 4 4 8 8 6 / / 333 10 /// 58 000 6 000 0 7 0000 
30-OCT-2015 06 48048 3 2 5 58 8 00 00 10 270 20 240 3 0000 4 0154 5 0000 6 000 0 7 00 0 0 8 6 9 7 / 333 10 /// 58 004 6 000 0 7 0000 
30-OCT-2015 06 48052 3 2 4 56 7 00 00 10 274 20 256 3 0000 4 0000 5 0000 6 000 0 7 00 0 0 8 5 9 3 0 333 10 /// 58 000 6 000 0 7 0000 
30-OCT-2015 06 48053 3 2 4 56 7 36 03 10 300 20 207 3 0000 4 0139 5 0000 6 000 0 7 00 0 0 8 3 8 6 0 333 10 /// 59 002 6 000 0 7 0000 
30-OCT-2015 06 48055 3 2 3 50 8 04 06 10 231 20 181 3 0000 4 0149 5 0000 6 000 0 7 00 0 0 8 5 9 7 / 333 10 /// 58 021 6 000 0 7 0000 
30-OCT-2015 06 48057 2 1 4 58 6 15 01 10 210 20 195 3 0000 4 0000 5 0000 6 000 0 7 01 5 5 8 4 3 3 1 333 10 /// 58 000 6 000 0 7 0000 
30-OCT-2015 06 48060 3 2 4 40 5 00 00 10 275 20 188 3 0000 4 0111 5 0000 6 000 0 7 00 0 0 8 5 8 0 0 333 10 /// 59 013 6 000 0 7 0000 
30-OCT-2015 06 48064 3 2 4 56 8 14 02 10 280 20 233 3 0000 4 0118 5 0000 6 000 0 7 00 0 0 8 5 8 7 0 333 10 /// 59 012 6 000 0 7 0000 
30-OCT-2015 06 48065 3 2 4 56 8 32 01 10 288 20 230 3 0000 4 0000 5 0000 6 000 0 7 00 0 0 8 5 8 7 0 333 10 /// 58 000 6 000 0 7 0000 
30-OCT-2015 06 48074 3 2 4 61 4 14 03 10 300 20 239 3 0000 4 0131 5 0000 6 000 0 7 00 0 0 8 2 8 5 1 333 10 /// 59 008 6 000 0 7 0000 
