300000 48042 21556 80000 10260 20246 40140 75122 85970 333 20245 56449 58000 60012=
300000 48048 21458 80000 10245 20226 40141 75055 8697/ 333 20238 5649/ 59003 69902=
300000 48051 22558 73602 10237 20230 84930 333 20233 56590 60012=
300000 48053 22450 73602 10250 20219 40136 83570 333 20244 56880 59006 69902=
300000 48060 22430 70000 10192 20190 40152 85830 333 20187 56490 59019 69902=
300000 48062 32450 81302 10250 20230 40130 86970 333 20230 56390 58000=
300000 48071 22450 80501 10263 20236 40129 8597/ 333 20245 5639/ 59005=
300000 48075 21456 50000 10200 20185 40149 71052 83840 333 20200 56590 59013 69902=
300000 48077 32556 70000 10260 20229 40129 85931 333 20240 56999 59002=
300000 48078 32556 40000 10246 20230 40134 82531 333 20232 56999 58006=
300000 48080 32456 61301 10240 20226 40130 83870 333 20234 56390 59001=
300000 48085 32456 61401 10242 20240 40124 82856 333 20240 56999 59008=
300000 48108 21594 50501 10240 20226 40127 71022 83406 333 20218 56909 59002=
300000 48110 21995 61302 10250 20250 40125 70522 80006 333 20250 56009 59006=
300000 48087 32550 60000 10240 20226 83841 333 20230 56999=
300000 48099 21330 41301 10238 20226 40123 74044 83730 333 20225 56390 59003 69902=
300000 48103 32330 40403 10235 20226 40127 82732 333 20230 56119 59010=
300000 48057 21450 71401 10178 20165 71022 85350 333 20172 56490 60002=
300000 48094 22456 50000 10245 20240 40128 83970 333 20186 56990 59002 60042=
300000 48097 31557 60501 10250 20242 40138 70522 82840 333 20232 56990 58001=
300000 48039 21450 80000 10245 20226 75055 887// 333 20244 56999 69902=
300000 48043 21510 80000 10180 20180 76166 8672/ 333 20145 56999 60022=
300000 48052 22450 70000 10250 20233 85930 333 20245 56990 60002=
300000 48055 21330 80000 10182 20179 40164 71022 8497/ 333 20177 5659/ 58008 60002=
300000 48092 31450 60000 10250 20233 40114 70522 84940 333 20234 56990 58001=
300000 48093 21650 20401 10252 20248 70155 81101 333 20249 56109 60012=
300000 48107 21930 20901 10235 20226 40122 74144 80006 333 20230 56009 59005=
300000 48096 32456 43503 10250 20233 40132 82830 333 20240 56990 58001=  
