30-OCT-2015 09 48001 3 2 4 40 2 04 01 10 270 20 240 3 0000 4 0130 5 0000 6 000 0 7 00 0 0 8 1 1 5 0 333 10 /// 59 001 6 000 0 7 0000 
30-OCT-2015 09 48004 3 2 4 60 6 04 01 10 292 20 215 3 0000 4 0000 5 0000 6 000 0 7 00 0 0 8 6 9 0 0 333 10 /// 58 000 6 000 0 7 0000 
30-OCT-2015 09 48008 3 2 5 58 7 14 01 10 263 20 203 3 0000 4 0138 5 0000 6 000 0 7 00 0 0 8 3 9 7 0 333 10 /// 58 001 6 000 0 7 0000 
30-OCT-2015 09 48010 3 2 5 57 8 00 00 10 280 20 233 3 0000 4 0136 5 0000 6 000 0 7 00 0 0 8 5 7 7 / 333 10 /// 59 003 6 000 0 7 0000 
30-OCT-2015 09 48018 3 2 5 60 7 27 01 10 265 20 215 3 0000 4 0148 5 0000 6 000 0 7 00 0 0 8 3 8 7 / 333 10 /// 58 016 6 000 0 7 0000 
30-OCT-2015 09 48019 3 2 4 57 8 32 01 10 250 20 205 3 0000 4 0135 5 0000 6 000 0 7 00 0 0 8 5 7 7 / 333 10 /// 58 008 6 000 0 7 0000 
30-OCT-2015 09 48020 3 2 4 58 7 00 00 10 270 20 226 3 0000 4 0000 5 0000 6 000 0 7 00 0 0 8 7 7 0 0 333 10 /// 58 000 6 000 0 7 0000 
30-OCT-2015 09 48025 2 2 2 30 8 32 01 10 250 20 219 3 0000 4 0145 5 0000 6 000 0 7 00 0 0 8 5 7 2 / 333 10 /// 58 014 6 000 0 7 0000 
30-OCT-2015 09 48030 2 1 2 50 8 22 01 10 150 20 150 3 0000 4 0000 5 0000 6 000 0 7 61 6 6 8 8 9 / / 333 10 /// 58 000 6 000 0 7 0000 
30-OCT-2015 09 48031 2 1 / 05 9 22 01 10 165 20 165 3 0000 4 0000 5 0000 6 000 0 7 60 9 6 8 9 / / / 333 10 /// 58 000 6 000 0 7 0000 
30-OCT-2015 09 48033 3 2 5 61 7 27 01 10 270 20 226 3 0000 4 0143 5 0000 6 000 0 7 00 0 0 8 6 9 3 0 333 10 /// 58 026 6 000 0 7 0000 
30-OCT-2015 09 48034 2 2 4 56 8 00 00 10 234 20 181 3 0000 4 0000 5 0000 6 000 0 7 02 5 5 8 6 3 7 / 333 10 /// 58 000 6 000 0 7 0000 
30-OCT-2015 09 48035 3 1 5 58 8 32 01 10 237 20 191 3 0000 4 0128 5 0000 6 000 0 7 05 2 2 8 5 9 7 / 333 10 /// 58 029 6 000 0 7 0000 
30-OCT-2015 09 48037 2 1 4 58 8 27 01 10 274 20 240 3 0000 4 0133 5 0000 6 000 0 7 02 5 5 8 5 8 7 / 333 10 /// 58 005 6 000 0 7 0000 
30-OCT-2015 09 48039 3 2 4 59 8 00 00 10 279 20 233 3 0000 4 0000 5 0000 6 000 0 7 00 0 0 8 8 9 / / 333 10 /// 58 000 6 000 0 7 0000 
30-OCT-2015 09 48042 3 2 5 58 8 00 00 10 280 20 220 3 0000 4 0122 5 0000 6 000 0 7 00 0 0 8 5 8 7 / 333 10 /// 58 013 6 000 0 7 0000 
30-OCT-2015 09 48043 3 2 5 56 8 32 05 10 220 20 173 3 0000 4 0000 5 0000 6 000 0 7 00 0 0 8 5 8 7 / 333 10 /// 58 000 6 000 0 7 0000 
30-OCT-2015 09 48045 2 1 4 50 8 04 04 10 162 20 144 3 0000 4 0000 5 0000 6 000 0 7 00 0 0 8 8 6 / / 333 10 /// 58 000 6 000 0 7 0000 
30-OCT-2015 09 48048 2 1 5 58 8 04 01 10 275 20 250 3 0000 4 0136 5 0000 6 000 0 7 50 5 5 8 6 9 7 / 333 10 /// 58 013 6 000 0 7 0000 
30-OCT-2015 09 48051 2 1 4 58 8 14 02 10 240 20 230 3 0000 4 0000 5 0000 6 000 0 7 51 5 5 8 6 9 2 0 333 10 /// 58 000 6 000 0 7 0000 
30-OCT-2015 09 48052 3 2 4 56 7 36 01 10 282 20 250 3 0000 4 0000 5 0000 6 000 0 7 00 0 0 8 5 9 3 0 333 10 /// 58 000 6 000 0 7 0000 
30-OCT-2015 09 48053 3 2 4 58 7 36 04 10 300 20 266 3 0000 4 0119 5 0000 6 000 0 7 00 0 0 8 4 9 5 6 333 10 /// 58 005 6 000 0 7 0000 
30-OCT-2015 09 48055 3 2 3 50 7 04 07 10 232 20 198 3 0000 4 0124 5 0000 6 000 0 7 00 0 0 8 5 9 7 0 333 10 /// 59 013 6 000 0 7 0000 
30-OCT-2015 09 48057 2 1 4 58 8 14 01 10 200 20 185 3 0000 4 0000 5 0000 6 000 0 7 03 5 5 8 6 3 5 0 333 10 /// 58 000 6 000 0 7 0000 
30-OCT-2015 09 48060 3 2 4 40 6 27 01 10 285 20 182 3 0000 4 0087 5 0000 6 000 0 7 00 0 0 8 4 8 3 0 333 10 /// 58 001 6 000 0 7 0000 
30-OCT-2015 09 48062 2 1 3 50 8 04 04 10 245 20 230 3 0000 4 0129 5 0000 6 000 0 7 02 6 2 8 6 9 7 0 333 10 /// 58 003 6 000 0 7 0000 
30-OCT-2015 09 48064 3 2 5 57 7 14 03 10 298 20 239 3 0000 4 0104 5 0000 6 000 0 7 00 0 0 8 3 8 1 1 333 10 /// 58 004 6 000 0 7 0000 
30-OCT-2015 09 48065 3 2 4 56 7 04 02 10 300 20 239 3 0000 4 0000 5 0000 6 000 0 7 00 0 0 8 5 8 7 0 333 10 /// 58 000 6 000 0 7 0000 
30-OCT-2015 09 48071 3 2 4 58 7 32 04 10 285 20 230 3 0000 4 0121 5 0000 6 000 0 7 00 0 0 8 5 9 7 0 333 10 /// 59 008 6 000 0 7 0000 
30-OCT-2015 09 48072 3 2 4 59 8 32 02 10 295 20 239 3 0000 4 0000 5 0000 6 000 0 7 00 0 0 8 6 9 7 / 333 10 /// 58 000 6 000 0 7 0000 
30-OCT-2015 09 48074 3 1 4 58 7 04 03 10 320 20 236 3 0000 4 0108 5 0000 6 000 0 7 17 9 9 8 4 9 7 / 333 10 /// 59 006 6 000 0 7 0000 
30-OCT-2015 09 48075 3 1 4 57 7 00 00 10 270 20 226 3 0000 4 0106 5 0000 6 000 0 7 00 0 0 8 4 3 7 0 333 10 /// 59 011 6 000 0 7 0000 
30-OCT-2015 09 48077 3 2 5 59 7 00 00 10 320 20 236 3 0000 4 0107 5 0000 6 000 0 7 00 0 0 8 5 9 3 1 333 10 /// 59 007 6 000 0 7 0000 
30-OCT-2015 09 48078 3 2 5 59 5 04 02 10 322 20 248 3 0000 4 0103 5 0000 6 000 0 7 00 0 0 8 2 8 0 2 333 10 /// 59 014 6 000 0 7 0000 
30-OCT-2015 09 48080 3 2 4 59 8 22 03 10 310 20 267 3 0000 4 0103 5 0000 6 000 0 7 00 0 0 8 5 8 7 0 333 10 /// 59 016 6 000 0 7 0000 
30-OCT-2015 09 48085 3 2 4 58 7 32 03 10 314 20 254 3 0000 4 0102 5 0000 6 000 0 7 00 0 0 8 3 3 5 6 333 10 /// 59 006 6 000 0 7 0000 
30-OCT-2015 09 48087 3 2 5 60 4 04 01 10 340 20 270 3 0000 4 0000 5 0000 6 000 0 7 00 0 0 8 2 8 4 1 333 10 /// 58 000 6 000 0 7 0000 
30-OCT-2015 09 48092 2 1 4 56 7 23 04 10 280 20 233 3 0000 4 0080 5 0000 6 000 0 7 95 9 6 8 4 9 7 0 333 10 /// 59 003 6 000 0 7 0000 
30-OCT-2015 09 48093 3 2 5 58 3 04 01 10 338 20 257 3 0000 4 0000 5 0000 6 000 0 7 00 0 0 8 2 8 0 1 333 10 /// 58 000 6 000 0 7 0000 
30-OCT-2015 09 48094 3 2 4 60 3 04 02 10 330 20 250 3 0000 4 0101 5 0000 6 000 0 7 00 0 0 8 2 8 0 1 333 10 /// 59 005 6 000 0 7 0000 
30-OCT-2015 09 48095 3 1 4 58 7 00 00 10 315 20 267 3 0000 4 0000 5 0000 6 000 0 7 03 9 9 8 4 9 4 0 333 10 /// 58 000 6 000 0 7 0000 
30-OCT-2015 09 48096 3 2 5 58 5 35 05 10 310 20 237 3 0000 4 0104 5 0000 6 000 0 7 00 0 0 8 5 3 0 0 333 10 /// 58 000 6 000 0 7 0000 
30-OCT-2015 09 48097 3 2 5 57 7 18 01 10 305 20 246 3 0000 4 0104 5 0000 6 000 0 7 00 0 0 8 4 3 3 6 333 10 /// 59 003 6 000 0 7 0000 
30-OCT-2015 09 48099 3 2 5 58 3 27 02 10 358 20 264 3 0000 4 0088 5 0000 6 000 0 7 00 0 0 8 3 3 0 0 333 10 /// 59 008 6 000 0 7 0000 
30-OCT-2015 09 48101 3 1 6 60 3 14 01 10 323 20 265 3 0000 4 0000 5 0000 6 000 0 7 02 9 2 8 1 3 3 1 333 10 /// 58 000 6 000 0 7 0000 
30-OCT-2015 09 48103 3 2 4 57 3 04 02 10 344 20 240 3 0000 4 0094 5 0000 6 000 0 7 00 0 0 8 3 8 0 0 333 10 /// 59 004 6 000 0 7 0000 
30-OCT-2015 09 48107 2 1 3 50 6 13 01 10 320 20 265 3 0000 4 0095 5 0000 6 000 0 7 01 6 5 8 4 9 7 0 333 10 /// 59 009 6 000 0 7 0000 
30-OCT-2015 09 48108 3 2 5 96 6 32 05 10 335 20 258 3 0000 4 0093 5 0000 6 000 0 7 00 0 0 8 4 3 0 6 333 10 /// 59 027 6 000 0 7 0000 
30-OCT-2015 09 48110 3 1 5 96 8 32 03 10 345 20 261 3 0000 4 0090 5 0000 6 000 0 7 05 2 2 8 2 3 0 7 333 10 /// 59 009 6 000 0 7 0000 
30-OCT-2015 09 48112 3 2 5 97 8 09 05 10 332 20 258 3 0000 4 0088 5 0000 6 000 0 7 00 0 0 8 3 8 7 6 333 10 /// 59 014 6 000 0 7 0000 
