31-AUG-2015 09 48001 2 1 3 30 8 13 01 10 245 20 240 3 0000 4 0052 5 0000 6 000 0 7 61 5 5 8 4 7 7 / 333 10 /// 58 007 6 000 0 7 0000 
31-AUG-2015 09 48004 3 1 4 58 6 13 01 10 290 20 259 3 0000 4 0000 5 0000 6 000 0 7 00 0 0 8 6 9 0 0 333 10 /// 58 000 6 000 0 7 0000 
31-AUG-2015 09 48008 3 1 4 56 8 00 00 10 287 20 250 3 0000 4 0044 5 0000 6 000 0 7 50 5 5 8 4 9 7 / 333 10 /// 59 005 6 000 0 7 0000 
31-AUG-2015 09 48010 3 2 5 58 6 18 02 10 320 20 265 3 0000 4 0036 5 0000 6 000 0 7 00 0 0 8 4 8 0 1 333 10 /// 58 002 6 000 0 7 0000 
31-AUG-2015 09 48018 3 2 5 58 6 23 01 10 320 20 236 3 0000 4 0047 5 0000 6 000 0 7 00 0 0 8 3 8 7 0 333 10 /// 58 009 6 000 0 7 0000 
31-AUG-2015 09 48019 3 2 4 58 8 00 00 10 300 20 253 3 0000 4 0042 5 0000 6 000 0 7 00 0 0 8 5 7 7 0 333 10 /// 58 003 6 000 0 7 0000 
31-AUG-2015 09 48020 3 2 4 58 6 04 02 10 340 20 288 3 0000 4 0000 5 0000 6 000 0 7 00 0 0 8 4 3 3 0 333 10 /// 58 000 6 000 0 7 0000 
31-AUG-2015 09 48025 3 2 3 56 7 14 01 10 332 20 258 3 0000 4 0036 5 0000 6 000 0 7 00 0 0 8 5 8 4 1 333 10 /// 58 004 6 000 0 7 0000 
31-AUG-2015 09 48030 3 2 2 56 8 22 04 10 218 20 173 3 0000 4 0000 5 0000 6 000 0 7 00 0 0 8 6 9 4 / 333 10 /// 58 000 6 000 0 7 0000 
31-AUG-2015 09 48031 2 1 2 57 8 14 01 10 225 20 185 3 0000 4 0000 5 0000 6 000 0 7 50 5 5 8 8 3 / / 333 10 /// 58 000 6 000 0 7 0000 
31-AUG-2015 09 48033 3 2 5 63 5 18 01 10 340 20 257 3 0000 4 0053 5 0000 6 000 0 7 00 0 0 8 5 9 0 0 333 10 /// 58 018 6 000 0 7 0000 
31-AUG-2015 09 48034 3 2 4 56 8 00 00 10 227 20 212 3 0000 4 0000 5 0000 6 000 0 7 00 0 0 8 6 3 7 / 333 10 /// 58 000 6 000 0 7 0000 
31-AUG-2015 09 48035 3 2 5 60 7 00 00 10 291 20 215 3 0000 4 0023 5 0000 6 000 0 7 00 0 0 8 5 9 7 0 333 10 /// 58 007 6 000 0 7 0000 
31-AUG-2015 09 48037 3 2 5 62 5 18 02 10 360 20 249 3 0000 4 0027 5 0000 6 000 0 7 00 0 0 8 2 2 4 9 333 10 /// 58 012 6 000 0 7 0000 
31-AUG-2015 09 48039 3 2 4 60 7 14 01 10 330 20 244 3 0000 4 0000 5 0000 6 000 0 7 00 0 0 8 4 9 6 0 333 10 /// 58 000 6 000 0 7 0000 
31-AUG-2015 09 48042 3 2 5 60 7 18 04 10 348 20 237 3 0000 4 0035 5 0000 6 000 0 7 00 0 0 8 4 8 5 2 333 10 /// 58 012 6 000 0 7 0000 
31-AUG-2015 09 48043 3 2 5 56 7 18 07 10 250 20 219 3 0000 4 0000 5 0000 6 000 0 7 00 0 0 8 5 8 3 0 333 10 /// 58 000 6 000 0 7 0000 
31-AUG-2015 09 48045 3 2 5 56 8 22 09 10 270 20 172 3 0000 4 0000 5 0000 6 000 0 7 00 0 0 8 3 3 3 1 333 10 /// 58 000 6 000 0 7 0000 
31-AUG-2015 09 48048 3 2 5 60 4 18 03 10 365 20 214 3 0000 4 0038 5 0000 6 000 0 7 00 0 0 8 4 8 0 0 333 10 /// 58 008 6 000 0 7 0000 
31-AUG-2015 09 48051 2 1 4 56 8 31 02 10 260 20 260 3 0000 4 0000 5 0000 6 000 0 7 81 6 6 8 6 9 2 0 333 10 /// 58 000 6 000 0 7 0000 
31-AUG-2015 09 48052 3 2 4 68 3 22 02 10 378 20 221 3 0000 4 0000 5 0000 6 000 0 7 00 0 0 8 3 8 0 0 333 10 /// 58 000 6 000 0 7 0000 
31-AUG-2015 09 48053 3 2 4 56 6 18 03 10 340 20 225 3 0000 4 0039 5 0000 6 000 0 7 00 0 0 8 5 9 5 6 333 10 /// 59 002 6 000 0 7 0000 
31-AUG-2015 09 48055 3 2 5 56 7 23 04 10 295 20 219 3 0000 4 0029 5 0000 6 000 0 7 00 0 0 8 5 9 3 0 333 10 /// 59 011 6 000 0 7 0000 
31-AUG-2015 09 48057 3 2 4 58 7 22 02 10 244 20 191 3 0000 4 0000 5 0000 6 000 0 7 00 0 0 8 5 9 5 0 333 10 /// 58 000 6 000 0 7 0000 
31-AUG-2015 09 48060 3 2 3 50 6 22 02 10 300 20 207 3 0000 4 0001 5 0000 6 000 0 7 00 0 0 8 4 8 0 2 333 10 /// 59 043 6 000 0 7 0000 
31-AUG-2015 09 48062 3 2 4 58 8 18 07 10 310 20 280 3 0000 4 0065 5 0000 6 000 0 7 00 0 0 8 6 9 7 0 333 10 /// 58 011 6 000 0 7 0000 
31-AUG-2015 09 48064 3 2 4 60 7 04 01 10 350 20 266 3 0000 4 0039 5 0000 6 000 0 7 00 0 0 8 3 8 3 1 333 10 /// 59 002 6 000 0 7 0000 
31-AUG-2015 09 48065 3 2 4 57 6 22 01 10 350 20 280 3 0000 4 0000 5 0000 6 000 0 7 00 0 0 8 3 8 7 1 333 10 /// 58 000 6 000 0 7 0000 
31-AUG-2015 09 48071 3 2 4 60 6 23 04 10 305 20 267 3 0000 4 0070 5 0000 6 000 0 7 00 0 0 8 4 9 7 0 333 10 /// 58 000 6 000 0 7 0000 
31-AUG-2015 09 48072 3 2 4 60 5 27 04 10 310 20 267 3 0000 4 0000 5 0000 6 000 0 7 00 0 0 8 3 8 3 0 333 10 /// 58 000 6 000 0 7 0000 
31-AUG-2015 09 48074 2 1 4 57 6 23 04 10 270 20 256 3 0000 4 0073 5 0000 6 000 0 7 20 6 5 8 4 9 6 1 333 10 /// 58 015 6 000 0 7 0000 
31-AUG-2015 09 48075 3 2 4 57 6 00 00 10 290 20 215 3 0000 4 0052 5 0000 6 000 0 7 00 0 0 8 4 3 3 0 333 10 /// 58 013 6 000 0 7 0000 
31-AUG-2015 09 48077 3 2 5 59 8 23 02 10 320 20 265 3 0000 4 0060 5 0000 6 000 0 7 00 0 0 8 5 9 3 1 333 10 /// 58 002 6 000 0 7 0000 
31-AUG-2015 09 48078 2 1 5 57 4 18 01 10 302 20 266 3 0000 4 0070 5 0000 6 000 0 7 01 6 5 8 3 8 0 1 333 10 /// 58 003 6 000 0 7 0000 
31-AUG-2015 09 48080 2 2 4 59 5 22 06 10 313 20 267 3 0000 4 0073 5 0000 6 000 0 7 00 0 0 8 3 8 7 0 333 10 /// 59 009 6 000 0 7 0000 
31-AUG-2015 09 48085 3 2 4 58 5 32 05 10 310 20 267 3 0000 4 0078 5 0000 6 000 0 7 00 0 0 8 3 8 0 9 333 10 /// 59 001 6 000 0 7 0000 
31-AUG-2015 09 48087 2 2 5 60 6 23 01 10 318 20 265 3 0000 4 0000 5 0000 6 000 0 7 00 0 0 8 3 8 7 1 333 10 /// 58 000 6 000 0 7 0000 
31-AUG-2015 09 48092 3 2 4 56 7 23 02 10 320 20 265 3 0000 4 0057 5 0000 6 000 0 7 00 0 0 8 4 9 7 0 333 10 /// 59 005 6 000 0 7 0000 
31-AUG-2015 09 48093 3 2 5 57 4 14 01 10 310 20 267 3 0000 4 0000 5 0000 6 000 0 7 00 0 0 8 5 8 4 1 333 10 /// 58 000 6 000 0 7 0000 
31-AUG-2015 09 48094 3 2 4 60 6 23 03 10 325 20 275 3 0000 4 0077 5 0000 6 000 0 7 00 0 0 8 4 9 4 0 333 10 /// 59 005 6 000 0 7 0000 
31-AUG-2015 09 48095 2 1 4 58 8 22 02 10 300 20 282 3 0000 4 0000 5 0000 6 000 0 7 20 2 2 8 5 9 7 0 333 10 /// 58 000 6 000 0 7 0000 
31-AUG-2015 09 48096 3 2 4 57 8 24 06 10 310 20 254 3 0000 4 0090 5 0000 6 000 0 7 00 0 0 8 5 9 7 / 333 10 /// 58 007 6 000 0 7 0000 
31-AUG-2015 09 48097 3 2 5 57 7 24 01 10 310 20 274 3 0000 4 0093 5 0000 6 000 0 7 00 0 0 8 5 3 3 0 333 10 /// 58 002 6 000 0 7 0000 
31-AUG-2015 09 48099 2 1 3 30 8 00 00 10 250 20 250 3 0000 4 0092 5 0000 6 000 0 7 95 9 6 8 6 9 7 / 333 10 /// 58 018 6 000 0 7 0000 
31-AUG-2015 09 48101 2 2 5 58 8 23 01 10 301 20 266 3 0000 4 0000 5 0000 6 000 0 7 00 0 0 8 5 9 7 / 333 10 /// 58 000 6 000 0 7 0000 
31-AUG-2015 09 48103 2 1 3 50 8 22 01 10 269 20 256 3 0000 4 0088 5 0000 6 000 0 7 20 6 6 8 6 7 7 0 333 10 /// 58 012 6 000 0 7 0000 
31-AUG-2015 09 48107 2 1 3 30 8 23 01 10 262 20 262 3 0000 4 0098 5 0000 6 000 0 7 61 6 6 8 5 9 7 / 333 10 /// 58 014 6 000 0 7 0000 
31-AUG-2015 09 48108 2 1 4 95 7 32 02 10 300 20 260 3 0000 4 0095 5 0000 6 000 0 7 50 5 5 8 5 3 7 6 333 10 /// 58 000 6 000 0 7 0000 
31-AUG-2015 09 48109 3 2 4 97 4 23 01 10 312 20 267 3 0000 4 0097 5 0000 6 000 0 7 02 2 2 8 4 8 0 0 333 10 /// 59 005 6 000 0 7 0000 
31-AUG-2015 09 48110 2 1 4 95 8 00 00 10 280 20 250 3 0000 4 0122 5 0000 6 000 0 7 02 9 9 8 4 3 7 7 333 10 /// 58 004 6 000 0 7 0000 
31-AUG-2015 09 48112 3 2 5 97 8 22 01 10 310 20 254 3 0000 4 0102 5 0000 6 000 0 7 00 0 0 8 3 8 7 6 333 10 /// 58 003 6 000 0 7 0000 
