48001 21220 81301 10230 20230 40071 75055 8672/ 333 56749 59005=
48004 21220 80401 10251 20251 8697/ 333 56559=
48008 31440 80000 10243 20240 40074 75065 8497/ 333 56459 58005=
48010 22450 80000 10270 20268 40068 887// 333 56499 59003=
48018 21558 73201 10273 20256 40073 72065 8497/ 333 56569 58000=
48019 21457 80000 10253 20250 40068 76366 8687/ 333 56999 58005=
48020 22357 70902 10270 20240 85730 333 56590=
48025 22120 83601 10275 20250 40063 8587/ 333 56459 59002=
48035 32560 72703 10265 20211 40059 85970 333 56450 58001=
48037 22560 51802 10290 20248 40070 81131 333 5645/ 58012=
48042 22558 71804 10297 20239 40071 84850 333 56440 58010=
48045 32556 62205 10230 20163 85830 333 56560=
48048 32560 42202 10305 20237 40068 84800 333 56400 59002=
48051 22558 81302 10272 20260 86970 333 56490=
48053 32456 71804 10280 20233 40097 85750 333 56500 58014=
48060 22440 70000 10246 20223 40064 85870 333 56490 59002=
48062 21356 81802 10290 20270 40086 75022 86920 333 56590 58010=
48071 22458 72302 10278 20276 40096 85970 333 56590 58011=
48075 32456 70000 10260 20215 40099 85630 333 56590 59005=
48077 22559 82302 10270 20240 40088 85931 333 56499 58010=
48078 22556 61801 10270 20256 40107 84531 333 56449 58006=
48080 22460 60403 10263 20229 40100 84870 333 56590 58006=
48085 22357 81402 10268 20260 40101 86340 333 56590 58006=
48095 22458 80000 10280 20268 85970 333 56690=
48108 21595 82302 10265 20243 40120 70255 84366 333 56699 58000=
48109 32497 52301 10294 20259 40118 84930 333 56990 58011=
48110 22595 81301 10280 20250 40121 84357 333 56999 59000=
48112 32598 63201 10300 20266 40125 82216 333 56799 58000=
48030 22256 72204 10193 20175 83842 333 56569=
48072 22460 32702 10290 20259 70122 82330 333 56590=
48087 22450 80000 10280 20268 8497/ 333 5649/=
48099 22440 72302 10265 20246 40105 85930 333 56590 58021=
48101 22456 80000 10286 20274 8497/ 333 5659/=
48103 22456 72201 10273 20256 40109 85770 333 56550 58002=
48057 32458 42201 10200 20185 86950 333 56690=
48094 22459 62202 10290 20270 40108 70222 84970 333 56590 58015=
48097 22557 72301 10290 20266 40112 85830 333 56990 58002=
48031 30060 61401 10243 20174 84840 333 56490=
48033 32562 51801 10290 20248 40071 85800 333 56400 59006=
48034 21456 80000 10208 20198 70255 8692/ 333 5659/=
48039 22450 61402 10289 20230 84850 333 56550=
48043 32556 81805 10230 20214 8587/ 333 56599=
48052 32458 41303 10308 20237 84800 333 56900=
48055 32556 62305 10265 20214 40069 84331 333 56559 59009=
48064 32558 60401 10290 20248 40065 82831 333 56449 59009=
48065 22456 60401 10297 20253 82870 333 56990=
48074 32457 70403 10270 20240 40107 84860 333 56440 59004=
48092 22456 82704 10283 20268 40091 8597/ 333 5669/ 58007=
48093 21456 82301 10277 20268 75155 8637/ 333 56599=
48107 22350 62301 10260 20246 40112 84970 333 56660 58007=
48096 22457 72204 10290 20259 40112 84970 333 56990 58008=  