48001 21920 90000 10135 20107 40174 74244 333 58034=
48004 32562 33201 10180 20108 83300 333 56500=
48008 31556 60401 10190 20139 40169 71044 83970 333 56560 58016=
48010 31940 00000 10150 20134 40174 74044 333 58016=
48018 21558 73201 10185 20165 40163 70355 84870 333 56550 58008=
48019 22457 73201 10194 20175 40155 85770 333 56450 59002=
48020 32950 00000 10160 20144 333=
48025 31008 50401 10196 20150 40170 74244 85600 333 56600 58006=
48035 31960 01202 10147 20111 40165 70544 333 59009=
48037 32956 03601 10208 20148 40157 333 58013=
48042 32956 01802 10235 20155 40149 333 59004=
48045 32559 11402 10160 20059 81100 333 56500=
48048 32960 02201 10205 20160 40155 333 59009=
48051 32958 03604 10206 20160 333=
48053 32950 01803 10200 20150 40152 333 59009=
48060 31930 03201 10165 20120 40198 70522 333 58013=
48062 31450 23601 10198 20170 40162 71011 82500 333 56900 58009=
48071 31458 33201 10230 20214 40166 71040 83800 333 56700 58010=
48075 31958 00000 10160 20140 40198 70500 333 58016=
48077 32959 00000 10200 20168 40146 333 59001=
48078 32957 11402 10208 20143 40158 80001 333 56009 59006=
48080 32959 00401 10211 20175 40162 333 58009=
48085 31957 01801 10227 20205 40153 70244 333 59001=
48095 32958 00000 10230 20198 333=
48108 31596 71401 10255 20210 40163 70244 82406 333 56909 58009=
48109 32997 00401 10257 20215 40166 333 58010=
48110 31596 51802 10280 20233 40156 70522 81106 333 56909 58008=
48112 32598 60401 10275 20226 40150 82216 333 56199 58003=
48030 32956 02204 10100 20056 333=
48072 31958 00402 10240 20226 71044 333=
48087 32960 00000 10210 20160 333=
48099 31450 33202 10247 20186 40160 70511 83800 333 56700 58004=
48101 32958 00000 10250 20205 333=
48103 32950 00401 10257 20179 40155 333 58000=
48057 32958 01501 10190 20096 333=
48094 32959 00401 10240 20210 40160 333 58004=
48097 31956 02302 10260 20191 40164 70544 333 58012=
48031 32960 03601 10150 20047 333=
48033 32962 00901 10210 20160 40136 333 59011=
48034 31956 00000 10142 20107 71000 333=
48039 31940 22201 10219 20136 74044 80002 333 56009=
48043 32956 01805 10180 20129 333=
48052 32958 03201 10220 20156 333=
48055 32956 00000 10144 20082 40185 333 58007=
48064 32960 01401 10200 20150 40136 333 59010=
48065 32960 00000 10215 20156 333=
48074 32958 00401 10216 20156 40168 333 59006=
48092 31950 03201 10250 20195 40144 70511 333 58006=
48093 32956 01801 10256 20203 333=
48107 31930 00901 10233 20181 40147 7//44 333 58010=  48001 21920 90000 10135 20107 40174 74244 333 58034=
48004 32562 33201 10180 20108 83300 333 56500=
48008 31556 60401 10190 20139 40169 71044 83970 333 56560 58016=
48010 31940 00000 10150 20134 40174 74044 333 58016=
48018 21558 73201 10185 20165 40163 70355 84870 333 56550 58008=
48019 22457 73201 10194 20175 40155 85770 333 56450 59002=
48020 32950 00000 10160 20144 333=
48025 31008 50401 10196 20150 40170 74244 85600 333 56600 58006=
48030 32956 02204 10100 20056 333=
48031 32960 03601 10150 20047 333=
48033 32962 00901 10210 20160 40136 333 59011=
48034 31956 00000 10142 20107 71000 333=
48035 31960 01202 10147 20111 40165 70544 333 59009=
48037 32956 03601 10208 20148 40157 333 58013=
48039 31940 22201 10219 20136 74044 80002 333 56009=
48042 32956 01802 10235 20155 40149 333 59004=
48043 32956 01805 10180 20129 333=
48045 32559 11402 10160 20059 81100 333 56500=
48048 32960 02201 10205 20160 40155 333 59009=
48051 32958 03604 10206 20160 333=
48052 32958 03201 10220 20156 333=
48053 32950 01803 10200 20150 40152 333 59009=
48055 32956 00000 10144 20082 40185 333 58007=
48057 32958 01501 10190 20096 333=
48060 31930 03201 10165 20120 40198 70522 333 58013=
48062 31450 23601 10198 20170 40162 71011 82500 333 56900 58009=
48064 32960 01401 10200 20150 40136 333 59010=
48065 32960 00000 10215 20156 333=
48071 31458 33201 10230 20214 40166 71040 83800 333 56700 58010=
48072 31958 00402 10240 20226 71044 333=
48074 32958 00401 10216 20156 40168 333 59006=
48075 31958 00000 10160 20140 40198 70500 333 58016=
48077 32959 00000 10200 20168 40146 333 59001=
48078 32957 11402 10208 20143 40158 80001 333 56009 59006=
48080 32959 00401 10211 20175 40162 333 58009=
48085 31957 01801 10227 20205 40153 70244 333 59001=
48087 32960 00000 10210 20160 333=
48092 31950 03201 10250 20195 40144 70511 333 58006=
48093 32956 01801 10256 20203 333=
48094 32959 00401 10240 20210 40160 333 58004=
48095 32958 00000 10230 20198 333=
48097 31956 02302 10260 20191 40164 70544 333 58012=
48099 31450 33202 10247 20186 40160 70511 83800 333 56700 58004=
48101 32958 00000 10250 20205 333=
48103 32950 00401 10257 20179 40155 333 58000=
48107 31930 00901 10233 20181 40147 7//44 333 58010=
48108 31596 71401 10255 20210 40163 70244 82406 333 56909 58009=
48109 32997 00401 10257 20215 40166 333 58010=
48110 31596 51802 10280 20233 40156 70522 81106 333 56909 58008=
48112 32598 60401 10275 20226 40150 82216 333 56199 58003=  