31-JAN-2015 00 48008 3 2 5 50 6 04 01 10 168 20 135 3 0000 4 0136 5 0000 6 000 0 7 00 0 0 8 3 9 7 0 333 20 155 59 011 6 000 0 7 0000 
31-JAN-2015 00 48010 3 1 5 20 2 00 00 10 130 20 122 3 0000 4 0144 5 0000 6 000 0 7 42 4 4 8 1 4 4 0 333 20 120 58 006 6 000 0 7 0000 
31-JAN-2015 00 48018 2 1 5 20 8 00 00 10 175 20 162 3 0000 4 0140 5 0000 6 000 0 7 50 5 5 8 5 8 7 / 333 20 170 58 008 6 000 0 7 0000 
31-JAN-2015 00 48019 2 1 4 40 8 32 02 10 175 20 170 3 0000 4 0135 5 0000 6 000 0 7 95 9 9 8 5 9 7 / 333 20 164 59 004 6 000 0 7 0000 
31-JAN-2015 00 48025 3 1 1 10 2 32 02 10 160 20 144 3 0000 4 0141 5 0000 6 000 0 7 40 4 4 8 2 6 0 0 333 20 154 59 003 6 000 0 7 0000 
31-JAN-2015 00 48030 3 2 9 56 0 22 05 10 084 20 055 3 0000 4 0000 5 0000 6 000 0 7 00 0 0 8 0 0 0 0 333 20 054 58 000 6 000 0 7 0000 
31-JAN-2015 00 48031 3 2 9 56 0 04 01 10 098 20 078 3 0000 4 0000 5 0000 6 000 0 7 00 0 0 8 0 0 0 0 333 20 092 58 000 6 000 0 7 0000 
31-JAN-2015 00 48033 3 2 9 60 0 04 01 10 173 20 154 3 0000 4 0135 5 0000 6 000 0 7 00 0 0 8 0 0 0 0 333 20 158 59 011 6 000 0 7 0000 
31-JAN-2015 00 48034 3 1 4 56 1 00 00 10 093 20 082 3 0000 4 0000 5 0000 6 000 0 7 10 1 1 8 1 5 0 0 333 20 083 58 000 6 000 0 7 0000 
31-JAN-2015 00 48035 3 1 / 02 9 00 00 10 082 20 080 3 0000 4 0176 5 0000 6 000 0 7 47 4 4 8 0 0 0 0 333 20 076 58 007 6 000 0 7 0000 
31-JAN-2015 00 48037 3 2 0 10 0 00 00 10 172 20 135 3 0000 4 0131 5 0000 6 000 0 7 00 0 0 8 0 0 0 0 333 20 160 58 011 6 000 0 7 0000 
31-JAN-2015 00 48039 3 1 4 50 3 14 01 10 179 20 147 3 0000 4 0000 5 0000 6 000 0 7 10 1 1 8 3 4 0 0 333 20 173 58 000 6 000 0 7 0000 
31-JAN-2015 00 48042 3 2 9 56 0 00 00 10 190 20 159 3 0000 4 0119 5 0000 6 000 0 7 00 0 0 8 0 0 0 0 333 20 180 59 012 6 000 0 7 0000 
31-JAN-2015 00 48043 3 2 0 10 0 18 05 10 125 20 086 3 0000 4 0000 5 0000 6 000 0 7 00 0 0 8 0 0 0 0 333 20 080 58 000 6 000 0 7 0000 
31-JAN-2015 00 48048 3 2 9 40 0 22 01 10 160 20 123 3 0000 4 0129 5 0000 6 000 0 7 00 0 0 8 0 0 0 0 333 20 153 59 018 6 000 0 7 0000 
31-JAN-2015 00 48053 3 2 9 50 0 00 00 10 170 20 135 3 0000 4 0131 5 0000 6 000 0 7 00 0 0 8 0 0 0 0 333 20 167 59 006 6 000 0 7 0000 
31-JAN-2015 00 48055 3 2 9 56 0 00 00 10 047 20 042 3 0000 4 0196 5 0000 6 000 0 7 00 0 0 8 0 0 0 0 333 20 043 59 001 6 000 0 7 0000 
31-JAN-2015 00 48057 3 1 9 49 0 14 01 10 100 20 079 3 0000 4 0000 5 0000 6 000 0 7 10 0 0 8 0 0 0 0 333 20 090 58 000 6 000 0 7 0000 
31-JAN-2015 00 48060 3 1 9 20 0 00 00 10 118 20 102 3 0000 4 0183 5 0000 6 000 0 7 10 1 1 8 0 0 0 0 333 20 105 59 018 6 000 0 7 0000 
31-JAN-2015 00 48074 3 2 9 50 0 00 00 10 170 20 135 3 0000 4 0147 5 0000 6 000 0 7 00 0 0 8 0 0 0 0 333 20 156 58 010 6 000 0 7 0000 
31-JAN-2015 00 48097 3 1 9 56 0 34 01 10 200 20 193 3 0000 4 0142 5 0000 6 000 0 7 10 0 0 8 0 0 0 0 333 20 190 58 007 6 000 0 7 0000 
31-JAN-2015 00 48103 3 2 5 30 1 32 01 10 186 20 174 3 0000 4 0141 5 0000 6 000 0 7 00 0 0 8 1 5 0 0 333 20 162 58 007 6 000 0 7 0000 
31-JAN-2015 00 48107 3 1 9 30 0 09 02 10 194 20 175 3 0000 4 0131 5 0000 6 000 0 7 41 4 4 8 0 0 0 0 333 20 180 58 005 6 000 0 7 0000 
