48001 NIL=
48004 NIL=
48008 32557 30401 10262 20160 40131 82970 333 56560 58018=
48010 32560 01401 10280 20158 40122 333 58002=
48018 32560 21402 10275 20154 40141 70111 82800 333 56500 58033=
48019 22460 30403 10253 20186 40121 80030 333 56060 58005=
48020 NIL=
48025 32956 00401 10284 20126 40130 333 58013=
48030 32956 02207 10180 20086 333=
48031 32960 01401 10195 20033 333=
48033 32963 03201 10310 20189 40102 333 58001=
48034 32456 60000 10240 20114 86800 333 56500=
48035 31958 02204 10267 20043 40080 70500 333 59008=
48037 32962 03601 10317 20163 40103 333 59013=
48039 32460 13203 10320 20163 81100 333 56100=
48042 32558 13202 10328 20151 40096 81200 333 56900 59015=
48043 32058 01807 10245 20105 333=
48045 32560 11404 10234 20074 81100 333 56400=
48048 32960 03601 10330 20172 40111 333 59006=
48051 32960 03104 10282 20100 70200 80000 333 56000=
48052 32970 00401 10355 20156 80000 333 56000=
48053 32956 01802 10330 20126 40103 333 58001=
48055 32956 01802 10293 20140 40066 333 59014=
48057 32958 01502 10246 20068 80000 333 56000=
48060 32950 02304 10295 20107 40089 333 58001=
48062 31956 03205 10280 20220 40134 70500 80000 333 56000 58004=
48064 32970 01401 10310 20225 40083 80000 333 56000 58000=
48065 32970 00000 10336 20125 80000 333 56000=
48071 32960 03204 10270 20191 40133 333 58007=
48072 32959 03208 10280 20220 333=
48074 32960 02202 10331 20151 40110 333 58000=
48075 31958 01401 10300 20120 40101 70500 80000 333 10300 56000 59009=
48077 32959 00000 10348 20143 40103 333 59000=
48078 32958 11401 10340 20184 40114 80001 333 56009 59001=
48080 31959 02204 10300 20223 40118 70500 333 58004=
48085 32958 03205 10294 20215 40118 333 58000=
48087 32960 00000 10338 20145 80000 333 56000=
48092 32959 02302 10330 20172 40096 333 59001=
48093 NIL=
48094 32960 03202 10330 20190 40120 333 58001=
48095 32960 00000 10350 20219=
48097 32557 22301 10325 20200 40124 70211 82500 333 56900 58003=
48099 32557 20402 10338 20206 40106 82500 333 56900 59006=
48101 32960 00000 10308 20203 333=
48103 32956 03201 10339 20184 40113 80000 333 56000 58002=
48107 32950 03602 10330 20191 40107 80000 333 56000 58000=
48108 32596 63202 10335 20230 40119 83806 333 56309 58004=
48109 32497 40401 10302 20239 40133 72322 84800 333 56900 58001=
48110 31596 60403 10340 20240 40114 70522 82306 333 56209 58006=
48112 32598 60402 10332 20212 40115 70122 82216 333 56199 58001=  48097 32557 22301 10325 20200 40124 70211 82500 333 56900 58003=  