311200 48004 32560 30000 10218 20173 83300 333 10267 56500=
311200 48008 31540 70000 10232 20181 40131 71044 84970 333 10267 56560 58003=
311200 48010 32056 00000 10240 20174 40124 333 10290 58007=
311200 48018 31956 00000 10240 20174 40132 71044 333 10285 58022=
311200 48019 22940 00000 10218 20205 40120 333 10256 58011=
311200 48020 32940 00000 10250 20186 333 10290=
311200 48025 32458 13202 10270 20133 40125 81500 333 10293 56900 58015=
311200 48030 32956 02204 10157 20059 333 10187=
311200 48031 32950 00401 10153 20047 333 10200=
311200 48033 32962 03302 10280 20203 40107 333 10320 59017=
311200 48034 32956 00000 10198 20130 333 10250=
311200 48035 31557 20000 10217 20111 40104 70500 82800 333 10268 56900 59008=
311200 48037 32940 00000 10289 20179 40100 333 10323 59016=
311200 48039 32460 20000 10280 20184 82400 333 10330 56900=
311200 48042 32956 00000 10285 20158 40098 333 10335 59017=
311200 48043 32010 00000 10200 20130 333 10250=
311200 48045 32958 01405 10200 20060 333 10245=
311200 48048 32950 03601 10278 20203 40105 333 10335 58001=
311200 48051 32958 00000 10240 20160 70200 80000 333 10298=
311200 48052 32950 00000 10315 20200 80000 333 10356 56000=
311200 48053 32950 00000 10290 20140 40098 333 10330 59002=
311200 48055 32956 00000 10238 20174 40095 333 10298 59013=
311200 48057 32956 01501 10198 20060 80000 333 10250 56000=
311200 48060 32920 20000 10220 20087 40127 80030 333 10295 56090 58009=
311200 48062 31550 33205 10255 20220 40125 70511 83500 333 10285 56900 59001=
311200 48064 32950 01401 10275 20184 40096 333 10322 58008=
311200 48065 32950 00000 10280 20184 80000 333 10340 56000=
311200 48071 32956 03204 10250 20186 40128 333 10273 59005=
311200 48072 32956 03202 10250 20219 333 10310=
311200 48074 32956 00000 10283 20184 40119 333 10337 58002=
311200 48075 31956 01401 10240 20160 40119 70500 80000 333 10300 56000 59016=
311200 48077 32956 00000 10292 20140 40100 333 10350 59003=
311200 48078 32956 20000 10286 20217 40116 80031 333 10343 56099 58004=
311200 48080 31957 03202 10265 20240 40128 70500 333 10305 58005=
311200 48085 32956 03205 10262 20203 40122 333 10297 58007=
311200 48087 32930 00000 10264 20203 80000 333 10340=
311200 48092 31956 20000 10290 20179 40099 70522 80006 333 10335 56009 59000=
311200 48093 32930 02301 10300 20149 80000 333 10334 56000=
311200 48094 32956 00000 10275 20215 40123 333 10335 58001=
311200 48095 32956 00000 10290 20230 333 10335=
311200 48097 32556 42301 10270 20211 40128 70211 82536 333 10340 56999 59010=
311200 48099 32440 22302 10296 20223 40113 82700 333 10340 56900 59011=
311200 48101 32950 00000 10265 20229 333 10314=
311200 48103 32950 00000 10288 20215 40116 80000 333 10345 56000 59006=
311200 48107 32930 00401 10272 20226 40113 80000 333 10338 56000 59005=
311200 48108 32596 63202 10290 20223 40123 83306 333 10336 56309 59004=
311200 48109 32996 00000 10280 20233 40132 70122 80000 333 10309 56000 59003=
311200 48110 31595 80405 10290 20259 40122 70522 83307 333 10340 56209 58004=
311200 48112 32598 60402 10300 20223 40115 70122 82216 333 10335 56199 59002=  
