31-JAN-2015 03 48001 2 1 9 20 9 00 00 10 135 20 107 3 0000 4 0174 5 0000 6 000 0 7 42 4 4 8 0 0 0 0 333 10 /// 58 034 6 000 0 7 0000 
31-JAN-2015 03 48004 3 2 5 62 3 32 01 10 180 20 108 3 0000 4 0000 5 0000 6 000 0 7 00 0 0 8 3 3 0 0 333 10 /// 58 000 6 000 0 7 0000 
31-JAN-2015 03 48008 3 1 5 56 6 04 01 10 190 20 139 3 0000 4 0169 5 0000 6 000 0 7 10 4 4 8 3 9 7 0 333 10 /// 58 016 6 000 0 7 0000 
31-JAN-2015 03 48010 3 1 9 40 0 00 00 10 150 20 134 3 0000 4 0174 5 0000 6 000 0 7 40 4 4 8 0 0 0 0 333 10 /// 58 016 6 000 0 7 0000 
31-JAN-2015 03 48018 2 1 5 58 7 32 01 10 185 20 165 3 0000 4 0163 5 0000 6 000 0 7 03 5 5 8 4 8 7 0 333 10 /// 58 008 6 000 0 7 0000 
31-JAN-2015 03 48019 2 2 4 57 7 32 01 10 194 20 175 3 0000 4 0155 5 0000 6 000 0 7 00 0 0 8 5 7 7 0 333 10 /// 59 002 6 000 0 7 0000 
31-JAN-2015 03 48020 3 2 9 50 0 00 00 10 160 20 144 3 0000 4 0000 5 0000 6 000 0 7 00 0 0 8 0 0 0 0 333 10 /// 58 000 6 000 0 7 0000 
31-JAN-2015 03 48025 3 1 0 08 5 04 01 10 196 20 150 3 0000 4 0170 5 0000 6 000 0 7 42 4 4 8 5 6 0 0 333 10 /// 58 006 6 000 0 7 0000 
31-JAN-2015 03 48030 3 2 9 56 0 22 04 10 100 20 056 3 0000 4 0000 5 0000 6 000 0 7 00 0 0 8 0 0 0 0 333 10 /// 58 000 6 000 0 7 0000 
31-JAN-2015 03 48031 3 2 9 60 0 36 01 10 150 20 047 3 0000 4 0000 5 0000 6 000 0 7 00 0 0 8 0 0 0 0 333 10 /// 58 000 6 000 0 7 0000 
31-JAN-2015 03 48033 3 2 9 62 0 09 01 10 210 20 160 3 0000 4 0136 5 0000 6 000 0 7 00 0 0 8 0 0 0 0 333 10 /// 59 011 6 000 0 7 0000 
31-JAN-2015 03 48034 3 1 9 56 0 00 00 10 142 20 107 3 0000 4 0000 5 0000 6 000 0 7 10 0 0 8 0 0 0 0 333 10 /// 58 000 6 000 0 7 0000 
31-JAN-2015 03 48035 3 1 9 60 0 12 02 10 147 20 111 3 0000 4 0165 5 0000 6 000 0 7 05 4 4 8 0 0 0 0 333 10 /// 59 009 6 000 0 7 0000 
31-JAN-2015 03 48037 3 2 9 56 0 36 01 10 208 20 148 3 0000 4 0157 5 0000 6 000 0 7 00 0 0 8 0 0 0 0 333 10 /// 58 013 6 000 0 7 0000 
31-JAN-2015 03 48039 3 1 9 40 2 22 01 10 219 20 136 3 0000 4 0000 5 0000 6 000 0 7 40 4 4 8 0 0 0 2 333 10 /// 58 000 6 000 0 7 0000 
31-JAN-2015 03 48042 3 2 9 56 0 18 02 10 235 20 155 3 0000 4 0149 5 0000 6 000 0 7 00 0 0 8 0 0 0 0 333 10 /// 59 004 6 000 0 7 0000 
31-JAN-2015 03 48043 3 2 9 56 0 18 05 10 180 20 129 3 0000 4 0000 5 0000 6 000 0 7 00 0 0 8 0 0 0 0 333 10 /// 58 000 6 000 0 7 0000 
31-JAN-2015 03 48045 3 2 5 59 1 14 02 10 160 20 059 3 0000 4 0000 5 0000 6 000 0 7 00 0 0 8 1 1 0 0 333 10 /// 58 000 6 000 0 7 0000 
31-JAN-2015 03 48048 3 2 9 60 0 22 01 10 205 20 160 3 0000 4 0155 5 0000 6 000 0 7 00 0 0 8 0 0 0 0 333 10 /// 59 009 6 000 0 7 0000 
31-JAN-2015 03 48051 3 2 9 58 0 36 04 10 206 20 160 3 0000 4 0000 5 0000 6 000 0 7 00 0 0 8 0 0 0 0 333 10 /// 58 000 6 000 0 7 0000 
31-JAN-2015 03 48052 3 2 9 58 0 32 01 10 220 20 156 3 0000 4 0000 5 0000 6 000 0 7 00 0 0 8 0 0 0 0 333 10 /// 58 000 6 000 0 7 0000 
31-JAN-2015 03 48053 3 2 9 50 0 18 03 10 200 20 150 3 0000 4 0152 5 0000 6 000 0 7 00 0 0 8 0 0 0 0 333 10 /// 59 009 6 000 0 7 0000 
31-JAN-2015 03 48055 3 2 9 56 0 00 00 10 144 20 082 3 0000 4 0185 5 0000 6 000 0 7 00 0 0 8 0 0 0 0 333 10 /// 58 007 6 000 0 7 0000 
31-JAN-2015 03 48057 3 2 9 58 0 15 01 10 190 20 096 3 0000 4 0000 5 0000 6 000 0 7 00 0 0 8 0 0 0 0 333 10 /// 58 000 6 000 0 7 0000 
31-JAN-2015 03 48060 3 1 9 30 0 32 01 10 165 20 120 3 0000 4 0198 5 0000 6 000 0 7 05 2 2 8 0 0 0 0 333 10 /// 58 013 6 000 0 7 0000 
31-JAN-2015 03 48062 3 1 4 50 2 36 01 10 198 20 170 3 0000 4 0162 5 0000 6 000 0 7 10 1 1 8 2 5 0 0 333 10 /// 58 009 6 000 0 7 0000 
31-JAN-2015 03 48064 3 2 9 60 0 14 01 10 200 20 150 3 0000 4 0136 5 0000 6 000 0 7 00 0 0 8 0 0 0 0 333 10 /// 59 010 6 000 0 7 0000 
31-JAN-2015 03 48065 3 2 9 60 0 00 00 10 215 20 156 3 0000 4 0000 5 0000 6 000 0 7 00 0 0 8 0 0 0 0 333 10 /// 58 000 6 000 0 7 0000 
31-JAN-2015 03 48071 3 1 4 58 3 32 01 10 230 20 214 3 0000 4 0166 5 0000 6 000 0 7 10 4 0 8 3 8 0 0 333 10 /// 58 010 6 000 0 7 0000 
31-JAN-2015 03 48072 3 1 9 58 0 04 02 10 240 20 226 3 0000 4 0000 5 0000 6 000 0 7 10 4 4 8 0 0 0 0 333 10 /// 58 000 6 000 0 7 0000 
31-JAN-2015 03 48074 3 2 9 58 0 04 01 10 216 20 156 3 0000 4 0168 5 0000 6 000 0 7 00 0 0 8 0 0 0 0 333 10 /// 59 006 6 000 0 7 0000 
31-JAN-2015 03 48075 3 1 9 58 0 00 00 10 160 20 140 3 0000 4 0198 5 0000 6 000 0 7 05 0 0 8 0 0 0 0 333 10 /// 58 016 6 000 0 7 0000 
31-JAN-2015 03 48077 3 2 9 59 0 00 00 10 200 20 168 3 0000 4 0146 5 0000 6 000 0 7 00 0 0 8 0 0 0 0 333 10 /// 59 001 6 000 0 7 0000 
31-JAN-2015 03 48078 3 2 9 57 1 14 02 10 208 20 143 3 0000 4 0158 5 0000 6 000 0 7 00 0 0 8 0 0 0 1 333 10 /// 59 006 6 000 0 7 0000 
31-JAN-2015 03 48080 3 2 9 59 0 04 01 10 211 20 175 3 0000 4 0162 5 0000 6 000 0 7 00 0 0 8 0 0 0 0 333 10 /// 58 009 6 000 0 7 0000 
31-JAN-2015 03 48085 3 1 9 57 0 18 01 10 227 20 205 3 0000 4 0153 5 0000 6 000 0 7 02 4 4 8 0 0 0 0 333 10 /// 59 001 6 000 0 7 0000 
31-JAN-2015 03 48087 3 2 9 60 0 00 00 10 210 20 160 3 0000 4 0000 5 0000 6 000 0 7 00 0 0 8 0 0 0 0 333 10 /// 58 000 6 000 0 7 0000 
31-JAN-2015 03 48092 3 1 9 50 0 32 01 10 250 20 195 3 0000 4 0144 5 0000 6 000 0 7 05 1 1 8 0 0 0 0 333 10 /// 58 006 6 000 0 7 0000 
31-JAN-2015 03 48093 3 2 9 56 0 18 01 10 256 20 203 3 0000 4 0000 5 0000 6 000 0 7 00 0 0 8 0 0 0 0 333 10 /// 58 000 6 000 0 7 0000 
31-JAN-2015 03 48094 3 2 9 59 0 04 01 10 240 20 210 3 0000 4 0160 5 0000 6 000 0 7 00 0 0 8 0 0 0 0 333 10 /// 58 004 6 000 0 7 0000 
31-JAN-2015 03 48095 3 2 9 58 0 00 00 10 230 20 198 3 0000 4 0000 5 0000 6 000 0 7 00 0 0 8 0 0 0 0 333 10 /// 58 000 6 000 0 7 0000 
31-JAN-2015 03 48097 3 1 9 56 0 23 02 10 260 20 191 3 0000 4 0164 5 0000 6 000 0 7 05 4 4 8 0 0 0 0 333 10 /// 58 012 6 000 0 7 0000 
31-JAN-2015 03 48099 3 1 4 50 3 32 02 10 247 20 186 3 0000 4 0160 5 0000 6 000 0 7 05 1 1 8 3 8 0 0 333 10 /// 58 004 6 000 0 7 0000 
31-JAN-2015 03 48101 3 2 9 58 0 00 00 10 250 20 205 3 0000 4 0000 5 0000 6 000 0 7 00 0 0 8 0 0 0 0 333 10 /// 58 000 6 000 0 7 0000 
31-JAN-2015 03 48103 3 2 9 50 0 04 01 10 257 20 179 3 0000 4 0155 5 0000 6 000 0 7 00 0 0 8 0 0 0 0 333 10 /// 58 000 6 000 0 7 0000 
31-JAN-2015 03 48107 3 1 9 30 0 09 01 10 233 20 181 3 0000 4 0147 5 0000 6 000 0 7 // 4 4 8 0 0 0 0 333 10 /// 58 010 6 000 0 7 0000 
31-JAN-2015 03 48108 3 1 5 96 7 14 01 10 255 20 210 3 0000 4 0163 5 0000 6 000 0 7 02 4 4 8 2 4 0 6 333 10 /// 58 009 6 000 0 7 0000 
31-JAN-2015 03 48109 3 2 9 97 0 04 01 10 257 20 215 3 0000 4 0166 5 0000 6 000 0 7 00 0 0 8 0 0 0 0 333 10 /// 58 010 6 000 0 7 0000 
31-JAN-2015 03 48110 3 1 5 96 5 18 02 10 280 20 233 3 0000 4 0156 5 0000 6 000 0 7 05 2 2 8 1 1 0 6 333 10 /// 58 008 6 000 0 7 0000 
31-JAN-2015 03 48112 3 2 5 98 6 04 01 10 275 20 226 3 0000 4 0150 5 0000 6 000 0 7 00 0 0 8 2 2 1 6 333 10 /// 58 003 6 000 0 7 0000 
