



*-*-*


<!--
.style2 {
	font-family:"Courier New", Courier, monospace;
	font-size: 14px;
}
-->






SMBM01 VBRR 310600

AAXX 31064

48001 32556 70000 10300 20239 40038 83270 333 56320

59019=

48004 21110 80000 10270 20256 75055 8697/ 333 56559=

48008 32557 70000 10294 20248 40044 84970 333 56450

59018=

48010 21420 80000 10240 20240 40038 76066 887// 333

56199 59004=

48018 21557 80000 10270 20256 40042 75055 8497/ 333

56559 59019=

48019 32458 80000 10298 20259 40042 8577/ 333 56459

59015=

48020 NIL=

48025 21110 80000 10248 20248 40026 75165 8577/ 333

56499 59004=

48035 32560 80000 10252 20205 40060 8597/ 333 56599

58023=

48037 21459 81401 10255 20250 40020 75055 887// 333

56499 58035=

48042 32559 81803 10296 20239 40025 8597/ 333 56449

59005=

48045 21002 91408 10190 20190 74564 89/// 333 56999=

48048 21558 81802 10265 20260 40019 75165 8697/ 333

56499 58009=

48051 21456 81305 10245 20245 76066 86920 333 56590=

48053 32450 81805 10270 20240 40043 8577/ 333 56599

58002=

48060 32340 80000 10258 20215 40071 86970 333 56660

58013=

48062 21340 81805 10250 20250 40022 76196 86920 333

56590 58032=

48071 21458 82303 10250 20250 40039 72162 8597/ 333

5659/ 58017=

48075 21456 81401 10220 20205 40103 75055 8677/ 333

5659/ 58026=

48077 32559 82301 10290 20259 40046 85970 333 56490

58003=

48078 21450 71803 10272 20256 40072 70255 8477/ 333

56499 59007=

48080 21459 82205 10270 20256 40054 75065 85970 333

56590 58008=

48085 32458 82206 10300 20266 40066 85870 333 56990

58008=

48095 32458 72202 10295 20274 70322 84870 333 56990=

48108 21595 82302 10285 20249 40113 70255 85377 333

56599 59012=

48109 32497 82305 10305 20267 40086 83930 333 56990

59003=

48110 21496 82301 10285 20254 40120 70255 85377 333

56569 58000=

48112 32597 82702 10300 20253 40120 83876 333 56699

58009=

48030 NIL=

48072 21458 82705 10280 20268 75055 86970 333 56590=

48087 21456 82305 10298 20253 70355 8597/ 333 5649/=

48099 21340 81803 10266 20256 40095 75055 8697/ 333

5649/ 58000=

48101 32559 52304 10315 20245 70122 83321 333 56599=

48103 21450 62204 10283 20250 40095 70265 84730 333

56550 58003=

48057 21358 81404 10194 20194 70255 86950 333 56490=

48094 32459 72202 10295 20265 40073 85940 333 56590

58005=

48097 32557 82403 10305 20266 40082 86330 333 56490

59008=

48031 NIL=

48033 22561 71801 10265 20240 40023 70255 86970 333

56440 59025=

48034 21456 81802 10210 20195 75155 8692/ 333 5659/=

48039 32459 81401 10287 20248 889// 333 56599=

48043 22556 81805 10225 20214 8587/ 333 56599=

48052 21440 82202 10257 20257 76365 8697/ 333 5649/=

48055 21256 81302 10233 20217 40064 75065 8697/ 333

5639/ 58000=

48064 21450 80000 10255 20250 40017 75155 84720 333

56440 58004=

48065 22465 81301 10262 20260 85970 333 56990=

48074 32357 81408 10280 20250 40064 8682/ 333 56499

59008=

48092 32457 82310 10310 20267 40065 70222 8537/ 333

5649/ 58004=

48093 32557 81802 10291 20259 86841 333 56399=

48107 32350 62301 10300 20239 40086 84970 333 56550

59006=  





