31-JUL-2015 06 48001 3 2 5 56 7 00 00 10 300 20 239 3 0000 4 0038 5 0000 6 000 0 7 00 0 0 8 3 2 7 0 333 10 /// 59 019 6 000 0 7 0000 
31-JUL-2015 06 48004 2 1 1 10 8 00 00 10 270 20 256 3 0000 4 0000 5 0000 6 000 0 7 50 5 5 8 6 9 7 / 333 10 /// 58 000 6 000 0 7 0000 
31-JUL-2015 06 48008 3 2 5 57 7 00 00 10 294 20 248 3 0000 4 0044 5 0000 6 000 0 7 00 0 0 8 4 9 7 0 333 10 /// 59 018 6 000 0 7 0000 
31-JUL-2015 06 48010 2 1 4 20 8 00 00 10 240 20 240 3 0000 4 0038 5 0000 6 000 0 7 60 6 6 8 8 7 / / 333 10 /// 59 004 6 000 0 7 0000 
31-JUL-2015 06 48018 2 1 5 57 8 00 00 10 270 20 256 3 0000 4 0042 5 0000 6 000 0 7 50 5 5 8 4 9 7 / 333 10 /// 59 019 6 000 0 7 0000 
31-JUL-2015 06 48019 3 2 4 58 8 00 00 10 298 20 259 3 0000 4 0042 5 0000 6 000 0 7 00 0 0 8 5 7 7 / 333 10 /// 59 015 6 000 0 7 0000 
31-JUL-2015 06 48025 2 1 1 10 8 00 00 10 248 20 248 3 0000 4 0026 5 0000 6 000 0 7 51 6 5 8 5 7 7 / 333 10 /// 59 004 6 000 0 7 0000 
31-JUL-2015 06 48033 2 2 5 61 7 18 01 10 265 20 240 3 0000 4 0023 5 0000 6 000 0 7 02 5 5 8 6 9 7 0 333 10 /// 59 025 6 000 0 7 0000 
31-JUL-2015 06 48034 2 1 4 56 8 18 02 10 210 20 195 3 0000 4 0000 5 0000 6 000 0 7 51 5 5 8 6 9 2 / 333 10 /// 58 000 6 000 0 7 0000 
31-JUL-2015 06 48035 3 2 5 60 8 00 00 10 252 20 205 3 0000 4 0060 5 0000 6 000 0 7 00 0 0 8 5 9 7 / 333 10 /// 58 023 6 000 0 7 0000 
31-JUL-2015 06 48037 2 1 4 59 8 14 01 10 255 20 250 3 0000 4 0020 5 0000 6 000 0 7 50 5 5 8 8 7 / / 333 10 /// 58 035 6 000 0 7 0000 
31-JUL-2015 06 48039 3 2 4 59 8 14 01 10 287 20 248 3 0000 4 0000 5 0000 6 000 0 7 00 0 0 8 8 9 / / 333 10 /// 58 000 6 000 0 7 0000 
31-JUL-2015 06 48042 3 2 5 59 8 18 03 10 296 20 239 3 0000 4 0025 5 0000 6 000 0 7 00 0 0 8 5 9 7 / 333 10 /// 59 005 6 000 0 7 0000 
31-JUL-2015 06 48043 2 2 5 56 8 18 05 10 225 20 214 3 0000 4 0000 5 0000 6 000 0 7 00 0 0 8 5 8 7 / 333 10 /// 58 000 6 000 0 7 0000 
31-JUL-2015 06 48045 2 1 0 02 9 14 08 10 190 20 190 3 0000 4 0000 5 0000 6 000 0 7 45 6 4 8 9 / / / 333 10 /// 58 000 6 000 0 7 0000 
31-JUL-2015 06 48048 2 1 5 58 8 18 02 10 265 20 260 3 0000 4 0019 5 0000 6 000 0 7 51 6 5 8 6 9 7 / 333 10 /// 58 009 6 000 0 7 0000 
31-JUL-2015 06 48051 2 1 4 56 8 13 05 10 245 20 245 3 0000 4 0000 5 0000 6 000 0 7 60 6 6 8 6 9 2 0 333 10 /// 58 000 6 000 0 7 0000 
31-JUL-2015 06 48052 2 1 4 40 8 22 02 10 257 20 257 3 0000 4 0000 5 0000 6 000 0 7 63 6 5 8 6 9 7 / 333 10 /// 58 000 6 000 0 7 0000 
31-JUL-2015 06 48053 3 2 4 50 8 18 05 10 270 20 240 3 0000 4 0043 5 0000 6 000 0 7 00 0 0 8 5 7 7 / 333 10 /// 58 002 6 000 0 7 0000 
31-JUL-2015 06 48055 2 1 2 56 8 13 02 10 233 20 217 3 0000 4 0064 5 0000 6 000 0 7 50 6 5 8 6 9 7 / 333 10 /// 58 000 6 000 0 7 0000 
31-JUL-2015 06 48057 2 1 3 58 8 14 04 10 194 20 194 3 0000 4 0000 5 0000 6 000 0 7 02 5 5 8 6 9 5 0 333 10 /// 58 000 6 000 0 7 0000 
31-JUL-2015 06 48060 3 2 3 40 8 00 00 10 258 20 215 3 0000 4 0071 5 0000 6 000 0 7 00 0 0 8 6 9 7 0 333 10 /// 58 013 6 000 0 7 0000 
31-JUL-2015 06 48062 2 1 3 40 8 18 05 10 250 20 250 3 0000 4 0022 5 0000 6 000 0 7 61 9 6 8 6 9 2 0 333 10 /// 58 032 6 000 0 7 0000 
31-JUL-2015 06 48064 2 1 4 50 8 00 00 10 255 20 250 3 0000 4 0017 5 0000 6 000 0 7 51 5 5 8 4 7 2 0 333 10 /// 58 004 6 000 0 7 0000 
31-JUL-2015 06 48065 2 2 4 65 8 13 01 10 262 20 260 3 0000 4 0000 5 0000 6 000 0 7 00 0 0 8 5 9 7 0 333 10 /// 58 000 6 000 0 7 0000 
31-JUL-2015 06 48071 2 1 4 58 8 23 03 10 250 20 250 3 0000 4 0039 5 0000 6 000 0 7 21 6 2 8 5 9 7 / 333 10 /// 58 017 6 000 0 7 0000 
31-JUL-2015 06 48072 2 1 4 58 8 27 05 10 280 20 268 3 0000 4 0000 5 0000 6 000 0 7 50 5 5 8 6 9 7 0 333 10 /// 58 000 6 000 0 7 0000 
31-JUL-2015 06 48074 3 2 3 57 8 14 08 10 280 20 250 3 0000 4 0064 5 0000 6 000 0 7 00 0 0 8 6 8 2 / 333 10 /// 59 008 6 000 0 7 0000 
31-JUL-2015 06 48075 2 1 4 56 8 14 01 10 220 20 205 3 0000 4 0103 5 0000 6 000 0 7 50 5 5 8 6 7 7 / 333 10 /// 58 026 6 000 0 7 0000 
31-JUL-2015 06 48077 3 2 5 59 8 23 01 10 290 20 259 3 0000 4 0046 5 0000 6 000 0 7 00 0 0 8 5 9 7 0 333 10 /// 58 003 6 000 0 7 0000 
31-JUL-2015 06 48078 2 1 4 50 7 18 03 10 272 20 256 3 0000 4 0072 5 0000 6 000 0 7 02 5 5 8 4 7 7 / 333 10 /// 59 007 6 000 0 7 0000 
31-JUL-2015 06 48080 2 1 4 59 8 22 05 10 270 20 256 3 0000 4 0054 5 0000 6 000 0 7 50 6 5 8 5 9 7 0 333 10 /// 58 008 6 000 0 7 0000 
31-JUL-2015 06 48085 3 2 4 58 8 22 06 10 300 20 266 3 0000 4 0066 5 0000 6 000 0 7 00 0 0 8 5 8 7 0 333 10 /// 58 008 6 000 0 7 0000 
31-JUL-2015 06 48087 2 1 4 56 8 23 05 10 298 20 253 3 0000 4 0000 5 0000 6 000 0 7 03 5 5 8 5 9 7 / 333 10 /// 58 000 6 000 0 7 0000 
31-JUL-2015 06 48092 3 2 4 57 8 23 10 10 310 20 267 3 0000 4 0065 5 0000 6 000 0 7 02 2 2 8 5 3 7 / 333 10 /// 58 004 6 000 0 7 0000 
31-JUL-2015 06 48093 3 2 5 57 8 18 02 10 291 20 259 3 0000 4 0000 5 0000 6 000 0 7 00 0 0 8 6 8 4 1 333 10 /// 58 000 6 000 0 7 0000 
31-JUL-2015 06 48094 3 2 4 59 7 22 02 10 295 20 265 3 0000 4 0073 5 0000 6 000 0 7 00 0 0 8 5 9 4 0 333 10 /// 58 005 6 000 0 7 0000 
31-JUL-2015 06 48095 3 2 4 58 7 22 02 10 295 20 274 3 0000 4 0000 5 0000 6 000 0 7 03 2 2 8 4 8 7 0 333 10 /// 58 000 6 000 0 7 0000 
31-JUL-2015 06 48097 3 2 5 57 8 24 03 10 305 20 266 3 0000 4 0082 5 0000 6 000 0 7 00 0 0 8 6 3 3 0 333 10 /// 59 008 6 000 0 7 0000 
31-JUL-2015 06 48099 2 1 3 40 8 18 03 10 266 20 256 3 0000 4 0095 5 0000 6 000 0 7 50 5 5 8 6 9 7 / 333 10 /// 58 000 6 000 0 7 0000 
31-JUL-2015 06 48101 3 2 5 59 5 23 04 10 315 20 245 3 0000 4 0000 5 0000 6 000 0 7 01 2 2 8 3 3 2 1 333 10 /// 58 000 6 000 0 7 0000 
31-JUL-2015 06 48103 2 1 4 50 6 22 04 10 283 20 250 3 0000 4 0095 5 0000 6 000 0 7 02 6 5 8 4 7 3 0 333 10 /// 58 003 6 000 0 7 0000 
31-JUL-2015 06 48107 3 2 3 50 6 23 01 10 300 20 239 3 0000 4 0086 5 0000 6 000 0 7 00 0 0 8 4 9 7 0 333 10 /// 59 006 6 000 0 7 0000 
31-JUL-2015 06 48108 2 1 5 95 8 23 02 10 285 20 249 3 0000 4 0113 5 0000 6 000 0 7 02 5 5 8 5 3 7 7 333 10 /// 59 012 6 000 0 7 0000 
31-JUL-2015 06 48109 3 2 4 97 8 23 05 10 305 20 267 3 0000 4 0086 5 0000 6 000 0 7 00 0 0 8 3 9 3 0 333 10 /// 59 003 6 000 0 7 0000 
31-JUL-2015 06 48110 2 1 4 96 8 23 01 10 285 20 254 3 0000 4 0120 5 0000 6 000 0 7 02 5 5 8 5 3 7 7 333 10 /// 58 000 6 000 0 7 0000 
31-JUL-2015 06 48112 3 2 5 97 8 27 02 10 300 20 253 3 0000 4 0120 5 0000 6 000 0 7 00 0 0 8 3 8 7 6 333 10 /// 58 009 6 000 0 7 0000 
