31-JUL-2015 09 48001 3 2 5 56 7 09 01 10 305 20 237 3 0000 4 0031 5 0000 6 000 0 7 00 0 0 8 4 8 7 0 333 10 /// 59 017 6 000 0 7 0000 
31-JUL-2015 09 48004 2 1 1 10 8 22 01 10 240 20 240 3 0000 4 0000 5 0000 6 000 0 7 60 6 5 8 5 9 7 / 333 10 /// 58 000 6 000 0 7 0000 
31-JUL-2015 09 48008 3 2 5 56 8 00 00 10 315 20 248 3 0000 4 0039 5 0000 6 000 0 7 00 0 0 8 4 9 7 / 333 10 /// 59 019 6 000 0 7 0000 
31-JUL-2015 09 48010 2 1 4 50 8 00 00 10 240 20 240 3 0000 4 0043 5 0000 6 000 0 7 61 6 6 8 8 7 / / 333 10 /// 58 006 6 000 0 7 0000 
31-JUL-2015 09 48019 3 2 4 58 8 36 02 10 300 20 253 3 0000 4 0032 5 0000 6 000 0 7 00 0 0 8 5 7 7 / 333 10 /// 59 007 6 000 0 7 0000 
31-JUL-2015 09 48020 2 1 2 50 8 00 00 10 242 20 242 3 0000 4 0000 5 0000 6 000 0 7 50 6 5 8 8 7 / / 333 10 /// 58 000 6 000 0 7 0000 
31-JUL-2015 09 48025 2 1 1 20 8 14 01 10 250 20 250 3 0000 4 0016 5 0000 6 000 0 7 60 6 5 8 5 7 2 / 333 10 /// 58 019 6 000 0 7 0000 
31-JUL-2015 09 48030 2 1 / 09 9 04 01 10 182 20 182 3 0000 4 0000 5 0000 6 000 0 7 61 6 6 8 9 / / / 333 10 /// 58 000 6 000 0 7 0000 
31-JUL-2015 09 48033 2 2 5 62 7 18 02 10 290 20 248 3 0000 4 0024 5 0000 6 000 0 7 00 0 0 8 6 9 7 0 333 10 /// 58 005 6 000 0 7 0000 
31-JUL-2015 09 48034 2 1 3 56 8 14 02 10 210 20 202 3 0000 4 0000 5 0000 6 000 0 7 50 5 5 8 6 9 2 / 333 10 /// 58 000 6 000 0 7 0000 
31-JUL-2015 09 48035 3 2 5 60 8 22 02 10 263 20 215 3 0000 4 0048 5 0000 6 000 0 7 00 0 0 8 5 9 7 / 333 10 /// 58 027 6 000 0 7 0000 
31-JUL-2015 09 48037 2 1 4 59 8 14 01 10 267 20 256 3 0000 4 0038 5 0000 6 000 0 7 50 5 5 8 8 8 / / 333 10 /// 58 035 6 000 0 7 0000 
31-JUL-2015 09 48039 2 1 4 59 8 14 02 10 288 20 248 3 0000 4 0000 5 0000 6 000 0 7 51 5 5 8 8 9 / / 333 10 /// 58 000 6 000 0 7 0000 
31-JUL-2015 09 48042 2 1 5 57 8 18 04 10 300 20 239 3 0000 4 0025 5 0000 6 000 0 7 50 5 5 8 5 9 7 / 333 10 /// 58 010 6 000 0 7 0000 
31-JUL-2015 09 48043 2 2 5 56 8 18 06 10 245 20 219 3 0000 4 0000 5 0000 6 000 0 7 00 0 0 8 5 8 7 / 333 10 /// 58 000 6 000 0 7 0000 
31-JUL-2015 09 48045 2 1 0 01 9 14 03 10 192 20 192 3 0000 4 0000 5 0000 6 000 0 7 52 6 4 8 9 / / / 333 10 /// 58 000 6 000 0 7 0000 
31-JUL-2015 09 48048 2 1 5 58 8 18 02 10 275 20 250 3 0000 4 0021 5 0000 6 000 0 7 50 5 5 8 6 9 7 / 333 10 /// 58 014 6 000 0 7 0000 
31-JUL-2015 09 48051 2 1 4 56 8 13 04 10 247 20 247 3 0000 4 0000 5 0000 6 000 0 7 60 6 6 8 6 9 2 0 333 10 /// 58 000 6 000 0 7 0000 
31-JUL-2015 09 48052 2 2 4 65 8 13 01 10 264 20 260 3 0000 4 0000 5 0000 6 000 0 7 00 0 0 8 5 9 7 0 333 10 /// 58 000 6 000 0 7 0000 
31-JUL-2015 09 48053 2 1 4 50 8 18 04 10 280 20 250 3 0000 4 0027 5 0000 6 000 0 7 50 5 5 8 5 7 7 / 333 10 /// 58 005 6 000 0 7 0000 
31-JUL-2015 09 48055 2 1 3 57 8 23 07 10 252 20 205 3 0000 4 0052 5 0000 6 000 0 7 02 5 5 8 5 9 7 / 333 10 /// 59 007 6 000 0 7 0000 
31-JUL-2015 09 48057 2 1 3 56 8 15 02 10 202 20 202 3 0000 4 0000 5 0000 6 000 0 7 50 5 5 8 6 9 7 0 333 10 /// 58 000 6 000 0 7 0000 
31-JUL-2015 09 48060 2 1 3 40 8 00 00 10 272 20 256 3 0000 4 0048 5 0000 6 000 0 7 02 5 5 8 5 8 7 0 333 10 /// 58 012 6 000 0 7 0000 
31-JUL-2015 09 48062 2 1 3 50 8 18 06 10 250 20 250 3 0000 4 0019 5 0000 6 000 0 7 51 6 5 8 6 9 2 0 333 10 /// 58 047 6 000 0 7 0000 
31-JUL-2015 09 48064 2 2 4 50 8 09 01 10 260 20 260 3 0000 4 0017 5 0000 6 000 0 7 02 6 6 8 4 7 2 0 333 10 /// 58 008 6 000 0 7 0000 
31-JUL-2015 09 48065 2 2 4 50 8 14 03 10 257 20 257 3 0000 4 0000 5 0000 6 000 0 7 21 6 5 8 5 3 7 0 333 10 /// 58 000 6 000 0 7 0000 
31-JUL-2015 09 48071 2 1 3 56 8 23 04 10 240 20 240 3 0000 4 0069 5 0000 6 000 0 7 63 6 6 8 6 9 2 / 333 10 /// 58 034 6 000 0 7 0000 
31-JUL-2015 09 48072 2 1 4 59 8 27 10 10 285 20 259 3 0000 4 0000 5 0000 6 000 0 7 50 5 5 8 6 9 7 0 333 10 /// 58 000 6 000 0 7 0000 
31-JUL-2015 09 48074 2 1 4 58 8 14 05 10 290 20 259 3 0000 4 0059 5 0000 6 000 0 7 20 5 5 8 5 8 7 / 333 10 /// 58 014 6 000 0 7 0000 
31-JUL-2015 09 48075 2 1 4 56 8 14 01 10 230 20 230 3 0000 4 0076 5 0000 6 000 0 7 51 5 5 8 6 7 7 / 333 10 /// 58 008 6 000 0 7 0000 
31-JUL-2015 09 48077 2 1 5 59 8 23 01 10 290 20 259 3 0000 4 0040 5 0000 6 000 0 7 02 6 2 8 5 4 7 0 333 10 /// 58 012 6 000 0 7 0000 
31-JUL-2015 09 48078 2 1 4 40 8 18 02 10 264 20 258 3 0000 4 0066 5 0000 6 000 0 7 50 9 6 8 4 3 7 / 333 10 /// 58 004 6 000 0 7 0000 
31-JUL-2015 09 48080 2 1 4 58 8 22 10 10 290 20 259 3 0000 4 0047 5 0000 6 000 0 7 50 6 5 8 5 9 7 0 333 10 /// 58 021 6 000 0 7 0000 
31-JUL-2015 09 48085 3 2 4 58 8 22 05 10 302 20 266 3 0000 4 0054 5 0000 6 000 0 7 00 0 0 8 5 8 7 0 333 10 /// 58 011 6 000 0 7 0000 
31-JUL-2015 09 48087 2 1 4 56 8 23 01 10 264 20 246 3 0000 4 0000 5 0000 6 000 0 7 21 6 5 8 5 9 7 / 333 10 /// 58 000 6 000 0 7 0000 
31-JUL-2015 09 48092 3 2 4 57 8 23 03 10 285 20 255 3 0000 4 0060 5 0000 6 000 0 7 02 2 2 8 5 9 7 / 333 10 /// 58 015 6 000 0 7 0000 
31-JUL-2015 09 48093 2 1 4 50 8 23 01 10 268 20 256 3 0000 4 0000 5 0000 6 000 0 7 61 6 6 8 6 9 7 / 333 10 /// 58 000 6 000 0 7 0000 
31-JUL-2015 09 48094 3 2 4 59 7 22 04 10 305 20 260 3 0000 4 0063 5 0000 6 000 0 7 03 2 2 8 5 9 4 0 333 10 /// 58 013 6 000 0 7 0000 
31-JUL-2015 09 48095 2 1 4 58 8 22 04 10 290 20 270 3 0000 4 0000 5 0000 6 000 0 7 51 2 2 8 5 9 7 0 333 10 /// 58 000 6 000 0 7 0000 
31-JUL-2015 09 48097 2 1 5 57 8 23 03 10 255 20 240 3 0000 4 0080 5 0000 6 000 0 7 60 9 6 8 6 3 2 / 333 10 /// 59 002 6 000 0 7 0000 
31-JUL-2015 09 48099 2 1 3 40 8 18 04 10 244 20 226 3 0000 4 0086 5 0000 6 000 0 7 50 9 6 8 6 9 7 / 333 10 /// 58 009 6 000 0 7 0000 
31-JUL-2015 09 48101 3 2 5 58 8 23 04 10 303 20 266 3 0000 4 0000 5 0000 6 000 0 7 03 2 2 8 5 3 2 / 333 10 /// 58 000 6 000 0 7 0000 
31-JUL-2015 09 48103 2 1 4 56 8 22 04 10 252 20 252 3 0000 4 0083 5 0000 6 000 0 7 50 6 5 8 6 7 2 / 333 10 /// 58 014 6 000 0 7 0000 
31-JUL-2015 09 48107 3 2 3 50 8 23 01 10 313 20 237 3 0000 4 0087 5 0000 6 000 0 7 00 0 0 8 3 9 7 0 333 10 /// 58 006 6 000 0 7 0000 
31-JUL-2015 09 48108 2 1 5 95 8 23 05 10 295 20 263 3 0000 4 0100 5 0000 6 000 0 7 00 0 0 8 5 3 7 7 333 10 /// 59 001 6 000 0 7 0000 
31-JUL-2015 09 48110 2 1 4 96 8 00 00 10 285 20 232 3 0000 4 0102 5 0000 6 000 0 7 02 5 5 8 5 3 7 7 333 10 /// 58 007 6 000 0 7 0000 
31-JUL-2015 09 48112 3 2 5 97 8 27 02 10 325 20 270 3 0000 4 0100 5 0000 6 000 0 7 02 2 2 8 3 8 7 6 333 10 /// 59 003 6 000 0 7 0000 
