31-MAR-2015 12 48004 2 1 3 56 6 00 00 10 246 20 233 3 0000 4 0000 5 0000 6 000 0 7 01 5 2 8 6 9 0 0 333 10 270 58 000 6 000 0 7 0000 
31-MAR-2015 12 48008 2 1 4 50 8 00 00 10 250 20 219 3 0000 4 0071 5 0000 6 000 0 7 50 5 5 8 4 9 7 / 333 10 260 58 015 6 000 0 7 0000 
31-MAR-2015 12 48010 2 1 4 40 7 00 00 10 255 20 229 3 0000 4 0064 5 0000 6 000 0 7 01 5 5 8 4 7 7 0 333 10 286 58 008 6 000 0 7 0000 
31-MAR-2015 12 48018 2 1 5 56 8 22 03 10 230 20 198 3 0000 4 0086 5 0000 6 000 0 7 95 9 6 8 5 9 7 / 333 10 312 58 015 6 000 0 7 0000 
31-MAR-2015 12 48019 3 2 4 40 8 04 03 10 273 20 226 3 0000 4 0062 5 0000 6 000 0 7 00 0 0 8 5 7 7 / 333 10 306 58 007 6 000 0 7 0000 
31-MAR-2015 12 48020 2 2 2 56 6 00 00 10 260 20 229 3 0000 4 0000 5 0000 6 000 0 7 00 0 0 8 6 7 0 0 333 10 380 58 000 6 000 0 7 0000 
31-MAR-2015 12 48025 2 1 4 40 7 18 01 10 294 20 179 3 0000 4 0064 5 0000 6 000 0 7 01 5 5 8 5 8 7 0 333 10 347 58 019 6 000 0 7 0000 
31-MAR-2015 12 48030 2 1 1 40 8 22 05 10 136 20 107 3 0000 4 0000 5 0000 6 000 0 7 01 9 6 8 8 9 0 0 333 10 /// 58 000 6 000 0 7 0000 
31-MAR-2015 12 48031 2 1 2 56 6 04 01 10 160 20 123 3 0000 4 0000 5 0000 6 000 0 7 50 6 6 8 6 8 0 0 333 10 212 58 000 6 000 0 7 0000 
31-MAR-2015 12 48033 3 1 5 60 8 33 01 10 320 20 256 3 0000 4 0062 5 0000 6 000 0 7 17 9 9 8 6 9 7 0 333 10 360 58 002 6 000 0 7 0000 
31-MAR-2015 12 48034 3 2 4 56 8 00 00 10 250 20 150 3 0000 4 0000 5 0000 6 000 0 7 00 0 0 8 6 3 7 / 333 10 290 58 000 6 000 0 7 0000 
31-MAR-2015 12 48035 3 1 5 20 6 22 02 10 289 20 115 3 0000 4 0029 5 0000 6 000 0 7 05 2 2 8 4 9 6 0 333 10 330 59 020 6 000 0 7 0000 
31-MAR-2015 12 48037 2 1 4 30 8 32 02 10 242 20 226 3 0000 4 0069 5 0000 6 000 0 7 51 9 6 8 4 9 2 / 333 10 366 58 012 6 000 0 7 0000 
31-MAR-2015 12 48039 3 2 4 56 7 22 01 10 349 20 182 3 0000 4 0000 5 0000 6 000 0 7 00 0 0 8 4 8 6 0 333 10 380 58 000 6 000 0 7 0000 
31-MAR-2015 12 48042 3 2 5 57 7 27 02 10 355 20 208 3 0000 4 0045 5 0000 6 000 0 7 00 0 0 8 4 9 5 2 333 10 390 59 006 6 000 0 7 0000 
31-MAR-2015 12 48043 3 2 9 20 7 18 05 10 255 20 102 3 0000 4 0000 5 0000 6 000 0 7 00 0 0 8 0 0 3 6 333 10 295 58 000 6 000 0 7 0000 
31-MAR-2015 12 48045 3 2 5 57 7 36 10 10 230 20 097 3 0000 4 0000 5 0000 6 000 0 7 00 0 0 8 7 3 0 0 333 10 297 58 000 6 000 0 7 0000 
31-MAR-2015 12 48048 3 2 5 50 6 18 02 10 355 20 195 3 0000 4 0040 5 0000 6 000 0 7 00 0 0 8 4 9 5 0 333 10 390 59 010 6 000 0 7 0000 
31-MAR-2015 12 48051 3 1 4 56 7 36 04 10 240 20 210 3 0000 4 0000 5 0000 6 000 0 7 50 5 5 8 5 9 7 0 333 10 355 58 000 6 000 0 7 0000 
31-MAR-2015 12 48052 3 2 4 50 5 22 08 10 356 20 177 3 0000 4 0000 5 0000 6 000 0 7 00 0 0 8 3 8 3 0 333 10 396 58 000 6 000 0 7 0000 
31-MAR-2015 12 48053 3 2 5 50 5 18 03 10 350 20 237 3 0000 4 0042 5 0000 6 000 0 7 00 0 0 8 3 5 5 2 333 10 375 59 023 6 000 0 7 0000 
31-MAR-2015 12 48055 3 1 5 56 7 23 03 10 291 20 115 3 0000 4 0036 5 0000 6 000 0 7 05 2 2 8 2 5 0 6 333 10 343 59 007 6 000 0 7 0000 
31-MAR-2015 12 48057 3 2 4 56 5 22 02 10 250 20 105 3 0000 4 0000 5 0000 6 000 0 7 00 0 0 8 1 5 3 6 333 10 290 58 000 6 000 0 7 0000 
31-MAR-2015 12 48060 3 2 9 30 2 00 00 10 280 20 136 3 0000 4 0043 5 0000 6 000 0 7 00 0 0 8 0 0 3 2 333 10 335 59 012 6 000 0 7 0000 
31-MAR-2015 12 48062 3 2 5 56 8 27 06 10 290 20 260 3 0000 4 0093 5 0000 6 000 0 7 03 2 2 8 4 9 7 1 333 10 320 59 006 6 000 0 7 0000 
31-MAR-2015 12 48064 3 2 9 50 4 32 01 10 345 20 225 3 0000 4 0041 5 0000 6 000 0 7 00 0 0 8 0 0 0 1 333 10 391 58 000 6 000 0 7 0000 
31-MAR-2015 12 48065 3 2 4 50 4 14 07 10 345 20 182 3 0000 4 0000 5 0000 6 000 0 7 00 0 0 8 2 1 0 1 333 10 395 58 000 6 000 0 7 0000 
31-MAR-2015 12 48071 3 2 4 56 5 27 05 10 295 20 239 3 0000 4 0098 5 0000 6 000 0 7 00 0 0 8 5 8 0 0 333 10 325 58 002 6 000 0 7 0000 
31-MAR-2015 12 48072 3 2 4 57 4 32 03 10 290 20 230 3 0000 4 0000 5 0000 6 000 0 7 02 2 2 8 3 8 3 0 333 10 335 58 000 6 000 0 7 0000 
31-MAR-2015 12 48074 3 2 4 58 4 00 00 10 348 20 202 3 0000 4 0067 5 0000 6 000 0 7 00 0 0 8 2 5 0 2 333 10 385 59 007 6 000 0 7 0000 
31-MAR-2015 12 48075 3 2 4 56 6 22 02 10 280 20 130 3 0000 4 0072 5 0000 6 000 0 7 00 0 0 8 4 8 0 6 333 10 330 58 004 6 000 0 7 0000 
31-MAR-2015 12 48077 3 2 5 56 4 23 04 10 340 20 164 3 0000 4 0064 5 0000 6 000 0 7 00 0 0 8 2 2 0 1 333 10 372 58 001 6 000 0 7 0000 
31-MAR-2015 12 48078 3 2 5 50 5 23 01 10 351 20 158 3 0000 4 0068 5 0000 6 000 0 7 00 0 0 8 2 2 0 2 333 10 405 58 000 6 000 0 7 0000 
31-MAR-2015 12 48080 3 1 4 57 5 32 02 10 295 20 223 3 0000 4 0093 5 0000 6 000 0 7 05 2 2 8 3 8 6 0 333 10 345 58 000 6 000 0 7 0000 
31-MAR-2015 12 48085 3 2 9 56 2 32 05 10 292 20 230 3 0000 4 0092 5 0000 6 000 0 7 00 0 0 8 0 0 0 6 333 10 332 58 000 6 000 0 7 0000 
31-MAR-2015 12 48087 3 2 9 50 0 00 00 10 264 20 203 3 0000 4 0000 5 0000 6 000 0 7 00 0 0 8 0 0 0 0 333 10 394 58 000 6 000 0 7 0000 
31-MAR-2015 12 48092 3 2 5 56 7 23 02 10 350 20 182 3 0000 4 0053 5 0000 6 000 0 7 00 0 0 8 5 8 3 1 333 10 388 59 003 6 000 0 7 0000 
31-MAR-2015 12 48093 3 2 6 50 2 32 01 10 330 20 244 3 0000 4 0000 5 0000 6 000 0 7 00 0 0 8 1 1 0 1 333 10 380 58 000 6 000 0 7 0000 
31-MAR-2015 12 48094 3 2 4 57 4 32 02 10 305 20 230 3 0000 4 0091 5 0000 6 000 0 7 00 0 0 8 2 5 4 6 333 10 365 59 002 6 000 0 7 0000 
31-MAR-2015 12 48095 3 2 5 56 6 00 00 10 325 20 200 3 0000 4 0000 5 0000 6 000 0 7 00 0 0 8 3 6 4 0 333 10 385 58 000 6 000 0 7 0000 
31-MAR-2015 12 48097 3 2 5 56 6 13 02 10 335 20 168 3 0000 4 0097 5 0000 6 000 0 7 00 0 0 8 3 5 0 6 333 10 382 59 012 6 000 0 7 0000 
31-MAR-2015 12 48099 3 2 4 56 5 23 01 10 325 20 200 3 0000 4 0071 5 0000 6 000 0 7 00 0 0 8 3 8 0 2 333 10 375 59 003 6 000 0 7 0000 
31-MAR-2015 12 48101 3 2 5 56 5 00 00 10 300 20 253 3 0000 4 0000 5 0000 6 000 0 7 03 2 2 8 2 3 3 5 333 10 360 58 000 6 000 0 7 0000 
31-MAR-2015 12 48103 3 2 5 50 6 22 01 10 328 20 191 3 0000 4 0078 5 0000 6 000 0 7 00 0 0 8 6 5 0 0 333 10 382 59 000 6 000 0 7 0000 
31-MAR-2015 12 48107 3 2 3 40 4 23 02 10 301 20 223 3 0000 4 0089 5 0000 6 000 0 7 00 0 0 8 2 9 0 6 333 10 360 59 003 6 000 0 7 0000 
31-MAR-2015 12 48108 3 2 5 96 5 32 01 10 310 20 246 3 0000 4 0086 5 0000 6 000 0 7 00 0 0 8 3 3 4 6 333 10 363 59 009 6 000 0 7 0000 
31-MAR-2015 12 48110 3 2 5 96 5 32 04 10 305 20 238 3 0000 4 0087 5 0000 6 000 0 7 00 0 0 8 2 9 0 6 333 10 340 59 014 6 000 0 7 0000 
31-MAR-2015 12 48112 3 2 5 98 6 32 02 10 315 20 242 3 0000 4 0081 5 0000 6 000 0 7 01 2 2 8 2 2 1 6 333 10 367 59 010 6 000 0 7 0000 
