31-MAR-2015 03 48001 3 1 4 50 7 00 00 10 200 20 185 3 0000 4 0109 5 0000 6 000 0 7 03 2 2 8 4 7 7 0 333 10 /// 59 020 6 000 0 7 0000 
31-MAR-2015 03 48004 3 1 4 58 6 04 01 10 241 20 205 3 0000 4 0000 5 0000 6 000 0 7 01 5 2 8 6 9 0 0 333 10 /// 58 000 6 000 0 7 0000 
31-MAR-2015 03 48008 2 1 4 50 8 14 01 10 235 20 209 3 0000 4 0103 5 0000 6 000 0 7 50 5 5 8 4 9 7 / 333 10 /// 59 017 6 000 0 7 0000 
31-MAR-2015 03 48010 3 2 4 57 8 00 00 10 245 20 209 3 0000 4 0097 5 0000 6 000 0 7 00 0 0 8 4 7 7 / 333 10 /// 59 030 6 000 0 7 0000 
31-MAR-2015 03 48018 3 1 5 58 7 22 01 10 255 20 205 3 0000 4 0108 5 0000 6 000 0 7 10 4 4 8 4 8 7 0 333 10 /// 59 023 6 000 0 7 0000 
31-MAR-2015 03 48019 3 2 4 56 7 27 02 10 252 20 215 3 0000 4 0093 5 0000 6 000 0 7 00 0 0 8 5 7 7 0 333 10 /// 59 019 6 000 0 7 0000 
31-MAR-2015 03 48020 2 1 2 50 6 36 02 10 275 20 233 3 0000 4 0000 5 0000 6 000 0 7 05 0 0 8 6 7 0 0 333 10 /// 58 000 6 000 0 7 0000 
31-MAR-2015 03 48025 3 1 4 20 7 00 00 10 292 20 215 3 0000 4 0097 5 0000 6 000 0 7 04 4 4 8 5 8 4 0 333 10 /// 59 023 6 000 0 7 0000 
31-MAR-2015 03 48030 2 1 2 50 8 22 04 10 162 20 123 3 0000 4 0000 5 0000 6 000 0 7 10 4 4 8 8 9 / / 333 10 /// 58 000 6 000 0 7 0000 
31-MAR-2015 03 48031 2 1 2 56 7 05 01 10 180 20 147 3 0000 4 0000 5 0000 6 000 0 7 05 4 4 8 5 8 5 0 333 10 /// 58 000 6 000 0 7 0000 
31-MAR-2015 03 48033 3 2 9 62 0 00 00 10 300 20 207 3 0000 4 0080 5 0000 6 000 0 7 00 0 0 8 0 0 0 0 333 10 /// 59 024 6 000 0 7 0000 
31-MAR-2015 03 48034 2 2 4 56 1 00 00 10 200 20 150 3 0000 4 0000 5 0000 6 000 0 7 00 0 0 8 0 0 3 0 333 10 /// 58 000 6 000 0 7 0000 
31-MAR-2015 03 48035 3 1 5 20 2 00 00 10 247 20 150 3 0000 4 0094 5 0000 6 000 0 7 04 2 2 8 2 8 0 0 333 10 /// 59 017 6 000 0 7 0000 
31-MAR-2015 03 48037 3 2 5 50 7 14 01 10 280 20 203 3 0000 4 0092 5 0000 6 000 0 7 00 0 0 8 1 1 3 0 333 10 /// 59 010 6 000 0 7 0000 
31-MAR-2015 03 48039 3 2 5 56 4 14 01 10 302 20 166 3 0000 4 0000 5 0000 6 000 0 7 00 0 0 8 2 8 0 2 333 10 /// 58 000 6 000 0 7 0000 
31-MAR-2015 03 48042 3 2 5 56 3 18 04 10 315 20 177 3 0000 4 0100 5 0000 6 000 0 7 00 0 0 8 2 8 0 2 333 10 /// 59 015 6 000 0 7 0000 
31-MAR-2015 03 48043 3 2 0 57 2 18 05 10 250 20 105 3 0000 4 0000 5 0000 6 000 0 7 00 0 0 8 0 0 0 2 333 10 /// 58 000 6 000 0 7 0000 
31-MAR-2015 03 48045 3 2 5 60 4 18 03 10 230 20 074 3 0000 4 0000 5 0000 6 000 0 7 00 0 0 8 2 8 0 6 333 10 /// 58 000 6 000 0 7 0000 
31-MAR-2015 03 48048 3 1 5 58 2 18 03 10 314 20 225 3 0000 4 0099 5 0000 6 000 0 7 10 4 4 8 3 8 0 0 333 10 /// 59 021 6 000 0 7 0000 
31-MAR-2015 03 48051 2 2 5 58 3 31 01 10 286 20 250 3 0000 4 0000 5 0000 6 000 0 7 00 0 0 8 2 2 3 0 333 10 /// 58 000 6 000 0 7 0000 
31-MAR-2015 03 48052 3 2 4 60 2 13 03 10 325 20 172 3 0000 4 0000 5 0000 6 000 0 7 00 0 0 8 2 2 0 0 333 10 /// 58 000 6 000 0 7 0000 
31-MAR-2015 03 48053 3 1 5 30 4 18 03 10 290 20 230 3 0000 4 0107 5 0000 6 000 0 7 05 1 1 8 3 5 0 6 333 10 /// 59 007 6 000 0 7 0000 
31-MAR-2015 03 48055 3 1 5 56 3 23 04 10 253 20 126 3 0000 4 0113 5 0000 6 000 0 7 05 1 1 8 1 5 0 1 333 10 /// 59 017 6 000 0 7 0000 
31-MAR-2015 03 48057 3 2 4 58 5 22 02 10 240 20 114 3 0000 4 0000 5 0000 6 000 0 7 00 0 0 8 3 5 0 1 333 10 /// 58 000 6 000 0 7 0000 
31-MAR-2015 03 48060 3 2 4 40 3 00 00 10 238 20 155 3 0000 4 0111 5 0000 6 000 0 7 00 0 0 8 1 1 3 2 333 10 /// 59 018 6 000 0 7 0000 
31-MAR-2015 03 48062 3 2 4 56 6 32 03 10 290 20 240 3 0000 4 0124 5 0000 6 000 0 7 00 0 0 8 4 8 7 0 333 10 /// 59 009 6 000 0 7 0000 
31-MAR-2015 03 48064 3 2 9 60 0 04 01 10 310 20 225 3 0000 4 0101 5 0000 6 000 0 7 00 0 0 8 0 0 0 0 333 10 /// 59 016 6 000 0 7 0000 
31-MAR-2015 03 48071 3 2 4 58 5 27 03 10 295 20 253 3 0000 4 0128 5 0000 6 000 0 7 00 0 0 8 5 8 0 0 333 10 /// 59 011 6 000 0 7 0000 
31-MAR-2015 03 48072 3 2 4 60 4 32 03 10 300 20 239 3 0000 4 0000 5 0000 6 000 0 7 00 0 0 8 3 8 3 0 333 10 /// 58 000 6 000 0 7 0000 
31-MAR-2015 03 48074 3 1 9 59 1 18 03 10 290 20 196 3 0000 4 0129 5 0000 6 000 0 7 05 0 0 8 0 0 0 1 333 10 /// 59 010 6 000 0 7 0000 
31-MAR-2015 03 48075 3 2 4 57 3 22 01 10 260 20 160 3 0000 4 0128 5 0000 6 000 0 7 00 0 0 8 1 1 0 5 333 10 /// 59 026 6 000 0 7 0000 
31-MAR-2015 03 48077 3 2 9 59 0 23 01 10 290 20 179 3 0000 4 0118 5 0000 6 000 0 7 00 0 0 8 0 0 0 0 333 10 /// 58 000 6 000 0 7 0000 
31-MAR-2015 03 48078 3 2 9 56 1 18 01 10 300 20 196 3 0000 4 0126 5 0000 6 000 0 7 00 0 0 8 0 0 0 1 333 10 /// 59 006 6 000 0 7 0000 
31-MAR-2015 03 48080 3 1 4 60 5 04 07 10 281 20 250 3 0000 4 0139 5 0000 6 000 0 7 02 4 4 8 3 8 7 0 333 10 /// 59 002 6 000 0 7 0000 
31-MAR-2015 03 48085 3 2 4 58 1 32 04 10 298 20 230 3 0000 4 0135 5 0000 6 000 0 7 00 0 0 8 1 1 0 0 333 10 /// 58 007 6 000 0 7 0000 
31-MAR-2015 03 48087 3 2 5 60 2 00 00 10 292 20 179 3 0000 4 0000 5 0000 6 000 0 7 00 0 0 8 1 1 4 0 333 10 /// 58 000 6 000 0 7 0000 
31-MAR-2015 03 48092 3 1 9 56 0 32 01 10 300 20 223 3 0000 4 0109 5 0000 6 000 0 7 05 2 2 8 0 0 0 0 333 10 /// 59 000 6 000 0 7 0000 
31-MAR-2015 03 48094 3 2 9 59 0 32 02 10 295 20 235 3 0000 4 0135 5 0000 6 000 0 7 00 0 0 8 0 0 0 0 333 10 /// 58 005 6 000 0 7 0000 
31-MAR-2015 03 48097 3 2 9 57 1 14 02 10 305 20 197 3 0000 4 0132 5 0000 6 000 0 7 00 0 0 8 0 0 0 1 333 10 /// 59 009 6 000 0 7 0000 
31-MAR-2015 03 48099 2 2 5 56 3 13 02 10 305 20 239 3 0000 4 0117 5 0000 6 000 0 7 00 0 0 8 2 8 0 1 333 10 /// 59 009 6 000 0 7 0000 
31-MAR-2015 03 48103 3 2 5 56 4 04 02 10 318 20 248 3 0000 4 0130 5 0000 6 000 0 7 00 0 0 8 4 5 0 0 333 10 /// 58 003 6 000 0 7 0000 
31-MAR-2015 03 48107 3 2 3 50 2 27 01 10 300 20 223 3 0000 4 0122 5 0000 6 000 0 7 00 0 0 8 2 9 0 0 333 10 /// 58 009 6 000 0 7 0000 
31-MAR-2015 03 48108 3 2 5 95 7 05 01 10 302 20 253 3 0000 4 0135 5 0000 6 000 0 7 00 0 0 8 4 3 7 6 333 10 /// 59 002 6 000 0 7 0000 
31-MAR-2015 03 48109 3 2 9 97 0 04 01 10 310 20 254 3 0000 4 0140 5 0000 6 000 0 7 00 0 0 8 0 0 0 0 333 10 /// 58 004 6 000 0 7 0000 
31-MAR-2015 03 48110 2 1 5 96 3 00 00 10 300 20 253 3 0000 4 0136 5 0000 6 000 0 7 05 4 4 8 1 3 0 5 333 10 /// 58 007 6 000 0 7 0000 
31-MAR-2015 03 48112 3 2 5 97 8 04 01 10 310 20 254 3 0000 4 0131 5 0000 6 000 0 7 00 0 0 8 3 8 7 6 333 10 /// 58 005 6 000 0 7 0000 
