31-MAY-2015 00 48008 2 1 4 50 8 23 01 10 248 20 240 3 0000 4 0055 5 0000 6 000 0 7 03 9 6 8 4 9 7 / 333 20 238 59 012 6 016 2 7 0000 
31-MAY-2015 00 48010 2 2 5 40 6 00 00 10 250 20 233 3 0000 4 0052 5 0000 6 000 0 7 00 0 0 8 3 7 3 0 333 20 240 59 003 6 000 2 7 0000 
31-MAY-2015 00 48018 3 2 5 56 7 00 00 10 270 20 240 3 0000 4 0066 5 0000 6 000 0 7 00 0 0 8 4 8 7 / 333 20 250 59 010 6 000 0 7 0000 
31-MAY-2015 00 48025 2 2 4 20 5 27 01 10 266 20 240 3 0000 4 0055 5 0000 6 000 0 7 00 0 0 8 2 8 4 1 333 20 265 59 010 6 001 2 7 0000 
31-MAY-2015 00 48033 2 2 5 60 5 13 01 10 270 20 240 3 0000 4 0067 5 0000 6 000 0 7 00 0 0 8 4 5 0 1 333 20 250 59 003 6 001 2 7 0000 
31-MAY-2015 00 48035 2 1 5 30 6 00 00 10 217 20 205 3 0000 4 0070 5 0000 6 000 0 7 10 9 6 8 4 9 6 0 333 20 210 59 009 6 003 2 7 0000 
31-MAY-2015 00 48037 3 2 6 56 3 32 01 10 275 20 250 3 0000 4 0048 5 0000 6 000 0 7 00 0 0 8 0 0 0 5 333 20 268 59 002 6 000 0 7 0000 
31-MAY-2015 00 48039 3 2 4 56 7 14 01 10 285 20 233 3 0000 4 0000 5 0000 6 000 0 7 00 0 0 8 3 5 5 2 333 20 273 58 000 6 000 0 7 0000 
31-MAY-2015 00 48042 3 2 5 57 6 13 02 10 290 20 248 3 0000 4 0052 5 0000 6 000 0 7 00 0 0 8 3 8 5 0 333 20 275 59 006 6 000 0 7 0000 
31-MAY-2015 00 48043 3 2 5 30 4 18 07 10 220 20 205 3 0000 4 0000 5 0000 6 000 0 7 00 0 0 8 2 2 3 2 333 20 190 58 000 6 000 0 7 0000 
31-MAY-2015 00 48048 3 2 5 50 3 22 01 10 294 20 248 3 0000 4 0054 5 0000 6 000 0 7 00 0 0 8 3 8 0 0 333 20 288 59 003 6 000 0 7 0000 
31-MAY-2015 00 48053 3 2 5 50 4 18 01 10 270 20 240 3 0000 4 0068 5 0000 6 000 0 7 00 0 0 8 2 5 0 6 333 20 267 58 013 6 000 0 7 0000 
31-MAY-2015 00 48055 2 1 4 30 7 00 00 10 198 20 190 3 0000 4 0090 5 0000 6 000 0 7 10 2 2 8 4 3 3 1 333 20 190 58 003 6 990 2 7 0000 
31-MAY-2015 00 48060 3 1 4 30 1 00 00 10 225 20 202 3 0000 4 0068 5 0000 6 000 0 7 40 4 4 8 1 1 0 0 333 20 206 59 003 6 000 0 7 0000 
31-MAY-2015 00 48064 3 2 9 50 2 04 01 10 259 20 259 3 0000 4 0041 5 0000 6 000 0 7 00 0 0 8 0 0 0 1 333 20 245 58 000 6 000 2 7 0000 
31-MAY-2015 00 48071 2 1 4 56 6 13 01 10 270 20 256 3 0000 4 0078 5 0000 6 000 0 7 00 0 0 8 4 9 7 0 333 20 260 58 002 6 004 2 7 0000 
31-MAY-2015 00 48074 2 2 4 56 6 14 04 10 264 20 246 3 0000 4 0097 5 0000 6 000 0 7 00 0 0 8 4 5 5 0 333 20 246 58 018 6 000 2 7 0000 
31-MAY-2015 00 48075 3 2 4 56 7 00 00 10 235 20 235 3 0000 4 0113 5 0000 6 000 0 7 00 0 0 8 5 8 5 0 333 20 200 58 020 6 000 0 7 0000 
31-MAY-2015 00 48077 2 2 5 56 6 00 00 10 260 20 246 3 0000 4 0066 5 0000 6 000 0 7 00 0 0 8 5 8 0 1 333 20 245 59 001 6 000 2 7 0000 
31-MAY-2015 00 48080 2 1 4 56 7 04 01 10 254 20 250 3 0000 4 0095 5 0000 6 000 0 7 50 9 6 8 4 8 7 0 333 20 248 58 009 6 003 2 7 0000 
31-MAY-2015 00 48085 2 1 4 56 8 00 00 10 262 20 260 3 0000 4 0077 5 0000 6 000 0 7 50 6 5 8 6 9 7 6 333 20 260 58 002 6 001 2 7 0000 
31-MAY-2015 00 48092 3 1 5 57 6 00 00 10 250 20 250 3 0000 4 0067 5 0000 6 000 0 7 05 2 2 8 3 3 3 6 333 20 245 58 003 6 000 0 7 0000 
31-MAY-2015 00 48094 3 1 4 56 3 00 00 10 265 20 255 3 0000 4 0082 5 0000 6 000 0 7 00 0 0 8 2 5 0 1 333 20 215 58 004 6 000 0 7 0000 
31-MAY-2015 00 48096 3 2 4 56 3 00 00 10 260 20 246 3 0000 4 0092 5 0000 6 000 0 7 00 0 0 8 1 5 3 0 333 20 245 58 003 6 000 0 7 0000 
31-MAY-2015 00 48097 2 2 5 57 7 04 01 10 255 20 248 3 0000 4 0092 5 0000 6 000 0 7 00 0 0 8 3 5 3 6 333 20 240 58 002 6 000 0 7 0000 
31-MAY-2015 00 48099 2 1 3 40 7 13 01 10 264 20 246 3 0000 4 0100 5 0000 6 000 0 7 17 5 5 8 4 9 7 0 333 20 233 59 005 6 990 2 7 0000 
31-MAY-2015 00 48103 2 1 3 40 7 32 02 10 266 20 256 3 0000 4 0092 5 0000 6 000 0 7 17 9 5 8 6 9 3 0 333 20 258 58 002 6 990 2 7 0000 
31-MAY-2015 00 48107 2 1 3 40 6 23 01 10 258 20 246 3 0000 4 0095 5 0000 6 000 0 7 01 6 5 8 4 9 7 0 333 20 252 58 002 6 001 2 7 0000 
31-MAY-2015 00 48108 2 2 5 95 8 05 01 10 255 20 248 3 0000 4 0101 5 0000 6 000 0 7 00 0 0 8 4 3 3 7 333 20 244 58 001 6 001 2 7 0000 
31-MAY-2015 00 48112 3 2 5 96 6 27 01 10 270 20 256 3 0000 4 0095 5 0000 6 000 0 7 00 0 0 8 2 2 1 6 333 20 220 59 005 6 000 0 7 0000 
