310300 48001 31120 80000 10185 20165 40196 74044 886// 333 56599 58015=
310300 48004 32230 72201 10215 20205 87900 333 56500=
310300 48008 32456 80000 10210 20195 40189 8497/ 333 56229 58018=
310300 48010 21430 80000 10215 20215 40196 76166 8577/ 333 56559 58022=
310300 48018 21556 83201 10220 20205 40174 75055 8477/ 333 56999 59009=
310300 48019 22457 83202 10218 20195 40188 8577/ 333 56499 58016=
310300 48020 22457 82703 10235 20227 887// 333 56499=
310300 48025 22230 80000 10234 20214 40186 8577/ 333 56599 58006=
310300 48030 21/05 90401 10132 20132 75055 89/// 333 56999=
310300 48031 21/05 92201 10140 20140 76064 89/// 333 5699/=
310300 48033 22561 73601 10230 20230 40172 86970 333 56490 58017=
310300 48034 21456 80000 10174 20154 75155 8692/ 333 5659/=
310300 48035 31458 80000 10191 20175 76066 8698/ 333 56999 58026=
310300 48037 21458 83201 10238 20209 40191 75055 888// 333 56299 58034=
310300 48039 21450 80000 10232 20232 75255 887// 333 56599=
310300 48042 21550 83601 10246 20233 40168 75055 8597/ 333 56999 58013=
310300 48043 22540 80501 10180 20180 8587/ 333 56299=
310300 48045 21340 80403 10150 20150 76365 889// 333 56199=
310300 48048 21558 83601 10240 20226 40175 8697/ 333 5649/ 58015=
310300 48052 22456 73601 10240 20226 75022 85970 333 56890=
310300 48053 21450 73602 10230 20198 40165 75155 84550 333 56590 58006=
310300 48055 22516 83605 10198 20190 40183 8692/ 333 5689/ 58004=
310300 48057 22457 72201 10188 20175 85350 333 56490=
310300 48060 32430 70000 10220 20185 40165 85830 333 56490 59004=
310300 48064 22456 82201 10238 20209 40149 70155 84870 333 56440 58012=
310300 48065 22450 80403 10242 20218 8597/ 333 5689/=
310300 48074 32459 70406 10260 20229 40170 84860 333 56890 58015=
