31-OCT-2015 03 48001 3 1 1 20 8 00 00 10 185 20 165 3 0000 4 0196 5 0000 6 000 0 7 40 4 4 8 8 6 / / 333 10 /// 58 015 6 000 0 7 0000 
31-OCT-2015 03 48004 3 2 2 30 7 22 01 10 215 20 205 3 0000 4 0000 5 0000 6 000 0 7 00 0 0 8 7 9 0 0 333 10 /// 58 000 6 000 0 7 0000 
31-OCT-2015 03 48008 3 2 4 56 8 00 00 10 210 20 195 3 0000 4 0189 5 0000 6 000 0 7 00 0 0 8 4 9 7 / 333 10 /// 58 018 6 000 0 7 0000 
31-OCT-2015 03 48010 2 1 4 30 8 00 00 10 215 20 215 3 0000 4 0196 5 0000 6 000 0 7 61 6 6 8 5 7 7 / 333 10 /// 58 022 6 000 0 7 0000 
31-OCT-2015 03 48018 2 1 5 56 8 32 01 10 220 20 205 3 0000 4 0174 5 0000 6 000 0 7 50 5 5 8 4 7 7 / 333 10 /// 59 009 6 000 0 7 0000 
31-OCT-2015 03 48019 2 2 4 57 8 32 02 10 218 20 195 3 0000 4 0188 5 0000 6 000 0 7 00 0 0 8 5 7 7 / 333 10 /// 58 016 6 000 0 7 0000 
31-OCT-2015 03 48020 2 2 4 57 8 27 03 10 235 20 227 3 0000 4 0000 5 0000 6 000 0 7 00 0 0 8 8 7 / / 333 10 /// 58 000 6 000 0 7 0000 
31-OCT-2015 03 48025 2 2 2 30 8 00 00 10 234 20 214 3 0000 4 0186 5 0000 6 000 0 7 00 0 0 8 5 7 7 / 333 10 /// 58 006 6 000 0 7 0000 
31-OCT-2015 03 48030 2 1 / 05 9 04 01 10 132 20 132 3 0000 4 0000 5 0000 6 000 0 7 50 5 5 8 9 / / / 333 10 /// 58 000 6 000 0 7 0000 
31-OCT-2015 03 48031 2 1 / 05 9 22 01 10 140 20 140 3 0000 4 0000 5 0000 6 000 0 7 60 6 4 8 9 / / / 333 10 /// 58 000 6 000 0 7 0000 
31-OCT-2015 03 48033 2 2 5 61 7 36 01 10 230 20 230 3 0000 4 0172 5 0000 6 000 0 7 00 0 0 8 6 9 7 0 333 10 /// 58 017 6 000 0 7 0000 
31-OCT-2015 03 48034 2 1 4 56 8 00 00 10 174 20 154 3 0000 4 0000 5 0000 6 000 0 7 51 5 5 8 6 9 2 / 333 10 /// 58 000 6 000 0 7 0000 
31-OCT-2015 03 48035 3 1 4 58 8 00 00 10 191 20 175 3 0000 4 0000 5 0000 6 000 0 7 60 6 6 8 6 9 8 / 333 10 /// 58 026 6 000 0 7 0000 
31-OCT-2015 03 48037 2 1 4 58 8 32 01 10 238 20 209 3 0000 4 0191 5 0000 6 000 0 7 50 5 5 8 8 8 / / 333 10 /// 58 034 6 000 0 7 0000 
31-OCT-2015 03 48039 2 1 4 50 8 00 00 10 232 20 232 3 0000 4 0000 5 0000 6 000 0 7 52 5 5 8 8 7 / / 333 10 /// 58 000 6 000 0 7 0000 
31-OCT-2015 03 48042 2 1 5 50 8 36 01 10 246 20 233 3 0000 4 0168 5 0000 6 000 0 7 50 5 5 8 5 9 7 / 333 10 /// 58 013 6 000 0 7 0000 
31-OCT-2015 03 48043 2 2 5 40 8 05 01 10 180 20 180 3 0000 4 0000 5 0000 6 000 0 7 00 0 0 8 5 8 7 / 333 10 /// 58 000 6 000 0 7 0000 
31-OCT-2015 03 48045 2 1 3 40 8 04 03 10 150 20 150 3 0000 4 0000 5 0000 6 000 0 7 63 6 5 8 8 9 / / 333 10 /// 58 000 6 000 0 7 0000 
31-OCT-2015 03 48048 2 1 5 58 8 36 01 10 240 20 226 3 0000 4 0175 5 0000 6 000 0 7 00 0 0 8 6 9 7 / 333 10 /// 58 015 6 000 0 7 0000 
31-OCT-2015 03 48052 2 2 4 56 7 36 01 10 240 20 226 3 0000 4 0000 5 0000 6 000 0 7 50 2 2 8 5 9 7 0 333 10 /// 58 000 6 000 0 7 0000 
31-OCT-2015 03 48053 2 1 4 50 7 36 02 10 230 20 198 3 0000 4 0165 5 0000 6 000 0 7 51 5 5 8 4 5 5 0 333 10 /// 58 006 6 000 0 7 0000 
31-OCT-2015 03 48055 2 2 5 16 8 36 05 10 198 20 190 3 0000 4 0183 5 0000 6 000 0 7 00 0 0 8 6 9 2 / 333 10 /// 58 004 6 000 0 7 0000 
31-OCT-2015 03 48057 2 2 4 57 7 22 01 10 188 20 175 3 0000 4 0000 5 0000 6 000 0 7 00 0 0 8 5 3 5 0 333 10 /// 58 000 6 000 0 7 0000 
31-OCT-2015 03 48060 3 2 4 30 7 00 00 10 220 20 185 3 0000 4 0165 5 0000 6 000 0 7 00 0 0 8 5 8 3 0 333 10 /// 59 004 6 000 0 7 0000 
31-OCT-2015 03 48064 2 2 4 56 8 22 01 10 238 20 209 3 0000 4 0149 5 0000 6 000 0 7 01 5 5 8 4 8 7 0 333 10 /// 58 012 6 000 0 7 0000 
31-OCT-2015 03 48065 2 2 4 50 8 04 03 10 242 20 218 3 0000 4 0000 5 0000 6 000 0 7 00 0 0 8 5 9 7 / 333 10 /// 58 000 6 000 0 7 0000 
31-OCT-2015 03 48074 3 2 4 59 7 04 06 10 260 20 229 3 0000 4 0170 5 0000 6 000 0 7 00 0 0 8 4 8 6 0 333 10 /// 58 015 6 000 0 7 0000 
