31-OCT-2015 06 48001 3 2 4 30 8 00 00 10 205 20 185 3 0000 4 0178 5 0000 6 000 0 7 00 0 0 8 4 8 0 7 333 10 /// 58 021 6 000 0 7 0000 
31-OCT-2015 06 48004 3 2 3 50 8 32 01 10 242 20 209 3 0000 4 0000 5 0000 6 000 0 7 00 0 0 8 5 9 7 / 333 10 /// 58 000 6 000 0 7 0000 
31-OCT-2015 06 48008 3 2 4 56 8 00 00 10 230 20 198 3 0000 4 0180 5 0000 6 000 0 7 00 0 0 8 4 9 7 / 333 10 /// 58 017 6 000 0 7 0000 
31-OCT-2015 06 48010 2 1 4 40 8 00 00 10 230 20 222 3 0000 4 0181 5 0000 6 000 0 7 50 5 5 8 5 7 7 / 333 10 /// 58 024 6 000 0 7 0000 
31-OCT-2015 06 48018 3 2 5 60 8 14 01 10 243 20 226 3 0000 4 0182 5 0000 6 000 0 7 02 2 2 8 4 7 7 / 333 10 /// 58 013 6 000 0 7 0000 
31-OCT-2015 06 48019 3 2 4 57 8 04 01 10 228 20 198 3 0000 4 0174 5 0000 6 000 0 7 00 0 0 8 8 7 / / 333 10 /// 58 014 6 000 0 7 0000 
31-OCT-2015 06 48020 2 1 4 57 8 27 03 10 252 20 234 3 0000 4 0000 5 0000 6 000 0 7 50 5 5 8 5 7 2 / 333 10 /// 58 000 6 000 0 7 0000 
31-OCT-2015 06 48025 2 1 1 20 8 00 00 10 249 20 233 3 0000 4 0184 5 0000 6 000 0 7 50 5 5 8 5 7 7 / 333 10 /// 58 008 6 000 0 7 0000 
31-OCT-2015 06 48030 2 1 / 05 9 04 01 10 134 20 134 3 0000 4 0000 5 0000 6 000 0 7 51 5 5 8 9 / / / 333 10 /// 58 000 6 000 0 7 0000 
31-OCT-2015 06 48031 2 1 / 03 9 18 01 10 145 20 145 3 0000 4 0000 5 0000 6 000 0 7 60 6 4 8 9 / / / 333 10 /// 58 000 6 000 0 7 0000 
31-OCT-2015 06 48033 3 2 5 62 7 36 01 10 250 20 233 3 0000 4 0177 5 0000 6 000 0 7 00 0 0 8 6 9 7 0 333 10 /// 58 022 6 000 0 7 0000 
31-OCT-2015 06 48034 2 1 4 56 8 18 01 10 187 20 175 3 0000 4 0000 5 0000 6 000 0 7 51 5 5 8 6 9 2 / 333 10 /// 58 000 6 000 0 7 0000 
31-OCT-2015 06 48035 3 1 3 50 8 00 00 10 202 20 185 3 0000 4 0173 5 0000 6 000 0 7 61 6 6 8 6 9 2 / 333 10 /// 58 024 6 000 0 7 0000 
31-OCT-2015 06 48037 2 1 4 58 8 32 01 10 244 20 226 3 0000 4 0183 5 0000 6 000 0 7 02 5 5 8 5 8 7 / 333 10 /// 58 033 6 000 0 7 0000 
31-OCT-2015 06 48039 2 1 4 50 8 00 00 10 238 20 226 3 0000 4 0000 5 0000 6 000 0 7 50 5 5 8 8 9 / / 333 10 /// 58 000 6 000 0 7 0000 
31-OCT-2015 06 48042 2 1 4 56 8 00 00 10 244 20 226 3 0000 4 0155 5 0000 6 000 0 7 50 5 5 8 5 9 2 / 333 10 /// 58 013 6 000 0 7 0000 
31-OCT-2015 06 48043 2 1 5 40 8 05 07 10 180 20 180 3 0000 4 0000 5 0000 6 000 0 7 61 6 6 8 6 7 2 / 333 10 /// 58 000 6 000 0 7 0000 
31-OCT-2015 06 48045 2 1 3 40 8 04 03 10 157 20 144 3 0000 4 0000 5 0000 6 000 0 7 51 6 5 8 8 7 / / 333 10 /// 58 000 6 000 0 7 0000 
31-OCT-2015 06 48048 2 1 5 58 8 36 01 10 250 20 233 3 0000 4 0173 5 0000 6 000 0 7 50 5 5 8 3 8 5 9 333 10 /// 58 011 6 000 0 7 0000 
31-OCT-2015 06 48051 2 1 4 58 8 36 02 10 231 20 230 3 0000 4 0000 5 0000 6 000 0 7 51 6 5 8 6 9 7 0 333 10 /// 58 000 6 000 0 7 0000 
31-OCT-2015 06 48052 2 2 4 56 8 36 01 10 252 20 233 3 0000 4 0000 5 0000 6 000 0 7 00 0 0 8 5 9 7 0 333 10 /// 58 000 6 000 0 7 0000 
31-OCT-2015 06 48053 2 1 4 50 7 36 01 10 260 20 215 3 0000 4 0158 5 0000 6 000 0 7 02 5 5 8 4 5 5 0 333 10 /// 58 019 6 000 0 7 0000 
31-OCT-2015 06 48055 2 2 2 56 8 02 04 10 202 20 185 3 0000 4 0173 5 0000 6 000 0 7 02 6 5 8 6 9 7 / 333 10 /// 58 024 6 000 0 7 0000 
31-OCT-2015 06 48057 2 1 2 19 8 22 01 10 182 20 182 3 0000 4 0000 5 0000 6 000 0 7 44 6 5 8 6 9 7 0 333 10 /// 58 000 6 000 0 7 0000 
31-OCT-2015 06 48060 3 2 4 40 7 00 00 10 265 20 185 3 0000 4 0147 5 0000 6 000 0 7 00 0 0 8 5 8 3 0 333 10 /// 58 036 6 000 0 7 0000 
31-OCT-2015 06 48062 2 1 3 56 8 04 02 10 236 20 230 3 0000 4 0145 5 0000 6 000 0 7 50 5 5 8 6 9 2 0 333 10 /// 59 006 6 000 0 7 0000 
31-OCT-2015 06 48064 3 2 4 56 8 14 03 10 275 20 220 3 0000 4 0130 5 0000 6 000 0 7 02 2 2 8 5 8 7 0 333 10 /// 58 013 6 000 0 7 0000 
31-OCT-2015 06 48065 3 1 4 56 8 04 05 10 272 20 226 3 0000 4 0000 5 0000 6 000 0 7 02 2 2 8 5 8 7 0 333 10 /// 58 000 6 000 0 7 0000 
31-OCT-2015 06 48071 3 2 4 58 7 32 03 10 283 20 220 3 0000 4 0134 5 0000 6 000 0 7 02 2 2 8 5 9 7 0 333 10 /// 59 008 6 000 0 7 0000 
31-OCT-2015 06 48072 3 2 4 60 8 00 00 10 300 20 239 3 0000 4 0000 5 0000 6 000 0 7 03 2 2 8 6 9 3 0 333 10 /// 58 000 6 000 0 7 0000 
31-OCT-2015 06 48074 3 2 4 60 7 32 07 10 280 20 220 3 0000 4 0144 5 0000 6 000 0 7 00 0 0 8 4 8 6 0 333 10 /// 58 013 6 000 0 7 0000 
31-OCT-2015 06 48075 3 2 4 58 7 00 00 10 260 20 215 3 0000 4 0146 5 0000 6 000 0 7 03 2 2 8 5 8 3 0 333 10 /// 58 015 6 000 0 7 0000 
31-OCT-2015 06 48077 3 2 5 59 7 00 00 10 300 20 223 3 0000 4 0144 5 0000 6 000 0 7 00 0 0 8 5 9 3 1 333 10 /// 58 013 6 000 0 7 0000 
31-OCT-2015 06 48078 3 2 5 59 6 32 05 10 293 20 250 3 0000 4 0140 5 0000 6 000 0 7 00 0 0 8 4 8 3 1 333 10 /// 58 012 6 000 0 7 0000 
31-OCT-2015 06 48080 3 2 4 60 7 04 03 10 320 20 265 3 0000 4 0130 5 0000 6 000 0 7 00 0 0 8 4 8 7 0 333 10 /// 58 001 6 000 0 7 0000 
31-OCT-2015 06 48085 3 2 4 58 5 14 04 10 329 20 239 3 0000 4 0121 5 0000 6 000 0 7 00 0 0 8 2 3 7 6 333 10 /// 59 002 6 000 0 7 0000 
31-OCT-2015 06 48087 3 2 9 60 2 04 04 10 310 20 254 3 0000 4 0000 5 0000 6 000 0 7 00 0 0 8 0 0 0 1 333 10 /// 58 000 6 000 0 7 0000 
31-OCT-2015 06 48092 3 2 4 57 4 04 01 10 310 20 254 3 0000 4 0116 5 0000 6 000 0 7 00 0 0 8 4 8 0 0 333 10 /// 58 007 6 000 0 7 0000 
31-OCT-2015 06 48093 3 2 6 58 1 14 01 10 332 20 275 3 0000 4 0000 5 0000 6 000 0 7 00 0 0 8 1 1 0 0 333 10 /// 58 000 6 000 0 7 0000 
31-OCT-2015 06 48094 3 2 4 59 2 04 02 10 310 20 240 3 0000 4 0124 5 0000 6 000 0 7 01 2 2 8 2 8 0 0 333 10 /// 59 003 6 000 0 7 0000 
31-OCT-2015 06 48095 3 2 5 60 3 04 02 10 300 20 253 3 0000 4 0000 5 0000 6 000 0 7 01 2 2 8 2 2 0 2 333 10 /// 58 000 6 000 0 7 0000 
31-OCT-2015 06 48096 3 2 5 58 3 32 04 10 320 20 248 3 0000 4 0131 5 0000 6 000 0 7 00 0 0 8 3 8 0 0 333 10 /// 58 001 6 000 0 7 0000 
31-OCT-2015 06 48097 3 2 5 57 6 31 03 10 320 20 248 3 0000 4 0132 5 0000 6 000 0 7 02 2 2 8 5 8 0 1 333 10 /// 58 006 6 000 0 7 0000 
31-OCT-2015 06 48099 3 2 5 56 2 00 00 10 335 20 257 3 0000 4 0122 5 0000 6 000 0 7 01 1 1 8 2 8 0 0 333 10 /// 58 002 6 000 0 7 0000 
31-OCT-2015 06 48101 3 2 6 60 2 09 01 10 328 20 258 3 0000 4 0000 5 0000 6 000 0 7 03 1 1 8 1 1 0 1 333 10 /// 58 000 6 000 0 7 0000 
31-OCT-2015 06 48103 3 2 3 57 7 04 02 10 280 20 250 3 0000 4 0122 5 0000 6 000 0 7 00 0 0 8 5 7 3 2 333 10 /// 58 001 6 000 0 7 0000 
31-OCT-2015 06 48107 3 2 3 50 6 13 02 10 336 20 225 3 0000 4 0105 5 0000 6 000 0 7 00 0 0 8 4 9 7 0 333 10 /// 58 000 6 000 0 7 0000 
31-OCT-2015 06 48108 3 2 5 96 5 32 01 10 338 20 242 3 0000 4 0112 5 0000 6 000 0 7 00 0 0 8 3 3 0 6 333 10 /// 59 004 6 000 0 7 0000 
31-OCT-2015 06 48109 3 2 4 97 4 09 01 10 335 20 270 3 0000 4 0127 5 0000 6 000 0 7 03 2 2 8 4 9 0 0 333 10 /// 59 006 6 000 0 7 0000 
31-OCT-2015 06 48110 3 1 5 96 3 13 05 10 345 20 245 3 0000 4 0111 5 0000 6 000 0 7 05 1 1 8 1 3 0 5 333 10 /// 59 005 6 000 0 7 0000 
31-OCT-2015 06 48112 3 2 5 97 8 04 07 10 308 20 254 3 0000 4 0111 5 0000 6 000 0 7 02 2 2 8 3 8 7 6 333 10 /// 59 001 6 000 0 7 0000 
